m2335 37 46 2346 4396 4837 
m337 36 46 1846 2336 2346 4836 
m264 36 38 41 46 1936 1946 2336 2341 2346 4341 4836 4846 
m2283 36 37 40 46 48 1848 1886 1890 1896 2036 2040 2046 2048 2336 2340 2346 2348 4396 4836 
m797 36 40 41 1836 1840 1841 2036 2041 2086 2091 4336 4341 4586 
m2990 22 44 46 1146 2344 2346 4846 
m3425 12 26 45 46 645 1312 1345 1346 2345 4812 
m2116 22 23 31 46 49 1123 1146 1196 1572 1573 1596 2323 2346 2473 2481 2496 4846 
m156 37 46 4396 
m1874 23 30 45 46 1195 1523 1545 1546 2295 2345 4823 
m3036 14 22 1114 1122 
m1790 37 46 2337 2346 4837 
m280 14 40 46 740 2014 2040 2046 2340 2346 3246 4814 
m2362 41 46 2091 2096 2341 
m2572 22 26 44 46 1146 1322 1344 1346 2326 2344 2346 4846 
m1631 23 
m1231 5 13 33 46 263 283 2305 2313 2333 4163 
m1591 13 38 46 1913 1946 4813 
m1737 36 45 46 1845 2345 4836 
m3269 15 45 795 
m134 13 46 2313 
m745 36 40 41 46 49 1836 1841 1846 1849 2036 2040 2041 2046 2086 2096 2099 2336 2346 2349 4346 4586 4836 
m418 37 45 46 1895 2345 4837 
m1952 40 46 2046 2340 2346 4846 
m368 46 
m45 23 30 36 40 46 1173 1190 1196 1523 1536 1540 1546 1823 1840 2023 2046 2340 3696 4323 4346 
m3061 5 45 295 
m2809 14 22 1114 
m2410 22 36 40 1136 1140 1840 2036 2040 
m2019 14 22 46 722 746 2322 2346 
m2016 37 40 46 49 1899 2037 2046 2049 2337 2340 2346 2349 4396 
m2477 45 
m1351 17 46 2317 2346 4817 
m2411 13 22 38 672 1113 1138 1913 1922 
m1385 22 36 40 46 1122 1136 1140 1146 1840 2040 2336 2340 
m3129 22 45 46 1146 2272 2296 
m2151 22 23 30 36 40 46 1122 1123 1130 1136 1140 1146 1172 1186 1190 1522 1523 1536 1540 1546 1822 2022 2036 2322 2336 2340 2346 4823 
m2781 22 46 1146 
m381 11 13 22 38 563 572 588 688 1113 1138 
m1943 10 32 46 1610 1632 1646 2310 2346 
m2345 32 44 46 1644 1646 2344 
m2559 32 36 38 46 1832 1932 1936 1938 1946 2332 2336 2346 4836 
m2785 23 30 38 1180 1523 1530 1538 1923 1930 1938 
m2192 38 45 46 1945 1946 2296 
m2379 37 
m1304 41 2091 
m632 13 22 38 1113 1122 1138 1913 
m2556 11 13 33 563 583 4163 
m1448 12 33 37 46 1862 2333 2337 4162 4383 4812 
m3261 44 46 49 2246 2249 2344 2346 2349 
m2774 21 23 46 1171 2321 2323 
m1856 23 45 1195 2273 2295 
m2210 5 45 295 
m2306 23 36 40 45 46 49 1190 1195 1836 1840 1845 2036 2045 2323 2336 2340 2345 2473 2486 2495 2496 3686 4323 4336 4836 
m2100 32 36 41 46 1641 1646 2332 2336 2341 2346 4136 4586 
m1883 3 13 22 23 172 672 1163 1172 2663 3653 
m1789 5 22 44 46 272 294 296 1144 1146 2205 2246 2305 2322 2344 2346 4846 
m1551 38 46 1946 
m1467 14 
m2353 22 45 46 1145 1146 2345 
m1672 17 22 1117 
m3328 5 22 36 40 41 272 286 290 291 1105 1122 1136 1140 1141 1840 1841 2041 
m502 39 
m2252 22 23 36 40 41 1122 1123 1136 1140 1141 1172 1822 1823 1836 1840 1841 2022 2023 2036 2040 2041 2072 2073 2086 3686 
m3415 31 36 1581 1586 1836 4086 
m2715 46 
m413 
m2808 14 22 1114 
m3342 13 22 38 1113 1138 1913 
m2760 38 45 46 1945 2338 2345 2346 
m2311 45 2295 
m2535 46 2346 
m555 22 46 1122 1146 2322 2346 
m1395 9 14 36 49 709 1809 1814 1836 1849 2459 2464 2486 2499 
m2140 23 30 45 46 1180 1195 1196 2280 2296 2330 2345 2346 3696 4823 
m2339 5 36 38 46 49 286 296 299 1849 1905 1936 1938 1946 2346 2349 2486 2499 4836 
m16 37 40 46 2037 2046 4837 
m2648 22 38 44 46 1146 1946 2344 2346 4846 
m477 22 41 1141 
m2149 12 22 23 36 41 46 49 622 623 636 641 649 1123 1136 1141 1191 1822 1823 1841 2322 2323 2336 2341 2349 2472 2473 2486 2491 3136 4323 4336 4812 
m1132 33 38 46 1688 1938 1946 2338 4196 
m1556 22 45 46 1145 1146 2296 
m3102 23 26 30 36 40 45 49 1173 1186 1190 1195 1323 1330 1336 1345 1349 1523 1526 1530 1536 1545 1549 1836 1840 1845 2036 2045 2473 2486 2495 3686 4323 4336 
m629 3 32 36 41 46 186 191 1603 1641 2303 2332 2336 2341 4136 4586 
m2937 22 37 46 1872 2322 4837 
m470 22 36 41 49 1141 1849 2086 2091 2099 4336 
m498 3 45 195 2295 
m621 13 22 36 38 40 41 1113 1136 1138 1140 1141 1813 1840 1913 1922 1936 1938 1940 1941 2013 2063 2086 2088 2090 
m26 26 45 46 2276 2296 2326 
m2508 14 21 46 721 746 1096 
m3279 5 13 14 33 263 283 705 713 733 3183 
m2035 22 32 37 1622 1872 1882 
m538 22 44 45 46 1144 1145 1146 2294 2296 2344 2346 
m1149 22 23 30 36 40 41 1122 1123 1130 1136 1140 1172 1180 1186 1522 1523 1536 1822 2023 2030 2036 2072 2073 2080 2086 2090 3673 4323 
m142 22 44 46 1146 2246 2344 2346 4846 
m3058 27 36 40 46 1827 1840 2027 2036 2040 2327 2340 4836 
m3195 23 36 41 1823 2073 3673 4323 4586 
m526 16 46 816 846 2346 3346 
m2871 23 32 42 1182 1192 1642 
m2027 37 46 4837 
m14 18 46 2318 2346 
m1826 23 36 40 41 1186 1190 1191 1840 1841 2036 2040 2041 
m761 22 37 46 1872 2322 2337 
m2234 22 36 40 1122 1136 1140 1822 2022 2036 
m1086 37 45 46 2287 2296 2337 2346 4837 
m1716 22 40 45 46 1140 1146 2272 2290 2296 2340 
m3427 13 22 33 36 40 672 686 690 1113 1122 1133 1136 1140 1672 1686 1690 1822 2022 2036 3183 
m2231 22 37 45 46 1122 1137 1145 1146 1887 1895 1896 2287 2296 2337 
m740 22 44 46 1144 1146 2246 2322 2344 2346 4846 
m1179 3 30 45 46 180 195 2280 2296 2330 2345 2346 2696 4803 
m2944 5 13 22 33 46 655 1113 1133 1146 1655 1696 2305 2313 4163 
m915 22 38 40 45 46 1138 1146 1938 1940 1946 2272 2288 2290 2296 2340 2346 
m1646 33 45 48 1695 1698 2298 
m687 23 30 46 1196 1523 1530 1546 2323 2330 2346 3696 4823 
m2538 9 14 22 44 46 709 744 746 1109 1114 1122 1144 1146 2209 2246 2309 2322 2344 2346 4814 
m2749 30 37 40 46 1880 1890 2030 2046 2330 4396 
m932 26 40 46 1326 1340 1346 2026 2046 2326 3826 
m305 13 16 36 40 49 1813 1816 1836 1849 2013 2016 2036 2049 2463 2466 3166 
m994 45 46 2296 2346 
m3125 22 23 36 40 46 49 1123 1136 1146 1149 1836 1846 1849 2022 2023 2036 2046 2049 2323 2473 2486 2496 3686 4323 4336 4836 
m2296 42 45 2145 
m2055 22 23 30 36 40 46 1122 1123 1130 1136 1140 1146 1172 1173 1522 1523 1530 1540 1546 1822 1823 1830 1840 1846 2022 2023 2030 2036 2040 2046 2322 2323 2330 2340 2346 3696 4823 
m1845 22 23 36 40 41 46 49 1123 1136 1141 1191 1836 1841 2022 2023 2036 2041 2322 2323 2336 2340 2341 2349 2472 2473 2486 2490 2491 2499 4323 4336 4836 
m373 14 46 746 2346 
m1430 39 45 1995 2289 2295 
m566 26 38 45 46 1338 1345 1346 1938 1945 2288 2338 2345 
m1585 22 23 30 36 40 41 46 1122 1123 1130 1136 1140 1141 1146 1191 1523 1536 1541 1546 1841 1846 2023 2030 2036 2040 2041 2046 2072 2073 2091 2341 3696 4323 
m718 14 36 46 736 746 2336 
m3174 33 1683 
m1044 12 14 33 46 712 746 2333 3133 3233 4812 
m3234 14 36 40 45 736 740 745 1840 2036 2286 2290 4336 
m1421 45 2295 
m1253 5 40 45 46 2005 2045 2046 2255 2296 2305 
m958 22 30 38 45 46 1130 1145 1146 1922 1930 1945 1946 2280 2296 2330 
m3501 13 22 36 38 40 1113 1122 1136 1138 1140 1813 1840 1913 1936 1940 2013 
m1353 22 44 46 1146 2344 2346 4846 
m934 37 46 1896 
m2798 22 36 37 40 46 1122 1136 1137 1140 1146 1822 1837 1840 1846 1872 2022 2037 2046 2322 2336 2340 2346 4396 4837 
m2643 22 46 1122 1146 
m2387 22 45 46 1122 1145 1146 2296 2346 
m3258 14 22 36 40 722 736 740 1114 1122 1136 1140 1822 2022 2036 
m2413 22 44 46 1146 2322 2344 2346 4846 
m1194 22 23 30 46 1122 1123 1130 1146 1196 1523 1530 1546 2322 2323 2330 2346 3696 4823 
m873 22 33 46 1122 1133 1146 1696 2333 2346 4196 
m2449 40 45 2045 
m1012 30 45 46 2280 2296 2330 2346 
m3429 26 36 46 49 1326 1336 1346 1349 1826 1846 1849 2326 2476 2496 
m2618 5 14 38 45 46 705 745 1905 1914 1945 1946 2255 2305 2345 4814 
m1769 22 46 49 1146 1149 2349 2472 2496 
m2720 22 23 36 40 49 1122 1123 1136 1140 1149 1173 1186 1190 1822 1823 1836 1849 2023 2036 2472 2473 2486 3673 3686 4323 4336 
m438 2 27 36 40 46 1352 1386 1396 1802 2002 2027 2036 2046 2302 4836 
m2722 45 46 2345 
m3219 33 45 46 2283 2296 2333 2346 4833 4846 
m218 22 38 44 46 1146 1922 1944 1946 2344 2346 4846 
m2250 36 
m1318 13 33 3183 
m1466 22 45 46 1145 1146 2296 
m835 14 32 732 1614 1632 
m128 37 40 46 1890 2037 2040 2046 2337 2340 2346 4396 
m1123 36 40 48 49 1836 1840 2036 2436 2440 2449 2486 2490 4336 
m2566 22 23 30 36 40 41 1122 1123 1130 1136 1140 1141 1180 1186 1190 1522 1523 1536 1540 1541 1822 1830 1836 1840 1841 2022 2023 2030 2036 2041 2080 2086 
m2900 5 26 33 45 1305 1333 1345 1655 1695 2255 
m404 10 22 44 46 546 1110 1144 1146 2210 2246 2310 2344 2346 4846 
m1220 36 40 46 2036 2046 2340 2346 4836 4846 
m3236 7 45 2257 
m2662 37 40 46 2037 2046 2337 4837 4846 
m1589 32 46 2332 2346 
m956 36 42 4636 
m103 13 33 45 1695 2263 4163 
m3081 22 23 1122 1123 1172 
m150 22 
m1337 36 45 46 49 1845 2336 2345 2346 2349 2486 2495 2496 
m1623 
m666 22 23 36 40 46 49 1172 1822 1836 1849 2022 2023 2036 2040 2046 2049 2322 2323 2336 2349 2472 2473 2486 4323 4336 4836 
m1346 22 37 40 46 1872 2037 2040 2046 2322 2337 2346 4837 
m957 22 44 46 1146 2246 2344 2346 4846 
m1506 7 22 46 1107 1122 1146 2307 2346 
m1981 37 46 4837 
m2054 45 46 2345 
m2168 36 49 1849 2486 2499 
m1115 22 46 2322 
m2295 26 40 45 46 1340 1346 2026 2040 2045 2046 2276 2290 2296 2340 
m2104 29 36 41 1486 1829 1836 1841 2079 2086 2091 
m3076 36 39 40 1836 1839 1840 1986 1990 2036 2039 2040 
m3022 22 40 45 46 1140 1145 1146 2045 2046 2345 
m294 22 37 38 45 46 1872 1922 1937 1945 1946 2272 2287 2296 2322 4837 
m865 45 49 2295 2299 
m2577 36 38 41 1838 2088 4341 
m3193 
m529 22 38 45 46 1145 1146 1922 1945 1946 2345 
m236 36 38 46 1936 1946 4836 
m1922 22 36 41 46 1122 1136 1141 1146 1822 1836 2072 2086 2091 2322 2336 2341 4586 
m2665 23 46 2346 3696 4823 
m3523 22 45 46 1145 1146 2345 4846 
m711 11 
m301 36 38 46 49 1849 1936 1946 2336 2346 2349 4836 
m3326 23 45 46 1195 2323 2345 2346 
m177 14 32 46 732 2314 2332 2346 4814 
m2247 22 36 46 49 1136 1146 1149 1849 2336 2346 2349 
m1088 46 
m2768 26 46 1326 1346 2346 
m1112 5 13 33 263 283 3183 
m895 23 32 36 40 46 48 1182 1186 1190 1196 1198 1632 1636 1646 1648 1846 1848 2032 2036 2046 2048 2446 
m425 26 45 46 1345 1346 2295 2345 
m2850 
m2993 22 44 46 1146 2344 2346 4846 
m1046 37 45 46 1895 2337 2345 2346 
m3519 22 33 46 1122 1133 1146 1672 1683 1696 2322 2333 2346 4833 
m3240 32 36 1832 
m1260 37 40 41 46 2037 2046 2087 2090 2096 4837 
m1990 22 26 38 46 1122 1146 1322 1338 1346 1922 1938 1946 2322 
m2002 13 17 22 45 46 672 872 2263 2267 2295 2296 2313 2317 2322 3363 
m2908 22 27 36 40 1122 1127 1136 1140 1390 1827 1836 1840 2027 2036 2040 
m514 12 22 30 622 1512 1522 
m1946 36 40 45 46 1845 2036 2040 2045 2046 2295 2296 2345 4346 
m2290 11 13 33 563 583 3183 
m2474 14 22 46 722 746 2322 2346 
m2964 14 36 38 46 48 736 746 748 1848 1914 1936 1938 1946 1948 2314 2336 2338 2346 2348 
m755 8 
m1101 
m2710 13 14 32 46 664 696 1613 1614 1646 4814 
m3103 36 
m1909 5 32 45 1605 1645 2255 
m651 30 45 1530 2280 
m2469 23 36 40 46 48 1190 1823 1836 1840 1846 1848 2023 2036 2040 2046 2048 2336 2340 2346 2423 2436 2446 3686 3696 4323 4346 4823 4836 
m1174 47 
m25 14 23 36 40 46 49 749 1814 1823 1846 1849 2014 2023 2036 2046 2314 2323 2336 2346 2349 2473 3223 4814 4823 
m2378 14 32 46 1614 2314 2332 
m107 22 23 30 36 41 46 1122 1123 1130 1136 1141 1146 1172 1522 1523 1530 1536 1546 1822 1823 1830 2072 2073 2080 2096 2322 2330 2336 2346 3696 4346 4586 4823 
m3119 23 30 46 1180 2330 2346 4823 
m1197 14 40 46 2014 2040 2046 2314 2346 4814 
m2971 14 40 46 2014 2040 2046 2314 2346 4814 4846 
m283 26 
m798 13 37 38 46 1913 1937 1946 2313 2337 4363 
m623 17 33 38 45 895 1695 1917 1933 1938 1945 3383 
m2137 23 36 40 41 1173 1186 1190 1191 1823 1840 2023 2036 2073 2086 2090 3673 4323 4336 4586 
m2008 14 36 40 46 1814 1846 2014 2036 2040 2046 2346 4346 4814 
m746 22 44 46 1144 1146 2246 2322 2344 2346 4846 
m2843 40 45 46 2046 2290 2296 
m429 30 46 1546 2330 4846 
m3436 45 46 2296 
m2743 13 36 40 41 686 690 691 1841 2036 2041 2063 2086 2090 2091 
m1549 38 40 41 46 49 1941 1946 2090 2340 2341 2488 2491 2496 
m492 17 40 46 890 2340 2346 3396 4817 
m2636 14 39 40 46 740 1990 1996 2014 2039 2040 2046 2340 4464 4814 
m509 45 2295 
m172 22 44 46 1146 2344 2346 4846 
m2235 22 36 46 49 1822 2322 2336 2346 2349 2486 2496 
m2862 22 37 46 1872 2322 4396 
m2468 22 26 44 46 1146 1322 1344 1346 2344 2346 4846 
m1724 12 14 27 46 712 746 1362 1364 1396 2312 2346 3246 4812 
m1164 22 37 46 1137 2322 4837 
m2917 22 36 40 46 1136 1146 1836 1840 1846 2036 2046 2336 2340 2346 4836 
m2712 13 16 38 688 838 3313 
m2552 22 44 46 1146 2322 2344 2346 4846 
m544 26 45 46 1345 1346 2345 
m2380 36 48 1836 1848 2436 2448 4336 
m2253 14 22 36 40 46 722 740 746 1140 1146 1822 1840 2014 2036 2040 2046 2322 2336 2340 2346 3236 4346 4814 
m3018 22 38 44 46 1146 1922 1946 2344 2346 4846 
m380 14 46 2346 4814 
m3282 22 23 36 40 1122 1123 1136 1140 1173 1822 1823 1840 2022 2023 2040 3673 
m780 22 23 30 1122 1123 1130 1172 1173 1180 1522 1523 1530 3673 
m258 22 23 45 1122 1123 1172 1173 2272 2273 3673 
m1400 22 36 38 41 49 1136 1138 1141 1149 1822 1838 1841 1849 1922 1936 1941 2072 2086 2088 2099 2472 2486 2488 2491 4336 
m712 36 40 46 49 1836 1840 1846 2036 2040 2046 2049 2336 2346 2349 2486 4346 4836 
m1394 9 14 22 36 49 709 1109 1114 1136 1149 1809 1814 1836 1849 2459 2464 2486 2499 
m1045 12 13 33 46 662 696 2333 3133 3183 4812 
m3364 9 14 36 49 709 1809 1814 1836 1849 2459 2464 2486 2499 
m517 23 30 46 1173 1180 1196 1523 1530 1546 2323 2330 2346 3696 4823 
m894 14 40 46 2014 2046 2314 2346 4814 
m1002 22 37 1122 1137 
m3531 13 33 4163 
m2707 26 40 46 49 1340 1346 1349 2046 2490 2496 
m2645 32 36 40 41 46 1641 1646 2036 2041 2046 2332 2336 2341 2346 4136 4586 
m2920 22 45 46 1122 1145 1146 2272 2295 2296 2345 
m1752 26 46 1346 2346 
m3373 14 46 746 4846 
m1454 45 46 2296 
m2350 26 46 1346 2346 
m465 10 46 2310 
m1779 23 36 40 41 45 1186 1190 1823 1836 1840 2023 2036 2040 2073 2086 2090 2291 
m2418 37 
m3301 36 45 1845 2286 2295 
m3515 37 45 1895 
m1098 14 714 
m28 26 32 36 41 46 49 1332 1336 1341 1346 1349 1641 1646 2332 2336 2341 2346 2482 2486 2491 2496 4136 4586 
m2688 14 22 45 745 1114 1145 
m3505 22 45 46 1145 2322 2345 
m2193 22 37 40 46 1137 1140 1146 1890 2037 2040 2046 2337 2340 2346 4396 
m392 13 22 32 36 40 672 686 690 1613 1622 1636 1640 1822 1840 2022 2036 2040 4336 
m2352 22 44 46 1146 2344 2346 4846 
m3021 13 22 33 36 40 46 672 686 690 1113 1122 1133 1136 1140 1672 1686 1690 1822 2022 2036 2313 2322 2333 2336 2340 3183 
m1162 45 2295 
m1449 14 32 36 46 732 736 746 1832 2332 2336 2346 3246 4836 
m2073 22 23 30 36 40 41 1123 1130 1136 1140 1172 1173 1180 1186 1190 1523 1822 1823 1830 1836 1840 1841 2022 2023 2030 2036 2041 2072 2073 2086 2090 3673 4323 4336 4586 
m1252 12 14 45 46 645 712 745 2312 2314 2345 2346 4814 
m908 22 46 48 1146 1148 2348 
m1511 22 37 1122 1137 1872 1887 
m2077 36 40 46 1840 2336 2340 
m2155 37 38 46 1888 1938 2338 4837 
m2490 22 38 44 46 1146 1922 1944 1946 2344 2346 4846 
m1930 13 33 45 46 2263 2283 2296 2313 2333 4163 
m1688 5 13 38 45 46 263 296 1905 1913 1946 2255 2263 2288 2296 2313 
m3230 5 45 46 2255 2296 2305 2345 4846 
m2673 22 23 1123 1173 3673 
m43 9 36 45 46 486 495 496 1845 2309 2336 2345 2346 
m1251 5 41 2055 
m2448 14 36 1814 4314 4336 
m64 14 714 
m1640 40 46 2340 
m2766 40 46 2046 2346 
m191 14 30 46 730 2330 4814 
m12 18 46 918 946 2318 2346 
m1393 22 23 30 36 40 41 1123 1136 1140 1141 1173 1180 1823 1830 1836 1840 1841 2023 2036 2040 2041 2073 2080 3673 4586 
m595 36 46 1836 1846 4836 
m960 22 44 46 1146 2222 2244 2246 2344 2346 4846 
m3163 23 30 40 1173 1190 1523 1530 1540 2023 2030 2040 3673 
m1514 6 36 42 45 306 345 1845 2106 2145 2836 4306 4606 4636 
m1523 26 46 1346 2346 
m2472 14 22 46 722 746 2322 2346 
m3187 22 30 36 40 46 1122 1130 1136 1146 1522 1536 1822 2022 2030 2036 2322 2330 2336 2340 2346 4836 
m3358 26 45 46 1326 1345 1346 2276 2296 2326 
m2583 22 30 36 40 41 46 1122 1130 1136 1140 1141 1146 1536 1540 1546 1846 2022 2030 2036 2040 2046 2072 2090 2340 4346 4846 
m2856 40 46 2046 
m576 14 32 36 41 46 736 741 1614 1641 2314 2332 2336 2341 4136 4586 
m3546 40 45 46 2040 2045 2046 2345 4846 
m2346 40 46 2046 
m3041 22 36 40 46 1122 1136 1146 1822 2022 2036 2322 2336 2340 2346 4836 
m347 27 49 1399 
m1391 22 36 45 46 49 1145 1822 1845 2322 2336 2345 2472 2486 2495 2496 
m2082 23 30 38 45 46 1180 1923 1930 1946 2273 2280 2288 2296 2330 2346 4823 
m274 14 34 46 734 746 2334 
m2858 45 46 2345 2346 
m230 22 38 40 1140 1922 1938 1940 
m1892 37 41 46 2087 2096 4837 
m2180 30 36 41 46 49 1536 1541 1841 2080 2086 2091 2096 2099 2330 2336 2341 2346 2349 2480 2486 2491 
m1452 23 45 46 1195 2323 2345 3673 
m2984 22 44 46 1144 1146 2222 2246 2322 2344 2346 4846 
m929 22 23 30 38 41 1122 1123 1130 1172 1173 1180 1188 1523 1538 1541 1922 1923 1930 1938 2072 2073 2080 2088 3673 
m2 10 30 46 530 2310 2330 
m1349 37 46 49 1887 1899 2337 2346 2349 2487 2496 4396 4837 
m1495 22 23 1122 1123 1172 
m152 5 13 14 33 263 283 705 713 733 4163 
m1270 
m2959 30 44 45 1545 2230 2245 
m3007 22 30 36 40 46 1122 1130 1136 1140 1146 1822 1830 1840 1846 2022 2030 2040 2046 2322 2330 2340 2346 
m2063 5 13 33 46 263 283 296 696 2305 2313 2333 2346 3183 
m2695 30 36 38 1530 1536 1538 1830 1836 1838 1930 1936 1938 4036 4330 
m1636 14 45 745 
m193 
m3124 10 21 36 46 521 536 546 1821 2321 2346 4836 
m3271 22 23 36 40 46 49 1172 1186 1190 1822 1823 1836 1840 1849 2022 2023 2036 2040 2046 2049 2322 2323 2336 2340 2349 2473 2486 2490 3686 4336 4346 4836 
m3239 8 36 40 46 1808 1836 1840 1846 2008 2036 2040 2046 2308 2336 4336 
m2873 23 30 36 41 1523 1823 1830 2073 2080 3673 4323 4586 
m2534 18 45 2268 
m3526 36 45 46 1845 2336 2345 2346 4836 
m587 23 46 2323 2346 3696 4823 4846 
m1621 22 36 40 41 46 48 1136 1140 1141 1148 1836 1848 2036 2048 2086 2090 2098 2322 2336 2340 2341 2348 4336 
m1582 6 42 4606 
m1729 12 22 36 622 1112 1122 1136 1822 4312 
m2365 11 13 33 45 563 583 595 695 1695 3183 
m581 36 38 48 1838 1848 1936 1948 2436 2438 2448 
m3031 22 26 44 46 1146 1322 1344 1346 2326 2344 2346 4846 
m1256 5 22 30 37 46 272 280 287 296 1522 1537 1855 1872 1880 1887 1896 2305 2322 2330 2337 2346 4387 4837 
m3387 22 44 46 1146 2222 2244 2246 2322 2344 2346 4846 
m2802 22 36 41 49 1122 1136 1141 1149 1822 1841 1849 2072 2086 2091 2099 2472 2486 2491 4336 
m2451 22 26 44 46 1146 1346 2344 2346 4846 
m309 17 46 4817 
m1921 28 36 1828 1836 
m2010 21 23 45 1171 2271 2273 
m2242 37 39 40 46 1890 1987 1990 2340 4396 4496 
m2644 22 26 44 46 1146 1322 1344 1346 2344 2346 4846 
m727 22 44 46 1146 2222 2244 2246 2322 2344 2346 4846 
m2927 22 23 45 1123 1145 1172 1195 3673 
m3475 22 23 36 40 41 1122 1123 1136 1140 1141 1172 1822 1823 1836 1840 2023 2036 2072 2073 2086 2090 2091 3673 4323 4586 
m3132 14 23 30 46 1196 1514 1523 1546 2314 2323 2330 2346 3664 4814 4823 
m2130 12 23 30 36 41 612 630 636 641 1191 1523 1541 1812 1823 1830 1836 1841 2062 2073 2086 3123 
m763 22 44 46 1146 2246 2344 2346 4846 
m2825 27 36 46 49 1827 2327 2336 2486 2496 
m1014 37 39 46 1987 4396 4496 
m1678 5 13 33 45 655 1655 1695 2255 2263 4163 
m3027 22 46 1146 
m1397 37 39 40 46 1890 1987 1990 2037 2039 2046 2340 4396 4496 
m3253 36 37 40 46 1840 1886 1890 1896 2036 2037 2040 2046 2336 2340 2346 4346 4837 
m13 13 22 32 33 36 40 46 690 696 1113 1122 1132 1133 1136 1140 1146 1613 1633 1636 1640 1646 1690 1813 1833 1840 1846 2013 2033 2046 2333 2340 3183 
m2829 16 36 46 49 1816 1846 2316 2346 2486 2496 
m1798 14 23 30 38 730 1180 1514 1523 1530 1538 1914 1923 1930 1938 3223 
m702 13 22 41 691 1113 1122 1141 
m29 13 22 32 38 46 682 1113 1132 1146 1913 1922 1932 1946 2313 2332 
m3459 5 13 14 38 46 655 705 746 1913 1914 1946 2305 2313 3213 
m760 22 44 46 1146 2344 2346 4846 
m2938 22 45 46 2272 2296 2322 2346 
m2511 22 44 46 1146 2344 2346 4846 
m1901 13 22 46 1113 2313 2322 
m2268 12 38 45 46 645 1912 1946 2345 4812 
m2980 22 30 39 1130 1139 1980 
m2615 32 37 46 1632 1637 1882 2332 2337 
m3073 14 714 
m2694 22 23 1122 1123 1172 1173 3673 
m394 5 37 46 1855 2305 4837 
m1738 17 38 46 896 1917 1938 1946 2317 2338 2346 3396 4817 4846 
m2015 13 22 1113 1122 
m1096 36 1836 
m240 32 46 1646 2332 2346 
m1040 5 13 33 45 263 283 2255 2263 2283 3183 
m3275 22 23 36 41 45 1122 1123 1136 1141 1145 1173 1186 1195 1845 2073 2095 3673 3686 4323 4586 
m1366 13 38 46 663 696 1913 1946 
m2967 14 36 48 714 736 748 1836 1848 2448 
m2906 20 22 23 30 38 1022 1023 1030 1038 1123 1130 1172 1173 1180 1188 1520 1523 1538 1922 1923 1930 1938 3673 
m405 36 42 4636 
m1118 36 
m2222 22 23 36 41 1123 1136 1141 1191 3686 4341 
m3030 22 23 30 44 46 1130 1144 1146 1180 1523 1530 1546 2223 2230 2246 2323 2330 2344 2346 4823 4846 
m726 22 44 46 1146 2246 2344 2346 4846 
m2877 13 33 1663 1683 4163 
m1161 22 41 46 1141 1146 2341 
m814 26 32 36 46 1332 1336 1346 1832 2332 2336 2346 4836 
m2957 36 
m2793 22 23 36 40 41 1122 1123 1136 1140 1141 1186 1190 1836 1840 2036 2040 2072 2073 2086 2090 3686 
m37 22 30 45 1122 1130 1145 1522 2272 2280 
m1507 13 33 36 40 48 698 1698 1813 1833 1848 2013 2033 2036 2048 4163 
m131 36 40 46 49 1846 1849 2036 2046 2349 
m1203 14 40 46 2014 2040 2046 2314 2346 4814 
m1926 18 45 945 2295 
m2968 14 40 46 2014 2040 2046 2314 2346 4814 
m1739 23 36 38 40 41 1173 1186 1188 1190 1923 1936 1938 1940 2023 2036 2073 2086 2088 3673 3686 4323 4336 
m554 12 32 46 632 2332 4812 
m3432 14 36 49 1814 2464 2486 4314 4336 
m2568 23 
m3329 36 40 1836 1840 2036 2040 4336 
m2649 5 32 1605 
m2729 23 36 41 1186 1191 1823 1836 1841 2073 2086 2091 4341 4586 
m570 13 36 38 46 49 699 1849 1913 1936 1946 2313 2349 3186 4836 
m1306 14 23 30 46 730 1180 2314 2323 2330 2346 3223 4814 4823 
m3313 14 21 45 46 721 745 2271 2321 2345 4814 
m2573 23 36 40 41 44 1186 1190 1191 1194 1840 1841 2041 2240 2241 4736 
m3190 36 38 40 45 1838 1936 1938 1940 2036 2038 2286 2288 
m1336 22 23 30 46 1122 1123 1130 1146 1180 1522 1523 1530 1546 2330 4823 
m348 12 49 649 2462 2499 
m3547 37 41 46 2087 2341 4837 
m3320 14 45 2264 
m2148 22 36 37 40 46 1122 1136 1137 1140 1146 1822 1837 1840 1846 2022 2037 2040 2046 2322 2337 2346 4837 
m2106 32 1632 
m3039 14 36 49 1814 1849 2464 
m1711 22 23 36 40 41 46 1123 1136 1140 1141 1146 1190 1822 1823 1836 1840 1841 2023 2036 2040 2041 2046 2072 2073 2086 2096 2322 2323 2336 2340 2341 2346 3673 3686 4323 4346 4823 
m266 22 36 40 46 49 1146 1822 1840 1846 1849 2036 2046 2049 2322 2340 2472 2496 4846 
m841 22 23 30 36 38 40 1123 1130 1136 1140 1172 1173 1180 1186 1188 1190 1522 1523 1538 1822 1830 1922 1923 1930 1936 1938 1940 2022 2023 2030 2036 2040 3673 4323 
m1770 13 22 45 46 696 1113 1146 2263 2272 2296 
m2176 38 45 46 49 1946 2299 2345 2346 2349 
m228 5 14 32 705 1605 1614 
m1265 36 46 2336 4836 4846 
m1841 13 20 33 36 40 41 670 686 690 691 1033 1036 1040 1041 1686 1690 1691 1840 1841 2036 2041 3183 3536 4336 
m1847 33 45 1695 
m1487 49 
m1152 13 22 33 36 40 672 686 690 1113 1122 1133 1136 1140 1672 1686 1690 2036 3183 
m2292 22 47 2372 2397 
m428 22 40 46 1140 1146 2046 
m49 22 36 41 1122 1136 1141 1822 2072 4586 
m345 45 
m1457 28 
m1700 22 26 44 46 1146 1322 1326 1344 1346 2344 2346 4846 
m1243 14 40 46 2014 2040 2046 2314 2346 4814 
m564 33 37 38 1933 1937 4383 
m323 37 
m396 15 38 46 1915 2315 2338 
m1238 38 46 1938 1946 
m1796 46 2346 
m1185 36 38 45 48 1838 1845 1848 1936 1938 1945 1948 2295 2436 2438 2445 2448 4336 
m149 22 36 40 41 49 1136 1140 1141 1822 1836 1840 1841 2036 2072 2086 2090 2091 2472 2486 2491 4336 
m686 22 41 1122 1141 
m800 22 32 46 1132 1146 2332 
m987 45 46 2295 2296 2346 
m613 44 46 49 2246 2494 2496 
m2526 22 44 46 1144 1146 2246 2344 2346 4846 
m3235 14 36 40 45 736 740 745 1840 2036 2286 2290 4336 
m3422 37 
m1600 13 33 36 40 47 686 690 697 1686 1690 1697 1840 1847 2036 2040 2047 3183 4336 
m2381 45 
m2029 14 26 32 46 726 732 746 1314 1326 1332 1346 1626 1646 2326 
m2310 5 36 41 45 46 286 291 1836 1841 2286 2291 2296 2305 2336 2341 4836 
m2738 22 45 46 1122 1145 1146 2345 
m1618 22 36 40 41 46 49 1136 1140 1141 1149 1836 1849 2036 2049 2086 2090 2099 2322 2336 2340 2341 2349 4336 
m1075 22 23 30 1122 1123 1130 1173 1180 1522 1523 1530 
m1439 13 22 33 36 49 1113 1133 1136 1149 1813 1833 1849 2463 2483 2486 2499 4163 
m1571 37 
m1386 13 33 46 1696 2313 4163 
m241 3 32 36 41 46 186 191 1603 1641 2303 2332 2336 2341 4136 4586 
m2893 20 1020 
m2852 14 36 49 749 1814 1849 
m692 30 45 46 2280 2295 2296 2330 2346 
m889 27 28 36 46 1378 1386 1396 1828 2327 2328 2336 2346 4836 
m2746 32 36 46 49 1632 1636 1649 1849 2332 2336 2346 2349 
m2543 23 38 45 46 1195 1923 1945 1946 2323 2345 
m1953 22 37 40 46 1122 1137 1146 2022 2037 2046 2322 2337 2346 4837 
m267 29 34 36 1484 1734 1829 1834 1836 
m485 22 46 49 2322 2346 2472 2496 
m3476 22 36 40 1122 1136 1140 2022 2036 2040 
m1525 10 32 46 1610 1646 2310 
m834 38 46 1946 2338 2346 
m471 22 36 45 46 1136 1146 1845 1846 2336 2345 2346 4836 4846 
m1903 33 36 46 1686 2333 2336 2346 4833 
m2439 14 26 33 726 1314 1326 1333 1664 1676 1683 3233 
m1245 22 23 30 39 41 1123 1130 1139 1141 1523 1973 1980 1991 2073 2080 3673 4473 
m385 22 23 30 1123 1130 1172 1173 1180 1523 3673 
m9 11 13 22 45 563 572 595 695 1113 1145 
m2709 13 33 4163 
m1664 12 22 23 36 40 45 46 49 622 623 636 640 645 649 1123 1136 1140 1145 1195 1822 1823 1840 1845 1849 2012 2023 2036 2045 2046 2049 2322 2323 2336 2340 2345 2349 2472 2473 2486 2490 2495 3136 4323 4336 4812 
m1566 5 14 22 33 36 40 264 272 283 286 290 722 736 740 1122 1136 1140 1672 1686 1690 1822 2022 2036 3233 
m2199 
m3412 5 26 38 46 1305 1346 1926 1946 2305 2346 
m1897 2 36 45 46 145 1845 2252 2286 2295 2302 2345 2636 4836 
m1654 22 23 27 36 40 1122 1123 1127 1136 1140 1190 1372 1373 1386 1390 1823 1840 2023 2040 
m225 22 38 46 49 1146 1149 1922 1946 1949 2349 2472 2488 2496 
m2183 46 
m169 45 46 2295 2296 2345 2346 4846 
m1119 23 30 46 1180 1523 1530 1546 2330 2346 4823 
m2631 22 23 36 49 1123 1136 1149 1173 1186 2473 2486 3673 4323 
m1694 5 37 46 255 1855 1887 1896 2305 2337 2346 4837 
m154 22 36 49 1149 1822 1836 1849 2472 2486 2499 
m1307 4 42 45 2254 2292 2742 
m1958 12 30 45 630 2262 2280 
m431 13 33 40 46 2013 2033 2046 2313 2333 4163 
m1468 18 23 1168 
m1177 37 
m1239 23 45 1195 2273 2295 
m3346 45 46 2345 2346 
m1865 13 22 33 49 699 1113 1122 1149 1672 1699 4163 
m2783 36 38 49 1849 1936 1949 2486 2488 2499 
m325 13 22 33 36 40 1113 1122 1133 1136 1140 1813 1833 1840 2013 2033 4163 
m1668 14 23 30 46 1514 1523 1546 2314 2323 2330 2346 3664 4814 4823 
m531 40 41 46 2046 2090 2096 2340 2341 2346 
m2409 5 26 30 37 46 1330 1337 1346 1505 1855 1880 2305 2330 2337 2346 4837 4846 
m2274 46 
m1535 12 22 37 46 1112 1137 1146 2337 4362 4812 
m1029 22 36 37 40 41 46 1122 1136 1137 1140 1141 1146 1822 1837 1840 1846 2022 2036 2037 2040 2041 2046 2072 2086 2087 2090 2096 2322 2336 2340 2341 2346 4396 
m1870 14 45 745 
m115 22 37 40 46 1137 1140 1146 1890 2022 2037 2040 2046 2337 2340 2346 4837 
m276 32 49 1632 2482 
m1034 32 46 1632 1646 2332 
m289 36 40 45 1845 2036 2045 2286 2290 2295 
m3536 23 46 1173 1196 3696 
m403 5 46 2305 2346 4846 
m3294 22 36 40 46 1122 1136 1140 1146 1840 2040 2336 2340 
m330 13 33 46 1663 1683 2313 2333 4163 4833 
m3233 14 44 46 49 744 746 2344 2464 2494 2496 
m473 26 33 47 1333 1347 1697 
m1347 22 45 46 49 1146 1149 2272 2296 2299 2349 2472 2495 2496 
m3503 22 23 41 1141 1172 1173 1191 
m2515 
m1648 23 32 36 40 49 1182 1632 1823 1832 1849 2023 2032 2036 2049 2473 2482 
m136 5 36 37 38 45 46 286 295 1845 1855 1886 1895 1936 1937 1938 1946 2305 2336 2337 4336 
m762 22 30 36 40 41 49 1130 1136 1141 1536 1540 1541 1830 1836 1840 1841 2036 2072 2080 2086 2090 2091 2472 2480 2486 2491 
m2368 13 22 33 36 40 672 686 690 1113 1122 1133 1136 1140 1672 1686 1690 1822 1840 2022 3183 
m3368 22 23 30 40 46 1122 1123 1130 1140 1146 1180 1523 1530 1546 2022 2023 2030 2046 2330 2346 4823 
m590 36 40 41 46 1836 1840 1841 1846 2036 2040 2041 2046 2336 2340 2341 2346 4346 4586 
m1451 23 30 38 41 46 49 1173 1523 1930 1938 1941 1946 1949 2073 2080 2323 2330 2341 2473 2480 2491 2496 3673 
m1401 22 36 40 41 49 1122 1136 1140 1141 1149 1841 1849 2022 2036 2041 2049 2072 2086 2090 2091 2099 2486 2491 4336 
m2182 22 34 36 1134 1136 1834 
m165 14 22 32 36 39 40 41 49 722 1614 1622 1639 1641 1814 1822 1832 1836 1839 1841 1849 1972 2014 2036 2041 2049 2064 2072 2082 2089 2091 2482 2486 2489 2491 4464 4586 
m2032 37 1887 
m1987 37 45 1887 1895 
m518 46 
m2725 22 23 36 40 1122 1123 1136 1140 1173 1823 1840 2023 2040 3673 
m1854 44 46 49 2344 2349 2494 
m2956 22 26 46 1146 1322 1326 1346 
m986 14 22 36 40 46 722 1814 1822 1836 1840 1846 2014 2022 2036 2040 2046 2314 2322 2340 2346 3246 4314 4346 4836 
m1163 26 32 33 37 1333 1626 1633 1637 1876 1883 
m2885 45 46 2295 2296 2346 
m3202 23 45 46 1195 2296 2345 2346 3696 4823 
m1736 37 46 49 2337 2346 2487 2496 4837 
m1740 5 22 37 46 255 1105 1137 1146 1855 1887 1896 2305 2322 2337 2346 4837 
m3214 13 37 4363 
m331 26 27 46 1327 1346 2327 2346 
m3478 45 46 2296 2345 4846 
m2767 22 23 30 46 1122 1123 1130 1146 1180 1523 1530 1546 2330 2346 4823 
m1229 30 41 46 2080 2330 2341 2346 
m252 38 45 1938 1945 
m1169 14 22 36 40 722 736 740 1114 1122 1136 1140 1822 2022 2036 
m2574 22 23 30 45 46 1122 1123 1130 1145 1146 1195 1522 1523 1530 1545 1546 2273 2280 2295 2296 2322 2330 2345 2346 3696 4823 
m508 27 36 46 48 1827 2327 2336 2436 2446 
m752 37 41 46 2087 2096 4837 
m1343 
m2484 22 26 44 46 1146 1322 1344 1346 2344 2346 4846 
m708 14 40 740 
m1982 22 36 45 1136 1145 1845 
m2485 22 26 44 46 1146 1346 2344 2346 4846 
m1056 22 44 46 1122 1144 1146 2222 2246 2322 2344 2346 4846 
m3335 22 23 30 46 1122 1123 1130 1146 1180 1523 1530 1546 2330 2346 4823 
m2288 13 22 1113 
m2361 39 40 41 46 1990 1991 1996 2040 2046 2090 2096 
m2578 22 30 36 40 46 1136 1140 1522 1536 1540 1840 2036 2040 2322 2330 2336 2340 2346 4836 
m2669 32 46 1632 1646 2332 2346 
m689 5 32 36 255 282 286 1805 1832 
m3212 41 
m1932 22 23 30 41 46 1122 1123 1130 1146 1180 1523 1530 1546 2072 2073 2080 2091 2096 2330 4823 
m2382 14 22 36 46 722 736 1822 2314 2322 4836 
m2376 23 45 46 1195 2323 2345 
m1761 45 46 2296 
m2926 22 36 40 46 48 1136 1140 1146 1848 2036 2040 2046 2336 2340 2346 2348 4336 4836 
m144 22 32 46 1122 1132 1146 2332 2346 4846 
m2080 30 38 45 46 1945 1946 2280 2296 2330 2338 2345 2346 4846 
m1777 6 42 46 346 2146 2842 
m1510 22 37 1122 1137 1887 
m1498 22 36 41 49 1122 1136 1141 1149 1822 1841 2072 2086 2091 2099 2472 2486 2491 4336 
m311 11 45 595 
m375 22 23 32 46 1123 1132 1146 1182 1196 2332 
m2269 14 46 49 2314 2346 2464 2496 4814 
m1962 13 36 46 49 699 1849 2313 2349 4313 4836 
m2995 22 23 30 36 40 41 46 49 1122 1123 1130 1136 1140 1141 1146 1149 1172 1173 1190 1191 1522 1523 1530 1536 1540 1541 1546 1822 1823 1830 1836 1840 1846 1849 2022 2023 2030 2036 2040 2041 2046 2049 2322 2323 2330 2336 2340 2341 2346 2473 2480 2486 2490 2496 3696 4823 
m3029 45 46 2295 2296 2345 
m3395 22 45 1145 
m1647 13 22 30 47 680 697 1113 1122 1130 1147 2380 
m594 27 32 38 46 1382 1396 1927 1932 1946 2332 
m1632 36 45 46 1845 2286 2295 2345 4836 
m698 26 36 46 1336 1346 2336 2346 4836 
m432 46 50 2546 
m265 9 22 46 1109 1146 2309 2346 4846 
m1596 5 45 46 2255 2296 2305 
m2758 26 
m2775 22 46 49 1149 2322 2346 2349 
m2153 27 36 37 46 49 1387 1827 1837 2327 2477 2486 2487 2496 4336 4346 4837 
m924 45 46 2295 2296 
m790 22 23 30 45 1123 1130 1145 1173 1180 1523 1530 2273 2280 3673 
m2914 16 23 36 46 1186 1816 2316 2323 2336 3666 
m33 22 30 40 46 1130 2022 2030 2040 2046 2322 2330 2346 
m1218 26 33 46 1676 1696 2326 2333 2346 
m641 32 36 41 46 1641 1646 2332 2336 2341 2346 4136 4586 
m2663 37 38 46 1937 1946 2337 2346 4837 
m1757 26 46 1326 1346 2326 2346 3826 
m2687 22 32 46 1122 1132 1146 1622 1632 1646 2322 2332 2346 
m2634 13 38 688 1913 1938 
m1774 22 36 37 46 49 1136 1137 1146 1149 1846 1849 1886 1899 2349 4396 
m1730 14 36 40 45 46 736 740 745 1840 1845 1846 2036 2045 2046 2286 2296 2336 3246 4336 
m2071 13 22 33 36 40 690 1113 1122 1133 1136 1140 1690 1813 1833 1840 2013 2033 4163 
m463 22 23 30 38 1122 1123 1130 1138 1172 1173 1188 1522 1523 1530 1538 3673 
m793 22 23 31 36 1123 1131 1136 1172 1173 1573 1822 1823 3673 3686 4086 4323 
m927 22 23 36 1123 1136 3686 
m1939 36 41 44 1841 2086 2091 2094 2236 2241 2244 
m739 5 32 36 46 49 282 286 296 299 1649 1832 1849 2332 2336 2349 2486 4136 4336 
m3539 20 37 46 1870 2320 2337 
m247 22 36 40 46 49 1822 1846 1849 2022 2036 2040 2046 2049 2322 2472 2496 
m2864 16 23 40 46 840 846 1190 2016 2023 2040 2046 2340 3323 3696 
m3200 6 42 2842 
m1624 22 36 41 46 48 1136 1141 1848 2086 2098 2322 2336 2341 2348 4336 
m2213 5 37 46 1855 2305 2337 2346 
m1866 45 46 2345 2346 
m676 14 23 30 46 1514 1523 1546 2314 2323 2330 2346 3664 4814 4823 
m1133 45 2295 
m3356 27 45 46 2277 2296 2327 2346 
m667 30 38 45 46 1930 1945 1946 2280 2296 2330 
m588 37 1887 
m2281 22 36 40 41 49 1122 1136 1140 1141 1149 1841 1849 2022 2036 2041 2049 2486 2491 4336 
m716 45 49 2295 2299 
m872 40 45 2045 
m1545 
m299 22 27 36 46 49 1127 1136 1146 1149 1377 1386 1396 1399 1827 1849 2322 2327 2336 2346 2349 2477 2486 2496 2499 
m63 45 46 2295 2345 2346 
m291 37 40 41 46 1890 2037 2046 2087 2090 2096 2340 4396 
m3020 5 22 46 1105 1146 2305 
m1635 36 38 46 1936 1946 2336 2338 2346 4836 
m1297 22 37 40 46 1137 1146 2022 2037 2046 2337 2346 4837 
m2240 22 30 36 40 46 1122 1130 1136 1146 1522 1536 1822 2022 2030 2036 2322 2330 2336 2340 2346 4836 
m2510 14 36 40 46 1846 2014 2036 2040 2046 4314 4814 
m923 13 22 33 36 40 1113 1133 1136 1140 1813 1833 1840 2013 2033 4163 
m1268 36 40 41 46 49 1841 1846 1849 2036 2041 2046 2049 2336 2341 2486 2491 2496 4336 
m2438 26 37 46 49 1337 1346 1349 1899 2337 2349 2487 2499 4387 
m946 13 16 3313 
m386 30 38 46 1930 1946 2330 
m2465 22 44 46 1146 2344 2346 4846 
m1213 5 45 46 2255 2305 2345 2346 
m1230 22 23 36 40 41 1122 1123 1136 1140 1141 1172 1173 1186 1190 1191 1822 1823 1836 1840 1841 2023 2036 2041 2072 2073 2086 2090 2091 3673 3686 4323 4586 
m1204 37 46 1887 1896 2337 2346 4837 
m253 22 30 46 1130 1146 2330 
m1530 45 2295 
m818 38 40 41 46 1940 1941 1946 2090 2340 2341 
m2385 29 36 48 1486 1829 1836 1848 2429 2436 2448 4336 
m3053 45 46 49 2295 2299 2345 2349 
m2619 22 45 1145 
m3188 22 
m2354 18 45 945 
m277 13 22 36 38 40 672 686 690 1113 1122 1136 1140 1822 1913 1922 1936 1940 2022 2036 
m2588 14 46 714 746 2346 3246 
m3050 5 36 45 46 286 295 1845 2305 2336 2345 4336 
m2820 36 40 46 1836 2036 2046 2336 
m904 22 46 1146 
m2009 22 35 46 1135 1146 2322 2335 2346 
m3109 36 40 45 46 1845 2036 2040 2045 2046 2296 4346 
m422 45 46 2345 
m3498 30 40 45 46 2045 2046 2280 2296 2330 2345 4846 
m38 12 23 36 41 46 636 1823 2062 2073 2096 2336 3123 4586 4812 4823 
m466 22 45 1145 
m479 8 45 46 2258 2296 2308 
m27 26 46 1346 
m697 36 40 46 49 1836 1840 1846 1849 2036 2040 2046 2336 2340 2346 2349 2486 2490 2496 4336 4346 4836 
m452 11 13 33 45 563 583 595 2263 2283 3183 
m2286 14 22 30 36 40 722 730 736 1114 1122 1130 1136 1140 1522 1536 1540 1822 1840 2022 2040 
m3388 46 
m710 23 38 46 1188 1923 1938 1946 2338 2346 3696 4823 
m2348 23 45 1195 2273 2295 
m1191 22 23 41 1122 1123 1141 1173 2072 2073 3673 
m2596 14 37 714 737 1887 3237 
m1662 46 48 2348 
m1144 37 38 46 1896 1937 1946 
m357 8 45 46 49 408 446 449 2258 2296 2299 2349 
m1558 22 23 36 49 1123 1136 1172 1173 1186 1199 1822 1823 1849 2472 2473 2486 3673 4323 4336 
m642 14 45 745 2264 2295 
m2628 13 33 36 38 40 688 1688 1813 1833 1838 2013 2033 2036 2038 4163 
m1392 26 46 1326 1346 2346 
m2815 26 37 46 1337 1346 2337 2346 4837 
m1574 38 1938 
m3417 9 36 46 49 459 486 496 499 1809 1846 1849 2309 2336 2346 2349 2459 2486 2496 2499 4336 
m2499 40 46 2046 2346 
m3256 14 714 
m694 22 23 30 1122 1123 1130 1172 1173 1180 1522 1523 3673 
m140 22 44 46 1146 2322 2344 2346 4846 
m1682 14 46 746 2346 3246 
m1661 13 22 33 1113 1672 4163 
m593 26 46 49 1346 1349 2346 2496 2499 
m2886 36 42 46 49 2146 2336 2486 2492 2496 4636 
m1137 5 23 36 45 286 295 1155 1186 1195 1845 4336 
m3245 20 23 1020 1023 1170 
m47 10 30 36 37 46 1510 1536 1546 1810 1860 1880 1886 1896 2310 2346 4836 
m3180 22 37 46 1122 1137 1146 2322 2337 2346 4837 
m3304 36 46 49 2336 2349 2486 
m362 14 22 722 1114 1122 
m2563 32 1632 
m2520 23 30 46 1173 1180 1196 1523 1530 1546 2323 2330 2346 3696 4823 4846 
m457 22 36 40 41 45 46 49 1122 1136 1140 1146 1149 1836 1841 1846 2036 2041 2046 2272 2286 2290 2295 2296 2299 2336 2341 2346 2472 2486 2490 2496 2499 4341 4836 
m1822 36 37 40 41 46 1837 1840 1846 1890 2087 2090 2096 2340 4396 4586 
m3450 31 45 2281 
m592 37 45 1895 
m2736 37 39 40 46 1890 1987 1990 2340 4396 4496 
m2558 32 37 38 46 1637 1646 1932 1937 1946 2332 2337 2346 4837 
m2753 
m663 22 36 40 46 1122 1136 1140 1146 1840 2022 2040 2046 2322 2336 2340 2346 
m304 22 37 41 46 1137 1141 1146 2087 2096 4837 
m1025 41 46 2341 
m233 13 22 38 1113 1913 1922 
m2165 36 40 46 1836 1840 1846 2036 2040 2046 2336 2340 2346 4336 4346 
m2716 32 36 38 41 46 1641 1646 1932 1936 1941 1946 2332 2336 2341 2346 4136 4586 
m1206 37 46 2337 2346 4837 4846 
m351 5 45 295 
m506 27 36 46 49 1827 2327 2336 2486 2496 
m475 5 11 15 33 38 46 555 565 583 588 596 755 1655 1696 1915 1933 1946 2305 2315 4165 
m3370 
m2132 22 32 45 46 1146 2272 2282 2295 2296 2332 2346 
m1175 5 26 45 46 276 296 1305 1326 1346 2255 2276 2296 2326 
m3218 6 14 32 314 332 732 
m175 13 22 45 695 1113 1145 2263 2272 2295 
m1151 22 23 30 36 46 1172 1522 1523 1536 1822 2322 2330 2336 2346 3686 4823 4836 
m839 46 2346 
m2986 22 44 46 1146 2322 2344 2346 4846 
m104 22 23 30 36 40 41 1123 1173 1180 1186 1190 1191 1830 2023 2030 2036 2040 2041 2073 2080 2086 2090 3673 4323 
m3543 22 36 45 1136 1145 1845 
m3488 32 1632 
m557 36 41 1841 2086 
m1450 26 32 36 46 1332 1336 1346 1832 2332 2336 2346 4836 
m1677 14 23 30 39 46 1189 1514 1523 1539 1546 1964 2314 2323 2330 2339 2346 3664 4814 4823 
m2481 37 46 1896 
m768 18 45 945 
m1011 13 20 22 33 36 40 45 672 686 690 1013 1022 1036 1040 1045 1113 1122 1133 1136 1140 1145 1672 1686 1690 1813 1822 1833 1836 1840 2013 2022 2033 2036 2040 2263 2272 2286 2290 2295 3183 
m3150 26 40 46 1346 2026 2046 2346 
m3008 22 36 41 46 1822 2072 2096 2322 4586 4836 
m2412 22 23 30 36 40 46 49 1122 1123 1130 1136 1140 1146 1172 1173 1180 1186 1190 1196 1523 1530 1536 1540 1546 1822 1823 1830 1840 1846 2022 2023 2030 2036 2040 2046 2330 2346 2472 2473 2486 2490 3696 4336 4346 4823 
m2427 22 23 30 1123 1172 1173 1180 1522 1523 1530 3673 
m3063 13 22 32 46 682 1113 1122 1132 1146 2313 2322 2332 
m2212 5 32 36 1605 1636 1805 
m2088 20 22 36 40 1120 1122 1136 1140 1820 1840 2020 
m2112 45 46 2296 
m2932 22 44 46 1146 2222 2244 2246 2322 2344 2346 4846 
m2930 23 38 45 1923 2273 2288 
m1286 36 
m1078 22 30 46 1130 1146 2322 2330 2346 
m2443 37 40 46 49 1899 2037 2046 2049 2337 2340 2346 2349 4396 
m1744 22 36 40 46 1122 1136 1140 1146 1840 2036 2040 2336 2340 
m965 13 23 30 46 696 1163 1173 1180 1196 1513 1523 1530 1546 2313 2323 2330 2346 3196 3663 3696 4823 
m2567 13 37 4363 
m495 46 2346 4846 
m2748 22 23 36 40 41 1123 1136 1140 1173 1186 1190 1191 1823 1836 1840 1841 2023 2036 2040 2041 2073 2086 3673 3686 4323 4586 
m3175 22 23 30 46 1122 1123 1130 1146 1180 1523 1530 1546 2330 2346 4823 
m3400 14 22 46 714 722 746 2322 3246 
m3464 32 45 46 1632 1646 2282 2296 2332 
m2561 32 36 46 1632 1636 1646 1832 1836 1846 2332 2346 4332 4846 
m1275 32 33 40 46 1633 2032 2033 2040 2046 2332 2333 
m1493 13 33 36 40 46 690 1813 1833 1840 2033 2313 2333 3183 4836 
m2219 22 23 30 36 40 46 1122 1123 1130 1136 1140 1146 1172 1173 1522 1523 1530 1540 1546 1822 1823 1830 1840 1846 2022 2023 2030 2036 2040 2046 2322 2323 2330 2340 2346 3696 4823 
m472 12 30 38 40 46 630 1912 1930 1946 2012 2030 2038 2040 2046 2312 2330 2346 4812 
m2038 
m1931 8 33 46 433 446 4833 
m446 22 23 30 1123 1130 1180 1530 
m335 21 36 41 1821 2071 4341 
m1168 14 32 46 714 732 2314 2332 2346 4814 
m1150 22 44 46 1146 2344 2346 4846 
m3465 32 46 1632 1646 2332 
m146 22 46 1146 
m1657 22 23 36 40 41 46 49 1123 1136 1140 1173 1186 1190 1199 1840 2022 2023 2036 2040 2041 2049 2072 2073 2086 2090 2091 2099 2322 2323 2340 2341 2473 2486 3673 3686 4323 
m326 28 36 40 1428 1828 1836 2028 2036 3936 4328 
m1917 14 28 36 728 736 1828 1836 
m1634 22 
m1326 22 38 45 46 1138 1145 1146 1938 1945 1946 2345 
m1352 22 44 46 1146 2344 2346 4846 
m542 46 
m1052 22 23 36 40 41 46 1122 1123 1136 1140 1141 1146 1190 1191 1822 1823 1836 1840 1841 1846 2022 2023 2036 2040 2041 2046 2323 2336 2340 2341 3673 3686 4323 4336 
m1187 36 38 49 1849 1936 1938 1949 
m580 22 23 36 40 1122 1123 1136 1140 1173 1822 1823 1840 2022 2023 3673 
m2241 22 23 30 1122 1123 1130 1172 1173 1180 1522 1523 1530 3673 
m1172 22 23 32 36 40 46 49 1122 1123 1132 1136 1146 1149 1172 1173 1182 1186 1190 1196 1199 1622 1623 1632 1636 1640 1646 1822 1823 1832 1836 1840 1846 1849 2022 2023 2032 2036 2046 2322 2323 2332 2336 2346 2349 2472 2473 2482 2486 2490 2496 3673 3686 3696 4323 4346 
m786 12 41 45 46 2062 2096 2262 2291 2296 4812 
m1741 5 30 45 46 280 2255 2280 2296 2305 2330 
m199 36 38 1936 
m1082 22 37 45 49 1122 1137 1145 1149 1899 2287 2299 
m2162 32 45 1645 
m3545 23 30 1523 
m2789 5 7 36 46 49 286 296 299 355 386 396 1836 1849 2336 2346 2349 2486 2499 4836 
m2305 21 46 2321 2346 4846 
m2312 45 46 2296 2346 
m1355 30 46 2330 
m2999 14 22 23 30 36 40 41 741 1123 1130 1136 1140 1141 1191 1523 1536 1540 1541 1823 1841 2023 2036 2041 2072 2073 2080 2086 2090 2091 3673 4323 
m1743 22 37 40 46 1122 1137 1146 2022 2037 2040 2046 2322 2337 2346 4837 
m2564 22 45 46 1146 2272 2296 
m3075 5 30 32 36 46 280 1605 1630 1646 1805 1830 1846 2305 2330 4332 
m1496 14 37 40 46 737 740 746 2037 2046 4837 
m1148 5 36 41 46 1805 2055 2096 2305 2336 4586 
m2131 23 36 40 1190 1840 3686 4336 
m725 22 36 37 40 46 1122 1136 1137 1140 1146 1886 1890 2036 2037 2040 2046 2322 2336 2337 2340 2346 4396 
m327 12 36 40 41 46 636 640 641 1836 1840 1841 2036 2041 2336 2340 2341 3136 4336 4812 
m2701 14 22 23 36 723 1114 1123 1136 1186 3236 
m533 12 17 46 612 2312 2317 2346 3117 4812 
m2872 5 13 14 33 655 705 713 1655 1664 4163 
m2284 30 45 46 2280 2296 2330 2346 
m2611 36 37 40 46 1886 1896 2036 2037 2046 2336 2346 4836 4837 
m1440 13 46 47 696 2363 2396 
m271 22 1122 
m409 9 14 709 
m1405 18 45 2268 
m1977 22 36 46 49 1136 1146 1846 1849 2349 
m114 22 23 30 38 1122 1123 1130 1138 1172 1173 1188 1522 1523 1530 1538 1922 1923 3673 
m507 32 36 41 46 1636 1641 1841 2332 2336 2341 4136 4336 4341 4836 4846 
m1881 22 44 46 1146 2322 2344 2346 4846 
m3477 23 30 41 45 1180 1191 1541 2273 2280 2291 
m867 5 14 36 264 286 4314 
m2133 22 30 36 40 46 1122 1130 1136 1140 1146 1536 1540 1546 1836 1840 1846 2022 2030 2036 2040 2046 2322 2330 2336 2340 2346 4346 
m1342 32 36 1832 
m2209 12 36 45 46 636 645 1845 2312 2336 2345 2346 4812 4836 
m1258 20 45 1045 
m2110 22 36 40 49 1149 1822 1849 2022 2036 2049 
m83 15 22 46 772 2315 2322 
m2450 22 37 46 1122 1137 1146 1872 2322 2346 4387 4396 4837 
m3204 27 36 48 49 1386 1398 1399 1827 1848 1849 2486 2498 2499 4336 
m2514 22 23 30 45 46 1123 1130 1145 1146 1196 1523 1545 1546 2273 2280 2295 2296 2323 2346 4823 4846 
m352 36 45 1845 
m222 3 23 30 41 46 180 1180 2053 2073 2080 2096 2303 2330 2673 4823 
m1750 17 46 2317 2346 4817 
m2804 23 
m3496 45 49 2295 2299 
m1778 30 36 39 40 46 1536 1540 1546 1830 1836 1840 1846 1980 1986 1990 1996 2030 2036 2040 2046 2330 2336 2340 2346 4346 4496 4836 
m2134 12 22 23 36 41 46 49 622 623 636 641 649 1123 1136 1141 1191 1822 1823 1841 2322 2323 2336 2341 2349 2472 2473 2486 2491 3136 4323 4336 4812 
m2033 38 46 1946 
m504 14 20 22 720 1114 1120 
m2487 22 38 44 46 1146 1922 1944 1946 2344 2346 4846 
m794 22 33 46 1133 1146 2333 
m888 22 46 1122 1146 
m3344 14 23 36 40 46 1814 1823 1846 2014 2023 2036 2040 2046 2314 2323 2346 3664 4346 4814 4823 
m2048 45 46 2296 
m1707 5 23 37 46 49 299 1155 1173 1199 1855 1873 1899 2305 2323 2349 4837 
m1731 5 36 45 286 295 1845 4336 
m2962 22 35 46 1135 1146 1796 
m3189 45 46 2295 2296 
m2005 13 16 49 699 849 3166 
m1142 13 22 40 46 1113 1122 1146 2013 2022 2046 2313 
m189 14 22 40 46 1114 1146 2014 2022 2040 2046 2314 2346 4814 4846 
m105 14 22 46 722 746 2322 
m3448 14 36 46 49 714 736 746 749 1814 1836 1846 1849 2314 2336 2346 2349 2464 2486 2496 3246 4814 
m2731 22 23 36 41 46 49 1141 1172 1191 1822 1823 1841 1846 2322 2323 2341 2472 2473 2486 2491 2496 
m1232 8 22 23 30 46 408 422 423 430 446 1122 1123 1130 1146 1180 1523 1530 1546 2330 4823 
m519 38 41 46 1938 1941 1946 2341 
m2243 13 37 46 1896 2313 4363 
m2018 30 40 46 49 1540 1546 1549 2030 2040 2046 2330 2340 2346 2349 2490 2496 
m1358 36 40 41 1836 1840 2036 2086 2090 2091 4586 
m2836 27 36 46 48 1827 2327 2336 2436 2446 
m2880 26 37 46 1876 2326 2337 
m400 22 38 45 46 1145 1922 1945 1946 2322 2345 
m2550 22 44 46 1146 2344 2346 4846 
m1500 5 31 36 255 281 286 1555 1581 1586 1805 1831 1836 
m3247 36 38 46 48 1836 1838 1848 1936 1938 1948 2336 2338 2348 2436 2438 2448 4336 4836 
m964 32 36 38 41 46 1641 1646 1936 1941 1946 2332 2336 2341 2346 4136 4586 
m1415 12 45 46 645 2345 4812 
m678 22 41 1122 1141 2072 
m68 26 34 38 46 1326 1334 1346 1734 1926 1938 1946 2334 2346 
m2218 22 33 38 46 1122 1133 1146 1672 1922 1933 1946 2322 4833 
m462 45 
m433 46 2346 
m2396 45 
m2761 
m1975 45 
m3035 22 23 30 36 41 1122 1123 1130 1136 1172 1173 1522 1523 1822 1823 1830 2072 2073 2080 3673 4586 
m2064 13 22 33 36 40 48 672 686 690 1113 1122 1133 1136 1140 1672 1686 1690 1822 2022 2036 2413 2422 2433 2436 2440 3183 
m3277 8 36 46 49 1808 1846 2308 2336 2458 2486 2496 4336 
m235 45 
m2674 22 23 36 41 46 49 1141 1172 1191 1822 1823 1841 1846 2322 2323 2341 2472 2473 2486 2491 2496 
m2414 12 40 45 46 645 2012 2045 2046 2312 2340 2345 2346 4812 
m1195 13 46 696 
m1781 22 44 46 1146 2344 2346 4846 
m262 5 14 32 705 1605 1614 
m1409 23 45 1195 2273 2295 
m279 40 45 46 49 2045 2046 2299 2345 2349 
m1928 36 38 40 45 1845 1936 1938 1940 1945 2036 2045 2286 2295 4336 
m132 22 37 40 46 1137 1140 1146 1890 2022 2037 2040 2046 2337 2340 2346 4837 
m2977 22 45 46 1122 1146 2272 2295 2296 2322 2346 4846 
m1402 22 36 41 49 1136 1149 1841 1849 2072 2086 2091 2099 2486 2491 4336 
m159 37 38 1888 1937 1938 
m563 37 39 40 46 1890 1987 1990 2340 4396 4496 
m2291 22 36 41 49 1136 1141 1822 1841 1849 2072 2086 2091 2099 2472 2486 2491 4336 
m1359 5 13 14 23 33 655 705 713 1155 1163 1164 1183 1655 1664 4163 
m2224 22 23 36 40 46 49 1172 1822 1823 1836 1840 1849 2022 2023 2036 2040 2046 2049 2322 2323 2336 2340 2349 2473 2486 2490 4323 4336 4346 4836 
m511 23 38 45 1195 1923 1945 3673 
m412 11 45 595 
m952 3 38 153 188 1903 
m372 22 37 40 46 1137 1140 1146 1890 2022 2037 2046 2322 2337 2340 2346 4396 
m2398 27 46 49 2327 2346 2477 2496 
m2186 46 2346 4846 
m174 38 45 2288 
m2672 46 2346 4846 
m1590 5 45 46 2255 2295 2296 2305 2345 
m200 22 36 46 49 1149 1822 1836 1846 1849 2322 2349 2472 2486 2499 4836 
m758 26 46 1326 1346 
m875 32 49 1649 
m2102 22 23 30 38 1122 1123 1130 1138 1172 1173 1188 1522 1523 1530 1538 1922 1923 3673 
m2828 23 38 45 1923 2273 2288 
m1312 23 45 46 1195 2295 2345 2346 4823 
m2641 5 32 255 1605 1632 
m978 38 40 46 49 1940 1946 1949 2046 2490 2496 
m2660 15 46 2315 
m1970 32 36 46 1636 2332 2336 2346 4332 4336 4836 
m499 13 33 4163 
m2786 14 45 2264 3214 
m3088 5 45 46 2255 2296 2305 
m2960 12 22 36 41 46 49 622 641 1141 1812 1822 1841 2322 2336 2341 2462 2472 2486 2491 2496 3136 4312 4336 4812 
m578 23 30 40 45 46 1173 1180 1523 2023 2030 2046 2273 2280 2290 2296 2323 2330 3673 4823 
m2159 44 46 49 2344 2349 2494 
m1015 22 30 38 1130 1922 1930 1938 
m2799 5 13 22 33 655 1113 1122 1133 1655 1672 4163 
m2719 13 14 22 672 722 3213 
m2270 13 22 32 45 682 1113 1132 1145 2263 2282 
m1884 22 23 30 1122 1123 1130 1172 1173 1180 1522 1523 1530 3673 
m3176 13 33 45 2263 2283 4163 
m2185 14 22 23 46 1114 1123 1146 1196 2314 3664 
m2839 40 46 2046 
m2493 22 44 46 1146 2344 2346 4846 
m1725 17 46 2317 2346 4817 
m1895 22 1122 
m3025 22 37 1872 
m744 22 44 46 1146 2344 2346 4846 
m3263 22 36 40 46 48 1822 2022 2036 2322 2336 2340 2436 2440 2446 
m1732 22 46 1146 
m2676 37 38 41 46 1937 1938 1941 1946 2087 2096 4837 
m1259 37 40 45 46 1890 2287 2290 2337 2340 2345 
m783 23 38 45 1188 1195 1945 2288 2295 
m3237 21 36 46 49 1086 1099 1849 2321 2336 2346 2349 
m3267 33 37 46 1883 1896 4833 
m1026 23 40 46 49 1196 2023 2040 2046 2473 2490 2496 
m1413 5 45 295 
m3141 36 40 46 49 1836 1840 1846 1849 2036 2040 2046 2336 2340 2346 2349 2486 2490 2496 4336 4346 4836 
m837 22 23 30 46 1122 1123 1130 1146 1180 1523 1530 1546 2330 2346 4823 
m3535 22 37 46 1872 2322 2337 
m395 33 45 1695 
m2221 14 32 48 732 2414 2432 
m925 7 45 46 2257 2295 2296 2307 2346 
m720 
m1746 23 30 46 1196 1523 1530 1546 2323 2330 2346 3696 4823 
m1091 22 44 46 1146 2246 2344 2346 4846 
m1211 45 46 2296 
m1407 37 46 2337 
m997 17 22 44 46 49 899 1144 1146 2217 2246 2317 2344 2346 2349 3396 4817 4846 
m685 13 25 38 46 675 1913 1925 1946 2313 2325 
m2152 36 37 38 46 49 1837 1838 1888 1938 2338 2486 2487 2488 2496 4346 4837 
m2638 22 45 46 1145 1146 2345 4846 
m2696 22 23 1122 1123 1172 1173 3673 
m1734 41 2091 
m2905 20 22 23 30 38 1022 1023 1030 1038 1122 1123 1130 1172 1173 1180 1188 1520 1523 1538 1922 1923 1930 3673 
m3023 22 30 37 46 1130 1137 1146 1880 2322 2330 2337 2346 4837 
m3270 15 45 795 
m3054 
m1042 22 32 45 46 1132 1145 1146 2282 2296 2332 
m2734 22 40 41 46 1140 1141 2022 2040 2041 2046 2072 2090 2091 2096 2341 
m539 22 36 40 46 1122 1136 1140 1822 2022 2036 2040 2322 2336 2340 4336 
m3542 5 13 22 38 46 655 696 1113 1146 1913 1922 1946 2305 
m3511 22 36 40 46 1122 1136 1140 1146 1822 1836 1840 1846 2022 2036 2046 2322 2336 2340 2346 4346 4836 
m3254 13 22 46 1113 1122 2322 4813 
m3529 13 33 49 2463 2483 4163 
m300 40 45 46 2046 2290 2296 2346 
m3148 5 22 36 38 46 49 272 286 296 299 1149 1822 1849 1905 1936 1946 2322 2346 2349 4836 
m2814 45 46 2295 2296 2346 
m322 13 22 33 36 40 45 672 686 690 695 1122 1136 1140 1672 1686 1690 1822 2022 2036 2272 2283 2286 2290 3183 
m605 36 
m3352 22 37 40 46 1137 1146 2022 2037 2046 4837 
m2831 6 23 1156 1173 
m2497 16 23 36 1186 1816 3666 
m1226 30 36 40 46 48 1830 1848 2030 2036 2046 2330 2336 2346 2348 2430 
m1969 5 37 46 255 287 1855 1887 1896 2305 2337 2346 4837 
m1851 22 23 30 1122 1123 1130 1172 1173 1180 1522 1523 1530 3673 
m1831 36 49 1836 1849 2486 2499 4336 
m2139 22 36 37 40 46 1122 1136 1137 1140 1146 1822 1836 1837 1840 1846 1890 2022 2036 2037 2040 2046 2322 2336 2337 2340 2346 4837 
m1914 22 23 32 1122 1123 1132 1182 1622 1623 1632 
m2208 23 30 45 1195 1523 1545 
m1399 36 46 2336 
m1018 23 30 46 1180 1523 1530 1546 2330 2346 4823 
m329 22 23 41 1122 1123 1141 1172 1173 1191 3673 
m701 45 46 2295 2345 2346 
m2925 41 
m1650 14 22 38 738 1114 1138 1914 1922 1938 
m1403 22 36 40 41 49 1122 1136 1141 1149 1841 1849 2022 2036 2041 2049 2486 2491 4336 
m2779 14 22 36 49 749 1114 1136 1149 1814 1849 
m3095 45 46 2296 
m966 12 36 40 45 46 640 645 1845 2036 2045 2336 2340 2345 3136 4812 
m112 22 23 30 36 40 1122 1123 1136 1140 1522 1523 1536 1540 1822 1823 1840 2022 2023 2030 2036 2040 4323 4336 
m826 12 14 22 46 622 722 1112 1114 1122 1146 2314 2322 3114 4812 
m2062 26 37 41 46 1337 1341 1346 1891 2341 4837 
m75 13 22 44 46 694 1113 1122 1144 1146 2313 2344 
m864 37 38 46 49 1887 1888 1899 1937 1946 2337 2338 2346 2349 4396 4837 
m976 26 33 37 44 46 1333 1337 1344 1346 2233 2237 2333 2337 2344 2346 4383 
m3004 40 46 49 2040 2046 2340 2490 2496 
m359 11 13 45 563 595 695 
m1422 32 36 4332 
m3199 17 32 882 1617 1632 
m69 22 23 30 1122 1123 1130 1173 1180 1522 1523 1530 
m3311 12 36 40 46 49 636 640 649 1836 1849 2036 2049 2336 2340 2349 2499 4812 
m2326 5 32 36 45 1605 1805 2255 2282 2286 4332 
m166 5 13 33 36 49 263 283 1805 1813 1833 1849 2455 2463 2483 4163 
m795 22 23 30 36 40 41 1122 1123 1130 1136 1140 1141 1172 1173 1180 1186 1190 1191 1523 1530 1536 1540 1541 1823 1836 1840 1841 2022 2023 2030 2036 2041 2072 2073 2080 2086 2090 2091 3673 3686 4323 4336 4586 
m950 38 46 1946 
m2627 13 36 40 46 696 1813 2013 2036 2040 2046 4346 
m1795 3 22 30 38 172 180 188 1522 1922 1930 1938 
m1497 12 22 23 30 36 46 622 630 636 1172 1180 1186 1522 1536 1822 2322 2330 2336 3123 3686 4336 4812 4823 
m1418 46 
m1609 5 13 33 38 46 655 1655 1696 1913 1933 1946 2305 2313 4163 
m2664 22 44 46 1146 2344 2346 4846 
m137 46 
m238 14 23 30 46 714 723 730 746 1180 2314 2323 2330 2346 3223 4814 4823 
m1675 23 30 36 46 1173 1180 1186 1196 1523 1530 1536 1546 1823 1830 1836 1846 2323 2330 2336 2346 3696 4823 4836 
m615 41 
m2232 23 30 38 46 1188 1523 1530 1538 1923 1930 1946 2323 2330 2338 2346 
m1681 13 22 36 45 46 672 1822 2263 2272 2286 2296 2313 2322 2336 4313 
m2453 23 41 1191 2073 2091 
m583 12 22 23 36 40 41 46 49 640 1123 1136 1141 1149 1162 1186 1190 1196 1199 1812 1840 1846 1849 2062 2073 2086 2090 2096 2099 2340 2462 2486 2496 3146 3686 4312 4336 
m1273 22 45 1122 1145 2272 
m2679 5 36 44 46 49 286 296 299 1849 2205 2236 2246 2249 2346 2349 2455 2486 2494 2496 4836 
m444 2 45 46 2252 2296 2302 
m2724 28 32 36 38 40 46 1628 1632 1636 1640 1646 1828 1832 1836 1932 1936 1940 1946 2028 2032 2036 2040 2046 2328 2332 2336 4136 4332 4836 
m870 22 23 30 41 49 1123 1130 1173 1523 2072 2073 2080 2473 2480 2491 3673 
m2891 33 45 1695 2283 2295 
m1994 33 36 45 46 1686 1695 1845 2333 2345 4836 
m2782 36 
m561 37 46 4396 
m824 
m306 22 37 46 1122 1137 1146 1872 2322 4837 
m2334 30 36 40 45 46 1830 1845 2030 2036 2040 2045 2046 2280 2330 2345 4346 
m862 16 23 36 40 41 46 836 840 841 1186 1190 1191 1841 2023 2036 2040 2041 2046 2066 2073 2086 2090 2091 2096 2316 2336 2340 2341 3666 4823 
m3192 38 40 45 46 1946 2038 2046 2288 2290 2296 
m3246 22 36 41 1136 1141 1822 1841 2072 2086 2091 4336 4586 
m1308 13 22 36 40 672 686 690 1113 1122 1136 1140 1822 2022 2036 
m1959 13 22 1113 1122 
m1759 22 23 30 36 40 1122 1123 1130 1136 1140 1180 1830 2023 2030 2036 4323 
m1569 22 23 36 45 1122 1123 1136 1172 1173 1186 2272 2273 3673 
m1472 14 36 40 49 749 1814 1849 2014 2036 
m2417 13 37 4363 
m1667 14 46 2314 2346 4814 
m2086 36 
m1463 14 39 1964 
m1829 13 46 2313 
m192 22 23 30 36 40 46 49 1122 1123 1130 1136 1140 1146 1149 1172 1173 1180 1186 1190 1199 1522 1523 1530 1536 1540 1546 1549 1822 1823 1830 1836 1840 1846 1849 2022 2023 2030 2036 2040 2046 2322 2330 2336 2340 2346 2349 2472 2473 2480 2486 2496 3696 4823 
m3548 36 40 1836 1840 2036 2040 
m1248 36 40 1836 1840 2036 2040 
m1061 32 36 4332 
m2882 26 36 46 1826 2326 2336 2346 4346 
m1503 14 30 714 730 
m86 43 
m2661 5 22 1105 1122 
m3098 22 26 33 1126 1133 1676 
m46 36 46 2336 2346 4836 
m2421 22 36 40 41 1122 1136 1140 1141 1822 1836 1840 1841 2022 2036 2041 2072 2086 2090 2091 
m2805 14 33 40 46 733 740 746 1690 2340 4196 
m2824 12 14 23 30 41 46 641 723 730 741 1191 1512 1514 1523 1530 1541 2312 2314 2330 2341 3212 3662 4823 
m2706 36 49 1849 2486 2499 
m3497 22 44 45 46 1146 2272 2294 2296 2344 2346 4846 
m2755 45 46 2345 
m608 46 
m3052 3 26 46 1303 1346 2346 4803 
m1094 45 46 2296 
m876 14 22 41 46 741 1114 1141 2314 2322 2341 2346 4814 
m1364 22 23 45 1172 1173 2272 2273 3673 
m1010 38 40 45 46 1938 1945 1946 2290 2340 2345 
m1695 5 36 45 46 286 295 1845 2255 2286 2295 2305 2336 2345 4336 
m1531 22 37 46 1137 1146 2337 2346 4837 
m700 22 23 36 40 46 48 1123 1136 1140 1146 1148 1190 1840 2022 2023 2036 2046 2048 2336 2340 2346 2423 2436 2440 2446 3696 4323 4346 4823 
m2553 22 44 46 1146 2344 2346 4846 
m455 13 33 45 2263 2283 3183 
m3206 22 23 45 1122 1123 1145 1173 2272 2273 2295 3673 
m809 30 36 46 49 1536 1549 1849 2330 2336 2346 2349 
m2244 18 46 2318 
m1604 22 23 36 40 41 1122 1123 1136 1140 1141 1172 1173 1822 1823 1836 1840 1841 2023 2036 2040 2041 2072 2073 3673 4341 
m691 5 13 22 45 46 655 1113 1145 1146 2255 2263 2296 2305 2313 
m2017 22 36 40 46 49 1122 1136 1140 1146 1822 1840 1846 1849 2022 2036 2046 2322 2336 2340 2346 2349 2486 2490 2496 4336 4346 4836 
m2446 46 
m424 22 30 36 39 41 1136 1139 1522 1536 1539 1541 1986 2072 2089 4586 
m374 14 46 746 2346 
m2640 36 40 45 46 1836 1840 2036 2040 2046 2286 2290 2296 2340 4346 
m897 5 14 30 46 705 730 1505 2305 2314 2330 2346 4814 
m851 38 46 1946 2338 2346 
m547 22 30 36 40 1136 1140 1522 1536 1540 1822 1830 1836 1840 2030 2036 2040 4336 
m1873 12 29 36 46 612 629 636 1812 1829 1836 2312 2329 2336 2346 3136 4336 4812 4836 
m2576 30 39 1980 
m2458 12 45 46 645 2345 4812 
m1099 46 2346 
m572 20 22 23 46 1023 1120 1123 1146 1173 2320 2323 3673 4823 
m1303 18 918 
m273 26 32 46 1626 1646 2326 
m203 22 36 40 41 45 1122 1136 1140 1836 1840 2036 2040 2072 2086 2272 2286 2291 
m1846 12 36 40 41 46 49 636 640 641 649 1836 1840 1841 2036 2041 2336 2340 2341 2349 2486 2490 2491 3136 4336 4812 
m226 45 46 2345 
m3499 34 46 1746 
m3226 38 46 1946 
m2087 22 23 30 41 46 1122 1123 1130 1141 1146 1172 1173 1180 1191 1522 1523 2072 2073 2080 2322 2323 2330 2341 3673 
m2771 14 22 44 46 1114 1144 1146 2214 2246 2314 2322 2344 2346 3246 4846 
m644 13 22 46 1113 1122 1146 2313 2322 2346 
m2788 5 36 38 41 46 286 291 296 1905 1936 1938 1941 1946 2341 4341 4836 
m3006 46 
m116 22 23 30 36 40 46 49 1122 1123 1130 1136 1140 1146 1149 1172 1173 1522 1523 1530 1540 1546 1822 1823 1830 1840 1846 2022 2023 2030 2036 2040 2046 2322 2323 2330 2336 2340 2346 2349 2480 2486 2490 2496 3696 4823 
m1715 45 46 2296 2345 2346 
m2000 22 44 46 1144 1146 2246 2344 2346 4846 
m2430 22 23 36 40 1122 1123 1136 1140 1173 1186 1190 1822 1823 1836 1840 2022 2023 2036 2040 3673 3686 
m2436 44 46 2344 2346 
m2150 5 14 36 41 45 255 286 291 295 705 736 741 745 1845 2055 2086 2095 4336 
m1772 11 
m1565 13 22 38 1113 1122 1138 1913 1938 
m1084 22 23 30 1123 1173 1522 1523 3673 
m2965 10 14 46 710 746 2310 2346 
m414 26 38 46 1926 1946 2326 
m3516 22 45 1122 1145 2272 2295 
m1120 22 23 30 46 1122 1123 1130 1146 1180 1523 1530 1546 2330 2346 4823 
m2756 37 46 4837 
m1913 22 46 1146 
m1233 45 46 2295 2345 
m709 32 36 46 2332 2336 2346 4332 4836 
m155 22 32 36 40 46 1122 1132 1136 1140 1622 1632 1636 1640 1840 2040 2322 2332 2336 2346 
m591 36 45 46 2286 2295 2296 2336 2346 4836 
m3241 15 22 46 772 2322 4815 
m3072 32 36 1832 4336 
m2671 16 45 46 845 2345 4816 
m1339 22 26 44 46 1146 1322 1344 1346 2344 2346 4846 
m2978 38 45 46 1945 2288 2295 2296 2338 2345 
m3287 46 
m3084 13 38 1913 1938 
m813 1 32 36 38 45 46 82 96 1901 1932 1936 1946 2251 2282 2286 2288 2296 2332 2586 4136 4836 
m1919 45 
m1718 22 23 36 40 41 1122 1123 1136 1140 1141 1172 1173 1186 1190 1191 1822 1823 1836 1840 1841 2023 2036 2041 2072 2073 2086 2090 2091 3673 3686 4323 4336 4586 
m3447 37 40 45 46 1890 2287 2290 2296 2340 4396 
m1522 13 17 46 2313 2317 3363 
m3032 14 36 49 1814 1849 2464 
m2742 22 40 46 1122 1140 1146 2340 
m365 13 36 40 49 2013 2036 2463 2486 2490 4313 
m2513 22 44 46 1144 1146 2344 2346 
m24 37 45 46 1895 2337 2345 2346 4396 
m1157 37 46 4837 
m2265 5 46 2305 
m3107 22 36 46 49 1822 1846 1849 2322 2346 2472 2496 
m2878 23 30 36 1180 1530 1823 1830 
m2530 22 40 46 2046 2322 2346 
m828 22 23 36 38 40 1123 1136 1138 1140 1173 1922 1923 1936 1938 1940 2023 2036 2038 3686 
m926 9 36 1809 1836 2959 4309 4336 
m30 38 46 1938 1946 2346 
m1108 22 30 46 1522 1546 2322 4846 
m2098 32 36 41 46 1641 1646 2332 2336 2341 2346 4136 4586 
m1680 36 
m360 32 40 45 46 2032 2045 2046 2282 2296 2332 
m1784 23 
m2952 5 32 36 38 45 46 49 282 286 288 295 296 1632 1638 1645 1646 1838 1845 1846 1932 1936 1945 1946 2295 2332 2338 2345 2346 2455 2482 2486 2488 2496 4136 4332 4836 
m1350 22 23 46 1123 1172 1173 2322 2323 3673 4823 
m1021 37 40 46 1890 2037 2046 2340 4396 
m2432 22 23 36 40 46 49 1172 1822 1823 1836 1840 1849 2022 2023 2036 2040 2046 2049 2322 2323 2336 2349 2473 2486 3686 4336 4346 4836 
m3121 26 33 45 1333 1345 1695 
m364 18 37 46 1868 2318 4837 
m672 22 23 36 40 46 49 1172 1822 1836 1849 2022 2023 2036 2046 2049 2322 2323 2336 2349 2472 2473 2486 4323 4336 4836 
m1593 36 45 46 49 1846 1849 2286 2296 2299 2349 
m777 30 45 46 2280 2296 2330 2345 2346 4846 
m3506 22 46 1146 
m3393 26 38 46 1926 1946 2326 
m1360 32 45 46 2282 2296 2332 
m2998 10 45 46 2295 2296 2310 2346 
m1076 36 
m2363 22 39 45 46 1122 1146 1972 1995 1996 2272 2296 
m3002 23 36 40 46 49 1836 1840 1846 1849 2023 2036 2040 2046 2049 2323 2336 2473 2486 2490 2496 3686 4323 4336 4836 
m1481 34 1734 
m1882 22 44 46 1146 2322 2344 2346 4846 
m76 22 23 30 38 1122 1123 1130 1138 1172 1173 1188 1522 1523 1530 1538 3673 
m2849 13 37 4363 
m2267 46 
m1003 21 
m3223 5 36 45 46 286 295 1845 2305 2336 2345 4336 
m1501 23 30 36 49 1180 1823 1830 1836 1849 2473 2480 2486 2499 
m2099 32 46 48 2332 2348 2432 
m1001 5 36 40 46 286 290 296 2036 2046 2305 2340 2346 4346 4836 
m135 
m1669 17 22 1117 
m2309 23 36 40 45 46 49 1190 1195 1836 1840 1845 2023 2036 2040 2045 2046 2049 2323 2336 2340 2345 2473 2486 2495 2496 3686 4323 4336 4836 
