m1928 22 32 36 37 40 1122 1132 1136 1137 1140 1637 1832 1837 1840 2032 2037 
m1118 22 23 30 36 41 1123 1130 1136 1141 1180 1523 1823 1830 2073 2080 3673 4323 4586 
m1457 6 14 23 32 36 706 723 732 736 1156 1182 1606 1636 1806 3686 
m1470 23 41 1173 1191 2073 3673 
m2897 22 32 38 46 1146 1922 1932 1938 1946 2332 2346 
m2013 14 26 36 40 46 1314 1336 1340 1346 1814 1846 2014 2036 2040 2046 2346 4346 4814 
m1665 26 38 46 1926 1938 1946 2326 
m1200 23 30 36 41 1173 1523 1823 1830 2073 2080 3673 4323 4586 
m612 26 36 37 46 49 1826 1837 1846 1849 1876 1899 2326 2476 2496 4396 
m398 36 43 49 1849 2186 2199 
m312 22 30 36 38 46 49 1536 1538 1546 1549 1822 1930 1936 1938 1946 1949 2322 2330 2336 2338 2346 2349 2472 2486 2496 
m2178 22 23 30 36 38 40 46 1123 1130 1136 1140 1172 1173 1180 1186 1188 1190 1196 1523 1538 1546 1822 1830 1922 1923 1936 1940 1946 2022 2023 2030 2036 2040 2322 2323 2330 2336 2340 3673 4323 
m1279 23 32 46 1196 1623 1646 2346 
m1935 33 36 38 46 49 1833 1846 1938 1946 2333 2336 2346 2349 2483 2486 2496 4833 
m963 23 30 41 46 1191 1523 1530 1541 1546 2073 2080 2091 2096 2330 2341 2346 3696 4823 
m157 32 36 46 49 1632 1636 1649 1849 2332 2336 2349 
m807 14 22 26 46 714 722 726 746 1114 1122 1126 1146 1314 1322 1346 2314 2322 2326 2346 3246 
m758 14 38 45 46 1914 1938 1945 1946 2264 2314 2338 2345 2346 4814 
m1718 5 22 36 38 40 46 49 286 296 299 1136 1138 1140 1146 1149 1836 1846 1849 1905 1936 1938 1946 1949 2036 2038 2046 2049 2346 2349 2455 2486 2496 2499 4836 
m1274 12 13 22 27 36 40 627 677 1112 1113 1122 1127 1136 1140 1812 1813 1827 1840 2012 2013 2027 3162 
m2804 22 23 30 46 1122 1123 1130 1146 1523 1546 2323 3673 4823 
m1428 37 46 4837 
m515 3 30 36 40 46 180 186 190 196 1830 2030 2036 2046 2330 4836 
m1385 38 40 41 46 1940 1941 1946 2090 2340 2341 
m2706 22 23 26 30 36 40 41 1122 1123 1126 1136 1140 1141 1172 1173 1180 1186 1191 1323 1336 1340 1523 1536 1541 1822 1823 1826 1836 1840 1841 2022 2023 2026 2036 2040 2041 2072 2073 2076 2086 2090 3673 4586 
m2310 23 30 45 46 1523 1545 1546 2273 2296 2345 2346 3696 4823 
m2926 33 44 49 1694 1699 2494 
m101 11 13 22 33 36 40 661 1113 1122 1133 1136 1140 1661 1811 1813 1833 1840 2011 2013 2033 4163 
m2592 15 22 27 38 46 777 1115 1127 1146 1915 1922 1938 1946 2315 2327 2346 
m538 14 46 49 749 2346 2349 2464 2496 3246 4814 
m2001 26 39 41 1339 1341 1991 2091 
m1675 28 36 38 46 1828 1836 1928 1936 1938 1946 2328 2336 
m428 32 36 38 46 49 1632 1636 1649 1849 1932 1936 1946 2332 2336 2349 
m2465 21 22 30 36 40 41 46 1072 1096 1121 1122 1130 1136 1140 1141 1146 1521 1522 1536 1546 1821 1822 1846 2021 2022 2030 2036 2040 2046 2072 2090 2096 2322 2340 4346 4846 
m330 22 23 30 36 40 45 1123 1130 1136 1145 1523 1830 2022 2023 2030 2036 2045 2273 2280 2286 4323 
m1446 30 44 45 2230 2245 2280 
m353 11 13 46 563 2311 2313 
m108 12 26 46 1312 1346 2346 4812 
m2209 14 23 32 36 49 723 732 736 749 1182 1199 1636 1649 1849 3686 
m1758 37 40 46 1890 2037 2040 2046 2337 2340 2346 4396 
m2908 22 23 36 40 46 49 1172 1822 1836 1840 1846 2022 2023 2036 2040 2046 2049 2322 2323 2336 2340 2346 2349 2473 2486 2490 2496 3696 4323 4346 4823 4836 
m1880 5 14 46 264 296 2314 2346 4814 
m927 22 46 49 1122 1146 1149 2349 2472 2496 
m200 22 40 45 46 49 1145 2046 2272 2295 2322 2345 2346 2490 2496 
m1884 22 30 36 40 41 46 1122 1130 1136 1140 1141 1146 1830 2022 2030 2036 2040 2046 2072 2090 2096 2330 2336 2340 4836 4846 
m2450 22 36 40 41 1136 1140 1141 1836 1840 2036 2086 2090 4586 
m1376 5 36 46 49 286 296 299 1849 2346 2349 2486 2499 4836 
m598 12 14 46 712 2314 2346 3146 3246 4812 
m1062 22 23 1123 1173 3673 
m33 14 30 46 730 2314 2330 
m94 36 41 1836 1841 2086 2091 4586 
m2301 23 30 49 1180 1199 1549 2473 2480 2499 
m1286 23 30 38 1188 1523 1538 1923 1930 1938 
m1070 22 44 45 46 1146 2272 2294 2296 2344 2346 4846 
m1510 37 49 1899 2487 
m1755 14 32 42 46 732 2114 2132 2314 2332 2342 
m705 14 46 746 2346 3246 4846 
m679 22 36 37 40 46 1122 1136 1137 1140 1146 1822 1837 1840 1846 2022 2037 2040 2046 2322 2337 2346 4837 
m1904 22 23 36 40 1122 1123 1136 1140 1172 1173 1186 1190 1823 2022 2023 2036 3673 4323 
m2117 23 36 46 49 1196 1199 1846 1849 2346 2496 3686 
m2651 46 2346 
m1456 
m2633 22 40 46 1146 2022 2046 2346 4846 
m2344 23 24 40 46 1190 1240 1246 2023 2024 2040 2046 2340 3696 3723 
m782 22 36 37 40 41 1137 1140 1822 1836 1840 1841 2022 2036 2037 2040 2041 2072 2086 2090 2091 4586 
m2123 22 23 30 36 40 41 1122 1123 1130 1136 1140 1173 1522 1523 1536 1822 1823 1830 1836 2022 2023 2030 2036 2072 2073 2080 2086 2090 2091 3673 4323 4586 
m1894 12 22 23 36 40 46 49 636 646 649 1172 1186 1196 1199 1822 1836 1840 1846 2022 2036 2322 2336 2346 2349 2486 2496 3123 3146 3686 4336 4823 
m1136 22 46 1146 2346 4846 
m92 22 46 49 1146 1149 2349 2472 2496 
m1903 22 23 30 36 40 1123 1130 1136 1140 1172 1173 1186 1190 1522 1523 1536 1540 1823 2022 2023 2036 3673 4323 
m1237 5 22 32 36 46 49 286 299 1605 1622 1636 1646 1649 1805 1822 1846 1849 2305 2322 2332 2336 2346 2349 2472 2486 2499 4136 4336 4836 
m1962 22 41 46 1122 1141 1146 2341 2346 
m2834 12 22 23 36 40 41 46 49 640 641 646 1123 1136 1141 1146 1149 1812 1836 1840 1841 1846 1849 2036 2041 2046 2073 2086 2090 2091 2096 2099 2322 2323 2336 2340 2341 2349 2462 2473 2486 2491 2496 4323 4336 4812 4836 
m2379 22 41 46 1122 1141 1146 2341 
m1830 22 37 46 49 1137 1146 1899 2346 2349 2496 4396 4837 
m2241 22 23 36 40 1122 1123 1136 1140 1173 1186 1190 1822 1823 1836 1840 2022 2023 2036 2040 3673 4323 
m868 23 32 46 1182 2323 2332 2346 3696 4823 
m1616 22 23 30 36 39 41 1123 1130 1139 1141 1522 1523 1822 1823 1830 1839 1841 1972 1973 1980 1991 2072 2073 2080 2086 2089 2091 3673 4586 
m1008 23 36 40 46 49 1190 1823 1840 1846 1849 2323 2340 2349 2473 
m2640 14 36 46 49 736 746 749 1849 2336 2346 2349 4814 4836 
m2472 40 45 46 2290 2296 2340 2346 
m1690 26 33 1676 
m1034 22 23 30 36 40 41 46 49 1122 1123 1130 1136 1140 1141 1146 1149 1172 1173 1190 1191 1522 1523 1530 1536 1540 1541 1546 1822 1823 1830 1836 1840 1841 1846 1849 2022 2023 2030 2036 2040 2041 2046 2049 2322 2323 2330 2336 2340 2341 2346 2472 2473 2480 2486 2490 2496 3696 4823 
m591 22 23 36 40 1122 1123 1136 1140 1173 1186 1190 1822 1823 1836 1840 2022 2023 2036 2040 3673 4323 
m2207 36 48 49 1848 1849 2486 2498 2499 4336 
m2585 22 27 46 1122 1127 1146 1377 2327 2346 
m342 5 32 36 255 282 286 1605 1805 1832 1836 4332 
m600 37 46 49 1899 2346 2349 4396 4837 
m1973 26 32 36 46 1332 1336 1346 1832 2332 2336 2346 4836 
m152 22 36 38 46 1822 1936 1946 2322 2336 2346 4836 
m1964 14 46 4814 
m2757 22 23 30 36 39 40 41 1123 1136 1140 1172 1173 1186 1190 1191 1523 1536 1539 1541 1823 1972 1973 1986 1991 2023 2036 2072 2073 2086 2090 3673 4323 4336 4586 
m2811 22 23 36 38 41 1122 1123 1136 1141 1172 1822 1823 1922 1923 1936 1941 2072 2073 2086 2088 2091 3673 4323 4586 
m2118 23 30 1173 1180 1523 1530 
m404 5 13 33 46 263 283 2305 2313 2333 4163 
m460 22 23 30 36 40 41 1122 1123 1130 1136 1140 1141 1172 1173 1186 1190 1191 1522 1523 1536 1541 1840 1841 2023 2036 2041 2072 2073 2086 2090 2091 3673 3686 4323 4336 4586 
m1996 5 32 36 38 45 46 49 282 286 288 295 296 1632 1638 1645 1646 1838 1845 1846 1932 1936 1945 1946 2295 2332 2338 2345 2346 2455 2482 2486 2488 2496 4136 4332 4836 
m2930 37 46 2346 4837 
m663 14 38 46 49 1914 1946 2314 2464 2488 2496 
m84 36 40 46 49 1840 1846 1849 2036 2040 2046 2049 2336 2340 2346 2486 2496 4336 4346 4846 
m799 12 23 30 38 41 46 641 1191 1512 1523 1541 1546 1912 1923 1930 1941 1946 2341 3662 4812 4823 
m2227 22 37 40 46 1137 1146 2022 2037 2040 2046 2322 2337 2346 4837 
m1331 22 23 30 38 46 1123 1130 1146 1180 1523 1530 1546 1922 1923 1930 1938 1946 2330 4823 
m253 22 23 38 45 46 1123 1138 1145 1146 1195 1923 1938 1945 1946 2323 2345 
m1248 14 46 714 746 2314 2346 4814 
m535 36 40 46 49 1836 1840 1846 1849 2036 2040 2046 2049 2336 2340 2346 2349 2486 2490 2496 4346 
m186 30 36 40 46 1830 1836 1840 1846 2030 2036 2040 2046 2330 2336 2340 2346 4336 4346 4836 
m2877 16 22 36 40 822 836 840 1116 1122 1136 1140 1822 2022 2036 
m293 13 22 32 36 40 41 672 686 690 1122 1136 1140 1613 1622 1636 1640 1822 2022 2036 2063 2072 2082 2086 2090 
m2781 
m2355 26 32 36 46 1326 1332 1336 1346 1832 2332 2336 2346 4836 
m149 30 38 46 1930 1938 1946 2330 2346 
m58 22 32 36 40 46 49 1136 1140 1146 1149 1640 1646 1832 1836 1840 1846 2032 2036 2040 2046 2049 2332 2336 2340 2346 2349 2486 2496 4136 4346 
m1124 14 22 36 40 46 722 1814 1822 1836 1846 2014 2036 2040 2046 2322 2336 2346 3236 3246 4346 4814 
m2905 5 36 46 49 286 296 299 1849 2346 2349 2499 4836 
m211 22 30 36 49 1122 1130 1136 1149 1522 1536 1549 1822 1830 1849 2472 4336 
m85 5 23 24 40 46 273 274 290 1190 1240 1246 2023 2024 2040 2046 2340 3696 3723 
m489 14 46 714 746 2314 2346 4814 
m242 14 36 46 714 736 1836 2314 2336 2346 3236 4814 4836 
m2421 14 36 40 46 740 746 1814 1840 1846 2014 2036 2040 2046 2314 2340 2346 3214 3246 4346 4814 
m2590 5 13 23 30 33 263 273 280 283 673 680 1173 1180 1513 1523 1530 1533 1673 1680 3183 3673 
m2643 5 32 46 1605 2305 2332 2346 4846 
m2755 36 41 1841 2086 2091 4586 
m2006 22 23 41 1122 1123 1141 1172 2073 
m2763 23 30 36 39 40 41 1173 1180 1186 1190 1191 1523 1823 1830 1836 1973 1986 1990 1991 2023 2030 2036 2041 2073 2080 2086 2091 3673 3686 4323 4586 
m239 12 22 36 40 46 49 636 1112 1136 1146 1149 1812 1836 1846 2022 2036 2040 2046 2312 2336 2346 2349 2462 2486 2496 3136 4336 4812 4836 
m1691 23 24 40 46 1190 1240 1246 2023 2024 2040 2046 2340 3696 3723 
m1431 12 14 22 36 45 46 49 645 712 745 1112 1114 1146 1812 1814 1822 1845 1846 1849 2314 2345 2346 2462 2464 2472 2496 3146 3246 4812 
m2397 22 36 37 40 46 1136 1137 1140 1146 1840 1886 1890 1896 2036 2037 2040 2046 2336 2340 2346 4346 4837 
m2463 12 14 40 46 646 2012 2014 2046 2314 2346 3114 4812 
m437 22 23 30 36 40 41 46 49 1122 1123 1130 1136 1140 1141 1146 1172 1173 1180 1186 1190 1196 1523 1530 1536 1540 1546 1822 1823 1830 1836 1840 1841 1846 1849 2022 2023 2030 2036 2040 2041 2046 2049 2072 2073 2080 2086 2090 2096 2330 2346 2472 2473 2486 2490 2491 3696 4336 4346 4823 
m130 13 33 40 690 1690 4163 
m1693 21 22 23 1073 1171 1172 1173 
m1155 14 23 30 46 1514 1523 1546 2314 2323 2330 2346 3664 4814 4823 
m360 38 41 44 46 1941 1944 1946 2094 2096 2344 
m1368 13 38 46 688 1913 1938 1946 2313 2338 2346 3196 
m400 22 46 1122 1146 2322 2346 
m2329 14 37 3237 
m2820 22 33 46 1133 1146 1672 1683 1696 2322 2333 2346 4833 
m1512 14 22 38 44 46 744 746 1114 1138 1146 1914 1938 1946 2344 2346 3246 
m1533 33 38 40 46 1690 1696 1933 1938 1940 1946 2333 2338 2340 2346 
m673 12 15 30 46 1512 1515 1546 2312 3262 4815 
m628 32 36 46 49 1636 1649 1832 1836 1846 1849 2332 2336 2346 2349 2482 2486 2496 2499 4332 4336 
m2516 22 23 30 46 1122 1123 1130 1146 1180 1523 1530 1546 2330 4823 
m2606 12 23 30 46 1162 1196 1512 1523 1530 1546 2346 3696 4812 
m156 22 23 1122 1123 1172 1173 3673 
m898 32 46 1646 2332 2346 
m118 14 23 30 40 47 730 1180 1514 1523 1530 1547 2014 2023 2030 2047 2364 2373 2380 3223 
m589 14 22 40 45 46 722 2014 2045 2046 2264 2272 2296 2314 2322 2340 2345 2346 4814 
m564 22 32 36 40 1122 1132 1136 1140 1622 1636 1640 1822 1836 1840 2022 2036 4332 
m1959 14 23 34 36 40 46 734 1184 1734 1814 1823 1834 1840 1846 2014 2023 2034 2036 2040 2046 2314 2323 2334 2346 3664 4346 4814 4823 
m406 32 36 46 1636 2332 2336 2346 4332 4336 4836 
m365 14 32 36 46 732 736 1832 2314 2332 4836 
m693 14 36 46 49 736 746 2336 2346 2349 2464 2486 2496 4814 4836 
m578 22 23 30 41 46 1122 1123 1130 1141 1146 1172 1173 1191 1522 1523 1530 1541 1546 2322 2323 2330 2341 2346 3696 4823 
m2735 22 23 36 40 41 1122 1123 1136 1140 1141 1172 1173 1822 1823 1836 1840 1841 2022 2023 2036 2040 2041 2072 2073 3673 4586 
m2596 12 23 30 46 1162 1196 1512 1523 1530 1546 2312 2330 2346 3696 4812 4823 
m1476 38 46 49 1938 1946 1949 2349 
m2047 23 30 38 46 1188 1523 1530 1538 1546 1923 1930 1938 1946 2330 2338 2346 3696 4823 
m2663 22 23 30 36 40 41 46 1122 1123 1130 1136 1140 1141 1146 1172 1173 1180 1186 1190 1191 1523 1536 1540 1541 1841 2023 2036 2041 2073 2080 2086 2090 2091 2322 2323 2330 2341 3673 4323 
m1496 37 46 2337 2346 
m2525 22 38 46 1146 1922 1938 1946 2346 
m725 6 36 42 46 49 2306 2336 2342 2456 2486 2492 2496 2836 4606 4636 
m762 13 22 33 36 40 1113 1122 1133 1136 1140 1813 1822 1833 1840 2013 2022 2033 4163 
m2723 32 36 38 46 1832 1932 1936 1938 1946 2332 2336 2346 4836 
m2568 23 30 36 41 1173 1180 1186 1191 1523 1536 1541 1823 1830 1836 1841 2073 2080 2086 2091 3673 4323 4586 
m577 26 27 46 1327 1346 2327 2346 
m2164 22 23 30 32 36 40 46 1122 1123 1130 1132 1136 1140 1146 1172 1173 1522 1523 1530 1532 1540 1546 1623 1630 1646 1822 1823 1830 1832 1840 1846 2022 2023 2030 2032 2036 2040 2046 2322 2323 2330 2332 2340 2346 3696 4823 
m2746 22 23 36 40 41 1122 1123 1136 1140 1141 1172 1173 1822 1823 1836 1840 1841 2022 2023 2036 2040 2041 2073 2086 2090 3673 4586 
m1639 5 36 46 49 286 296 299 1836 1849 2336 2346 2349 2486 2496 4836 
m1196 22 36 37 46 49 1822 1837 1846 1849 1872 2322 2346 2487 2496 4396 4837 
m1715 36 40 46 49 1840 1846 1849 2036 2040 2046 2049 2340 2346 2486 2490 2496 4336 4346 4846 
m424 12 13 22 36 40 622 636 640 672 686 690 1112 1113 1122 1136 1140 1822 2022 2036 3162 
m1953 14 
m507 22 23 30 36 40 45 46 1122 1123 1130 1136 1140 1145 1146 1172 1173 1180 1186 1190 1196 1522 1523 1530 1536 1540 1545 1546 1822 1823 1830 1845 2022 2023 2030 2036 2046 2272 2273 2280 2286 2290 2296 2322 2323 2330 2336 2340 2345 2346 3696 4346 4823 
m923 5 22 27 46 1127 1146 1355 2305 2327 
m1096 23 31 46 49 1196 1573 1596 2346 2473 2481 2496 2499 
m892 23 40 2023 3673 
m185 22 23 30 32 36 40 46 1122 1123 1130 1132 1136 1140 1146 1172 1173 1522 1523 1530 1546 1622 1623 1630 1640 1646 1822 1823 1830 1832 1840 1846 2022 2023 2030 2032 2036 2040 2046 2322 2323 2330 2332 2336 2340 2346 3696 4823 
m270 22 23 36 40 41 1122 1123 1136 1140 1141 1172 1173 1822 1823 1836 1840 1841 2022 2023 2036 2040 2041 2073 2086 2090 3673 4586 
m1439 22 30 38 46 1130 1146 1922 1930 1946 2322 2330 2346 
m1114 22 23 30 1122 1123 1130 1173 1523 1530 3673 
m2152 14 46 2314 2346 4814 
m2717 10 36 46 49 546 1810 1836 1846 1849 2310 2336 2346 2349 2486 2496 2499 
m1229 22 44 46 1146 2222 2246 2322 2344 2346 4846 
m1214 11 46 2311 
m2179 13 38 1913 1938 
m936 5 37 46 1855 2305 4837 
m2372 23 24 40 46 1190 1240 1246 2023 2024 2040 2046 2323 2324 2340 3696 3723 
m2467 38 45 46 49 1938 1946 1949 2288 2296 2299 2349 
m2195 23 24 40 46 1190 1240 1246 2023 2024 2040 2046 2340 3696 3723 
m2919 5 37 46 1855 2305 2337 2346 4837 4846 
m19 30 41 46 2080 2096 2330 2341 2346 
m929 22 40 41 46 1122 1140 1141 1146 2041 2046 2341 2346 
m2314 12 22 36 46 622 636 646 1136 1812 1836 1846 2322 2336 2346 4336 4812 4836 
m497 2 26 46 126 2302 2326 
m685 36 37 41 46 49 1837 1841 2087 2341 2486 2487 2491 2496 4336 4346 4837 
m1396 22 38 45 46 49 1138 1145 1146 1922 1938 1945 1946 1949 2296 2299 2349 
m947 44 46 2246 2344 2346 4846 
m523 22 23 30 41 1122 1123 1130 1141 1173 1191 1522 1523 1541 2073 3673 
m2530 16 36 3336 
m911 5 36 46 1805 1846 2305 2336 2346 4346 4836 4846 
m1697 36 38 41 46 1841 1936 1941 1946 2086 2091 2336 2341 
m1821 23 30 36 41 1523 1823 1830 2073 2080 3673 4323 4586 
m740 23 
m1347 22 36 40 41 1122 1136 1140 1822 1840 2022 2036 2040 2041 2072 2086 2090 
m1005 22 23 36 41 1122 1123 1172 1173 1822 1823 2072 2073 3673 4586 
m743 22 23 30 36 40 46 49 1122 1123 1130 1136 1140 1146 1149 1172 1173 1186 1190 1199 1522 1523 1530 1536 1540 1546 1549 1822 1823 1830 1836 1840 1846 1849 2022 2023 2030 2036 2040 2046 2049 2322 2330 2336 2340 2346 2472 2473 2480 2486 2490 2496 3696 4823 
m2685 37 40 46 1890 2037 2040 2046 2337 2340 2346 4396 
m2874 41 46 2091 2096 2341 
m1922 22 36 37 40 46 1122 1136 1137 1140 1146 1822 1837 1840 1846 1890 2022 2036 2037 2040 2046 2337 2340 2346 4346 4837 
m712 36 40 46 1836 1840 1846 2036 2040 2046 2336 2340 2346 4336 4346 
m2872 12 46 646 2312 2346 3146 4846 
m496 36 46 2336 2346 4836 
m1612 22 23 36 38 40 41 46 1136 1138 1140 1146 1923 1936 1940 1946 2022 2023 2036 2038 2046 2072 2090 2323 4323 4836 
m1995 22 23 30 36 40 41 46 1122 1123 1130 1136 1140 1141 1146 1191 1522 1523 1536 1541 1546 1841 1846 2023 2030 2036 2040 2041 2046 2072 2080 2341 3696 4323 
m1032 22 23 30 36 40 41 46 49 1122 1123 1130 1136 1140 1141 1146 1172 1173 1186 1190 1191 1199 1522 1523 1530 1536 1540 1541 1546 1549 1822 1823 1830 1836 1840 1841 1846 1849 2022 2023 2030 2036 2040 2041 2046 2049 2072 2073 2086 2090 2096 2099 2330 2336 2340 2341 2349 2472 2473 2486 2496 3696 4336 4823 
m2743 22 23 36 40 41 1122 1123 1136 1140 1141 1172 1173 1822 1823 1836 1840 1841 2022 2023 2036 2040 2041 2072 2073 2086 2090 3673 4586 
m483 22 38 1122 1922 
m550 5 14 22 23 32 36 37 41 264 282 286 722 737 741 1123 1136 1141 1155 1182 1186 1614 1637 1814 1837 1872 1882 1886 1887 1891 2087 3664 4136 4332 
m886 36 49 1836 1849 2486 2499 
m1568 22 40 44 46 1146 2022 2044 2046 2344 2346 4846 
m1391 22 23 36 40 46 49 1172 1822 1823 1836 1846 1849 2023 2036 2040 2046 2049 2322 2336 2346 2349 2472 2473 2486 4323 4346 4823 4836 
m2418 12 13 36 46 613 646 2313 2336 2346 3136 4313 4812 4813 
m1116 22 36 41 1122 1136 1141 1841 2091 4586 
m2197 22 23 36 40 1122 1123 1136 1140 1172 1173 1186 1190 1822 1823 1836 1840 2022 2023 2036 2040 3673 4323 
m326 23 26 30 46 1176 1323 1326 1330 1346 1523 1526 1546 2323 2326 2330 2346 3696 4823 4846 
m2352 3 26 36 41 186 191 1303 1336 1341 2091 4341 4586 
m2510 14 22 32 732 1114 1132 
m730 22 46 1146 2322 2346 
m2628 22 23 40 46 1123 1140 1146 1190 2022 2023 2040 2046 2340 2346 3696 4823 
m1734 22 36 40 41 1136 1140 1141 1836 1840 1841 2036 2040 2086 2090 2091 4586 
m2218 14 26 38 41 741 1314 1341 1914 1926 1941 
m2093 22 30 37 46 1130 1137 1146 1880 2322 2330 2337 2346 4837 
m2138 14 22 46 714 746 1114 1146 2314 2346 3246 4814 
m2727 32 46 2332 
m2212 23 30 36 40 46 1180 1523 1530 1830 2023 2030 2036 2046 2330 4323 4346 4823 
m2789 22 23 36 40 41 1122 1123 1136 1140 1141 1172 1173 1822 1823 1836 1840 1841 2022 2023 2036 2040 2041 2072 2073 2086 2090 3673 4586 
m2736 22 23 30 36 49 1123 1130 1136 1149 1522 1523 1530 1822 1823 1830 1836 1849 2472 2473 2480 2486 2499 
m992 22 30 40 46 1130 1140 1146 2022 2030 2040 2046 2322 2330 2340 2346 
m1933 33 38 40 46 1690 1696 1933 1938 1940 1946 2333 2338 2340 2346 
m1444 22 37 46 1122 1137 1146 1896 2346 4837 
m1127 5 13 22 26 33 36 40 655 1113 1122 1126 1133 1136 1140 1313 1333 1655 1663 1683 1805 1813 1826 1833 1840 2005 2013 2026 2033 4163 
m1705 5 36 40 46 286 290 296 2036 2046 2305 2340 2346 4346 4836 
m334 34 45 2284 
m972 22 23 1122 1123 
m2348 22 30 46 1122 1130 1146 2322 2330 2346 
m1169 13 25 38 46 675 1913 1925 1946 2313 2325 
m299 10 14 27 38 710 1360 1364 1388 1910 1914 1927 1938 
m1438 27 38 46 1927 1946 2327 
m2411 6 14 32 36 314 332 732 1806 1814 1832 
m858 22 23 30 41 1122 1123 1130 1172 1173 1180 1522 1523 1530 2072 2073 2080 3673 
m2668 23 30 36 40 41 49 1186 1190 1199 1523 1530 1536 1540 1549 1836 1840 1849 2073 2080 2086 2099 2486 2490 2499 3686 4336 
m2216 32 46 1632 1646 2332 2346 
m241 22 23 27 30 36 40 46 49 1122 1123 1130 1136 1140 1146 1149 1172 1173 1180 1186 1190 1199 1372 1373 1380 1386 1399 1522 1523 1530 1536 1540 1546 1549 1822 1823 1830 1836 1840 1846 1849 2022 2023 2027 2030 2036 2040 2046 2322 2327 2330 2336 2340 2346 2349 2472 2473 2480 2486 2496 3696 4823 
m1503 22 46 1122 1146 
m2298 22 46 1122 1146 
m1518 26 32 36 38 46 1332 1336 1346 1832 1926 1932 1936 1946 2332 2336 2346 4836 
m2615 14 38 40 46 49 1914 1938 1940 1946 1949 2014 2046 2049 2346 2464 2496 4814 
m314 13 22 40 46 1113 1140 2013 2313 2322 2340 2346 
m933 22 23 38 46 49 1122 1123 1146 1149 1199 1922 1923 1938 1946 2323 2346 2349 
m1585 38 46 1946 2346 
m2168 22 36 40 41 46 1136 1141 1146 2022 2036 2041 2046 2086 2096 2336 
m142 11 23 30 41 1161 1173 1180 1511 1523 1530 2061 2073 2080 3673 
m1868 38 41 46 1938 1941 1946 2341 2346 
m2667 22 23 30 36 40 46 1122 1123 1130 1136 1140 1146 1172 1173 1522 1523 1530 1540 1546 1822 1823 1830 1840 1846 2022 2023 2030 2036 2040 2046 2322 2323 2330 2340 2346 3696 4823 
m2362 22 36 40 46 1122 1136 1140 1146 1840 2040 2336 2340 
m1333 5 13 26 33 41 46 655 696 1305 1313 1326 1333 1341 1346 1655 1676 1691 1696 2055 2063 2096 2305 4163 
m1381 22 23 30 36 40 41 1122 1123 1130 1136 1140 1141 1180 1186 1190 1522 1523 1536 1540 1541 1822 1830 1836 1840 1841 2022 2023 2030 2036 2041 2080 2086 
m10 30 46 2330 
m413 22 30 36 40 1130 1136 1140 1522 1536 1540 1822 1830 1836 1840 2030 2036 2040 4336 
m1459 22 23 30 36 40 46 49 1172 1173 1190 1196 1522 1523 1536 1546 1549 1822 1823 1840 2022 2023 2046 2322 2472 2473 2486 2490 2496 3696 4323 4346 
m852 26 46 1346 2346 
m1239 23 41 46 2073 2323 2341 3673 
m1367 32 36 38 46 1832 1932 1936 1938 1946 2332 2336 2346 4836 
m669 22 36 37 40 1122 1136 1137 1140 1822 1872 1886 1890 2022 2036 
m1700 22 36 46 1136 1146 1846 2322 2336 4846 
m1188 22 23 36 40 41 46 1122 1136 1140 1141 1186 1190 1191 1196 1823 1836 1840 1841 1846 2023 2036 2040 2041 2046 2072 2073 2086 2090 2091 2096 2336 2340 2341 3686 
m1327 22 23 30 36 40 41 46 1123 1130 1136 1140 1141 1146 1180 1186 1190 1523 1530 1536 1540 1546 1830 2022 2023 2030 2036 2040 2046 2072 2073 2080 2086 2090 2091 2330 3696 4836 
m97 13 22 36 45 46 49 699 1113 1136 1849 2263 2286 2295 2296 2313 2322 2336 2349 3186 
m393 14 22 31 36 46 731 736 1114 1131 1136 1146 1846 2314 2331 2346 3246 4331 4836 
m9 22 36 37 40 46 1122 1136 1137 1140 1146 1822 1836 1837 1840 1846 1872 1896 2022 2036 2037 2040 2046 2322 2337 2346 4387 4396 4837 4846 
m1873 32 36 46 49 1636 1649 1849 2332 2336 2346 2349 2486 2499 4136 4336 
m109 12 36 40 41 46 49 636 640 641 649 1836 1840 1841 2036 2041 2336 2340 2341 2349 2486 2490 2491 3136 4336 4812 
m880 22 23 46 49 1122 1123 1146 1149 1199 2323 2346 2349 
m2806 22 23 36 38 40 41 1122 1123 1136 1140 1172 1822 1823 1836 1840 1922 1923 1936 1940 1941 2023 2036 2072 2073 2086 2088 2090 2091 3673 4323 4586 
m2461 22 23 32 36 1123 1132 1136 1173 1182 1186 1623 1823 3673 4332 
m513 22 23 30 36 40 46 1122 1123 1130 1136 1140 1146 1172 1173 1522 1523 1530 1540 1546 1822 1823 1830 1840 1846 2022 2023 2030 2036 2040 2046 2322 2323 2330 2340 2346 3696 4823 
m160 23 30 32 46 1182 1523 1532 1546 2323 2332 2346 4823 
m766 28 36 38 1438 1838 1928 1936 1938 4328 
m2059 22 46 49 1122 1146 1149 2346 2349 
m66 36 46 2336 2346 4836 
m739 6 43 46 2306 2343 4656 
m288 15 23 30 40 46 773 1515 1523 1530 1546 2015 2023 2030 2046 2315 4823 
m661 23 36 38 40 41 1823 1840 1923 1936 2023 2036 2073 2086 2088 2090 4323 4336 4586 
m761 36 38 46 1838 1846 2338 2346 4836 
m1388 13 22 38 49 699 1113 1122 1138 1913 1938 1949 
m1131 22 23 30 1123 1130 1522 1523 1530 
m255 13 20 22 33 36 38 40 688 1013 1022 1033 1036 1038 1040 1113 1133 1136 1138 1140 1688 1813 1822 1833 1838 1840 2013 2033 2036 2038 3183 3536 4336 
m1175 36 40 41 46 49 1841 2036 2040 2046 2049 2336 2341 2346 2349 2486 2491 2496 4346 4836 4846 
m1236 22 38 45 46 1122 1138 1145 1146 1938 1945 1946 2296 2346 
m1242 
m1395 5 36 46 49 286 296 299 1849 2346 2349 2486 2499 4836 
m967 22 46 1122 1146 2346 
m2191 14 38 46 49 746 749 1914 1938 1946 1949 2346 2349 
m653 14 20 40 46 1014 1040 1046 2014 2046 3246 
m1869 45 2295 
m1322 14 46 49 2314 2346 2464 2496 4814 
m2718 22 38 46 1122 1138 1146 1922 1938 1946 2322 2338 2346 
m2604 37 41 46 49 1891 2337 2341 2346 2349 2487 2491 2496 4396 
m1749 23 36 45 46 1186 1196 1836 1846 2273 2286 2296 3686 4836 
m709 5 36 38 46 49 286 296 299 1849 1905 1936 1946 1949 2305 2336 2338 2346 2349 2486 2499 4836 4846 
m2488 14 22 36 40 41 46 714 722 736 741 1822 1836 1841 2014 2036 2041 2046 2072 2314 2322 2336 2341 3236 4314 4586 4814 
m418 5 36 38 46 49 1805 1838 1846 1849 1905 1938 1946 1949 2305 2488 2496 
m2064 38 49 1938 1949 
m505 38 41 46 49 1938 1946 1949 2088 2096 2099 2341 2346 2349 
m2137 14 22 40 46 714 746 1114 1146 2014 2022 2046 2314 2346 3246 4814 
m529 13 14 22 40 46 672 722 2013 2014 2040 2046 2313 2314 3164 
m2909 14 22 23 30 40 45 46 714 746 1114 1145 1146 1164 1172 1190 1195 1196 1514 1522 1523 1530 1540 1545 1546 2014 2022 2023 2030 2040 2045 2046 2264 2296 2314 3664 
m2544 38 40 46 49 1940 1946 2046 2346 2488 2490 2496 
m2347 5 23 30 38 40 273 280 290 1190 1523 1530 1540 1905 1923 1930 1940 2023 2030 2040 
m2550 26 32 36 38 46 1332 1336 1346 1832 1926 1936 1946 2332 2336 2346 4836 
m1466 22 23 36 41 1122 1123 1136 1141 1191 3686 4586 
m1105 23 26 30 40 46 1173 1180 1323 1330 1346 1523 2023 2026 2030 2046 2323 2330 3673 4823 
m2054 22 23 30 46 1123 1130 1146 1180 1523 1530 1546 2330 4823 
m2624 22 46 1146 2346 
m2807 22 45 46 1122 1146 2272 2296 2322 2346 4846 
m40 5 22 37 46 255 1105 1137 1146 1855 1887 1896 2305 2322 2337 2346 4837 
m1989 23 30 36 41 49 1191 1523 1530 1541 1823 1830 1836 1841 1849 2073 2080 2086 2091 2099 2473 2480 2486 2491 2499 
m1584 33 34 38 40 46 1690 1696 1733 1734 1738 1746 1933 1938 1940 1946 2333 2338 2340 2346 
m105 14 22 25 46 725 1114 1146 2325 3246 
m1067 36 46 49 2486 2496 4836 4846 
m2765 22 23 36 37 40 1122 1123 1136 1137 1140 1172 1173 1822 1823 1837 1840 1872 1873 2023 2036 2037 2040 3673 
m574 22 23 30 36 40 46 1122 1123 1130 1136 1140 1146 1172 1173 1522 1523 1530 1540 1546 1822 1823 1830 1840 1846 2022 2023 2030 2036 2040 2046 2322 2323 2330 2340 2346 3696 4823 
m1858 30 40 46 49 2030 2046 2049 2330 2349 2480 2496 4846 
m229 36 49 1836 1849 2486 2499 
m2236 14 30 46 730 746 2314 2330 2346 4814 4846 
m842 22 23 36 37 40 1122 1123 1136 1137 1140 1172 1173 1822 1823 1836 1837 1840 1872 1873 1886 1890 2022 2023 2036 2037 2040 3673 
m1075 22 23 36 40 1122 1123 1136 1140 1172 1173 1186 1190 1822 1836 1840 2022 2023 2036 2040 3673 4336 
m82 14 36 40 46 1814 1846 2014 2036 2046 3246 
m982 13 22 40 45 46 1122 1140 1145 1146 2013 2040 2046 2272 2290 2296 2313 2346 3196 
m1682 45 2295 
m451 38 41 46 1941 1946 2091 2341 
m747 22 37 46 1122 1137 1146 2322 2337 2346 4837 
m1742 40 45 46 2045 2046 2296 2346 4846 
m2837 22 30 37 40 46 1130 1137 1146 1537 1540 1546 1890 2340 4396 
m562 36 4336 
m1445 37 46 49 2346 2487 2496 4837 
m968 23 30 36 40 46 1180 1823 1830 1836 1846 2023 2030 2036 2040 2046 2323 2330 2336 2346 4323 4346 4823 4836 
m471 14 26 32 46 1314 1346 1626 1646 2314 2346 4814 
m1572 30 36 38 1530 1538 1838 1930 1936 1938 4036 4330 
m2103 22 38 44 45 46 1146 1922 1938 1945 1946 2272 2288 2294 2296 2344 2346 4846 
m1879 5 13 14 33 655 705 713 1655 1664 4163 
m650 46 2346 4846 
m2270 22 23 36 40 41 1172 1822 1841 2022 2023 2036 2041 2072 2073 4323 4336 4586 
m341 22 38 46 49 1122 1146 1149 1922 1938 1946 1949 2322 2346 2349 4846 
m95 22 23 30 46 1122 1123 1130 1146 1523 1530 1546 2330 2346 3696 4823 
m210 22 36 40 46 1122 1136 1140 1146 1836 1840 2022 2036 2040 2046 2322 2336 2340 2346 4836 
m1960 22 23 46 1123 1146 1172 2322 3696 
m1654 5 23 30 40 46 1155 1180 1505 1523 1530 1546 2005 2023 2030 2040 2046 2305 2323 2330 2340 4846 
m2839 6 14 32 36 314 332 732 1806 1814 1832 
m283 22 32 46 1122 1132 1146 1632 2322 2332 2346 
m2898 22 23 36 40 46 1123 1136 1140 1146 1172 1822 2022 2023 2036 2040 2046 2322 2323 2336 2340 2346 4323 4836 
m2057 22 46 1122 1146 2346 
m1437 23 36 42 1173 1186 1192 3686 4342 
m2477 44 46 49 2246 2249 2344 2346 2349 
m1562 22 40 46 1140 1146 2046 2322 2340 2346 
m2906 22 23 30 36 40 46 1122 1123 1130 1136 1140 1146 1172 1173 1522 1523 1530 1540 1546 1822 1823 1830 1840 1846 2022 2023 2030 2036 2040 2046 2322 2323 2330 2340 2346 3696 4823 
m294 22 23 1123 
m2812 22 23 36 38 41 1122 1123 1136 1141 1172 1822 1823 1922 1923 1936 1941 2072 2073 2086 2088 2091 3673 4323 4586 
m754 22 37 40 46 1137 1146 1890 2022 2037 2040 2046 2322 2337 2340 2346 4396 
m2832 36 46 2336 
m2791 26 36 46 49 1336 1346 2476 2486 2496 4836 4846 
m1209 36 40 46 49 1836 1840 1846 1849 2036 2040 2046 2049 2336 2340 2346 2349 2486 2490 2496 4346 
m975 22 38 46 1138 1146 1922 1938 1946 
m2703 13 38 46 1913 1938 1946 2313 
m2284 23 30 36 40 49 1180 1199 1549 1823 1830 1836 1840 1849 2023 2030 2036 2040 2049 2473 2480 2486 2490 
m2055 22 23 30 36 40 41 46 49 1122 1123 1130 1136 1140 1141 1146 1149 1172 1173 1190 1191 1522 1523 1530 1536 1540 1541 1546 1822 1823 1830 1836 1840 1841 1846 1849 2022 2023 2030 2036 2040 2041 2046 2049 2322 2323 2330 2336 2340 2341 2346 2473 2480 2486 2490 2496 3696 4823 
m557 22 37 38 46 49 1137 1146 1899 1922 1937 1938 1946 1949 2322 2337 2338 2346 2349 4396 
m2825 12 22 36 40 41 45 46 49 636 640 641 645 649 1145 1822 1836 1840 1841 1845 2012 2022 2036 2040 2041 2045 2046 2049 2072 2095 2272 2295 2336 2340 2349 2486 2490 2491 2495 3136 4336 4812 
m2184 13 38 1913 1938 
m2563 22 23 30 36 40 41 1122 1123 1130 1136 1140 1141 1173 1522 1523 1536 1822 1823 1830 1836 2022 2023 2030 2036 2072 2073 2080 2086 2090 2091 3673 4323 4586 
m2131 36 40 41 1836 1840 1841 2036 2040 2041 
m317 27 32 1382 
m2574 22 36 40 41 1136 1140 1141 1836 1840 1841 2036 2041 2072 2086 2090 2091 4586 
m244 36 46 2336 
m1592 14 22 41 46 722 2064 2072 2096 2314 2322 2341 2346 4814 
m2917 
m163 9 23 30 46 1159 1509 1523 1546 2309 2323 2346 4823 
m176 5 14 38 46 705 738 746 1905 1914 1938 1946 2305 
m976 23 46 2323 2346 4823 
m2038 22 36 46 49 1122 1146 1149 1822 1846 1849 2472 2496 
m1440 22 23 36 40 41 1123 1136 1140 1141 1173 1186 1190 1823 1836 2023 2036 2040 2072 2073 2086 2090 2091 3686 4323 
m1558 22 23 30 36 40 46 1122 1123 1130 1136 1140 1146 1172 1173 1522 1523 1530 1540 1546 1822 1823 1830 1840 1846 2022 2023 2030 2036 2040 2046 2322 2323 2330 2340 2346 3696 4823 
m1084 11 13 22 46 563 572 596 1113 1122 1146 2313 2322 2346 4846 
m1325 34 38 40 46 1734 1934 2034 2038 2040 2046 2334 2338 2346 
m710 14 22 46 722 2314 2322 2346 4814 
m1611 27 36 41 46 1386 1391 1396 1841 2336 2341 2346 4836 
m8 22 41 46 1141 1146 2091 2341 
m2485 12 14 40 46 712 2012 2014 2046 2314 2346 3146 3246 4812 
m509 14 38 46 738 2314 2338 2346 4814 
m1068 36 46 49 2486 2496 4836 4846 
m697 22 23 30 46 1122 1123 1130 1146 1180 1523 1530 1546 2323 2330 3673 4823 
m797 30 36 40 41 1536 1540 1541 1836 1840 1841 2036 2041 2091 4586 
m1648 37 40 46 1890 1896 2040 2046 2340 2346 4837 
m1952 36 40 46 49 1836 1846 2036 2040 2046 2049 2336 2346 2349 2486 2496 4336 4836 
m2766 22 23 36 40 41 1122 1123 1136 1140 1141 1172 1173 1822 1823 1836 1840 2022 2023 2036 2040 2041 2073 2086 2090 3673 4586 
m1982 22 23 41 1122 1123 1141 1172 2073 
m2264 13 38 1913 1938 
m1235 22 23 30 36 40 41 1123 1130 1136 1141 1173 1186 1191 1523 1536 1541 1836 2022 2023 2030 2036 2041 2073 2080 2086 2091 3673 3686 4323 4586 
m554 26 27 46 1326 1327 1346 1376 1396 2326 
m583 22 32 37 38 46 49 1132 1137 1146 1637 1646 1922 1938 1946 1949 2332 2337 2346 2472 2487 2496 4837 
m706 22 37 46 49 1122 1137 1146 1899 2346 2349 2496 4396 4837 
m1168 46 49 2346 2349 4846 
m316 13 22 33 36 40 1113 1122 1133 1136 1140 1686 1690 1813 2013 2036 4163 
m2079 14 33 46 1664 1696 2314 2346 4196 4814 
m1580 13 38 1913 1938 
m2939 22 23 36 40 1122 1123 1136 1140 1172 1173 1186 1190 1822 1823 1836 1840 2022 2023 2036 2040 3673 3686 4323 
m2088 22 37 40 46 1137 1146 2022 2037 2040 2046 2337 2346 4837 
m368 22 23 36 40 1123 1136 1140 1173 1186 1190 1823 1840 2023 2036 3673 4323 4336 
m2924 23 30 36 40 1180 1186 1523 1530 1536 1540 1830 2023 2030 2036 
m127 
m887 5 21 22 38 46 271 272 288 296 1121 1138 1146 1921 1946 2305 2321 2322 2338 2346 
m91 12 32 36 40 612 632 636 640 1612 1640 1812 2012 2036 4136 
m1478 22 23 30 36 40 41 46 1122 1123 1130 1136 1140 1141 1146 1173 1186 1190 1522 1523 1536 1540 1541 1823 1836 1840 1841 2023 2036 2040 2041 2073 2086 2090 2322 2323 2330 2336 2340 2341 2346 3673 3686 4323 4336 
m1539 32 46 1632 1646 2332 2346 4846 
m2324 26 39 46 1339 1346 2326 2339 4839 4846 
m2708 30 36 46 1536 1546 2330 2336 2346 4836 
m410 5 23 38 45 46 1155 1945 1946 2255 2273 2305 2323 2345 2346 4823 
m2654 22 26 33 1122 1126 1133 1676 
m1303 23 30 38 45 46 1180 1923 1930 1946 2273 2280 2288 2296 2323 2330 2338 2346 4823 
m1941 36 40 46 49 1840 1846 1849 2036 2040 2046 2049 2340 2346 2486 2490 2496 4336 4346 4846 
m932 23 31 45 46 49 1195 1196 1573 1595 1596 2295 2323 2345 2346 2473 2481 2496 
m2642 36 38 49 1838 1849 1936 1938 1949 
m359 12 22 36 38 40 46 612 636 1112 1122 1136 1138 1140 1146 1812 1836 1840 1846 1912 1922 1936 1938 1940 1946 2012 2022 2036 2038 2046 2312 2336 2346 3146 4812 4836 
m1980 46 
m1418 23 36 40 46 49 1190 1823 1836 1840 1846 1849 2023 2036 2040 2046 2336 2340 2346 2349 2473 2486 2490 4323 4346 4823 4836 
m2565 22 36 40 1122 1822 1836 1840 2022 2036 2040 
m2094 9 36 40 46 49 490 496 499 1840 1849 2049 2309 2336 2340 2346 2349 2459 2486 2490 2496 2499 2959 2986 
m971 36 41 1841 
m1335 22 40 46 1122 1140 1146 2022 2040 2046 2322 
m1662 36 37 40 1836 1837 1840 2036 2037 2040 
m276 13 38 688 1913 1938 
m2903 22 23 30 36 41 1123 1130 1136 1141 1186 1191 1523 1536 1841 2073 2080 2091 3673 4323 4586 
m1761 14 26 46 49 1314 1346 1349 2346 2464 2496 4814 
m694 22 23 36 41 1123 1822 1823 2072 2073 3673 4323 4586 
m2471 15 26 46 776 2326 4815 
m43 22 37 40 46 1122 1137 1146 2022 2037 2040 2046 2322 2337 2346 4837 
m2744 22 23 36 40 41 1122 1123 1136 1140 1141 1172 1173 1186 1822 1823 1836 1840 1841 2022 2023 2036 2040 2041 2072 2073 2086 2090 3673 4586 
m357 
m411 37 38 46 1888 1896 2337 2338 2346 
m851 31 36 46 1581 1586 1596 1836 2336 2346 4086 
m1386 22 23 30 46 1122 1123 1130 1146 1523 1530 1546 2330 2346 3696 4823 
m1199 46 2346 
m2646 22 23 36 40 41 46 1123 1136 1141 1146 1191 1822 1823 1836 1841 1846 2022 2023 2036 2040 2041 2046 2323 2336 2341 2346 3686 4341 4346 4823 
m723 5 23 24 40 46 273 274 290 296 1190 1240 1246 2023 2024 2040 2046 2340 3696 3723 
m2074 14 29 31 36 49 729 731 736 1579 1586 1814 1829 1831 1836 1849 2464 2479 2481 2486 3236 4086 4336 
m1984 22 30 36 40 1122 1136 1140 1522 1536 1540 1822 1836 1840 2022 2036 
m187 23 30 40 46 1180 2023 2030 2046 2330 2346 4823 
m1163 23 30 36 40 41 1173 1180 1186 1190 1191 1523 1823 1830 1836 1841 2023 2030 2036 2073 2080 2086 2090 2091 3673 4323 4586 
m1103 13 22 33 36 40 1113 1122 1133 1136 1140 1686 1690 1813 1840 2013 4163 
m2639 22 37 46 49 1137 1146 1899 2346 2349 2496 4396 4837 
m1040 23 45 2273 
m2875 14 22 23 30 46 722 1172 1514 1522 1523 1546 2314 2322 2323 2330 2346 3664 4814 4823 
m547 45 46 2296 2345 2346 
m2854 26 36 37 40 46 1346 1837 2036 2037 2040 2336 2337 2340 
m860 22 23 30 41 1123 1130 1141 1172 1173 1180 1191 1522 1523 1541 2072 2073 2080 2091 3673 
m2714 22 23 46 49 1123 1146 1196 2472 2473 2496 
m2157 5 45 295 
m1916 17 46 2317 2346 3396 4817 
m1488 32 36 40 46 2032 2036 2040 2046 2332 4332 4836 
m2605 22 23 36 40 46 1122 1123 1136 1146 1172 1822 1823 1836 2022 2023 2036 2040 2046 2322 2323 4323 4346 4836 
m1782 30 38 1930 1938 
m675 38 46 1938 1946 2338 2346 
m2494 32 36 38 46 1832 1932 1936 1946 2332 2336 2346 4836 
m2077 14 32 36 38 41 46 1614 1914 1932 1936 1938 1941 1946 2064 2082 2086 2314 2332 2336 2341 4136 4314 
m914 14 22 33 722 1672 4164 
m307 14 41 46 2064 2091 2096 2314 2346 4814 4846 
m252 22 40 46 1140 1146 2040 2046 2340 2346 
m1939 22 23 30 36 40 46 1122 1123 1130 1136 1140 1146 1172 1180 1186 1190 1196 1522 1523 1530 1536 1540 1546 1830 2022 2023 2030 2036 2046 2330 4836 
m2473 30 38 40 45 46 1930 1938 1946 2030 2038 2046 2280 2288 2290 2296 2330 
m297 22 23 30 36 40 46 1122 1123 1130 1136 1140 1146 1180 1523 1530 1536 1546 1830 1846 2022 2023 2030 2036 2040 2046 2330 4323 4823 
m2738 36 37 49 1836 1837 1849 2486 2487 2499 
m1720 14 20 38 46 49 720 1914 1946 1949 2320 2464 2496 4814 
m2282 8 46 49 408 446 449 2349 
m461 36 37 38 40 46 49 1836 1837 1838 1840 1846 1849 1886 1890 1936 1937 1938 1940 1946 2036 2037 2038 2040 2046 2336 2337 2338 2340 2346 2486 2487 2488 2490 2496 2499 
m308 22 30 40 46 1122 1130 1140 1146 1530 1546 2022 2030 2040 2046 2322 2330 2340 2346 
m197 22 23 30 36 40 41 46 1130 1146 1541 1546 1836 1841 2023 2036 2041 2073 2086 2323 2336 2340 2341 3686 4323 4591 
m2320 36 38 40 46 1840 1846 1936 1940 1946 2036 2038 2040 2046 2336 2338 2340 2346 
m651 12 23 30 36 41 612 630 636 641 1191 1523 1541 1812 1823 1830 1836 1841 2062 2073 2086 2091 3123 
m1696 12 13 22 27 36 40 622 636 640 672 686 690 1112 1113 1122 1136 1140 1362 1363 1372 1386 1390 1822 2022 2036 3162 
m1969 22 30 36 41 45 1130 1536 1541 2272 2280 4586 
m336 23 30 40 46 1190 1196 1523 1530 1540 1546 2040 2046 2340 
m1900 14 46 49 2314 2346 2464 2496 4814 
m815 22 23 36 40 41 1122 1123 1136 1140 1141 1172 1173 1822 1823 1836 1840 2022 2023 2036 2040 2072 2073 2086 2090 3673 4586 
m2024 12 13 20 22 36 40 622 636 640 670 672 686 690 1012 1022 1036 1040 1822 1840 2022 2036 3162 3536 4336 
m2665 22 46 1146 2322 2346 
m1743 22 30 36 40 41 49 1136 1140 1536 1541 1549 1830 1836 1840 1841 1849 2030 2036 2040 2041 2049 2072 2086 2090 2091 2099 2472 2486 2490 
m2554 22 30 36 40 41 46 49 1122 1130 1136 1140 1141 1146 1149 1522 1536 1546 1822 1846 2022 2030 2036 2040 2046 2049 2072 2090 2322 2472 2480 2486 2496 4346 4846 
m537 22 23 46 1122 1123 1146 1196 2323 3673 
m2235 14 46 2314 2346 4814 
m2662 36 46 2336 2346 4836 4846 
m1158 23 36 1173 1186 1823 1836 3673 3686 4323 
m2678 36 40 46 1840 1846 2036 2040 2046 2346 4346 
m2189 14 38 46 49 746 749 1914 1938 1946 1949 2346 2349 
m355 8 408 
m126 32 39 46 1632 1639 1646 1989 2339 2346 4496 4839 
m2616 45 46 2345 
m2332 3 23 30 36 49 180 186 199 1153 1180 1199 1549 1830 1849 3686 
m153 36 40 46 1840 2036 2040 2336 2340 
m1134 14 23 36 38 46 49 1164 1814 1823 1838 1846 1849 1914 1923 1946 1949 2323 2464 2473 2496 4814 
m319 22 36 40 46 1146 1822 1836 1840 1846 2022 2036 2040 2046 2322 2336 2340 2346 4336 4346 4836 
m1687 22 38 46 1138 1146 1938 1946 2338 
m948 22 44 46 1122 1144 1146 2322 2344 2346 4846 
m2653 22 23 36 40 46 49 1172 1822 1823 1836 1849 2023 2036 2040 2046 2049 2322 2323 2336 2349 2473 2486 3686 4336 4346 4836 
m2831 21 36 38 45 1095 1845 1921 1936 1945 3586 
m1529 14 38 46 1914 1946 2314 2346 4814 
m383 14 22 32 46 49 732 749 1114 1132 1146 1649 2314 2332 2346 2349 4814 
m1177 14 26 33 726 1314 1326 1333 1664 1676 1683 3233 
m1926 23 30 46 1180 1523 1530 1546 2330 4823 
m138 46 2346 
m2349 22 46 1122 1146 2346 
m1218 46 2346 4846 
m713 22 36 40 41 45 1122 1136 1140 1141 1145 1822 1836 1840 1845 2022 2036 2040 2045 2072 
m2675 5 12 41 45 46 296 2055 2062 2096 2255 2291 2296 2341 2345 4812 
m1083 22 23 30 36 37 40 46 49 1123 1130 1136 1137 1140 1146 1149 1180 1523 1530 1546 1822 1823 1830 1836 1837 1840 1846 1849 1872 1873 1880 1886 1890 1896 2022 2023 2030 2036 2037 2040 2046 2330 2346 2472 2473 2480 2486 2487 2490 2496 4396 4823 
m2728 22 23 36 37 40 1122 1123 1136 1137 1140 1172 1173 1822 1823 1836 1837 1840 1872 1873 2022 2023 2036 2037 2040 3673 
m123 22 26 44 46 1122 1126 1144 1146 1322 1344 1346 2222 2246 2322 2326 2344 2346 4846 
m2313 
m2387 13 22 33 36 40 672 686 690 1113 1133 1136 1140 1672 1686 1690 1822 2022 2036 3183 
m755 37 40 46 1890 2037 2040 2046 2337 2340 2346 4396 
m6 22 23 30 46 1122 1123 1130 1146 1180 1523 1530 1546 2330 4823 
m1227 14 40 46 2014 2040 2046 2314 2346 4814 
m2457 13 16 22 36 40 672 686 690 822 836 840 1113 1116 1122 1136 1140 1822 2022 2036 3166 
m206 22 36 40 46 49 1122 1136 1146 1149 1822 1836 1840 1846 1849 2022 2036 2040 2046 2049 2349 2472 2486 2490 2496 
m671 23 49 1173 2473 3673 
m162 22 23 36 1123 1136 1172 1173 1186 1822 1823 3673 
m204 23 26 30 33 40 46 49 1180 1323 1333 1340 1346 1673 1680 1696 2023 2030 2033 2046 2330 2476 2480 2483 2490 2496 4823 
m1766 23 30 36 40 1180 1523 1530 1536 1540 1830 2023 2030 2036 2040 4323 
m1829 30 46 2330 2346 4846 
m2593 15 22 32 46 782 1115 1122 1132 1146 1615 1622 1632 1646 2315 2322 2332 2346 4815 
m1349 37 46 1896 2346 4837 
m1078 22 36 37 40 46 1122 1136 1140 1146 1822 1836 1837 1840 1846 1872 1896 2022 2036 2037 2040 2046 2322 2337 2346 4387 4396 4837 4846 
m2451 22 23 30 36 41 1123 1130 1136 1141 1186 1191 1523 1536 1541 1841 2073 2080 2091 3673 4323 4586 
m396 23 36 41 46 1836 1841 1846 2073 2086 2323 2341 4323 4836 
m869 32 40 46 1632 1640 1646 2032 2040 2046 2332 2340 2346 
m2878 14 23 30 46 1514 1523 1546 2314 2323 2330 2346 3664 4814 4823 
m2721 22 23 30 36 40 46 1122 1123 1130 1136 1140 1146 1180 1522 1523 1536 1540 1546 1822 1823 1830 1836 1840 1846 2022 2023 2030 2036 2040 2046 2322 2323 2330 2340 4823 4846 
m946 22 23 41 46 1123 1141 1146 1173 1191 1196 2073 2323 2341 3673 4823 
m996 14 22 32 46 722 732 746 1132 1146 2332 4846 
m1988 23 30 36 38 40 46 1180 1186 1190 1523 1530 1536 1540 1546 1830 1923 1930 1936 1940 1946 2023 2030 2036 2038 2040 2046 2323 2330 2340 4836 
m1037 22 23 30 36 38 40 41 46 1122 1123 1130 1136 1140 1146 1172 1173 1180 1186 1190 1522 1523 1530 1536 1540 1546 1823 1840 1922 1923 1930 1938 1941 1946 2023 2030 2036 2038 2040 2041 2046 2072 2073 2080 2086 2096 2322 2330 2336 2340 2346 3696 4823 
m1182 22 30 40 46 1130 1146 2022 2030 2046 2322 2330 2346 
m1671 36 38 1936 1938 
m2579 22 23 36 41 1122 1123 1172 1173 1822 1823 1841 2072 2073 2091 3673 4586 
m955 22 23 46 1123 1146 1196 
m1768 22 37 40 46 1122 1137 1140 1146 1890 2022 2037 2040 2046 2337 2340 2346 4837 
m2025 22 23 30 36 40 46 1122 1123 1130 1136 1140 1146 1172 1173 1522 1523 1530 1540 1546 1822 1823 1830 1840 1846 2022 2023 2030 2036 2040 2046 2322 2323 2330 2336 2340 2346 3696 4823 
m11 37 
m1171 22 23 36 41 1122 1123 1172 1173 1822 1823 2072 2073 3673 4586 
m1222 14 46 714 3246 
m2686 12 36 46 49 612 636 646 649 1812 1849 2312 2336 2346 2349 2462 2486 2496 2499 4812 
m358 5 22 38 46 1122 1146 1905 1922 1938 1946 2305 2346 
m2557 22 30 36 40 41 46 49 1122 1130 1136 1140 1141 1146 1149 1522 1536 1546 1822 1830 1836 1840 1846 1849 2022 2030 2036 2040 2046 2049 2072 2090 2322 2472 2480 2486 2490 2496 4346 4846 
m87 22 23 30 46 1122 1123 1130 1146 1523 1530 1546 2330 2346 3696 4823 
m1360 12 30 36 46 49 1512 1530 1546 1812 1830 1836 1846 1849 2346 2480 2496 2499 4812 
m727 5 36 46 49 286 296 299 1836 1846 1849 2336 2346 2349 2486 2496 4336 4836 
m2698 37 1887 
m344 22 36 40 41 46 49 1136 1140 1146 1149 1822 1840 1846 1849 2022 2046 2072 2086 2090 2096 2322 2336 2340 2346 2349 2490 2496 4336 
m2283 23 30 36 49 1180 1199 1549 1823 1830 1849 2473 2480 2486 
m2385 23 45 46 1195 2296 2345 2346 3696 4823 
m840 5 23 24 40 46 273 274 290 296 1190 1240 1246 2023 2024 2040 2046 2340 3696 3723 
m584 37 46 1896 2346 4837 
m2345 22 37 40 46 1122 1137 1140 1146 2022 2037 2046 2322 2337 2346 4837 
m1857 30 36 38 40 46 1830 1930 1936 1940 1946 2030 2036 2046 2330 2336 2340 2346 4836 
m2420 6 14 23 32 36 314 332 732 1156 1164 1182 1806 1814 1832 3686 
m2868 14 23 30 46 1514 1523 1546 2314 2323 2330 2346 3664 4814 4823 
m447 36 41 1841 
m763 22 23 30 36 40 45 46 1123 1130 1136 1140 1146 1180 1523 1530 1536 1546 1830 2023 2030 2036 2046 2272 2273 2280 2286 2290 2296 2330 2336 4323 4823 
m904 14 22 36 41 46 714 736 1114 1122 1136 1141 1146 1836 2064 2072 2086 2314 2322 2336 2341 3236 4314 4586 4814 
m2602 22 23 36 40 41 46 49 1136 1140 1146 1172 1186 1190 1196 1199 1822 1823 1836 1840 1846 1849 2022 2023 2036 2040 2046 2049 2072 2073 2086 2099 2322 2323 2336 2340 2341 2349 2472 2473 2486 2490 2496 2499 3686 4323 4336 4836 
m508 32 38 46 1632 1646 1932 1938 1946 2332 2346 
m1803 14 26 726 
m1240 14 40 46 2014 2040 2046 2314 2346 4814 4846 
m2504 12 26 40 46 626 2012 2026 2046 2312 2326 2340 2346 4812 
m429 8 32 37 38 46 49 408 432 438 446 449 1637 1646 1932 1946 2332 2337 2346 2482 2487 2488 2496 
m88 22 23 24 38 40 46 1123 1146 1190 1222 1240 1246 1923 1924 1938 1940 1946 2022 2023 2024 2040 2046 2340 3696 3723 
m2750 6 14 36 49 706 714 736 749 1806 2456 2486 
m1126 17 22 38 46 888 1117 1138 2322 2338 4817 
m2566 26 40 46 2026 2040 2046 2326 
m315 22 23 30 36 1123 1130 1136 1172 1180 1522 1822 1823 1830 
m1377 23 30 38 40 46 1180 1923 1930 1946 2023 2038 2046 2330 4823 
m1516 22 24 1124 
m748 12 13 22 27 36 40 622 636 640 672 686 690 1112 1113 1122 1136 1140 1362 1363 1372 1386 1390 1822 2022 2036 3162 
m2400 36 37 40 46 1840 1886 1890 1896 2036 2037 2040 2046 2336 2340 2346 4346 4837 
m202 22 37 40 46 1137 1140 1146 1890 2022 2037 2040 2046 2337 2340 2346 4837 
m61 22 23 30 41 46 1122 1123 1130 1141 1146 1522 1541 1546 2072 2073 2322 2323 2341 2346 
m1561 12 13 22 32 36 40 622 636 640 672 686 690 1112 1113 1122 1136 1140 1612 1613 1622 1636 1640 1822 2022 2036 3162 
m433 14 23 30 46 1514 1523 1546 2314 2323 2330 2346 3664 4814 4823 
m2286 14 38 46 1914 1946 4814 
m2713 22 37 46 1122 1137 1146 4837 
m2797 21 38 46 1921 1946 2321 2346 4846 
m542 36 37 40 41 1841 1886 1890 1891 2036 2041 2086 2087 2090 2091 
m1679 37 40 46 1890 2037 2040 2046 2337 2340 2346 4396 
m250 22 23 30 36 40 41 46 1122 1123 1130 1136 1140 1141 1146 1180 1522 1523 1536 1540 1546 1822 1823 1830 1836 1840 1841 1846 2022 2023 2030 2036 2040 2041 2046 2072 2086 2090 2322 2323 2330 2340 4823 4846 
m893 23 24 40 46 1190 1240 1246 2023 2024 2040 2046 2340 3696 3723 
m1644 23 30 41 46 1180 2073 2080 2096 2323 2330 2341 4823 4846 
m1281 14 37 38 46 737 738 746 1888 1896 2338 
m2021 14 40 46 2014 2040 2046 2314 2346 4814 
m2613 22 23 24 40 46 1122 1123 1124 1146 1190 1222 1240 1246 2022 2023 2024 2046 2340 3696 3723 
m2845 22 36 40 1122 1136 1140 2036 
m493 22 45 46 1145 2322 2345 2346 
m2943 22 38 46 49 1122 1138 1146 1149 1922 1938 1946 2322 2346 2349 
m1618 32 37 1632 1637 1882 
m2413 
m2033 22 23 30 36 40 41 46 1122 1123 1130 1136 1140 1141 1146 1180 1522 1523 1536 1540 1546 1822 1823 1830 1836 1840 1846 2022 2023 2030 2036 2040 2046 2072 2086 2090 2322 2323 2330 2340 4823 4846 
m2098 22 37 45 46 49 1122 1137 1145 1146 1895 2322 2345 2346 2472 2487 2495 2496 4396 4837 
m2793 22 23 46 1122 1123 1146 2346 3696 4823 
m453 14 36 40 46 740 1814 1840 2014 2036 2040 2046 2336 2340 2346 3246 4346 4814 
m959 22 32 46 1122 1132 1146 2322 2332 2346 4846 
m2541 23 30 36 40 41 1173 1180 1186 1190 1523 1530 1536 1540 1823 1830 1836 1840 2023 2030 2036 2040 2073 2080 2086 2090 3673 4323 
m2115 22 30 36 40 41 1122 1130 1136 1140 1141 1522 1536 1540 1840 2036 2040 2072 2080 2086 2090 
m2340 14 38 1914 
m1645 22 23 27 30 36 40 49 1123 1130 1136 1172 1173 1177 1180 1186 1190 1199 1372 1373 1380 1386 1522 1523 1527 1530 1536 1540 1549 1822 1823 1827 1830 1836 1849 2022 2023 2027 2030 2036 2040 2049 2472 2473 2477 2480 2486 2499 3686 4336 
m2922 14 22 36 38 46 722 1814 1822 1914 1936 1946 2314 2322 2336 2346 4814 
m2026 14 40 46 2014 2046 2314 2346 4814 
m1789 16 36 46 49 1816 1846 2316 2346 2466 2486 2496 
m1424 23 36 1186 
m2370 22 37 46 49 1872 2322 2346 2487 2496 4396 4837 
m1846 21 23 36 1071 1073 1821 4321 4323 4336 
m259 30 36 40 46 1830 2030 2036 2046 2330 2336 2340 2346 4836 
m1511 22 46 1122 1146 
m2190 11 13 33 661 1661 4163 
m236 28 36 38 1928 1936 1938 4328 
m1554 13 33 4163 
m2533 46 2346 
m749 22 37 40 46 1137 1146 2022 2037 2046 2337 2346 4837 
m301 22 23 30 38 40 41 1123 1140 1523 1530 1538 1923 1930 2022 2023 2030 2040 2072 2090 
m604 13 22 33 36 38 40 1113 1122 1133 1136 1138 1140 1813 1833 1838 1840 1913 1933 2013 2033 2038 4163 
m179 22 30 36 49 1122 1136 1522 
m1685 22 36 40 45 1122 1136 1140 1145 1836 1840 1845 2036 2040 2045 2286 2290 
m495 23 36 41 46 1836 1841 1846 2073 2086 2323 2341 4323 4836 
m1600 22 23 45 1123 1173 1195 3673 
m668 12 22 23 36 40 46 49 636 649 1172 1186 1199 1822 1836 1840 2022 2036 2322 2336 2349 2486 3123 3146 3686 4336 4823 
m2842 13 36 38 686 688 1838 
m500 22 23 36 40 1122 1123 1136 1140 1173 1823 2023 2036 3673 
m2293 37 46 49 1899 2346 2349 2496 4396 4837 
m378 22 23 45 1123 1145 1172 1173 2272 2273 3673 
m2254 
m1314 22 23 30 36 40 41 1122 1123 1130 1136 1140 1173 1522 1523 1536 1822 1823 1830 1836 2022 2023 2030 2036 2072 2073 2080 2086 2090 2091 3673 4323 4586 
m2780 22 36 40 41 1136 1140 1141 1836 1840 1841 2036 2041 2072 2086 2090 2091 4586 
m2256 22 23 30 41 1123 1130 1172 1173 1180 1191 1522 1523 1530 1541 2072 2073 2080 
m2091 27 38 46 1927 1946 2327 
m581 10 26 32 46 526 532 546 1310 1326 1332 1346 1610 1626 1632 1646 2310 2326 2332 2346 
m1210 22 36 37 40 46 1122 1136 1137 1140 1146 1837 2036 2037 2040 2046 2322 2336 2337 2340 2346 4346 4396 
m717 33 45 46 1695 2283 2295 2333 2345 
m2828 14 44 46 49 744 746 2344 2464 2494 2496 
m536 5 36 38 46 49 255 286 288 296 299 1805 1836 1838 1846 1849 1905 1936 1946 2346 2349 2486 2499 4836 
m2331 41 46 49 2341 2491 2496 
m1736 26 30 36 44 46 1330 1336 1344 1346 1830 2230 2330 2336 2344 2346 4736 
m1052 23 36 40 41 1173 1823 1836 1840 1841 2023 2036 2040 2041 2073 2086 2090 2091 3686 4323 
m819 22 23 41 1123 1173 1191 3673 
m565 23 30 33 38 46 1180 1523 1530 1533 1546 1680 1923 1930 1933 1946 2323 2330 2333 2346 4173 4823 
m1041 22 23 1123 
m1491 32 36 38 46 49 1632 1636 1649 1849 1932 1936 1938 1946 1949 2332 2336 2346 2349 
m1160 5 13 38 46 263 296 1905 1913 1938 1946 2305 2313 2346 4813 
m1276 27 38 46 1927 1938 1946 2327 
m2213 13 17 45 46 49 2263 2267 2295 2296 2313 2317 2349 2463 2467 3363 
m2071 5 36 38 46 49 286 296 299 1849 1905 1936 1938 1946 2346 2349 2486 2499 4836 
m169 37 46 1896 2337 2346 4846 
m220 5 45 46 2296 2305 2346 
m1815 22 23 30 36 41 1122 1123 1130 1136 1141 1172 1173 1180 1523 1822 1823 1830 2072 2073 3673 4586 
m1238 5 26 36 46 49 50 276 296 300 1346 1350 1805 1826 1846 1849 1850 2305 2326 2346 2349 2350 2455 2476 2496 2500 
m1230 10 37 46 537 546 4396 
m124 36 46 49 1846 1849 2346 2349 2496 4836 
m2166 22 23 30 38 1122 1123 1130 1138 1173 1180 1523 1922 1923 1930 1938 3673 
m1010 22 36 40 41 1136 1141 1836 1840 2036 2086 2090 4586 
m1944 5 37 46 1855 2305 2337 2346 4837 
m1074 6 14 36 46 49 314 706 714 736 746 749 1806 1814 1846 2306 2456 2464 2486 2496 4814 
m1775 46 2346 
m1674 22 38 46 1122 1138 1146 1922 1938 1946 2322 2338 
m369 30 38 40 45 46 1930 2030 2038 2045 2046 2280 2288 2296 2330 2338 
m327 30 36 37 40 46 1536 1537 1540 1546 1837 1840 1846 1890 2037 2046 2340 4396 
m164 26 41 46 1341 1346 2341 
m1793 12 13 46 662 696 2312 2346 3196 4812 
m2660 22 30 36 40 41 1136 1141 1522 1536 1540 1541 1822 1836 1840 1841 2022 2036 2040 2041 2086 4336 4586 
m2537 14 22 38 46 1114 1146 1914 1922 1938 1946 2314 2322 2346 4814 
m579 30 36 37 40 46 1536 1537 1540 1546 1837 1840 1846 1890 2037 2046 2340 4396 
m279 14 22 36 45 46 714 746 1114 1122 1136 1145 1146 1846 2264 2286 2296 3236 3246 4314 
m1283 11 13 22 33 36 40 661 1113 1122 1133 1136 1140 1661 1811 1813 1833 1840 2011 2013 2033 4163 
m1449 36 40 41 46 1841 2036 2041 2086 2090 2091 2336 2340 2341 4336 4836 4846 
m1422 22 23 36 40 41 1123 1141 1173 1186 1190 1823 1836 2023 2036 2040 2072 2073 2086 2090 2091 3686 4323 
m1049 22 30 40 46 1122 1130 1146 2022 2030 2046 2330 
m1469 22 23 1122 1123 1173 3673 
m1403 8 408 
m166 37 40 46 1890 2037 2040 2046 2337 2340 2346 4396 
m240 5 13 22 33 36 40 46 263 272 283 286 290 672 686 690 1113 1122 1133 1136 1140 1672 1686 1690 1822 2022 2036 2305 2313 2322 2333 2336 2340 3183 
m865 22 23 36 40 41 1122 1123 1136 1140 1173 1186 1190 1823 1836 2022 2023 2036 2040 2072 2073 2086 2090 2091 3686 4323 
m1435 27 38 46 1927 1946 2327 
m1550 22 23 36 40 41 1122 1136 1140 1141 1173 1186 1190 1823 1836 1840 1841 2022 2023 2036 2040 2041 2073 2086 2090 2091 3686 4323 
m1304 36 46 2336 2346 4836 
m1806 13 45 46 2263 2295 2296 2313 2346 3196 
m1864 22 30 37 46 1130 1137 1146 1880 2330 4396 
m2358 38 46 1938 1946 
m2838 30 38 46 1930 1938 1946 2330 2338 2346 4846 
m601 14 22 30 38 46 730 1114 1130 1138 1146 1914 1930 1946 2330 3246 
m1896 13 20 22 32 36 40 672 686 690 1013 1022 1032 1036 1040 1122 1136 1140 1613 1622 1636 1640 1822 2022 2036 
m2266 13 38 1913 1938 
m2795 41 
m2224 29 36 41 1829 1836 2079 2086 4336 
m2078 36 40 46 2036 2046 2336 2340 2346 4836 4846 
m1593 12 36 38 41 46 641 1841 1912 1936 1938 1941 1946 2062 2086 2091 2096 2312 2336 2341 4312 
m2061 14 22 36 41 46 714 722 736 741 1822 1836 1841 2072 2314 2322 2336 2341 3236 4314 4586 4814 
m1148 17 38 40 46 888 1917 1946 2017 2038 2046 2338 4817 
m1842 12 14 46 712 746 2312 2346 3246 4812 
m2683 32 36 38 40 46 1832 1932 1936 1946 2036 2038 2046 2332 2336 2346 4836 
m2260 8 10 38 508 1908 1910 
m2027 14 40 46 2014 2040 2046 2314 2346 4814 4846 
m2211 22 26 44 46 1122 1144 1146 1322 1344 1346 2344 2346 
m1336 5 30 37 38 46 280 1855 1880 1896 1905 1930 1937 1946 2305 2330 
m2407 28 38 1928 1938 
m1623 14 22 40 46 746 1114 1146 2014 2046 2346 
m2536 13 22 38 672 1113 1138 1913 1922 
m1811 6 23 36 46 1156 1186 2306 2323 2336 4306 
m899 5 13 22 26 33 36 40 263 272 283 286 290 672 686 690 1113 1122 1133 1136 1140 1305 1313 1322 1333 1336 1340 1655 1663 1672 1683 1686 1690 1822 2022 2036 3183 
m147 23 36 40 46 49 1190 1840 1846 2023 2036 2040 2046 2049 2323 2336 2340 2346 2349 2473 2486 2490 2496 3696 4323 4346 4823 4836 
m2417 22 23 36 40 41 1123 1136 1140 1173 1822 1823 1836 1840 2022 2023 2036 2040 2072 2073 2086 2090 3673 4323 4586 
m237 30 36 38 46 1830 1936 1946 2330 2336 2346 4836 
m1343 22 23 38 46 1172 1922 1923 1938 1946 2322 2323 2346 
m1458 5 37 46 287 1855 2305 2337 
m641 22 23 1122 1123 1173 3673 
m2273 23 38 1923 
m2670 36 41 1836 1841 2086 2091 4586 
m2274 13 38 1913 1938 
m2774 36 38 40 46 1840 1846 1936 1940 1946 2036 2046 2340 
m1119 22 30 36 40 46 1130 1136 1140 1146 1536 1540 1546 1840 2030 2036 2040 2046 2330 2336 2340 2346 4346 
m2890 14 22 32 36 40 45 46 714 722 732 736 740 746 1114 1145 1146 1614 1622 1632 1640 1646 1814 1822 1840 2014 2022 2040 2045 2046 2264 2282 2286 2314 2322 2332 2336 2345 2346 3246 4332 4346 
m2368 21 22 23 36 41 1121 1122 1123 1171 1172 1173 1821 1822 1823 2071 2072 2073 3673 4586 
m750 5 32 1605 
m155 22 
m2911 14 23 30 38 46 723 730 738 746 1180 1523 1530 1546 1923 1930 1946 2323 2330 2338 2346 4823 
m275 13 38 688 1913 1938 
m2228 22 23 36 41 1122 1123 1136 1141 1172 1173 1186 1191 1822 1823 2072 2073 3673 4586 
m1992 22 23 30 36 40 41 46 1122 1123 1130 1136 1140 1141 1146 1191 1523 1536 1541 1546 1841 1846 2023 2030 2036 2040 2041 2046 2072 2341 3696 4323 
m702 23 30 38 1180 1188 1523 1530 1538 1938 
m54 23 30 46 1180 1523 1530 2330 4823 
m1223 22 36 37 40 46 1122 1136 1137 1146 1837 1872 2036 2037 2046 2322 2336 2337 2340 2346 4346 4396 
m27 23 46 2323 2346 4823 
m2821 22 23 36 40 41 1172 1186 1190 1191 1822 1836 1840 1841 2022 2023 2036 2040 2041 2072 2073 2086 2090 2091 3686 4323 4336 4586 
m18 22 23 36 38 40 41 1122 1123 1136 1140 1173 1186 1190 1823 1836 1922 1923 1936 1940 1941 2022 2023 2036 2040 2072 2073 2086 2090 3686 4323 
m1841 22 23 30 36 40 41 46 1122 1123 1130 1136 1140 1141 1146 1172 1173 1180 1186 1190 1191 1523 1536 1540 1541 1841 2023 2036 2041 2072 2073 2080 2086 2090 2091 2096 2322 2323 2330 2341 2346 3673 4323 
m1152 36 40 41 46 1840 2036 2040 2041 2046 2086 2090 2096 2336 2340 2346 4346 4846 
m2351 32 36 46 49 1636 1646 1849 2332 2336 2346 2349 4136 4336 4836 
m132 22 23 30 46 1123 1130 1146 1180 1523 1530 1546 2330 4823 
m2796 5 32 36 45 46 49 282 286 295 299 1636 1645 1649 1845 1849 2255 2282 2286 2295 2299 2305 2332 2336 2345 2349 2495 4136 4336 
m2625 23 30 46 1523 1530 1546 2346 3696 4823 
m829 22 23 30 40 46 1122 1123 1130 1140 1146 1180 1196 1523 1530 1546 2022 2023 2030 2046 2330 3673 4823 
m1547 36 38 1936 
m2128 16 26 36 40 46 49 826 1826 2016 2036 2046 2316 2326 2346 2466 2486 2490 2496 3336 3346 4346 4836 
m2448 22 23 46 49 1123 1146 1149 1173 2323 2473 2496 3673 4823 
m1565 22 40 46 1146 2046 2322 2340 2346 
m518 22 23 30 36 40 41 46 1122 1123 1130 1136 1140 1141 1146 1180 1522 1523 1536 1540 1546 1822 1823 1830 1836 1840 1846 2022 2023 2030 2036 2040 2046 2072 2086 2090 2322 2323 2330 2340 4823 4846 
m618 8 41 46 49 408 446 449 2058 2096 2099 2349 
m2080 22 37 49 1122 1137 1149 1872 1899 2472 2487 2499 
m2460 22 23 30 36 40 41 1122 1123 1130 1136 1140 1173 1522 1523 1536 1822 1823 1830 1836 2022 2023 2030 2036 2072 2073 2080 2086 2090 2091 3673 4323 4586 
m964 12 36 46 49 646 649 1849 2336 2346 2349 3136 4812 
m2484 15 22 27 38 46 777 1115 1127 1146 1915 1922 1938 1946 2315 2327 2346 
m2921 5 37 45 46 1855 1895 2255 2305 2337 2345 2346 4837 4846 
m2031 32 36 38 46 49 1632 1636 1649 1849 1932 1936 1938 1946 1949 2332 2336 2338 2346 2349 
m442 22 23 24 40 46 1123 1124 1140 1146 1190 1240 1246 2023 2024 2040 2046 2340 3696 3723 
m2365 23 30 46 1523 2323 2330 2346 4823 
m1415 13 33 36 49 663 683 686 699 1663 1683 1686 1699 1833 1849 2463 2483 2486 3183 
m1765 37 40 41 46 1891 2037 2041 2046 2087 2090 2091 2096 2337 2340 2341 2346 4396 
m1305 5 38 46 1905 1946 2305 
m2547 31 36 1581 1586 1831 1836 4086 
m1744 14 40 45 46 2014 2040 2046 2264 2290 2296 2314 2346 3214 4814 
m2276 13 38 1913 1938 
m2768 5 13 33 46 655 1655 2305 2313 2333 4163 
m482 13 16 38 46 1913 1916 1946 2313 2316 3313 
m1150 23 46 2346 4823 
m624 22 23 27 30 36 40 49 1172 1186 1199 1373 1380 1386 1399 1522 1523 1527 1530 1536 1549 1822 1823 1827 1830 1836 1840 1849 2023 2027 2030 2036 2040 2049 2472 2473 2477 2480 2486 2499 3686 4336 
m247 22 23 36 41 1123 1136 1141 1186 1823 2072 2073 2086 2091 3673 4586 
m556 22 36 40 44 46 1136 1144 1146 1822 1836 1846 2022 2036 2044 2046 2236 2246 2322 2336 2344 2346 4346 4736 4836 4846 
m2119 22 40 46 1146 2046 2322 2340 2346 
m151 23 36 41 49 1191 1823 1836 1841 1849 2473 2486 2491 3686 4323 4336 4341 
m833 22 23 30 1122 1123 1130 1172 1173 1180 1522 1523 1530 3673 
m1054 38 46 1938 2338 
m1057 33 34 38 40 46 1690 1696 1733 1734 1738 1746 1933 1938 1940 1946 2333 2338 2340 2346 
m1323 22 23 36 40 41 1122 1123 1136 1140 1141 1173 1186 1190 1823 1836 1840 1841 2022 2023 2036 2040 2041 2072 2073 2086 2090 2091 3686 4323 
m74 26 36 46 1336 1346 4836 4846 
m2870 22 23 30 36 37 40 41 46 49 1123 1130 1137 1141 1146 1190 1191 1523 1537 1541 1546 1822 1823 1830 1836 1837 1840 1846 1873 1890 1891 1896 2022 2030 2036 2037 2040 2041 2046 2086 2091 2099 2340 2341 2346 2486 2490 2499 4396 4823 
m2702 22 23 36 40 41 1122 1123 1136 1140 1141 1172 1173 1186 1822 1823 1836 1840 1841 2022 2023 2036 2040 2041 2072 2073 2086 2090 3673 4586 
m2302 22 37 40 46 1872 2037 2040 2046 2322 2337 2346 4837 
m1132 13 22 36 40 1113 1122 1136 1140 1813 1840 2013 
m520 36 37 40 46 49 1886 1890 2036 2037 2046 2336 2337 2340 
m30 14 23 30 36 40 46 730 1180 1814 1823 1830 1846 2014 2023 2030 2036 2040 2046 2314 2323 2330 2346 3223 4346 4814 4823 
m832 22 30 36 40 46 1122 1130 1136 1146 1522 1536 1822 2022 2030 2036 2322 2330 2336 2340 2346 4836 
m2023 5 17 41 46 255 867 891 2055 2091 2317 2341 2346 4817 
m2857 13 22 36 38 40 1113 1122 1136 1138 1140 1813 1840 1913 1936 1940 2013 
m190 22 23 30 36 40 46 49 1122 1123 1130 1136 1140 1146 1149 1172 1173 1522 1523 1530 1540 1546 1822 1823 1830 1840 1846 2022 2023 2030 2036 2040 2046 2322 2323 2330 2336 2340 2346 2349 2480 2486 2490 2496 3696 4823 
m81 14 46 2314 2346 4814 
m2404 22 23 41 1123 1141 1173 2073 3673 
m1714 14 46 714 746 2314 2346 4814 
m870 14 46 49 2314 2346 2464 2496 4814 
m2186 13 38 1913 1938 
m689 5 14 22 23 30 41 46 49 273 280 291 705 723 730 741 1123 1130 1172 1173 1180 1522 1523 1530 1541 2072 2073 2080 2305 2323 2330 2341 2346 2464 2496 2499 3673 4814 
m56 32 37 1882 
m1974 23 37 46 49 2323 2473 2487 2496 3687 4837 
m2636 22 37 45 46 1122 1137 1145 1146 1872 2272 2287 2296 2322 4837 
m2185 11 13 33 661 1661 4163 
m1095 13 22 23 32 672 673 1113 1122 1123 1172 1613 1622 1623 
m2172 36 46 49 1849 2346 2349 2486 2499 4836 
m2132 30 46 2330 2346 4846 
m1342 11 13 23 30 33 563 573 580 583 673 680 1173 1180 1513 1523 1530 1533 1673 1680 3183 3673 
m2881 23 28 36 1178 1186 1823 1828 1836 3673 
m409 36 40 41 1836 1840 1841 2036 2040 2041 2086 2090 2091 
m757 37 40 46 1890 2037 2040 2046 2337 2340 2346 4396 
m1934 41 2091 
m31 26 38 41 1326 1338 1341 1926 1941 2076 2088 4591 
m1450 36 40 46 49 1836 1840 1846 1849 2036 2040 2046 2049 2336 2340 2346 2349 4346 4836 4846 
m1538 11 13 22 46 563 572 596 696 1111 1113 1122 1146 
m2569 16 22 23 30 46 830 1116 1122 1123 1130 1146 1523 1546 2316 2330 2346 3323 3346 3696 4823 
m2428 46 
m2434 22 36 40 41 46 1136 1140 1141 1146 1822 1836 1841 2022 2036 2041 2046 2072 2086 2090 2091 2096 2322 2336 2340 2341 2346 4346 4586 4836 
m214 22 36 40 46 49 1136 1140 1146 1836 1846 2022 2036 2040 2046 2049 2336 2346 2349 2486 2496 4336 4836 
m1125 14 22 46 1114 1122 1146 2314 2346 4814 
m2120 5 36 38 46 49 286 296 299 1905 1936 1946 2346 2349 2486 4836 
m930 6 43 4656 
m2208 28 36 1828 1836 
m2360 22 23 41 1122 1123 1173 2072 2073 3673 
m374 22 23 36 40 46 49 1123 1136 1146 1199 1822 1823 1836 1840 1846 1849 2022 2023 2036 2040 2046 2049 2323 2336 2346 2349 3686 4346 4823 4836 
m1754 26 41 46 1341 1346 2341 
m2454 22 23 30 36 40 46 1122 1123 1130 1136 1140 1146 1172 1173 1522 1523 1530 1540 1546 1822 1823 1830 1840 1846 2022 2023 2030 2036 2040 2046 2322 2323 2330 2340 2346 3696 4823 
m864 36 37 40 46 1837 1846 2036 2037 2040 2046 2337 2346 4346 4837 
m796 14 36 46 714 3236 3246 4814 4836 
m14 22 46 1122 1146 2322 2346 
m1106 22 23 36 40 41 1123 1136 1140 1141 1173 1823 1836 1840 1841 2023 2036 2040 2041 2072 2073 2086 2090 2091 3686 4323 
m278 23 30 46 1180 1523 1530 1546 2330 4823 
m2515 5 23 24 38 40 46 273 274 290 296 1190 1240 1246 1905 1923 1924 1938 1940 1946 2023 2024 2040 2046 2340 3696 3723 
m1108 23 30 36 41 1173 1180 1186 1191 1523 1530 1536 1541 1823 1830 1836 1841 2073 2080 2091 3673 4323 4586 
m2835 13 36 38 40 41 686 690 691 1841 1913 1936 1941 2036 2041 2063 2086 2088 2090 2091 
m159 14 22 36 38 41 46 714 736 1114 1136 1836 1914 1922 1936 1941 2064 2072 2086 2314 2322 2336 2338 2341 3236 4314 4586 4814 
m993 32 36 41 46 1641 1646 2332 2336 2341 2346 4136 4586 
m2167 12 22 23 30 36 40 46 612 622 623 630 636 640 646 1112 1123 1136 1140 1146 1162 1173 1512 1523 1536 1546 1812 1822 1823 1830 1836 1846 2012 2022 2023 2030 2036 2046 2312 2322 2323 2336 2346 3123 3686 4346 4812 
m731 22 38 46 1138 1146 1922 1938 1946 
m2729 23 30 1173 1180 1523 1530 3673 
m2524 22 23 30 46 1122 1123 1146 1180 2330 2346 4823 
m473 13 38 46 1913 1946 2313 
m1587 3 22 23 36 40 41 46 172 186 190 1122 1136 1140 1146 1191 1822 1823 1836 1840 1841 1846 2022 2023 2036 2040 2041 2046 2323 2336 2341 2346 3686 4336 4341 4346 4823 
m2900 22 23 36 40 41 1122 1123 1136 1140 1141 1172 1173 1822 1823 1836 1840 1841 2022 2023 2036 2040 2041 2072 2073 3673 4586 
m2433 33 38 46 1696 1933 1946 2333 2346 
m2432 32 36 4332 
m987 22 23 36 40 1122 1123 1136 1140 1173 1822 1823 1840 2022 2023 3673 
m2366 22 30 36 1522 1536 1822 
m1949 30 38 40 45 46 1930 1938 1945 1946 2030 2038 2045 2046 2280 2288 2296 2330 2338 
m1093 36 37 46 1837 2336 2337 4336 4337 
m1901 13 23 36 46 49 1813 1823 1846 1849 2313 2346 2463 2473 2486 2496 2499 3663 4813 4823 
m644 22 37 40 46 1137 1140 1146 1890 2022 2037 2046 2322 2337 2340 2346 4396 
m254 23 30 40 46 1180 1523 1530 1546 2023 2030 2046 2323 2330 
m2030 13 23 36 46 49 1813 1823 1846 1849 2313 2346 2463 2473 2496 3663 4813 4823 
m73 23 30 36 49 1180 1523 1530 1549 1823 1830 1836 1849 2473 2480 2486 2499 
m951 12 14 40 46 712 2012 2014 2046 2314 2346 3146 3246 4812 
m2051 22 23 30 46 1122 1123 1130 1146 1172 1173 1180 1196 1522 1523 1530 1546 2323 2330 2346 3696 
m2292 30 36 40 45 46 49 1545 1549 1830 1845 1849 2030 2036 2045 2046 2330 2336 2345 2349 2495 
m2084 46 2346 
m2151 22 46 1122 1146 2322 2346 
m845 22 36 40 46 49 1136 1140 1146 1149 1836 1840 1846 1849 2036 2040 2046 2049 2336 2340 2346 2349 2486 2490 2496 4346 
m1270 5 23 30 46 273 280 296 1180 1505 1523 1530 1546 2305 2323 2330 2346 4823 
m2896 22 38 46 49 1946 2322 2346 2349 2472 4846 
m2399 22 23 32 38 46 1123 1132 1146 1182 1196 1922 1923 1932 1946 2332 
m2198 14 40 46 49 2014 2040 2046 2314 2346 2464 2490 2496 4814 
m1371 22 27 46 1146 1372 1377 1396 
m777 36 40 46 1836 1840 1846 2036 2040 2046 2336 2340 4846 
m1122 29 
m973 37 46 4396 
m2040 6 42 306 342 2106 2142 2842 4606 
m1443 13 38 46 1913 1938 1946 2313 
m209 22 23 30 41 46 1122 1123 1130 1141 1146 1172 1173 1180 1191 1196 1522 1523 1530 1541 1546 2072 2073 2080 2322 2323 2330 2341 2346 3673 3696 4823 
m2619 6 14 32 314 332 732 
m1613 22 23 30 40 41 1123 1130 1140 1180 1522 1523 1530 2022 2023 2030 2072 2090 
m2538 36 41 2086 
m2380 22 36 40 46 48 1136 1140 1146 1822 1840 1846 2022 2036 2040 2046 2048 2322 2336 2340 2346 2348 2422 2436 2440 2446 4346 4836 
m2265 36 38 40 41 46 1840 1846 1936 1938 1940 1941 1946 2036 2038 2040 2041 2046 2090 2096 2340 2346 4346 4586 
m2062 38 41 46 49 1938 1946 1949 2088 2096 2099 2341 2346 2349 
m422 46 2346 
m1400 22 37 46 49 1122 1137 1146 1899 2346 2349 2496 4396 4837 
m1486 32 33 36 1632 1633 1636 1683 1686 1833 1836 4136 4186 4333 4336 
m1553 26 46 1346 
m1986 22 23 36 38 41 1122 1123 1136 1138 1141 1922 1923 1936 1938 1941 2073 3686 4586 
m966 22 37 46 1872 1896 2322 2346 4837 
m1596 23 38 1923 
m638 22 23 30 41 1122 1123 1130 1141 1172 1173 1180 1191 1522 1523 1530 2072 2073 2080 2091 3673 
m1822 23 30 36 41 1523 1823 1830 2073 2080 3673 4323 4586 
m2545 36 38 46 1936 1946 2336 
m560 5 13 26 33 263 283 1305 1313 1333 1655 1663 1683 3183 
m905 14 34 36 40 46 1714 1734 1736 1740 1746 1814 1836 1840 1846 2014 2036 2040 2046 2314 2346 4346 4814 4846 
m1678 22 30 36 40 41 46 1122 1140 1141 1146 1522 1536 1540 1822 1840 1841 1846 2022 2036 2040 2041 2046 2072 2096 2322 
m2004 36 38 40 46 49 1936 1938 1940 1946 2036 2046 2049 2346 2349 2486 4836 
m52 38 46 1938 1946 2346 
m399 11 13 22 33 36 40 563 572 583 586 590 672 686 690 1113 1122 1133 1136 1140 1672 1686 1690 1822 2022 2036 3183 
m1228 26 38 46 1926 1946 2326 
m804 22 23 30 36 40 46 1122 1123 1130 1136 1140 1146 1172 1173 1522 1523 1530 1540 1546 1822 1823 1830 1840 1846 2022 2023 2030 2036 2040 2046 2322 2323 2330 2340 2346 3696 4823 
m1021 5 36 38 46 49 286 296 299 1836 1846 1849 1905 1936 1938 1946 1949 2346 2349 2455 2486 2496 2499 4836 
m2259 13 20 22 32 36 40 670 686 690 1113 1120 1136 1140 1613 1620 1622 1636 1640 1820 2020 2036 2040 3186 4336 
m2312 22 23 49 1122 1123 1173 1199 2473 3673 
m1614 22 23 30 36 40 46 1122 1123 1130 1136 1140 1146 1172 1173 1180 1186 1190 1522 1523 1530 1536 1540 1546 1823 1840 2023 2036 2040 2322 2323 2330 2336 2340 2346 3696 4823 
m2521 23 30 36 40 41 1173 1523 1536 1540 1823 1830 1836 1840 2023 2030 2036 2040 2073 2080 2086 2090 3673 4323 4586 
m289 14 22 36 40 41 46 714 722 736 741 1822 1836 1841 2014 2036 2046 2072 2314 2322 2336 2341 3236 4314 4586 4814 
m59 22 23 30 36 40 46 49 1122 1123 1130 1136 1140 1146 1149 1172 1173 1180 1186 1190 1199 1522 1523 1530 1536 1540 1546 1549 1823 1840 2022 2023 2030 2036 2040 2046 2322 2330 2336 2340 2346 2349 2472 2473 2480 2486 2496 3696 4823 
m380 22 23 36 40 1123 1136 1173 1186 1190 1836 1840 2036 3673 3686 
m2188 8 408 
m790 36 45 1845 
m1306 5 32 36 46 49 282 286 296 1632 1636 1649 1849 2305 2332 2336 2346 2349 
m943 22 23 1123 1173 3673 
m1990 5 13 33 46 655 1655 2305 2313 2333 4163 
m20 12 13 22 49 649 699 1112 1113 3162 
m1372 23 26 30 38 40 46 1180 1323 1330 1338 1346 1923 1930 1938 1946 2023 2026 2030 2038 2046 2330 4823 
m745 36 46 49 1836 2336 2346 2349 2486 2499 4336 
m467 36 40 46 49 1849 2036 2040 2046 2049 2336 2346 2349 4336 4836 
m1065 26 32 36 40 46 49 1332 1336 1340 1346 1349 1632 1636 1649 1849 2032 2036 2040 2046 2332 2336 2340 2346 2349 
m2124 22 23 30 36 40 46 1122 1123 1130 1136 1140 1146 1180 1523 1530 1822 1823 1830 1840 1846 2022 2023 2030 2046 2330 4823 
m2701 22 23 36 40 1122 1123 1136 1140 1173 1186 1190 1822 1823 1836 1840 2022 2023 2036 2040 3673 4323 
m2889 13 38 46 1913 1938 1946 2313 2346 
m2756 36 40 41 1836 1840 1841 2036 2086 2090 2091 4586 
m99 22 32 46 1122 1146 2332 2346 
m2588 22 23 36 40 1122 1123 1136 1140 1190 1822 1823 1836 1840 2022 2023 2036 2040 
m2295 22 37 40 46 1137 1140 1146 1890 2022 2037 2040 2046 2322 2337 2340 2346 4396 
m2598 13 17 46 2313 2317 3363 
m180 22 36 41 46 1136 1146 1846 2072 2096 2322 2336 2341 2346 4586 4836 
m1287 14 46 2346 3246 4814 
m882 45 46 2296 2346 
m2243 33 37 46 49 1883 1896 2333 2346 2483 2487 2496 4833 4837 
m379 23 30 36 40 41 49 1190 1523 1530 1540 1541 1823 1830 1836 1840 1841 1849 2073 2080 2090 2473 2480 2486 2490 2491 2499 
m656 13 22 33 36 40 672 686 690 1113 1122 1133 1136 1140 1672 1686 1690 1822 2022 2036 3183 
m2802 22 23 30 41 1122 1123 1130 1173 1523 1530 2072 2073 2080 3673 
m1672 33 38 46 1688 1933 1938 1946 2338 4196 
m144 22 36 40 41 1122 1136 1140 1141 1836 1840 1841 2036 2041 2091 4586 
m817 32 42 46 2132 2146 2332 
m1409 14 21 40 714 721 740 2014 2021 
m1723 5 36 46 49 255 286 296 299 1849 2346 2349 2486 2499 4836 
m765 8 36 408 2936 4308 
m1473 13 22 40 690 1113 1122 
m1394 38 46 1938 1946 2346 
m335 26 39 40 46 1339 1340 1346 1990 2339 2340 4496 4846 
m1951 22 23 30 36 37 40 41 46 49 1123 1130 1136 1137 1140 1146 1149 1180 1523 1530 1546 1822 1823 1830 1836 1837 1840 1846 1849 1872 1873 1880 1886 1890 1896 2022 2023 2030 2036 2037 2040 2046 2086 2090 2099 2330 2346 2472 2473 2480 2486 2487 2490 2496 4396 4823 
m1647 12 32 36 46 1612 1812 2312 2332 2336 2346 4136 4812 4836 
m559 22 30 37 41 46 1130 1137 1141 1146 1537 1541 1546 2087 2096 2322 2330 2337 2341 2346 4837 
m920 22 23 30 36 40 46 1122 1123 1130 1136 1140 1146 1180 1522 1523 1536 1540 1546 1822 1823 1830 1836 1840 1846 2022 2023 2030 2036 2040 2046 2322 2323 2330 2340 4823 4846 
m692 22 30 38 46 1122 1130 1146 1922 1930 1938 1946 2330 2346 
m2278 22 23 24 40 45 46 1122 1145 1172 1190 1195 1222 1240 1245 1246 2022 2023 2024 2040 2045 2046 2272 2295 2322 2340 2345 3696 3723 
m1308 22 46 1122 1146 2322 2346 
m1837 13 22 36 38 40 45 1113 1136 1138 1140 1145 1813 1840 1913 1936 1940 2013 2263 2286 2288 2290 
m862 22 1122 
m329 22 26 44 46 1144 1146 1322 1344 1346 2244 2246 2344 2346 4846 
m2425 20 48 2420 
m548 16 38 44 49 844 849 1916 1938 1944 1949 2494 
m1474 6 14 23 32 36 706 723 732 736 1156 1182 1606 1636 1806 3686 
m462 
m1722 23 45 1173 2273 3673 
m2073 14 22 23 30 40 45 46 714 746 1114 1145 1146 1164 1172 1190 1195 1196 1514 1522 1523 1530 1540 1545 1546 2014 2022 2023 2030 2040 2045 2046 2264 2296 2314 3664 
m539 22 37 38 46 49 1137 1146 1899 1922 1937 1938 1946 1949 2349 4396 
m2637 22 23 45 1123 1173 1195 3673 
m1860 23 1173 3673 
m2017 38 41 46 1938 1941 1946 2341 
m1249 14 46 714 746 2314 2346 4814 
m1834 23 30 38 1180 1188 1523 1538 1938 3673 
m195 22 23 36 46 1123 1136 1146 2323 4323 4836 
m2556 23 1173 3673 
m2199 30 46 49 1530 1549 2330 2346 2349 
m2481 15 27 38 41 45 46 777 1938 1941 1946 2065 2077 2088 2096 2288 2291 2296 2315 2327 2346 
m1556 13 22 32 36 40 672 686 690 1113 1122 1136 1140 1613 1622 1636 1640 1822 2022 2036 
m2693 14 36 40 46 740 1814 1836 1840 1846 2014 2036 2040 2046 2314 2340 2346 3246 4314 4346 4836 
m2506 14 22 23 30 46 49 722 746 1122 1123 1130 1146 1149 1172 1522 1523 1530 2322 2323 2330 2349 2473 2480 3673 4823 4846 
