m760 14 36 41 46 714 736 741 1836 1841 2091 2314 2336 2341 3236 4314 4586 4814 
m264 23 30 36 38 46 49 1173 1180 1186 1188 1196 1199 1523 1530 1536 1538 1546 1549 1823 1830 1838 1846 1849 1923 1930 1936 1946 1949 2330 2336 2338 2346 2349 2473 2480 2486 2488 2496 4823 
m816 13 22 36 45 46 1113 1136 2295 2296 2313 2322 2336 3186 
m1058 14 22 38 46 738 1114 1146 2338 3246 
m1019 13 33 36 38 40 41 686 690 691 1686 1690 1691 1841 1913 1933 1936 1938 1941 2036 2041 2063 2083 2086 2090 2091 3183 
m142 22 23 30 36 40 46 1122 1123 1130 1136 1140 1146 1172 1173 1180 1186 1190 1522 1523 1530 1536 1540 1546 1823 1840 2023 2036 2040 2322 2330 2336 2340 2346 3696 4823 
m532 37 46 4837 
m28 22 41 44 46 49 1146 1149 2072 2094 2096 2099 2344 2349 2494 
m220 36 49 1836 1849 2486 2499 
m745 22 23 36 37 40 1122 1123 1136 1137 1140 1172 1173 1822 1823 1836 1837 1840 1872 1873 1886 1890 2022 2023 2036 2037 2040 3673 
m832 23 30 36 40 41 1173 1180 1186 1190 1523 1530 1536 1540 1823 1830 1836 1840 2023 2030 2036 2040 2073 2080 2086 2090 3673 4323 
m1028 14 26 46 714 726 746 1314 1346 2314 2326 2346 4814 
m462 22 23 24 40 46 1123 1124 1140 1146 1190 1240 1246 2022 2023 2024 2046 2340 3696 3723 
m192 5 22 44 46 296 1144 1146 2205 2246 2305 2344 2346 4846 
m564 22 23 36 40 41 1122 1123 1136 1140 1141 1173 1822 1823 1836 2022 2023 2036 2072 2073 2086 2090 2091 3673 4323 4586 
m1071 5 45 255 295 2255 2295 
m843 22 23 30 36 38 40 41 46 1122 1123 1130 1136 1140 1146 1172 1173 1180 1186 1190 1522 1523 1530 1536 1540 1546 1823 1840 1922 1923 1930 1938 1941 1946 2023 2030 2036 2038 2040 2041 2046 2072 2073 2080 2096 2322 2330 2336 2340 2346 3696 4823 
m80 22 23 36 40 41 1122 1136 1140 1141 1173 1186 1190 1823 1836 1840 1841 2022 2023 2036 2040 2041 2073 2086 2090 2091 3686 4323 
m622 23 30 33 46 1180 1523 1530 1533 1546 1680 2330 2333 4173 4823 
m526 22 23 27 41 45 1122 1123 1127 1141 1145 1195 1372 1391 2073 2095 
m655 14 22 36 40 46 714 1114 1136 1140 1814 2014 2036 2046 3236 3246 4346 4814 
m484 13 20 22 33 36 40 672 686 690 1013 1022 1033 1036 1040 1122 1136 1140 1672 1686 1690 1822 2022 2036 3183 
m365 14 22 46 714 722 746 1114 1146 2314 2346 3246 4814 
m159 12 13 20 22 32 36 40 49 632 682 699 1012 1013 1022 1036 1040 1112 1113 1122 1132 1136 1140 1812 1813 1832 1836 1840 1849 2012 2013 2032 2036 2049 2462 2482 2486 3136 3162 3186 
m90 12 14 40 46 712 2012 2014 2046 2314 2346 3146 3246 4812 
m216 14 20 38 46 49 720 1914 1946 1949 2320 2464 2470 2496 4814 
m763 22 30 36 40 45 46 1122 1130 1136 1140 1145 1146 1536 1540 1836 1840 2036 2040 2272 2296 2322 
m473 14 23 30 36 40 46 730 1180 1814 1823 1830 1846 2014 2023 2030 2036 2040 2046 2314 2330 2346 3223 4346 4814 4823 
m1084 36 41 46 2096 2336 2341 2346 4586 4836 4846 
m944 12 36 40 46 49 1812 2012 2036 2046 2049 2336 2346 2462 2486 2496 3146 4346 4812 
m818 14 22 32 732 1114 1132 
m12 14 38 40 46 49 1938 1940 1946 1949 2014 2046 2049 2346 2464 2496 4814 
m633 13 17 45 46 49 2295 2296 2313 2317 2349 2463 2467 3363 
m900 22 23 30 36 40 41 1122 1123 1130 1136 1140 1141 1173 1180 1190 1522 1523 1530 1536 1540 1822 1823 1830 1840 2022 2023 2030 2036 2072 2073 2080 2086 2090 3673 
m905 6 14 32 36 314 332 732 1806 1814 1832 
m257 12 32 36 46 1612 1646 1812 2336 2346 3146 4136 4346 4812 
m251 17 23 26 30 46 880 896 1180 1317 1323 1330 1346 1517 1523 1530 1546 2330 3373 4823 
m650 
m87 5 23 24 40 46 273 274 290 1190 1240 1246 2023 2024 2040 2046 2340 3696 3723 
m176 8 32 37 46 49 408 437 446 449 1882 1896 2332 2346 2482 2487 2496 4396 
m63 23 36 3686 
m927 22 23 36 40 41 46 1122 1123 1136 1140 1141 1146 1191 1822 1823 1836 1841 1846 2022 2023 2036 2040 2041 2046 2323 2336 2341 2346 3686 4341 4346 4823 
m922 22 36 41 1122 1136 1141 1841 2091 4586 
m494 22 23 46 1122 1123 1146 1196 2323 3673 
m1013 26 40 46 49 2026 2046 2326 2340 2346 2496 
m293 22 32 33 36 40 1122 1132 1133 1136 1140 1633 1636 1832 1833 1836 1840 2032 2033 2036 4186 4333 4336 
m106 32 33 36 1632 1633 1636 1683 1686 1833 1836 4136 4186 4333 4336 
m1154 22 23 30 36 40 41 46 1122 1123 1130 1136 1141 1146 1190 1522 1523 1530 1536 1540 1546 1840 2023 2036 2040 2072 2073 2080 2086 2096 2323 2330 2340 3686 4836 
m563 22 23 36 40 41 1122 1123 1136 1140 1173 1822 1823 1836 2022 2023 2036 2072 2073 2086 2090 3673 4323 4586 
m478 44 46 2244 2246 2344 2346 4846 
m413 38 44 45 46 49 1938 1946 2238 2246 2294 2296 2338 2344 2346 2349 
m641 45 
m1048 
m581 14 46 2314 2346 4814 
m722 23 36 38 49 1186 1923 1936 1938 1949 2473 2486 
m491 22 36 40 46 49 1822 1836 1840 1846 1849 2022 2036 2040 2046 2049 2322 2336 2340 2346 2349 2472 2486 2490 2496 4346 
m1082 14 22 23 30 40 46 730 746 1114 1122 1123 1130 1146 1180 1514 1523 1530 1546 2014 2022 2023 2030 2046 2330 3223 4823 
m105 22 23 30 38 41 1122 1123 1130 1172 1173 1180 1188 1523 1538 1541 1922 1923 1930 1938 2072 2073 2080 2088 3673 
m1040 22 23 36 37 40 1122 1123 1136 1137 1140 1172 1173 1823 1837 1840 1872 1873 2023 2036 2037 2040 3673 
m85 22 23 30 36 40 46 1122 1123 1130 1136 1140 1146 1172 1173 1522 1523 1530 1540 1546 1822 1823 1830 1840 1846 2022 2023 2030 2036 2040 2046 2322 2323 2330 2340 2346 3696 4823 
m139 22 23 30 40 41 1140 1180 1523 1530 2022 2023 2030 2090 
m627 23 27 30 36 40 49 1173 1177 1180 1186 1190 1199 1373 1380 1386 1523 1527 1530 1536 1540 1549 1823 1827 1830 1836 1849 2023 2027 2030 2036 2040 2049 2473 2477 2480 2486 3686 4336 
m183 22 36 40 45 1122 1136 1140 1145 1836 1840 1845 2036 2040 2045 2286 2290 
m42 14 22 36 40 46 1114 1136 1140 1146 1814 1846 2014 2036 2046 2346 4346 4814 
m269 23 45 1195 
m99 14 22 25 46 725 1114 1125 1146 2325 3246 
m108 23 38 1923 
m311 36 46 2336 2346 4836 4846 
m690 26 38 46 1346 1926 1946 2346 
m435 22 23 32 36 40 46 49 1122 1123 1132 1136 1146 1149 1172 1173 1182 1186 1190 1196 1199 1622 1623 1632 1636 1640 1646 1822 1823 1832 1836 1840 1846 1849 2022 2023 2032 2036 2046 2322 2323 2332 2336 2346 2349 2472 2473 2482 2486 2490 2496 3673 3686 3696 4323 4346 
m232 36 40 41 1836 1840 2036 2086 2090 2091 4586 
m1078 22 23 30 36 40 41 1122 1123 1130 1136 1140 1173 1522 1523 1536 1822 1823 1830 1836 2022 2023 2030 2036 2072 2073 2080 2086 2090 2091 3673 4323 4586 
m753 23 36 38 41 46 49 1173 1823 1938 1946 1949 2073 2086 2323 2336 2341 2486 2491 2496 3673 4323 
m151 14 22 36 38 41 46 714 736 1114 1136 1836 1914 1922 1936 1941 2064 2072 2086 2314 2322 2336 2338 2341 3236 4314 4586 4814 
m237 10 38 1910 1938 
m670 23 36 3686 
m406 14 32 49 732 2464 
m169 36 38 1936 1938 
m772 6 14 23 32 36 314 332 732 1156 1164 1182 1806 1814 1832 3686 
m27 22 30 36 38 41 46 48 1122 1138 1141 1830 1848 1936 1941 1946 2080 2086 2088 2091 2096 2098 2330 2336 2348 2430 4336 
m612 36 
m667 38 46 1938 1946 2346 
m1073 36 46 4836 
m503 23 30 36 41 1523 1536 1823 2073 2080 3673 4323 4586 
m653 5 15 38 40 46 755 1915 1938 1940 1946 2015 2038 2040 2046 2305 2315 2346 4815 
m495 22 23 30 36 40 41 46 1122 1123 1130 1136 1140 1141 1146 1180 1522 1523 1530 1536 1540 1546 1822 1823 1830 1836 1840 1846 2022 2023 2030 2036 2040 2046 2072 2086 2090 2091 2322 2323 2330 2340 4823 4846 
m58 22 23 30 41 46 1122 1123 1130 1141 1146 1541 1546 2072 2073 2322 2323 2341 2346 
m636 13 22 38 49 699 1113 1122 1138 1149 1913 1938 1949 
m19 32 40 1632 2032 
m826 16 36 3336 
m470 22 40 1122 1140 
m37 30 46 49 2330 2480 2496 
m603 22 23 30 36 40 46 1122 1123 1130 1136 1140 1146 1172 1173 1180 1186 1190 1522 1523 1530 1536 1540 1546 1823 1840 2022 2023 2030 2036 2040 2046 2322 2330 2336 2340 2346 3696 4823 
m982 16 22 23 46 822 846 1122 1146 1172 2322 3323 3696 
m186 22 23 30 36 40 41 46 1130 1146 1546 1836 1841 2023 2036 2041 2073 2086 2323 2336 2340 2341 3686 4323 4591 
m57 13 22 33 40 690 1113 1122 1133 1140 1690 3183 
m459 22 23 38 41 46 1123 1172 1173 1938 1941 1946 2072 2073 2096 2322 2323 3673 4823 
m940 14 23 30 38 730 1180 1514 1523 1530 1914 1923 1930 3223 
m492 26 36 46 1826 1846 2326 4336 4346 
m301 22 23 30 36 1172 1180 1522 1822 1823 1830 
m26 6 36 40 1806 2006 2036 
m1133 22 23 36 40 46 1122 1123 1136 1140 1146 1186 1190 1196 1822 1836 2022 2036 2040 2046 2322 3686 4346 
m395 22 32 36 37 40 1122 1132 1136 1137 1140 1637 1832 1837 1840 2032 2037 
m367 23 31 46 49 1196 1573 1596 2346 2473 2481 2496 2499 
m78 22 23 30 32 36 40 41 49 1140 1182 1199 1523 1530 1532 1536 1549 1823 1830 1832 1849 2022 2023 2030 2032 2036 2040 2072 2090 2482 
m966 22 23 30 38 41 1123 1130 1172 1173 1188 1522 1523 1530 2072 2073 2080 3673 
m595 12 22 23 30 36 40 46 612 622 623 630 636 646 1112 1136 1140 1146 1162 1173 1512 1523 1536 1546 1812 1822 1823 1830 1836 1846 2012 2023 2030 2036 2046 2312 2322 2323 2330 2336 3123 3686 4346 4812 
m55 32 37 1882 
m1055 22 23 30 37 40 46 1123 1130 1137 1146 1172 1187 1522 1523 1530 1537 1546 1872 2022 2023 2030 2037 2040 2046 2322 2323 2330 2346 3696 4396 4837 
m971 14 36 40 46 740 1814 1836 1840 1846 2014 2036 2040 2046 2314 2340 2346 3246 4314 4346 4836 
m919 40 46 2040 2046 2340 
m779 
m834 14 32 38 40 41 46 738 740 741 746 1614 1638 1640 1646 1941 1946 2090 2340 2341 
m290 14 36 38 40 738 1838 2014 2036 2038 2040 4314 
m783 14 22 33 722 1672 4164 
m782 5 13 33 655 663 683 1655 1663 1683 4163 
m195 23 24 40 46 1190 1240 1246 2023 2024 2040 2046 2340 3696 3723 
m1020 22 23 30 46 1122 1123 1130 1146 1180 1523 1530 1546 2330 2346 4823 
m543 28 36 38 46 1928 1936 1946 2328 2336 2346 4328 4836 
m881 22 26 38 46 1146 1322 1338 1346 1922 1946 2346 
m675 22 36 40 46 49 1136 1140 1146 1840 1846 2022 2036 2040 2046 2336 2340 2346 2349 2486 4836 
m812 14 22 36 40 41 46 714 722 736 741 1822 1836 1841 2014 2036 2046 2072 2314 2322 2336 2341 3236 4314 4586 4814 
m280 13 22 33 36 40 1113 1122 1133 1136 1140 1686 1690 1813 2013 2036 4163 
m203 22 23 36 40 41 1122 1123 1136 1140 1141 1173 1823 1836 1840 1841 2023 2036 2040 2041 2072 2073 2086 2090 2091 3686 4323 
m1056 2 13 36 38 40 41 46 113 136 138 140 141 1813 1913 1936 1940 2013 2036 2063 2086 2088 2090 2302 2313 2336 2338 2340 2341 2346 
m282 27 32 1382 
m758 22 23 30 36 40 46 1122 1123 1130 1136 1140 1146 1173 1180 1186 1190 1522 1523 1530 1536 1540 1822 1823 1830 1836 1840 1846 2022 2023 2030 2036 2040 2046 2322 2323 2330 2336 3673 4823 
m374 23 41 1191 2073 3673 
m575 16 26 36 40 46 49 826 1826 2016 2036 2046 2316 2326 2346 2466 2490 2496 3336 3346 4346 4836 
m466 22 23 30 36 40 45 46 1122 1123 1130 1136 1145 1146 1172 1173 1180 1186 1190 1196 1522 1523 1530 1536 1540 1545 1546 1822 1823 1830 1845 2022 2023 2030 2036 2046 2272 2273 2280 2286 2290 2296 2322 2323 2330 2336 2340 2345 3696 4346 4823 
m137 12 14 46 712 2314 2346 3146 3246 4812 
m1170 36 40 1836 1840 2036 2040 
m119 
m266 30 38 1930 1938 
m673 22 23 24 40 45 46 1122 1145 1172 1190 1195 1222 1240 1245 1246 2022 2023 2024 2040 2045 2046 2272 2295 2322 2340 2345 3696 3723 
m189 13 22 44 46 694 1113 1146 2313 2344 
m343 23 30 36 40 41 49 1190 1523 1530 1540 1541 1823 1830 1836 1840 1841 1849 2073 2080 2090 2473 2480 2486 2490 2491 2499 
m857 16 22 23 30 46 830 1116 1122 1123 1130 1146 1523 1546 2316 2330 2346 3323 3346 3696 4823 
m372 23 41 1191 2073 3673 
m545 22 23 30 46 1122 1123 1130 1146 1180 1523 1530 1546 2330 4823 
m865 36 
m375 23 41 1191 2073 3673 
m617 14 36 38 40 46 49 738 1814 1838 1914 1936 1940 1946 1949 2014 2036 2046 2314 2336 2338 2340 2346 2349 2464 2486 2488 2490 2496 3246 4346 
m201 22 36 40 46 49 1136 1140 1146 1836 1846 2022 2036 2040 2046 2049 2336 2346 2349 2486 2496 4336 4836 
m1016 23 45 1195 
m624 23 30 33 46 1180 1523 1530 1533 1546 1680 2330 2333 4173 4823 
m799 22 36 41 1122 1136 1141 1841 2072 2086 2091 4586 
m747 23 24 40 46 1190 1240 1246 2023 2024 2040 2046 2324 2340 3696 3723 
m682 23 36 3686 
m666 23 38 1923 
m862 
m425 
m871 46 
m247 23 30 46 1180 2323 2330 2346 
m236 22 23 30 36 40 41 46 1122 1123 1130 1136 1140 1141 1146 1180 1522 1523 1530 1536 1540 1546 1822 1823 1830 1836 1840 1841 1846 2022 2023 2030 2036 2040 2041 2046 2072 2086 2090 2322 2323 2330 2340 4823 4846 
m17 13 22 40 690 1113 1122 
m368 23 31 46 48 49 1196 1573 1596 2346 2423 2431 2446 2473 2481 2496 2498 
m1004 38 46 1938 1946 2338 2346 
m635 13 22 37 672 1872 4363 
m97 36 
m511 38 49 1938 1949 
m791 22 40 46 49 2040 2046 2322 2346 2490 2496 
m938 36 40 41 46 1840 2036 2040 2041 2046 2086 2096 2336 2340 2346 4346 4846 
m562 37 46 49 1899 2346 2349 4396 4837 
m339 29 34 36 1484 1486 1729 1734 1736 1829 1834 1836 4236 4334 
m370 22 36 37 40 46 1122 1136 1137 1140 1146 1822 1837 1846 1890 1896 2022 2036 2037 2040 2046 2322 2340 2346 4396 4837 4846 
m1077 22 23 37 1122 1123 1172 1173 1872 1873 3673 
m206 32 46 1646 
m426 46 2346 
m509 33 41 48 1691 2433 2441 
m855 22 40 46 1146 2022 2040 2046 2346 
m324 18 45 945 2295 
m609 7 16 36 46 386 807 2307 2316 2336 3336 
m926 13 22 36 40 1113 1122 1136 1140 1813 1840 2013 
m599 14 38 40 738 1914 1938 1940 2014 2038 2040 
m81 14 38 40 46 49 1940 1946 1949 2014 2046 2049 2346 2464 2496 4814 
m648 22 37 46 49 1122 1137 1146 1899 2346 2349 2496 4396 4837 
m270 22 36 40 41 1136 1140 1141 1836 1840 1841 2036 2041 4586 
m499 27 1377 
m572 22 23 30 36 40 46 1122 1123 1130 1136 1140 1146 1180 1523 1530 1822 1823 1830 1840 1846 2022 2023 2030 2046 2330 4823 
m208 30 38 39 40 46 49 1930 1938 1939 1946 1980 2038 2039 2046 2330 2339 2346 2488 2490 2496 4839 
m730 22 36 40 1122 1136 1140 1822 1836 1840 2022 2036 
m171 22 23 30 32 36 40 46 1122 1123 1130 1132 1136 1140 1146 1172 1173 1522 1523 1530 1546 1622 1623 1630 1640 1646 1822 1823 1830 1832 1840 1846 2022 2023 2030 2032 2036 2040 2046 2322 2323 2330 2332 2336 2340 2346 3696 4823 
m136 23 36 40 46 49 1190 1836 1840 1846 2023 2036 2040 2046 2049 2323 2336 2340 2346 2349 2473 2486 2490 2496 3696 4323 4346 4823 4836 
m1159 14 33 37 46 737 746 2333 3233 4383 4837 
m1173 14 36 40 46 1814 1846 2014 2036 2040 2046 2314 2346 4346 4814 4846 
m999 23 30 36 41 1173 1523 1823 1830 2073 2080 3673 4323 4586 
m876 36 49 1836 1849 2499 
m274 22 23 38 1123 1138 1923 
m1041 22 23 30 36 40 1123 1136 1173 1180 1186 1190 1523 1536 1540 1823 1830 1840 2023 3673 4336 
m197 22 23 30 41 46 1122 1123 1130 1141 1146 1172 1173 1180 1191 1196 1522 1523 1530 1541 1546 2072 2073 2080 2322 2323 2330 2341 2346 3673 3696 4823 
m809 45 
m522 23 30 33 46 1180 1523 1530 1533 1546 1680 2323 2330 2333 2346 4173 4823 
m3 6 14 32 36 49 706 714 732 736 749 1606 1636 1806 2456 2482 2486 
m914 46 2346 
m1153 13 20 22 36 38 40 672 686 690 1013 1020 1022 1036 1038 1122 1136 1140 1822 1913 1922 1936 2022 2036 
m506 
m715 22 23 30 32 36 46 49 1122 1123 1130 1146 1149 1172 1173 1180 1522 1523 1530 1549 1622 1623 1630 1632 1636 1646 1649 1822 1823 1846 1849 2322 2323 2330 2349 2472 2473 2480 2486 2496 2499 3673 4823 
m988 23 36 41 1186 2073 3673 4323 4586 
m771 23 24 40 46 1190 1240 1246 2023 2024 2040 2046 2340 3696 3723 
m218 12 23 36 40 41 46 49 1162 1190 1196 1199 1812 1840 1846 1849 2012 2036 2040 2041 2046 2062 2073 2086 2096 2099 2323 2336 2341 2462 2486 2490 2496 3146 3686 4312 4336 
m508 5 23 32 36 46 273 282 286 1623 2305 2323 2332 2336 2346 4323 4332 4823 4836 
m1104 14 23 30 36 40 46 730 1180 1814 1823 1830 1846 2014 2023 2030 2036 2040 2046 2314 2330 2346 3223 4346 4814 4823 
m858 46 2346 
m64 22 27 36 40 46 1122 1127 1136 1140 1146 1390 1822 1827 1836 1840 1846 2022 2027 2036 2040 2046 2327 2336 2340 
m354 14 23 30 40 730 1180 1514 1523 1530 1540 2014 2023 2030 3223 
m573 22 23 27 30 36 40 49 1172 1186 1199 1372 1373 1380 1386 1399 1522 1523 1527 1530 1536 1549 1822 1823 1827 1830 1836 1840 1849 2023 2027 2030 2036 2040 2049 2472 2473 2477 2480 2486 2499 3686 4336 
m1123 22 23 30 36 40 41 1122 1123 1130 1136 1140 1141 1180 1186 1190 1522 1536 1540 1822 1830 1836 1840 1841 2022 2023 2030 2036 2041 2080 2086 
m587 22 44 46 1144 1146 2246 2344 2346 4846 
m634 22 23 30 38 41 1123 1172 1173 1188 1523 1530 2073 2080 3673 
m912 22 23 30 46 1122 1123 1130 1146 1172 1173 1180 1196 1522 1523 1530 1546 2322 2323 2330 2346 3673 4823 
m1083 22 23 30 36 40 41 46 1123 1130 1141 1146 1180 1186 1190 1523 1530 1536 1540 1546 1830 2022 2023 2030 2036 2040 2046 2072 2073 2080 2086 2090 2091 2330 3696 4836 
m1148 22 23 37 1122 1123 1172 1173 1872 1873 3673 
m48 22 24 1124 
m152 14 36 38 41 46 714 1814 1836 1838 1914 1936 2064 2086 2088 2096 2314 2336 2338 3236 4314 4586 4814 
m996 46 2346 
m371 14 23 30 730 1180 1523 1530 3223 
m1115 22 23 30 36 37 40 46 49 1123 1130 1136 1137 1140 1146 1149 1180 1523 1530 1546 1822 1823 1830 1836 1837 1840 1846 1872 1873 1880 1886 1890 1896 2022 2023 2030 2036 2037 2046 2330 2346 2472 2486 2487 2490 2496 4396 4823 
m18 12 14 46 712 2312 2314 2346 3146 3246 4812 
m577 14 22 46 714 746 1114 1146 2314 2346 3246 4814 
m1098 30 38 41 46 1930 1941 1946 2080 2330 2338 2341 2346 
m170 23 30 40 41 1180 1190 1523 1530 1540 2023 2030 2040 
m22 32 33 36 1632 1633 1636 1683 1686 1833 1836 4136 4186 4333 4336 
m167 38 45 1945 
m419 41 
m514 22 23 30 36 40 41 1122 1123 1130 1136 1140 1173 1522 1523 1536 1822 1823 1830 1836 2022 2023 2030 2036 2072 2073 2080 2086 2090 2091 3673 4323 4586 
m278 22 30 36 38 46 49 1522 1536 1538 1546 1549 1822 1922 1930 1936 1938 1946 1949 2322 2330 2336 2338 2346 2349 2486 2496 
m790 23 31 45 46 49 1195 1196 1573 1596 2295 2323 2345 2346 2473 2481 2496 
m1018 10 37 46 537 546 4396 
m657 8 10 38 508 1908 1910 
m75 27 32 38 46 1382 1388 1396 1638 1646 1946 
m487 
m1036 22 23 30 1122 1123 1130 1180 1522 1523 1530 
m990 22 23 30 36 40 46 1122 1123 1130 1136 1140 1146 1180 1522 1523 1530 1536 1540 1546 1822 1823 1830 1836 1840 1846 2022 2023 2030 2036 2040 2046 2322 2323 2330 2340 4823 4846 
m976 22 26 38 46 1146 1322 1346 1922 1926 1946 2346 
m73 11 13 22 46 563 572 596 696 1111 1113 1122 1146 
m29 23 26 34 36 46 1176 1184 1186 1196 1726 1746 1826 1846 2326 4334 
m941 22 36 40 41 1122 1136 1140 1141 1822 1836 1840 1841 2022 2036 2041 2072 2086 2090 2091 
m521 23 30 33 46 1180 1523 1530 1533 1546 1680 2323 2330 2333 2346 4173 4823 
m364 22 23 30 46 1122 1123 1130 1146 1180 1523 1530 1546 2330 2346 4823 
m125 23 30 36 40 46 1190 1523 1536 1540 1546 1823 1830 1836 1840 1846 2023 2030 2036 2040 2046 2323 2330 2340 2346 3696 4323 4346 4836 
m489 5 23 24 40 41 46 273 274 290 291 1190 1240 1246 2023 2024 2040 2046 2073 2074 2090 2340 3696 3723 
m960 36 40 46 1840 1846 2036 2040 2046 2346 4346 
m909 23 30 36 41 1173 1180 1186 1191 1523 1536 1541 1823 1830 1836 1841 2073 2080 2091 3673 4323 4586 
m260 22 37 46 49 1137 1146 2322 2337 2346 2472 2496 4396 4837 
m845 22 23 30 36 40 41 46 1122 1123 1130 1136 1140 1141 1146 1180 1522 1523 1530 1536 1540 1546 1822 1823 1830 1836 1840 1841 1846 2022 2023 2030 2036 2040 2041 2046 2072 2086 2090 2322 2323 2330 2340 4823 4846 
m469 22 23 36 40 41 46 49 1123 1136 1141 1836 1849 2041 2046 2073 2086 2091 2099 2322 2323 2336 2341 2349 2472 2473 2486 2491 4323 4336 4836 
m688 23 30 40 46 49 1190 1199 1523 1530 1540 1546 1549 2330 2340 2346 2349 2490 2496 3696 4823 
m475 22 23 30 46 1122 1123 1130 1146 1196 1523 1530 1546 2322 2323 2330 2346 3696 4823 
m157 6 36 40 43 336 340 1806 1836 1840 1843 2006 2036 2043 2186 2190 2843 
m455 23 30 36 41 49 1191 1523 1530 1541 1823 1830 1836 1841 1849 2073 2080 2086 2091 2099 2473 2480 2486 2491 2499 
m449 22 23 36 38 41 1122 1123 1136 1138 1141 1922 1923 1936 1938 1941 2073 3686 4586 
m692 12 13 22 27 36 40 622 636 640 672 686 690 1112 1113 1122 1136 1140 1362 1363 1372 1386 1822 2022 2036 3162 
m1100 14 40 46 714 740 746 2014 2046 2340 2346 4814 
m536 22 44 46 1144 1146 2222 2246 2322 2344 2346 4846 
m1033 22 23 36 40 41 1122 1123 1136 1140 1141 1172 1173 1822 1823 1836 1840 1841 2023 2036 2040 2041 2072 2073 3673 4341 
m199 22 30 36 37 40 1130 1136 1137 1140 1536 1537 2030 2036 2037 4337 
m556 22 23 36 40 46 49 1172 1822 1823 1836 1849 2022 2023 2036 2040 2046 2049 2322 2323 2336 2349 2473 2486 3686 4336 4346 4836 
m797 38 45 46 49 1938 1946 1949 2288 2296 2299 2349 
m851 22 36 40 1122 1822 1836 1840 2022 2036 2040 
m893 12 23 30 46 1162 1196 1512 1523 1530 1546 2346 3696 4812 
m615 30 46 49 1530 1549 2330 2346 2349 
m849 22 23 30 36 40 41 1122 1123 1130 1136 1140 1141 1173 1522 1523 1536 1822 1823 1830 1836 2022 2023 2030 2036 2072 2073 2080 2086 2090 2091 3673 4323 4586 
m596 22 23 30 1122 1123 1130 1173 1180 1523 3673 
m678 23 30 36 49 1180 1199 1549 1823 1830 1849 2473 2480 2486 
m792 8 46 408 446 2308 2346 
m948 22 36 40 46 1136 1140 1146 1846 2022 2036 2040 2046 4336 4346 
m592 22 30 36 40 41 1122 1130 1136 1141 1522 1541 1840 2036 2040 2086 2090 
m317 22 23 36 41 1123 1822 1823 2072 2073 3673 4323 4586 
m752 22 36 37 40 1122 1136 1137 1140 1822 1872 1886 1890 2022 2036 
m281 12 13 46 662 696 2312 2346 3196 4812 
m39 22 23 30 36 40 41 1122 1123 1136 1140 1141 1172 1173 1186 1190 1191 1522 1523 1536 1541 1840 1841 2023 2036 2041 2072 2073 2086 2090 2091 3673 3686 4323 4336 4586 
m699 14 38 45 46 1914 1938 1945 1946 2264 2314 2338 2345 2346 4814 
m1057 14 22 23 30 46 730 746 1114 1122 1123 1130 1146 1180 1514 1523 1530 1546 2330 3223 4823 
m957 23 26 30 46 1180 1323 1326 1330 1346 1523 1530 2330 2346 4823 
m1109 21 36 40 46 1090 1096 1840 1846 2321 2336 2340 2346 4321 
m947 37 40 45 46 49 1895 1899 2037 2040 2045 2046 2340 2345 2346 2349 2495 4387 4396 4837 
m243 14 40 45 46 2014 2040 2046 2290 2296 2314 2346 3214 4814 
m373 23 41 1191 2073 3673 
m1005 8 13 32 33 46 49 408 413 433 446 449 682 1682 2313 2332 2333 2463 2483 2496 4163 
m50 12 45 46 645 2345 4812 
m126 23 45 1173 2273 3673 
m711 32 40 45 46 1646 2032 2045 2046 2282 2296 
m1046 5 7 13 22 257 263 272 363 372 1107 1113 1122 
m806 12 36 46 49 646 649 1849 2336 2346 2349 3136 4812 
m6 6 14 23 32 36 706 723 732 736 1156 1182 1606 1636 1806 3686 
m254 14 27 38 727 1914 1927 
m238 13 20 22 33 36 38 40 688 1013 1022 1033 1036 1040 1113 1133 1136 1138 1140 1688 1813 1822 1833 1838 1840 2013 2033 2036 2038 3183 3536 4336 
m217 37 
m895 23 27 1173 1177 1373 1377 
m308 23 30 36 41 1523 1823 1830 2073 2080 3673 4323 4586 
m335 12 22 36 38 40 46 612 636 1112 1122 1136 1138 1140 1146 1812 1836 1840 1846 1912 1922 1936 1938 1940 1946 2012 2022 2036 2038 2046 2312 2336 2346 3146 4812 4836 
m932 22 1122 
m721 22 23 36 40 41 46 49 1122 1123 1136 1140 1141 1191 1822 1823 1836 1840 1841 1849 2022 2023 2036 2040 2041 2046 2072 2073 2086 2090 2322 2323 2336 2340 2341 2349 2472 2473 2486 2490 2491 4323 4336 4346 4836 
m1065 5 22 36 38 46 49 286 296 299 1136 1138 1146 1149 1836 1846 1849 1905 1936 1946 2346 2349 2455 2486 2488 2496 4836 
m1069 22 23 30 36 40 46 49 1122 1123 1130 1136 1140 1146 1149 1172 1173 1180 1186 1190 1199 1522 1523 1530 1536 1540 1546 1549 1823 1840 2022 2023 2030 2036 2040 2046 2322 2330 2336 2340 2346 2472 2473 2480 2486 2490 2496 3696 4823 
m943 5 36 38 40 46 49 286 296 1805 1836 1838 1846 1849 1905 1936 1938 1946 1949 2036 2038 2046 2049 2346 2349 2455 2486 2496 4836 
m61 14 37 46 2314 2337 2346 4364 4814 
m719 34 1734 
m93 22 23 30 46 1122 1123 1130 1146 1523 1530 1546 2330 2346 3696 4823 
m709 36 40 46 49 1836 1840 1846 1849 2036 2040 2046 2049 2336 2340 2346 2349 2486 2490 2496 4346 
m703 14 22 40 46 722 2014 2046 2314 2322 2346 4814 
m337 30 38 40 45 46 1930 2038 2045 2046 2280 2288 2296 2330 2338 
m397 36 37 38 40 46 49 1837 1849 1936 1940 1946 2036 2037 2046 2049 2336 2337 2349 2487 
m1095 22 27 36 40 46 1122 1127 1136 1140 1146 1390 1822 1827 1836 1840 1846 2022 2027 2036 2040 2046 2327 2336 2340 
m226 13 22 41 691 1113 1122 1141 
m271 22 23 30 38 40 41 1140 1523 1530 1538 1923 1930 2022 2023 2030 2072 2090 
m930 22 23 36 40 41 46 1123 1136 1146 1191 1822 1823 1836 1841 1846 2022 2023 2036 2040 2041 2046 2323 2336 2341 2346 3686 4341 4346 4823 
m441 33 36 38 40 46 49 1686 1690 1838 1840 1846 1849 1933 1936 1938 1940 1946 2033 2036 2038 2040 2046 2333 2336 2338 2340 2346 2488 2490 2496 
m303 30 36 37 40 46 1536 1537 1540 1546 1837 1840 1846 1890 2037 2040 2046 2340 4396 
m829 5 36 38 46 49 286 296 299 1849 1905 1936 1938 1946 2346 2349 2486 2499 4836 
m683 23 24 40 46 1190 1240 1246 2023 2024 2040 2046 2323 2324 2340 3696 3723 
m729 22 30 36 46 1136 1146 1522 1536 1546 1846 2346 
m485 23 30 40 1180 1190 1523 1530 1540 2023 2030 
m344 14 714 
m808 22 30 40 46 1122 1130 1140 1146 2030 2046 2322 2330 2340 2346 
m239 13 22 33 36 40 672 1113 1122 1133 1136 1140 1672 1813 1822 1833 1840 2013 2022 2033 4163 
m701 22 23 30 36 40 41 1122 1123 1130 1136 1140 1172 1173 1180 1186 1190 1523 1822 1823 1830 2023 2030 2036 2072 2073 3673 4323 4586 
m918 
m863 30 46 49 2330 2480 2496 
m519 22 23 30 36 41 46 1122 1123 1136 1191 1522 1523 1536 1841 2322 2323 2330 2336 3686 
m732 16 22 23 30 46 830 1116 1122 1123 1130 1146 1523 1546 2316 2330 2346 3323 3346 3696 4823 
m101 14 23 30 40 47 730 1180 1514 1523 1530 1547 2014 2023 2030 2047 2364 2373 2380 3223 
m759 22 1122 
m689 22 36 40 46 1136 1146 1840 2336 2340 4336 4836 
m828 22 23 30 46 1122 1123 1130 1146 1180 1523 1530 1546 2330 2346 4823 
m676 22 23 30 36 40 41 46 49 1122 1123 1130 1136 1140 1146 1172 1173 1186 1190 1191 1199 1522 1523 1530 1536 1540 1541 1546 1549 1822 1823 1830 1836 1840 1841 1846 2022 2023 2030 2036 2040 2041 2046 2049 2072 2073 2086 2096 2099 2330 2336 2340 2341 2472 2473 2486 2490 2496 3696 4823 
m614 23 24 40 46 1190 1240 1246 2023 2024 2040 2046 2340 3696 3723 
m398 41 2091 
m892 23 31 46 49 1196 1573 1596 2346 2473 2481 2496 2499 
m1110 36 49 1836 1849 2499 
m184 22 23 30 36 40 46 49 1122 1123 1130 1136 1140 1146 1149 1172 1173 1522 1523 1530 1540 1546 1822 1823 1830 1840 1846 2022 2023 2030 2036 2040 2046 2322 2323 2330 2340 2346 2472 2486 2490 2496 3696 4823 
m989 22 40 41 46 1122 1140 1146 2022 2040 2046 2340 
m399 33 36 38 46 49 1833 1846 1938 1946 2333 2336 2346 2349 2483 2486 2496 4833 
m95 13 20 22 33 36 38 40 1013 1022 1033 1036 1038 1040 1113 1122 1133 1136 1138 1140 1813 1833 1838 1840 1913 1933 2013 2033 2038 4163 
m40 37 49 1899 2487 
m643 5 13 22 263 272 1105 1113 1122 
m451 5 13 33 655 1655 4163 
m233 14 40 46 2014 2046 2314 2346 4814 
m465 22 36 38 40 1122 1136 1138 1140 1836 1838 1840 1936 1938 2036 2038 2040 
m460 30 32 36 46 1630 1830 1846 2330 2332 4332 
m292 46 2346 4846 
m530 37 49 1899 2487 2499 
m346 5 23 24 40 46 273 274 290 1190 1240 1246 2023 2024 2040 2046 2340 3696 3723 
m388 2 40 46 140 146 2046 
m656 
m773 20 48 2420 
m166 36 37 40 1836 1837 1840 2036 2037 2040 
m934 22 26 33 1122 1126 1133 1676 
m839 22 23 30 40 41 1123 1130 1140 1190 1523 1530 1540 2022 2023 2030 2090 
m56 22 23 30 36 40 46 49 1122 1123 1130 1136 1140 1146 1149 1172 1173 1180 1186 1190 1199 1522 1523 1530 1536 1540 1546 1549 1823 1840 2022 2023 2030 2036 2040 2046 2322 2330 2336 2340 2346 2472 2473 2480 2486 2490 2496 3696 4823 
m702 22 23 36 40 49 1122 1123 1136 1140 1149 1172 1173 1186 1190 1199 1840 2022 2023 2036 2040 2049 2473 2486 2490 3673 3686 4323 
m379 23 32 46 1196 1623 1646 2346 
m533 22 23 30 36 40 41 1123 1130 1172 1173 1180 1186 1190 1522 1523 1530 1536 1540 1822 1823 1830 1840 2022 2023 2030 2073 3673 
m15 29 36 38 49 1488 1499 1829 1836 1838 1849 1936 1938 1949 2479 2486 2488 2499 
m750 14 36 38 46 49 736 738 746 749 1814 1846 1849 1914 1936 1946 1949 2336 2338 2346 2349 2464 2486 2496 4814 
m584 44 46 2246 2344 2346 4846 
m712 37 46 49 1899 2337 2346 2349 4396 4837 4846 
m467 22 38 45 46 1138 1145 1146 1938 1945 1946 2345 
m992 27 32 1382 
m629 38 46 1938 1946 2338 2346 
m568 12 22 23 36 40 41 46 49 636 640 641 646 1123 1136 1141 1146 1149 1812 1836 1840 1841 1846 1849 2036 2041 2046 2073 2086 2090 2091 2096 2099 2322 2323 2336 2340 2341 2349 2462 2472 2473 2486 2491 2496 4323 4336 4812 4836 
m840 22 23 30 36 40 41 46 49 1122 1123 1130 1136 1140 1146 1172 1173 1186 1190 1191 1199 1522 1523 1530 1536 1540 1541 1546 1549 1822 1823 1830 1836 1840 1841 1846 2022 2023 2030 2036 2040 2041 2046 2049 2072 2073 2086 2096 2099 2330 2336 2340 2341 2472 2473 2486 2490 2496 3696 4336 4823 
m1014 22 23 30 46 1122 1123 1130 1146 1180 1523 1530 1546 2330 2346 4823 
m1138 14 22 23 30 40 45 46 714 746 1114 1145 1146 1164 1172 1190 1195 1196 1514 1522 1523 1530 1540 1545 1546 2014 2022 2023 2030 2040 2045 2046 2264 2296 2314 3664 
m691 14 20 40 46 49 720 2014 2046 2049 2314 2320 2346 2349 2464 2496 4814 
m1156 12 14 22 36 45 46 49 645 712 745 1112 1114 1146 1814 1822 1846 1849 2314 2345 2346 2464 2472 2496 3146 3246 4812 
m1017 14 40 46 2014 2040 2046 2314 2346 4814 
m229 12 22 36 40 46 49 636 1136 1146 1812 1836 1846 2022 2036 2040 2046 2312 2336 2346 2349 2462 2486 2496 3136 4336 4812 4836 
m67 22 26 33 36 49 1322 1333 1349 1672 1822 1826 1833 1849 2472 2483 
m33 13 25 38 46 675 1913 1925 1946 2313 2325 
m942 13 22 32 36 40 672 686 690 1113 1136 1140 1613 1622 1636 1640 1822 2022 2036 2040 3186 4336 
m720 22 23 36 40 41 46 49 1123 1136 1140 1141 1146 1191 1822 1823 1836 1840 1841 1849 2022 2023 2036 2040 2041 2046 2072 2073 2086 2090 2091 2322 2323 2336 2340 2341 2349 2472 2473 2486 2490 2491 4323 4336 4346 4836 
m253 23 30 36 40 1180 1523 1530 1536 1540 1830 2023 2030 2036 2040 4323 
m246 22 
m1137 22 23 30 36 40 46 1122 1123 1130 1136 1140 1146 1172 1173 1522 1523 1530 1540 1546 1822 1823 1830 1840 1846 2022 2023 2030 2036 2040 2046 2322 2323 2330 2340 2346 3696 4823 
m366 36 38 1836 1936 1938 
m79 22 37 46 1122 1137 1146 2322 2337 2346 4837 
m30 22 23 36 37 40 41 1122 1123 1136 1137 1140 1141 1823 1836 1873 1886 1890 2023 2036 2073 2086 2087 2090 3673 4323 4373 4586 
m355 10 32 46 1610 1632 1646 2310 2346 
m62 
m1112 14 36 40 41 46 714 736 2014 2036 2046 2064 2086 2090 2096 3246 4314 4346 4814 
m1047 
m879 13 17 22 672 872 1113 1117 1122 3363 
m488 32 36 38 46 49 1632 1636 1649 1849 1932 1936 1938 1946 2332 2336 2338 2346 2349 
m891 22 23 36 40 46 1122 1123 1136 1146 1172 1822 1823 1836 2022 2023 2036 2040 2046 2322 2323 4323 4346 4836 
m262 13 22 32 36 38 40 672 686 690 1113 1136 1140 1613 1622 1636 1640 1822 1913 1922 1932 1936 1940 2022 2036 2040 3186 4336 
m393 12 13 22 36 40 622 636 640 672 686 690 1112 1113 1122 1136 1140 1822 2022 2036 3162 
m1146 22 37 46 1122 1137 1146 2322 2337 2346 4837 
m1051 23 32 46 1196 1623 1646 2346 
m122 12 22 36 37 40 41 46 612 622 636 637 640 641 646 1112 1136 1137 1140 1141 1146 1812 1822 1837 1840 1846 1872 1886 1890 1891 2012 2022 2036 2037 2040 2041 2046 2062 2072 2086 2087 2090 2096 2312 2322 2340 2341 4837 
m793 22 23 30 36 40 41 1122 1123 1130 1136 1140 1173 1522 1523 1536 1822 1823 1830 1836 2022 2023 2030 2036 2072 2073 2080 2086 2090 2091 3673 4323 4586 
m88 22 23 30 46 1122 1123 1130 1146 1523 1530 1546 2330 2346 3696 4823 
m215 22 23 30 46 1122 1123 1130 1146 1523 1530 1546 2330 2346 3696 4823 
m369 11 13 22 33 36 40 563 572 583 586 672 686 690 1113 1122 1133 1136 1140 1672 1686 1690 1822 2022 2036 3183 
m1007 23 24 40 46 1190 1240 1246 2023 2024 2040 2046 2340 3696 3723 
m610 8 408 
m1044 22 48 1122 1148 
m323 23 30 36 41 1180 1186 1830 2073 2080 3673 3686 4323 4586 
m694 12 14 22 45 46 645 712 745 1112 1114 1146 2314 2345 2346 3146 3246 4812 
m295 22 23 30 36 40 41 1122 1123 1130 1136 1140 1141 1172 1173 1186 1190 1191 1523 1536 1541 1840 1841 2023 2036 2041 2072 2073 2086 2090 2091 3673 3686 4323 4336 4586 
m357 22 23 36 40 46 49 1122 1123 1136 1146 1149 1172 1822 1849 2022 2023 2036 2046 2049 2322 2323 2336 2349 2472 2473 2486 4323 4336 4836 
m1030 45 
m107 32 36 46 1632 1636 1646 1832 1836 1846 2332 2336 2346 4332 
m825 
m1088 13 22 32 36 38 40 672 686 690 1113 1122 1136 1140 1613 1622 1636 1822 1913 1922 1932 1936 2022 2036 
m1172 36 40 46 49 1836 1840 1846 1849 2036 2040 2046 2049 2336 2340 2346 2349 4346 4836 4846 
m43 37 45 46 1895 2337 2345 2346 4396 
m144 14 22 32 732 1114 1132 
m68 23 30 1180 1523 1530 
m400 22 23 30 36 40 1123 1130 1173 1186 1190 1523 1530 1536 1823 2023 2036 3673 3686 
m23 14 22 26 37 39 722 737 1314 1322 1337 1339 1872 1964 1972 1987 
m1087 36 46 2336 
m618 22 23 30 36 38 40 41 1123 1136 1140 1141 1172 1173 1180 1186 1188 1190 1191 1830 1922 1923 1936 1940 1941 2023 2030 2036 2040 2041 2073 2080 2086 2090 3673 4323 
m445 22 36 40 46 49 1136 1140 1146 1149 1822 1836 1840 1846 1849 2022 2036 2040 2046 2049 2322 2336 2340 2346 2349 2472 2486 2490 2496 4346 
m196 14 16 23 46 716 723 746 2316 3323 4823 
m878 22 33 36 46 49 1133 1146 1683 1686 1696 1699 1849 2333 2336 2346 2349 2486 2499 4196 
m1113 13 38 46 688 1913 1938 1946 2313 2338 2346 3196 
m414 36 46 49 1849 2336 2346 2349 2486 2496 2499 4336 4836 
m1145 
m1009 22 23 36 40 41 1123 1141 1173 1186 1190 1823 1836 2023 2036 2040 2072 2073 2086 2090 2091 3686 4323 
m1131 14 36 40 46 1814 1840 1846 2014 2036 2040 2046 2314 2346 4346 4814 4846 
m886 23 31 46 48 49 1196 1573 1596 2346 2423 2431 2446 2449 2473 2481 2496 
m440 22 23 30 36 40 1122 1123 1130 1136 1140 1172 1173 1180 1186 1190 1523 1536 1540 1822 2022 2023 2036 3673 3686 4323 4336 
m632 5 36 45 286 295 1845 2255 2286 4336 
m224 28 36 38 1928 1936 1938 4328 
m1168 23 30 46 1180 1523 1530 1546 2330 2346 4823 
m570 12 14 46 712 2314 2346 3146 3246 4812 
m776 5 13 22 26 33 36 40 263 272 283 286 672 686 690 1113 1122 1133 1136 1140 1305 1313 1322 1333 1655 1663 1672 1683 1686 1690 1822 2022 2036 3183 
m923 36 
m968 22 26 38 46 1146 1322 1346 1922 1926 1946 2346 
m837 
m677 8 46 49 408 446 449 2349 
m507 14 22 36 41 46 714 722 736 741 1822 1836 1841 2072 2314 2322 2336 2341 3236 4314 4586 4814 
m908 23 26 30 40 46 1173 1180 1323 1330 1346 1523 2023 2026 2046 2323 2330 3673 4823 
m660 40 45 46 2045 2046 2290 2295 2296 2340 2345 2346 
m453 22 23 30 38 46 1123 1130 1138 1146 1188 1523 1530 1538 1546 2338 3696 
m520 14 30 36 38 46 1514 1530 1536 1538 1814 1830 1836 1838 1914 1938 1946 2314 2330 2336 2346 4036 4330 
m158 38 49 1938 1949 2488 
m970 21 22 23 30 36 40 46 1072 1073 1080 1090 1096 1121 1122 1123 1130 1136 1140 1146 1172 1173 1522 1523 1530 1546 1821 1822 1823 1830 1840 1846 2021 2022 2023 2030 2036 2040 2046 2321 2322 2323 2330 2340 2346 3696 4823 
m704 22 23 30 36 40 45 46 1123 1130 1136 1140 1146 1180 1523 1530 1536 1546 1830 2023 2030 2036 2046 2272 2273 2280 2286 2290 2296 2330 2336 4323 4823 
m811 22 23 30 41 46 1123 1130 1146 1172 1522 1523 1530 1546 2072 2073 2080 2096 2322 3696 
m822 23 36 40 46 49 1186 1196 1836 1846 2023 2036 2046 2323 2473 2486 2490 2496 3673 4323 4836 
m145 22 23 37 1123 1137 1172 1173 1187 1873 3673 
m112 
m1139 14 22 23 30 40 41 46 714 746 1114 1141 1146 1164 1172 1190 1191 1196 1514 1522 1523 1530 1540 1541 1546 2014 2022 2023 2030 2040 2041 2046 2064 2096 2314 3664 
m928 23 36 41 49 1186 1199 1823 1836 1849 2073 2086 2099 2473 3673 4323 4586 
m576 23 36 41 45 1186 1191 2273 2286 2291 3673 3686 4586 
m7 22 23 30 46 1122 1123 1130 1146 1180 1523 1530 1546 2330 4823 
m235 22 23 36 40 41 1122 1123 1136 1822 1823 1836 1840 2022 2023 2036 2072 2073 2086 2090 3673 4323 4586 
m559 22 32 33 36 40 1122 1132 1133 1136 1140 1633 1672 1822 1832 1833 1836 1840 2022 2032 2033 2036 4136 4186 
m841 22 23 30 36 40 41 46 49 1122 1123 1130 1136 1140 1141 1146 1149 1172 1173 1190 1191 1522 1523 1530 1536 1540 1541 1546 1822 1823 1830 1836 1840 1841 1846 1849 2022 2023 2030 2036 2040 2046 2049 2322 2323 2330 2336 2340 2341 2346 2472 2473 2480 2486 2490 2496 3696 4823 
m555 31 36 37 40 46 1587 1590 1596 1831 1837 1846 1890 1896 2340 
m408 12 13 22 32 36 40 49 632 682 699 1112 1113 1122 1132 1136 1140 1812 1813 1832 1836 1840 1849 2012 2013 2032 2036 2049 2462 2482 2486 3136 3162 3186 
m312 14 40 45 46 745 2014 2040 2046 2314 2345 2346 3214 4814 
m737 23 46 2323 2346 4823 
m962 30 46 49 2330 2349 2480 
m718 13 22 672 1113 1122 
m1091 12 22 23 36 40 41 46 49 640 641 646 1112 1123 1136 1141 1146 1149 1812 1836 1840 1841 1846 1849 2041 2046 2073 2086 2090 2091 2096 2099 2322 2323 2336 2340 2341 2349 2462 2473 2486 2496 4323 4336 4812 4836 
m353 14 23 30 38 40 730 1180 1514 1523 1530 1540 1914 1923 1930 1940 2014 2023 2030 3223 
m1023 30 36 46 49 1536 1549 1849 2330 2336 2346 2349 
m223 14 22 40 46 1114 1140 1146 2014 2040 2046 2314 2346 4814 4846 
m410 23 31 46 49 1196 1573 1596 2323 2346 2473 2481 2496 
m1157 15 16 37 46 1865 2315 2316 2337 2346 3315 4366 
m897 22 23 24 40 46 1122 1123 1124 1140 1146 1190 1222 1240 1246 2022 2023 2024 2340 3696 3723 
m998 22 23 36 37 40 1122 1123 1136 1137 1140 1172 1173 1822 1823 1836 1837 1840 1872 1873 2022 2023 2036 2037 2040 3673 
m14 13 33 4163 
m486 22 23 30 41 1123 1141 1172 1173 1191 1522 1523 1541 2073 2080 2091 3673 
m623 36 49 1836 1849 2499 
m1102 37 46 1896 2346 4837 
m394 46 2346 
m173 38 41 46 49 1938 1946 1949 2096 2349 
m356 13 23 36 46 49 1813 1823 1846 1849 2313 2346 2463 2473 2486 2496 2499 3663 4813 4823 
m345 23 30 46 49 1180 1523 1530 1546 2330 2346 2480 2496 4823 
m693 5 13 27 38 46 263 296 1355 1363 1396 1905 1913 1927 1946 2313 2346 4813 
m409 22 23 30 36 40 41 1122 1123 1130 1136 1140 1172 1180 1186 1522 1523 1536 1822 2023 2030 2036 2072 2073 2080 2086 2090 3673 4323 
m890 37 41 46 49 1891 2337 2341 2346 2349 2487 2491 2496 4396 
m498 14 23 40 46 49 1196 2014 2023 2046 2049 2464 2473 2496 3664 4814 
m100 3 22 23 36 40 41 46 172 186 190 196 1122 1136 1140 1146 1191 1822 1823 1836 1840 1841 1846 2022 2023 2036 2040 2041 2046 2323 2336 2341 2346 3686 4336 4341 4346 4823 
m1161 22 23 30 41 1122 1123 1130 1172 1173 1180 1522 1523 1530 2072 2080 3673 
m877 22 36 37 40 46 1122 1136 1140 1146 1822 1836 1837 1840 1846 1872 1896 2022 2036 2037 2040 2046 2322 2337 2346 4387 4396 4837 4846 
m860 38 46 1946 
m560 12 14 46 712 2314 2346 3146 3246 4812 
m1045 12 14 45 46 645 712 745 2314 2345 2346 3146 3246 4812 
m386 13 46 2313 
m210 22 23 1122 1123 1173 3673 
m54 22 36 40 41 1136 1140 1141 1836 1841 2036 2041 2086 2090 2091 4586 
m482 14 45 46 2264 2296 2314 2346 4814 
m204 22 23 36 40 41 1122 1123 1136 1140 1141 1173 1186 1190 1823 1836 2022 2023 2036 2040 2072 2073 2086 2090 2091 3686 4323 
m669 36 41 46 2096 2336 2341 2346 4586 4836 4846 
m1111 22 36 40 46 49 1136 1140 1146 1822 1840 1846 2022 2036 2040 2046 2049 2322 2336 2340 2346 2349 2486 2490 2496 4836 
m924 17 22 38 46 888 1117 1138 2322 2338 4817 
m807 22 46 1122 1146 2322 2346 4846 
m921 22 30 36 1522 1536 1822 
m541 36 
m443 46 
m1039 14 46 714 746 2346 4814 
m994 37 46 49 1899 2346 2349 2487 2496 4396 4837 
m178 13 22 36 38 40 672 686 690 1113 1122 1136 1140 1822 1913 1922 1936 2022 2036 
m387 23 36 38 40 46 1923 1936 1940 1946 2023 2036 2046 2323 3686 4836 
m212 22 36 40 46 1822 1840 1846 2022 2036 2040 2046 2322 2336 2340 2346 4336 4346 4836 
m766 6 14 32 36 314 332 732 1806 1814 1832 
m987 22 23 36 37 40 41 1123 1137 1173 1186 1187 1190 1823 1873 1886 1890 2023 2036 2072 2073 2087 3673 4323 
m558 22 23 30 38 1122 1123 1130 1138 1172 1173 1188 1523 1530 1538 1922 1923 3673 
m156 13 46 2313 
m1141 5 30 36 46 280 286 1536 1830 1836 2305 2330 2336 4836 
m1006 36 37 49 1836 1837 1849 2486 2487 2499 
m320 13 22 36 38 40 45 1113 1136 1138 1140 1145 1813 1840 1913 1936 1940 2013 2263 2286 2288 2290 
m91 22 40 46 1140 1146 2022 2046 2322 2340 2346 
m334 5 13 22 33 36 40 263 272 283 286 290 672 686 690 1122 1136 1140 1672 1686 1690 1822 2022 2036 3183 
m381 45 
m973 22 23 30 36 40 46 1122 1123 1130 1136 1140 1146 1172 1522 1523 1530 1536 1540 1822 1823 1830 1836 1840 1846 2022 2023 2030 2036 2046 2322 2323 2330 2336 2340 3673 3686 4323 4823 
m874 15 22 27 38 46 777 1115 1146 1915 1922 1938 1946 2315 2327 2346 
m244 46 2346 
m38 22 46 1122 1146 
m993 45 2295 
m493 36 40 46 49 1836 1840 1846 1849 2036 2040 2046 2049 2336 2340 2346 2349 2486 2490 2496 4346 
m542 13 22 33 36 40 672 686 690 1113 1122 1133 1136 1140 1672 1686 1690 1822 2022 2036 3183 
m716 22 36 38 40 41 46 1136 1141 1836 1840 1841 1936 1940 1941 1946 2022 2036 2038 2040 2041 2046 2086 2090 2091 2322 2336 2341 4586 
m283 22 23 36 41 1122 1123 1136 1822 1823 2072 2073 3673 4323 4586 
m360 
m889 38 46 1938 1946 2346 
m552 20 40 48 1040 2040 2420 
m964 22 23 30 41 1122 1123 1130 1172 1173 1180 1522 1523 1541 2072 2073 2080 3673 
m211 23 30 36 41 1191 1523 1536 1541 2073 2086 2091 3686 4586 
m83 36 40 41 1836 1840 1841 2036 2041 2086 2090 2091 4586 
m665 3 
m706 28 36 38 1438 1838 1928 1936 4328 
m1060 26 36 46 49 1336 1346 2476 2486 2496 4836 4846 
m98 10 510 
m1021 22 30 32 36 40 41 46 49 1122 1130 1132 1136 1140 1141 1146 1522 1532 1536 1546 1622 1646 1822 1830 1832 1836 1840 1846 1849 2022 2030 2032 2036 2040 2046 2049 2072 2090 2096 2322 2472 2480 2482 2486 2490 2496 4346 4846 
m479 36 40 41 1841 2036 2041 2086 2090 2091 
m626 41 44 45 2241 2245 2291 
m53 21 23 36 40 46 1171 1821 1823 1846 2021 2023 2036 2040 2046 2321 2323 2346 4346 4823 
m700 
m277 22 23 30 46 1122 1123 1130 1146 1196 1523 1546 2346 
m954 23 30 36 40 41 49 1186 1190 1199 1523 1530 1536 1540 1549 1836 1840 1849 2073 2080 2086 2090 2099 2486 2490 2499 3686 4336 
m138 30 37 46 1530 1537 1546 1880 2330 2337 2346 
m786 46 2346 
m714 22 36 37 40 41 1137 1140 1822 1836 1840 1841 2022 2036 2037 2040 2041 2072 2086 2090 2091 4586 
m1114 16 22 36 40 822 836 840 1116 1122 1136 1140 1822 2022 2036 
m442 22 38 1122 1922 
m302 12 32 36 38 46 1612 1646 1812 1912 1932 1936 1946 2312 2332 2336 2346 3146 4136 4346 4812 
m1050 22 23 30 38 41 1141 1172 1191 1522 1523 1538 1541 1922 1923 1930 1938 1941 
m190 22 23 30 41 1122 1123 1130 1172 1173 1180 1522 1523 1530 2072 2073 2080 3673 
m416 36 40 46 49 1836 1846 2036 2040 2046 2049 2336 2346 2349 2486 2496 4336 4836 
m980 22 23 37 41 1122 1123 1137 1141 1172 1173 1872 1873 2072 2073 2087 3673 
m663 14 20 38 46 49 720 1914 1946 2320 2349 2464 2470 4814 
m888 36 40 46 1840 1846 2036 2040 2046 2346 4346 
m448 22 30 36 40 1122 1136 1140 1522 1536 1822 1836 1840 2022 2036 
m446 22 36 37 40 46 1136 1137 1140 1146 1837 1840 1846 1890 2022 2036 2037 2040 2046 2336 2340 2346 4336 4346 4396 4837 
m325 23 40 46 1190 2023 2040 2046 2340 2346 3696 4823 
m931 22 23 36 40 41 46 1123 1141 1146 1191 1822 1823 1836 1841 1846 2022 2023 2036 2040 2041 2046 2323 2336 2341 2346 3686 4341 4346 4823 
m1101 45 
