m1376 22 23 45 1123 1173 1195 3673 
m2041 37 49 1899 2487 2499 
m2283 36 37 40 46 49 1837 1849 1899 2036 2037 2046 2049 2336 2349 4837 
m3432 14 44 46 49 744 746 2344 2464 2494 2496 
m1242 37 40 46 2037 2046 4396 
m352 26 37 38 46 1876 1926 1937 1946 2326 4396 
m3039 14 46 49 2314 2346 2464 2496 4814 
m359 22 37 40 46 1137 1140 1146 1890 2022 2037 2040 2046 2322 2337 2340 2346 4396 
m2266 23 36 40 45 46 49 1190 1195 1836 1840 1845 2023 2036 2040 2045 2046 2049 2323 2336 2340 2345 2473 2486 2495 2496 3686 4323 4336 4836 
m561 22 44 46 1146 2222 2244 2246 2322 2344 2346 4846 
m1859 14 41 46 2064 2091 2096 2314 2346 4814 4846 
m406 26 38 46 1926 1946 2326 
m947 27 36 46 49 1827 1846 1849 2327 2346 2477 2496 
m3144 22 37 40 46 1122 1137 1140 1146 2022 2037 2046 2322 2337 2346 4837 
m803 22 23 36 40 46 49 1172 1822 1823 1836 1846 1849 2023 2036 2040 2046 2049 2322 2336 2346 2349 2472 2473 2486 4323 4346 4823 4836 
m2314 23 36 40 41 1173 1823 1836 1840 1841 2023 2036 2040 2041 2073 2086 2090 2091 3686 4323 
m3317 22 23 36 40 46 49 1172 1822 1823 1836 1849 2022 2023 2036 2040 2046 2049 2322 2323 2336 2349 2473 2486 3686 4336 4346 4836 
m2425 26 38 46 1926 1946 2326 
m1269 13 22 30 680 1113 1122 1130 
m2901 22 23 30 36 40 41 46 1122 1123 1130 1136 1140 1141 1146 1191 1522 1523 1536 1541 1546 1841 1846 2023 2030 2036 2040 2041 2046 2072 2080 2341 3696 4323 
m75 
m564 22 23 36 40 1122 1123 1136 1140 1173 1822 1823 1840 2022 2023 3673 
m2434 5 22 32 36 46 49 286 299 1605 1622 1636 1646 1649 1805 1822 1846 1849 2305 2322 2332 2336 2346 2349 2472 2486 2499 4136 4336 4836 
m3006 16 26 36 40 46 49 826 1826 2016 2036 2046 2316 2326 2346 2466 2486 2490 2496 3336 3346 4346 4836 
m2021 40 46 2040 2046 2340 
m2006 14 38 46 738 2314 2338 2346 4814 
m1910 14 23 30 40 730 1180 1514 1523 1530 1540 2014 2023 2030 3223 
m288 22 32 36 46 49 1622 1649 1822 1832 1849 2322 2332 2336 2346 2349 2472 4136 4336 4836 
m1811 28 36 38 1928 1936 1938 4328 
m2419 22 23 36 40 46 1122 1123 1136 1140 1146 1172 1186 1190 1196 1822 1836 2022 2036 2040 2046 2322 3686 4346 
m389 22 30 38 46 1122 1130 1146 1922 1930 1938 1946 2330 2346 
m1920 23 31 46 49 1196 1573 1596 2346 2473 2481 2496 2499 
m3293 14 38 40 46 49 1938 1940 1946 2014 2046 2049 2346 2464 2496 4814 
m2361 22 23 30 1123 1130 1522 1523 1530 
m2592 6 36 40 1806 2006 2036 
m1948 22 23 36 40 41 1123 1136 1140 1141 1173 1186 1190 1823 1836 2023 2036 2040 2072 2073 2086 2090 2091 3686 4323 
m2888 23 37 46 49 2323 2473 2487 2496 3687 4837 
m1003 14 32 42 46 732 2114 2132 2314 2332 2342 
m3435 36 46 2336 
m2583 6 14 32 36 49 706 714 732 736 749 1606 1636 1806 2456 2482 2486 
m3256 
m1969 13 22 36 38 40 672 686 690 1113 1122 1136 1140 1822 1913 1922 1936 2022 2036 
m844 29 36 38 49 1488 1499 1829 1836 1838 1849 1936 1938 1949 2479 2486 2488 2499 
m2496 5 13 26 33 41 46 655 696 1305 1313 1326 1333 1341 1346 1655 1676 1691 1696 2055 2063 2096 2305 4163 
m3485 5 36 37 46 49 286 296 299 1849 1855 1886 1896 1899 2305 2336 2346 2349 4836 4837 
m2345 40 46 48 2040 2046 2340 2346 2348 2440 2446 
m3347 22 23 37 41 1122 1123 1137 1141 1172 1173 1872 1873 2072 2073 2087 3673 
m3245 
m3104 14 20 38 46 49 720 1914 1946 2320 2349 2464 2470 4814 
m2312 22 40 46 1146 2022 2040 2046 2346 
m2377 22 36 40 41 1122 1136 1140 1141 1822 1836 1840 1841 2022 2036 2041 2072 2086 2090 2091 
m2781 12 13 46 662 696 2312 2346 3196 4812 
m2338 38 46 1938 1946 2346 
m1739 13 38 46 688 1913 1946 2338 4813 
m3267 22 36 40 1122 1822 1836 1840 2022 2036 2040 
m683 37 46 49 1899 2346 2349 2487 2496 4396 4837 
m601 13 22 36 38 40 41 1113 1136 1138 1140 1141 1813 1840 1913 1922 1936 1938 1940 1941 2013 2063 2086 2088 2090 
m636 46 2346 
m1847 14 22 36 40 41 46 714 722 736 741 1822 1836 1841 2014 2036 2046 2072 2314 2322 2336 2341 3236 4314 4586 4814 
m1771 36 41 46 49 1841 1846 2341 2346 2486 2491 2496 
m2954 23 38 46 49 1188 1199 1938 1946 2338 2346 2349 3696 4823 
m1683 12 14 27 46 712 746 1362 1364 1396 2312 2346 3246 4812 
m650 14 23 36 38 46 49 1164 1814 1823 1838 1846 1849 1914 1923 1946 1949 2323 2464 2473 2496 4814 
m2245 14 34 36 40 46 1714 1734 1736 1740 1746 1814 1836 1840 1846 2014 2036 2040 2046 2314 2346 4346 4814 4846 
m712 14 26 46 714 726 746 1314 1326 1346 2314 2326 2346 4814 
m1253 36 
m1531 14 36 40 46 740 1814 1836 1840 1846 2014 2036 2040 2046 2314 2340 2346 3246 4314 4346 4836 
m944 37 40 46 1890 1896 2040 2046 2340 2346 4837 
m3421 22 23 30 36 40 46 49 1122 1123 1130 1136 1140 1146 1149 1172 1173 1180 1186 1190 1199 1522 1523 1530 1536 1540 1546 1549 1823 1840 2022 2023 2030 2036 2040 2046 2322 2330 2336 2340 2346 2349 2472 2473 2480 2486 2490 2496 3696 4823 
m904 12 36 38 41 46 641 1841 1912 1936 1938 1941 1946 2062 2086 2091 2096 2312 2336 2341 4312 
m594 14 36 40 46 1814 1836 1846 2014 2036 2040 2046 2336 2346 4314 4346 4814 
m3378 22 23 36 40 41 1122 1123 1136 1140 1141 1172 1173 1822 1823 1836 1840 1841 2022 2023 2036 2040 2041 2072 2073 2086 2090 3673 4586 
m1321 22 23 30 36 40 41 1122 1123 1130 1136 1140 1172 1173 1180 1186 1190 1523 1822 1823 1830 1836 2023 2030 2036 2072 2073 3673 4323 4586 
m2549 27 38 46 1927 1946 2327 
m1876 34 45 2284 
m228 5 13 33 46 263 283 2305 2313 2333 4163 
m1389 32 36 4332 
m1783 38 41 1938 1941 2088 2091 
m2949 22 46 1122 1146 2346 
m3098 13 38 1913 1938 
m199 28 46 1428 2328 2346 
m1258 22 23 30 36 38 40 41 1123 1136 1140 1141 1172 1173 1180 1186 1188 1190 1191 1830 1922 1923 1936 1940 1941 2022 2023 2030 2036 2038 2040 2041 2073 2080 2086 2090 3673 4323 
m651 12 38 40 45 46 1912 1945 1946 2012 2038 2045 2046 2262 2296 2312 2346 4812 
m796 38 40 41 46 1940 1941 1946 2090 2340 2341 
m520 22 23 38 46 49 1122 1123 1146 1149 1199 1922 1923 1938 1946 2323 2346 2349 
m481 14 36 41 46 714 736 741 1836 1841 2091 2314 2336 2341 3236 4314 4586 4814 
m1998 38 46 2338 2346 4846 
m2174 14 23 38 46 1164 1196 1914 1923 1946 4814 
m1793 32 1632 
m3110 22 36 40 46 49 1136 1140 1146 1840 1846 2022 2036 2040 2046 2049 2336 2340 2346 2349 2486 4836 
m1873 22 23 30 36 40 45 1123 1130 1136 1145 1523 1830 2022 2023 2030 2036 2045 2273 2280 2286 4323 
m514 5 22 27 46 1146 1355 2305 2327 
m896 36 
m1821 22 40 46 1140 1146 2040 2046 2340 2346 
m1655 22 37 46 1122 1137 1146 2322 2337 2346 4837 
m2212 22 36 40 46 49 1136 1140 1146 1149 1836 1840 1846 1849 2036 2040 2046 2049 2336 2340 2346 2349 2486 2490 2496 4346 
m1664 14 33 37 46 737 746 2333 3233 4383 4837 
m1440 22 46 1122 1146 2322 2346 4846 
m1747 12 22 36 37 40 41 46 612 622 636 637 640 641 646 1112 1136 1137 1140 1141 1146 1812 1822 1837 1840 1846 1872 1886 1890 1891 2012 2022 2036 2037 2040 2041 2046 2062 2072 2086 2087 2090 2096 2312 2322 2336 2340 2341 4837 
m1752 22 23 26 1123 1126 1173 1176 1323 3673 
m1169 14 26 36 40 46 1314 1336 1340 1346 1814 1846 2014 2036 2040 2046 2346 4346 4814 
m2630 22 23 30 36 40 41 1123 1130 1136 1140 1141 1172 1173 1180 1186 1190 1523 1822 1823 1830 1836 2023 2030 2036 2073 2086 3673 4323 4586 
m1767 9 23 30 46 1159 1509 1523 1546 2309 2323 2346 4823 
m1195 20 22 36 41 1022 1120 1122 1136 1141 1820 1822 2070 2072 4586 
m1177 14 45 46 2264 2296 2314 2346 4814 
m810 23 30 36 40 41 1173 1180 1186 1190 1523 1536 1540 1823 1830 1840 2023 2036 2073 2086 3673 4336 
m2322 8 46 2308 2346 4846 
m995 40 45 46 2045 2046 2296 2346 4846 
m3273 22 36 41 49 1122 1136 1141 1149 1849 2072 2086 2099 4336 
m1525 22 23 30 41 1123 1141 1172 1173 1191 1522 1523 1541 2072 2073 2080 2091 3673 
m1863 33 36 46 1686 2333 2336 2346 4833 
m2573 23 41 1173 1191 2073 3673 
m1465 22 36 40 41 1136 1140 1141 1836 1840 1841 2036 2041 2072 2086 2090 2091 4586 
m1408 30 38 40 45 46 1930 1938 1946 2030 2038 2046 2280 2288 2290 2296 2330 
m3078 22 23 36 40 41 1122 1123 1136 1140 1141 1172 1173 1822 1823 1836 1840 1841 2022 2023 2036 2040 2041 2072 2073 3673 4586 
m2196 22 23 30 40 46 1122 1123 1130 1140 1146 1180 1196 1523 1530 1546 2022 2023 2030 2046 2330 3673 4823 
m2721 46 2346 
m1671 23 30 46 1180 1523 1530 1546 2330 2346 4823 
m1134 22 41 46 1122 1141 1146 2341 2346 
m2461 14 22 23 30 46 730 746 1114 1122 1123 1130 1146 1180 1514 1523 1530 1546 2330 3223 4823 
m1116 22 23 30 36 40 1123 1130 1173 1186 1190 1523 1530 1536 1823 2023 2036 3673 3686 
m555 13 36 38 46 49 699 1849 1913 1936 1946 1949 2313 2349 3186 4836 
m2259 30 36 40 46 1830 2030 2036 2330 2336 2340 2346 4836 
m3319 13 22 32 36 40 672 686 690 1113 1136 1140 1613 1622 1636 1640 1822 2022 2036 2040 3186 4336 
m36 
m982 30 45 46 2280 2296 2330 2346 
m2243 12 23 36 40 41 46 49 623 636 640 641 649 1191 1823 1840 1841 2012 2023 2036 2040 2041 2046 2073 2086 2090 2091 2099 2312 2323 2336 2341 2346 2349 2473 2486 2490 2491 3136 4323 4336 4812 
m2186 46 
m1746 22 23 38 46 1123 1138 1146 1172 1173 1922 1923 1938 1946 2322 2323 3673 4823 
m3334 12 36 46 49 612 636 646 649 1812 1849 2312 2336 2346 2349 2462 2486 2496 2499 4812 
m2288 14 36 49 749 1814 1849 
m1705 23 30 46 1180 1523 1530 2330 4823 
m3178 6 14 32 36 314 332 732 1806 1814 1832 
m825 38 46 1946 2338 2346 
m3181 22 23 36 40 41 1122 1140 1141 1173 1186 1190 1823 1836 2022 2023 2036 2040 2041 2073 2086 2090 2091 3686 4323 
m3233 14 22 32 732 1114 1132 
m747 22 23 30 45 46 1123 1130 1145 1146 1196 1523 1545 1546 2273 2296 2346 
m1255 22 23 36 40 1122 1123 1136 1140 1172 1173 1186 1190 1822 1823 1836 1840 2022 2023 2036 2040 3673 4323 
m1902 22 44 45 46 1146 2272 2294 2296 2344 2346 4846 
m1583 5 32 36 45 46 49 282 286 295 299 1636 1645 1649 1845 1849 2255 2282 2286 2295 2305 2332 2336 2345 2349 2495 4136 4336 
m3287 36 40 46 1840 1846 2036 2040 2046 2346 4346 
m2817 22 23 30 46 1122 1123 1130 1146 1180 1523 1530 1546 2330 4823 
m2009 45 46 2345 
m729 37 41 46 2087 2096 4837 
m1515 14 36 40 46 1814 1840 1846 2014 2036 2040 2046 2314 2346 4346 4814 4846 
m81 36 40 46 1840 2036 2040 2336 2340 
m1084 26 46 1346 2346 
m574 36 40 41 46 1836 1840 1841 1846 2036 2040 2041 2046 2336 2340 2341 2346 4346 4586 
m748 23 30 38 45 46 1180 1923 1930 1946 2273 2280 2288 2296 2323 2330 2338 2346 4823 
m3177 22 32 46 48 1132 1146 2332 2422 2432 2446 4846 
m1922 11 13 22 33 36 40 563 572 583 586 590 672 686 690 1113 1122 1133 1136 1140 1672 1686 1690 1822 2022 2036 3183 
m2640 22 23 36 40 41 1122 1136 1140 1141 1173 1186 1190 1823 1836 1840 1841 2022 2023 2036 2040 2041 2073 2086 2090 2091 3686 4323 
m1838 22 23 36 40 41 1122 1123 1136 1140 1141 1172 1173 1822 1823 1836 1840 1841 2022 2023 2036 2040 2041 2073 2086 2090 3673 4586 
m52 13 22 36 45 46 49 699 1113 1136 1849 2286 2295 2296 2313 2322 2336 2349 3186 
m2695 23 30 36 41 1186 1191 1523 1536 1541 3673 3686 4586 
m3190 36 46 4836 4846 
m215 22 23 36 40 1123 1136 1173 1186 1190 1836 1840 2036 3673 3686 
m325 12 36 40 41 46 636 640 641 1836 1840 1841 2036 2041 2336 2340 2341 3136 4336 4812 
m1069 45 46 2296 
m251 46 2346 
m544 34 45 2284 
m1779 22 23 30 32 36 40 46 1122 1123 1130 1132 1136 1140 1146 1172 1173 1522 1523 1530 1546 1622 1623 1630 1640 1646 1822 1823 1830 1832 1840 1846 2022 2023 2030 2032 2036 2040 2046 2322 2323 2330 2332 2336 2340 2346 3696 4823 
m1007 22 26 46 1122 1126 1146 1326 1346 2346 
m3320 36 46 2336 2346 4836 4846 
m3216 15 26 46 776 2326 4815 
m2780 6 23 1156 1173 
m1342 22 37 40 45 46 1146 1872 1887 1890 1895 1896 2022 2037 2046 2287 2290 2295 2296 2322 2337 2340 2346 4396 
m2656 13 46 2313 2346 4813 
m2466 14 22 38 46 738 1114 1146 2338 3246 
m2964 22 37 49 1122 1137 1149 1872 1899 2472 2487 2499 
m1168 22 23 41 1122 1123 1141 1173 2072 2073 3673 
m905 12 36 38 41 46 641 1841 1912 1936 1938 1941 1946 2062 2086 2091 2096 2312 2336 2341 4312 
m357 10 26 37 46 1310 1337 1346 1860 1896 2310 2346 4396 
m340 14 22 30 38 46 730 1114 1130 1138 1146 1914 1930 1946 2330 3246 
m1831 13 22 33 36 40 672 1113 1122 1133 1136 1140 1672 1813 1822 1833 1840 2013 2022 2033 4163 
m427 5 13 27 38 46 263 296 1355 1363 1396 1905 1913 1927 1946 2313 2346 4813 
m1686 12 13 22 49 649 699 1112 1113 1149 3162 
m1992 
m581 5 22 23 30 46 255 273 280 296 1105 1122 1123 1130 1146 1180 1505 1523 1530 1546 2330 4823 
m2236 22 36 40 41 49 1136 1141 1822 1836 1840 1841 1849 2036 2072 2086 2090 2091 2472 2486 2491 4336 
m1648 22 23 30 36 40 46 1122 1123 1130 1136 1140 1146 1172 1173 1522 1523 1530 1540 1546 1822 1823 1830 1840 1846 2022 2023 2030 2036 2040 2046 2322 2323 2330 2340 2346 3696 4823 
m433 28 36 38 1438 1838 1928 1936 4328 
m1180 37 46 1887 1896 2337 2346 4837 
m2685 22 23 30 40 41 1123 1130 1140 1180 1522 1523 1530 2022 2023 2030 2072 2090 
m472 23 36 38 41 46 49 1173 1823 1936 1938 1946 1949 2073 2086 2323 2336 2341 2486 2491 2496 3673 4323 
m1635 5 13 33 45 655 1655 1695 2255 2263 4163 
m366 22 23 1122 1123 1173 3673 
m1941 46 2346 
m177 22 23 36 40 41 1122 1123 1136 1140 1141 1172 1173 1822 1823 1836 1840 1841 2022 2023 2036 2040 2041 2072 2073 3673 4586 
m990 23 30 46 1180 1523 1530 1546 2330 2346 4823 
m2564 
m1613 45 
m1451 36 38 46 1936 1946 2336 
m963 22 38 46 1138 1146 1938 1946 2338 
m2835 5 14 46 264 296 2314 2346 4814 
m383 38 46 1938 1946 2338 2346 
m2206 23 36 41 1823 2073 3673 4323 4586 
m3248 46 2346 
m1730 14 22 25 46 725 1114 1125 1146 2325 3246 
m2256 23 31 45 46 49 1195 1196 1573 1595 1596 2295 2323 2345 2346 2473 2481 2496 
m1197 14 29 31 36 49 729 731 736 1579 1586 1814 1829 1831 1836 1849 2464 2479 2481 2486 3236 4086 4336 
m2231 5 21 22 38 46 271 272 288 296 1121 1138 1146 1921 1946 2305 2321 2322 2338 2346 
m419 22 38 46 1138 1146 1922 1938 1946 
m2033 33 41 48 1691 2433 2441 
m3063 22 26 44 46 1122 1144 1146 1322 1344 1346 2344 2346 
m1 22 23 41 46 1123 1141 1146 1173 2073 2323 2341 2346 3673 4823 
m2788 13 45 46 2263 2295 2296 2313 2346 3196 
m3299 22 23 36 40 41 1122 1123 1136 1140 1141 1172 1173 1186 1190 1191 1823 1840 1841 2023 2036 2040 2041 3673 
m3000 23 36 46 49 1196 1199 1846 1849 2346 2496 3686 
m2080 22 23 30 41 1122 1123 1130 1141 1172 1173 1180 1191 1522 1523 1530 2072 2073 2080 2091 3673 
m2195 5 23 26 32 46 1155 1182 1305 1323 1332 1346 1605 2305 2332 2346 4823 
m1585 5 22 36 38 46 49 286 296 299 1136 1138 1146 1149 1836 1846 1849 1905 1936 1946 2346 2349 2455 2486 2488 2496 4836 
m2737 22 23 1122 1123 1173 3673 
m880 36 40 41 1836 1840 2036 2086 2090 2091 4586 
m3020 14 20 40 46 720 2014 2020 2046 2320 3246 
m311 12 36 38 41 46 641 1841 1912 1936 1938 1941 1946 2062 2086 2091 2096 2312 2336 2341 4312 
m1758 23 36 40 46 49 1190 1836 1840 1846 2023 2036 2040 2046 2049 2323 2336 2340 2346 2349 2473 2486 2490 2496 3696 4323 4346 4823 4836 
m3170 22 36 37 40 46 1136 1137 1140 1146 1840 1886 1890 1896 2036 2037 2040 2046 2336 2340 2346 4346 4837 
m1447 36 41 2086 
m565 5 36 40 46 255 1805 1846 2005 2036 2040 2046 2305 2346 4346 
m41 38 46 1938 1946 
m1829 14 22 23 30 40 46 722 723 730 746 1114 1122 1123 1130 1146 1172 1173 1180 1196 1514 1522 1523 1530 1546 2014 2022 2023 2030 2046 2323 2330 2346 3246 3696 4823 
m3281 22 37 46 1122 1137 1146 1872 2322 2337 2346 4837 
m2613 14 22 38 44 46 744 746 1114 1138 1144 1146 1914 1938 1944 1946 2344 2346 3246 
m1561 13 33 36 38 40 41 686 690 691 1686 1690 1691 1841 1913 1933 1936 1938 1941 2036 2041 2063 2083 2086 2090 2091 3183 
m2909 22 23 41 1122 1123 1141 1172 2073 
m255 22 23 30 36 40 41 1122 1123 1130 1136 1140 1141 1172 1173 1186 1190 1191 1522 1523 1536 1541 1840 1841 2023 2036 2041 2072 2073 2086 2090 2091 3673 3686 4323 4336 4586 
m1293 23 38 1923 
m3323 22 46 1146 2322 2346 
m1302 14 38 46 1914 1946 4814 
m2360 22 23 30 46 49 1122 1123 1130 1146 1180 1523 1530 1546 2330 2346 2472 2473 2480 2496 4823 
m3355 22 23 46 49 1123 1146 1196 2472 2473 2496 
m2904 22 23 30 36 40 41 46 1122 1123 1130 1136 1140 1141 1146 1191 1523 1536 1541 1546 1841 1846 2023 2030 2036 2040 2041 2046 2072 2341 3696 4323 
m1443 22 23 30 46 1122 1123 1130 1146 1180 1523 1530 1546 2330 2346 4823 
m2947 22 23 30 46 1123 1130 1146 1180 1523 1530 1546 2330 4823 
m1824 23 30 40 46 1180 1523 1530 1546 2023 2030 2046 2323 2330 
m87 14 22 36 38 41 46 714 736 1114 1136 1836 1914 1922 1936 1941 2064 2072 2086 2314 2322 2336 2338 2341 3236 4314 4586 4814 
m1414 22 30 40 46 1122 1130 1140 1146 2030 2046 2322 2330 2340 2346 
m2570 32 36 38 41 46 49 1641 1646 1938 1941 1946 1949 2332 2336 2341 2346 2482 2486 2491 2496 4136 4586 
m1118 13 33 46 2313 2333 2346 4163 4813 4833 
m2869 36 40 46 49 1840 1846 1849 2036 2040 2046 2049 2340 2346 2486 2490 2496 4336 4346 4846 
m126 12 23 36 40 41 46 49 1162 1190 1196 1199 1812 1840 1846 1849 2012 2023 2036 2040 2041 2046 2062 2073 2086 2096 2099 2312 2323 2336 2341 2346 2462 2486 2490 2496 3146 3686 4312 4336 
m1089 22 23 36 40 46 49 1122 1123 1136 1146 1149 1172 1822 1849 2022 2023 2036 2046 2049 2322 2323 2336 2349 2472 2473 2486 4323 4336 4836 
m3269 13 26 46 1313 1346 2313 2326 2346 
m2923 22 23 36 46 1122 1123 1136 1146 1173 1822 1823 1846 2323 3673 4823 
m1820 22 23 30 36 40 41 46 1122 1123 1130 1136 1140 1141 1146 1180 1522 1523 1530 1536 1540 1546 1822 1823 1830 1836 1840 1841 1846 2022 2023 2030 2036 2040 2041 2046 2072 2086 2090 2322 2323 2330 2340 4823 4846 
m3297 6 14 32 314 332 732 
m3480 14 22 23 30 40 41 46 714 746 1114 1141 1146 1164 1172 1190 1191 1196 1514 1522 1523 1530 1540 1541 1546 2014 2022 2023 2030 2040 2041 2046 2064 2096 2314 3664 
m2373 22 46 1122 1146 2322 2346 
m730 12 14 45 46 645 712 745 2314 2345 2346 3146 3246 4812 
m1822 22 23 38 45 46 1123 1138 1145 1146 1195 1923 1938 1945 1946 2323 2345 
m1491 22 37 46 1137 1146 2337 2346 4837 
m1646 5 36 46 49 286 296 299 1849 2346 2349 2499 4836 
m1074 30 36 38 40 46 1830 1930 1936 1940 1946 2030 2036 2046 2330 2336 2340 2346 4836 
m1908 40 46 2046 2340 2346 4846 
m1158 23 30 36 41 49 1191 1523 1530 1541 1823 1830 1836 1841 1849 2073 2080 2086 2091 2099 2473 2480 2486 2491 2499 
m1054 45 46 2296 2345 2346 4846 
m2985 22 23 36 40 41 1122 1123 1136 1140 1173 1822 1823 1836 2022 2023 2036 2072 2073 2086 2090 3673 4323 4586 
m3302 38 46 1946 2346 
m412 5 23 24 40 46 273 274 290 296 1190 1240 1246 2023 2024 2040 2046 2340 3696 3723 
m43 23 30 36 49 1180 1523 1530 1549 1823 1830 1836 1849 2473 2480 2486 2499 
m1592 5 45 255 295 2255 2295 
m203 22 40 44 46 1146 2022 2044 2046 2344 2346 4846 
m1265 22 23 30 38 41 1123 1172 1173 1188 1523 1530 1538 2072 2073 2080 2088 3673 
m1250 13 26 38 46 1313 1346 1913 1926 1946 2313 
m1547 45 2295 
m2229 45 46 2296 2346 
m3313 23 30 36 41 49 1173 1180 1186 1199 1523 1530 1823 1830 1849 2073 2080 2086 2099 2473 2480 3673 
m674 14 22 38 46 49 722 749 1938 1946 2314 2322 2346 2349 2472 
m3325 23 46 49 2346 2349 2473 4823 
m2594 32 36 38 46 49 1632 1636 1649 1849 1932 1936 1938 1946 1949 2332 2336 2346 2349 
m2820 22 37 46 1137 1146 4837 
m2048 22 23 30 41 46 1122 1123 1130 1141 1146 1172 1173 1191 1522 1523 1530 1541 1546 2322 2323 2330 2341 2346 3696 4823 
m3046 8 408 
m1225 30 46 2330 2346 4846 
m1924 23 41 1191 2073 3673 
m3009 12 26 46 626 2326 4812 
m1926 23 41 1191 2073 3673 
m620 13 22 33 36 40 47 672 686 690 697 1113 1122 1133 1136 1140 1147 1672 1686 1690 1697 1847 2036 2047 3183 
m2457 22 23 30 38 41 1141 1172 1191 1522 1523 1538 1541 1922 1923 1930 1938 1941 
m425 14 20 40 46 49 720 2014 2020 2046 2049 2314 2320 2346 2349 2464 2470 2496 4814 
m2693 16 23 38 40 46 49 1923 1940 1946 2016 2023 2046 2316 2323 2346 2349 2466 2473 3666 4823 
m1967 22 23 36 41 1123 1136 1141 1173 1186 1191 3673 3686 4341 
m1542 30 36 46 1536 1546 2330 2336 2346 4836 
m706 22 23 30 46 1122 1123 1130 1146 1180 1523 1530 1546 2330 2346 4823 
m749 5 38 46 1905 1946 2305 
m2135 21 22 46 1121 1146 2321 4846 
m1909 14 23 30 38 40 730 1180 1514 1523 1530 1540 1914 1923 1930 1940 2014 2023 2030 3223 
m2382 46 2346 
m848 32 33 36 1632 1633 1636 1683 1686 1833 1836 4136 4186 4333 4336 
m917 22 23 30 36 39 41 1123 1130 1139 1141 1522 1523 1822 1823 1830 1839 1841 1972 1973 1980 1991 2072 2073 2080 2086 2089 2091 3673 4586 
m244 26 37 46 1326 1337 1346 1876 2326 4396 
m824 21 32 33 46 1082 1083 1096 1633 2321 2332 2333 2346 4833 
m2732 22 36 40 41 1136 1140 1141 1841 2036 2041 4336 4586 
m3224 14 36 40 46 2014 2036 2040 2046 2336 4314 4814 
m1957 36 41 1841 
m2507 14 40 46 714 740 746 2014 2046 2314 2340 2346 4814 
m1850 23 26 30 46 1180 1323 1330 1346 1523 1530 2330 4823 
m1004 37 40 46 1890 2037 2040 2046 2337 2340 2346 4396 
m2580 30 38 41 46 1930 1941 1946 2080 2096 2330 2341 2346 
m1124 22 44 46 1146 2344 2346 4846 
m2898 22 23 30 36 40 41 46 1122 1123 1130 1136 1140 1141 1146 1191 1523 1536 1541 1546 1841 1846 2023 2030 2036 2040 2041 2046 2072 2341 3696 4323 
m2106 22 36 37 40 46 1122 1136 1137 1140 1146 1822 1837 1840 1846 2022 2037 2040 2046 2322 2337 2346 4837 
m2506 22 23 38 46 1172 1922 1923 1938 1946 2322 2323 2346 
m3280 46 
m1432 5 23 24 38 40 46 273 274 290 296 1190 1240 1246 1905 1923 1924 1938 1946 2023 2024 2040 2046 2340 3696 3723 
m2031 
m1038 14 22 45 46 722 746 1146 2264 2296 2346 3246 
m2544 13 20 22 36 38 40 672 686 690 1013 1020 1022 1036 1038 1040 1122 1136 1140 1822 1913 1922 1936 2022 2036 
m892 22 36 40 41 46 1136 1141 1146 2022 2036 2041 2046 2086 2096 2336 
m1807 36 49 1836 1849 2486 2499 
m5 22 41 46 1141 1146 2091 2341 
m1453 26 32 36 38 46 1332 1336 1346 1832 1926 1932 1936 1938 1946 2332 2336 2346 4836 
m2273 22 37 46 1872 1896 2322 2346 4837 
m1334 22 23 36 40 41 46 49 1123 1136 1140 1141 1146 1191 1822 1823 1836 1840 1841 1849 2022 2023 2036 2040 2041 2046 2072 2073 2086 2090 2091 2322 2323 2336 2340 2341 2349 2472 2473 2486 2490 2491 4323 4336 4346 4836 
m38 36 46 2336 2346 4836 
m3348 22 23 36 40 41 1122 1123 1136 1140 1141 1172 1173 1186 1822 1823 1836 1840 1841 2022 2023 2036 2040 2041 2072 2073 2086 2090 3673 4586 
m246 14 23 30 46 1514 1523 1546 2314 2323 2330 2346 3664 4814 4823 
m2175 36 40 41 46 1841 2036 2040 2041 2046 2086 2090 2091 2096 2336 2340 2341 2346 
m2552 22 23 36 40 41 1123 1136 1140 1141 1173 1186 1190 1823 1836 2023 2036 2040 2072 2073 2086 2090 2091 3686 4323 
m2280 22 38 46 1138 1146 1938 1946 
m1715 14 38 40 46 49 1914 1940 1946 1949 2014 2046 2049 2346 2464 2496 4814 
m2792 
m1042 23 32 36 46 49 1199 1623 1636 1649 1823 1836 1846 1849 2323 2332 2336 2346 2349 3686 4332 
m584 22 23 30 40 41 1123 1130 1140 1190 1523 1530 1540 2022 2023 2030 2072 2090 
m921 13 16 3313 
m31 22 23 30 41 46 1122 1123 1130 1141 1146 1522 1541 1546 2072 2073 2322 2323 2341 2346 
m1952 22 23 24 40 46 1123 1124 1140 1146 1190 1240 1246 2023 2024 2040 2046 2340 3696 3723 
m769 26 37 46 1337 1346 2337 2346 4837 
m256 36 37 38 40 46 49 1836 1838 1840 1846 1849 1886 1890 1936 1937 1938 1940 1946 2036 2037 2038 2040 2046 2336 2337 2338 2340 2346 2486 2488 2490 2496 2499 
m1677 4 26 38 226 238 1304 1326 1338 1904 1926 2704 
m2428 36 38 40 46 49 1836 1838 1840 1846 1849 1938 2036 2038 2040 2046 2049 2336 2338 2340 2346 2349 2486 2488 4336 4346 4836 
m1882 22 38 46 49 1122 1146 1149 1922 1938 1946 1949 2322 2346 2349 4846 
m2149 22 37 40 46 1137 1146 2022 2037 2046 2337 2346 4837 
m2548 33 46 49 1696 1699 2349 
m780 13 36 39 40 46 49 1813 1840 1846 1849 1963 1986 1990 1996 2013 2036 2040 2046 2049 2463 2496 4813 
m3307 22 37 46 49 1137 1146 1899 2346 2349 2496 4396 4837 
m1487 22 23 36 40 46 1122 1123 1136 1146 1172 1822 1823 1836 2022 2023 2036 2040 2046 2322 2323 4323 4346 4836 
m329 26 27 46 1327 1346 2327 2346 
m3042 11 13 33 661 1661 4163 
m3064 23 30 36 40 46 1180 1523 1530 1830 2023 2030 2036 2046 2330 4323 4346 4823 
m2225 14 46 49 2314 2346 2464 2496 4814 
m1567 22 23 30 41 46 1122 1123 1130 1146 1180 1523 1530 1546 2072 2073 2080 2091 2096 2330 4823 
m60 23 26 32 46 1182 1323 1332 1346 2323 2332 
m3120 14 22 40 46 722 2014 2046 2314 2322 2346 4814 
m1636 23 28 36 1178 1186 1823 1828 1836 3673 
m2480 22 46 1122 1146 2322 2346 
m2059 36 
m3441 22 36 37 40 49 1136 1137 1822 1836 1837 1840 1849 1886 2022 2036 2037 2040 2472 2486 2487 2490 2499 
m1486 37 41 46 49 1891 2337 2341 2346 2349 2487 2491 2496 4396 
m2004 36 49 1836 1849 2499 
m1481 12 23 30 46 1162 1196 1512 1523 1530 1546 2312 2330 2346 3696 4812 4823 
m1072 32 46 1646 2332 2346 
m1455 14 37 40 46 737 740 746 1890 2037 2046 2340 4396 
m646 14 22 46 1114 1122 1146 2314 2346 4814 
m1480 15 22 27 38 46 777 1115 1127 1146 1915 1922 1938 1946 2315 2327 2346 
m2488 22 23 30 36 40 41 1122 1123 1130 1136 1140 1173 1522 1523 1536 1822 1823 1830 1836 2022 2023 2030 2036 2072 2073 2080 2086 2090 3673 4323 4586 
m908 37 46 1896 
m1921 23 31 46 48 49 1196 1573 1596 2346 2423 2431 2446 2473 2481 2496 2498 
m3424 36 46 4836 
m2287 29 46 2329 2346 
m681 22 36 46 1136 1146 2346 4836 
m1734 30 36 39 40 46 1536 1540 1546 1830 1836 1840 1846 1980 1986 1990 1996 2030 2036 2040 2046 2330 2336 2340 2346 4346 4496 4836 
m2868 22 23 30 36 40 46 1122 1123 1130 1136 1140 1146 1172 1180 1186 1190 1196 1522 1523 1530 1536 1540 1546 1830 2022 2023 2030 2036 2046 2330 4836 
m3182 12 13 36 46 613 646 2313 2336 2346 3136 4313 4812 4813 
m2276 28 36 46 1828 1836 2328 2336 4846 
m2755 5 36 40 46 49 286 296 299 1836 1849 2005 2036 2046 2336 2346 2349 2486 2499 4836 
m1406 22 36 41 1122 1136 1141 1841 2072 2086 2091 4586 
m1330 44 46 2344 2346 
m980 3 14 46 703 2314 2346 2696 3246 4803 
m247 22 23 30 36 40 41 46 49 1122 1123 1130 1136 1140 1141 1146 1172 1173 1180 1186 1190 1196 1523 1530 1536 1540 1546 1822 1823 1830 1836 1840 1841 1846 1849 2022 2023 2030 2036 2040 2041 2046 2049 2072 2073 2080 2086 2090 2096 2330 2346 2472 2473 2486 2490 2491 3696 4336 4346 4823 
m93 5 14 46 705 2305 2314 
m1100 14 23 30 730 1180 1523 1530 3223 
m170 22 36 40 41 1136 1140 1141 1836 1840 1841 2036 2041 2091 4586 
m792 26 32 36 46 1332 1336 1346 1832 2332 2336 2346 4836 
m1192 13 33 663 683 1663 1683 3183 4163 
m1113 36 37 38 40 46 49 1837 1849 1936 1937 1940 1946 2036 2037 2046 2049 2336 2337 2349 2487 
m2810 22 23 36 41 1123 1136 1823 2072 2073 3673 4323 4586 
m3114 30 36 40 45 46 49 1545 1549 1830 1845 1849 2030 2036 2045 2046 2330 2336 2345 2349 2495 
m2265 22 44 46 1122 1144 1146 2322 2344 2346 4846 
m1070 22 23 36 40 41 1122 1123 1136 1140 1141 1172 1173 1822 1823 1836 1840 1841 2022 2023 2036 2040 2041 2072 2073 3673 4586 
m3011 45 46 49 2295 2299 2345 2349 
m1901 22 23 36 40 46 49 1123 1136 1146 1199 1822 1823 1836 1840 1846 1849 2022 2023 2036 2040 2046 2049 2323 2336 2346 2349 3686 4346 4823 4836 
m1452 22 46 1146 4846 
m2668 22 23 36 40 1122 1136 1140 1173 1186 1190 1822 1823 1836 1840 2022 2023 2036 2040 3673 4323 
m232 22 44 46 1144 1146 2222 2246 2322 2344 2346 4846 
m3443 22 40 46 1122 1140 1146 2340 2346 
m2819 21 23 36 1071 1073 1821 4321 4323 4336 
m2866 41 2091 
m563 37 38 40 46 1890 1937 1938 1946 2340 4837 
m99 22 36 41 46 1136 1146 1846 2072 2096 2322 2336 2341 2346 4586 4836 
m2112 36 37 41 46 49 1837 1841 2087 2341 2486 2487 2491 2496 4336 4346 4837 
m114 23 26 30 33 40 46 49 1180 1323 1330 1333 1340 1346 1673 1680 1696 2023 2030 2033 2046 2330 2476 2480 2483 2490 2496 4823 
m496 32 36 41 46 1636 1641 1841 2332 2336 2341 4136 4336 4341 4836 4846 
m992 14 46 2346 4814 
m3305 22 40 46 1146 2022 2046 2346 4846 
m1887 5 38 45 46 255 1905 1938 1945 1946 2255 2305 2345 2346 
m618 22 23 30 36 37 40 46 49 1123 1130 1136 1137 1140 1146 1149 1180 1523 1530 1546 1822 1823 1830 1836 1837 1840 1846 1849 1872 1873 1880 1886 1890 1896 2022 2023 2030 2036 2037 2040 2046 2330 2346 2472 2473 2480 2486 2487 2490 2496 4396 4823 
m2344 13 22 33 36 40 1113 1122 1133 1136 1140 1686 1690 1813 1840 2013 4163 
m2421 26 40 46 49 2026 2046 2326 2340 2346 2476 2496 
m1156 22 23 36 38 41 1122 1123 1136 1138 1141 1922 1923 1936 1938 1941 2073 3686 4586 
m307 16 38 44 49 844 849 1916 1938 1944 1949 2494 
m1155 36 46 49 1849 2346 2349 4836 
m910 
m630 22 32 46 49 1122 1132 1146 1622 1646 1649 2322 2332 2346 2349 2472 2482 2496 4846 
m607 14 32 36 41 46 1614 2064 2082 2086 2314 2332 2336 2341 4136 4314 
m1353 13 33 46 1696 2313 4163 
m1959 46 2346 
m178 22 23 30 36 1123 1130 1136 1172 1180 1522 1822 1823 1830 
m2146 23 30 40 46 49 1190 1199 1523 1530 1540 1546 1549 2330 2340 2346 2349 2490 2496 3696 4823 
m2772 23 30 36 38 46 49 1173 1180 1186 1188 1196 1199 1523 1530 1536 1538 1546 1549 1823 1830 1838 1846 1849 1923 1930 1936 1946 1949 2323 2330 2336 2338 2346 2349 2473 2480 2486 2488 2496 4823 
m1095 22 23 30 46 1122 1123 1130 1146 1180 1523 1530 1546 2330 2346 4823 
m2460 2 13 36 38 40 41 46 113 136 138 140 141 1813 1913 1936 1940 2013 2036 2063 2086 2088 2090 2302 2313 2336 2338 2340 2341 2346 
m2739 13 46 2313 2346 
m381 23 49 1173 2473 3673 
m2562 30 36 46 1536 1546 2330 2336 2346 4836 
m2279 22 38 46 1138 1146 1922 1938 1946 
m1390 33 38 46 1696 1933 1946 2333 2346 
m1961 38 41 46 1941 1946 2091 2341 
m136 12 22 36 40 46 49 636 1112 1136 1146 1149 1812 1836 1846 2022 2036 2040 2046 2312 2336 2346 2349 2462 2486 2496 3136 4336 4812 4836 
m2903 22 23 30 36 40 41 46 1122 1123 1130 1136 1140 1141 1146 1191 1523 1536 1541 1546 1822 1830 1841 1846 2023 2030 2036 2040 2041 2046 2072 2091 2341 3696 4323 4586 
m1261 36 49 1836 1849 2499 
m213 22 27 40 46 1127 1140 1146 2027 2046 2327 
m1769 13 46 2313 
m3247 16 36 3336 
m1994 23 36 41 46 1836 1841 1846 2073 2086 2323 2341 4323 4836 
m160 10 26 46 1310 1326 1346 2310 2346 
m250 22 44 46 48 1146 2222 2244 2246 2322 2344 2346 2444 2446 4846 
m284 44 46 2244 2246 2344 2346 4846 
m532 22 23 46 1123 1146 1196 
m1918 30 36 46 49 1530 1536 1546 1549 1849 2330 2336 2346 2349 
m2691 22 23 30 36 40 46 1122 1123 1130 1136 1140 1146 1172 1173 1180 1186 1190 1522 1523 1530 1536 1540 1546 1823 1840 2023 2036 2040 2322 2323 2330 2336 2340 2346 3696 4823 
m414 6 36 42 46 49 2306 2336 2342 2456 2486 2492 2496 2836 4606 4636 
m2618 26 32 36 38 46 1332 1336 1346 1832 1926 1932 1936 1946 2332 2336 2346 4836 
m3091 
m1476 22 23 36 40 1122 1123 1136 1140 1190 1822 1823 1836 1840 2022 2023 2036 2040 
m1999 22 23 36 40 1122 1123 1136 1140 1173 1823 2023 2036 3673 
m312 22 36 40 44 46 1136 1144 1146 1822 1836 1846 2022 2036 2044 2046 2236 2246 2322 2336 2344 2346 4346 4736 4836 4846 
m2025 27 1377 
m2546 12 14 22 36 45 46 49 645 712 745 1112 1114 1146 1812 1814 1822 1845 1846 1849 2314 2345 2346 2462 2464 2472 2496 3146 3246 4812 
m3428 22 23 37 1122 1123 1172 1173 1872 1873 3673 
m979 37 40 46 1890 2340 4396 
m2478 5 32 36 46 49 282 286 296 1632 1636 1649 1849 2305 2332 2336 2346 2349 
m975 36 40 46 49 1840 1846 1849 2036 2040 2046 2049 2340 2346 2486 2490 2496 4336 4346 4846 
m3003 12 14 46 712 2314 2346 3146 3246 4812 
m1757 13 22 33 36 40 686 690 1113 1133 1136 1140 1686 1690 1840 3183 
m190 30 36 37 40 46 1536 1537 1540 1546 1837 1840 1846 1890 2037 2046 2340 4396 
m2508 5 13 26 33 41 46 655 696 1305 1313 1326 1346 1655 1676 1696 2055 2063 2076 2083 2096 2305 4163 
m3117 23 30 45 46 1523 1545 1546 2273 2296 2345 2346 3696 4823 
m535 22 36 40 41 1141 1822 1836 1841 2036 2041 2072 2086 2091 4586 
m2938 5 23 30 36 46 255 273 280 286 296 1180 1505 1523 1530 1536 1546 1830 1846 2330 4323 4823 
m2577 6 14 23 32 36 706 723 732 736 1156 1182 1606 1636 1806 3686 
m3239 26 39 46 1326 1339 1346 1976 2326 4496 
m1241 36 46 2336 4836 4846 
m2914 22 35 46 1135 1146 1796 
m2383 22 23 30 1123 1172 1173 1180 1522 1523 1530 3673 
m56 11 13 22 33 36 40 661 1111 1113 1122 1133 1136 1140 1661 1811 1813 1833 1840 2011 2013 2033 4163 
m2530 22 26 44 46 1146 1322 1344 1346 2326 2344 2346 4846 
m464 23 46 2323 2346 4823 
m1230 14 22 40 46 714 746 1114 1146 2014 2022 2046 2314 2346 3246 4814 
m789 23 30 38 40 46 1180 1923 1930 1946 2023 2038 2046 2330 4823 
m1539 16 22 23 46 822 846 1122 1146 1172 2322 3323 3696 
m785 23 26 30 38 40 46 1180 1323 1330 1338 1346 1923 1930 1938 1946 2023 2026 2030 2038 2046 2330 4823 
m3303 22 32 46 1122 1132 1146 1622 1632 1646 2322 2332 2346 4846 
m2505 11 13 23 30 33 563 573 580 583 673 680 1173 1180 1513 1523 1533 1673 1680 3183 3673 
m141 5 13 14 33 263 283 705 713 733 4163 
m1395 22 23 46 49 1123 1146 1149 1173 2323 2473 2496 3673 4823 
m1422 14 32 40 46 732 1632 1646 2014 2032 2046 2332 3246 
m1357 6 306 
m1972 22 36 40 46 49 1122 1136 1140 1146 1822 1840 1846 1849 2022 2036 2046 2322 2336 2340 2346 2349 2486 2490 2496 4336 4346 4836 
m53 22 32 46 1122 1132 1146 2332 2346 
m3155 23 24 40 46 1190 1240 1246 2023 2024 2040 2046 2323 2324 2340 3696 3723 
m2071 22 40 44 46 1146 2022 2044 2046 2344 2346 4846 
m914 23 38 45 46 1196 1923 1945 1946 2273 2296 2323 2346 3696 4823 
m1865 27 32 1382 
m1500 22 23 40 46 1123 1140 1146 1190 2022 2023 2040 2046 2340 2346 3696 4823 
m2662 3 22 23 36 40 41 46 172 186 190 196 1122 1136 1140 1146 1191 1822 1823 1836 1840 1841 1846 2022 2023 2036 2040 2041 2046 2323 2336 2341 2346 3686 4336 4341 4346 4823 
m2753 5 38 46 288 296 1946 
m2039 23 45 46 1196 2273 2296 2323 2346 3696 4823 
m2209 22 23 36 37 40 1122 1123 1136 1137 1140 1172 1173 1822 1823 1836 1837 1840 1872 1873 1886 1890 2022 2023 2036 2037 2040 3673 
m2356 29 
m477 22 1122 
m1076 30 36 38 40 46 1536 1540 1546 1838 1840 1846 2046 2330 2338 2340 2346 4836 
m876 22 27 36 40 46 1122 1127 1136 1140 1146 1390 1822 1827 1836 1840 1846 2022 2027 2036 2040 2046 2327 2336 2340 
m2871 23 31 46 49 1196 1573 1596 2323 2346 2473 2481 2496 
m3169 36 37 40 46 1837 1846 2036 2037 2040 2046 2337 2346 4346 4837 
m165 26 38 46 1326 1346 1926 1946 2326 4846 
m2203 13 37 46 1896 2313 4363 
m223 14 22 46 714 722 746 1114 1146 2314 2346 3246 4814 
m647 17 22 38 46 888 1117 1138 2322 2338 4817 
m3402 
m608 22 23 36 40 1122 1123 1136 1140 1172 1173 1186 1190 1822 1836 1840 2022 2023 2036 2040 3673 4336 
m2849 22 36 37 40 46 1122 1136 1137 1140 1146 1822 1837 1840 1846 1890 1896 2022 2036 2037 2040 2046 2322 2340 2346 4396 4837 4846 
m1211 3 30 33 41 46 180 196 1653 1680 2053 2080 2083 2096 2330 4196 
m1976 13 38 46 1913 1946 2313 
m1257 14 36 38 40 46 49 738 1814 1838 1914 1936 1938 1940 1946 1949 2014 2036 2046 2314 2336 2338 2340 2346 2349 2464 2486 2490 2496 3246 4346 
m2998 38 46 1938 1946 2346 
m3107 23 36 3686 
m589 22 23 30 36 38 40 41 46 1122 1123 1130 1136 1140 1146 1172 1173 1180 1186 1190 1522 1523 1530 1536 1540 1546 1823 1840 1922 1923 1930 1938 1941 1946 2023 2030 2036 2038 2040 2041 2046 2072 2073 2080 2086 2096 2322 2330 2336 2340 2346 3696 4823 
m692 23 24 40 46 1190 1240 1246 2023 2024 2040 2046 2340 3696 3723 
m3375 13 22 33 36 40 672 686 690 1113 1122 1133 1136 1140 1672 1686 1690 1822 2022 2036 3183 
m2422 14 46 714 3246 
m35 22 23 36 37 40 1123 1136 1140 1172 1173 1186 1190 1823 1840 1872 1873 1886 1890 2023 2036 2040 3673 3686 4323 4336 
m702 23 45 1195 
m1457 14 37 40 46 737 740 746 2037 2046 4837 
m3243 26 36 40 45 46 1826 1845 1846 2026 2036 2040 2045 2046 2276 2296 2326 2346 4346 4846 
m2385 23 26 30 46 1180 1323 1326 1330 1346 1523 1530 2330 2346 4823 
m1145 22 23 32 36 40 46 49 1122 1123 1132 1136 1140 1146 1149 1172 1173 1182 1186 1190 1196 1199 1622 1623 1632 1636 1640 1646 1822 1823 1832 1836 1840 1846 1849 2022 2023 2032 2036 2046 2049 2322 2323 2332 2336 2346 2349 2472 2473 2482 2486 2490 2496 3673 3686 3696 4323 4346 
m3252 13 22 38 672 1113 1138 1913 1922 
m737 22 37 46 1872 2322 2337 
m800 10 36 41 46 536 541 546 1836 1841 2336 2341 4586 4836 
m1524 36 40 46 1840 1846 2036 2040 2046 2346 4346 
m1013 22 37 40 46 1122 1137 1140 1146 1872 2022 2037 2046 2322 2337 2340 2346 4396 
m2700 26 38 46 1926 1938 1946 2326 
m1347 22 23 30 1122 1123 1130 1522 1523 
m204 22 26 44 46 1146 1322 1344 1346 2344 2346 4846 
m1732 12 36 40 41 46 49 636 640 641 649 1836 1840 1841 2036 2041 2336 2340 2341 2349 2486 2490 2491 3136 4336 4812 
m2880 14 23 34 36 40 46 734 1184 1734 1814 1823 1834 1840 1846 2014 2023 2034 2036 2040 2046 2314 2323 2334 2346 3664 4346 4814 4823 
m1977 13 38 46 1913 1938 1946 2313 
m2926 5 23 24 40 41 46 273 274 290 291 296 1190 1240 1246 2023 2024 2040 2046 2073 2074 2090 2096 2340 3696 3723 
m3058 41 44 45 2241 2245 2291 
m1335 22 23 36 40 41 46 49 1122 1123 1136 1140 1141 1191 1822 1823 1836 1840 1841 1849 2022 2023 2036 2040 2041 2046 2072 2073 2086 2090 2091 2322 2323 2336 2340 2341 2349 2472 2473 2486 2490 2491 4323 4336 4346 4836 
m2387 12 14 23 34 46 712 1162 1164 1196 1712 1714 1723 1734 1746 2314 3114 3214 3664 4812 
m295 22 37 38 45 46 1872 1922 1937 1945 1946 2272 2287 2296 2322 4837 
m2504 30 38 41 46 1930 1941 1946 2080 2330 2338 2341 2346 
m310 26 27 46 1326 1327 1346 1376 1396 2326 
m627 23 27 1173 1177 1373 1377 
m2342 13 30 680 1530 
m1299 8 46 49 408 446 449 2349 
m2340 23 31 46 49 1196 1573 1596 2346 2473 2481 2496 2499 
m2055 22 23 36 40 1122 1123 1136 1140 1173 1186 1190 1822 1823 1836 1840 2022 2023 2036 2040 3673 4323 
m2022 22 36 40 46 49 1822 1836 1840 1846 1849 2022 2036 2040 2046 2049 2322 2336 2340 2346 2349 2486 2490 2496 4346 
m3099 22 23 36 41 1123 1136 1141 1191 1823 1841 2073 2091 3673 4323 4586 
m1288 22 38 44 46 1138 1144 1146 1944 1946 2344 2346 
m2029 5 14 22 23 32 36 37 41 264 282 286 722 737 741 1105 1114 1123 1136 1137 1141 1155 1182 1186 1614 1637 1814 1837 1872 1882 1886 1887 1891 2087 3664 4136 4332 
m2787 14 30 40 46 1514 1546 2014 2030 2040 2046 2314 2346 4814 
m1841 13 38 688 1913 1938 
m3388 36 40 41 1836 1840 1841 2036 2086 2090 2091 4586 
m2595 22 30 36 38 41 46 48 1122 1138 1141 1146 1830 1848 1930 1936 1941 1946 2080 2086 2088 2091 2096 2098 2330 2336 2348 2430 4336 
m590 46 
m432 8 36 408 2936 4308 
m498 23 24 40 46 1190 1240 1246 2023 2024 2040 2046 2340 3696 3723 
m235 14 23 30 46 714 723 730 746 1180 2314 2323 2330 2346 3223 4814 4823 
m537 44 46 2344 2346 
m1157 22 23 30 38 46 1123 1130 1146 1188 1523 1530 1538 1546 2338 3696 
m2354 22 36 41 1122 1136 1141 1841 2091 4586 
m3451 22 37 46 49 1137 1146 1899 2346 2349 2496 4396 4837 
m1351 22 23 41 1122 1123 1173 2072 2073 3673 
m2846 13 23 36 46 49 1813 1823 1846 1849 2313 2346 2463 2473 2486 2496 2499 3663 4813 4823 
m1610 13 36 38 686 688 1838 
m2852 23 32 39 49 1173 1639 1973 2482 2489 3673 
m1209 31 36 37 40 46 1587 1590 1596 1831 1837 1840 1846 1890 1896 2340 
m3277 36 
m742 12 22 36 40 41 45 46 49 636 640 641 645 649 1145 1822 1836 1840 1841 1845 2012 2022 2036 2040 2041 2045 2046 2049 2072 2095 2272 2295 2336 2340 2349 2486 2490 2491 2495 3136 4336 4812 
m3027 22 23 30 1122 1123 1130 1173 1180 1523 3673 
m1609 12 14 22 46 712 1112 1114 1146 2314 2346 3146 3246 4812 
m1983 33 45 1695 
m1449 23 30 36 40 41 1173 1180 1186 1190 1523 1530 1536 1540 1823 1830 1836 1840 2023 2030 2036 2040 2073 2080 2086 2090 3673 4323 
m664 23 30 36 40 41 1173 1180 1186 1190 1191 1523 1823 1830 1836 1841 2023 2030 2036 2073 2080 2086 2090 2091 3673 4323 4586 
m1615 26 36 37 40 46 1346 1837 2036 2037 2040 2336 2337 
m1271 22 37 40 46 1137 1146 2022 2037 2040 2046 2322 2337 2346 4837 
m888 13 22 33 36 38 40 1113 1122 1133 1136 1138 1140 1813 1833 1838 1840 1913 1933 2013 2033 2038 4163 
m1183 6 42 306 342 2106 2142 2842 4606 
m2958 5 36 38 46 49 286 296 299 1849 1905 1936 1938 1946 2346 2349 2486 2499 4836 
m719 30 36 39 40 46 1530 1539 1546 1830 1839 1840 1846 1980 2030 2036 2039 2040 2046 2330 2339 2340 2346 4346 
m2963 14 33 46 1664 1696 2314 2346 4196 4814 
m2453 12 13 22 27 36 40 627 677 1112 1113 1122 1127 1136 1140 1812 1813 1827 1840 2012 2013 2027 3162 
m1185 22 30 36 38 40 41 45 46 1130 1136 1138 1140 1141 1145 1146 1522 1536 1540 1541 1822 1836 1840 1922 1945 1946 2022 2036 2040 2086 2090 2272 2296 2322 2330 2336 2341 
m1816 5 13 22 33 36 40 46 263 272 283 286 290 672 686 690 1113 1122 1133 1136 1140 1672 1686 1690 1822 2022 2036 2305 2313 2322 2333 2336 2340 3183 
m1034 32 36 4332 
m449 34 1734 
m1495 22 46 1146 2346 
m1338 22 33 44 49 1133 1144 1694 1699 2494 
m1898 22 23 36 40 1123 1136 1140 1173 1186 1190 1823 1840 2023 2036 3673 4323 4336 
m793 22 30 36 40 45 1122 1136 1140 1522 1536 1540 1836 1840 2022 2036 2040 2272 2280 2286 
m3075 22 23 36 41 1122 1123 1136 1141 1172 1173 1186 1191 1822 1823 2072 2073 3673 4586 
m2352 22 23 36 40 46 1122 1123 1136 1140 1146 1172 1822 2023 2036 2046 2322 2323 2336 2340 2346 4323 4823 4836 
m1565 22 23 36 40 41 1122 1123 1136 1140 1141 1172 1173 1822 1823 1836 1840 1841 2023 2036 2040 2041 2072 2073 3673 4341 
m2554 13 38 46 1913 1938 1946 2313 
m3068 14 26 38 41 741 1314 1341 1914 1926 1941 
m1795 22 36 40 46 49 1136 1140 1146 1836 1846 2022 2036 2040 2046 2049 2336 2346 2349 2486 2496 4336 4836 
m45 22 37 46 1122 1137 1146 2322 2337 2346 4837 
m3139 22 23 30 36 40 41 46 49 1122 1123 1130 1136 1140 1141 1146 1149 1172 1173 1186 1190 1191 1199 1522 1523 1530 1536 1541 1546 1549 1823 1840 2023 2036 2040 2072 2073 2086 2090 2096 2099 2322 2330 2336 2340 2341 2346 2349 2472 2473 2486 2490 2496 3696 4823 
m2351 22 23 36 40 1122 1123 1136 1140 1173 1186 1190 1823 1836 2022 2023 2036 2040 3686 4323 
m1679 22 36 37 40 46 1122 1136 1137 1140 1146 1822 1836 1837 1840 1846 1872 1896 2022 2036 2037 2040 2046 2322 2337 2346 4387 4396 4837 4846 
m790 26 32 36 38 46 1332 1336 1346 1832 1926 1932 1936 1946 2332 2336 2346 4836 
m2205 5 23 24 40 46 273 274 290 296 1190 1240 1246 2023 2024 2040 2046 2340 3696 3723 
m2159 36 38 46 1838 1846 2338 2346 4836 
m74 
m2353 27 46 49 2327 2346 2477 2496 
m206 30 38 40 45 46 1930 2030 2038 2045 2046 2280 2288 2296 2330 2338 
m1538 22 23 36 40 1122 1123 1136 1140 1173 1186 1190 1822 1823 1836 1840 2022 2023 2036 2040 3673 4323 
m2832 32 36 46 49 1636 1649 1849 2332 2336 2346 2349 2486 2499 4136 4336 
m2863 37 38 46 1888 2338 4396 
m454 12 23 30 38 41 46 641 1191 1512 1523 1541 1546 1912 1923 1930 1941 1946 2341 3662 4812 4823 
m2924 13 23 36 46 49 1813 1823 1846 1849 2313 2346 2463 2473 2496 3663 4813 4823 
m2049 30 36 37 40 46 1536 1537 1540 1546 1837 1840 1846 1890 2037 2046 2340 4396 
m669 5 32 36 255 282 286 1805 1832 
m1122 5 37 46 1855 2305 2337 2346 4837 
m556 22 44 46 2222 2246 2322 2344 2346 4846 
m1693 46 2346 
m2240 5 13 22 33 36 38 40 46 263 272 283 286 290 672 686 690 1113 1122 1133 1136 1140 1672 1686 1690 1822 1905 1913 1922 1933 1936 1940 1946 2022 2036 2305 2313 2322 2333 2336 2340 3183 
m1905 14 22 32 46 49 732 749 1114 1132 1146 1649 2314 2332 2346 2349 4814 
m438 36 40 46 1836 1840 1846 2036 2040 2046 2336 2340 4846 
m2638 5 36 44 46 49 286 296 299 1849 2205 2236 2246 2249 2346 2349 2455 2486 2494 2496 4836 
m1002 26 41 46 1341 1346 2341 
m550 22 37 40 46 1137 1146 2022 2037 2040 2046 2322 2337 2346 4837 
m2905 22 23 36 40 46 49 1122 1123 1136 1146 1149 1199 1849 2022 2023 2036 2046 2336 2346 2349 3686 4823 4836 
m893 22 40 46 1146 2046 2322 2340 2346 
m531 12 14 40 46 712 2012 2014 2046 2314 2346 3146 3246 4812 
m382 23 30 36 40 46 1186 1190 1523 1530 1536 1540 1546 1823 1830 1836 1846 2023 2030 2036 2046 2330 2336 2340 2346 3696 4823 
m2350 22 23 30 36 40 46 1122 1123 1130 1136 1140 1146 1180 1522 1523 1530 1536 1540 1546 1822 1823 1830 1836 1840 1846 2022 2023 2030 2036 2040 2046 2322 2323 2330 2340 4823 4846 
m3081 22 23 36 40 41 1122 1123 1136 1140 1141 1172 1173 1822 1823 1836 1840 2022 2023 2036 2040 2072 2073 2086 2090 3673 4586 
m3367 46 2346 
m166 13 22 33 36 40 672 686 690 1113 1122 1133 1136 1140 1672 1686 1690 1822 2022 2036 3183 
m2000 22 23 36 40 1122 1123 1136 1140 1173 1823 2023 2036 3673 
m378 14 38 46 49 1914 1946 2314 2464 2488 2496 
m1387 5 23 38 273 1905 1923 
m1529 21 22 23 30 36 40 46 1072 1073 1080 1090 1096 1121 1122 1123 1130 1136 1140 1146 1172 1173 1522 1523 1530 1546 1821 1822 1823 1830 1840 1846 2021 2022 2023 2030 2036 2040 2046 2321 2322 2323 2330 2340 2346 3696 4823 
m420 22 40 46 1140 1146 2046 
m1737 14 23 30 40 47 730 1180 1514 1523 1530 1547 2014 2023 2030 2047 2364 2373 2380 3223 
m437 22 46 1122 1146 
m3445 38 45 46 1938 1945 1946 2345 
m2642 22 23 30 36 40 46 1122 1123 1130 1136 1140 1146 1172 1173 1522 1523 1530 1540 1546 1822 1823 1830 1840 1846 2022 2023 2030 2036 2040 2046 2322 2323 2330 2340 2346 3696 4823 
m2178 14 22 26 46 714 722 726 746 1114 1122 1126 1146 1314 1322 1346 2314 2322 2326 2346 3246 
m315 5 13 26 33 263 283 1305 1313 1333 1655 1663 1683 3183 
m342 13 22 33 36 38 40 1113 1122 1133 1136 1138 1140 1813 1833 1838 1840 1913 1933 2013 2033 2038 4163 
m1057 22 23 30 40 46 1123 1130 1146 1180 1523 1530 1546 2022 2023 2030 2046 2322 2323 2330 2340 2346 4823 
m209 22 38 44 46 1146 1922 1944 1946 2344 2346 4846 
m1689 12 14 46 712 2312 2314 2346 3146 3246 4812 
m157 17 23 26 30 46 880 896 1180 1317 1323 1330 1346 1517 1523 1530 1546 2330 3373 4823 
m3276 
m3331 13 38 1913 1938 
m2978 22 30 37 46 1130 1137 1146 1880 2322 2330 2337 2346 4837 
m59 12 26 46 1312 1346 2346 4812 
m1927 23 41 1191 2073 3673 
m2803 13 37 4363 
m2906 26 39 41 1339 1341 1991 2091 
m2284 22 36 40 46 1122 1136 1140 1146 1840 1846 2022 2036 2040 2046 2322 2340 2346 4836 
m212 34 36 1734 1736 1834 1836 4236 4334 
m1879 23 30 40 46 1190 1196 1523 1530 1540 1546 2040 2046 2340 
m2648 22 40 44 46 1146 2022 2044 2046 2344 2346 4846 
m536 22 32 46 1122 1132 1146 2322 2332 2346 4846 
m867 21 23 36 40 46 1171 1821 1823 1846 2021 2023 2036 2040 2046 2321 2323 2346 4346 4823 
m3115 12 14 22 45 46 645 712 745 1112 1114 1146 2314 2345 2346 3146 3246 4812 
m2790 46 47 2346 2347 
m553 13 22 40 45 46 1122 1140 1145 1146 2013 2040 2046 2272 2290 2296 2313 2346 3196 
m1399 22 36 40 41 46 1122 1136 1140 1141 1146 1822 1836 1841 2036 2041 2046 2072 2086 2090 2091 2096 2322 2336 2340 2341 2346 4346 4586 4836 
m1761 23 36 41 49 1191 1823 1836 1841 1849 2473 2486 2491 3686 4323 4336 4341 
m1049 22 23 30 1122 1123 1130 1173 1180 1522 1523 1530 
m2047 13 22 33 36 40 672 686 690 1113 1122 1133 1136 1140 1672 1686 1690 1822 2022 2036 3183 
m606 22 44 45 46 1146 2272 2294 2296 2344 2346 4846 
m2675 22 23 45 1123 1173 1195 3673 
m1363 37 39 40 46 1890 1987 1990 2037 2039 2046 2340 4396 4496 
m24 26 32 36 41 46 49 1332 1336 1341 1346 1349 1641 1646 2332 2336 2341 2346 2482 2486 2491 2496 4136 4586 
m254 22 23 45 1122 1123 1172 1173 2272 2273 3673 
m2944 22 23 30 46 1122 1123 1130 1146 1172 1173 1180 1196 1522 1523 1530 1546 2323 2330 2346 3696 
m1773 37 46 1896 2337 2346 4846 
m2872 13 25 38 46 675 1913 1925 1946 2313 2325 
m1123 22 23 30 36 40 41 1122 1123 1130 1136 1140 1172 1180 1186 1522 1523 1536 1822 2023 2030 2036 2072 2073 2080 2086 2090 3673 4323 
m2414 36 40 46 49 1836 1840 1846 1849 2036 2040 2046 2049 2336 2340 2346 2349 2486 2490 2496 4346 
m3212 12 14 40 46 646 2012 2014 2046 2314 2346 3114 4812 
m1980 37 46 4837 
m1141 26 32 36 46 1332 1336 1346 1832 2332 2336 2346 4836 
m2859 23 24 40 46 1190 1240 1246 2023 2024 2040 2046 2340 3696 3723 
m1461 5 31 36 255 281 286 1555 1581 1586 1805 1831 1836 
m2492 22 23 30 36 40 41 46 1123 1130 1136 1141 1146 1180 1186 1190 1523 1530 1536 1540 1546 1830 2022 2023 2030 2036 2040 2046 2072 2073 2080 2086 2090 2091 2330 3696 4836 
m3401 22 48 1122 1148 
m2579 38 46 49 1938 1946 1949 2349 
m68 13 22 44 46 694 1113 1122 1144 1146 2313 2344 
m3044 13 38 1913 1938 
m2539 13 33 36 49 663 683 686 699 1663 1683 1686 1699 1833 1849 2463 2483 2486 3183 
m1199 22 23 30 36 40 41 1123 1130 1172 1173 1180 1186 1190 1522 1523 1530 1536 1540 1822 1823 1830 1840 2022 2023 2030 2073 2080 2086 3673 
m592 23 45 2273 
m588 22 23 1123 1172 1173 3673 
m859 22 46 1122 1146 
m3244 14 26 46 726 746 1314 1326 1346 2326 2346 4814 
m3 22 23 30 46 1122 1123 1130 1146 1180 1523 1530 1546 2330 4823 
m3025 22 23 30 38 1122 1123 1130 1138 1173 1180 1523 1922 1923 1930 1938 3673 
m1037 14 22 45 46 722 745 746 1146 2272 2296 2346 3246 
m2731 12 13 22 27 36 40 622 636 640 672 686 690 1112 1113 1122 1136 1140 1362 1363 1372 1386 1390 1822 2022 2036 3162 
m955 22 38 46 1138 1146 1922 1938 1946 2322 2338 
m1474 22 27 46 1122 1127 1146 1377 2327 2346 
m2299 22 23 37 46 1123 1137 1146 2323 2337 3687 4837 4846 
m2143 22 23 30 36 40 46 49 1122 1123 1130 1136 1140 1146 1149 1172 1173 1186 1190 1199 1522 1523 1530 1536 1540 1546 1549 1822 1823 1830 1836 1840 1846 1849 2022 2023 2030 2036 2040 2046 2049 2322 2330 2336 2340 2346 2472 2473 2480 2486 2490 2496 3696 4823 
m1760 23 36 41 49 1191 1823 1836 1841 1849 2473 2486 2491 3686 4323 4336 4341 
m3266 22 46 1122 1146 2322 2346 
m1748 46 2346 
m151 46 2346 
m2386 22 23 36 40 1122 1123 1136 1140 1173 1186 1190 1822 1823 1836 1840 2022 2023 2036 2040 3673 3686 
m29 22 32 36 40 46 49 1136 1140 1146 1149 1640 1646 1832 1836 1840 1846 2032 2036 2040 2046 2049 2332 2336 2340 2346 2349 2486 2490 2496 4136 4346 
m987 22 36 40 41 1136 1140 1141 1836 1840 1841 2036 2040 2086 2090 2091 4586 
m633 23 26 30 40 46 1173 1180 1323 1330 1346 1523 2023 2026 2030 2046 2323 2330 3673 4823 
m808 5 36 46 49 286 296 299 1849 2346 2349 2486 2499 4836 
m3205 14 46 2314 2346 4814 
m3051 23 24 40 46 1190 1240 1246 2023 2024 2040 2046 2340 3696 3723 
m3466 13 38 46 1913 1938 1946 2313 2346 
m2768 36 45 46 1845 2336 2345 2346 4836 
m2026 23 30 36 41 1523 1536 1823 2073 2080 3673 4323 4586 
m962 22 36 40 45 1122 1136 1140 1145 1836 1840 1845 2036 2040 2045 2286 2290 
m1540 22 23 26 30 36 40 41 1122 1123 1126 1136 1140 1141 1172 1173 1180 1186 1191 1323 1336 1340 1523 1536 1541 1822 1823 1826 1836 1840 1841 2022 2023 2026 2036 2040 2041 2072 2073 2076 2086 2090 3673 4586 
m1742 22 26 44 46 1122 1126 1144 1146 1322 1344 1346 2222 2246 2322 2326 2344 2346 4846 
m3389 36 45 2286 
m1578 22 23 36 40 41 1122 1123 1136 1140 1141 1172 1173 1822 1823 1836 1840 1841 2022 2023 2036 2040 2041 2072 2073 2086 2090 3673 4586 
m1657 22 23 37 1122 1123 1172 1173 1872 1873 3673 
m112 13 22 44 46 694 1113 1146 2313 2344 
m672 22 32 40 46 1146 2022 2032 2040 2046 2332 2346 4846 
m2328 6 14 36 46 49 314 706 714 736 746 749 1806 1814 1846 2306 2456 2464 2486 2496 4814 
m1064 22 30 36 46 1130 1136 1146 1536 1546 1822 1830 1836 1846 2322 2330 2336 2346 4836 
m969 22 23 36 40 41 1122 1123 1136 1140 1141 1173 1823 1836 1840 1841 2023 2036 2040 2041 2072 2073 2086 2090 2091 3686 4323 
m2181 22 36 40 1122 1136 1140 1822 1836 1840 2022 2036 
m1273 14 30 46 730 746 2314 2330 2346 4814 4846 
m1949 14 32 36 49 714 732 736 749 1636 1649 1849 2482 2486 2499 
m1868 27 32 1382 
m2251 22 23 30 36 40 46 1122 1123 1130 1136 1140 1146 1180 1522 1523 1530 1536 1540 1546 1822 1823 1830 1836 1840 1846 2022 2023 2030 2036 2040 2046 2322 2323 2330 2340 4823 4846 
m3109 37 41 46 1891 2087 2091 2096 2341 4396 
m1692 26 38 41 1326 1338 1341 1926 1941 2076 2088 4591 
m1262 22 23 30 46 1123 1130 1146 1172 1173 1180 1196 1523 1530 1546 2330 4823 
m1575 
m2110 36 37 38 46 49 1837 1838 1888 1938 2338 2486 2487 2488 2496 4346 4837 
m1210 22 23 36 40 46 49 1172 1822 1823 1836 1849 2022 2023 2036 2040 2046 2049 2322 2323 2336 2349 2473 2486 3686 4336 4346 4836 
m2057 32 46 48 2332 2348 2432 
m2874 22 23 30 36 37 40 41 46 49 1123 1130 1136 1137 1140 1146 1149 1180 1523 1530 1546 1822 1823 1830 1836 1837 1840 1846 1849 1872 1873 1880 1886 1890 1896 2022 2023 2030 2036 2037 2040 2046 2072 2086 2090 2099 2330 2346 2472 2473 2480 2486 2487 2490 2496 4396 4823 
m929 14 22 40 46 746 1114 1146 2014 2046 2346 
m3372 22 23 36 40 41 1122 1123 1136 1140 1141 1172 1173 1822 1823 1836 1840 1841 2022 2023 2036 2040 2041 2072 2073 3673 4586 
m7 37 
m2854 5 14 36 46 49 264 286 296 299 746 749 1849 2349 2486 2499 3236 4836 
m1809 22 44 46 1146 2244 2246 2344 2346 4846 
m2379 22 37 46 1122 1137 1146 2322 2337 2346 4837 
m678 22 23 36 40 46 48 1123 1136 1140 1146 1148 1190 1840 2022 2023 2036 2046 2048 2336 2340 2346 2423 2436 2440 2446 3696 4323 4346 4823 
m1780 30 36 40 46 1830 1836 1840 1846 2030 2036 2040 2046 2330 2336 2340 2346 4336 4346 4836 
m2565 6 14 23 32 36 706 723 732 736 1156 1182 1606 1636 1806 3686 
m1974 14 26 32 46 1314 1346 1626 1646 2314 2346 4814 
m1855 36 37 40 46 1837 1846 2036 2037 2040 2046 2337 2346 4346 
m1512 22 23 36 40 41 46 1123 1136 1141 1146 1191 1822 1823 1836 1841 1846 2022 2023 2036 2040 2041 2046 2323 2336 2341 2346 3686 4341 4346 4823 
m2500 14 36 40 46 740 1814 1836 1840 1846 2014 2036 2040 2046 2314 2340 2346 3246 4314 4346 4836 
m809 22 38 45 46 49 1138 1145 1146 1922 1938 1945 1946 1949 2296 2299 2349 
m522 22 23 36 41 1123 1136 1141 1172 1173 1822 1823 2072 2073 3673 4586 
m1176 14 40 46 2014 2046 2314 2346 4814 
m1517 22 23 36 49 1123 1136 1173 1186 1199 1823 1849 2473 2486 3673 4323 4336 
m1104 45 
m957 22 30 36 40 41 46 1122 1140 1141 1146 1522 1536 1540 1822 1840 1841 1846 2022 2036 2040 2041 2046 2072 2096 2322 
m1080 22 26 44 46 1122 1126 1144 1146 1322 1344 1346 2222 2246 2322 2326 2344 2346 4846 
m20 22 23 36 40 45 1122 1123 1136 1140 1145 1173 1822 1823 1836 1840 1845 2022 2023 2036 2040 2045 2273 3673 
m1217 5 36 38 46 49 286 296 299 1905 1936 1946 2346 2349 2486 4836 
m701 22 36 37 40 46 1122 1136 1137 1146 1822 1837 1872 2036 2037 2046 2322 2336 2337 2340 2346 4346 4396 
m3383 32 36 40 46 1832 2032 2036 2332 2336 2340 2346 4136 4336 4836 
m1624 14 46 2314 2346 4814 
m1175 22 23 30 36 40 46 1122 1123 1130 1136 1140 1146 1172 1173 1522 1523 1530 1540 1546 1822 1823 1830 1840 1846 2022 2023 2030 2036 2040 2046 2322 2323 2330 2336 2340 2346 3696 4823 
m619 11 13 22 46 563 572 596 1113 1122 1146 2313 2322 2346 4846 
m1719 23 32 45 46 1182 2273 2282 2296 2323 2332 2346 4823 
m1503 14 22 38 46 738 1114 1138 2314 2322 2338 2346 4814 
m3294 45 46 2345 
m1644 22 23 36 40 41 1122 1123 1136 1140 1141 1172 1173 1822 1823 1836 1840 1841 2022 2023 2036 2040 2041 2072 2073 3673 4586 
m459 22 23 41 1123 1173 1191 3673 
m455 10 46 2310 
m1713 26 46 1326 1346 2326 2346 3826 
m3358 22 38 46 1122 1138 1146 1922 1938 1946 2322 2338 2346 
m2556 30 44 45 2230 2245 2280 
m1448 14 30 46 730 746 1530 2330 
m2763 14 26 46 49 1314 1346 1349 2346 2464 2496 4814 
m1653 22 23 36 40 41 46 1122 1123 1136 1140 1141 1146 1190 1836 1840 2022 2023 2036 2040 2041 2046 2073 2086 2090 2096 2322 2323 2336 2340 2341 2346 3673 3686 4323 4823 
m541 45 
m444 22 36 38 40 41 46 1136 1141 1836 1840 1841 1936 1940 1941 1946 2022 2036 2038 2040 2041 2046 2086 2090 2091 2322 2336 2341 4586 
m201 
m2357 22 36 41 1122 1136 1141 1841 2091 4586 
m3125 36 41 46 2336 2341 2346 4586 4846 
m1508 36 38 49 1838 1849 1936 1938 1949 
m1522 22 30 36 40 41 1136 1141 1536 1540 1541 1822 1836 1840 1841 2022 2036 2040 2041 2086 4336 4586 
m478 32 36 46 49 1849 2332 2336 2346 2349 2482 4332 
m2910 22 23 36 40 41 46 49 1123 1136 1141 1149 1836 1849 2022 2036 2041 2046 2049 2073 2086 2091 2099 2322 2323 2336 2341 2349 2472 2473 2486 2491 4323 4336 4836 
m988 26 30 36 44 46 1330 1336 1344 1346 1830 2230 2330 2336 2344 2346 4736 
m2062 22 32 33 36 40 1122 1132 1133 1136 1140 1633 1672 1822 1832 1833 1836 1840 2022 2032 2033 2036 4136 4186 
m3221 22 46 1122 1146 2322 2346 4846 
m3029 36 38 41 46 1838 2096 2338 4346 4586 
m3268 26 40 46 2026 2040 2046 2326 
m1605 13 36 38 40 41 686 690 691 1841 1913 1936 1941 2036 2041 2063 2086 2088 2090 2091 
m1027 22 44 46 1144 1146 2246 2322 2344 2346 4846 
m3253 13 23 49 673 1163 1173 1199 2463 2473 2499 3163 
m3199 46 2346 
m2286 14 22 32 46 722 732 746 1132 1146 2332 4846 
m1555 36 37 49 1836 1837 1849 2486 2487 2499 
m3489 12 46 2346 4812 
m1222 30 36 46 49 1549 1830 1846 1849 2330 2336 2346 2349 
m827 38 46 1946 2338 2346 
m3194 14 44 46 49 744 746 2344 2464 2494 2496 
m3237 5 36 46 255 286 2305 2336 2346 
m1239 22 37 40 46 1137 1146 2022 2037 2040 2046 2322 2337 2346 4837 
m1295 36 41 46 2096 2336 2341 2346 4586 4836 4846 
m1036 14 26 726 
m1781 8 32 37 46 49 408 437 446 449 1882 1896 2332 2346 2482 2487 2496 4396 
m1681 22 46 1122 1146 2322 2346 
m2270 23 30 41 46 1191 1523 1530 1541 1546 2073 2080 2091 2096 2330 2341 2346 3696 4823 
m221 14 22 31 36 46 731 736 1114 1136 1146 1846 2314 2331 2346 3246 4331 4836 
m2873 36 46 49 1849 2336 2346 2349 2486 2496 2499 4336 4836 
m121 5 45 46 2255 2296 2305 2346 
m16 14 23 30 36 40 46 730 1180 1814 1823 1830 1846 2014 2023 2030 2036 2040 2046 2314 2323 2330 2346 3223 4346 4814 4823 
m1442 22 26 44 45 46 1144 1145 1146 1322 1344 1345 1346 2294 2296 2344 2346 
m2115 5 14 22 23 30 41 46 49 273 280 291 705 723 730 741 1123 1130 1172 1173 1180 1522 1523 1530 1541 2072 2073 2080 2305 2323 2330 2341 2346 2464 2496 2499 3673 4814 
m294 46 2346 4846 
m90 22 23 36 1123 1136 1172 1173 1186 1822 1823 3673 
m367 37 40 46 1890 2037 2040 2046 2337 2340 2346 4396 
m551 41 46 2341 
m2965 14 30 46 730 2314 2330 
m662 5 13 38 46 263 296 1905 1913 1938 1946 2305 2313 2346 4813 
m3119 
m373 14 20 40 46 1014 1040 1046 2014 2046 3246 
m2305 22 23 36 40 41 1122 1123 1136 1140 1141 1172 1173 1822 1823 1836 1840 2022 2023 2036 2040 2072 2073 2086 2090 3673 4586 
m2348 36 40 46 1836 1840 2036 2040 2336 2340 2346 
m351 8 41 46 49 408 446 449 2058 2096 2099 2349 
m3141 22 30 36 46 1136 1146 1522 1536 1546 1846 2346 
m83 22 
m1563 22 23 30 36 39 40 41 1123 1136 1140 1172 1173 1186 1190 1191 1523 1536 1539 1541 1823 1972 1973 1986 1991 2023 2036 2072 2073 2086 2090 3673 4323 4336 4586 
m2550 23 36 42 1173 1186 1192 3686 4342 
m788 5 36 46 49 286 296 299 1849 2346 2349 2486 2499 4836 
m1805 37 
m1403 22 44 46 1122 1144 1146 2322 2344 2346 4846 
m614 36 41 1836 1841 2086 2091 4586 
m3439 22 30 37 40 46 1130 1137 1146 1537 1540 1546 1890 2340 4396 
m2809 22 23 36 41 1123 1822 1823 2072 2073 3673 4323 4586 
m2155 13 22 36 38 40 1113 1122 1136 1138 1140 1813 1840 1913 1936 1940 2013 
m1484 22 23 36 40 41 46 49 1136 1140 1146 1172 1186 1190 1196 1199 1822 1823 1836 1840 1846 1849 2022 2023 2036 2040 2046 2049 2072 2073 2086 2099 2322 2323 2336 2340 2341 2346 2349 2472 2473 2486 2490 2496 3686 4323 4336 4836 
m1305 41 46 2091 2096 2341 
m3427 13 22 33 36 40 46 672 686 690 1113 1122 1133 1136 1140 1672 1686 1690 1822 2022 2036 2313 2322 2333 2336 2340 3183 
m2120 22 41 44 46 1146 2072 2094 2096 2344 2346 4846 
m1435 23 36 40 46 49 1186 1196 1836 1846 2023 2036 2046 2323 2473 2486 2490 2496 3673 4323 4836 
m2484 22 23 30 36 40 41 1122 1123 1130 1136 1140 1173 1522 1523 1536 1822 1823 1830 1836 2022 2023 2030 2036 2072 2073 2080 2086 2090 2091 3673 4323 4586 
m2238 5 13 22 26 33 36 40 263 272 283 286 290 672 686 690 1113 1122 1133 1136 1140 1305 1313 1322 1333 1336 1340 1655 1663 1672 1683 1686 1690 1822 2022 2036 3183 
m2746 5 22 36 38 40 46 49 286 296 299 1136 1138 1140 1146 1149 1836 1846 1849 1905 1936 1938 1946 1949 2036 2038 2046 2049 2346 2349 2455 2486 2496 2499 4836 
m2161 22 23 30 36 40 45 46 1123 1130 1136 1140 1146 1180 1523 1530 1536 1546 1830 2023 2030 2036 2046 2272 2273 2280 2286 2290 2296 2330 2336 4323 4823 
m1514 14 23 38 46 49 1196 1914 1923 1946 1949 2464 2473 2496 3664 4814 
m2415 38 46 1938 1946 2338 2346 
m3186 20 48 2420 
m322 22 23 27 41 45 1122 1123 1127 1141 1145 1195 1372 1391 2073 2095 
m2298 23 30 49 1180 1199 1549 2473 2480 2499 
m1649 22 23 36 40 46 49 1172 1822 1836 1840 1846 2022 2023 2036 2040 2046 2049 2322 2323 2336 2340 2346 2349 2473 2486 2490 2496 3696 4323 4346 4823 4836 
m339 12 14 46 712 2314 2346 3146 3246 4812 
m610 22 36 37 40 46 1122 1136 1140 1146 1822 1836 1837 1840 1846 1872 1896 2022 2036 2037 2040 2046 2322 2337 2346 4387 4396 4837 4846 
m2542 22 36 40 1122 1136 1140 2036 
m80 30 38 46 1930 1938 1946 2330 2346 
m1268 29 36 41 1829 1836 2079 2086 4336 
m628 22 36 40 41 1136 1140 1822 1836 1840 1841 2036 2072 2086 2090 2091 4586 
m3193 3 30 38 46 180 188 196 1903 1930 1938 1946 2330 
m3368 22 23 36 37 40 1122 1123 1136 1137 1140 1172 1173 1822 1823 1836 1837 1840 1872 1873 2022 2023 2036 2037 2040 3673 
m3004 22 36 40 41 1822 1840 2022 2036 2072 2086 2090 4336 4586 
m2015 22 23 30 41 1122 1123 1130 1141 1173 1191 1522 1523 1541 2073 3673 
m2586 46 
m2378 5 36 38 40 46 49 286 296 1805 1836 1838 1846 1849 1905 1936 1938 1946 1949 2036 2038 2046 2049 2346 2349 2455 2486 2496 4836 
m2639 26 46 1346 
m852 5 13 22 38 263 272 288 663 1105 1113 1122 1138 1905 1913 1922 1938 
m705 10 37 46 537 546 4396 
m2003 38 41 46 49 1938 1946 1949 2088 2096 2099 2341 2346 2349 
m127 23 30 46 1180 1523 1530 1546 2330 2346 4823 
m1270 23 30 37 39 1180 1523 1530 1537 1539 1880 1980 1987 4373 4473 
m2615 5 14 45 46 705 745 2255 2305 2314 2345 2346 4814 
m3333 37 40 46 1890 2037 2040 2046 2337 2340 2346 4396 
m2986 22 23 36 40 41 1122 1123 1136 1140 1141 1173 1822 1823 1836 2022 2023 2036 2072 2073 2086 2090 2091 3673 4323 4586 
m1425 13 22 36 45 46 1113 1136 2263 2286 2295 2296 2313 2322 2336 3186 
m2436 22 23 30 36 40 1122 1123 1130 1136 1140 1180 1830 2023 2030 2036 4323 
m403 5 36 38 46 49 286 296 299 1849 1905 1936 1946 1949 2305 2336 2338 2346 2349 2486 2499 4836 4846 
m1380 5 45 295 
m3404 30 38 46 1930 1938 1946 2330 2346 
m816 14 21 40 714 721 740 2014 2021 
m870 22 40 46 1146 2340 
m2034 22 37 38 46 49 1137 1146 1149 1899 1922 1937 1938 1946 1949 2322 2337 2338 2346 2349 4396 
m2555 22 37 46 1122 1137 1146 1896 2346 4837 
m3394 22 23 36 40 41 1122 1123 1136 1140 1141 1172 1173 1822 1823 1836 1840 2022 2023 2036 2040 2041 2073 2086 2090 3673 4586 
m172 22 36 41 1122 1136 1141 1841 2091 4586 
m1510 22 23 36 40 41 46 1123 1136 1141 1146 1191 1822 1823 1836 1841 1846 2022 2023 2036 2040 2041 2046 2323 2336 2341 2346 3686 4341 4346 4823 
m2444 22 23 36 41 1122 1123 1136 1141 1191 1841 2073 2091 4323 4586 
m1704 32 46 2332 
m2902 5 32 36 38 45 46 49 282 286 288 295 296 1632 1638 1645 1646 1838 1845 1846 1932 1936 1945 1946 2295 2332 2338 2345 2346 2455 2482 2486 2488 2496 4136 4332 4836 
m2617 33 36 38 46 49 1683 1686 1688 1696 1699 1833 1846 1933 1936 1946 1949 2333 2336 2338 2346 2349 2483 2486 2496 4833 
m687 32 36 46 2332 2336 2346 4332 4836 
m3255 
m1534 
m1061 23 1173 3673 
m2358 36 
m1103 23 32 46 1196 1623 1646 2346 
m64 36 48 1836 1848 2436 2448 
m331 37 46 1896 2346 4837 
m807 38 46 1938 1946 2346 
m2931 36 38 40 41 1838 1841 1941 2036 2038 2041 
m986 14 22 40 46 1114 1140 1146 2014 2040 2046 2314 2346 4814 4846 
m3417 22 45 46 1122 1146 2272 2296 2322 2346 4846 
m877 33 38 40 46 1690 1696 1933 1938 1940 1946 2333 2338 2340 2346 
m2223 32 40 46 1632 1640 1646 2032 2040 2046 2332 2340 2346 
m2607 22 46 1122 1146 
m2724 26 33 1676 
m3084 33 37 46 49 1883 1896 2333 2346 2483 2487 2496 4833 4837 
m3130 37 46 49 1899 2337 2346 2349 4396 4837 4846 
m2078 46 2346 
m2403 22 23 37 41 1123 1172 1173 1187 1191 1872 1873 2072 2073 2087 2091 3673 
m1666 22 23 30 32 40 41 1140 1182 1523 1530 1532 2022 2023 2030 2032 2040 2072 2090 
m19 22 23 36 40 45 1122 1123 1136 1140 1145 1172 1173 1822 1823 1836 1840 1845 2022 2023 2036 2040 2045 2272 2273 3673 
m1825 13 20 22 33 36 38 40 688 1013 1022 1033 1036 1038 1040 1113 1133 1136 1138 1140 1688 1813 1822 1833 1838 1840 2013 2033 2036 2038 3183 3536 4336 
m2372 22 23 30 36 40 46 49 1122 1123 1130 1136 1140 1146 1180 1523 1530 1536 1540 1546 1822 1823 1830 1840 1846 2022 2023 2030 2036 2046 2322 2323 2330 2336 2340 2346 2472 2486 2490 2496 4336 4346 4823 4846 
m2645 12 14 40 46 712 2012 2014 2046 2314 2346 3146 3246 4812 
m2830 38 41 46 1938 1941 1946 2341 2346 
m415 22 23 30 36 40 41 46 49 1122 1123 1130 1136 1140 1141 1146 1172 1173 1186 1190 1191 1199 1522 1523 1530 1536 1540 1541 1546 1549 1822 1823 1830 1836 1840 1841 1846 1849 2022 2023 2030 2036 2040 2041 2046 2049 2072 2073 2086 2090 2096 2099 2330 2336 2340 2341 2349 2472 2473 2486 2490 2496 3696 4823 
m864 22 24 1124 
m1523 5 12 41 45 46 296 2055 2062 2096 2255 2291 2296 2341 2345 4812 
m1320 22 44 46 1146 2344 2346 4846 
m733 23 32 46 1196 1623 1646 2346 
m1114 33 38 40 46 1690 1696 1933 1938 1940 1946 2333 2338 2340 2346 
m2712 26 38 46 1926 1938 1946 2326 
m1345 32 36 46 49 1636 1646 1849 2332 2336 2346 2349 4136 4336 4836 
m1000 23 36 45 46 1186 1196 1836 1846 2273 2286 2296 3686 4836 
m2477 36 46 2336 2346 4836 
m120 22 37 40 46 1137 1140 1146 1890 2022 2037 2040 2046 2337 2340 2346 4837 
m2933 22 30 39 1130 1139 1980 
m2841 11 13 22 36 38 40 563 572 586 588 590 1113 1136 1138 1140 1813 1840 1913 1936 1940 2013 
m854 22 23 30 36 39 40 41 1123 1130 1136 1140 1172 1173 1180 1186 1190 1523 1536 1540 1822 1823 1830 1836 1840 1972 1973 1980 1986 1990 2022 2023 2030 2036 2072 2073 2080 2086 2089 2090 2091 3673 4323 
m1526 32 37 38 44 46 1637 1644 1646 1894 1932 1937 1944 1946 2337 2344 
m922 13 22 45 695 1113 1122 1145 
m239 14 32 46 732 2332 4814 
m2623 37 38 46 1937 1946 2337 2346 4837 
m6 14 38 40 46 49 1914 1938 1940 1946 1949 2014 2046 2049 2346 2464 2496 4814 
m3430 3 32 37 182 187 1882 
m1935 5 36 38 46 49 1805 1838 1846 1849 1905 1938 1946 1949 2305 2488 2496 
m3373 22 23 30 36 49 1123 1130 1136 1149 1522 1523 1530 1822 1823 1830 1836 1849 2472 2473 2480 2486 2499 
m1161 30 32 36 46 1630 1830 1846 2330 2332 4332 
m518 22 40 41 46 1122 1140 1141 1146 2041 2046 2341 2346 
m1568 23 30 36 39 40 41 1173 1180 1186 1190 1191 1523 1823 1830 1836 1973 1986 1990 1991 2023 2030 2036 2041 2073 2080 2086 2091 3673 3686 4323 4586 
m2137 12 38 41 46 1912 1941 1946 2062 2091 2096 2312 
m3015 14 46 2314 2346 4814 
m2895 23 30 36 38 40 46 1180 1186 1190 1523 1530 1536 1540 1546 1830 1923 1930 1936 1940 1946 2023 2030 2036 2038 2040 2046 2323 2330 2340 4836 
m949 36 37 40 1836 1837 1840 2036 2037 2040 
m1198 14 32 36 38 41 46 1614 1914 1932 1936 1938 1941 1946 2064 2082 2086 2314 2332 2336 2341 4136 4314 
m1266 32 46 1632 1646 2332 2346 
m3204 22 23 30 36 41 1123 1130 1136 1141 1186 1191 1523 1536 1541 1841 2073 2080 2091 3673 4323 4586 
m3493 37 46 2346 4837 
m1931 37 38 46 1888 1896 2337 2338 2346 
m376 10 13 46 513 546 2310 2313 2346 4813 4846 
m1017 12 32 36 46 1612 1646 1812 2336 2346 3146 4136 4346 4812 
m1146 22 23 32 36 40 46 49 1122 1123 1132 1136 1140 1146 1149 1172 1173 1182 1186 1190 1196 1199 1622 1623 1632 1636 1640 1646 1822 1823 1832 1836 1840 1846 1849 2022 2023 2032 2036 2046 2049 2322 2323 2332 2336 2346 2349 2472 2473 2482 2486 2490 2496 3673 3686 3696 4323 4346 
m2935 22 36 46 1822 1846 2322 4846 
m2482 14 46 2346 3246 4814 
m2495 22 23 30 38 46 1123 1130 1146 1180 1523 1530 1546 1922 1923 1930 1938 1946 2330 4823 
m296 26 36 46 1826 1846 2326 4336 4346 
m337 14 22 40 45 46 722 2014 2045 2046 2264 2272 2296 2314 2322 2340 2345 2346 4814 
m1559 36 40 45 46 1845 2036 2045 2046 2336 2345 4836 4846 
m3041 13 38 1913 1938 
m2699 23 30 41 46 1180 2073 2080 2096 2323 2330 2341 4823 4846 
m875 14 37 46 2314 2337 2346 4364 4814 
m480 17 40 46 890 2340 2346 3396 4817 
m265 22 38 1122 1922 
m3220 44 46 49 2246 2249 2344 2346 2349 
m2826 30 40 46 49 2030 2046 2049 2330 2349 2480 2496 4846 
m2392 44 46 2344 2346 
m1722 22 23 46 49 1122 1146 1149 1172 1199 2322 2346 2349 3696 4823 
m133 13 22 41 691 1113 1122 1141 
m2285 22 30 40 46 1130 1140 1146 2022 2030 2040 2046 2322 2330 2340 2346 
m1098 30 45 46 49 2280 2296 2299 2330 2480 2496 
m2996 22 30 40 46 1122 1130 1140 1146 2022 2030 2040 2046 2322 2330 2340 2346 
m1291 40 45 46 2045 2046 2290 2295 2296 2340 2345 2346 
m2217 26 46 1346 2346 
m3479 13 33 49 2463 2483 4163 
m1516 37 40 45 46 49 1895 1899 2037 2040 2045 2046 2340 2345 2346 2349 2495 4387 4396 4837 
m2567 5 37 46 287 1855 2305 2337 
m2384 22 23 30 46 1122 1123 1130 1146 1180 1523 1530 1546 2330 2346 4823 
m92 37 40 46 1890 2037 2040 2046 2337 2340 2346 4396 
m1786 22 40 45 46 49 1145 2046 2272 2295 2322 2345 2346 2490 2496 
m3145 12 26 46 626 1312 1326 1346 2326 4812 
m191 17 40 46 2017 2046 2346 4817 
m713 
m1446 14 22 38 46 1114 1146 1914 1922 1938 1946 2314 2322 2346 4814 
m958 37 40 46 1890 2037 2040 2046 2337 2340 2346 4396 
m1784 13 14 33 38 40 46 49 664 690 696 699 749 1664 1690 1696 1913 1933 2014 2046 2049 2314 2349 2464 2496 4163 
m2953 38 49 1938 1949 
m2052 22 32 37 38 46 49 1132 1137 1146 1637 1646 1922 1938 1946 1949 2332 2337 2346 2472 2487 2496 4837 
m3242 22 38 46 1146 1922 1938 1946 2346 
m714 22 23 36 40 41 1123 1136 1140 1172 1822 1823 1836 2023 2036 2072 2073 2086 2090 2091 3673 4323 4586 
m770 37 46 1896 2346 4837 
m462 12 30 38 40 46 630 1912 1930 1946 2012 2030 2038 2040 2046 2312 2330 2346 4812 
m1044 36 46 2336 2346 4836 4846 
m2464 14 46 2346 3246 4814 
m399 14 22 46 722 2314 2322 2346 4814 
m2381 22 36 40 46 1136 1140 1146 1846 2022 2036 2040 2046 4336 4346 
m21 40 46 2040 2046 2346 
m1304 23 30 46 49 1180 1199 1549 2323 2330 2346 2349 2473 2480 2496 
m817 22 23 30 36 40 1123 1130 1173 1186 1190 1523 1536 1540 2023 2036 3673 
m1973 30 40 46 49 1540 1546 1549 2030 2040 2046 2330 2340 2346 2349 2490 2496 
m754 34 38 46 1734 1934 2334 2338 2346 
m1009 23 30 36 40 1180 1523 1530 1536 1540 1830 2023 2030 2036 2040 4323 
m1165 36 38 40 46 49 1936 1938 1940 1946 2036 2046 2049 2346 2349 2486 4836 
m2138 12 41 46 2062 2091 2096 2312 
m1993 22 45 46 1145 2322 2345 2346 
m30 22 23 30 36 40 46 49 1122 1123 1130 1136 1140 1146 1149 1172 1173 1180 1186 1190 1199 1522 1523 1530 1536 1540 1546 1549 1823 1840 2022 2023 2030 2036 2040 2046 2322 2330 2336 2340 2346 2349 2472 2473 2480 2486 2490 2496 3696 4823 
m1078 23 30 46 49 1180 1523 1530 1546 2330 2346 2480 2496 4823 
m2848 13 38 41 691 1913 1938 1941 
m1762 22 36 38 46 1822 1936 1946 2322 2336 2346 4836 
m725 22 44 46 1122 1144 1146 2322 2344 2346 4846 
m546 41 46 2341 2346 
m940 13 23 30 46 696 1163 1173 1180 1196 1513 1523 1530 1546 2313 2323 2330 2346 3196 3663 3696 4823 
m1642 22 32 38 46 1146 1922 1932 1938 1946 2332 2346 
m3172 36 37 40 46 1840 1886 1890 1896 2036 2037 2040 2046 2336 2340 2346 4346 4837 
m2424 14 40 46 2014 2040 2046 2314 2346 4814 
m1410 22 36 38 48 49 1136 1148 1149 1822 1836 1838 1848 1849 1922 1936 1948 1949 2422 2436 2438 2448 2449 2486 2498 
m257 
m3135 23 36 40 41 46 1191 1823 1836 1840 1841 1846 2023 2036 2040 2041 2046 2323 2336 2341 2346 3686 4341 4346 4823 
m3231 12 26 40 46 626 2012 2026 2046 2312 2326 2340 2346 4812 
m3409 26 36 46 49 1336 1346 2476 2486 2496 4836 4846 
m1917 23 36 41 46 1836 1841 1846 2073 2086 2323 2341 4323 4836 
m585 22 23 30 36 40 41 46 49 1122 1123 1130 1136 1140 1141 1146 1172 1173 1186 1190 1191 1199 1522 1523 1530 1536 1540 1541 1546 1549 1822 1823 1830 1836 1840 1841 1846 1849 2022 2023 2030 2036 2040 2041 2046 2049 2072 2073 2086 2090 2096 2099 2330 2336 2340 2341 2349 2472 2473 2486 2490 2496 3696 4336 4823 
m2438 14 46 714 746 2314 2346 4814 
m583 23 45 1173 2273 3673 
m3213 36 37 40 46 1840 1886 1890 1896 2036 2037 2040 2046 2336 2340 2346 4346 4837 
m2696 36 40 46 1846 2036 2040 2046 
m2250 46 
m3407 22 23 30 37 40 46 1122 1123 1130 1137 1146 1172 1187 1522 1523 1530 1537 1546 1872 2022 2023 2030 2037 2040 2046 2322 2323 2330 2346 3696 4396 4837 
m319 23 30 33 38 46 1180 1523 1530 1533 1546 1680 1923 1930 1933 1946 2323 2330 2333 2346 4173 4823 
m3163 23 45 46 1195 2296 2345 2346 3696 4823 
m1280 13 22 36 40 672 686 690 1113 1122 1136 1140 1822 2022 2036 
m2983 22 37 45 46 49 1122 1137 1145 1146 1895 2322 2345 2346 2472 2487 2495 2496 4396 4837 
m2684 22 23 36 38 40 41 46 1136 1138 1140 1146 1923 1936 1940 1946 2022 2023 2036 2038 2046 2072 2090 2323 4323 4836 
m2433 14 22 46 722 746 2322 2346 
m819 23 36 40 46 49 1190 1823 1836 1840 1846 1849 2023 2036 2040 2046 2336 2340 2346 2349 2473 2486 2490 4323 4346 4823 4836 
m2214 14 22 36 40 46 722 740 746 1140 1146 1822 1840 2014 2036 2040 2046 2322 2336 2340 2346 3236 4346 4814 
m2126 22 36 40 41 45 1122 1136 1140 1141 1145 1822 1836 1840 1845 2022 2036 2040 2045 2072 
m3001 23 30 1173 1180 1523 1530 
m2 22 23 30 46 1122 1123 1130 1146 1180 1522 1523 1530 1546 2323 2330 
m65 32 39 46 1632 1639 1646 1989 2339 2346 4496 4839 
m2391 22 23 36 41 1122 1123 1172 1173 1822 1823 2072 2073 3673 4586 
m3082 5 13 22 263 272 1105 1113 1122 
m3490 33 44 49 1694 1699 2494 
m2966 37 46 4837 
m1404 21 22 30 36 40 41 46 1072 1096 1121 1122 1130 1136 1140 1141 1146 1521 1522 1536 1546 1821 1822 1846 2021 2022 2030 2036 2040 2046 2072 2090 2096 2321 2322 2340 4346 4846 
m154 32 36 38 40 46 1636 1638 1640 1646 1836 1838 1840 1846 2036 2046 2332 2336 2338 2340 2346 4136 4336 4346 
m510 14 22 46 722 2322 3246 
m1997 13 22 33 36 40 46 49 672 686 690 1113 1133 1136 1140 1672 1686 1690 1822 2013 2022 2036 2046 2313 2322 2333 2336 2340 2349 2463 2472 2483 2486 2490 3183 
m10 13 33 4163 
m2927 32 36 46 49 1632 1636 1649 1849 2332 2336 2346 2349 
m1698 5 22 37 46 255 1105 1137 1146 1855 1887 1896 2305 2322 2337 2346 4837 
m1343 22 30 46 1122 1130 1146 2322 2330 2346 
m621 14 36 46 714 736 1836 2314 2336 2346 3236 4814 4836 
m1028 22 44 46 1122 1144 1146 2222 2246 2322 2344 2346 4846 
m613 22 26 38 46 1146 1322 1338 1346 1922 1946 2346 
m1298 30 36 41 46 1830 1836 1841 1846 2080 2330 2336 2341 2346 4586 4836 
m267 22 36 37 40 46 1136 1137 1140 1146 1837 1840 1846 1890 2022 2036 2037 2040 2046 2336 2340 2346 4336 4346 4396 4837 
m638 22 23 30 1122 1123 1130 1173 1523 1530 3673 
m3403 30 40 46 2030 2046 2330 2340 2346 4846 
m2339 36 37 46 1837 2336 2337 4336 4337 
m3076 22 23 36 41 1123 1136 1141 1172 1173 1822 1823 2072 2073 3673 4586 
m1862 22 30 36 38 46 49 1522 1536 1538 1546 1549 1822 1922 1930 1936 1938 1946 1949 2322 2330 2336 2338 2346 2349 2472 2486 2496 
m2490 32 34 38 46 1632 1646 1732 1734 1746 1932 1934 1946 2332 
m2994 30 40 46 2030 2040 2046 2330 2340 2346 
m1612 22 36 40 1122 1136 1140 2036 
m164 13 22 32 36 40 41 672 686 690 1122 1136 1140 1613 1622 1636 1640 1822 2022 2036 2063 2072 2082 2086 
m849 12 22 23 36 45 46 49 622 645 1122 1145 1172 1195 1812 1822 1845 1846 2272 2295 2322 2345 2462 2473 2486 2496 3662 3696 4323 4812 
m559 23 35 46 1773 2335 2346 4823 
m3458 22 23 30 36 37 40 41 46 49 1123 1130 1137 1141 1146 1190 1191 1523 1537 1540 1541 1546 1822 1823 1830 1836 1837 1840 1846 1873 1890 1891 1896 2022 2030 2036 2037 2040 2041 2046 2086 2091 2099 2340 2341 2346 2486 2490 2496 2499 4396 4823 
m391 22 23 36 41 1123 1822 1823 2072 2073 3673 4323 4586 
m145 22 32 36 40 46 1122 1132 1136 1140 1622 1632 1636 1640 1840 2040 2322 2332 2336 2346 
m989 36 40 41 1836 1840 2036 2086 2090 2091 4586 
m3397 14 44 46 49 744 746 2344 2464 2494 2496 
m2918 38 41 46 1938 1941 1946 2341 
m2970 46 2346 
m1001 23 30 46 1180 2323 2330 2346 
m1477 22 23 30 1122 1123 1130 1172 1173 1180 1522 1523 1530 3673 
m429 22 36 40 41 1136 1140 1141 1836 1840 1841 2036 2041 2072 2086 2090 2091 4586 
m1884 22 36 40 41 46 49 1136 1140 1146 1149 1822 1840 1846 1849 2022 2046 2072 2086 2090 2096 2322 2336 2340 2346 2349 2490 2496 4336 
m2233 23 40 2023 3673 
m1121 12 13 22 32 36 40 49 632 682 699 1112 1113 1122 1132 1136 1140 1812 1813 1832 1836 1840 1849 2012 2013 2032 2036 2049 2462 2482 2486 3136 3162 3186 
m493 36 49 1836 1849 2486 2499 
m1138 26 32 33 37 1333 1626 1633 1637 1876 1883 
m2969 22 44 46 1144 1146 2222 2246 2322 2344 2346 4846 
m3326 36 41 1836 1841 2086 2091 4586 
m1356 22 37 46 49 1872 2322 2346 2487 2496 4396 4837 
m2920 14 40 46 2014 2040 2046 2314 2346 4814 
m3275 12 26 34 45 46 634 645 1312 1334 1345 1346 1734 2284 2334 2345 4812 
m3096 8 10 38 508 1908 1910 
m2075 32 36 46 49 1636 1649 1832 1836 1846 1849 2332 2336 2346 2349 2486 2496 2499 4332 4336 
m1216 22 40 46 1146 2046 2322 2340 2346 
m2882 23 38 45 1923 2273 2288 
m2628 23 30 1180 1523 1530 
m2011 22 23 30 36 40 41 46 1122 1123 1130 1136 1140 1141 1146 1180 1522 1523 1530 1536 1540 1546 1822 1823 1830 1836 1840 1846 2022 2023 2030 2036 2040 2046 2072 2086 2090 2091 2322 2323 2330 2340 4823 4846 
m1535 32 36 38 39 46 1832 1839 1936 1939 1946 1982 2332 2336 2339 
m2941 23 30 38 46 1188 1523 1530 1538 1546 1923 1930 1938 1946 2330 2338 2346 3696 4823 
m1264 14 23 32 36 49 723 732 736 749 1182 1199 1636 1649 1849 3686 
m622 
m1202 27 38 46 1927 1946 2327 
m1872 22 26 44 46 1144 1146 1322 1344 1346 2244 2246 2344 2346 4846 
m1943 26 41 46 1341 1346 2096 
m3359 23 30 1523 
m2561 14 36 40 46 1814 1846 2014 2036 2040 2046 2314 2346 4346 4814 4846 
m1292 22 23 36 40 41 1172 1822 1841 2022 2023 2036 2041 2072 2073 4323 4336 4586 
m2307 
m1828 22 40 46 1140 1146 2022 2040 2046 2340 2346 
m2355 22 23 30 36 41 1123 1130 1136 1141 1180 1523 1823 1830 2073 2080 3673 4323 4586 
m1708 26 46 1346 2346 
m1519 23 30 36 40 41 49 1186 1190 1199 1523 1530 1536 1540 1549 1836 1840 1849 2073 2080 2086 2090 2099 2486 2490 2499 3686 4336 
m2851 2 22 36 40 41 122 136 140 1136 1140 1141 1822 1836 1840 1841 2036 2041 2636 
m3171 36 37 40 46 1836 1837 1840 1846 2036 2037 2040 2046 2337 2346 4346 4837 
m1849 22 23 1123 
m2913 13 30 36 46 1513 1536 1546 2313 2330 2336 2346 4313 4813 4836 
m756 14 46 49 2314 2346 2464 2496 4814 
m2767 36 37 40 41 46 1841 1846 1886 2036 2037 2046 2086 2087 2090 2096 2336 2337 2340 2341 2346 4346 4396 4836 
m407 33 45 46 1695 2283 2295 2333 2345 
m731 5 7 13 22 257 263 272 363 372 1107 1113 1122 
m3304 22 37 40 46 1137 1146 2022 2037 2046 4837 
m2076 22 23 30 36 40 46 1122 1123 1130 1136 1140 1146 1180 1522 1523 1530 1536 1540 1546 1822 1823 1830 1836 1840 1846 2022 2023 2030 2036 2040 2046 2322 2323 2330 2340 4823 4846 
m175 22 23 30 46 1122 1123 1130 1146 1196 1523 1546 2346 
m2950 14 22 23 30 730 1114 1122 1123 1130 1180 1514 1523 1530 3223 
m2420 22 23 36 40 46 1122 1123 1136 1140 1146 1172 1186 1190 1196 1822 1836 2022 2036 2040 2046 2322 3686 4346 
m3037 13 38 1913 1938 
m3062 5 36 45 286 295 1845 2255 2286 2295 4336 
m3469 22 44 45 46 1146 2272 2294 2296 2344 2346 4846 
m2027 45 46 2296 2345 2346 
m110 22 30 36 40 41 49 1122 1130 1136 1140 1141 1536 1540 1822 1840 1841 2022 2036 2040 2041 2080 2086 2090 2472 2486 2490 
m1986 13 16 38 46 1913 1916 1946 2313 2316 3313 
m2368 22 1122 
m2463 23 30 38 1188 1523 1538 1923 1930 1938 
m540 23 30 36 40 46 1180 1823 1830 1836 1846 2023 2030 2036 2040 2046 2323 2330 2336 2346 4323 4346 4823 4836 
m1445 14 37 40 46 737 740 746 2037 2046 4837 
m3023 23 30 38 41 1173 1180 1523 1923 1930 1938 1941 2073 2080 2088 2091 3673 
m1418 14 22 36 40 41 46 714 722 736 741 1822 1836 1841 2014 2036 2041 2046 2072 2314 2322 2336 2341 3236 4314 4586 4814 
m964 3 30 37 46 153 180 187 196 1503 1530 1537 1546 1853 1880 2303 2330 2337 2346 4803 
m2079 28 36 1428 1436 1828 1836 3936 4328 
m2749 5 36 46 49 255 286 296 299 1849 2346 2349 2486 2499 4836 
m3060 28 36 1828 1836 
m189 12 32 36 38 46 1612 1646 1812 1912 1932 1936 1946 2312 2332 2336 2346 3146 4136 4346 4812 
m2815 23 30 36 41 1180 1186 1830 2073 2080 3673 3686 4323 4586 
m3215 38 45 46 49 1938 1946 1949 2288 2296 2299 2349 
m1324 36 40 46 49 1836 1840 1846 1849 2036 2040 2046 2049 2336 2340 2346 2349 2486 2490 2496 4346 
m230 22 40 44 46 1140 1144 1146 2040 2046 2222 2240 2246 2322 2340 2344 2346 4846 
m925 30 37 46 1530 1537 1546 1880 2330 2337 2346 
m3090 5 13 22 263 272 1105 1113 1122 
m2347 23 30 36 41 1173 1180 1186 1191 1523 1530 1536 1541 1823 1830 1836 1841 2073 2080 2091 3673 4323 4586 
m2758 22 30 36 40 41 49 1136 1140 1536 1541 1549 1830 1836 1840 1841 1849 2030 2036 2040 2041 2049 2072 2086 2090 2091 2099 2472 2486 
m2349 5 14 46 705 2305 2314 
m1005 32 36 46 49 1832 1849 2332 2336 2346 2349 2482 4332 4336 4836 
m945 6 36 40 43 336 340 1806 1836 1840 1843 2006 2036 2043 2186 2190 2843 
m1586 21 38 46 1921 1946 2321 2346 4846 
m1055 13 38 46 1913 1946 2313 2346 4813 
m439 37 46 4837 
m3251 46 4846 
m834 16 23 36 40 41 46 836 840 841 1186 1190 1191 1841 2023 2036 2040 2041 2046 2066 2073 2086 2090 2091 2096 2316 2336 2340 2341 3666 4823 
m1238 22 23 30 36 40 1122 1123 1130 1136 1172 1173 1180 1186 1190 1522 1523 1530 1536 1540 1822 1823 1830 1840 2022 2023 2030 3673 
m1086 13 20 22 32 36 40 672 686 690 1013 1022 1032 1036 1040 1122 1136 1140 1613 1622 1636 1640 1822 2022 2036 
m308 22 23 1123 1173 3673 
m3183 6 14 23 32 36 314 332 732 1156 1164 1182 1806 1814 1832 3686 
m2430 13 26 38 40 46 690 1313 1346 1913 1926 1938 1946 2313 2340 2346 
m2891 22 36 40 46 49 1136 1140 1146 1149 1822 1836 1840 1846 1849 2022 2036 2040 2046 2049 2322 2336 2340 2346 2349 2486 2490 2496 4346 
m3369 20 40 48 2020 2420 2440 
m1473 36 46 49 1846 1849 2336 2346 2486 2496 4336 4346 4846 
m1063 15 38 46 1915 1938 1946 2315 2338 
m2296 5 36 38 46 49 286 296 299 1836 1846 1849 1905 1936 1938 1946 1949 2346 2349 2455 2486 2496 2499 4836 
m1813 30 36 38 46 1830 1930 1936 1946 2330 2336 2346 4836 
m142 14 40 46 2014 2046 2314 2346 4814 
m2321 38 
m2129 3 
m3232 14 22 23 30 46 49 722 746 1122 1123 1130 1146 1149 1172 1522 1523 1530 2322 2323 2330 2349 2473 2480 3673 4823 4846 
m2655 13 38 1913 1938 
m3318 22 26 33 1122 1126 1133 1676 
m699 22 23 30 46 1122 1123 1130 1146 1180 1523 1530 1546 2330 2346 4823 
m3014 22 46 1122 1146 2322 2346 
m2150 5 32 1605 
m1942 32 36 38 46 49 1632 1636 1649 1849 1932 1936 1946 2332 2336 2349 
m1354 23 30 46 1523 2323 2330 2346 4823 
m950 14 26 38 726 1914 1926 1938 
m1248 17 46 49 896 899 2317 2346 2349 
m233 36 40 41 1836 1840 1841 2036 2040 2041 2086 2090 2091 
m2603 22 36 40 41 1136 1140 1141 1836 1840 1841 2036 2040 2072 2086 2090 2091 4586 
m2320 22 37 39 46 1122 1137 1139 1146 2337 2339 2346 4487 4837 4839 
m1622 36 39 42 1986 2139 4636 
m972 22 23 36 40 41 1122 1123 1136 1140 1141 1173 1186 1190 1823 1836 2022 2023 2036 2040 2041 2072 2073 2086 2090 2091 3686 4323 
m1507 22 23 36 40 41 46 1122 1123 1136 1140 1141 1146 1191 1822 1823 1836 1841 1846 2022 2023 2036 2040 2041 2046 2323 2336 2341 2346 3686 4341 4346 4823 
m1340 14 38 1914 
m275 22 23 30 36 40 45 46 1122 1123 1130 1136 1140 1145 1146 1172 1173 1180 1186 1190 1196 1522 1523 1530 1536 1540 1545 1546 1822 1823 1830 1845 2022 2023 2030 2036 2046 2272 2273 2280 2286 2290 2296 2322 2323 2330 2336 2340 2345 2346 3696 4346 4823 
m1016 5 11 32 36 37 46 286 287 296 555 586 587 596 1605 1611 1636 1637 1646 1855 1861 1886 1887 1896 2305 2311 2332 2336 2337 2346 4337 4837 
m2827 22 30 37 46 1130 1137 1146 1880 2330 4396 
m2747 14 20 38 46 49 720 1914 1946 1949 2320 2464 2470 2496 4814 
m2773 12 14 23 30 41 46 641 723 730 741 1191 1512 1514 1523 1530 1541 2312 2314 2330 2341 3212 3662 4823 
m894 36 46 49 1849 2336 2349 2486 2499 
m443 22 23 30 32 36 46 49 1122 1123 1130 1146 1149 1172 1173 1180 1522 1523 1530 1549 1622 1623 1630 1632 1636 1646 1649 1822 1823 1830 1846 1849 2322 2323 2330 2349 2472 2473 2480 2486 2496 2499 3673 4823 
m1346 14 36 40 46 1814 1836 1840 1846 2014 2036 2040 2046 2314 2336 2346 3236 4346 4814 4836 
m205 6 42 46 2306 2342 2842 
m1087 6 36 43 336 1806 1836 1843 2186 2843 
m214 23 30 36 40 41 49 1190 1523 1530 1540 1541 1823 1830 1836 1840 1841 1849 2073 2080 2090 2473 2480 2486 2490 2491 2499 
m2636 22 23 30 32 36 40 41 49 1140 1182 1199 1523 1530 1532 1536 1549 1823 1830 1832 1849 2022 2023 2030 2032 2036 2040 2072 2090 2482 
m2173 30 36 40 41 1536 1540 1541 1836 1840 1841 2036 2041 2091 4586 
m2795 23 30 36 41 1523 1823 1830 2073 2080 3673 4323 4586 
m1667 22 41 1122 1141 
m468 37 38 39 46 49 1899 1937 1946 1987 1988 1996 1999 2337 2346 2349 4496 4837 
m3363 6 17 23 32 36 856 873 882 886 1156 1182 1606 1636 1806 3686 
m3379 22 23 36 40 41 1122 1123 1136 1140 1141 1172 1173 1186 1822 1823 1836 1840 1841 2022 2023 2036 2040 2041 2072 2073 2086 2090 3673 4586 
m1777 22 30 36 49 1122 1136 1522 
m1048 46 2346 
m1754 22 23 38 46 1122 1123 1138 1146 1172 1922 1923 1938 1946 2322 3696 
m1834 12 14 46 712 2314 2346 3146 3246 4812 
m261 22 36 40 46 49 1146 1822 1840 1846 1849 2036 2046 2049 2322 2340 2472 2496 4846 
m2397 22 26 38 46 1146 1322 1346 1922 1926 1946 2346 
m3335 22 44 46 1146 2222 2244 2246 2322 2344 2346 4846 
m1801 23 36 40 41 46 49 1191 1836 1841 2023 2036 2041 2323 2336 2340 2341 2349 2473 2486 2490 2491 2496 2499 3686 4323 4336 4836 
m1673 22 38 46 49 1122 1138 1146 1149 1922 1938 1946 1949 2322 2346 2349 
m1883 5 32 36 255 282 286 1605 1805 1832 1836 4332 
m1339 23 46 49 2323 2346 2473 2496 4823 
m851 23 26 34 36 46 1176 1184 1186 1196 1726 1746 1826 1846 2326 4334 
m179 13 22 33 36 40 1113 1122 1133 1136 1140 1686 1690 1813 2013 2036 4163 
m2762 30 36 38 46 1536 1546 1838 1930 1936 1946 2338 4346 
m1296 6 43 4656 
m3223 15 27 38 41 45 46 777 1915 1938 1941 1946 2065 2077 2088 2096 2288 2291 2296 2315 2327 2346 
m507 22 46 49 2322 2346 2349 2472 4846 
m707 22 30 32 36 40 41 46 49 1122 1130 1132 1136 1140 1141 1146 1522 1532 1536 1546 1622 1646 1822 1830 1832 1836 1840 1846 1849 2022 2030 2032 2036 2040 2046 2049 2072 2090 2096 2322 2472 2480 2482 2486 2490 2496 4346 4846 
m2156 37 40 46 1890 2037 2040 2046 2337 2340 2346 4396 
m691 8 13 32 33 46 49 408 413 432 433 446 449 682 1682 2313 2332 2333 2463 2482 2483 2496 4163 
m1556 14 36 40 46 740 1814 1836 1840 1846 2014 2036 2040 2046 2314 2340 2346 3246 4314 4346 4836 
m1528 5 14 22 33 36 40 264 272 283 286 290 722 736 740 1122 1136 1140 1672 1686 1690 1822 2022 2036 3233 
m2622 37 40 46 2037 2046 2337 4837 4846 
m1386 
m494 13 37 4363 
m684 46 2346 
m2705 5 23 30 40 46 1155 1180 1505 1523 1530 1546 2005 2023 2030 2040 2046 2305 2323 2330 2340 4846 
m2293 22 23 36 41 1122 1123 1172 1173 1822 1823 2072 2073 3673 4586 
m1641 22 38 46 49 1946 2322 2346 2349 2472 4846 
m937 5 36 46 49 286 296 299 1836 1849 2336 2346 2349 2486 2496 2499 4836 
m330 10 26 32 46 526 532 546 1310 1326 1332 1346 1610 1626 1632 1646 2310 2326 2332 2346 
m503 14 22 36 41 46 714 736 1114 1122 1136 1141 1146 1836 2064 2072 2086 2314 2322 2336 2341 3236 4314 4586 4814 
m1151 46 
m2068 14 22 45 46 722 1114 1145 1146 2264 2272 2296 2314 2322 2345 2346 3246 
m2843 41 
m977 22 23 30 46 1122 1123 1130 1146 1523 1530 1546 2330 2346 3696 4823 
m2816 12 14 46 712 746 2312 2346 3246 4812 
m49 22 23 30 46 1122 1123 1130 1146 1523 1530 1546 2330 2346 3696 4823 
m2168 12 36 45 46 636 645 1845 2312 2336 2345 2346 4812 4836 
m2973 22 37 40 46 1137 1146 2022 2037 2040 2046 2337 2346 4837 
m2566 36 40 46 49 1836 1846 2036 2040 2046 2049 2336 2346 2349 2486 2496 4336 4836 
m3291 22 23 24 40 46 1122 1123 1124 1146 1190 1222 1240 1246 2022 2023 2024 2046 2340 3696 3723 
m1718 5 23 24 40 46 273 274 290 1190 1240 1246 2023 2024 2040 2046 2340 3696 3723 
m1726 36 41 1836 1841 2086 2091 4586 
m521 5 37 46 1855 2305 4837 
m1852 22 23 30 36 40 46 1122 1123 1130 1136 1140 1146 1180 1523 1530 1536 1546 1830 1846 2022 2023 2030 2036 2040 2046 2330 4323 4823 
m2782 22 23 36 41 1122 1123 1136 1822 1823 2072 2073 3673 4323 4586 
m2363 14 38 46 49 746 1914 1946 1949 2464 2496 
m656 17 38 40 46 888 1917 1946 2017 2038 2046 2338 4817 
m2779 13 22 25 46 1113 1125 1146 1263 1296 2313 
m530 46 
m828 22 23 30 46 49 1122 1123 1130 1146 1149 1172 1173 1180 1199 1522 1523 1530 1549 2322 2323 2330 2349 2472 2473 2480 3673 4823 
m2683 27 36 41 46 1386 1391 1396 1841 2336 2341 2346 4836 
m3257 22 30 36 40 41 46 49 1122 1130 1136 1140 1141 1146 1149 1522 1536 1546 1822 1846 2022 2030 2036 2040 2046 2049 2072 2090 2322 2472 2480 2486 2496 4346 4846 
m1593 12 36 46 612 636 646 1812 1836 1846 2312 2336 2346 
m2690 22 40 41 46 1140 1141 2022 2040 2041 2046 2072 2090 2091 2096 2341 
m1656 22 23 30 36 40 46 1122 1123 1130 1136 1140 1146 1172 1173 1180 1186 1190 1522 1523 1530 1536 1540 1546 1823 1840 2022 2023 2030 2036 2040 2046 2322 2330 2336 2340 2346 3696 4823 
m2971 23 32 46 1196 1623 1646 2346 
m3351 36 40 41 46 49 1841 1846 2036 2041 2046 2336 2340 2341 2346 2349 2486 2490 2491 2496 4346 
m993 37 40 46 1890 2037 2046 2340 4396 
m1647 22 23 1122 1123 1173 3673 
m3030 14 38 40 738 1914 1938 1940 2014 2038 2040 
m3013 14 45 46 49 2264 2296 2299 2314 2346 2464 2496 4814 
m1617 22 46 2322 2346 
m2330 36 49 1836 1849 2499 
m135 22 46 1146 
m2154 37 40 46 1890 2037 2040 2046 2337 2340 2346 4396 
m77 8 23 30 38 46 423 430 1173 1180 1508 1523 1908 1923 1930 1946 2308 2323 2330 3673 
m2886 22 30 36 41 45 1130 1536 1541 2272 2280 4586 
m615 22 26 38 46 1146 1322 1346 1922 1926 1946 2346 
m2651 30 36 38 1530 1538 1838 1930 1936 1938 4036 4330 
m1674 45 46 2296 2345 2346 
m1919 36 43 49 1849 2186 2199 
m2437 14 46 714 746 2314 2346 4814 
m1286 5 15 38 40 46 755 1905 1915 1938 1940 1946 2005 2015 2038 2040 2046 2305 2315 2346 4815 
m1301 23 30 36 40 49 1180 1199 1549 1823 1830 1836 1840 1849 2023 2030 2036 2040 2049 2473 2480 2486 2490 
m1925 23 41 1191 2073 3673 
m2649 23 30 36 40 41 49 1186 1190 1199 1523 1530 1536 1540 1549 1823 1836 1840 1849 2073 2080 2086 2090 2099 2490 3686 4336 
m830 22 30 38 46 1130 1146 1922 1930 1946 2322 2330 2346 
m3048 12 22 23 27 30 41 46 641 1112 1123 1127 1130 1141 1146 1173 1191 1362 1372 1373 1380 1391 1512 1522 1523 1527 1530 1541 2062 2072 2073 2077 2080 2091 2312 2322 2323 2327 2330 2341 3123 3662 4823 
m1247 36 46 49 1849 2346 2349 2486 2499 4836 
m3219 22 23 30 46 1123 1130 1146 1180 1523 1530 1546 2330 4823 
m2757 5 13 22 33 36 40 263 272 283 286 290 672 686 690 1113 1122 1133 1136 1140 1672 1686 1690 1822 2022 2036 3183 
m2689 46 
m1040 22 23 30 36 41 1122 1123 1130 1136 1141 1172 1173 1180 1523 1822 1823 2072 2073 3673 4586 
m1469 22 23 36 41 1122 1123 1172 1173 1822 1823 1841 2072 2073 2091 3673 4586 
m2921 5 17 41 46 255 867 891 2091 2317 2341 2346 4817 
m3189 13 20 22 32 36 40 46 672 686 690 1013 1022 1032 1036 1040 1122 1136 1140 1613 1622 1636 1640 1822 2022 2036 2313 2320 2322 2332 2336 2340 
m1108 22 36 37 40 46 1122 1136 1137 1140 1146 1822 1837 1840 1846 1890 2022 2036 2037 2040 2046 2337 2340 2346 4346 4837 
m1029 44 46 2246 2344 2346 4846 
m1204 30 41 46 2080 2330 2341 2346 
m188 23 26 30 46 1176 1323 1326 1330 1346 1523 1526 1546 2326 2330 2346 3696 4823 4846 
m2899 5 32 36 38 46 49 282 286 288 296 1632 1638 1646 1838 1846 1932 1936 1938 1946 2332 2338 2346 2455 2482 2486 2488 2496 4136 4332 4836 
m3118 22 23 49 1122 1123 1173 1199 2473 3673 
m3209 22 40 46 49 2040 2046 2322 2346 2490 2496 
m1791 22 36 40 46 1122 1136 1140 1146 1836 1840 2022 2036 2040 2046 2322 2336 2340 2346 4836 
m580 22 36 40 41 1136 1141 1836 1840 2036 2086 2090 4586 
m1496 23 30 46 1523 1530 1546 2346 3696 4823 
m1383 14 36 40 46 740 746 1814 1840 1846 2014 2036 2040 2046 2314 2340 2346 3214 3246 4346 4814 
m2619 22 36 40 41 1136 1140 1141 1836 1841 2036 2041 2086 2090 2091 4586 
m766 22 36 40 46 1136 1140 1146 1840 2336 2340 4336 4836 
m2801 22 37 46 49 1137 1146 1899 2346 2349 2496 4396 4837 
m1893 5 13 22 33 36 40 263 272 283 286 290 672 686 690 1122 1136 1140 1672 1686 1690 1822 2022 2036 3183 
m298 22 23 46 1122 1123 1146 1196 2323 3673 
m1388 13 22 45 695 1113 1122 1145 
m2118 45 
m3052 30 46 49 1530 1549 2330 2346 2349 
m1290 36 38 40 41 46 1840 1846 1936 1938 1940 1941 1946 2036 2038 2040 2041 2046 2090 2096 2340 2346 4346 4586 
m479 22 23 36 40 41 1122 1123 1136 1140 1173 1186 1190 1823 1836 2022 2023 2036 2040 2072 2073 2086 2090 2091 3686 4323 
m3159 22 36 40 46 48 1136 1140 1146 1822 1836 1840 1846 2022 2036 2040 2046 2048 2322 2336 2340 2346 2348 2422 2436 2440 2446 4346 4836 
m78 11 23 30 41 1161 1173 1180 1511 1523 1530 2061 2073 2080 3673 
m3408 5 13 14 38 46 655 705 746 1913 1914 1946 2305 2313 3213 
m3286 22 36 40 46 1146 1822 1846 2022 2036 2040 2046 2346 4346 
m2274 22 46 1122 1146 2346 
m2596 22 23 36 37 40 41 1122 1123 1136 1137 1140 1141 1823 1836 1873 1886 1890 2023 2036 2073 2086 2087 2090 3673 4323 4373 4586 
m3134 13 22 672 1113 1122 
m103 23 30 40 46 1180 2023 2030 2046 2330 2346 4823 
m1391 22 36 40 41 46 1136 1140 1141 1146 1822 1836 1841 2022 2036 2041 2046 2072 2086 2090 2091 2096 2322 2336 2340 2341 2346 4346 4586 4836 
m3400 22 23 30 1122 1123 1130 1172 1173 1180 1522 1523 1530 
m1218 14 40 46 2014 2040 2046 2314 2346 4814 
m1915 
m134 14 32 46 714 732 746 1614 1646 4814 
m27 32 37 1882 
m1167 22 23 30 41 1123 1130 1141 1522 1523 2073 2080 3673 
m1891 8 408 
m2007 22 38 45 46 1138 1145 1146 1938 1945 1946 2345 
m297 5 36 38 46 49 255 286 288 296 299 1805 1836 1838 1846 1849 1905 1936 1946 2346 2349 2486 2499 4836 
m408 6 14 32 36 49 706 714 732 736 749 1606 1636 1806 2456 2482 2486 
m418 22 46 1146 2322 2346 
m150 26 38 46 1338 1346 2338 2346 
m2164 30 46 2330 2346 
m3121 12 22 36 46 622 636 646 1136 1812 1836 1846 2322 2336 2346 4336 4812 4836 
m2771 27 46 49 2327 2346 2477 2496 
m994 13 16 22 36 40 672 686 690 822 836 840 1113 1116 1122 1136 1140 1822 2022 2036 3166 
m2925 32 36 38 46 49 1632 1636 1649 1849 1932 1936 1938 1946 1949 2332 2336 2338 2346 2349 
m3225 15 22 27 38 46 777 1115 1127 1146 1915 1922 1938 1946 2315 2327 2346 
m1569 22 23 30 39 46 1123 1130 1139 1146 1172 1173 1180 1189 1196 1522 1523 1539 1546 1972 1973 1980 1989 1996 2322 2323 2330 2339 2346 3689 3696 4473 4496 4823 
m677 22 23 36 40 41 46 1122 1136 1140 1141 1186 1190 1191 1196 1823 1836 1840 1841 1846 2023 2036 2040 2041 2046 2072 2073 2086 2090 2091 2096 2336 2340 2341 3686 
m431 13 22 33 36 40 1113 1122 1133 1136 1140 1813 1822 1833 1840 2013 2022 2033 4163 
m757 22 23 36 40 41 1122 1123 1136 1140 1141 1173 1186 1190 1823 1836 1840 1841 2022 2023 2036 2040 2041 2072 2073 2086 2090 2091 3686 4323 
m976 5 13 22 33 36 40 263 272 283 286 290 672 686 690 1113 1122 1133 1136 1140 1672 1686 1690 1822 2022 2036 2040 3183 
m3045 13 32 36 40 41 686 690 691 1613 1636 1641 1841 2036 2041 2063 2082 2086 2090 2091 
m3352 23 36 41 1186 2073 3673 4323 4586 
m2261 13 16 27 32 46 677 827 1613 1616 1627 2313 2316 2327 2332 3166 
m2635 37 38 41 46 1937 1938 1941 1946 2087 2096 4837 
m2064 37 46 49 1899 2346 2349 4396 4837 
m2162 23 36 38 40 41 46 1823 1838 1841 1923 1941 1946 2023 2036 2038 2040 2041 2046 2073 2323 2341 4346 
m1019 28 
m1601 36 37 40 46 1840 1886 1890 2036 2037 2046 2340 4346 4396 
m2605 22 26 44 46 1146 1322 1344 1346 2344 2346 4846 
m3038 22 23 30 36 40 46 1122 1123 1130 1136 1140 1146 1172 1173 1180 1186 1190 1522 1523 1530 1536 1540 1546 1823 1840 2022 2023 2030 2036 2040 2046 2322 2323 2330 2336 2340 2346 3696 4823 
m1159 23 38 45 1923 2273 2288 
m1978 46 2346 
m3126 36 38 40 46 1840 1846 1936 1940 1946 2036 2038 2040 2046 2336 2338 2340 2346 
m1721 22 23 24 38 40 46 1123 1146 1190 1222 1240 1246 1923 1924 1938 1940 1946 2022 2023 2024 2040 2046 2340 3696 3723 
m525 36 40 49 1836 1840 1849 2036 2040 2049 2486 2490 
m1947 21 26 45 46 1321 1345 1346 2271 2321 2345 
m3354 22 37 46 1122 1137 1146 4837 
m1701 22 37 40 46 1122 1137 1146 2022 2037 2040 2046 2322 2337 2346 4837 
m2454 37 38 46 1888 2338 2346 4396 4837 
m3324 22 23 30 36 40 46 1122 1123 1130 1136 1140 1146 1172 1173 1522 1523 1530 1540 1546 1822 1823 1830 1840 1846 2022 2023 2030 2036 2040 2046 2322 2323 2330 2340 2346 3696 4823 
m159 22 32 46 1122 1132 1146 1632 2322 2332 2346 
m3164 13 22 33 36 40 672 686 690 1113 1133 1136 1140 1672 1686 1690 1822 2022 2036 3183 
m3420 22 23 36 38 41 1122 1123 1136 1141 1172 1822 1823 1922 1923 1936 1941 2072 2073 2086 2088 2091 3673 4323 4586 
m368 22 37 40 46 1137 1140 1146 1890 2022 2037 2046 2322 2337 2340 2346 4396 
m3128 32 40 45 46 1646 2032 2045 2046 2282 2296 
m1231 14 22 46 714 746 1114 1146 2314 2346 3246 4814 
m3210 22 23 30 36 40 41 1122 1123 1130 1136 1140 1173 1522 1523 1536 1822 1823 1830 1836 2022 2023 2030 2036 2072 2073 2080 2086 2090 2091 3673 4323 4586 
m1460 22 23 30 36 40 41 1122 1123 1130 1136 1140 1141 1173 1522 1523 1536 1822 1823 1830 1836 2022 2023 2030 2036 2072 2073 2080 2086 2090 2091 3673 4323 4586 
m3484 13 22 36 37 40 672 686 690 1113 1122 1136 1137 1140 1822 1872 1886 1890 2022 2036 3187 
m385 13 22 36 40 672 686 690 1822 1840 2022 2036 2040 4336 
m1358 22 23 30 36 40 41 1123 1136 1140 1141 1173 1180 1823 1830 1836 1840 1841 2023 2036 2040 2041 2073 2080 3673 4586 
m1955 14 32 49 732 2464 
m3393 22 23 36 37 40 1122 1123 1136 1137 1140 1172 1173 1823 1837 1840 1872 1873 2023 2036 2037 2040 3673 
m1749 23 36 41 49 1191 1823 1836 1841 1849 2473 2486 2491 3686 4323 4336 4341 
m685 23 30 36 41 1173 1523 1823 1830 2073 2080 3673 4323 4586 
m1398 22 23 30 36 40 46 1122 1123 1130 1136 1140 1146 1172 1173 1522 1523 1530 1540 1546 1822 1823 1830 1840 1846 2022 2023 2030 2036 2040 2046 2322 2323 2330 2340 2346 3696 4823 
m3477 13 33 38 1913 1933 1938 4163 
m3440 37 40 46 1890 2037 2040 2046 2337 2340 2346 4396 
m907 26 36 37 46 49 1336 1337 1346 1349 1837 1846 1849 2476 2486 2487 2496 2499 4837 
m777 12 30 36 46 49 1512 1530 1546 1812 1830 1836 1846 1849 2346 2480 2496 2499 4812 
m2450 5 23 30 46 273 280 296 1180 1505 1523 1530 1546 2305 2323 2330 2346 4823 
m1598 22 23 46 49 1122 1123 1146 1149 1196 1199 2322 2323 2346 2349 4846 
m1710 22 36 41 1122 1136 1141 1822 2072 2086 2091 4586 
m2839 14 714 
m117 22 23 30 41 46 1122 1123 1130 1141 1146 1172 1173 1180 1191 1196 1522 1523 1530 1541 1546 2072 2073 2080 2322 2323 2330 2341 2346 3673 3696 4823 
m2017 5 13 33 46 263 283 296 696 2305 2313 2333 2346 3183 
m3158 22 41 46 1122 1141 1146 2341 
m604 36 46 49 2486 2496 4836 4846 
m1379 
m1021 30 38 1930 1938 
m2014 23 30 44 46 1194 1523 1544 2330 2344 2346 4823 
m1996 38 46 1938 1946 2338 2346 
m3106 13 38 1913 1938 
