m368 20 22 36 41 1022 1120 1122 1136 1141 1820 1822 2070 2072 4586 
m452 41 44 45 2241 2245 2291 
m122 14 22 36 41 46 714 736 1114 1122 1136 1141 1146 1836 2064 2072 2086 2314 2322 2336 2341 3236 4314 4586 4814 
m125 13 22 45 695 1113 1122 1145 
m179 27 32 1382 
m56 13 22 32 36 40 672 686 690 1113 1122 1136 1140 1613 1622 1636 1822 2022 2036 
m230 34 36 1734 1736 1834 1836 4236 4334 
m369 22 23 30 36 41 46 1122 1123 1136 1191 1522 1523 1536 1541 1841 2322 2323 2330 2336 3686 
m112 22 23 45 1123 1173 1195 3673 
m441 23 36 1186 
m249 36 
m311 36 37 49 1836 1837 1849 2486 2487 2499 
m352 22 23 46 1122 1123 1146 1196 2323 3673 
m95 22 23 36 37 40 1122 1123 1136 1137 1140 1172 1173 1822 1823 1836 1837 1840 1872 1873 1886 1890 2022 2023 2036 2037 2040 3673 
m335 36 37 40 46 49 1886 1890 2036 2037 2046 2337 
m66 22 40 46 1146 2046 2322 2340 2346 
m141 14 22 40 46 1140 1146 2040 2046 2314 2346 4814 4846 
m61 22 46 1122 1146 
m411 32 36 46 1632 1636 1646 1832 1836 1846 2332 2346 4332 4846 
m398 22 23 36 40 41 1122 1123 1136 1140 1173 1822 1823 1836 2022 2023 2036 2072 2073 2086 2090 3673 4323 4586 
m225 30 38 40 45 46 1930 2038 2045 2046 2280 2288 2296 2330 2338 
m227 22 32 36 37 40 1122 1136 1137 1140 1622 1636 1637 1822 1872 1886 1890 2022 2036 
m90 11 32 561 582 
m193 22 23 30 40 41 1140 1190 1523 1530 1540 2023 2030 2090 
m434 
m234 22 23 36 40 46 1122 1123 1136 1146 1172 1822 1823 1836 2022 2023 2036 2040 2046 2322 2323 4323 4346 4836 
m329 22 40 1122 1140 
m401 12 22 23 36 40 41 46 49 636 640 641 646 1123 1136 1141 1146 1149 1812 1836 1840 1841 1846 1849 2041 2046 2073 2086 2090 2091 2096 2099 2322 2323 2336 2341 2349 2462 2472 2473 2486 2491 2496 4323 4336 4812 4836 
m349 22 36 40 46 49 1822 1836 1840 1846 1849 2022 2036 2040 2046 2049 2322 2336 2340 2346 2349 2486 2490 2496 4346 
m161 12 14 46 712 2314 2346 3146 3246 4812 
m50 
m196 22 23 30 36 40 45 1123 1130 1136 1145 1523 1830 2022 2023 2030 2036 2045 2273 2280 2286 4323 
m59 22 23 30 36 40 46 1122 1123 1130 1136 1140 1146 1172 1173 1522 1523 1530 1540 1546 1822 1823 1830 1840 1846 2022 2023 2030 2036 2040 2046 2322 2323 2330 2340 2346 3696 4823 
m73 22 23 36 40 41 46 49 1123 1136 1140 1141 1146 1191 1822 1823 1836 1840 1841 1849 2022 2023 2036 2040 2041 2046 2072 2073 2086 2090 2091 2322 2323 2336 2340 2341 2349 2472 2473 2486 2490 2491 4323 4336 4346 4836 
m356 22 30 39 1139 1980 
m334 22 23 30 1122 1123 1130 1180 1522 1523 1530 
m171 22 36 40 41 1136 1141 1836 1840 2036 4586 
m423 22 23 30 32 36 40 46 1122 1123 1130 1132 1136 1140 1146 1172 1173 1522 1523 1530 1532 1540 1546 1623 1630 1646 1822 1823 1830 1832 1840 1846 2022 2023 2030 2032 2036 2040 2046 2322 2323 2330 2332 2340 2346 3696 4823 
m440 22 23 37 1122 1123 1172 1173 1872 1873 3673 
m176 29 36 49 1829 1836 2486 4336 
m220 5 13 22 33 36 40 263 272 283 286 290 672 686 690 1122 1136 1140 1672 1686 1690 1822 2022 2036 3183 
m191 
m130 22 36 40 41 1136 1140 1141 1841 2036 2041 4336 4586 
m384 13 22 32 36 38 40 672 686 690 1113 1122 1136 1140 1613 1622 1636 1822 1913 1922 1932 1936 2022 2036 
m169 28 
m279 23 26 30 46 1180 1323 1326 1330 1346 1523 1530 2330 2346 4823 
m320 23 38 45 1923 2273 2288 
m174 22 23 38 1123 1138 1923 
m255 32 36 46 1636 2332 2336 2346 4332 4336 4836 
m383 36 46 2336 
m114 22 23 30 32 36 40 46 1122 1123 1130 1132 1136 1140 1146 1172 1173 1523 1530 1546 1622 1623 1630 1640 1646 1822 1823 1830 1832 1840 1846 2022 2023 2030 2032 2036 2040 2046 2322 2323 2330 2332 2336 2340 2346 3696 4823 
m23 37 49 1899 2487 
m302 23 38 1173 1188 1923 
m219 22 30 36 41 1122 1130 1136 1530 1536 1541 1830 2080 4586 
m211 23 30 36 41 1180 1186 1830 2073 2080 3673 3686 4323 4586 
m135 22 23 30 36 40 41 1122 1123 1130 1136 1173 1522 1523 1536 1822 1823 1830 1836 2022 2023 2030 2036 2072 2073 2080 2086 2090 2091 3673 4323 4586 
m439 22 23 30 36 40 46 1122 1123 1130 1136 1140 1146 1172 1173 1180 1186 1190 1522 1523 1530 1536 1540 1546 1823 1840 2022 2023 2030 2036 2040 2046 2322 2330 2336 2340 2346 3696 4823 
m186 14 32 36 46 746 1614 1632 1636 1646 1814 1832 1836 1846 2314 2332 2336 2346 4332 
m138 36 
m91 22 23 41 1122 1123 1173 2072 2073 3673 
m458 13 17 45 46 49 2295 2296 2313 2317 2349 2463 2467 3363 
m409 16 22 36 40 822 836 840 1116 1122 1136 1140 1822 2022 2036 
m246 22 23 30 40 46 1122 1123 1130 1140 1146 1172 1173 1180 1190 1196 1522 1523 1530 1546 2022 2023 2030 2046 2330 2346 3696 4823 
m250 23 41 1191 2073 3673 
m124 22 23 30 41 1122 1123 1130 1172 1173 1180 1522 1523 1530 2072 2073 2080 3673 
m139 22 44 46 1146 2246 2344 2346 4846 
m312 22 23 36 40 41 1123 1141 1173 1186 1190 1823 1836 2023 2036 2040 2072 2073 2086 2090 2091 3686 4323 
m30 22 23 24 40 45 46 1122 1145 1172 1190 1195 1240 1245 1246 2022 2023 2024 2040 2045 2046 2272 2295 2322 2340 2345 3696 3723 
m340 14 45 46 2264 2296 2314 2346 4814 
m321 30 32 36 46 1630 1830 1846 2330 2332 4332 
m373 32 34 38 46 1632 1646 1732 1734 1746 1932 1934 1946 2332 
m37 22 23 30 36 40 46 49 1122 1123 1130 1136 1140 1146 1149 1172 1173 1180 1186 1190 1199 1522 1523 1530 1536 1540 1546 1549 1823 1840 2022 2023 2030 2036 2040 2046 2322 2330 2336 2340 2346 2472 2473 2480 2486 2496 3696 4823 
m366 36 46 4836 
m156 13 20 22 33 36 38 40 688 1013 1022 1036 1040 1113 1133 1136 1140 1688 1813 1822 1833 1838 1840 2013 2033 2036 3183 3536 4336 
m111 36 37 40 1836 1837 1840 2036 2037 2040 
m442 11 13 33 661 1661 4163 
m102 22 23 37 1123 1137 1172 1173 1187 1873 3673 
m143 13 22 41 691 1113 1122 1141 
m29 22 36 41 49 1122 1136 1141 1149 1841 1849 2486 2491 4336 
m47 13 22 36 38 40 1113 1122 1136 1138 1140 1813 1840 1913 1936 1940 2013 
m101 14 22 32 732 1114 1132 
m183 27 32 1382 
m432 22 23 36 40 41 46 49 1123 1136 1141 1146 1191 1822 1823 1836 1840 1841 1849 2022 2023 2036 2040 2041 2046 2072 2073 2086 2090 2091 2322 2323 2336 2340 2341 2349 2472 2473 2486 2490 2491 4323 4336 4346 4836 
m88 13 33 40 690 1690 4163 
m397 12 14 46 712 2314 2346 3146 3246 4812 
m181 23 30 36 40 41 1173 1180 1186 1190 1523 1530 1536 1540 1823 1830 1836 1840 2023 2030 2036 2040 2073 2080 2086 2090 3673 4323 
m390 12 14 46 712 2314 2346 3146 3246 4812 
m86 22 23 30 1122 1123 1130 1522 1523 
m278 14 32 49 732 2464 
m105 36 38 40 41 1841 1941 2036 2041 2086 2090 2091 
m39 22 36 40 46 1136 1146 1840 2336 4336 4836 
m371 22 23 30 36 40 41 1122 1123 1130 1136 1140 1173 1522 1523 1536 1822 1823 1830 1836 2022 2023 2030 2036 2072 2073 2080 2086 2090 2091 3673 4323 4586 
m212 18 45 945 2295 
m53 14 22 40 46 722 2014 2046 2314 2322 2346 4814 
m3 
m304 22 23 36 37 40 1122 1123 1136 1137 1140 1172 1173 1822 1823 1836 1837 1840 1873 2022 2023 2036 2037 2040 3673 
m67 22 36 38 40 41 46 1136 1141 1836 1840 1841 1940 1941 1946 2022 2036 2038 2041 2046 2086 2090 2091 2322 2336 2341 4586 
m153 22 23 30 36 40 41 46 1122 1123 1130 1136 1140 1141 1146 1180 1522 1523 1536 1540 1546 1822 1823 1830 1836 1840 1841 1846 2022 2023 2030 2036 2040 2041 2046 2072 2086 2090 2322 2323 2330 2340 4823 4846 
m364 38 49 1938 1949 
m154 22 23 30 41 46 1123 1130 1146 1172 1522 1523 1530 1546 2072 2073 2080 2096 2322 3696 
m353 22 23 30 36 40 41 46 1122 1123 1130 1136 1140 1141 1146 1180 1522 1523 1536 1540 1546 1822 1823 1830 1836 1840 1846 2022 2023 2030 2036 2040 2046 2072 2086 2090 2322 2323 2330 2340 4823 4846 
m5 34 46 2334 
m387 36 
m117 22 23 30 36 40 46 49 1122 1123 1130 1136 1140 1146 1149 1172 1173 1522 1523 1530 1540 1546 1822 1823 1830 1840 1846 2022 2023 2030 2036 2040 2046 2322 2323 2330 2336 2340 2346 2349 2486 2490 2496 3696 4823 
m136 36 49 1836 1849 2486 2499 
m93 13 22 33 36 40 686 690 1113 1133 1686 1690 1840 3183 
m162 13 22 36 45 46 1113 1136 2295 2296 2313 2322 2336 3186 
m399 22 23 36 40 41 1122 1123 1136 1140 1141 1173 1822 1823 1836 2022 2023 2036 2072 2073 2086 2090 2091 3673 4323 4586 
m45 38 46 1938 1946 
m260 45 
m367 22 23 30 36 40 41 1122 1123 1130 1136 1173 1522 1523 1536 1822 1823 1830 1836 2022 2023 2030 2036 2072 2073 2080 2086 2090 2091 3673 4323 4586 
m316 5 13 33 655 1655 4163 
m285 36 46 49 1849 2336 2346 2349 2486 2496 4336 4836 
m291 23 38 45 1923 2273 2288 
m345 22 23 30 41 1123 1141 1172 1173 1191 1522 1523 1541 2073 2080 2091 3673 
m281 22 23 30 36 40 41 1122 1123 1130 1136 1140 1172 1180 1186 1522 1523 1536 1822 2023 2030 2036 2072 2073 2080 2086 2090 3673 4323 
m167 23 36 40 46 49 1186 1196 1836 1846 2023 2036 2046 2323 2473 2486 2490 2496 3673 4323 4836 
m33 23 36 3686 
m164 13 22 40 45 46 1122 1140 1145 1146 2013 2040 2046 2272 2290 2313 2346 3196 
m109 12 13 20 22 32 36 40 49 632 682 699 1013 1022 1036 1040 1112 1113 1122 1136 1140 1812 1813 1832 1836 1840 1849 2012 2013 2032 2036 2049 2462 2482 2486 3136 3162 3186 
m57 32 40 45 46 1646 2032 2045 2046 2282 2296 
m422 22 30 36 40 41 1122 1130 1136 1141 1522 1541 1840 2036 2040 2086 2090 
m195 30 36 37 40 46 1536 1537 1540 1546 1837 1840 1846 2037 2046 2340 4396 
m289 22 23 37 41 1122 1123 1137 1141 1172 1173 1873 2072 2073 2087 3673 
m146 22 23 27 30 36 40 46 49 1122 1123 1130 1136 1140 1146 1149 1172 1173 1180 1186 1190 1199 1372 1373 1380 1386 1396 1522 1523 1530 1536 1540 1546 1549 1822 1823 1830 1836 1840 1846 1849 2022 2023 2027 2030 2036 2040 2046 2322 2327 2330 2336 2340 2346 2349 2472 2473 2480 2486 2496 3696 4823 
m426 14 38 40 738 1914 1938 1940 2014 2038 2040 
m209 22 37 39 46 1122 1139 1146 2337 2339 2346 4487 4837 4839 
m24 14 22 36 40 46 1114 1136 1140 1146 1814 1846 2014 2036 2046 2346 4346 4814 
m437 13 32 36 40 41 686 690 691 1613 1641 1841 2036 2041 2063 2082 2086 2090 2091 
m158 22 23 30 46 1122 1123 1130 1146 1172 1173 1180 1196 1522 1523 1530 1546 2322 2323 2330 2346 3696 4823 
m417 44 46 2246 2344 2346 4846 
m454 28 36 1828 1836 
m294 22 23 36 40 41 46 1122 1136 1140 1141 1186 1190 1196 1823 1836 1840 1841 1846 2023 2036 2040 2041 2046 2072 2073 2086 2090 2091 2096 2336 2340 2341 3686 
m52 22 23 36 40 49 1122 1123 1136 1140 1149 1172 1173 1186 1190 1199 1840 2022 2023 2036 2040 2049 2473 2486 3673 3686 4323 
m404 22 36 40 41 1822 1840 2022 2036 2086 2090 4336 4586 
m300 33 45 1695 
m8 13 33 4163 
m288 22 23 30 36 40 41 46 1122 1123 1130 1136 1140 1141 1146 1191 1522 1523 1530 1536 1540 1541 1546 1822 1836 1840 1841 1846 2022 2023 2030 2036 2040 2046 2072 2086 2090 2091 2341 3696 4323 
m393 20 40 48 1040 2040 2420 
m221 36 49 1836 1849 2499 
m120 13 20 22 32 36 40 46 672 686 690 1013 1022 1032 1036 1122 1136 1140 1613 1622 1636 1822 2022 2036 2313 2320 2332 
m370 22 23 37 1122 1123 1172 1173 1872 1873 3673 
m75 23 36 38 49 1186 1923 1936 1938 1949 2473 2486 
m217 17 38 46 888 2317 2338 2346 3396 
m238 12 13 22 36 40 622 636 640 672 686 690 1112 1113 1122 1136 1140 1822 2022 2036 3162 
m272 41 2091 
m453 23 27 30 36 40 49 1173 1177 1180 1186 1190 1199 1373 1380 1386 1523 1527 1530 1536 1540 1549 1823 1827 1830 1836 1849 2023 2027 2030 2036 2049 2473 2477 2480 2486 3686 4336 
m150 14 40 46 2014 2046 2314 2346 4814 
m10 12 14 46 712 2312 2314 2346 3146 3246 4812 
m268 22 26 33 1122 1133 1676 
m7 5 13 22 263 272 1105 1113 1122 
m222 22 36 37 40 46 1122 1136 1140 1146 1822 1836 1837 1840 1846 1872 1896 2022 2036 2037 2040 2046 2322 2337 2346 4387 4396 4837 4846 
m84 
m207 22 36 41 49 1122 1136 1141 1849 2072 2086 2099 4336 
m274 23 36 1173 1186 1823 1836 3673 3686 4323 
m127 22 30 36 37 40 1130 1136 1137 1140 1536 1537 2030 2036 2037 4337 
m357 32 38 45 46 49 1638 1646 1938 1946 2282 2288 2296 2332 2338 2346 2349 
m145 12 22 36 40 46 49 636 1136 1146 1812 1836 1846 2022 2036 2040 2046 2312 2336 2346 2349 2462 2486 2496 3136 4336 4812 4836 
m305 23 30 36 41 1173 1523 1823 1830 2073 2080 3673 4323 4586 
m363 33 41 48 1691 2433 2441 
m402 36 49 1836 1849 2499 
m239 22 36 37 40 46 1136 1137 1140 1146 1837 1840 1846 1890 2022 2036 2037 2040 2046 2336 2340 2346 4336 4346 4396 4837 
m297 22 40 41 46 1122 1146 2022 2040 2046 2340 
m374 22 23 27 41 45 1122 1123 1127 1141 1195 1372 1391 2073 2095 
m94 32 37 1632 1637 1882 
m444 23 30 36 40 41 49 1186 1190 1199 1523 1530 1536 1549 1836 1840 1849 2073 2080 2086 2490 3686 4336 
m315 
m201 22 23 30 36 40 41 1122 1123 1130 1136 1140 1141 1173 1522 1523 1536 1822 1823 1830 1836 2022 2023 2030 2036 2072 2073 2080 2086 2090 2091 3673 4323 4586 
m424 23 36 40 1190 1840 3686 4336 
m175 23 38 45 1923 2273 2288 
m427 14 22 23 30 40 45 46 714 746 1114 1145 1146 1164 1172 1190 1195 1196 1514 1522 1523 1530 1540 1545 1546 2014 2022 2023 2030 2040 2045 2046 2264 2296 2314 3664 
m28 37 45 46 1895 2337 2345 2346 4396 
m62 22 23 30 46 1122 1123 1130 1146 1523 1530 1546 2330 2346 3696 4823 
m325 36 49 1836 1849 2499 
m100 12 14 46 712 2314 2346 3146 3246 4812 
m435 11 13 33 661 1661 4163 
m347 5 7 13 22 257 263 272 363 372 1107 1113 1122 
m307 46 
m336 22 23 36 37 40 1122 1123 1136 1137 1140 1172 1173 1822 1823 1837 1840 1873 2023 2036 2037 2040 3673 
m419 22 44 46 1146 2246 2344 2346 4846 
m292 23 36 37 40 41 1173 1186 1187 1190 1823 1873 1886 1890 2023 2036 2073 2087 3673 4323 
m293 22 23 37 41 1123 1172 1173 1187 1191 1872 1873 2072 2073 2087 2091 3673 
m461 36 40 46 49 1836 1846 1849 2036 2040 2046 2049 2336 2340 2346 2349 4346 4836 4846 
m375 14 33 46 1664 1696 2314 2346 4196 4814 
m354 11 13 22 33 36 40 661 1113 1122 1133 1136 1140 1661 1813 1833 1840 2013 2033 4163 
m381 21 36 38 45 1095 1845 1921 1936 1945 3586 
m290 23 38 45 1923 2273 2288 
m107 22 23 27 30 36 40 49 1123 1130 1136 1172 1173 1177 1180 1186 1190 1199 1372 1373 1380 1386 1522 1523 1527 1530 1536 1540 1549 1822 1823 1827 1830 1836 1849 2023 2027 2030 2036 2049 2472 2473 2477 2480 2486 3686 4336 
m299 22 23 30 36 40 46 1122 1123 1130 1136 1140 1146 1180 1522 1523 1536 1540 1546 1822 1823 1830 1836 1840 1846 2022 2023 2030 2036 2040 2046 2322 2323 2330 2340 4823 4846 
m372 23 36 40 46 49 1199 1823 1836 1846 1849 2023 2036 2040 2046 2336 2346 2349 3686 4346 4823 4836 
m420 22 23 36 40 46 1122 1123 1136 1140 1146 1186 1190 1196 1822 1836 2036 2040 2046 2322 3686 4346 
m80 32 33 36 1632 1633 1636 1683 1686 1833 1836 4136 4186 4333 4336 
m359 22 23 30 36 40 41 46 49 1122 1123 1136 1140 1146 1149 1172 1173 1190 1191 1522 1523 1530 1536 1540 1546 1822 1823 1830 1836 1840 1841 1846 2022 2023 2030 2036 2040 2046 2049 2322 2323 2330 2336 2340 2341 2346 2473 2480 2486 2490 2496 3696 4823 
m309 13 36 38 40 1813 1913 1936 1940 2013 2036 
m32 22 23 30 36 40 41 46 49 1122 1123 1130 1136 1140 1146 1172 1173 1186 1190 1191 1199 1522 1523 1530 1536 1540 1541 1546 1549 1822 1823 1830 1836 1840 1841 1846 2022 2023 2030 2036 2040 2041 2046 2049 2072 2073 2086 2090 2096 2099 2330 2336 2340 2341 2472 2473 2486 2496 3696 4823 
m204 14 36 40 46 1814 1836 1846 2014 2036 2040 2046 2336 2346 4314 4346 4814 
m425 22 23 1122 1123 1173 3673 
m115 13 37 4363 
m178 13 22 33 36 40 1113 1122 1133 1136 1140 1686 1690 1813 2013 2036 4163 
m134 22 23 1122 1123 1173 3673 
m188 14 32 38 40 41 46 738 741 746 1614 1638 1646 1941 1946 2090 2340 2341 
m413 22 23 30 36 40 41 1122 1123 1130 1136 1140 1141 1180 1186 1190 1522 1536 1540 1822 1830 1836 1840 1841 2022 2023 2030 2036 2041 2080 2086 
m155 10 38 1910 1938 
m282 22 23 30 36 40 41 1122 1123 1130 1136 1140 1141 1172 1173 1186 1190 1191 1523 1536 1541 1840 1841 2023 2036 2041 2072 2073 2086 2090 2091 3673 3686 4323 4336 4586 
m245 22 30 36 1522 1536 1822 
m108 38 49 1938 1949 2488 
m456 38 1938 
m446 22 36 37 40 1122 1136 1137 1140 1822 1872 1886 1890 2022 2036 
m351 
m235 22 23 36 40 46 1122 1123 1136 1140 1146 1196 1823 1836 2022 2023 2036 2040 2046 3686 4346 4836 
m343 22 48 1122 
m65 22 40 46 1146 2046 2322 2346 
m303 36 49 1836 1849 2499 
m410 22 23 30 36 37 40 46 49 1123 1130 1136 1137 1140 1146 1180 1523 1546 1822 1823 1830 1836 1837 1840 1846 1872 1873 1880 1886 1890 1896 2022 2023 2030 2036 2037 2046 2330 2346 2472 2480 2486 2487 2490 2496 4396 4823 
m78 3 22 23 36 40 41 46 172 186 190 1122 1136 1140 1146 1191 1822 1823 1836 1840 1846 2022 2023 2036 2040 2046 2323 2336 2341 2346 3686 4336 4341 4346 4823 
m74 22 23 36 40 41 46 49 1122 1123 1136 1140 1141 1191 1822 1823 1836 1840 1841 1849 2022 2023 2036 2040 2041 2046 2072 2073 2086 2090 2322 2323 2336 2340 2341 2349 2472 2473 2486 2490 2491 4323 4336 4346 4836 
m360 23 36 40 41 1186 1190 1191 1836 1840 1841 2023 2036 2040 2041 2073 2086 2090 2091 3686 4323 4336 4586 
m428 14 22 23 30 40 41 46 714 746 1114 1141 1146 1164 1172 1190 1191 1196 1514 1522 1523 1530 1540 1541 1546 2014 2022 2023 2030 2040 2041 2046 2064 2096 2314 3664 
m208 22 23 36 41 1123 1136 1823 2072 2073 3673 4323 4586 
m22 22 23 30 36 40 41 1122 1123 1136 1140 1141 1172 1173 1186 1190 1191 1522 1523 1536 1541 1840 1841 2023 2036 2041 2072 2073 2086 2090 2091 3673 3686 4323 4336 4586 
m395 36 
m18 22 23 36 37 40 41 1122 1123 1136 1137 1140 1141 1823 1836 1873 1886 1890 2023 2036 2073 2086 2087 2090 3673 4323 4373 4586 
m152 22 23 36 40 41 1122 1123 1136 1822 1823 1836 1840 2022 2023 2036 2072 2073 2086 2090 3673 4323 4586 
m128 32 1632 
m63 22 36 37 40 41 1140 1822 1836 1840 1841 2022 2036 2037 2040 2041 2072 2086 2090 2091 4586 
m266 38 45 46 49 1938 1946 2288 2296 2349 
m237 13 22 33 36 40 1113 1122 1133 1136 1140 1686 1690 1813 1840 2013 4163 
m54 8 36 408 2936 4308 
m157 12 13 22 36 40 622 636 640 672 686 690 1112 1113 1122 1136 1140 1822 2022 2036 3162 
m344 12 14 45 46 645 712 745 2314 2345 2346 3146 3246 4812 
m49 36 38 1936 
m2 22 23 36 40 41 46 1122 1136 1140 1146 1191 1822 1823 1836 1840 1846 2022 2023 2036 2040 2046 2323 2336 2341 2346 3686 4336 4341 4346 4823 
m163 23 36 45 46 1186 1196 1836 1846 2273 2286 2296 3686 4836 
m385 22 23 30 38 46 1123 1130 1146 1180 1523 1546 1922 1923 1930 1938 1946 2330 4823 
m332 22 23 30 36 40 1122 1123 1136 1140 1180 1830 2023 2030 2036 4323 
m296 22 30 36 41 45 1130 1536 1541 2272 4586 
m121 22 23 30 36 40 41 46 1130 1146 1546 1836 1841 2023 2036 2041 2073 2086 2323 2336 2340 2341 3686 4323 4591 
m241 22 23 30 46 1122 1123 1130 1146 1172 1173 1180 1196 1522 1523 1530 1546 2322 2323 2330 2346 3673 4823 
m14 46 2346 
m445 33 44 49 1694 1699 2494 
m247 11 13 22 33 36 40 563 572 583 586 672 686 690 1113 1122 1133 1136 1140 1672 1686 1690 1822 2022 2036 3183 
m35 23 36 3686 
m405 22 23 27 30 36 40 49 1172 1186 1199 1372 1373 1380 1386 1523 1527 1530 1536 1549 1822 1823 1827 1830 1836 1840 1849 2023 2027 2030 2036 2040 2049 2472 2473 2477 2480 2486 2499 3686 4336 
m81 32 36 46 1632 1636 1646 1832 1836 1846 2332 2336 2346 4332 
m460 13 22 23 32 36 40 41 672 673 686 690 1122 1123 1136 1140 1186 1190 1191 1613 1622 1623 1636 1823 1840 1841 2023 3673 
m142 28 36 38 1928 1936 1938 4328 
m9 13 22 40 690 1113 1122 
m223 22 33 36 46 49 1133 1146 1683 1686 1696 1699 1849 2333 2336 2346 2349 2486 2499 4196 
m263 22 23 36 40 41 46 1123 1146 1191 1822 1823 1836 1841 1846 2022 2023 2036 2040 2046 2323 2336 2341 2346 3686 4341 4346 4823 
m70 11 13 22 33 36 40 661 1113 1122 1133 1136 1140 1661 1813 1833 1840 2013 2033 4163 
m87 22 37 40 46 1140 1146 1872 1890 2340 4396 
m284 22 23 30 36 40 46 1122 1123 1130 1136 1140 1146 1172 1522 1523 1530 1536 1540 1822 1823 1830 1846 2022 2023 2030 2036 2046 2322 2323 2330 2336 2340 3673 3686 4323 4823 
m200 3 38 45 195 1903 1938 1945 
m103 22 36 37 40 1122 1136 1137 1140 1822 1872 1886 1890 2022 2036 
m261 22 46 1122 1146 2346 
m132 5 45 46 2296 2305 2346 
m165 14 22 32 732 1114 
m96 22 37 46 49 1872 2322 2346 2487 2496 4396 4837 
m42 12 13 22 27 36 40 622 636 640 672 686 690 1112 1113 1122 1136 1140 1362 1363 1372 1386 1822 2022 2036 3162 
m317 22 23 30 38 46 1123 1130 1146 1188 1523 1530 1538 1546 2338 3696 
m55 28 36 38 1438 1838 1928 1936 4328 
m350 36 40 46 49 1836 1840 1846 1849 2036 2040 2046 2049 2336 2340 2346 2349 2486 2490 2496 4346 
m244 36 38 1836 1936 1938 
m276 38 45 1938 1945 
m376 22 37 49 1122 1137 1149 1872 1899 2472 2487 2499 
m412 22 23 30 36 40 46 1122 1123 1130 1136 1140 1146 1180 1522 1523 1536 1540 1546 1822 1823 1830 1836 1840 1846 2022 2023 2030 2036 2040 2046 2322 2323 2330 2340 4823 4846 
m159 13 22 33 36 40 672 1113 1122 1133 1136 1140 1672 1813 1833 1840 2013 2033 4163 
m403 12 14 46 712 2314 2346 3146 3246 4812 
m224 13 17 22 672 872 1113 1117 3363 
m118 20 48 2420 
m106 22 1122 
m273 13 22 32 36 40 686 690 1113 1136 1140 1613 1622 1636 1640 1822 2022 2036 2040 3186 4336 
m394 9 36 49 1809 2459 2486 2499 2959 4309 4336 
m319 23 30 36 41 49 1191 1523 1530 1541 1823 1830 1836 1841 1849 2073 2080 2086 2099 2473 2480 2486 2491 2499 
m269 22 32 36 37 40 1122 1132 1136 1137 1140 1637 1832 1837 1840 2032 2037 
m408 23 36 41 45 1186 1191 2273 2286 2291 3673 3686 4586 
m218 
m41 22 27 36 40 46 1122 1127 1136 1140 1146 1390 1822 1827 1836 1840 1846 2022 2027 2036 2040 2046 2327 2336 2340 
m185 22 32 33 36 40 1122 1132 1133 1136 1140 1633 1636 1832 1833 1836 1840 2032 2033 2036 4186 4333 4336 
m60 13 22 33 36 38 40 1113 1122 1133 1136 1138 1140 1813 1833 1838 1840 1913 1933 2013 2033 2038 4163 
m226 36 41 1836 1841 4586 
m104 32 36 38 40 46 49 1632 1636 1649 1849 1932 1936 1946 2032 2036 2038 2046 2332 2336 2338 2340 2346 2349 
m248 22 36 37 40 46 1122 1136 1137 1140 1146 1822 1837 1846 1896 2022 2036 2037 2040 2046 2322 2340 2346 4396 4837 4846 
m71 13 22 672 1113 1122 
m140 12 14 40 46 712 2012 2014 2046 2314 2346 3146 3246 4812 
m172 23 45 1195 
m194 12 32 36 38 46 1612 1646 1812 1946 2312 2332 2336 2346 3146 4136 4346 4812 
m210 22 23 30 36 40 41 46 1122 1123 1130 1136 1140 1141 1146 1172 1173 1180 1186 1190 1191 1523 1536 1540 1541 1841 2023 2036 2041 2072 2073 2080 2086 2090 2091 2096 2322 2323 2330 2341 2346 3673 4323 
m38 13 22 33 40 690 1113 1122 1133 1690 3183 
m4 13 22 30 680 1113 1122 1130 
m228 22 23 30 36 37 40 46 49 1123 1130 1136 1137 1140 1146 1149 1180 1523 1546 1822 1823 1830 1836 1837 1840 1846 1849 1872 1873 1880 1886 1890 1896 2022 2023 2030 2036 2037 2046 2330 2346 2472 2480 2486 2487 2490 2496 4396 4823 
m380 22 32 36 40 1122 1136 1140 1622 1636 1822 1836 1840 2022 2036 
m85 
m58 36 40 46 49 1840 1846 1849 2036 2040 2046 2049 2336 2340 2346 2486 2496 4336 4346 4846 
m243 40 46 2040 2046 2340 
m310 22 36 37 40 46 1136 1137 1140 1146 1837 1840 1846 1890 2022 2036 2037 2040 2046 2336 2340 2346 4336 4346 4396 4837 
m328 22 23 36 40 41 46 49 1123 1136 1141 1836 1849 2041 2046 2073 2086 2091 2099 2322 2323 2336 2341 2349 2472 2473 2486 2491 4323 4336 4836 
m148 36 40 41 1836 1840 2036 2086 2090 2091 4586 
