m383 11 13 45 563 595 695 
m2995 40 45 46 2046 2290 2296 
m1002 22 44 46 1146 2246 2344 2346 4846 
m1033 45 46 2295 2296 2346 
m933 23 36 3686 
m452 22 30 36 39 41 1136 1139 1522 1536 1539 1541 1986 2072 2089 4586 
m278 5 14 32 705 1605 1614 
m693 33 37 46 1883 1896 4833 
m1848 36 40 45 1845 2036 2045 
m1807 22 40 45 46 1140 1146 2272 2290 2296 2340 
m1114 14 36 38 40 738 1838 2014 2036 2038 2040 4314 
m1422 22 44 46 1146 2344 2346 4846 
m2173 16 
m3650 36 37 39 40 41 46 49 1837 1839 1840 1841 1846 1849 1889 2037 2039 2046 2087 2089 2090 2096 2487 2490 2491 4396 4839 
m147 22 32 46 1122 1132 1146 2332 2346 4846 
m323 40 45 46 2046 2290 2296 2346 
m2865 13 16 38 688 838 3313 
m1656 5 45 295 2255 2295 
m3464 22 23 36 40 1122 1123 1136 1140 1173 1822 1823 1840 2022 2023 2040 3673 
m1342 22 45 1122 1145 2272 
m863 
m2480 18 45 945 
m3476 13 23 49 673 1163 1173 1199 2463 2473 2499 3163 
m134 36 45 49 1849 2286 2299 
m14 13 22 32 33 36 40 46 690 696 1113 1122 1132 1133 1136 1140 1146 1613 1633 1636 1640 1646 1690 1813 1833 1840 1846 2013 2033 2046 2333 2340 3183 
m876 22 23 30 46 1122 1123 1130 1146 1180 1523 1530 1546 2330 2346 4823 
m3629 41 45 2291 
m3388 13 33 46 2313 2333 4163 
m2056 22 45 2272 
m3256 13 38 1913 1938 
m2969 14 40 46 714 746 2014 2040 2046 2314 2340 2346 3246 4814 
m2242 18 36 40 1818 2018 2036 
m3342 23 30 40 1173 1190 1523 1530 1540 2023 2030 2040 3673 
m2768 22 36 40 41 1122 1136 1140 1141 1836 1840 1841 2036 2040 2086 2090 2091 4586 
m2920 14 22 44 46 1114 1144 1146 2214 2246 2314 2322 2344 2346 3246 4846 
m3016 22 37 46 1872 2322 4396 
m2295 38 45 46 49 1946 2299 2345 2346 2349 
m1208 46 4846 
m3725 26 46 2326 2346 
m3451 15 45 795 
m1097 12 14 33 46 712 746 2333 3133 3233 4812 
m1262 13 46 696 
m2443 12 36 46 49 649 1849 2336 2349 3136 4812 
m2249 12 22 23 36 41 46 49 622 623 636 641 649 1123 1136 1141 1191 1822 1823 1841 2322 2323 2336 2341 2349 2472 2473 2486 2491 3136 4323 4336 4812 
m1329 13 17 22 672 872 3363 
m2023 45 
m2910 
m579 36 41 45 1845 2095 2295 4586 
m2976 30 36 46 49 1830 2330 2336 2480 2486 2496 
m1608 45 2295 
m2124 22 36 40 46 49 1122 1136 1140 1146 1822 1840 1846 1849 2022 2036 2046 2322 2336 2340 2346 2349 2486 2490 2496 4336 4346 4836 
m623 37 45 1895 
m1596 14 45 46 745 746 2345 
m572 46 
m1062 36 
m1169 22 30 46 1522 1546 2322 4846 
m2156 45 46 2296 
m901 16 23 36 40 41 46 836 840 841 1186 1190 1191 1841 2023 2036 2041 2046 2066 2073 2086 2090 2091 2096 2316 2336 2340 2341 3666 4823 
m2057 40 46 2046 2340 2346 4846 
m1237 5 26 45 46 276 296 1305 1326 1346 2255 2276 2296 2326 
m397 14 46 746 2346 
m1669 22 23 30 36 40 41 46 1122 1123 1130 1136 1140 1141 1146 1191 1523 1536 1541 1546 1841 1846 2023 2030 2036 2040 2041 2046 2072 2073 2091 2341 3696 4323 
m261 5 13 33 36 46 263 283 1805 1813 1833 2305 2313 2333 4163 4836 
m617 23 30 46 1523 1546 2323 
m2385 5 14 30 46 264 296 1505 1514 1546 2305 2314 2330 2346 4814 
m532 14 20 22 720 1114 1120 
m2585 5 14 26 33 45 264 276 283 726 1676 2255 2264 2276 2283 3233 
m1926 13 14 33 38 40 46 49 664 690 696 699 749 1664 1690 1696 1913 1933 2014 2046 2049 2314 2349 2464 2496 4163 
m2706 32 36 46 1632 1636 1646 1832 1836 1846 2332 2346 4332 4846 
m1372 36 40 46 49 1836 1840 1846 1849 2036 2046 2049 2336 2340 2346 2349 2486 2490 2496 4346 4836 4846 
m381 8 45 46 49 408 446 449 2258 2296 2299 2349 
m1583 22 23 36 40 41 46 1122 1123 1136 1140 1186 1190 1836 1840 2036 2040 2072 2073 2086 2090 2322 2323 2336 2340 2341 3686 
m3170 22 30 36 40 46 1122 1130 1136 1140 1146 1822 1830 1840 1846 2022 2030 2040 2046 2322 2330 2340 2346 
m2519 
m1318 5 41 2055 
m2225 45 46 2296 
m77 13 22 44 46 694 1113 1122 1144 1146 2313 2344 
m1574 14 37 40 46 737 740 746 2037 2046 4837 
m1960 22 23 30 36 40 41 46 1122 1123 1130 1136 1140 1141 1146 1191 1523 1536 1541 1546 1841 1846 2023 2030 2036 2040 2041 2046 2072 2341 3696 4323 
m3187 13 22 33 36 40 46 672 686 690 1113 1122 1133 1136 1140 1672 1686 1690 1822 2022 2036 2313 2322 2333 2336 2340 3183 
m3689 30 40 45 46 2045 2046 2280 2296 2330 2345 4846 
m1875 22 44 46 1146 2344 2346 4846 
m1692 5 13 33 46 655 1655 2305 2313 2333 4163 
m624 26 46 49 1346 1349 2346 2496 2499 
m1819 12 13 22 49 649 699 1112 1113 1149 3162 
m3141 36 38 40 41 1838 1841 1941 2036 2038 2041 
m1227 22 37 46 1137 2322 4837 
m2903 
m1213 22 44 46 1146 2344 2346 4846 
m2184 22 23 30 36 40 41 1123 1130 1136 1140 1172 1173 1180 1186 1190 1523 1822 1823 1830 1836 1840 1841 2022 2023 2030 2036 2041 2072 2073 2086 2090 3673 4323 4336 4586 
m3382 5 13 30 33 46 655 680 1505 1655 1680 2305 2313 2330 2333 4163 
m1234 22 23 32 36 40 46 49 1122 1123 1132 1136 1146 1149 1172 1173 1182 1186 1190 1196 1199 1622 1623 1632 1636 1640 1646 1822 1823 1832 1836 1840 1846 1849 2022 2023 2032 2036 2046 2322 2323 2332 2336 2346 2349 2472 2473 2482 2486 2490 2496 3673 3686 3696 4323 4346 
m2588 22 37 46 1122 1137 1146 1872 2322 2346 4387 4396 4837 
m2677 18 45 2268 
m2241 22 44 46 1122 1144 1146 2222 2246 2322 2344 2346 
m1327 37 40 45 46 1890 2287 2290 2337 2340 2345 
m1111 22 44 46 1144 1146 2246 2322 2344 2346 4846 
m1927 13 46 2313 
m1749 44 46 2344 2346 
m2472 40 46 2046 
m1831 36 45 46 1845 2345 4836 
m1065 22 30 38 1130 1922 1930 1938 
m3705 13 22 45 695 1113 1145 
m2997 13 33 45 695 1695 4163 
m1000 22 44 46 1146 2222 2246 2344 2346 4846 
m171 5 13 33 36 49 263 283 1805 1813 1833 1849 2455 2463 2483 4163 
m1999 2 36 45 46 145 1845 2252 2286 2295 2302 2345 2636 4836 
m66 14 714 
m1824 5 36 45 286 295 1845 4336 
m3696 22 45 46 1145 2322 2345 
m1936 23 36 40 41 46 49 1191 1836 1841 2023 2036 2041 2073 2086 2090 2091 2096 2099 2323 2336 2340 2341 2349 2473 2486 2490 2491 2499 4323 4336 4836 
m1440 36 46 49 1849 2336 2349 4336 
m3694 22 23 41 1141 1172 1173 1191 
m3618 14 36 49 1814 2464 2486 4314 4336 
m2407 30 45 46 2280 2296 2330 2346 
m3593 30 36 46 1830 2330 2336 2346 4336 
m499 22 36 41 49 1141 1849 2086 2091 2099 4336 
m1333 22 23 36 41 1122 1123 1136 1141 2073 3686 4586 
m735 22 23 36 40 46 48 1123 1136 1140 1146 1148 1190 1840 2022 2023 2036 2046 2048 2336 2340 2346 2423 2436 2440 2446 3696 4323 4346 4823 
m3688 22 44 45 46 1146 2272 2294 2296 2344 2346 4846 
m1480 18 45 2268 
m927 22 46 1122 1146 
m1194 33 38 46 1688 1938 1946 2338 4196 
m2742 14 37 714 737 1887 3237 
m250 22 40 44 46 1140 1144 1146 2040 2046 2222 2240 2246 2322 2340 2344 2346 4846 
m1950 22 23 30 1122 1123 1130 1172 1173 1180 1522 1523 1530 3673 
m1940 46 2346 
m2237 
m714 22 41 1122 1141 2072 
m1650 22 23 36 45 1122 1123 1136 1172 1173 1186 2272 2273 3673 
m2591 23 41 1191 2073 2091 
m2795 22 46 1122 1146 
m131 5 37 45 46 1855 2255 2287 2296 2305 4837 
m2250 13 22 33 36 40 672 686 690 1113 1122 1133 1136 1140 1672 1686 1690 1822 2022 2036 3183 
m2135 14 26 32 46 726 732 746 1314 1326 1332 1346 1626 1646 2326 
m2708 32 1632 
m2936 23 30 38 1180 1523 1530 1538 1923 1930 1938 
m2229 22 23 31 46 49 1123 1146 1196 1572 1573 1596 2323 2346 2473 2481 2496 4846 
m3150 23 30 45 46 1173 1180 1196 2273 2296 2330 2346 4823 
m837 13 37 38 46 1913 1937 1946 2313 2337 4363 
m2223 22 36 40 49 1149 1822 1849 2022 2036 2049 
m2863 13 14 32 46 664 696 1613 1614 1646 4814 
m210 3 38 45 195 1903 1938 1945 
m1626 
m3486 22 23 30 36 40 41 46 1122 1123 1130 1136 1140 1141 1146 1180 1522 1523 1530 1536 1540 1546 1822 1823 1830 1836 1840 1841 1846 2022 2023 2030 2036 2040 2041 2046 2072 2086 2090 2322 2323 2330 2340 4823 4846 
m466 2 27 36 40 46 1352 1386 1396 1802 2002 2027 2036 2046 2302 4836 
m2562 22 23 30 46 1122 1123 1130 1146 1180 1523 1530 1546 2330 2346 4823 
m3132 14 40 46 2014 2040 2046 2314 2346 4814 4846 
m1755 17 22 1117 
m3018 16 23 40 46 840 846 1190 2016 2023 2040 2046 2340 3323 3696 
m2961 12 45 46 645 2345 4812 
m215 22 36 40 41 45 1122 1136 1140 1836 1840 2036 2040 2072 2086 2272 2286 2291 
m2505 23 45 46 1195 2323 2345 
m1548 22 23 31 36 46 1172 1181 1186 1196 1596 1822 1846 2322 3686 4086 4331 4336 4346 
m3679 32 1632 
m1647 5 14 22 33 36 40 264 272 283 286 290 722 736 740 1122 1136 1140 1672 1686 1690 1822 2022 2036 3233 
m1944 22 23 36 40 41 46 49 1123 1136 1141 1191 1836 1841 2022 2023 2036 2041 2322 2323 2336 2340 2341 2349 2472 2473 2486 2490 2491 2499 4323 4336 4836 
m967 45 46 2295 2296 
m1332 45 46 2345 
m3620 36 40 41 1840 1841 2036 2040 2041 4336 
m931 14 27 38 727 1364 1377 1388 1914 1927 
m2189 36 40 46 1840 2336 2340 
m3180 22 44 46 1144 1146 2222 2246 2322 2344 2346 4846 
m2649 14 21 46 721 746 1096 
m2892 22 36 46 1122 1136 1146 1822 1846 2322 
m3222 3 26 46 1303 1346 2346 4803 
m2674 32 1632 
m2115 14 36 40 46 1814 1846 2014 2036 2040 2046 2346 4346 4814 
m371 27 49 1399 
m1239 37 
m3423 15 22 46 772 2322 4815 
m3381 6 42 2842 
m2699 11 13 33 563 583 4163 
m2621 37 46 1896 
m1497 45 2295 
m3062 20 22 23 30 38 1022 1023 1030 1038 1123 1130 1172 1173 1180 1188 1520 1523 1538 1922 1923 1930 1938 3673 
m461 46 2346 
m1872 6 42 46 346 2146 2842 
m523 23 32 46 1182 2323 2332 2346 3696 4823 
m263 22 36 40 46 49 1822 1846 1849 2022 2036 2040 2046 2049 2322 2472 2496 
m236 3 23 30 41 46 180 1180 2053 2073 2080 2096 2303 2330 2673 4823 
m996 38 46 1946 
m2630 22 38 44 46 1146 1922 1944 1946 2344 2346 4846 
m1413 
m2324 23 32 38 46 1182 1188 1196 1923 1932 1938 1946 2332 2338 2346 3696 4823 
m2546 22 23 30 36 40 46 49 1122 1123 1130 1136 1140 1146 1172 1173 1180 1186 1190 1196 1523 1530 1536 1540 1546 1822 1823 1830 1840 1846 2022 2023 2030 2036 2040 2046 2330 2346 2472 2473 2486 2490 3696 4336 4346 4823 
m2299 30 36 41 46 49 1536 1541 1841 2080 2086 2091 2096 2099 2330 2336 2341 2346 2349 2480 2486 2491 
m1023 12 45 46 645 2345 4812 
m1458 22 36 40 46 1122 1136 1140 1146 1840 2040 2336 2340 
m1628 14 22 32 46 1114 1132 1146 1614 2314 2332 
m2898 22 23 36 40 41 1123 1136 1140 1173 1186 1190 1191 1823 1836 1840 1841 2023 2036 2040 2041 2073 2086 3673 3686 4323 4586 
m282 22 36 40 46 49 1146 1822 1840 1846 1849 2036 2046 2049 2322 2340 2472 2496 4846 
m1305 38 46 1938 1946 
m332 17 46 4817 
m254 22 40 44 46 1140 1144 1146 2022 2040 2044 2046 2222 2240 2246 2322 2340 2344 2346 4846 
m1359 32 37 1632 1637 1882 
m2274 40 44 46 49 2044 2046 2049 2344 2349 2494 
m1855 45 46 2296 
m1384 5 46 2305 
m1954 44 46 49 2344 2349 2494 
m2985 8 37 46 437 446 4837 
m3341 8 41 46 49 408 446 449 2058 2096 2308 2341 2346 2349 2458 2496 
m249 45 
m998 3 38 153 188 1903 
m1459 13 33 46 1696 2313 4163 
m1880 13 38 46 688 1913 1946 2338 4813 
m3231 5 45 295 
m2713 23 
m2579 45 46 2345 
m2651 32 38 45 46 49 1638 1646 1938 1946 1949 2282 2288 2296 2299 2332 2338 2346 2349 
m1258 13 25 38 46 675 1913 1925 1946 2313 2325 
m1810 22 23 36 40 41 1122 1123 1136 1140 1141 1172 1173 1186 1190 1191 1822 1823 1836 1840 1841 2023 2036 2041 2072 2073 2086 2090 2091 3673 3686 4323 4336 4586 
m2317 
m2522 22 44 46 1146 2246 2344 2346 4846 
m107 13 33 45 1695 2263 4163 
m3093 22 36 41 46 49 1141 1822 1841 1846 2322 2341 2486 2491 2496 
m3652 32 45 46 1632 1646 2282 2296 2332 
m1734 23 32 36 40 49 1182 1632 1823 1832 1849 2023 2032 2036 2049 2473 2482 
m1484 23 45 1195 2273 2295 
m744 32 36 46 2332 2336 2346 4332 4836 
m2975 27 36 46 49 1827 2327 2336 2486 2496 
m422 15 38 46 1915 2315 2338 
m1699 9 13 33 38 463 483 488 688 1688 4163 
m3565 
m2712 13 37 4363 
m1051 21 
m439 11 45 595 
m1255 14 45 714 745 2264 2295 
m3548 9 14 36 49 709 1809 1814 1836 1849 2459 2464 2486 2499 
m2887 37 39 40 46 1890 1987 1990 2340 4396 4496 
m814 34 38 46 1734 1934 2334 2338 2346 
m1983 22 44 46 1146 2322 2344 2346 4846 
m2233 
m667 14 
m3664 22 36 40 1122 1136 1140 2022 2036 2040 
m2499 23 30 38 46 1180 1923 1930 1946 2330 4823 
m3003 22 40 46 1140 1146 2046 
m3622 45 46 2296 
m2544 13 22 38 672 1113 1138 1913 1922 
m1236 47 
m1017 12 13 20 22 32 36 40 49 632 682 699 1012 1013 1022 1032 1036 1040 1112 1113 1122 1132 1136 1140 1812 1813 1832 1836 1840 1849 2012 2013 2032 2036 2049 2462 2482 2486 3136 3162 3186 
m2338 22 23 30 36 40 46 1122 1123 1130 1136 1140 1146 1172 1173 1522 1523 1530 1540 1546 1822 1823 1830 1840 1846 2022 2023 2030 2036 2040 2046 2322 2323 2330 2340 2346 3696 4823 
m2112 13 16 49 699 849 3166 
m1544 14 
m3589 23 36 41 1186 2073 3673 4323 4586 
m2467 28 36 1828 1836 
m918 32 36 40 46 2032 2036 2040 2046 2332 4332 4836 
m1504 5 13 22 255 263 272 1105 1113 1122 
m768 22 23 30 36 40 41 1123 1130 1136 1141 1173 1186 1191 1523 1536 1541 1836 2022 2023 2030 2036 2041 2073 2080 2086 2091 3673 3686 4323 4586 
m584 22 46 1122 1146 2322 2346 
m3429 36 38 46 48 1836 1838 1848 1936 1938 1948 2336 2338 2348 2436 2438 2448 4336 4836 
m426 22 38 45 46 1145 1922 1945 1946 2322 2345 
m2305 46 2346 4846 
m1285 26 33 46 1676 1696 2326 2333 2346 
m596 26 38 45 46 1338 1345 1346 1938 1945 2288 2338 2345 
m3349 5 45 2255 2295 
m1306 23 45 1195 2273 2295 
m2928 3 30 153 180 1503 1530 
m3614 45 46 2295 2296 2345 4846 
m2395 36 37 38 40 46 1836 1837 1840 1846 1886 1890 1936 1937 1940 1946 2036 2037 2038 2040 2046 2336 2340 4336 4837 
m459 13 33 40 46 2013 2033 2046 2313 2333 4163 
m755 
m968 7 45 46 2257 2295 2296 2307 2346 
m135 36 40 46 49 1846 1849 2036 2046 2349 
m2476 26 46 1346 2346 
m1300 45 46 2295 2345 
m2693 22 44 46 1146 2344 2346 4846 
m569 22 36 40 46 1122 1136 1140 1822 2022 2036 2040 2322 2336 2340 4336 
m1449 14 45 46 714 745 746 2345 4814 
m380 22 37 39 1137 1139 1987 
m3374 
m533 36 49 1836 1849 2486 2499 
m365 9 36 49 1809 2459 2486 2499 2959 4309 4336 
m298 40 45 46 49 2045 2046 2299 2345 2349 
m829 22 23 30 45 1123 1130 1145 1173 1180 1523 1530 2273 2280 3673 
m997 22 38 46 1146 1922 1946 
m2262 45 2295 
m303 26 
m559 22 38 45 46 1145 1146 1922 1945 1946 2345 
m1293 30 36 40 46 48 1830 1848 2030 2036 2046 2330 2336 2346 2348 2430 
m2644 32 36 44 46 1832 1836 1844 2232 2236 2332 2336 2344 2346 4332 4336 4736 4836 
m3449 33 37 46 1883 1896 4833 
m2633 22 44 46 1144 1146 2246 2322 2344 2346 4846 
m3076 22 45 46 1122 1145 1146 2272 2295 2296 2345 
m1517 22 36 41 1122 1136 1141 1841 2072 2086 2091 4586 
m3329 26 40 46 1346 2026 2046 2346 
m652 13 22 36 38 40 41 1113 1136 1138 1140 1141 1813 1840 1913 1922 1936 1938 1940 1941 2013 2063 2086 2088 2090 
m2247 22 32 45 46 1146 2272 2282 2295 2296 2332 2346 
m867 22 23 36 38 40 1123 1136 1138 1140 1173 1922 1923 1936 1938 1940 2023 2036 2038 3686 
m3734 5 13 38 46 263 288 296 696 1913 1938 1946 2305 2313 2338 2346 
m1355 36 
m2825 22 23 1123 1173 3673 
m1946 33 45 1695 
m2414 22 36 41 49 1136 1141 1822 1841 1849 2072 2086 2091 2099 2472 2486 2491 4336 
m1426 30 46 2330 
m2953 22 36 41 49 1122 1136 1141 1149 1822 1841 1849 2072 2086 2091 2099 2472 2486 2491 4336 
m368 22 36 40 41 1822 1836 1840 1841 2022 2036 2040 2072 2086 2090 2091 4336 4586 
m3228 27 36 40 46 1827 1840 2027 2036 2040 2327 2340 4836 
m1796 22 37 40 46 1137 1140 1146 1890 2022 2037 2040 2046 2337 2340 2346 4837 
m1540 14 39 1964 
m1958 16 22 44 49 844 849 1116 1144 2494 
m2759 32 36 38 41 46 49 1641 1646 1938 1941 1946 1949 2332 2336 2341 2346 2482 2486 2491 2496 4136 4586 
m3192 26 46 1346 2346 
m717 30 44 45 1530 1544 1545 2230 2244 2245 2280 2294 2295 
m1219 26 44 46 1346 2226 2246 2326 2344 2346 
m1797 5 23 37 46 49 299 1155 1173 1199 1855 1873 1899 2305 2323 2349 4837 
m537 27 36 46 48 1827 2327 2336 2436 2446 
m1684 13 33 36 40 47 686 690 697 1686 1690 1697 1840 1847 2036 2040 2047 3183 4336 
m3230 23 32 46 1173 1182 1196 1623 1632 1646 2323 2332 2346 4823 
m472 2 45 46 2252 2296 2302 
m2974 12 14 23 30 41 46 641 723 730 741 1191 1512 1514 1523 1530 1541 2312 2314 2330 2341 3212 3662 4823 
m1464 22 36 45 46 49 1145 1822 1845 2322 2336 2345 2472 2486 2495 2496 
m2171 26 37 41 46 1337 1341 1346 1891 2341 4837 
m3737 22 36 45 1136 1145 1845 
m2996 14 22 27 40 727 1114 1127 2014 2022 2027 
m2874 45 46 2345 
m1307 14 22 39 40 46 740 1114 1122 1139 1140 1146 1990 1996 2014 2040 2046 2340 3246 4464 
m2745 30 44 45 2230 2245 2280 
m3490 22 46 1122 1146 2322 2346 
m2718 23 36 40 41 44 1186 1190 1191 1194 1840 1841 2041 2240 2241 4736 
m3477 22 36 40 46 1122 1136 1140 1146 1840 2040 2336 2340 
m31 13 22 32 38 46 682 1113 1132 1146 1913 1922 1932 1946 2313 2332 
m3194 22 37 45 46 49 1122 1137 1145 1146 1895 2322 2345 2346 2472 2487 2495 2496 4396 4837 
m1969 26 38 40 46 1338 1340 1346 1946 2340 
m1073 37 40 46 1890 2037 2046 2340 4396 
m2628 45 46 2296 
m552 41 45 46 2095 2096 2345 
m680 22 36 40 41 1136 1140 1822 1836 1840 1841 2036 2072 2086 2090 2091 4586 
m593 5 14 26 45 705 745 1305 1314 1345 2255 
m1632 38 46 1946 
m1366 22 37 40 46 1137 1146 2022 2037 2046 2337 2346 4837 
m3509 23 45 46 1195 2323 2345 2346 
m506 22 41 1141 
m90 23 38 1923 3673 
m1087 32 46 1632 1646 2332 
m2964 45 46 2295 2296 2346 
m2194 23 30 38 45 46 1180 1923 1930 1946 2273 2280 2288 2296 2330 2346 4823 
m327 22 37 41 46 1137 1141 1146 2087 2096 4837 
m456 22 40 46 1140 1146 2046 
m1879 23 
m970 22 23 36 1123 1136 3686 
m218 17 38 46 888 2317 2338 2346 3396 
m1061 30 45 46 2280 2296 2330 2346 
m2140 37 1887 
m1195 45 2295 
m277 
m2991 40 46 2046 
m3025 22 37 46 1137 1146 4837 
m1672 22 23 30 1122 1123 1130 1172 1173 1180 1522 1523 1530 3673 
m65 45 46 2295 2345 2346 
m622 36 45 46 2286 2295 2296 2336 2346 4836 
m2397 46 
m1345 14 22 36 1114 1136 4314 
m1578 5 31 36 255 281 286 1555 1581 1586 1805 1831 1836 
m2349 45 46 2296 
m283 14 26 32 726 1614 1626 
m2664 22 44 46 1146 2222 2246 2322 2344 2346 4846 
m1216 30 38 40 45 46 1930 1938 1945 1946 2030 2038 2045 2046 2280 2288 2296 2330 2338 
m2013 5 32 45 1605 1645 2255 
m705 36 46 2336 
m485 37 46 2337 
m834 22 23 30 36 40 41 1122 1123 1130 1136 1140 1141 1172 1173 1180 1186 1190 1191 1523 1530 1536 1540 1541 1823 1836 1840 1841 2022 2023 2030 2036 2041 2072 2073 2080 2086 2090 2091 3673 3686 4323 4336 4586 
m2507 14 32 46 1614 2314 2332 
m2885 22 40 41 46 1140 1141 2022 2040 2041 2046 2072 2090 2091 2096 2341 
m2488 41 46 2091 2096 2341 
m3427 20 23 1020 1023 1170 
m542 46 
m2774 13 36 40 46 696 1813 2013 2036 2040 2046 4346 
m2258 36 49 1849 
m2859 36 49 1849 2486 2499 
m1665 6 42 4606 
m2563 21 1071 
m1972 13 22 36 40 672 686 690 1113 1122 1136 1140 1822 2022 2036 
m2789 22 45 46 1145 1146 2345 4846 
m1381 13 22 46 1113 1122 1146 2322 4813 
m3183 22 38 44 46 1146 1922 1946 2344 2346 4846 
m2613 14 22 46 722 746 2322 2346 
m3739 23 30 1523 
m3575 22 23 36 41 1122 1123 1136 1141 1173 1186 1823 2073 3673 3686 4323 4586 
m1487 5 36 46 49 255 286 1805 1836 1846 1849 2305 2336 2455 2486 2496 
m496 33 46 2333 2346 4833 
m197 38 45 46 1938 1945 1946 2345 
m258 23 45 46 1195 1196 2296 3673 
m844 36 46 48 2436 2446 4836 
m440 
m419 13 22 36 40 672 686 690 1822 1840 2022 2036 2040 4336 
m120 22 23 30 36 40 46 49 1122 1123 1130 1136 1140 1146 1149 1172 1173 1522 1523 1530 1540 1546 1822 1823 1830 1840 1846 2022 2023 2030 2036 2040 2046 2322 2323 2330 2336 2340 2346 2349 2480 2486 2490 2496 3696 4823 
m1026 23 30 40 41 1180 1190 1523 1530 1540 2023 2030 2040 
m3461 5 13 14 33 263 283 705 713 733 3183 
m445 37 45 46 1895 2345 4837 
m3267 26 36 41 46 1826 2076 2096 2326 4346 4586 
m3165 23 36 40 46 49 1836 1840 1846 1849 2023 2036 2040 2046 2049 2323 2336 2473 2486 2490 2496 3686 4323 4336 4836 
m3266 36 40 46 2036 2046 2336 
m29 26 46 1346 
m2125 14 22 46 722 746 2322 2346 
m2118 30 38 39 1930 1980 1988 
m2826 22 23 36 41 46 49 1141 1172 1191 1822 1823 1841 1846 2322 2323 2341 2472 2473 2486 2491 2496 
m2823 16 45 46 845 2345 4816 
m2824 46 2346 4846 
m116 22 23 30 36 40 1122 1123 1136 1140 1522 1523 1536 1540 1822 1823 1840 2022 2023 2030 2036 2040 4323 4336 
m1568 31 36 1581 1586 1831 1836 4086 
m372 12 49 649 2462 2499 
m3042 36 42 46 49 2146 2336 2486 2492 2496 4636 
m1048 13 25 38 46 1263 1296 1913 1925 1946 2313 
m3613 13 22 33 36 40 672 686 690 1113 1122 1133 1136 1140 1672 1686 1690 1822 2022 2036 3183 
m2783 13 38 688 1913 1938 
m3039 5 13 14 33 655 705 713 1655 1664 4163 
m3117 36 
m524 46 2346 4846 
m2896 32 36 46 49 1632 1636 1649 1849 2332 2336 2346 2349 
m3128 14 36 48 714 736 748 1836 1848 2448 
m1397 30 36 41 46 1830 1836 1841 1846 2080 2330 2336 2341 2346 4586 4836 
m405 14 46 2346 4814 
m399 22 23 32 46 1123 1132 1146 1182 1196 2332 
m3113 22 23 30 36 40 41 46 1122 1123 1130 1136 1140 1141 1146 1191 1523 1536 1541 1546 1841 1846 2023 2030 2036 2040 2041 2046 2072 2341 3696 4323 
m1297 22 23 36 40 41 1122 1123 1136 1140 1141 1172 1173 1186 1190 1191 1822 1823 1836 1840 1841 2023 2036 2041 2072 2073 2086 2090 2091 3673 3686 4323 4586 
m2302 46 
m945 13 22 33 672 1672 3183 
m2259 14 36 40 46 740 746 1840 2014 2036 2040 2046 2336 2340 2346 3236 4346 4814 
m3096 22 45 46 2272 2296 2322 2346 
m1806 45 46 2296 2345 2346 
m3552 22 23 30 40 46 1122 1123 1130 1140 1146 1180 1523 1530 1546 2022 2023 2030 2046 2330 2346 4823 
m1068 26 30 36 44 46 1330 1336 1344 1346 1830 2230 2330 2336 2344 2346 4736 
m2697 22 44 46 1146 2322 2344 2346 4846 
m1823 14 36 40 45 46 736 740 745 1840 1845 1846 2036 2045 2046 2286 2296 2336 3246 4336 
m3708 22 45 1122 1145 2272 2295 
m1231 14 32 46 714 732 2314 2332 2346 4814 
m2746 22 23 30 1122 1123 1130 1172 1173 1180 1522 1523 1530 3673 
m2098 21 26 45 46 1321 1345 1346 2271 2321 2345 
m1144 22 23 30 1123 1173 1522 1523 3673 
m3412 5 45 46 2255 2296 2305 2345 4846 
m2860 26 40 46 49 1340 1346 1349 2046 2490 2496 
m921 22 23 36 41 49 1123 1136 1141 1172 1173 1186 1191 1199 1822 1823 1841 1849 2072 2073 2086 2091 2099 2472 2473 2486 2491 3673 3686 4323 4336 
m608 23 30 40 45 46 1173 1180 1523 2023 2030 2046 2273 2280 2290 2296 2323 2330 3673 4823 
m2710 22 45 46 1145 1146 2296 
m3707 37 45 1895 
m616 22 36 40 41 1136 1141 1836 1840 2036 2086 2090 4586 
m1004 22 30 38 45 46 1130 1145 1146 1922 1930 1945 1946 2280 2296 2330 
m3518 22 23 30 46 1122 1123 1130 1146 1180 1523 1530 1546 2330 2346 4823 
m2426 22 28 1422 
m2813 37 40 46 2037 2046 2337 4837 4846 
m2853 22 32 36 37 40 1622 1636 1637 1640 1822 1840 1872 1886 1890 2022 2036 2040 4336 
m913 32 49 1649 
m2849 22 23 1122 1123 1172 1173 3673 
m3418 7 45 2257 
m2841 14 22 45 745 1114 1145 
m2698 32 36 41 46 1632 1636 1641 1646 1832 1836 1841 1846 2082 2086 2091 2096 2332 2336 4586 4846 
m2478 22 44 46 1146 2344 2346 4846 
m3438 14 714 
m3277 23 26 30 36 40 45 49 1173 1186 1190 1195 1323 1330 1336 1345 1349 1523 1526 1530 1536 1545 1549 1836 1840 1845 2036 2045 2473 2486 2495 3686 4323 4336 
m2429 23 36 40 45 46 49 1190 1195 1836 1840 1845 2036 2045 2323 2336 2340 2345 2473 2486 2495 2496 3686 4323 4336 4836 
m3380 17 32 882 1617 1632 
m3126 10 14 46 710 746 2310 2346 
m122 32 38 46 1632 1646 1932 1938 1946 2332 
m583 12 32 46 632 2332 4812 
m3290 46 2346 
m696 36 46 48 49 1846 1848 1849 2336 2348 2486 2496 2498 2499 4336 
m2359 23 30 36 49 1180 1199 1549 1823 1830 1849 
m3386 13 36 40 45 686 1813 1840 1845 2013 2036 2045 2263 2286 4336 
m635 36 
m1719 22 
m1750 12 22 23 36 40 45 46 49 622 623 636 640 645 649 1123 1136 1140 1145 1195 1822 1823 1840 1845 1849 2012 2023 2036 2045 2046 2049 2322 2323 2336 2340 2345 2349 2472 2473 2486 2490 2495 3136 4323 4336 4812 
m2666 22 44 46 1146 2322 2344 2346 4846 
m544 17 36 46 49 1817 1846 1849 2349 2467 4817 
m3468 
m1696 5 36 40 46 49 286 296 299 2005 2036 2046 2346 2349 2486 4836 
m1330 22 23 30 36 40 1122 1123 1130 1136 1172 1173 1180 1186 1190 1522 1523 1530 1536 1540 1822 1823 1830 1840 2022 2023 2030 3673 
m2090 5 45 46 2255 2305 2345 
m2968 36 45 46 1845 2336 2345 2346 4836 
m164 37 38 1888 1937 1938 
m2971 38 46 1946 
m1377 4 42 45 2254 2292 2742 
m1685 8 408 
m3431 8 46 408 446 2308 2346 
m1988 32 37 46 1882 2332 2337 
m453 26 45 46 1345 1346 2295 2345 
m412 30 38 46 1930 1946 2330 
m347 37 
m3535 22 37 40 46 1137 1146 2022 2037 2046 4837 
m1839 22 36 40 46 1122 1136 1140 1146 1840 2036 2040 2336 2340 
m1138 22 30 46 1130 1146 2322 2330 2346 
m1429 36 40 41 1836 1840 2036 2086 2090 2091 4586 
m905 5 14 36 264 286 4314 
m1210 5 37 46 1855 2305 2337 2346 4837 
m1733 13 22 30 47 680 697 1113 1122 1130 1147 2380 
m2652 14 36 40 46 1846 2014 2036 2040 2046 4314 4814 
m2452 36 37 40 46 49 1837 1849 1899 2036 2037 2046 2049 2336 2349 4837 
m1876 22 44 46 1146 2344 2346 4846 
m247 13 22 38 1113 1913 1922 
m2485 12 46 49 2349 2462 4812 
m881 26 33 46 49 1333 1346 1349 2349 2483 4833 
m385 10 26 37 46 1310 1337 1346 1860 1896 2310 2346 4396 
m1815 32 
m3167 40 46 49 2040 2046 2340 2490 2496 
m3125 14 36 38 46 48 736 746 748 1848 1914 1936 1938 1946 1948 2314 2336 2338 2346 2348 
m646 41 
m121 13 22 36 38 40 672 686 690 1113 1122 1136 1140 1822 1913 1922 1936 2022 2036 
m1214 22 23 30 36 46 1172 1522 1523 1536 1822 2322 2330 2336 2346 3686 4823 4836 
m647 36 49 1836 1849 
m3002 
m2102 22 38 44 45 46 1146 1922 1944 1946 2272 2288 2294 2296 2344 2346 4846 
m1748 46 48 2348 
m1489 5 45 295 
m1934 22 30 36 49 1122 1130 1136 1149 1522 1536 1549 1822 1830 1849 2472 4336 
m1173 5 13 33 263 283 3183 
m1215 13 22 33 36 40 672 686 690 1113 1122 1133 1136 1140 1672 1686 1690 2036 3183 
m170 14 22 32 36 39 40 41 49 722 1614 1622 1639 1641 1814 1822 1832 1836 1839 1841 1849 1972 2014 2036 2041 2049 2064 2072 2082 2089 2091 2482 2486 2489 2491 4464 4586 
m302 30 36 39 40 46 1830 1980 1986 1990 1996 2030 2036 2046 2330 4836 
m825 12 41 45 46 2062 2096 2262 2291 2296 4812 
m1402 30 37 40 46 1537 1540 1546 1890 2340 4396 
m789 37 41 46 2087 2096 4837 
m2133 37 46 4837 
m681 22 36 38 40 1138 1822 1838 1922 1936 1938 1940 2022 2036 2038 
m2122 13 22 1113 1122 
m157 7 26 46 1307 1346 2307 2346 
m292 14 34 46 734 746 2334 
m2030 18 45 945 2295 
m1056 37 41 46 2087 2096 4837 
m3224 
m787 8 22 36 46 1122 1136 1146 2308 2336 2346 4308 4836 
m2831 5 36 44 46 49 286 296 299 1849 2205 2236 2246 2249 2346 2349 2455 2486 2494 2496 4836 
m3120 30 44 45 1545 2230 2245 
m86 15 22 46 772 2315 2322 
m2821 32 46 1632 1646 2332 2346 
m384 32 40 45 46 2032 2045 2046 2282 2296 2332 
m1325 14 22 49 749 1114 1149 2464 2472 2499 
m3489 36 46 49 1849 2336 2346 2349 4836 
m2110 13 46 4813 
m1031 45 46 2295 2296 2346 
m1868 22 36 37 46 49 1136 1137 1146 1149 1846 1849 1886 1899 2349 4396 
m3029 23 30 36 41 1523 1823 1830 2073 2080 3673 4323 4586 
m1180 17 45 895 2267 2295 
m2959 14 22 1114 
m2063 13 22 1113 1122 
m1821 12 22 36 622 1112 1122 1136 1822 4312 
m1549 23 36 40 46 49 1186 1196 1836 1846 2023 2036 2046 2323 2473 2486 2490 2496 3673 4323 4836 
m2525 5 14 46 705 2305 2314 
m853 26 32 36 46 1332 1336 1346 1832 2332 2336 2346 4836 
m672 14 36 46 714 736 1836 2314 2336 2346 3236 4814 4836 
m1615 12 22 37 46 1112 1137 1146 2337 4362 4812 
m3580 9 17 40 46 49 859 896 2009 2017 2046 2049 2309 2346 2459 2467 2496 3396 
m3161 10 45 46 2295 2296 2310 2346 
m1476 22 36 40 41 49 1122 1136 1140 1141 1149 1841 1849 2022 2036 2041 2049 2072 2086 2090 2091 2099 2486 2491 4336 
m3295 23 30 46 1180 2330 2346 4823 
m2047 38 45 1938 1945 2288 2295 
m1334 36 46 2336 4836 4846 
m1892 46 2346 
m2010 22 23 30 41 1122 1123 1130 1172 1173 1180 1191 1522 1523 1541 2072 2073 2080 3673 
m2415 22 47 2372 2397 
m2814 37 38 46 1937 1946 2337 2346 4837 
m2416 46 
m379 26 37 38 46 1876 1926 1937 1946 2326 4396 
m2970 36 40 46 1836 2036 2046 2336 
m977 37 46 1896 
m706 8 37 408 437 
m2005 33 36 46 1686 2333 2336 2346 4833 
m2949 22 36 37 40 46 1122 1136 1137 1140 1146 1822 1837 1840 1846 1872 2022 2037 2046 2322 2336 2340 2346 4396 4837 
m1514 13 22 33 36 49 1113 1133 1136 1149 1813 1833 1849 2463 2483 2486 2499 4163 
m900 16 23 36 40 41 46 836 840 841 1186 1190 1191 1841 2023 2036 2040 2041 2046 2066 2073 2086 2090 2091 2096 2316 2336 2340 2341 3666 4823 
m1523 12 33 37 46 1862 2333 2337 4162 4383 4812 
m2987 27 36 46 48 1827 2327 2336 2436 2446 
m668 22 32 36 37 40 1122 1136 1137 1140 1622 1636 1637 1640 1822 1872 1886 1890 2022 2036 
m3387 22 23 45 1122 1123 1145 1173 2272 2273 2295 3673 
m1478 22 36 40 41 49 1122 1136 1141 1149 1841 1849 2022 2036 2041 2049 2486 2491 4336 
m1417 22 45 46 49 1146 1149 2272 2296 2299 2349 2472 2495 2496 
m2325 29 
m2266 5 14 36 41 45 255 286 291 295 705 736 741 745 1845 2055 2086 2095 4336 
m2897 30 36 40 46 1536 1540 1546 2036 2340 4836 
m862 22 36 46 1122 1136 1146 1822 1846 2322 
m3529 45 46 2345 2346 
m638 46 
m836 36 40 41 1836 1840 1841 2036 2041 2086 2091 4336 4341 4586 
m2659 32 36 46 1832 2332 2336 2346 4836 
m109 14 22 46 722 746 2322 
m2547 22 44 46 1146 2322 2344 2346 4846 
m1924 23 36 40 41 1186 1190 1191 1840 1841 2036 2040 2041 
m700 22 23 36 40 46 49 1172 1822 1836 1849 2022 2023 2036 2040 2046 2049 2322 2323 2336 2349 2472 2473 2486 4323 4336 4836 
m676 13 22 46 1113 1122 1146 2313 2322 2346 
m1761 23 30 36 46 1173 1180 1186 1196 1523 1530 1536 1546 1823 1830 1836 1846 2323 2330 2336 2346 3696 4823 4836 
m1704 22 36 40 41 46 49 1136 1140 1141 1836 1849 2036 2049 2086 2090 2099 2322 2336 2340 2341 2349 4336 
m2390 46 
m2272 5 32 36 45 1605 1805 1845 2255 2282 4332 
m1808 34 46 2334 
m1136 36 
m2277 
m910 40 45 2045 
m2094 37 45 1887 1895 
m386 14 22 722 1114 1122 
m1483 8 37 46 408 437 446 1858 2308 4396 
m322 22 27 36 46 49 1127 1136 1146 1149 1377 1386 1396 1399 1827 1849 2322 2327 2336 2346 2349 2477 2486 2496 2499 
m78 22 23 30 38 1122 1123 1130 1138 1172 1173 1188 1522 1523 1530 1538 3673 
m1419 37 46 49 1887 1899 2337 2346 2349 2487 2496 4396 4837 
m691 22 36 37 40 46 1137 1146 1822 1837 1846 1872 2022 2036 2046 2322 2337 2346 4346 4837 
m2909 38 45 46 1945 2338 2345 2346 
m2271 37 38 46 1888 1938 2338 4837 
m3140 38 45 46 1945 2288 2295 2296 2338 2345 
m3503 14 45 2264 
m3073 22 36 40 46 1136 1146 1836 1840 1846 2036 2046 2336 2340 2346 4836 
m509 13 36 38 46 49 663 686 688 696 699 1813 1836 1838 1846 1849 1913 1936 1946 1949 2336 2338 2346 2349 2463 2486 2496 3196 4813 
m2868 46 
m2494 30 46 49 2330 2480 2496 
m1978 22 45 46 1146 2272 2296 4846 
m2793 5 32 255 1605 1632 
m938 5 14 30 46 705 730 1505 2305 2314 2330 2346 4814 
m1380 5 23 27 41 273 291 1355 1373 1391 2073 3673 
m2192 30 38 45 46 1945 1946 2280 2296 2330 2338 2345 2346 4846 
m1783 5 36 45 46 286 295 1845 2255 2286 2295 2305 2336 2345 4336 
m3457 22 23 36 41 45 1122 1123 1136 1141 1145 1173 1186 1195 1845 2073 2095 3673 3686 4323 4586 
m1905 23 30 36 40 46 49 1180 1830 1836 2023 2030 2036 2046 2049 2323 2330 2336 2473 2480 2486 2496 4323 4836 
m1271 37 46 1887 1896 2337 2346 4837 
m3299 40 45 46 2046 2290 2296 2340 2346 
m745 23 38 46 1188 1923 1938 1946 2338 2346 3696 4823 
m3198 22 23 30 44 46 1130 1144 1146 1180 1523 1530 1546 2223 2230 2246 2323 2330 2344 2346 4823 4846 
m958 22 38 40 45 46 1138 1146 1938 1940 1946 2272 2288 2290 2296 2340 2346 
m2279 32 45 1645 
m118 22 23 30 38 1122 1123 1130 1138 1172 1173 1188 1522 1523 1530 1538 1922 1923 3673 
m1409 22 26 44 46 1146 1322 1344 1346 2344 2346 4846 
m1673 32 46 2332 2346 
m1587 22 40 46 1146 2340 
m519 32 36 46 49 1849 2332 2336 2346 2349 2482 4332 
m2238 12 23 30 36 41 612 630 636 641 1191 1523 1541 1812 1823 1830 1836 1841 2062 2073 2086 3123 
m1747 13 22 33 1113 1672 4163 
m2072 5 37 46 255 287 1855 1887 1896 2305 2337 2346 4837 
m2907 26 
m762 22 44 46 1146 2246 2344 2346 4846 
m2551 13 37 4363 
m304 23 36 45 1186 2273 2286 2295 3673 3686 
m1576 22 36 41 49 1122 1136 1141 1149 1822 1841 2072 2086 2091 2099 2472 2486 2491 4336 
m212 22 36 46 49 1149 1822 1836 1846 1849 2322 2349 2472 2486 2499 4836 
m3188 22 40 45 46 1140 1145 1146 2045 2046 2345 
m2958 14 22 1114 
m2870 45 2295 
m662 32 46 2332 
m1680 5 45 46 2255 2296 2305 
m856 33 45 46 1695 2345 4833 
m732 36 40 46 49 1836 1840 1846 1849 2036 2040 2046 2336 2340 2346 2349 2486 2490 2496 4336 4346 4836 
m2048 10 32 46 1610 1632 1646 2310 2346 
m339 5 13 26 33 263 283 1305 1313 1333 1655 1663 1683 3183 
m2451 5 32 36 45 1605 1805 2255 2282 2286 4332 
m1752 10 30 36 46 1510 1536 1546 1810 1846 2310 2346 
m2199 22 23 30 41 46 1122 1123 1130 1141 1146 1172 1173 1180 1191 1522 1523 2072 2073 2080 2322 2323 2330 2341 3673 
m2861 
m3691 22 44 46 1146 2222 2244 2246 2344 2346 4846 
m3171 22 36 41 46 1822 2072 2096 2322 4586 4836 
m874 14 32 732 1614 1632 
m3520 30 32 36 40 46 1630 1640 1646 1830 1840 2030 2330 2332 2336 2340 2346 4136 
m1113 44 46 2246 2344 2346 4846 
m1388 13 33 3183 
m214 3 45 153 2253 
m1543 22 45 46 1145 1146 2296 
m731 8 25 46 49 408 446 449 1258 1296 2349 
m971 23 30 38 46 1180 1923 1930 1946 2330 2346 4823 
m3045 37 40 46 2037 2046 4837 
m574 26 45 46 1345 1346 2345 
m256 32 46 1646 2332 2346 
m3540 14 40 46 740 746 2014 2040 2046 2314 2340 2346 3214 3246 4814 
m2828 37 38 41 46 1937 1938 1941 1946 2087 2096 4837 
m1378 13 22 36 40 672 686 690 1113 1122 1136 1140 1822 2022 2036 
m701 30 38 45 46 1930 1945 1946 2280 2296 2330 
m3531 22 23 30 1122 1123 1130 1172 1173 1522 1523 3673 
m1477 22 36 41 49 1136 1149 1841 1849 2072 2086 2091 2099 2486 2491 4336 
m1732 33 45 48 1695 1698 2298 
m180 13 22 45 695 1113 1145 2263 2272 2295 
m2723 36 38 41 1838 2088 4341 
m2372 36 46 2336 2346 4346 4836 
m2569 22 23 30 41 1122 1123 1130 1172 1173 1180 1522 1523 1541 2072 2073 2080 3673 
m1184 36 40 48 49 1836 1840 2036 2436 2440 2449 2486 2490 4336 
m1726 40 46 2340 
m2662 23 30 46 1173 1180 1196 1523 1530 1546 2323 2330 2346 3696 4823 4846 
m2365 13 37 46 1896 2313 4363 
m1891 3 22 30 38 172 180 188 1522 1922 1930 1938 
m2929 14 22 36 49 749 1114 1136 1149 1814 1849 
m3733 20 37 46 1870 2320 2337 
m3156 22 44 46 1146 2344 2346 4846 
m3082 41 
m3730 23 46 1173 1196 3696 
m1315 36 40 1836 1840 2036 2040 
m3129 14 40 46 2014 2040 2046 2314 2346 4814 
m1189 37 45 46 1895 2345 4837 
m3663 22 23 36 40 41 1122 1123 1136 1140 1141 1172 1822 1823 1836 1840 2023 2036 2072 2073 2086 2090 2091 3673 4323 4586 
m800 22 44 46 1146 2246 2344 2346 4846 
m1251 36 38 45 48 1838 1845 1848 1936 1938 1945 1948 2295 2436 2438 2445 2448 4336 
m3008 40 46 2046 
m1109 5 23 45 46 1155 2255 2273 2305 2345 2346 4823 
m3666 23 30 41 45 1180 1191 1541 2273 2280 2291 
m2155 30 46 2330 2346 
m2388 5 46 2305 
m1110 22 44 46 1144 1146 2246 2344 2346 4846 
m2812 5 22 1105 1122 
m2672 22 40 46 2046 2322 2346 
m1637 22 45 46 1145 1146 2296 
m1414 22 45 1145 
m2209 32 1632 
m1724 22 26 41 46 1141 1146 1322 1341 1346 2341 
m89 43 
m2586 14 36 1814 4314 4336 
m2096 32 36 37 1632 1637 1882 1886 1887 4136 4332 
m1581 14 30 714 730 
m191 22 36 41 1122 1136 1141 1822 2072 4586 
m3345 13 33 3183 
m3715 22 45 46 1145 1146 2345 4846 
m1767 22 28 38 46 1128 1138 1146 1928 1938 2328 2338 
m1768 13 22 36 45 46 672 1822 2263 2272 2286 2296 2313 2322 2336 4313 
m139 
m2172 5 13 33 46 263 283 296 696 2305 2313 2333 2346 3183 
m3636 31 45 2281 
m177 22 44 46 1146 2344 2346 4846 
m3011 45 46 2345 2346 
m1996 36 37 40 46 1837 1846 2036 2037 2040 2046 2337 2346 4346 
m990 11 45 595 
m3576 37 41 46 2087 2096 4837 
m1344 32 33 40 46 1633 2032 2033 2040 2046 2332 2333 
m1708 22 36 41 46 48 1136 1141 1848 2086 2098 2322 2336 2341 2348 4336 
m1966 13 22 33 49 699 1113 1122 1149 1672 1699 4163 
m653 26 32 36 40 46 49 1336 1340 1346 1349 1632 1636 1649 1849 2032 2036 2040 2046 2332 2336 2340 2346 2349 
m3103 5 13 22 33 46 655 1113 1133 1146 1655 1696 2305 2313 4163 
m1998 13 22 36 38 40 1113 1122 1136 1138 1140 1813 1840 1913 1936 1940 2013 
m1269 30 40 45 46 2030 2040 2045 2046 2280 2290 2296 2330 2340 2346 
m1176 22 46 2322 
m1028 10 13 22 660 663 672 1110 1113 1122 
m1093 5 13 33 45 263 283 2255 2263 2283 3183 
m2804 14 45 745 
m2640 40 46 2046 2346 
m2220 22 45 46 1145 1146 2296 4846 
m715 23 36 1173 1186 1823 1836 3673 3686 4323 
m474 22 23 30 1123 1130 1180 1530 
m828 5 13 22 33 36 40 655 1105 1113 1122 1133 1136 1140 1655 1805 1813 1833 1840 2013 2033 3183 
m614 12 22 23 36 40 41 46 49 640 1123 1136 1141 1149 1162 1186 1190 1196 1199 1812 1840 1846 1849 2062 2073 2086 2090 2096 2099 2340 2462 2486 2496 3146 3686 4312 4336 
m3028 5 13 14 33 655 705 713 1655 1664 4163 
m1510 14 49 2464 
m954 27 32 38 46 1382 1388 1396 1638 1646 1946 
m2460 37 46 2346 4396 4837 
m1725 14 22 44 46 1114 1144 1146 2214 2246 2314 2322 2344 2346 3246 4846 
m2370 22 36 46 49 1136 1146 1149 1849 2336 2346 2349 
m3368 22 30 36 40 46 1122 1130 1136 1146 1522 1536 1822 2022 2030 2036 2322 2330 2336 2340 2346 4836 
m2218 29 36 41 1486 1829 1836 1841 2079 2086 2091 
m2915 40 46 2046 2346 
m2138 36 49 1836 1849 2499 
m2905 45 46 2345 
m1900 22 23 30 36 40 41 1123 1136 1141 1172 1186 1190 1191 1522 1523 1536 1540 1541 2022 2023 2036 2041 2086 3673 3686 4336 4586 
m2 10 30 46 530 2310 2330 
m2253 23 36 40 41 1173 1186 1190 1191 1823 1840 2023 2036 2073 2086 2090 3673 4323 4336 4586 
m1939 13 20 33 36 40 41 670 686 690 691 1033 1036 1040 1041 1686 1690 1691 1840 1841 2036 2041 3183 3536 4336 
m279 13 22 33 36 40 1113 1122 1133 1136 1140 1813 1833 1840 2013 2033 4163 
m492 22 23 30 38 1122 1123 1130 1138 1172 1173 1188 1522 1523 1530 1538 3673 
m224 6 42 46 2306 2342 2842 
m743 14 40 740 
m1707 
m1718 22 23 30 1122 1123 1130 1172 1173 1180 1522 1523 1530 3673 
m3530 14 22 722 1114 1122 
m1205 13 22 40 46 1113 1122 1146 2013 2022 2046 2313 
m788 22 44 46 1146 2322 2344 2346 4846 
m33 
m1482 37 46 2337 
m689 22 46 1146 2346 
m3302 5 13 22 263 272 1105 1113 1122 
m3301 22 23 36 40 46 49 1123 1136 1146 1149 1836 1846 1849 2022 2023 2036 2046 2049 2323 2473 2486 2496 3686 4323 4336 4836 
m3612 30 45 46 2280 2296 2330 2346 4846 
m660 3 32 36 41 46 186 191 1603 1641 2303 2332 2336 2341 4136 4586 
m724 5 32 36 255 282 286 1805 1832 
m2880 23 36 41 1186 1191 1823 1836 1841 2073 2086 2091 4341 4586 
m3061 20 22 23 30 38 1022 1023 1030 1038 1122 1123 1130 1172 1173 1180 1188 1520 1523 1538 1922 1923 1930 3673 
m1790 22 26 44 46 1146 1322 1326 1344 1346 2344 2346 4846 
m2109 13 17 22 45 46 672 872 2263 2267 2295 2296 2313 2317 2322 3363 
m1374 41 2091 
m1224 22 41 46 1141 1146 2341 
m1276 8 22 36 45 46 1108 1122 1136 1145 1146 2258 2286 2295 2296 2308 2336 2346 4308 4836 
m3487 36 46 49 2336 2349 2486 
m966 13 22 33 36 40 1113 1133 1136 1140 1813 1833 1840 2013 2033 4163 
m2343 5 13 22 26 33 46 263 283 672 1305 1313 1333 1346 1672 2305 2313 2322 2333 4163 
m2364 37 39 40 46 1890 1987 1990 2340 4396 4496 
m797 22 44 46 1146 2344 2346 4846 
m502 26 33 47 1333 1347 1697 
m2445 16 44 49 844 849 2494 
m73 36 48 1836 1848 2436 2448 
m980 14 46 746 
m592 37 46 4396 
m3351 3 23 30 36 49 180 186 199 1153 1180 1199 1549 1830 1849 3686 
m2481 38 41 46 1941 1946 2341 
m3115 26 39 41 1339 1341 1991 2091 
m1211 5 36 41 46 1805 2055 2096 2305 2336 4586 
m2432 23 36 40 45 46 49 1190 1195 1836 1840 1845 2023 2036 2040 2045 2046 2049 2323 2336 2340 2345 2473 2486 2495 2496 3686 4323 4336 4836 
m2489 22 39 45 46 1122 1146 1972 1995 1996 2272 2296 
m1467 9 14 22 36 49 709 1109 1114 1136 1149 1809 1814 1836 1849 2459 2464 2486 2499 
m2727 5 36 45 46 49 286 296 299 1836 1846 1849 2255 2286 2296 2299 2336 2349 
m1134 46 2346 
m2578 37 40 46 49 1899 2037 2046 2049 2337 2340 2346 2349 4396 
m2292 45 46 2345 2346 
m2078 22 44 46 1146 2322 2344 2346 4846 
m402 36 
m1505 39 45 1995 2289 2295 
m2307 36 46 49 1836 2336 2346 2349 2486 2499 4336 
m2902 22 40 46 1140 1146 2340 
m1375 23 30 37 46 1180 1880 2323 2330 2337 2346 4373 4823 4837 
m3499 12 26 34 45 46 634 645 1312 1334 1345 1346 1734 2284 2334 2345 4812 
m1149 46 
m2497 40 45 46 2046 2290 2296 4846 
m2889 22 45 46 1122 1145 1146 2345 
m150 22 46 1146 
m2722 30 39 1980 
m2815 22 44 46 1146 2344 2346 4846 
m1743 14 22 38 46 49 722 749 1914 1938 1946 1949 2314 2322 2338 2346 2349 2472 4814 
m663 13 22 38 1113 1122 1138 1913 
m3496 14 21 45 46 721 745 2271 2321 2345 4814 
m2694 22 44 46 1146 2322 2344 2346 4846 
m2811 15 46 2315 
m3572 46 
m2479 22 45 46 1145 1146 2345 
m1431 32 45 46 2282 2296 2332 
m1753 14 46 2314 2346 4814 
m2012 22 40 1140 
m621 36 40 41 46 1836 1840 1841 1846 2036 2040 2041 2046 2336 2340 2341 2346 4346 4586 
m1166 6 36 42 49 2456 2486 2492 2836 4606 4636 
m821 23 38 45 1188 1195 1945 2288 2295 
m257 3 32 36 41 46 186 191 1603 1641 2303 2332 2336 2341 4136 4586 
m2932 22 46 1146 
m727 30 45 46 2280 2295 2296 2330 2346 
m2285 36 49 1849 2486 2499 
m1407 36 45 46 49 1845 2336 2345 2346 2349 2486 2495 2496 
m3068 40 44 46 2044 2046 2344 
m3243 32 36 1832 4336 
m291 26 32 46 1626 1646 2326 
m290 14 34 46 734 746 2334 
m2107 22 44 46 1144 1146 2246 2344 2346 4846 
m2246 23 36 40 1190 1840 3686 4336 
m1159 14 714 
m2351 13 22 36 38 40 1113 1122 1136 1138 1140 1813 1840 1913 1936 1940 2013 
m3207 14 36 49 1814 1849 2464 
m494 10 46 2310 
m2899 30 37 40 46 1880 1890 2030 2046 2330 4396 
m799 22 30 36 40 41 49 1130 1136 1141 1536 1540 1541 1830 1836 1840 1841 2036 2072 2080 2086 2090 2091 2472 2480 2486 2491 
m2493 8 46 2308 2346 4846 
m3043 45 2295 
m3484 36 45 1845 2286 2295 
m2548 12 40 45 46 645 2012 2045 2046 2312 2340 2345 2346 4812 
m1541 14 714 
m72 32 36 46 1632 1636 1646 1832 1836 1846 2332 2336 2346 4332 
m2373 36 
m1619 22 23 36 40 41 46 49 1123 1136 1140 1149 1173 1186 1190 1199 1840 2022 2023 2036 2040 2041 2049 2072 2073 2086 2090 2099 2322 2323 2340 2341 2473 2486 3673 3686 4323 
m1800 22 36 41 1136 1141 1841 2072 2086 2091 4586 
m639 14 30 37 714 730 737 1880 3237 
m1885 5 22 44 46 272 294 296 1144 1146 2205 2246 2305 2322 2344 2346 4846 
m604 5 45 46 2255 2296 2305 
m3304 13 22 33 36 40 672 1113 1122 1133 1136 1140 1672 1813 1822 1833 1840 2013 2022 2033 4163 
m3209 22 36 40 46 1122 1136 1146 1822 2022 2036 2322 2336 2340 2346 4836 
m747 36 40 46 49 1836 1840 1846 2036 2040 2046 2049 2336 2346 2349 2486 4346 4836 
m486 22 36 40 41 45 46 49 1122 1136 1140 1146 1149 1836 1841 1846 2036 2041 2046 2272 2286 2290 2295 2296 2299 2336 2341 2346 2472 2486 2490 2496 2499 4341 4836 
m978 22 23 36 40 46 1122 1123 1136 1140 1146 1172 1822 2022 2023 2036 2040 2046 2322 2323 2336 2340 2346 4323 4823 
m1573 22 23 1122 1123 1172 
m309 22 36 40 46 49 1149 1822 1849 2022 2036 2049 2322 2336 2340 2349 
m2366 18 46 2318 
m3174 40 46 2040 2046 
m1012 12 36 40 45 46 640 645 1845 2036 2045 2336 2340 2345 3136 4812 
m140 5 36 37 38 45 46 286 295 1845 1855 1886 1895 1936 1937 1938 1946 2305 2336 2337 4336 
m2026 22 36 41 46 1122 1136 1141 1146 1822 1836 2072 2086 2091 2322 2336 2341 4586 
m1324 5 22 30 37 46 272 280 287 296 1522 1537 1855 1872 1880 1887 1896 2305 2322 2330 2337 2346 4387 4837 
m2696 22 44 46 1146 2344 2346 4846 
m1312 22 23 30 39 41 1123 1130 1139 1141 1523 1973 1980 1991 2073 2080 3673 4473 
m2883 22 23 30 40 41 1130 1140 1180 1523 1530 2022 2023 2030 2072 2090 
m2597 22 36 40 41 1136 1141 2036 2086 2090 
m1270 14 40 46 2014 2040 2046 2314 2346 4814 
m232 22 27 40 46 1127 1140 1146 2027 2046 2327 
m3085 14 49 2464 
m2871 13 14 22 672 722 3213 
m495 22 45 1145 
m1179 36 
m543 12 22 30 622 1512 1522 
m143 22 44 46 1146 2322 2344 2346 4846 
m2721 8 408 
m763 22 44 46 1146 2222 2244 2246 2322 2344 2346 4846 
m2213 32 36 41 46 1641 1646 2332 2336 2341 2346 4136 4586 
m3298 10 36 40 49 536 1810 1836 1849 2010 2036 2049 2460 2486 
m1599 13 22 36 49 699 1113 1122 1136 1149 1813 1849 
m3697 22 46 1146 
m469 13 22 33 36 40 1113 1122 1133 1136 1140 1813 1822 1833 1840 2013 2022 2033 4163 
m1739 22 23 27 36 40 1122 1123 1127 1136 1140 1190 1372 1373 1386 1390 1823 1840 2023 2040 
m39 22 30 45 1122 1130 1145 1522 2272 2280 
m677 27 44 45 46 1394 2277 2294 2296 2327 2344 
m1162 
m2002 11 13 14 37 563 564 587 737 1863 1864 3213 4363 4387 
m737 13 22 41 691 1113 1122 1141 
m1326 20 45 1045 
m3116 22 26 46 1146 1322 1326 1346 
m683 30 45 1530 2280 
m2332 5 37 46 1855 2305 2337 2346 
m3041 45 46 2295 2296 2346 
m295 13 22 36 38 40 672 686 690 1113 1122 1136 1140 1822 1913 1922 1936 1940 2022 2036 
m2457 14 36 49 749 1814 1849 
m2726 13 33 36 49 663 683 686 699 1663 1683 1686 1699 1833 1849 2463 2483 2486 3183 
m2778 22 23 36 49 1123 1136 1149 1173 1186 2473 2486 3673 4323 
m919 23 26 34 36 46 1176 1184 1186 1196 1726 1746 1826 1846 2326 4334 
m842 11 13 33 39 563 583 589 689 1983 3183 
m784 32 36 45 46 1832 2282 2286 2296 2332 2336 2346 4836 
m2044 36 41 44 1841 2086 2091 2094 2236 2241 2244 
m93 12 45 46 645 2312 2345 
m1832 17 38 46 896 1917 1938 1946 2317 2338 2346 3396 4817 4846 
m2668 22 44 46 1144 1146 2246 2344 2346 4846 
m2391 12 38 45 46 645 1912 1946 2345 4812 
m3265 45 46 2296 
m2419 42 45 2145 
m1198 22 46 1146 
m1119 32 36 4332 
m3098 48 2448 
m1468 9 14 36 49 709 1809 1814 1836 1849 2459 2464 2486 2499 
m1675 13 38 46 1913 1946 4813 
m2492 11 13 33 45 563 583 595 695 1695 3183 
m3603 9 36 46 49 459 486 496 499 1809 1846 1849 2309 2336 2346 2349 2459 2486 2496 2499 4336 
m2616 45 
m3497 22 36 41 49 1122 1136 1141 1149 1849 2072 2086 2099 4336 
m950 22 46 48 1146 1148 2348 
m839 22 32 46 1132 1146 2332 
m2116 22 35 46 1135 1146 2322 2335 2346 
m3211 22 30 36 40 41 1122 1130 1136 1140 1141 1522 1536 1840 2036 2040 2072 2080 2086 
m154 22 
m1220 30 36 40 46 49 1549 1830 1836 1846 1849 2030 2036 2040 2046 2049 2330 2349 2480 2499 
m144 22 44 46 1146 2344 2346 4846 
m3162 14 22 23 30 36 40 41 741 1123 1130 1136 1140 1141 1191 1523 1536 1540 1541 1823 1841 2023 2036 2041 2072 2073 2080 2086 2090 2091 3673 4323 
m1764 5 13 33 45 655 1655 1695 2255 2263 4163 
m3409 13 20 22 32 36 40 46 672 686 690 1013 1022 1032 1036 1040 1122 1136 1140 1613 1622 1636 1640 1822 2022 2036 2313 2320 2322 2332 2336 2340 
m1133 22 37 46 1137 1146 4837 
m17 37 40 46 2037 2046 4837 
m3223 45 46 49 2295 2299 2345 2349 
m2437 22 23 30 36 40 45 46 1122 1123 1130 1136 1140 1145 1146 1172 1173 1180 1190 1196 1522 1523 1536 1540 1545 1546 1822 1823 1830 1836 1840 1845 1846 2022 2023 2030 2036 2040 2045 2046 2272 2273 2280 2286 2290 2296 2322 2323 2330 2336 2340 2345 2346 4823 
m2923 21 23 46 1171 2321 2323 
m3659 19 46 969 996 2319 2346 
m2552 37 
m2501 8 36 46 1808 2308 2336 2346 4836 
m2263 12 14 36 40 41 46 636 640 641 736 740 741 1841 2036 2041 2314 2336 2340 2341 3114 3236 4336 4812 
m2623 10 36 46 1810 2310 2346 4836 
m1509 41 45 2091 2095 2291 2295 
m174 45 46 2295 2296 2345 2346 4846 
m566 13 38 1913 1938 
m268 38 45 1938 1945 
m631 22 23 30 40 41 1123 1130 1140 1190 1523 1530 1540 2022 2023 2030 2072 2090 
m3191 22 37 1872 
m388 18 37 46 1868 2318 4837 
m1473 36 46 2336 
m686 14 32 714 732 
m2583 46 
m3071 13 23 36 1186 1813 3663 
m1866 11 
m2747 22 23 30 1122 1123 1130 1172 1173 1180 1522 1523 1530 3673 
m807 36 41 46 1841 2341 4836 
m3445 22 36 40 46 48 1822 2022 2036 2322 2336 2340 2436 2440 2446 
m2062 12 30 45 630 2262 2280 
m1032 14 22 36 40 46 722 1814 1822 1836 1840 1846 2014 2022 2036 2040 2046 2314 2322 2340 2346 3246 4314 4346 4836 
m1186 37 45 1895 
m1098 12 13 33 46 662 696 2333 3133 3183 4812 
m2878 22 23 36 38 40 41 46 1136 1138 1140 1146 1923 1936 1940 1946 2022 2023 2036 2038 2046 2072 2090 2323 4323 4836 
m3711 22 33 46 1122 1133 1146 1672 1683 1696 2322 2333 2346 4833 
m3436 13 22 46 1113 1122 2322 4813 
m3099 22 23 30 36 40 41 1122 1123 1130 1136 1140 1172 1180 1186 1522 1523 1536 1822 2023 2030 2036 2072 2073 2080 2086 2090 3673 4323 
m2376 14 22 36 40 46 722 740 746 1140 1146 1822 1840 2014 2036 2040 2046 2322 2336 2340 2346 3236 4346 4814 
m1979 22 23 30 39 1123 1522 1523 1972 1973 1980 3673 
m2816 23 46 2346 3696 4823 
m1044 17 22 44 46 49 899 1144 1146 2217 2246 2317 2344 2346 2349 3396 4817 4846 
m3056 5 26 33 45 1305 1333 1345 1655 1695 2255 
m2510 36 48 1836 1848 2436 2448 4336 
m1491 12 45 46 645 2345 4812 
m2248 22 30 36 40 46 1122 1130 1136 1140 1146 1536 1540 1546 1836 1840 1846 2022 2030 2036 2040 2046 2322 2330 2336 2340 2346 4346 
m2719 22 23 30 45 46 1122 1123 1130 1145 1146 1195 1522 1523 1530 1545 1546 2273 2280 2295 2296 2322 2330 2345 2346 3696 4823 
m1559 34 1734 
m2031 30 37 46 1880 2330 4837 
m1610 12 13 22 36 40 622 636 640 672 686 690 1112 1113 1122 1136 1140 1822 2022 2036 3162 
m2950 5 13 22 33 655 1113 1122 1133 1655 1672 4163 
m211 45 
m389 13 36 40 49 2013 2036 2463 2486 2490 4313 
m1571 13 33 36 40 46 690 1813 1833 1840 2033 2313 2333 3183 4836 
m9 11 13 22 45 563 572 595 695 1113 1145 
m2328 12 36 45 46 636 645 1845 2312 2336 2345 2346 4812 4836 
m446 
m2603 22 44 46 1146 2344 2346 4846 
m936 14 40 46 2014 2046 2314 2346 4814 
m481 11 13 33 45 563 583 595 2263 2283 3183 
m3101 14 27 36 46 48 736 746 748 1364 1386 1396 1398 1846 1848 2446 
m1894 14 23 30 38 730 1180 1514 1523 1530 1538 1914 1923 1930 1938 3223 
m159 22 36 49 1149 1822 1836 1849 2472 2486 2499 
m746 11 
m287 45 
m3047 33 45 1695 2283 2295 
m1745 22 23 38 46 49 1122 1123 1138 1146 1199 1923 1938 1946 1949 2323 2346 2349 
m1830 37 46 49 2337 2346 2487 2496 4837 
m96 22 46 1146 2322 2346 
m2503 22 44 46 1144 1146 2222 2244 2246 2322 2344 2346 4846 
m431 36 42 4636 
m2360 45 
m780 22 44 46 1146 2344 2346 4846 
m3713 22 44 46 1122 1146 2344 2346 4846 
m606 14 32 36 41 46 736 741 1614 1641 2314 2332 2336 2341 4136 4586 
m1967 45 46 2345 2346 
m1850 38 46 1946 
m781 22 44 46 1146 2344 2346 4846 
m2573 26 37 46 49 1337 1346 1349 1899 2337 2349 2487 2499 4387 
m711 13 22 33 1113 1133 4163 
m138 13 46 2313 
m3285 23 30 46 1180 2323 2330 2346 
m3740 40 45 46 2040 2045 2046 2345 4846 
m1874 23 36 40 41 45 1186 1190 1823 1836 1840 2023 2036 2040 2073 2086 2090 2291 
m1727 22 33 46 1133 1146 1672 1683 1696 2322 2333 2346 4833 
m3653 32 46 1632 1646 2332 
m782 36 40 41 46 49 1836 1841 1846 1849 2036 2040 2041 2046 2086 2096 2099 2336 2346 2349 4346 4586 4836 
m1493 14 36 49 736 749 1849 
m3687 45 49 2295 2299 
m2239 14 22 36 46 49 722 736 749 1814 1822 1849 2322 2336 2349 2472 4336 4814 
m2845 23 30 45 1180 1195 1523 1530 1545 2273 2280 2295 3673 
m3396 28 38 1928 1938 
m3139 22 45 46 1122 1146 2272 2295 2296 2322 2346 4846 
m823 18 46 2318 
m896 32 45 1645 
m2003 13 22 46 1113 2313 2322 
m1702 22 36 40 41 46 49 1136 1140 1141 1149 1836 1849 2036 2049 2086 2090 2099 2322 2336 2340 2341 2349 4336 
m3195 45 46 2295 2296 2345 
m398 14 46 746 2346 
m2483 12 46 612 2312 2346 4812 
m1376 14 23 30 46 730 1180 2314 2323 2330 2346 3223 4814 4823 
m40 12 23 36 41 46 636 1823 2062 2073 2096 2336 3123 4586 4812 4823 
m1287 36 40 46 2036 2046 2340 2346 4836 4846 
m3512 36 40 1836 1840 2036 2040 4336 
m2558 30 46 2330 
m1181 22 23 30 46 1122 1123 1130 1146 1180 1523 1530 1546 2330 2346 4823 
m2418 26 40 45 46 1340 1346 2026 2040 2045 2046 2276 2290 2296 2340 
m3034 23 30 36 1180 1530 1823 1830 
m1802 22 23 36 40 41 46 1123 1136 1140 1141 1146 1190 1822 1823 1836 1840 1841 2023 2036 2040 2041 2046 2072 2073 2086 2096 2322 2323 2336 2340 2341 2346 3673 3686 4323 4346 4823 
m3369 22 
m161 37 46 4396 
m1515 13 46 47 696 2363 2396 
m3469 46 
m882 46 2346 
m1160 46 2346 
m3510 14 46 714 746 2314 2346 4814 
m1612 
m1321 5 40 45 46 2005 2045 2046 2255 2296 2305 
m2801 5 32 1605 
m235 23 45 1195 
m3703 22 36 40 46 1122 1136 1140 1146 1822 1836 1840 1846 2022 2036 2046 2322 2336 2340 2346 4346 4836 
m1430 5 13 14 23 33 655 705 713 1155 1163 1164 1183 1655 1664 4163 
m3354 33 1683 
m2182 13 22 33 36 40 690 1113 1122 1133 1136 1140 1690 1813 1833 1840 2013 2033 4163 
m3417 14 36 40 45 736 740 745 1840 2036 2286 2290 4336 
m375 5 45 295 
m793 38 46 1938 1946 
m535 27 36 46 49 1827 2327 2336 2486 2496 
m988 12 14 32 37 46 614 632 732 737 1882 2314 2332 2337 3137 4812 
m1418 22 45 1122 1145 2272 2295 
m1106 14 40 46 49 2014 2046 2314 2346 2464 2490 2496 4814 
m2984 22 23 30 36 41 1123 1130 1136 1523 1823 1830 2072 2073 2080 3673 4323 4586 
m3247 36 39 40 1836 1839 1840 1986 1990 2036 2039 2040 
m3361 22 37 46 1122 1137 1146 2322 2337 2346 4837 
m2960 14 22 40 46 722 746 2014 2022 2046 2322 
m3318 36 40 46 49 1836 1840 1846 1849 2036 2040 2046 2336 2340 2346 2349 2486 2490 2496 4336 4346 4836 
m733 26 36 46 1336 1346 2336 2346 4836 
m251 36 38 46 1936 1946 4836 
m1721 14 45 745 
m3356 13 33 45 2263 2283 4163 
m1609 22 37 46 1137 1146 2337 2346 4837 
m619 37 1887 
m2323 14 40 46 49 2014 2040 2046 2314 2346 2464 2490 2496 4814 
m3190 28 36 38 46 1928 1936 1946 2328 2336 2346 4328 4836 
m3031 30 40 46 49 2030 2046 2049 2330 2349 2480 2496 4846 
m3385 27 36 48 49 1386 1398 1399 1827 1848 1849 2486 2498 2499 4336 
m2018 22 23 32 1122 1123 1132 1182 1622 1623 1632 
m2596 12 45 46 645 2345 4812 
m563 12 17 46 612 2312 2317 2346 3117 4812 
m3121 12 22 36 41 46 49 622 641 1141 1812 1822 1841 2322 2336 2341 2462 2472 2486 2491 2496 3136 4312 4336 4812 
m3027 23 32 42 1182 1192 1642 
m317 22 37 38 45 46 1872 1922 1937 1945 1946 2272 2287 2296 2322 4837 
m708 22 23 36 46 49 1123 1136 1146 1149 1836 1846 1849 2323 2336 2473 2486 2496 3686 4323 4336 4836 
m1120 45 2295 
m35 22 30 40 46 1130 2022 2030 2040 2046 2322 2330 2346 
m1844 17 46 2317 2346 4817 
m2392 14 46 49 2314 2346 2464 2496 4814 
m3355 22 23 30 46 1122 1123 1130 1146 1180 1523 1530 1546 2330 2346 4823 
m928 27 28 36 46 1378 1386 1396 1828 2327 2328 2336 2346 4836 
m430 10 22 44 46 546 1110 1144 1146 2210 2246 2310 2344 2346 4846 
m115 22 23 30 36 40 41 46 1122 1123 1130 1136 1140 1141 1146 1191 1523 1536 1541 1546 1841 1846 2023 2030 2036 2040 2041 2046 2072 2073 2091 2341 3696 4323 
m3537 22 33 46 1672 1696 2322 
m3066 22 23 36 40 46 49 1123 1136 1140 1146 1149 1190 1822 1840 2023 2036 2040 2046 2049 2322 2336 2340 2346 2472 2473 2486 2496 3696 4323 4346 4823 
m3607 22 23 36 40 41 46 49 1122 1123 1136 1140 1141 1149 1173 1186 1190 1822 1823 1836 1841 1849 2022 2023 2036 2040 2046 2072 2073 2086 2322 2323 2336 2341 2349 2472 2473 2486 2491 3673 3686 4323 4336 
m1454 32 36 38 41 46 1641 1646 1932 1936 1941 1946 2332 2336 2341 2346 4136 4586 
m1603 10 32 46 1610 1646 2310 
m2757 36 37 40 46 1886 1896 2036 2037 2046 2336 2346 4836 4837 
m3179 32 36 44 46 1644 2236 2332 2336 2344 2346 4136 
m3260 5 45 46 2255 2296 2305 
m2255 22 36 37 40 46 1122 1136 1137 1140 1146 1822 1836 1837 1840 1846 1890 2022 2036 2037 2040 2046 2322 2336 2337 2340 2346 4837 
m2347 46 
m587 36 41 1841 2086 
m1406 22 23 30 46 1122 1123 1130 1146 1180 1522 1523 1530 1546 2330 4823 
m2764 5 14 38 45 46 705 745 1905 1914 1945 1946 2255 2305 2345 4814 
m2340 14 32 48 732 2414 2432 
m911 22 33 46 1122 1133 1146 1696 2333 2346 4196 
m2527 45 
m3628 22 37 40 46 1872 2037 2046 2322 2337 2346 4837 
m3598 5 26 38 46 1305 1346 1926 1946 2305 2346 
m1738 13 36 38 686 688 1838 
m1825 22 46 1146 
m340 22 23 30 36 41 46 1122 1123 1136 1141 1191 1522 1523 1536 1841 2322 2323 2330 2336 3686 
m2032 36 38 40 45 1845 1936 1938 1940 1945 2036 2045 2286 2295 4336 
m1929 36 49 1836 1849 2486 2499 4336 
m514 22 46 49 2322 2346 2472 2496 
m3246 5 30 32 36 46 280 1605 1630 1646 1805 1830 1846 2305 2330 4332 
m3326 5 22 36 38 46 49 272 286 296 299 1149 1822 1849 1905 1936 1946 2322 2346 2349 4836 
m924 22 37 46 1122 1146 1872 2322 4396 
m2143 22 32 37 1622 1872 1882 
m684 22 36 41 49 1136 1141 1822 1849 2072 2086 2091 2099 2472 2486 4336 
m1985 3 13 22 23 172 672 1163 1172 2663 3653 
m594 37 39 40 46 1890 1987 1990 2340 4396 4496 
m3357 14 46 714 746 2314 2346 4814 
m3106 22 23 30 36 40 41 46 1122 1123 1130 1136 1140 1141 1146 1191 1523 1536 1541 1546 1841 1846 2023 2030 2036 2040 2041 2046 2072 2073 2091 2341 3696 4323 
m2622 14 38 40 45 46 740 745 1914 1938 1940 1945 1946 2290 2340 2345 3246 
m47 23 30 36 40 46 1173 1190 1196 1523 1536 1540 1546 1823 1840 2023 2046 2340 3696 4323 4346 
m3370 45 46 2295 2296 
m1689 12 40 46 2012 2046 4812 
m2817 36 40 46 1836 1840 1846 2036 2046 2336 2340 2346 
m3377 11 38 46 588 596 1911 1938 1946 2338 
m202 
m2355 22 36 40 1122 1136 1140 1822 2022 2036 
m2269 27 36 37 46 49 1387 1827 1837 2327 2477 2486 2487 2496 4336 4346 4837 
m3421 8 36 40 46 1808 1836 1840 1846 2008 2036 2040 2046 2308 2336 4336 
m2716 22 45 46 1145 1146 2296 
m2925 38 
m311 36 40 45 1845 2036 2045 2286 2290 2295 
m969 9 36 1809 1836 2959 4309 4336 
m1275 13 45 2263 
m281 9 22 46 1109 1146 2309 2346 4846 
m3036 26 37 46 1876 2326 2337 
m2709 22 45 46 1146 2272 2296 
m3644 46 4846 
m2916 22 23 30 46 1122 1123 1130 1146 1180 1523 1530 1546 2330 2346 4823 
m1630 38 40 41 46 49 1941 1946 2090 2340 2341 2488 2491 2496 
m460 46 50 2546 
m792 8 
m2530 27 46 49 2327 2346 2477 2496 
m2765 22 45 1145 
m410 5 45 46 2255 2296 2305 
m3450 5 33 45 46 1655 1695 2255 2305 2345 4833 
m3053 14 49 2464 
m359 21 36 41 1821 2071 4341 
m333 26 27 46 1326 1327 1346 1376 1396 2326 
m2703 32 37 38 46 1637 1646 1932 1937 1946 2332 2337 2346 4837 
m2876 28 32 36 38 40 46 1628 1632 1636 1640 1646 1828 1832 1836 1932 1936 1940 1946 2028 2032 2036 2040 2046 2328 2332 2336 4136 4332 4836 
m2658 
m2635 12 13 22 27 36 40 627 677 1112 1113 1122 1127 1136 1140 1812 1813 1827 1840 2012 2013 2027 3162 
m2657 22 23 30 45 46 1123 1130 1145 1146 1196 1523 1545 1546 2273 2280 2295 2296 2323 2346 4823 4846 
m3169 46 
m2761 32 37 46 1632 1637 1882 2332 2337 
m2330 18 
m26 37 45 46 1895 2337 2345 2346 4396 
m2884 46 
m720 22 23 30 46 1122 1123 1130 1146 1180 1523 1530 1546 2330 2346 4823 
m1060 13 20 22 33 36 40 45 672 686 690 1013 1022 1036 1040 1045 1113 1122 1133 1136 1140 1145 1672 1686 1690 1813 1822 1833 1836 1840 2013 2022 2033 2036 2040 2263 2272 2286 2290 2295 3183 
m200 14 32 36 46 746 1614 1632 1636 1646 1814 1832 1836 1846 2314 2332 2336 2346 4332 
m1742 22 23 36 40 41 46 49 1123 1136 1140 1173 1186 1190 1199 1840 2022 2023 2036 2040 2041 2049 2072 2073 2086 2090 2091 2099 2322 2323 2340 2341 2473 2486 3673 3686 4323 
m1758 17 22 1117 
m1816 12 14 27 46 712 746 1362 1364 1396 2312 2346 3246 4812 
m3152 16 38 46 838 2338 4816 
m975 26 40 46 1326 1340 1346 2026 2046 2326 3826 
m3674 23 36 40 46 49 1836 1840 1846 1849 2023 2036 2040 2046 2049 2323 2336 2473 2486 2490 2496 3686 4323 4336 4836 
m2647 30 36 40 46 49 1549 1830 1836 1846 1849 2036 2040 2046 2049 2330 2349 2480 2499 
m182 26 38 46 1326 1346 1926 1946 2326 4846 
m2625 22 26 44 46 1146 1346 2344 2346 4846 
m3153 22 44 46 1146 2344 2346 4846 
m1865 36 41 1836 1841 2086 2091 4586 
m2346 5 13 22 26 33 46 263 283 672 1305 1313 1322 1333 1346 1672 2305 2313 2322 2333 4163 
m993 37 
m3070 16 23 36 46 1186 1816 2316 2323 2336 3666 
m392 46 
m2401 22 36 40 41 49 1136 1141 1822 1836 1840 1841 1849 2036 2072 2086 2090 2091 2472 2486 2491 4336 
m1339 
m2587 40 45 2045 
m3268 45 46 2296 
m902 37 38 46 49 1887 1888 1899 1937 1946 2337 2338 2346 2349 4396 4837 
m3494 12 36 40 46 49 636 640 649 1836 1849 2036 2049 2336 2340 2349 2499 4812 
m2986 22 30 32 36 40 41 46 49 1122 1130 1132 1136 1140 1141 1146 1522 1532 1536 1546 1622 1646 1822 1830 1832 1836 1840 1846 1849 2022 2030 2032 2036 2040 2046 2049 2072 2090 2096 2322 2472 2480 2482 2486 2490 2496 4346 4846 
m3313 22 32 36 1622 1822 4136 
m2377 5 36 46 49 286 296 299 1836 1849 2305 2336 2346 2349 4836 4846 
m429 5 46 2305 2346 4846 
m1273 37 46 2337 2346 4837 4846 
m1585 13 33 36 40 48 698 1698 1813 1833 1848 2013 2033 2036 2048 4163 
m15 18 46 2318 2346 
m1046 5 22 37 45 1105 1122 1137 1145 1855 1895 2255 
m2751 30 36 46 1536 1546 2330 2336 2346 4836 
m1592 6 36 42 45 306 345 1845 2106 2145 2836 4306 4606 4636 
m951 22 38 45 46 1122 1146 1922 1938 1945 1946 2272 2288 2295 2296 2346 
m2875 46 
m1912 36 41 46 49 1841 1846 2341 2346 2486 2491 2496 
m2352 22 37 45 46 1122 1137 1145 1146 1887 1895 1896 2287 2296 2337 
m25 40 46 2040 2046 2346 
m2336 36 40 41 46 1841 2036 2040 2041 2046 2086 2090 2091 2096 2336 2340 2341 2346 
m1421 17 46 2317 2346 4817 
m726 5 13 22 45 46 655 1113 1145 1146 2255 2263 2296 2305 2313 
m369 13 22 33 36 38 40 1113 1122 1133 1136 1138 1140 1813 1833 1838 1840 1913 1933 2013 2033 2038 4163 
m252 22 44 46 1144 1146 2222 2246 2322 2344 2346 4846 
m3383 23 45 46 1195 2296 2345 2346 3696 4823 
m3590 22 32 36 40 46 49 1622 1646 1822 1832 1836 1840 1846 1849 2032 2036 2046 2322 2482 2486 2490 2496 4332 
m1601 26 46 1346 2346 
m1001 36 42 4636 
m1471 37 39 40 46 1890 1987 1990 2037 2039 2046 2340 4396 4496 
m1534 14 32 40 46 732 1632 1646 2014 2032 2046 2332 3246 
m239 22 38 46 49 1146 1149 1922 1946 1949 2349 2472 2488 2496 
m3091 46 4846 
m106 22 23 30 36 46 49 1122 1123 1130 1146 1149 1172 1173 1180 1199 1522 1523 1530 1549 1822 1823 1830 1846 1849 2322 2323 2330 2349 2472 2473 2480 2496 3673 4823 
m3281 22 37 41 46 1122 1137 1141 1146 1891 2341 4837 
m3586 14 22 46 714 722 746 2322 3246 
m3083 22 36 40 46 48 1136 1140 1146 1848 2036 2040 2046 2336 2340 2346 2348 4336 4836 
m2707 22 26 44 46 1146 1322 1344 1346 2326 2344 2346 4846 
m2348 26 46 1346 
m1720 36 38 46 1936 1946 2336 2338 2346 4836 
m2836 12 32 612 1612 
m557 16 23 30 38 45 46 830 1180 1516 1523 1530 1546 1916 1930 1945 1946 2266 2273 2280 2296 2316 2323 2330 2345 2346 3323 4823 
m1698 22 36 41 1136 1141 1841 2072 2086 2091 4586 
m1852 26 46 1326 1346 2326 2346 3826 
m1006 22 44 46 1146 2222 2244 2246 2344 2346 4846 
m568 22 44 45 46 1144 1145 1146 2294 2296 2344 2346 
m1518 22 23 30 38 41 1123 1130 1172 1173 1188 1522 1523 1530 1538 2072 2073 2080 3673 
m1299 8 22 23 30 46 408 422 423 430 446 1122 1123 1130 1146 1180 1523 1530 1546 2330 4823 
m1142 22 37 45 49 1122 1137 1145 1149 1899 2287 2299 
m3284 36 40 45 46 1845 2036 2040 2045 2046 2296 4346 
m2216 22 23 30 38 1122 1123 1130 1138 1172 1173 1188 1522 1523 1530 1538 1922 1923 3673 
m1019 45 
m3672 26 44 46 49 1344 1346 2246 2476 2494 2496 
m643 44 46 49 2246 2494 2496 
m2872 22 23 36 40 49 1122 1123 1136 1140 1149 1173 1186 1190 1822 1823 1836 1849 2023 2036 2472 2473 2486 3673 3686 4323 4336 
m3376 23 36 41 1823 2073 3673 4323 4586 
m915 12 14 46 2312 2314 2346 3212 4812 4814 
