m3454 12 26 40 46 626 2012 2026 2046 2312 2326 2340 2346 4812 
m1217 38 44 45 46 49 1938 1946 2238 2246 2249 2288 2294 2296 2299 2338 2344 2346 2349 
m3543 5 32 46 1605 2305 2332 2346 4846 
m1391 22 23 36 40 41 1172 1822 1841 2022 2023 2036 2041 2072 2073 4323 4336 4586 
m3105 5 13 33 46 655 1655 2305 2313 2333 4163 
m503 23 46 2323 2346 4823 
m2431 22 44 46 1122 1144 1146 2322 2344 2346 4846 
m133 22 23 30 41 46 1122 1123 1130 1141 1146 1172 1173 1180 1191 1196 1522 1523 1530 1541 1546 2072 2073 2080 2322 2323 2330 2341 2346 3673 3696 4823 
m601 22 44 46 2222 2246 2322 2344 2346 4846 
m1812 30 46 2330 
m3646 22 23 30 37 40 46 1122 1123 1130 1137 1146 1172 1187 1522 1523 1530 1537 1546 1872 2022 2023 2030 2037 2040 2046 2322 2323 2330 2346 3696 4396 4837 
m562 22 40 41 46 1122 1140 1141 1146 2041 2046 2341 2346 
m3102 5 13 33 655 1655 4163 
m3343 36 41 46 2336 2341 2346 4586 4846 
m2720 22 23 36 40 41 46 49 1123 1136 1141 1146 1191 1822 1823 1836 1840 1841 1849 2022 2023 2036 2040 2041 2046 2072 2073 2086 2090 2091 2322 2323 2336 2340 2341 2349 2472 2473 2486 2490 2491 4323 4336 4346 4836 
m455 22 38 46 1138 1146 1922 1938 1946 
m899 36 40 41 46 1841 2036 2041 2086 2090 2091 2336 2340 2341 4336 4836 4846 
m1035 22 36 40 45 1122 1136 1140 1145 1836 1840 1845 2036 2040 2045 2286 2290 
m2207 22 32 37 38 46 49 1132 1137 1146 1637 1646 1922 1938 1946 1949 2332 2337 2346 2472 2487 2496 4837 
m1694 22 23 30 39 46 1123 1130 1139 1146 1172 1173 1180 1189 1196 1522 1523 1539 1546 1972 1973 1980 1989 1996 2322 2323 2330 2339 2346 3689 3696 4473 4496 4823 
m2105 23 24 40 46 1190 1240 1246 2023 2024 2040 2046 2323 2324 2340 2346 3696 3723 
m2235 28 36 1428 1436 1828 1836 3936 4328 
m2607 23 36 40 46 48 1190 1823 1836 1840 1846 1848 2023 2036 2040 2046 2048 2336 2340 2346 2423 2436 2446 3686 3696 4323 4346 4823 4836 
m3712 22 44 45 46 1146 2272 2294 2296 2344 2346 4846 
m2785 22 30 36 38 41 46 48 1122 1138 1141 1146 1830 1848 1930 1936 1941 1946 2080 2086 2088 2091 2096 2098 2330 2336 2348 2430 4336 
m3738 23 30 36 39 40 41 1173 1186 1189 1190 1191 1523 1536 1539 1541 1823 1973 1986 1990 1991 2023 2036 2073 2086 2089 2090 2091 3686 4336 4586 
m3699 22 36 40 46 49 1136 1140 1146 1822 1840 1846 2022 2036 2040 2046 2049 2322 2336 2340 2346 2349 2472 2486 2490 2496 4836 
m884 22 23 36 40 41 1123 1141 1173 1186 1190 1823 1836 2023 2036 2040 2072 2073 2086 2090 2091 3686 4323 
m2766 13 22 40 690 1113 1122 
m7 14 38 40 46 49 1914 1938 1940 1946 1949 2014 2046 2049 2346 2464 2496 4814 
m3362 23 24 40 46 1190 1240 1246 2023 2024 2040 2046 2340 3696 3723 
m36 22 32 36 40 46 49 1136 1140 1146 1149 1640 1646 1832 1836 1840 1846 2032 2036 2040 2046 2049 2332 2336 2340 2346 2349 2486 2490 2496 4136 4346 
m213 17 22 46 1117 1122 1146 2346 4817 
m3722 14 22 23 30 40 41 46 714 746 1114 1141 1146 1164 1172 1190 1191 1196 1514 1522 1523 1530 1540 1541 1546 2014 2022 2023 2030 2040 2041 2046 2064 2096 2314 3664 
m3348 37 46 49 1899 2337 2346 2349 4396 4837 4846 
m670 11 13 22 46 563 572 596 1113 1122 1146 2313 2322 2346 4846 
m2150 38 46 1938 1946 2338 2346 
m276 36 37 38 40 46 49 1836 1838 1840 1846 1849 1886 1890 1936 1937 1938 1940 1946 2036 2037 2038 2040 2046 2336 2337 2338 2340 2346 2486 2488 2490 2496 2499 
m1893 22 23 26 1123 1126 1173 1176 1323 3673 
m1151 22 30 36 46 1130 1136 1146 1536 1546 1822 1830 1836 1846 2322 2330 2336 2346 4836 
m208 17 40 46 2017 2046 2346 4817 
m3426 14 46 2314 2346 4814 
m877 14 21 40 714 721 740 2014 2021 
m2832 26 46 1346 
m1542 4 204 
m600 13 36 38 46 49 699 1849 1913 1936 1946 1949 2313 2349 3186 4836 
m1598 12 23 30 46 1162 1196 1512 1523 1530 1546 2312 2330 2346 3696 4812 4823 
m2994 
m1933 22 36 40 46 1122 1136 1140 1146 1836 1840 2022 2036 2040 2046 2322 2336 2340 2346 4836 
m314 13 20 22 33 36 40 672 686 690 1013 1022 1033 1036 1040 1122 1136 1140 1672 1686 1690 1822 2022 2036 3183 
m2446 22 23 1122 1123 
m2550 22 46 1122 1146 2322 2346 
m2618 32 46 2332 
m1606 12 23 30 46 1162 1196 1512 1523 1530 1546 2346 3696 4812 
m1057 37 40 46 1890 2340 4396 
m942 14 37 46 2314 2337 2346 4364 4814 
m1526 22 30 40 46 1122 1130 1140 1146 2030 2046 2322 2330 2340 2346 
m989 32 37 1632 1637 1882 
m2557 22 37 46 1122 1137 1146 2322 2337 2346 4837 
m1537 26 32 36 38 46 1332 1336 1346 1832 1926 1932 1936 1946 2332 2336 2346 4836 
m3263 30 46 49 1530 1549 2330 2346 2349 
m2206 22 32 37 38 46 49 1132 1137 1146 1637 1646 1922 1938 1946 1949 2332 2337 2346 2472 2487 2496 4837 
m437 5 36 38 46 49 286 296 299 1849 1905 1936 1946 1949 2305 2336 2338 2346 2349 2486 2499 4836 4846 
m403 5 14 22 23 32 36 37 41 264 282 286 722 737 741 1122 1123 1137 1141 1155 1182 1186 1614 1637 1814 1837 1872 1882 1886 1887 1891 2087 3664 4136 4332 
m983 23 38 45 46 1196 1923 1945 1946 2273 2296 2323 2346 3696 4823 
m1182 22 23 30 46 1122 1123 1130 1146 1180 1523 1530 1546 2330 2346 4823 
m132 37 40 46 1890 2037 2040 2046 2337 2340 2346 4396 
m465 5 13 27 38 46 263 296 1355 1363 1396 1905 1913 1927 1946 2313 2346 4813 
m3609 22 23 36 40 41 1122 1123 1136 1140 1141 1172 1173 1822 1823 1836 1840 1841 2022 2023 2036 2040 2041 2072 2073 3673 4586 
m1642 5 12 41 45 46 296 2055 2062 2096 2255 2291 2296 2341 2345 4812 
m316 46 2346 4846 
m1090 23 30 36 40 1180 1523 1530 1536 1540 1830 2023 2030 2036 2040 4323 
m840 12 30 45 46 49 645 1512 1530 1545 1546 2295 2345 2346 2480 2496 2499 4812 
m2769 38 46 49 1938 1946 1949 2349 
m188 22 36 40 41 1136 1140 1141 1822 1836 1840 1841 2036 2041 2072 2086 2090 2091 4586 
m3597 22 23 30 36 40 46 1122 1123 1130 1136 1140 1146 1180 1522 1523 1530 1536 1540 1546 1822 1823 1830 1836 1840 1846 2022 2023 2030 2036 2040 2046 2322 2323 2330 2340 4823 4846 
m2363 11 32 561 582 
m87 8 23 30 38 46 423 430 1173 1180 1508 1523 1908 1923 1930 1946 2308 2323 2330 3673 
m2665 14 46 2346 3246 4814 
m260 46 2346 
m83 
m2990 13 45 46 2263 2295 2296 2313 2346 3196 
m3732 33 44 49 1694 1699 2494 
m1394 36 41 46 2096 2336 2341 2346 4586 4836 4846 
m1092 23 30 36 40 1180 1523 1530 1536 1540 1830 2023 2030 2036 2040 4323 
m1462 22 37 46 49 1872 2322 2346 2487 2496 4396 4837 
m3365 5 23 30 38 40 273 280 290 1190 1523 1530 1540 1905 1923 1930 1940 2023 2030 2040 
m1909 22 33 41 1122 1141 1672 1683 1691 
m1088 22 26 46 1122 1126 1146 1326 1346 2346 
m1520 22 23 30 40 46 1122 1123 1130 1140 1146 1180 1523 1530 1546 2022 2023 2030 2046 2330 2346 4823 
m974 12 36 38 41 46 641 1841 1912 1936 1938 1941 1946 2062 2086 2091 2096 2312 2336 2341 4312 
m3475 13 22 38 672 1113 1138 1913 1922 
m2646 14 46 2346 3246 4814 
m1506 22 23 30 36 40 46 1122 1123 1130 1136 1140 1146 1172 1173 1522 1523 1530 1540 1546 1822 1823 1830 1840 1846 2022 2023 2030 2036 2040 2046 2322 2323 2330 2340 2346 3696 4823 
m463 14 20 40 46 49 720 2014 2020 2046 2049 2314 2320 2346 2349 2464 2470 2496 4814 
m3478 38 40 46 49 1940 1946 2046 2346 2488 2490 2496 
m2650 13 38 46 688 1913 1938 1946 2313 2338 
m1143 22 23 30 40 46 1123 1130 1146 1180 1523 1530 1546 2022 2023 2030 2046 2322 2323 2330 2340 2346 4823 
m3109 22 23 30 46 1123 1130 1146 1180 1523 1530 1546 2330 4823 
m2598 11 46 2311 
m2560 46 2346 
m2736 12 14 22 45 46 49 645 712 745 1112 1114 1146 2314 2345 2346 2462 2464 2472 2496 3146 3246 4812 
m433 14 22 46 722 2314 2322 2346 4814 
m1168 22 37 46 49 1872 2322 2346 2487 2496 4396 4837 
m1448 22 30 46 1122 1130 1146 2322 2330 2346 
m81 22 23 30 46 1123 1130 1146 1180 1523 1530 1546 2330 4823 
m3054 13 38 41 691 1913 1938 1941 
m1616 22 23 30 46 1122 1123 1130 1146 1172 1173 1180 1196 1522 1523 1530 1546 2322 2323 2330 2346 3673 4823 
m2477 
m854 22 30 36 40 45 1122 1136 1140 1522 1536 1540 1836 1840 2022 2036 2040 2272 2280 2286 
m3735 37 46 2346 4837 
m1604 37 41 46 49 1891 2337 2341 2346 2349 2487 2491 2496 4396 
m3303 
m1846 26 46 1346 2346 
m1443 22 33 44 49 1133 1144 1694 1699 2494 
m3314 23 46 2346 4823 
m3335 23 30 45 46 1523 1545 1546 2273 2296 2345 2346 3696 4823 
m3473 29 36 49 1829 1836 2479 2486 4336 
m1621 22 37 45 46 1122 1137 1145 1146 1872 2272 2287 2296 2322 4837 
m1602 22 23 36 40 41 46 49 1136 1140 1146 1172 1186 1190 1196 1199 1822 1823 1836 1840 1846 1849 2022 2023 2036 2040 2046 2049 2072 2073 2086 2099 2322 2323 2336 2340 2341 2346 2349 2472 2473 2486 2490 2496 3686 4323 4336 4836 
m2081 13 46 2313 
m3474 46 4846 
m976 26 36 37 46 49 1336 1337 1346 1349 1837 1846 1849 2476 2486 2487 2496 2499 4837 
m510 22 36 37 40 1122 1136 1137 1140 1822 1872 1886 1890 2022 2036 
m2951 26 40 46 2026 2046 2326 
m3235 23 30 38 41 1173 1180 1523 1923 1930 1938 1941 2073 2080 2088 2091 3673 
m1884 36 46 49 1846 1849 2346 2349 2496 4836 
m3057 2 22 36 40 41 122 136 140 1136 1140 1141 1822 1836 1840 1841 2036 2041 2636 
m3596 23 30 1523 
m2083 23 36 38 40 46 1923 1936 1940 1946 2023 2036 2046 2323 3686 4836 
m2202 22 23 30 41 46 1122 1123 1130 1141 1146 1172 1173 1191 1522 1523 1530 1541 1546 2322 2323 2330 2341 2346 3696 4823 
m521 17 40 46 890 2340 2346 3396 4817 
m1084 14 32 42 46 732 2114 2132 2314 2332 2342 
m2380 26 46 1346 2346 
m85 
m1310 14 40 46 2014 2040 2046 2314 2346 4814 
m1695 36 38 40 46 1840 1846 1936 1940 1946 2036 2046 2340 
m734 22 23 36 40 41 46 1122 1136 1140 1141 1186 1190 1191 1196 1823 1836 1840 1841 1846 2023 2036 2040 2041 2046 2072 2073 2086 2090 2091 2096 2336 2340 2341 3686 
m1438 22 23 36 40 41 46 49 1123 1136 1140 1141 1146 1191 1822 1823 1836 1840 1841 1849 2022 2023 2036 2040 2041 2046 2072 2073 2086 2090 2091 2322 2323 2336 2340 2341 2349 2472 2473 2486 2490 2491 4323 4336 4346 4836 
m3255 13 32 36 40 41 686 690 691 1613 1636 1641 1841 2036 2041 2063 2082 2086 2090 2091 
m1851 26 36 46 1336 1346 4836 4846 
m992 13 22 45 695 1113 1122 1145 
m3337 
m3662 22 23 30 36 40 46 49 1122 1123 1130 1136 1140 1146 1149 1172 1173 1180 1186 1190 1199 1522 1523 1530 1536 1540 1546 1549 1823 1840 2022 2023 2030 2036 2040 2046 2322 2330 2336 2340 2346 2349 2472 2473 2480 2486 2490 2496 3696 4823 
m1897 8 46 49 408 446 449 2349 
m1858 23 32 45 46 1182 2273 2282 2296 2323 2332 2346 4823 
m1015 37 40 46 1890 1896 2040 2046 2340 2346 4837 
m2787 14 39 40 46 740 1990 1996 2014 2039 2040 2046 2340 4464 4814 
m3583 22 23 37 41 1122 1123 1137 1141 1172 1173 1872 1873 2072 2073 2087 3673 
m2470 14 32 38 40 41 46 738 740 741 746 1614 1638 1640 1641 1646 1941 1946 2090 2340 2341 
m2278 22 41 44 46 1146 2072 2094 2096 2344 2346 4846 
m2101 33 36 45 46 1686 1695 1845 2333 2345 4836 
m377 14 22 46 722 1114 1146 2322 3246 
m416 23 30 36 40 46 1186 1190 1523 1530 1536 1540 1546 1823 1830 1836 1846 2023 2030 2036 2046 2330 2336 2340 2346 3696 4823 
m909 22 23 36 41 1122 1123 1136 1141 1191 3686 4586 
m1253 36 38 49 1849 1936 1938 1949 
m61 22 32 46 1122 1132 1146 2332 2346 
m2409 14 22 30 36 40 722 730 736 1114 1122 1130 1136 1140 1522 1536 1540 1822 1840 2022 2040 
m1922 30 36 40 46 1830 1836 1840 1846 2030 2036 2040 2046 2330 2336 2340 2346 4336 4346 4836 
m1362 32 46 1632 1646 2332 2346 
m3558 22 46 1146 2322 2346 
m1390 40 45 46 2045 2046 2290 2295 2296 2340 2345 2346 
m2617 22 23 30 36 40 1122 1123 1130 1136 1140 1180 1830 2023 2030 2036 4323 
m2232 37 39 46 1889 4396 4839 
m917 12 22 23 36 45 46 49 622 645 1122 1145 1172 1195 1812 1822 1845 1846 2272 2295 2322 2345 2462 2473 2486 2496 3662 3696 4323 4812 
m1311 22 23 30 36 40 41 1122 1123 1130 1136 1140 1173 1522 1523 1536 1822 1823 1830 1836 2022 2023 2030 2036 2072 2073 2080 2086 2090 2091 3673 4323 4586 
m160 22 32 36 40 46 1122 1132 1136 1140 1622 1632 1636 1640 1840 2040 2322 2332 2336 2346 
m2612 22 38 45 46 1122 1138 1145 1146 1938 1945 1946 2296 2346 
m2303 22 23 30 36 40 46 49 1122 1123 1130 1136 1140 1146 1149 1172 1173 1186 1190 1199 1522 1523 1530 1536 1540 1546 1549 1822 1823 1830 1836 1840 1846 1849 2022 2023 2030 2036 2040 2046 2049 2322 2330 2336 2340 2346 2472 2473 2480 2486 2490 2496 3696 4823 
m387 22 37 40 46 1137 1140 1146 1890 2022 2037 2040 2046 2322 2337 2340 2346 4396 
m3007 13 37 4363 
m2881 22 23 30 36 40 46 1122 1123 1130 1136 1140 1146 1172 1173 1180 1186 1190 1522 1523 1530 1536 1540 1546 1823 1840 2023 2036 2040 2322 2323 2330 2336 2340 2346 3696 4823 
m110 5 14 38 46 705 738 746 1905 1914 1938 1946 2305 
m3624 28 36 38 1438 1838 1928 1936 4328 
m1987 14 22 36 40 41 46 714 722 736 741 1822 1836 1841 2014 2036 2046 2072 2314 2322 2336 2341 3236 4314 4586 4814 
m3444 22 46 1122 1146 2322 2346 4846 
m3273 5 36 45 286 295 1845 2255 2286 2295 4336 
m965 36 
m3671 3 32 37 182 187 1882 
m3035 38 41 46 1938 1941 1946 2341 2346 
m742 23 30 36 41 1173 1523 1823 1830 2073 2080 3673 4323 4586 
m2264 22 36 37 40 46 1122 1136 1137 1140 1146 1822 1837 1840 1846 2022 2037 2040 2046 2322 2337 2346 4837 
m313 37 40 41 46 1890 2037 2046 2087 2090 2096 2340 4396 
m2322 23 36 38 40 41 46 1823 1838 1841 1923 1941 1946 2023 2036 2038 2040 2041 2046 2073 2323 2341 4346 
m866 22 23 36 40 46 1122 1123 1136 1140 1146 1172 1186 1190 1196 1822 1836 2022 2036 2040 2046 2322 3686 4346 
m1298 5 13 33 46 263 283 2305 2313 2333 4163 
m1284 13 33 663 683 1663 1683 3183 4163 
m1387 22 38 44 46 1138 1144 1146 1944 1946 2344 2346 
m2908 26 38 46 1926 1938 1946 2326 
m415 23 30 33 46 1180 1523 1530 1533 1546 1680 2330 2333 4173 4823 
m2291 12 14 46 712 2314 2346 3146 3246 4812 
m2070 23 31 46 48 49 1196 1573 1596 2346 2423 2431 2446 2473 2481 2496 2498 
m3217 22 23 30 36 40 46 1122 1123 1130 1136 1140 1146 1180 1523 1530 1822 1823 1830 1840 1846 2022 2023 2030 2046 2330 4823 
m1450 32 36 46 49 1636 1646 1849 2332 2336 2346 2349 4136 4336 4836 
m2846 30 36 38 1530 1538 1838 1930 1936 1938 4036 4330 
m2537 22 23 30 46 49 1122 1123 1130 1146 1180 1523 1530 1546 2330 2346 2472 2473 2480 2496 4823 
m19 14 30 46 730 2314 2330 
m2165 13 33 38 46 1913 1933 1946 2313 2333 2338 2346 4163 
m2554 14 23 30 38 730 1180 1514 1523 1530 1914 1923 1930 3223 
m1404 41 46 2091 2096 2341 
m2252 22 23 36 40 1123 1136 1173 1186 1190 1836 1840 2036 3673 3686 
m1888 12 22 36 37 40 41 46 612 622 636 637 640 641 646 1112 1136 1137 1140 1141 1146 1812 1822 1837 1840 1846 1872 1886 1890 1891 2012 2022 2036 2037 2040 2041 2046 2062 2072 2086 2087 2090 2096 2312 2322 2336 2340 2341 4837 
m2398 23 40 2023 3673 
m1572 14 37 40 46 737 740 746 1890 2037 2046 2340 4396 
m1304 23 36 40 41 46 1191 1823 1836 1841 1846 2023 2036 2040 2041 2046 2323 2336 2341 2346 3686 4341 4346 4823 
m3081 14 
m2689 11 13 23 30 33 563 573 580 583 673 680 1173 1180 1513 1523 1533 1673 1680 3183 3673 
m930 22 24 1124 
m2637 27 38 46 1927 1938 1946 2327 
m2913 38 41 46 49 1938 1946 1949 2088 2096 2349 
m43 
m2077 32 36 46 1636 2332 2336 2346 4332 4336 4836 
m3686 38 45 46 1938 1945 1946 2345 
m2679 22 23 30 38 46 1123 1130 1146 1180 1523 1530 1546 1922 1923 1930 1938 1946 2330 4823 
m1367 13 22 30 680 1113 1122 1130 
m3389 36 37 40 46 1837 1846 2036 2037 2040 2046 2337 2346 4346 4837 
m3463 37 38 46 1937 1946 2337 
m2856 38 46 1946 2346 
m791 5 7 13 22 257 263 272 363 372 1107 1113 1122 
m2608 36 38 40 46 49 1836 1838 1840 1846 1849 1938 2036 2038 2040 2046 2049 2336 2338 2340 2346 2349 2486 2488 4336 4346 4836 
m1793 22 23 30 36 40 41 46 1122 1123 1130 1136 1140 1141 1146 1190 1522 1523 1530 1536 1540 1546 1840 2023 2036 2040 2072 2073 2080 2086 2090 2096 2323 2330 2340 3686 4836 
m1047 22 23 36 40 41 1122 1123 1136 1140 1141 1173 1186 1190 1823 1836 2022 2023 2036 2040 2041 2072 2073 2086 2090 2091 3686 4323 
m3289 22 23 36 40 41 1122 1123 1136 1140 1141 1172 1173 1822 1823 1836 1840 1841 2022 2023 2036 2040 2041 2072 2073 3673 4586 
m1029 22 30 36 40 41 46 1122 1140 1141 1146 1522 1536 1540 1822 1840 1841 1846 2022 2036 2040 2041 2046 2072 2096 2322 
m2632 5 23 30 46 273 280 296 1180 1505 1523 1530 1546 2305 2323 2330 2346 4823 
m578 22 41 1122 1141 2072 
m3226 22 46 1122 1146 2322 2346 
m3308 8 10 38 508 1908 1910 
m2201 13 22 33 36 40 672 686 690 1113 1122 1133 1136 1140 1672 1686 1690 1822 2022 2036 3183 
m3279 14 26 38 41 741 1314 1341 1914 1926 1941 
m1977 22 23 36 40 41 1122 1123 1136 1140 1141 1172 1173 1822 1823 1836 1840 1841 2022 2023 2036 2040 2041 2073 2086 2090 3673 4586 
m858 22 23 30 46 1122 1123 1130 1146 1523 1530 1546 2330 2346 3696 4823 
m2642 2 13 36 38 40 41 46 113 136 138 140 141 1813 1913 1936 1940 2013 2036 2063 2086 2088 2090 2302 2313 2336 2338 2340 2341 2346 
m63 13 20 22 33 36 38 40 1013 1022 1033 1036 1038 1040 1113 1122 1133 1136 1138 1140 1813 1833 1838 1840 1913 1933 2013 2033 2038 4163 
m253 36 40 41 1836 1840 1841 2036 2040 2041 2086 2090 2091 
m2643 14 22 23 30 46 730 746 1114 1122 1123 1130 1146 1180 1514 1523 1530 1546 2330 3223 4823 
m1837 22 37 40 46 1122 1137 1146 2022 2037 2040 2046 2322 2337 2346 4837 
m3420 46 2346 
m18 14 23 30 36 40 46 730 1180 1814 1823 1830 1846 2014 2023 2030 2036 2040 2046 2314 2323 2330 2346 3223 4346 4814 4823 
m3184 22 37 40 46 1137 1146 2022 2037 2040 2046 2337 2346 4837 
m2528 22 23 36 40 1122 1123 1136 1140 1173 1186 1190 1823 1836 2022 2023 2036 2040 3686 4323 
m3251 14 46 49 2314 2346 2464 2496 4814 
m620 22 23 30 36 38 41 1122 1123 1130 1136 1138 1172 1173 1522 1523 1822 1823 1830 1838 1922 1923 1930 2072 2073 2080 2088 3673 4586 
m1607 22 23 36 40 46 1122 1123 1136 1140 1146 1196 1823 1836 2022 2023 2036 2040 2046 3686 4346 4836 
m2911 33 38 46 1688 1933 1938 1946 2338 4196 
m2203 30 36 37 40 46 1536 1537 1540 1546 1837 1840 1846 1890 2037 2046 2340 4396 
m3402 12 13 36 46 613 646 2313 2336 2346 3136 4313 4812 4813 
m1923 8 32 37 46 49 408 437 446 449 1882 1896 2332 2346 2482 2487 2496 4396 
m2843 22 40 44 46 1146 2022 2044 2046 2344 2346 4846 
m1906 23 30 32 46 1182 1523 1532 1546 2323 2332 2346 4823 
m2394 45 46 2296 2346 
m2615 14 40 46 2014 2040 2046 2314 2346 4814 4846 
m2648 14 22 38 46 738 1114 1146 2338 3246 
m1500 22 36 40 41 46 1136 1140 1141 1146 1822 1836 1841 2022 2036 2041 2046 2072 2086 2090 2091 2096 2322 2336 2340 2341 2346 4346 4586 4836 
m1043 22 23 36 40 41 1122 1123 1136 1140 1141 1173 1823 1836 1840 1841 2023 2036 2040 2041 2072 2073 2086 2090 2091 3686 4323 
m2581 23 36 37 40 41 1173 1186 1187 1190 1823 1873 1886 1890 2023 2036 2073 2086 2087 3673 4323 
m3024 21 23 36 1071 1073 1821 4321 4323 4336 
m1370 14 46 2314 2346 4814 
m2455 14 22 32 46 722 732 746 1132 1146 2332 4846 
m2963 14 26 46 49 1314 1346 1349 2346 2464 2496 4814 
m1887 22 23 38 46 1123 1138 1146 1172 1173 1922 1923 1938 1946 2322 2323 3673 4823 
m2791 5 36 38 46 286 296 1905 1936 1946 4836 
m1054 5 13 22 33 36 40 263 272 283 286 290 672 686 690 1113 1122 1133 1136 1140 1672 1686 1690 1822 2022 2036 2040 3183 
m3498 38 46 1946 
m2549 22 23 30 36 40 46 49 1122 1123 1130 1136 1140 1146 1180 1523 1530 1536 1540 1546 1822 1823 1830 1840 1846 2022 2023 2030 2036 2046 2322 2323 2330 2336 2340 2346 2472 2486 2490 2496 4336 4346 4823 4846 
m2529 22 23 36 40 46 1122 1123 1136 1140 1146 1172 1822 2023 2036 2046 2322 2323 2336 2340 2346 4323 4823 4836 
m2754 6 14 23 32 36 706 723 732 736 1156 1182 1606 1636 1806 3686 
m3401 22 23 36 40 41 1122 1140 1141 1173 1186 1190 1823 1836 2022 2023 2036 2040 2041 2073 2086 2090 2091 3686 4323 
m3635 14 44 46 49 744 746 2344 2464 2494 2496 
m935 21 23 36 40 46 1171 1821 1823 1846 2021 2023 2036 2040 2046 2321 2323 2346 4346 4823 
m2755 36 40 46 49 1836 1846 2036 2040 2046 2049 2336 2346 2349 2486 2496 4336 4836 
m1697 36 40 41 1836 1840 1841 2036 2041 2086 2091 4336 4586 
m2046 22 23 36 40 1123 1136 1140 1173 1186 1190 1823 1840 2023 2036 3673 4323 4336 
m1222 22 41 46 1122 1141 1146 2341 2346 
m779 30 36 39 40 46 1530 1539 1546 1830 1839 1840 1846 1980 2030 2036 2039 2040 2046 2330 2339 2340 2346 4346 
m411 22 23 30 1123 1130 1172 1173 1180 1523 3673 
m2334 30 36 40 41 1536 1540 1541 1836 1840 1841 2036 2041 2091 4586 
m3050 13 23 36 46 49 1813 1823 1846 1849 2313 2346 2463 2473 2486 2496 2499 3663 4813 4823 
m1729 36 40 46 1840 2036 2040 2046 2340 4346 
m2663 22 46 1122 1146 2322 2346 
m3067 22 32 36 37 40 1122 1132 1136 1137 1140 1637 1832 1837 1840 2032 2037 
m3495 23 30 36 41 1173 1180 1186 1191 1523 1530 1536 1541 1823 1830 1836 1841 2073 2080 2086 2091 3673 4323 4586 
m957 13 22 33 36 38 40 1113 1122 1133 1136 1138 1140 1813 1833 1838 1840 1913 1933 2013 2033 2038 4163 
m2808 33 36 38 46 49 1683 1686 1688 1696 1699 1833 1846 1933 1936 1946 1949 2333 2336 2338 2346 2349 2483 2486 2496 4833 
m2043 14 32 36 46 732 736 1832 2314 2332 4836 
m3214 23 36 40 46 49 1836 1840 1846 1849 2023 2036 2046 2049 2323 2336 2473 2486 2490 2496 3686 4323 4336 4836 
m1659 16 22 23 46 822 846 1122 1146 1172 2322 3323 3696 
m764 10 37 46 537 546 4396 
m2027 22 38 46 49 1122 1146 1149 1922 1938 1946 1949 2322 2346 2349 4846 
m2007 13 22 40 46 1113 1140 2013 2313 2322 2340 2346 
m2948 5 36 46 49 255 286 296 299 1849 2346 2349 2486 2499 4836 
m12 14 37 46 49 2314 2337 2346 2464 2487 2496 4364 
m2145 14 46 714 746 2314 2346 4814 
m1701 
m2686 23 38 45 46 1195 1923 1945 1946 2323 2345 
m366 12 14 46 712 2314 2346 3146 3246 4812 
m3549 22 23 36 40 46 49 1172 1822 1823 1836 1849 2022 2023 2036 2040 2046 2049 2322 2323 2336 2349 2473 2486 3686 4336 4346 4836 
m1352 14 40 46 49 2014 2040 2046 2314 2346 2464 2490 2496 4814 
m2900 5 23 30 40 46 1155 1180 1505 1523 1530 1546 2005 2023 2030 2040 2046 2305 2323 2330 2340 4846 
m152 14 36 46 714 736 1836 2314 2336 2346 3236 4814 4836 
m2176 22 36 40 46 49 1822 1836 1840 1846 1849 2022 2036 2040 2046 2049 2322 2336 2340 2346 2349 2486 2490 2496 4346 
m2822 22 23 30 36 40 41 1123 1130 1136 1140 1141 1172 1173 1180 1186 1190 1523 1822 1823 1830 1836 2023 2030 2036 2073 2086 3673 4323 4586 
m3515 36 40 46 1840 1846 2036 2040 2046 2346 4346 
m766 22 30 32 36 40 41 46 49 1122 1130 1132 1136 1140 1141 1146 1522 1532 1536 1546 1622 1646 1822 1830 1832 1836 1840 1846 1849 2022 2030 2032 2036 2040 2046 2049 2072 2090 2096 2322 2472 2480 2482 2486 2490 2496 4346 4846 
m2942 22 44 46 1122 1144 1146 2344 2346 4846 
m1577 22 23 30 36 40 41 1122 1123 1130 1136 1140 1141 1173 1522 1523 1536 1822 1823 1830 1836 2022 2023 2030 2036 2072 2073 2080 2086 2090 2091 3673 4323 4586 
m1456 38 46 1938 1946 
m362 36 46 1846 2336 2346 4836 
m3581 37 1887 
m1086 32 36 46 49 1832 1849 2332 2336 2346 2349 2482 4332 4336 4836 
m3465 22 38 46 1146 1922 1938 1946 2346 
m1460 23 30 46 1523 2323 2330 2346 4823 
m2075 23 41 1191 2073 3673 
m1838 14 22 36 40 46 1114 1136 1140 1146 1814 1846 2014 2036 2046 2346 4346 4814 
m2471 32 44 46 1644 1646 2344 
m1479 22 23 32 38 46 1123 1132 1146 1182 1196 1922 1923 1932 1946 2332 
m749 8 13 32 33 46 49 408 413 432 433 446 449 682 1682 2313 2332 2333 2463 2482 2483 2496 4163 
m2439 12 36 46 49 646 649 1849 2336 2346 2349 3136 4812 
m2728 22 23 30 45 1123 1173 1180 1523 2272 2273 3673 
m1804 14 32 36 44 46 736 1614 2214 2232 2236 2314 2332 2336 2344 4136 4846 
m695 22 23 30 36 40 41 46 1122 1123 1130 1136 1140 1141 1146 1172 1173 1180 1186 1190 1191 1523 1536 1540 1541 1841 2023 2036 2041 2072 2073 2080 2086 2090 2091 2096 2322 2323 2330 2341 3673 4323 
m1463 6 306 
m2675 22 23 30 36 40 41 46 1123 1130 1136 1141 1146 1180 1186 1190 1523 1530 1536 1540 1546 1830 2022 2023 2030 2036 2040 2046 2072 2073 2080 2086 2090 2091 2330 3696 4836 
m1078 23 40 46 2023 2040 2046 2323 2346 4823 
m3063 23 40 44 46 1173 1194 1196 2023 2040 2046 2323 2344 2346 3696 4823 
m1735 13 36 38 40 41 686 690 691 1841 1913 1936 1941 2036 2041 2063 2086 2088 2090 2091 
m401 22 30 36 40 41 1122 1130 1136 1140 1141 1522 1541 1840 2036 2040 2086 2090 
m1436 41 46 49 2341 2491 2496 
m2029 22 36 40 41 46 49 1136 1140 1146 1149 1822 1840 1846 1849 2022 2046 2072 2086 2090 2096 2322 2336 2340 2346 2349 2490 2496 4336 
m1360 14 23 32 36 49 723 732 736 749 1182 1199 1636 1649 1849 3686 
m3657 22 23 36 38 40 41 1122 1123 1136 1140 1172 1822 1823 1836 1840 1922 1923 1936 1941 2023 2036 2072 2073 2086 2088 2090 2091 3673 4323 4586 
m2064 
m2594 38 46 1938 1946 2338 2346 
m3236 22 23 30 32 36 40 46 1122 1123 1130 1132 1136 1140 1146 1172 1173 1522 1523 1530 1532 1540 1546 1623 1630 1646 1822 1823 1830 1832 1840 1846 2022 2023 2030 2032 2036 2040 2046 2322 2323 2330 2332 2340 2346 3696 4823 
m2536 5 13 22 26 33 36 40 655 1113 1122 1126 1133 1136 1140 1305 1313 1333 1655 1663 1683 1805 1813 1826 1833 1840 2005 2013 2026 2033 4163 
m1453 26 32 36 46 1326 1332 1336 1346 1832 2332 2336 2346 4836 
m2553 36 40 41 46 1840 2036 2040 2041 2046 2086 2096 2336 2340 2346 4346 4846 
m808 22 23 30 45 46 1123 1130 1145 1146 1196 1523 1545 1546 2273 2296 2346 
m497 22 23 36 40 41 1122 1123 1136 1140 1141 1172 1173 1822 1823 1836 1840 2022 2023 2036 2040 2072 2073 2086 2090 3673 4586 
m1364 13 22 38 49 699 1113 1122 1138 1149 1913 1938 1949 
m3526 6 14 32 314 332 732 
m1916 23 36 1186 1836 3686 
m196 13 22 33 36 40 1113 1122 1133 1136 1140 1686 1690 1813 2013 2036 4163 
m2121 13 22 36 38 40 672 686 690 1113 1122 1136 1140 1822 1913 1922 1936 2022 2036 
m1713 26 37 46 1337 1346 1896 2346 
m2541 22 46 1122 1146 2346 
m373 26 36 37 46 49 1826 1837 1846 1849 1876 1899 2326 2476 2496 4396 
m1546 5 23 24 38 40 46 273 274 290 296 1190 1240 1246 1905 1923 1924 1938 1946 2023 2024 2040 2046 2340 3696 3723 
m286 22 38 1122 1922 
m822 36 41 46 2096 2336 2341 2346 4586 4836 4846 
m1323 14 22 46 714 746 1114 1146 2314 2346 3246 4814 
m231 34 36 1734 1736 1834 1836 4236 4334 
m1435 22 23 45 1172 1173 2272 2273 3673 
m3275 23 30 36 40 46 1180 1523 1530 1830 2023 2030 2036 2046 2330 4323 4346 4823 
m1641 22 30 36 40 41 1136 1141 1536 1540 1541 1822 1836 1840 1841 2022 2036 2040 2041 2086 4336 4586 
m3021 22 45 1145 2272 2295 
m3471 46 2346 
m2952 5 38 46 288 296 1946 
m10 30 41 46 2080 2096 2330 2341 2346 
m2939 13 46 2313 2346 
m216 11 13 46 563 2311 2313 
m2210 22 23 36 40 1122 1123 1136 1140 1173 1186 1190 1822 1823 1836 1840 2022 2023 2036 2040 3673 4323 
m2243 13 22 45 46 672 2263 2295 2296 2313 2322 2346 4813 
m2513 38 46 1938 1946 2346 
m1569 26 32 36 38 46 1332 1336 1346 1832 1926 1932 1936 1938 1946 2332 2336 2346 4836 
m985 23 45 1173 2273 3673 
m1499 33 38 46 1696 1933 1946 2333 2346 
m2147 22 45 46 1145 2322 2345 2346 
m3325 22 36 40 46 49 1136 1140 1146 1840 1846 2022 2036 2040 2046 2049 2336 2340 2346 2349 2486 4836 
m1784 22 23 36 40 41 46 1122 1123 1136 1140 1141 1146 1190 1836 1840 2022 2023 2036 2040 2041 2046 2073 2086 2090 2096 2322 2323 2336 2340 2341 2346 3673 3686 4323 4823 
m1488 
m3519 22 23 24 40 46 1122 1123 1124 1146 1190 1222 1240 1246 2022 2023 2024 2046 2340 3696 3723 
m489 5 13 14 33 263 283 705 713 733 4163 
m1910 13 46 2313 
m3280 13 22 37 672 1872 4363 
m1055 22 23 30 46 1122 1123 1130 1146 1523 1530 1546 2330 2346 3696 4823 
m3131 12 13 20 22 36 40 622 636 640 670 672 686 690 1012 1022 1036 1040 1822 1840 2022 2036 3162 3536 4336 
m2234 46 2346 
m1554 22 23 30 46 1122 1123 1146 1180 2330 2346 4823 
m3315 17 40 46 896 2017 2046 2346 3396 
m1992 13 22 32 36 38 40 672 686 690 1113 1136 1140 1613 1622 1636 1640 1822 1913 1922 1932 1936 1940 2022 2036 2040 3186 4336 
m1353 14 36 38 40 46 49 738 1814 1838 1914 1936 1938 1940 1946 1949 2014 2036 2046 2314 2336 2338 2340 2346 2349 2464 2486 2490 2496 3246 4346 
m2571 44 46 2344 2346 
m3321 23 36 3686 
m2186 5 23 32 36 46 273 282 286 1623 2305 2323 2332 2336 2346 4323 4332 4823 4836 
m1123 23 36 40 41 1173 1186 1190 1823 1840 2023 2036 2040 2073 2086 2090 3673 
m2204 22 23 30 46 1122 1123 1130 1146 1180 1523 1530 1546 2330 4823 
m3164 23 38 46 49 1188 1199 1938 1946 2338 2346 2349 3696 4823 
m3480 
m2998 22 23 30 36 41 1123 1130 1523 1822 1823 1830 2072 2073 2080 3673 4323 4586 
m1746 22 46 2322 2346 
m62 14 32 46 732 2332 4814 
m3178 37 46 4837 
m2152 38 46 2338 2346 4846 
m956 13 33 4163 
m1667 22 40 41 46 1122 1140 1146 2022 2040 2046 2340 
m245 22 46 1122 1146 2322 2346 
m1873 30 36 39 40 46 1536 1540 1546 1830 1836 1840 1846 1980 1986 1990 1996 2030 2036 2040 2046 2330 2336 2340 2346 4346 4496 4836 
m204 23 26 30 46 1176 1323 1326 1330 1346 1523 1526 1546 2326 2330 2346 3696 4823 4846 
m1955 30 36 38 46 1830 1930 1936 1946 2330 2336 2346 4836 
m2818 17 41 46 891 2067 2096 2341 4817 
m851 26 32 36 38 46 1332 1336 1346 1832 1926 1932 1936 1946 2332 2336 2346 4836 
m2535 36 
m790 12 14 45 46 645 712 745 2314 2345 2346 3146 3246 4812 
m3435 36 37 40 46 1840 1886 1890 1896 2036 2037 2040 2046 2336 2340 2346 4346 4837 
m1904 22 23 1122 1123 1172 1173 3673 
m2636 37 38 46 1888 2338 2346 4396 4837 
m2308 22 37 46 1122 1137 1146 2322 2337 2346 4837 
m1498 32 36 4332 
m2683 26 32 33 46 1332 1333 1346 1682 2332 4833 
m934 12 45 46 645 2345 4812 
m1898 13 22 33 36 40 686 690 1113 1133 1136 1140 1686 1690 1840 3183 
m2851 13 38 1913 1938 
m306 44 46 2244 2246 2344 2346 4846 
m1496 5 23 38 273 1905 1923 
m3339 12 22 36 46 622 636 646 1136 1812 1836 1846 2322 2336 2346 4336 4812 4836 
m827 22 36 40 46 1136 1140 1146 1840 2336 2340 4336 4836 
m64 11 13 22 33 36 40 661 1111 1113 1122 1133 1136 1140 1661 1811 1813 1833 1840 2011 2013 2033 4163 
m94 22 
m1290 14 29 31 36 49 729 731 736 1579 1586 1814 1829 1831 1836 1849 2464 2479 2481 2486 3236 4086 4336 
m2904 30 36 40 49 1536 1549 1830 1836 1849 2030 2036 2499 4336 
m226 22 38 1122 1922 1938 
m92 36 40 46 1840 2036 2040 2336 2340 
m682 22 32 46 49 1122 1132 1146 1622 1646 1649 2322 2332 2346 2349 2472 2482 2496 4846 
m1379 14 23 30 46 730 1180 2314 2323 2330 2346 3223 4814 4823 
m2205 22 37 46 1122 1137 1146 2322 2337 2346 4837 
m669 22 23 30 36 37 40 46 49 1123 1130 1136 1137 1140 1146 1149 1180 1523 1530 1546 1822 1823 1830 1836 1837 1840 1846 1849 1872 1873 1880 1886 1890 1896 2022 2023 2030 2036 2037 2040 2046 2330 2346 2472 2473 2480 2486 2487 2490 2496 4396 4823 
m2545 22 1122 
m88 11 23 30 41 1161 1173 1180 1511 1523 1530 2061 2073 2080 3673 
m3319 13 38 1913 1938 
m1861 22 23 46 49 1122 1146 1149 1172 1199 2322 2346 2349 3696 4823 
m470 8 36 408 2936 4308 
m1256 22 23 30 41 1123 1130 1141 1522 1523 2073 2080 3673 
m3553 13 22 32 36 40 672 686 690 1113 1136 1140 1613 1622 1636 1640 1822 2022 2036 2040 3186 4336 
m3410 36 46 4836 4846 
m3296 33 37 46 49 1883 1896 2333 2346 2483 2487 2496 4833 4837 
m2947 23 45 1173 2273 3673 
m100 14 36 38 41 46 714 1814 1836 1838 1914 1936 2064 2086 2088 2096 2314 2336 2338 3236 4314 4586 4814 
m1567 22 46 1146 4846 
m2626 22 23 36 41 1122 1123 1136 1141 1191 1841 2073 2091 4323 4586 
m3446 15 27 38 41 45 46 777 1915 1938 1941 1946 2065 2077 2088 2096 2288 2291 2296 2315 2327 2346 
m3588 36 40 41 46 49 1841 1846 2036 2041 2046 2336 2340 2341 2346 2349 2486 2490 2491 2496 4346 
m1529 14 22 36 40 41 46 714 722 736 741 1822 1836 1841 2014 2036 2041 2046 2072 2314 2322 2336 2341 3236 4314 4586 4814 
m872 22 37 46 49 1122 1137 1146 1899 2346 2349 2496 4396 4837 
m2611 14 22 46 722 746 2322 2346 
m1881 22 26 44 46 1122 1144 1146 1322 1326 1344 1346 2344 2346 4846 
m1658 22 23 36 40 1122 1123 1136 1140 1173 1186 1190 1822 1823 1836 1840 2022 2023 2036 2040 3673 4323 
m438 14 22 46 722 2314 2322 2346 4814 
m3726 13 22 36 37 40 672 686 690 1113 1122 1136 1137 1140 1822 1872 1886 1890 2022 2036 3187 
m2779 14 22 26 37 39 722 737 1314 1322 1337 1339 1872 1964 1972 1987 
m1654 
m24 22 23 36 40 45 1122 1123 1136 1140 1145 1173 1822 1823 1836 1840 1845 2022 2023 2036 2040 2045 2273 3673 
m2542 5 26 30 37 46 1330 1337 1346 1505 1855 1880 2305 2330 2337 2346 4837 4846 
m76 
m3136 5 23 24 40 41 46 273 274 290 291 296 1190 1240 1246 2023 2024 2040 2046 2073 2074 2090 2096 2340 3696 3723 
m1863 22 46 49 1146 1149 2349 2472 2496 
m1358 22 23 30 46 1123 1130 1146 1172 1173 1180 1196 1523 1530 1546 2330 4823 
m838 12 30 36 46 49 1512 1530 1546 1812 1830 1836 1846 1849 2346 2480 2496 2499 4812 
m632 22 23 30 36 40 41 46 49 1122 1123 1130 1136 1140 1141 1146 1172 1173 1186 1190 1191 1199 1522 1523 1530 1536 1540 1541 1546 1549 1822 1823 1830 1836 1840 1841 1846 1849 2022 2023 2030 2036 2040 2041 2046 2049 2072 2073 2086 2090 2096 2099 2330 2336 2340 2341 2349 2472 2473 2486 2490 2496 3696 4336 4823 
m307 36 40 41 1841 2036 2041 2086 2090 2091 
m1294 27 38 46 1927 1946 2327 
m3051 5 38 46 1905 1938 1946 2305 2338 2346 
m770 5 26 36 46 49 50 276 296 300 1346 1350 1805 1826 1846 1849 1850 2305 2326 2346 2349 2350 2455 2476 2496 2500 
m310 22 32 36 46 49 1622 1649 1822 1832 1849 2322 2332 2336 2346 2349 2472 4136 4336 4836 
m338 22 30 37 41 46 1130 1137 1141 1146 1537 1541 1546 2087 2096 2322 2330 2337 2341 2346 4837 
m2972 27 46 49 2327 2346 2477 2496 
m2509 22 23 30 36 40 1122 1123 1130 1136 1523 1830 2022 2023 2030 2036 4323 
m3291 14 22 36 41 46 714 722 736 741 1822 1836 1841 2072 2314 2322 2336 2341 3236 4314 4586 4814 
m3717 22 23 30 36 41 1123 1130 1136 1141 1186 1191 1523 1536 1841 2073 2080 2091 3673 4323 4586 
m390 37 40 46 1890 2037 2040 2046 2337 2340 2346 4396 
m2834 13 22 32 36 40 672 686 690 1113 1122 1136 1140 1613 1622 1636 1640 1822 2022 2036 
m2095 12 45 46 645 2345 4812 
m2197 22 46 1122 1146 
m3600 6 17 23 32 36 856 873 882 886 1156 1182 1606 1636 1806 3686 
m1519 30 38 40 45 46 1930 1938 1946 2030 2038 2046 2280 2288 2290 2296 2330 
m1700 22 36 40 41 1136 1141 1836 1840 1841 2036 2041 2072 2086 2090 2091 4586 
m3439 15 26 46 776 2326 4815 
m2074 23 41 1191 2073 3673 
m2244 46 2346 4846 
m2261 12 15 30 46 1512 1515 1546 2312 3262 4815 
m3500 5 22 36 38 46 49 286 296 299 1136 1138 1146 1149 1836 1846 1849 1905 1936 1938 1946 1949 2346 2349 2455 2486 2496 2499 4836 
m209 36 38 1936 
m3631 22 23 36 37 40 1122 1123 1136 1137 1140 1172 1173 1823 1837 1840 1872 1873 2023 2036 2037 2040 3673 
m3069 37 38 46 1888 2338 4396 
m1447 22 37 40 45 46 1146 1872 1887 1890 1895 1896 2022 2037 2046 2287 2290 2295 2296 2322 2337 2340 2346 4396 
m3371 36 38 40 45 1838 1936 1938 1940 2036 2038 2286 2288 
m1177 22 23 36 40 46 49 1122 1123 1136 1146 1149 1172 1822 1849 2022 2023 2036 2046 2049 2322 2323 2336 2349 2472 2473 2486 4323 4336 4836 
m1191 45 
m607 22 44 46 1146 2222 2244 2246 2322 2344 2346 4846 
m1524 14 32 36 46 732 736 746 1832 2332 2336 2346 3246 4836 
m1770 22 38 46 49 1946 2322 2346 2349 2472 4846 
m2157 38 41 46 49 1938 1946 1949 2088 2096 2099 2341 2346 2349 
m1266 22 23 30 36 40 46 1122 1123 1130 1136 1140 1146 1172 1173 1522 1523 1530 1540 1546 1822 1823 1830 1840 1846 2022 2023 2030 2036 2040 2046 2322 2323 2330 2336 2340 2346 3696 4823 
m2999 23 30 36 41 1523 1823 1830 2073 2080 3673 4323 4586 
m3742 36 40 1836 1840 2036 2040 
m2614 5 22 32 36 46 49 286 299 1605 1622 1636 1646 1649 1805 1822 1846 1849 2305 2322 2332 2336 2346 2349 2472 2486 2499 4136 4336 4836 
m1712 5 32 36 45 46 49 282 286 295 299 1636 1645 1649 1845 1849 2255 2282 2286 2295 2305 2332 2336 2345 2349 2495 4136 4336 
m3175 14 33 46 1664 1696 2314 2346 4196 4814 
m3166 22 23 30 1172 1522 1523 
m3706 46 2346 
m3026 23 40 46 1190 2023 2040 2046 2340 2346 3696 4823 
m1903 22 36 38 46 1822 1936 1946 2322 2336 2346 4836 
m1896 14 23 30 38 40 730 1180 1514 1523 1530 1540 1914 1923 1930 1940 2014 2023 2030 3223 
m1242 22 30 36 40 1122 1136 1140 1522 1536 1540 1822 1836 1840 2022 2036 
m3651 13 22 32 36 40 672 686 1113 1122 1136 1140 1613 1622 1636 1822 1836 1840 2022 2036 2040 
m2283 36 40 46 1836 1840 1846 2036 2040 2046 2336 2340 2346 4336 4346 
m1063 5 36 46 49 286 296 299 1849 2336 2346 2349 2486 2499 4836 4846 
m1125 6 23 36 46 1156 1186 2306 2323 2336 4306 
m178 15 23 30 40 46 773 1515 1523 1530 1546 2015 2023 2030 2046 2315 4823 
m2230 32 36 46 49 1636 1649 1832 1836 1846 1849 2332 2336 2346 2349 2482 2486 2496 2499 4332 4336 
m2224 14 22 45 46 722 1114 1145 1146 2264 2272 2296 2314 2322 2345 2346 3246 
m2733 37 46 4837 
m2577 22 30 40 46 1130 1146 2022 2030 2046 2322 2330 2346 
m1871 12 36 40 41 46 49 636 640 641 649 1836 1840 1841 2036 2041 2336 2340 2341 2349 2486 2490 2491 3136 4336 4812 
m1627 22 23 36 40 41 46 1123 1136 1141 1146 1191 1822 1823 1836 1841 1846 2022 2023 2036 2040 2041 2046 2323 2336 2341 2346 3686 4341 4346 4823 
m3358 22 23 30 36 40 41 46 49 1122 1123 1130 1136 1140 1141 1146 1149 1172 1173 1186 1190 1191 1199 1522 1523 1530 1536 1541 1546 1549 1823 1840 2023 2036 2040 2072 2073 2086 2090 2096 2099 2322 2330 2336 2340 2341 2346 2349 2472 2473 2486 2490 2496 3696 4823 
m3524 6 14 32 36 314 332 732 1806 1814 1832 
m1799 22 41 1122 1141 
m511 23 36 38 41 46 49 1173 1823 1936 1938 1946 1949 2073 2086 2323 2336 2341 2486 2491 2496 3673 4323 
m3253 11 13 33 661 1661 4163 
m156 5 13 14 33 263 283 705 713 733 4163 
m1082 23 30 46 1180 2323 2330 2346 
m1263 14 40 46 2014 2040 2046 2314 2346 4814 
m1201 36 37 38 40 46 49 1837 1849 1936 1937 1940 1946 2036 2037 2046 2049 2336 2337 2349 2487 
m234 22 23 36 40 1123 1136 1173 1186 1190 1836 1840 2036 3673 3686 
m1401 14 38 46 1914 1946 4814 
m352 22 23 30 36 40 46 1122 1123 1130 1136 1140 1146 1172 1173 1522 1523 1530 1540 1546 1822 1823 1830 1840 1846 2022 2023 2030 2036 2040 2046 2322 2323 2330 2340 2346 3696 4823 
m3059 5 13 33 38 263 283 288 655 663 1655 1663 1905 1913 1933 1938 4163 
m3060 5 14 36 46 49 264 286 296 299 746 749 1849 2349 2486 2499 3236 4836 
m1228 13 36 46 49 1813 2313 2336 2346 2349 2463 2486 2496 4813 
m1535 32 36 38 46 1832 1932 1936 1946 2332 2336 2346 4836 
m1925 38 41 1938 1941 2088 2091 
m986 14 36 714 3236 
m923 30 46 49 2330 2480 2496 
m1259 14 26 36 40 46 1314 1336 1340 1346 1814 1846 2014 2036 2040 2046 2346 4346 4814 
m2891 36 40 46 1846 2036 2040 2046 
m2456 29 46 2329 2346 
m1728 22 23 46 49 1122 1123 1146 1149 1196 1199 2322 2323 2346 2349 4846 
m367 14 22 30 38 46 730 1114 1130 1138 1146 1914 1930 1946 2330 3246 
m3182 23 32 46 1196 1623 1646 2346 
m1882 32 33 36 1632 1633 1636 1683 1686 1833 1836 4136 4186 4333 4336 
m1737 6 14 32 36 314 332 732 1806 1814 1832 
m2682 22 40 46 1122 1140 1146 2022 2040 2046 2322 
m640 23 45 2273 
m550 22 46 49 2322 2346 2349 2472 4846 
m1206 13 33 46 2313 2333 2346 4163 4813 4833 
m330 16 38 44 49 844 849 1916 1938 1944 1949 2494 
m1150 15 38 46 1915 1938 1946 2315 2338 
m2500 22 23 30 40 46 1122 1123 1130 1140 1146 1172 1173 1180 1190 1196 1522 1523 1530 1540 1546 2023 2046 2323 3673 3696 4823 4846 
m2931 22 36 40 41 1136 1140 1141 1841 2036 2041 4336 4586 
m1990 22 37 46 49 1137 1146 2322 2337 2346 2472 2496 4396 4837 
m1274 6 42 306 342 2106 2142 2842 4606 
m964 22 36 40 1122 1136 1140 2036 
m3338 14 22 40 46 722 2014 2046 2314 2322 2346 4814 
m3367 22 40 46 1122 1140 2322 2340 
m2484 23 36 40 41 1173 1823 1836 1840 1841 2023 2036 2040 2041 2073 2086 2090 2091 3686 4323 
m515 22 23 30 41 1122 1123 1130 1172 1173 1180 1522 1523 1530 2072 2073 2080 3673 
m688 46 2346 
m432 23 30 38 1180 1188 1523 1530 1538 1938 
m105 5 14 46 705 2305 2314 
m3700 22 23 30 36 37 40 41 46 49 1123 1130 1137 1141 1146 1190 1191 1523 1537 1540 1541 1546 1822 1823 1830 1836 1837 1840 1846 1873 1890 1891 1896 2022 2030 2036 2037 2040 2041 2046 2086 2091 2099 2340 2341 2346 2486 2490 2496 2499 4396 4823 
m296 22 23 24 40 46 1123 1124 1140 1146 1190 1240 1246 2022 2023 2024 2046 2340 3696 3723 
m1338 22 30 36 1130 1822 1830 
m3557 14 46 746 4846 
m266 14 23 30 46 1514 1523 1546 2314 2323 2330 2346 3664 4814 4823 
m1346 7 16 36 46 386 807 2307 2316 2336 3336 
m2867 23 38 1923 
m573 22 23 41 46 1123 1141 1146 1173 1191 1196 2073 2323 2341 3673 4823 
m694 22 30 36 40 46 1130 1136 1140 1146 1536 1540 1546 1840 2030 2036 2040 2046 2330 2336 2340 2346 4346 
m2741 22 23 36 40 41 1123 1136 1140 1141 1173 1186 1190 1823 1836 2023 2036 2040 2072 2073 2086 2090 2091 3686 4323 
m3507 5 13 23 30 33 263 273 280 283 673 680 1173 1180 1513 1523 1533 1673 1680 3183 3673 
m3019 23 30 36 41 1180 1186 1830 2073 2080 3673 3686 4323 4586 
m2379 14 36 38 46 49 714 736 738 746 749 1814 1846 1849 1914 1936 1946 1949 2314 2336 2338 2346 2349 2464 2486 2496 4814 
m3294 22 23 36 40 1122 1123 1136 1140 1173 1186 1190 1822 1823 1836 1840 2022 2023 2036 2040 3673 4323 
m1594 22 23 30 1122 1123 1130 1172 1173 1180 1522 1523 1530 3673 
m2236 22 23 30 41 1122 1123 1130 1141 1172 1173 1180 1191 1522 1523 1530 2072 2073 2080 2091 3673 
m142 12 23 36 40 41 46 49 1162 1190 1196 1199 1812 1840 1846 1849 2012 2023 2036 2040 2041 2046 2062 2073 2086 2096 2099 2312 2323 2336 2341 2346 2462 2486 2490 2496 3146 3686 4312 4336 
m2339 14 22 26 46 714 722 726 746 1114 1122 1126 1146 1314 1322 1346 2314 2322 2326 2346 3246 
m2830 22 23 36 40 41 1122 1136 1140 1141 1173 1186 1190 1823 1836 1840 1841 2022 2023 2036 2040 2041 2073 2086 2090 2091 3686 4323 
m3160 14 22 23 30 730 1114 1122 1123 1130 1180 1514 1523 1530 3223 
m2956 5 13 22 33 36 40 263 272 283 286 290 672 686 690 1113 1122 1133 1136 1140 1672 1686 1690 1822 2022 2036 3183 
m1363 12 26 46 612 1312 1346 2312 2346 4812 
m2420 6 43 4656 
m3087 23 38 45 1923 2273 2288 
m629 5 22 23 30 46 255 273 280 296 1105 1122 1123 1130 1146 1180 1505 1523 1530 1546 2330 4823 
m847 5 13 33 38 46 263 283 1905 1913 1933 1938 1946 2305 2313 2333 3183 
m2705 26 32 36 46 1332 1336 1346 1832 2332 2336 2346 4836 
m916 32 33 36 1632 1633 1636 1683 1686 1833 1836 4136 4186 4333 4336 
m1100 5 11 32 36 37 46 286 287 296 555 586 587 596 1605 1611 1636 1637 1646 1855 1861 1886 1887 1896 2305 2311 2332 2336 2337 2346 4337 4837 
m920 5 13 22 38 263 272 288 663 1105 1113 1122 1138 1905 1913 1922 1938 
m1890 23 36 41 49 1191 1823 1836 1841 1849 2473 2486 2491 3686 4323 4336 4341 
m2055 14 22 32 46 732 1114 1132 1146 2314 2332 2346 4814 
m2610 13 26 38 40 46 690 1313 1346 1913 1926 1938 1946 2313 2340 2346 
m1781 23 30 40 1180 1523 1530 2023 2030 
m944 33 38 40 46 1690 1696 1933 1938 1940 1946 2333 2338 2340 2346 
m728 22 32 40 46 1146 2022 2032 2040 2046 2332 2346 4846 
m2645 23 30 38 1188 1523 1538 1923 1930 1938 
m3736 5 13 22 38 46 655 696 1113 1146 1905 1913 1922 1946 2305 
m704 22 46 1146 2346 4846 
m1981 13 38 688 1913 1938 
m2820 23 30 1180 1523 1530 
m2515 29 36 48 1486 1829 1836 1848 2429 2436 2448 4336 
m91 30 38 46 1930 1938 1946 2330 2346 
m117 23 30 40 46 1180 2023 2030 2046 2330 2346 4823 
m3286 22 23 36 41 1122 1123 1136 1141 1172 1173 1186 1191 1822 1823 2072 2073 3673 4586 
m1175 6 36 43 336 1806 1836 1843 2186 2843 
m2251 38 46 1938 1946 
m2690 22 23 38 46 1172 1922 1923 1938 1946 2322 2323 2346 
m1209 12 13 22 32 36 40 49 632 682 699 1112 1113 1122 1132 1136 1140 1812 1813 1832 1836 1840 1849 2012 2013 2032 2036 2049 2462 2482 2486 3136 3162 3186 
m1094 22 37 40 46 1122 1137 1140 1146 1890 2022 2037 2040 2046 2337 2340 2346 4837 
m2183 5 14 22 23 32 36 37 41 264 282 286 722 737 741 1105 1114 1123 1136 1137 1141 1155 1182 1186 1614 1637 1814 1837 1872 1882 1886 1887 1891 2087 3664 4136 4332 
m1778 22 23 30 36 40 46 1122 1123 1130 1136 1140 1146 1172 1173 1522 1523 1530 1540 1546 1822 1823 1830 1840 1846 2022 2023 2030 2036 2040 2046 2322 2323 2330 2340 2346 3696 4823 
m880 46 2346 
m321 14 46 49 749 2346 2349 2464 2496 3246 4814 
m655 36 46 49 2486 2496 4836 4846 
m2163 45 46 2345 
m2314 37 40 46 1890 2037 2040 2046 2337 2340 2346 4396 
m2524 36 40 46 1836 1840 2036 2040 2336 2340 2346 
m3437 38 45 46 49 1938 1946 1949 2288 2296 2299 2349 
m1361 22 23 30 38 41 1123 1172 1173 1188 1522 1523 1530 1538 2072 2073 2080 2088 3673 
m2103 22 23 24 40 46 1123 1124 1140 1146 1190 1240 1246 2023 2024 2040 2046 2340 3696 3723 
m1036 22 38 46 1138 1146 1938 1946 2338 
m1847 32 38 46 49 1649 1932 1949 2332 2338 2346 2349 4846 
m1411 22 36 40 46 1136 1140 1146 1840 2336 2340 4336 4836 
m443 6 14 32 36 49 706 714 732 736 749 1606 1636 1806 2456 2482 2486 
m1371 14 30 46 730 746 2314 2330 2346 4814 4846 
m1178 22 23 30 46 1122 1123 1130 1146 1180 1523 1530 1546 2330 2346 4823 
m393 37 40 46 1890 2037 2040 2046 2337 2340 2346 4396 
m3112 22 23 30 36 40 41 46 1122 1123 1130 1136 1140 1141 1146 1191 1523 1536 1541 1546 1822 1830 1841 1846 2023 2030 2036 2040 2041 2046 2072 2091 2341 3696 4323 4586 
m3055 22 36 37 40 46 1122 1136 1137 1140 1146 1822 1837 1840 1846 1890 1896 2022 2036 2037 2040 2046 2322 2340 2346 4396 4837 4846 
m1139 22 23 30 1122 1123 1130 1173 1522 1523 3673 
m2384 36 37 40 46 1837 1846 2036 2037 2040 2046 2337 2346 4346 4837 
m124 22 23 30 36 40 46 49 1122 1123 1130 1136 1140 1146 1149 1172 1173 1522 1523 1530 1540 1546 1822 1823 1830 1840 1846 2022 2023 2030 2036 2040 2046 2322 2323 2330 2340 2346 2472 2480 2486 2490 2496 3696 4823 
m843 13 38 46 688 1913 1938 1946 2313 2338 2346 3196 
m661 22 36 37 40 46 1122 1136 1140 1146 1822 1836 1837 1840 1846 1872 1896 2022 2036 2037 2040 2046 2322 2337 2346 4387 4396 4837 4846 
m2144 22 46 1122 1146 2346 
m1130 36 46 2336 2346 4836 4846 
m3080 22 23 30 36 37 40 41 46 49 1123 1130 1136 1137 1140 1146 1149 1180 1523 1530 1546 1822 1823 1830 1836 1837 1840 1846 1849 1872 1873 1880 1886 1890 1896 2022 2023 2030 2036 2037 2040 2046 2072 2086 2090 2099 2330 2346 2472 2473 2480 2486 2487 2490 2496 4396 4823 
m2400 22 36 41 49 1136 1141 1149 1841 1849 2072 2086 2091 2099 2486 2491 4336 
m3619 22 23 36 40 41 1122 1123 1136 1140 1141 1172 1173 1822 1823 1836 1840 1841 2022 2023 2036 2040 2041 2073 2086 2090 3673 4586 
m2337 22 33 38 46 1122 1133 1146 1672 1922 1933 1946 2322 4833 
m2405 5 13 22 33 36 38 40 46 263 272 283 286 290 672 686 690 1113 1122 1133 1136 1140 1672 1686 1690 1822 1905 1913 1922 1933 1936 1940 1946 2022 2036 2305 2313 2322 2333 2336 2340 3183 
m57 22 23 30 46 1122 1123 1130 1146 1523 1530 1546 2330 2346 3696 4823 
m1165 23 30 46 49 1180 1523 1530 1546 2330 2346 2480 2496 4823 
m1643 36 40 46 1840 1846 2036 2040 2046 2346 4346 
m1840 32 46 2332 
m1267 14 40 46 2014 2046 2314 2346 4814 
m1582 22 36 40 41 1136 1140 1141 1836 1840 1841 2036 2041 2072 2086 2090 2091 4586 
m2161 22 38 45 46 1138 1145 1146 1938 1945 1946 2345 
m1235 22 23 30 36 40 1122 1123 1130 1136 1140 1172 1173 1180 1186 1190 1522 1523 1536 1540 1822 2022 2023 2036 3673 3686 4323 4336 
m3513 22 36 40 46 1146 1822 1846 2022 2036 2040 2046 2346 4346 
m1249 30 32 36 46 1630 1830 1846 2330 2332 4332 
m3118 22 23 41 1122 1123 1141 1172 2073 
m2067 30 36 46 49 1530 1536 1546 1549 1849 2330 2336 2346 2349 
m809 5 38 46 1905 1946 2305 
m687 46 2346 
m3585 13 38 46 1913 1938 1946 2313 
m2758 9 36 46 459 486 496 1809 2309 2336 2346 4836 
m1038 22 23 30 41 1122 1123 1130 1172 1173 1180 1522 1523 1530 2072 2073 2080 3673 
m1636 22 23 36 49 1123 1136 1173 1186 1199 1823 1849 2473 2486 3673 4323 4336 
m267 22 23 30 36 40 41 46 49 1122 1123 1130 1136 1140 1141 1146 1172 1173 1180 1186 1190 1196 1523 1530 1536 1540 1546 1822 1823 1830 1836 1840 1841 1846 1849 2022 2023 2030 2036 2040 2041 2046 2049 2072 2073 2080 2086 2090 2096 2330 2346 2472 2473 2486 2490 2491 3696 4336 4346 4823 
m2890 23 30 36 41 1186 1191 1523 1536 1541 3673 3686 4586 
m932 22 24 1124 
m1638 23 30 36 40 41 49 1186 1190 1199 1523 1530 1536 1540 1549 1836 1840 1849 2073 2080 2086 2090 2099 2486 2490 2499 3686 4336 
m3492 26 40 46 2026 2040 2046 2326 
m2367 5 23 24 40 46 273 274 290 296 1190 1240 1246 2023 2024 2040 2046 2340 3696 3723 
m757 22 23 30 46 1122 1123 1130 1146 1180 1523 1530 1546 2330 2346 4823 
m1233 22 23 32 36 40 46 49 1122 1123 1132 1136 1140 1146 1149 1172 1173 1182 1186 1190 1196 1199 1622 1623 1632 1636 1640 1646 1822 1823 1832 1836 1840 1846 1849 2022 2023 2032 2036 2046 2049 2322 2323 2332 2336 2346 2349 2472 2473 2482 2486 2490 2496 3673 3686 3696 4323 4346 
m878 22 23 30 36 40 1123 1130 1173 1186 1190 1523 1536 1540 2023 2036 3673 
m860 13 22 38 49 699 1113 1122 1138 1913 1938 1949 
m413 23 49 1173 2473 3673 
m1039 14 16 23 46 716 723 746 2316 3323 4823 
m2287 33 38 41 46 1691 1933 1941 1946 2341 4833 
m308 23 38 1923 1938 
m3661 22 23 36 38 41 1122 1123 1136 1141 1172 1822 1823 1922 1923 1936 1941 2072 2073 2086 2088 2091 3673 4323 4586 
m2402 32 46 1646 2332 2346 
m736 45 46 2295 2345 2346 
m1427 36 40 46 49 1836 1840 1846 1849 2036 2040 2046 2049 2336 2340 2346 2349 2486 2490 2496 4346 
m1754 14 23 30 46 1514 1523 1546 2314 2323 2330 2346 3664 4814 4823 
m835 14 23 30 36 40 46 730 1180 1814 1823 1830 1846 2014 2023 2030 2036 2040 2046 2314 2330 2346 3223 4346 4814 4823 
m262 12 13 22 36 40 622 636 640 672 686 690 1112 1113 1122 1136 1140 1822 2022 2036 3162 
m1965 13 20 22 33 36 38 40 688 1013 1022 1033 1036 1038 1040 1113 1133 1136 1138 1140 1688 1813 1822 1833 1838 1840 2013 2033 2036 2038 3183 3536 4336 
m2744 22 37 46 1122 1137 1146 1896 2346 4837 
m1508 13 16 22 36 40 672 686 690 822 836 840 1113 1116 1122 1136 1140 1822 2022 2036 3166 
m1635 22 30 36 40 41 1136 1141 1522 1536 1540 1541 1822 1836 1840 1841 2022 2036 2040 2041 2086 4336 4586 
m264 26 37 46 1326 1337 1346 1876 2326 4396 
m442 33 45 46 1695 2283 2295 2333 2345 
m3514 38 46 1946 
m2491 38 
m3545 23 30 36 41 49 1173 1180 1186 1199 1523 1530 1823 1830 1849 2073 2080 2086 2099 2473 2480 3673 
m664 22 26 38 46 1146 1322 1338 1346 1922 1946 2346 
m2001 22 30 40 46 1122 1130 1140 1146 1530 1546 2022 2030 2040 2046 2322 2330 2340 2346 
m1316 36 40 41 1836 1840 1841 2036 2040 2041 
m1260 37 39 40 46 49 1890 1899 1987 1990 1999 2340 2490 2496 4396 4496 
m2086 2 40 46 140 146 2046 
m3398 6 14 32 36 314 332 732 1806 1814 1832 
m341 14 30 36 38 46 1514 1530 1536 1538 1814 1830 1836 1838 1914 1938 1946 2314 2330 2336 2346 4036 4330 
m3052 22 23 30 36 40 1123 1130 1136 1140 1172 1173 1186 1190 1523 1536 1540 1823 2022 2023 2036 3673 4323 
m1597 15 22 27 38 46 777 1115 1127 1146 1915 1922 1938 1946 2315 2327 2346 
m128 22 37 40 46 1137 1140 1146 1890 2022 2037 2040 2046 2337 2340 2346 4837 
m2526 22 23 30 36 40 46 1122 1123 1130 1136 1140 1146 1180 1522 1523 1530 1536 1540 1546 1822 1823 1830 1836 1840 1846 2022 2023 2030 2036 2040 2046 2322 2323 2330 2340 4823 4846 
m2222 14 714 
m1503 22 23 46 49 1123 1146 1149 1173 2323 2473 2496 3673 4823 
m2079 5 23 38 45 46 1155 1945 1946 2255 2273 2305 2323 2345 2346 4823 
m3221 12 26 46 626 2326 4812 
m275 22 23 30 36 40 41 1122 1123 1130 1136 1140 1141 1172 1173 1186 1190 1191 1522 1523 1536 1541 1840 1841 2023 2036 2041 2072 2073 2086 2090 2091 3673 3686 4323 4336 4586 
m1357 36 49 1836 1849 2499 
m471 28 36 38 1438 1838 1928 1936 4328 
m1854 14 38 40 46 49 1914 1940 1946 1949 2014 2046 2049 2346 2464 2496 4814 
m3637 14 36 40 46 49 714 736 740 746 749 1814 1836 1840 1846 1849 2014 2036 2046 2049 2314 2336 2346 2349 2464 2486 2490 2496 3246 4814 
m2819 22 30 36 37 41 1130 1136 1536 1537 1541 1886 2086 2087 
m526 22 30 36 40 45 46 1122 1130 1136 1140 1145 1146 1536 1540 1836 1840 2036 2040 2272 2296 2322 2330 
m3196 22 23 36 40 41 1122 1123 1136 1140 1173 1822 1823 1836 2022 2023 2036 2072 2073 2086 2090 3673 4323 4586 
m2894 23 30 41 46 1180 2073 2080 2096 2323 2330 2341 4823 4846 
m3441 14 40 46 714 740 746 2014 2046 2314 2340 2346 4814 
m3571 22 44 46 1146 2222 2244 2246 2322 2344 2346 4846 
m870 22 38 45 46 49 1138 1145 1146 1922 1938 1945 1946 1949 2296 2299 2349 
m1668 45 2295 
m2702 14 36 40 41 46 714 736 2014 2036 2046 2064 2086 2090 2096 3246 4314 4346 4814 
m1961 22 23 30 36 40 41 46 1122 1123 1130 1136 1140 1141 1146 1180 1522 1523 1530 1536 1540 1546 1822 1823 1830 1836 1840 1841 1846 2022 2023 2030 2036 2040 2041 2046 2072 2086 2090 2322 2323 2330 2340 4823 4846 
m3602 27 32 1382 
m2879 22 23 30 40 41 1123 1130 1140 1180 1522 1523 1530 2022 2023 2030 2072 2090 
m2946 14 20 38 46 49 720 1914 1946 1949 2320 2464 2470 2496 4814 
m1947 37 
m1424 22 23 30 36 40 41 1122 1123 1130 1136 1140 1172 1173 1180 1186 1190 1523 1822 1823 1830 1836 2023 2030 2036 2072 2073 3673 4323 4586 
m2021 14 28 36 728 736 1828 1836 
m2368 23 36 41 1823 2073 3673 4323 4586 
m2181 45 46 2296 2345 2346 
m1693 5 13 33 38 46 655 1655 1696 1913 1933 1946 2305 2313 4163 
m1928 22 40 45 46 49 1145 2046 2272 2295 2322 2345 2346 2490 2496 
m101 5 45 2255 
m1309 5 36 38 46 49 286 296 299 1905 1936 1946 2346 2349 2486 4836 
m3716 22 23 36 41 1123 1136 1141 1172 1173 1186 1822 1823 2072 2073 2086 2091 3673 4586 
m1340 36 46 49 1849 2346 2349 2486 2499 4836 
m3693 22 37 46 49 1137 1146 1899 2346 2349 2496 4396 4837 
m3108 5 32 36 38 46 49 282 286 288 296 1632 1638 1646 1838 1846 1932 1936 1938 1946 2332 2338 2346 2455 2482 2486 2488 2496 4136 4332 4836 
m1731 36 37 40 46 1840 1886 1890 2036 2037 2046 2340 4346 4396 
m348 22 23 27 41 45 1122 1123 1127 1141 1145 1195 1372 1391 2073 2095 
m1289 14 22 23 30 40 45 46 714 746 1114 1145 1146 1164 1172 1190 1195 1196 1514 1522 1523 1530 1540 1545 1546 2014 2022 2023 2030 2040 2045 2046 2264 2296 2314 3664 
m54 14 46 2314 2346 4814 
m1022 26 33 37 44 46 1333 1337 1344 1346 2233 2237 2333 2337 2344 2346 4383 
m1147 37 45 46 2287 2296 2337 2346 4837 
m1633 14 36 40 46 1814 1840 1846 2014 2036 2040 2046 2314 2346 4346 4814 4846 
m2600 22 23 36 40 46 1122 1123 1136 1140 1146 1172 1186 1190 1196 1822 1836 2022 2036 2040 2046 2322 3686 4346 
m3218 16 26 36 40 46 49 826 1826 2016 2036 2046 2316 2326 2346 2466 2486 2490 2496 3336 3346 4346 4836 
m1989 22 23 1123 
m3621 32 36 40 46 1832 2032 2036 2332 2336 2340 2346 4136 4336 4836 
m1613 22 46 1146 2346 
m2037 8 408 
m2310 5 32 1605 
m1951 22 44 46 1146 2244 2246 2344 2346 4846 
m1791 23 30 36 40 1180 1186 1523 1530 1536 1540 1830 2023 2030 2036 
m758 14 40 46 740 746 2014 2040 2046 2314 2340 2346 4814 
m1013 22 23 27 30 36 40 49 1123 1130 1136 1172 1173 1177 1180 1186 1190 1199 1372 1373 1380 1386 1522 1523 1527 1530 1536 1540 1549 1822 1823 1827 1830 1836 1849 2023 2027 2030 2036 2040 2049 2472 2473 2477 2480 2486 2499 3686 4336 
m1395 6 43 4656 
m679 23 27 1173 1177 1373 1377 
m2357 5 23 26 32 46 1155 1182 1305 1323 1332 1346 1605 2305 2332 2346 4823 
m595 41 46 2341 
m3567 13 38 1913 1938 
m1914 37 46 1896 2337 2346 4846 
m183 13 22 33 36 40 672 686 690 1113 1122 1133 1136 1140 1672 1686 1690 1822 2022 2036 3183 
m1320 23 36 41 45 1186 1191 2273 2286 2291 3673 3686 4586 
m3030 22 46 49 1146 1149 2322 2346 2349 2496 
m1834 5 22 37 46 255 1105 1137 1146 1855 1887 1896 2305 2322 2337 2346 4837 
m1836 23 30 46 1173 1180 1196 1523 1530 1546 2323 2330 2346 3696 4823 
m3447 14 36 40 46 2014 2036 2040 2046 2336 4314 4814 
m1625 36 38 49 1838 1849 1936 1938 1949 
m3177 14 30 46 730 2314 2330 
m3642 30 40 46 2030 2046 2330 2340 2346 4846 
m3643 30 38 46 1930 1938 1946 2330 2346 
m1223 14 46 4814 
m233 23 30 36 40 41 49 1190 1523 1530 1540 1541 1823 1830 1836 1840 1841 1849 2073 2080 2090 2473 2480 2486 2490 2491 2499 
m2374 22 36 40 46 49 1136 1140 1146 1149 1836 1840 1846 1849 2036 2040 2046 2049 2336 2340 2346 2349 2486 2490 2496 4346 
m1962 22 23 38 45 46 1123 1138 1145 1146 1195 1923 1938 1945 1946 2323 2345 
m1711 41 
m3599 32 36 38 46 1832 1932 1936 1938 1946 2332 2336 2346 4836 
m3364 12 26 46 626 1312 1326 1346 2326 4812 
m1789 14 22 36 38 46 722 1814 1822 1914 1936 1946 2314 2322 2336 2346 4814 
m2954 5 36 40 46 49 286 296 299 1836 1849 2005 2036 2046 2336 2346 2349 2486 2499 4836 
m713 12 36 40 46 49 1812 2012 2036 2046 2049 2336 2346 2462 2486 2496 3146 4346 4812 
m555 16 46 816 846 2346 3346 
m3563 
m528 22 23 46 49 1122 1123 1146 1149 1199 2323 2346 2349 
m3616 22 23 36 40 41 1122 1123 1136 1140 1141 1172 1173 1822 1823 1836 1840 1841 2022 2023 2036 2040 2041 2072 2073 2086 2090 3673 4586 
m477 36 40 46 1836 1840 1846 2036 2040 2046 2336 2340 4846 
m427 22 23 30 46 1122 1123 1130 1146 1180 1523 1530 1546 2323 2330 3673 4823 
m3334 22 23 30 36 40 46 1122 1123 1130 1136 1140 1146 1172 1173 1180 1522 1523 1530 1822 1823 1830 1846 2022 2023 2030 2036 2046 2322 2323 2330 3673 4823 
m634 22 23 30 36 40 41 46 49 1122 1123 1130 1136 1140 1141 1146 1149 1172 1173 1190 1191 1522 1523 1530 1536 1540 1541 1546 1822 1823 1830 1836 1840 1841 1846 1849 2022 2023 2030 2036 2040 2041 2046 2049 2322 2323 2330 2336 2340 2341 2346 2472 2473 2480 2486 2490 2496 3696 4823 
m994 12 14 46 712 2314 2346 3146 3246 4812 
m585 23 30 36 40 46 1180 1823 1830 1836 1846 2023 2030 2036 2040 2046 2323 2330 2336 2346 4323 4346 4823 4836 
m1869 14 22 25 46 725 1114 1125 1146 2325 3246 
m3173 22 26 32 46 1126 1132 1146 1332 1346 1646 2326 2332 2346 
m1957 5 13 22 33 36 40 46 263 272 283 286 290 672 686 690 1113 1122 1133 1136 1140 1672 1686 1690 1822 2022 2036 2305 2313 2322 2333 2336 2340 3183 
m2730 22 36 40 1122 1136 1140 2036 
m357 37 46 1896 2346 4837 
m3288 40 46 49 2340 2346 2490 2496 
m2148 23 36 41 46 1836 1841 1846 2073 2086 2323 2341 4323 4836 
m1777 22 23 1122 1123 1173 3673 
m104 37 40 46 1890 2037 2040 2046 2337 2340 2346 4396 
m1445 14 38 1914 
m1466 22 23 30 36 40 41 1123 1136 1140 1141 1173 1180 1823 1830 1836 1840 1841 2023 2036 2040 2041 2073 2080 3673 4586 
m1757 12 46 646 2312 2346 3146 4846 
m3720 14 22 23 30 40 45 46 714 746 1114 1145 1146 1164 1172 1190 1195 1196 1514 1522 1523 1530 1540 1545 1546 2014 2022 2023 2030 2040 2045 2046 2264 2296 2314 3664 
m2085 5 36 38 46 49 1805 1838 1846 1849 1905 1938 1946 1949 2305 2488 2496 
m1451 14 36 40 46 1814 1836 1840 1846 2014 2036 2040 2046 2314 2336 2346 3236 4346 4814 4836 
m3709 13 38 46 1913 1938 1946 2313 2346 
m3072 41 2091 
m1902 23 36 41 49 1191 1823 1836 1841 1849 2473 2486 2491 3686 4323 4336 4341 
m3424 22 36 40 41 1136 1140 1141 1836 1840 2036 2086 2090 4586 
m3100 22 36 40 46 49 1136 1140 1146 1149 1822 1836 1840 1846 1849 2022 2036 2040 2046 2049 2322 2336 2340 2346 2349 2486 2490 2496 4346 
m2992 46 47 2346 2347 
m1107 23 45 1195 
m1921 22 23 30 32 36 40 46 1122 1123 1130 1132 1136 1140 1146 1172 1173 1522 1523 1530 1546 1622 1623 1630 1640 1646 1822 1823 1830 1832 1840 1846 2022 2023 2030 2032 2036 2040 2046 2322 2323 2330 2332 2336 2340 2346 3696 4823 
m162 30 36 40 46 1830 2030 2036 2046 2330 2336 2340 2346 4836 
m759 22 36 37 40 46 1122 1136 1137 1146 1822 1837 1872 2036 2037 2046 2322 2336 2337 2340 2346 4346 4396 
m1622 22 30 36 1522 1536 1822 
m875 5 36 46 286 296 2305 2336 2346 4836 
m2673 32 34 38 46 1632 1646 1732 1734 1746 1932 1934 1946 2332 
m2108 36 41 1841 
m831 37 46 1896 2346 4837 
m207 14 40 46 2014 2040 2046 2314 2346 4814 4846 
m3142 22 36 46 49 1122 1146 1149 1822 1846 1849 2472 2496 
m1009 36 38 46 49 1849 1936 1946 1949 2336 2338 2346 2349 2486 2496 
m3677 12 22 23 36 40 41 46 49 640 641 646 1112 1123 1136 1141 1146 1149 1812 1836 1840 1841 1846 1849 2036 2041 2046 2073 2086 2090 2091 2096 2099 2322 2323 2336 2340 2341 2349 2462 2473 2486 2491 2496 4323 4336 4812 4836 
m3250 22 23 30 36 40 46 1122 1123 1130 1136 1140 1146 1172 1173 1180 1186 1190 1522 1523 1530 1536 1540 1546 1823 1840 2022 2023 2030 2036 2040 2046 2322 2323 2330 2336 2340 2346 3696 4823 
m1103 28 
m1433 3 14 703 714 
m3241 36 38 41 46 1838 2096 2338 4346 4586 
m3079 36 46 49 1849 2336 2346 2349 2486 2496 2499 4336 4836 
m2423 22 26 44 46 1122 1126 1144 1146 1346 2222 2226 2246 2322 2326 2344 2346 4846 
m1744 26 36 37 40 46 1346 1837 2036 2037 2040 2336 2337 
m636 22 23 1123 1172 1173 3673 
m1911 38 49 1938 1949 2488 2499 
m1007 22 44 46 1146 2344 2346 4846 
m297 22 23 30 36 40 45 46 1122 1123 1130 1136 1140 1145 1146 1172 1173 1180 1186 1190 1196 1522 1523 1530 1536 1540 1545 1546 1822 1823 1830 1845 2022 2023 2030 2036 2046 2272 2273 2280 2286 2290 2296 2322 2323 2330 2336 2340 2345 2346 3696 4346 4823 
m1389 36 38 40 41 46 1840 1846 1936 1938 1940 1941 1946 2036 2038 2040 2041 2046 2090 2096 2340 2346 4346 4586 
m1232 22 23 32 36 40 46 49 1122 1123 1132 1136 1140 1146 1149 1172 1173 1182 1186 1190 1196 1199 1622 1623 1632 1636 1640 1646 1822 1823 1832 1836 1840 1846 1849 2022 2023 2032 2036 2046 2049 2322 2323 2332 2336 2346 2349 2472 2473 2482 2486 2490 2496 3673 3686 3696 4323 4346 
m175 22 32 46 1122 1132 1146 1632 2322 2332 2346 
m650 22 23 1123 1173 3673 
m1691 23 30 36 39 40 41 1173 1180 1186 1190 1191 1523 1823 1830 1836 1973 1986 1990 1991 2023 2030 2036 2041 2073 2080 2086 2091 3673 3686 4323 4586 
m1202 33 38 40 46 1690 1696 1933 1938 1940 1946 2333 2338 2340 2346 
m613 22 36 40 41 1136 1141 1836 1840 2036 2086 2090 4586 
m547 46 
m1683 13 33 36 38 40 41 686 690 691 1686 1690 1691 1841 1913 1933 1936 1938 1941 2036 2041 2063 2083 2086 2090 2091 3183 
m567 22 23 36 41 1123 1136 1141 1172 1173 1822 1823 2072 2073 3673 4586 
m565 5 37 46 1855 2305 4837 
m962 22 40 46 1146 2046 2322 2340 2346 
m949 32 46 1632 1646 2332 2346 4846 
m2286 23 30 36 40 41 1173 1186 1191 1523 1530 1536 1540 1541 1836 1841 2023 2030 2036 2041 3673 3686 4323 4341 
m1369 22 37 40 46 1137 1146 2022 2037 2040 2046 2322 2337 2346 4837 
m2396 5 21 22 38 46 271 272 288 296 1121 1138 1146 1921 1946 2305 2321 2322 2338 2346 
m1629 22 23 36 40 41 46 1123 1136 1141 1146 1191 1822 1823 1836 1841 1846 2022 2023 2036 2040 2041 2046 2323 2336 2341 2346 3686 4341 4346 4823 
m3040 5 14 46 264 296 2314 2346 4814 
m767 13 20 22 33 36 37 40 672 686 690 1013 1020 1022 1033 1036 1040 1120 1122 1136 1140 1672 1686 1690 1813 1820 1822 1836 1840 1870 1872 1886 1890 2013 2020 2022 2036 3183 
m3227 14 46 2314 2346 4814 
m206 30 36 37 40 46 1536 1537 1540 1546 1837 1840 1846 1890 2037 2046 2340 4396 
m644 14 36 40 46 1814 1836 1846 2014 2036 2040 2046 2336 2346 4314 4346 4814 
m22 22 23 30 46 1122 1123 1130 1146 1180 1523 1530 1546 2330 2346 4823 
m1286 14 36 40 46 1814 1846 2014 2036 2040 2046 2346 4346 4814 
m2126 14 26 32 46 1314 1346 1626 1646 2314 2346 4814 
m673 
m1671 23 30 1173 1180 1523 1530 3673 
m102 22 23 36 1123 1136 1172 1173 1186 1822 1823 3673 
m4 22 23 30 46 1122 1123 1130 1146 1180 1523 1530 1546 2330 4823 
m1432 22 37 40 46 1872 2022 2037 2040 2046 2322 2337 2340 2346 4396 
m2575 14 46 714 3246 4814 
m1640 26 31 36 37 46 1576 1587 1596 1826 1831 1837 1846 1876 1896 2326 
m53 29 
m2092 32 36 38 46 49 1632 1636 1649 1849 1932 1936 1946 2332 2336 2349 
m2844 23 30 36 40 41 49 1186 1190 1199 1523 1530 1536 1540 1549 1823 1836 1840 1849 2073 2080 2086 2090 2099 2490 3686 4336 
m319 5 36 38 46 49 255 286 288 296 299 1805 1836 1838 1846 1849 1905 1936 1946 2346 2349 2486 2499 4836 
m3065 23 24 40 46 1190 1240 1246 2023 2024 2040 2046 2340 3696 3723 
m3670 22 23 36 40 41 1172 1186 1190 1191 1822 1836 1840 1841 2022 2023 2036 2040 2041 2072 2073 2086 2090 2091 3686 4323 4336 4586 
m2771 32 40 1632 2032 
m3443 44 46 49 2246 2249 2344 2346 2349 
m1268 14 45 46 2264 2296 2314 2346 4814 
m2684 14 36 40 46 740 1814 1836 1840 1846 2014 2036 2040 2046 2314 2340 2346 3246 4314 4346 4836 
m2100 14 32 36 49 714 732 736 749 1636 1649 1849 2482 2486 2499 
m3397 22 32 46 48 1132 1146 2332 2422 2432 2446 4846 
m1857 5 23 24 40 46 273 274 290 1190 1240 1246 2023 2024 2040 2046 2340 3696 3723 
m512 37 46 2337 
m1322 14 22 40 46 714 746 1114 1146 2014 2022 2046 2314 2346 3246 4814 
m3626 36 40 41 1836 1840 1841 2036 2086 2090 2091 4586 
m1774 22 23 36 40 41 1122 1123 1136 1140 1141 1172 1173 1822 1823 1836 1840 1841 2022 2023 2036 2040 2041 2072 2073 3673 4586 
m1614 23 30 46 1523 1530 1546 2346 3696 4823 
m1536 32 36 41 46 1641 1646 2332 2336 2341 2346 4136 4586 
m82 44 46 49 2246 2494 2496 
m2177 36 40 46 49 1836 1840 1846 1849 2036 2040 2046 2049 2336 2340 2346 2349 2486 2490 2496 4346 
m186 10 14 27 38 710 1360 1364 1388 1910 1914 1927 1938 
m451 22 23 30 36 40 41 46 49 1122 1123 1130 1136 1140 1141 1146 1172 1173 1186 1190 1191 1199 1522 1523 1530 1536 1540 1541 1546 1549 1822 1823 1830 1836 1840 1841 1846 1849 2022 2023 2030 2036 2040 2041 2046 2049 2072 2073 2086 2090 2096 2099 2330 2336 2340 2341 2349 2472 2473 2486 2490 2496 3696 4823 
m803 12 22 36 40 41 45 46 49 636 640 641 645 649 1145 1822 1836 1840 1841 1845 2012 2022 2036 2040 2041 2045 2046 2049 2072 2095 2272 2295 2336 2340 2349 2486 2490 2491 2495 3136 4336 4812 
m3238 12 22 23 30 36 40 46 612 622 623 630 636 640 646 1112 1123 1136 1140 1146 1162 1173 1512 1523 1536 1546 1812 1822 1823 1830 1836 1846 2012 2022 2023 2030 2036 2046 2312 2322 2323 2330 2336 2346 3123 3686 4346 4812 
m225 30 38 40 45 46 1930 2030 2038 2045 2046 2280 2288 2296 2330 2338 
m3502 36 
m3460 5 36 46 255 286 2305 2336 2346 
m1805 22 38 46 49 1122 1138 1146 1149 1922 1938 1946 1949 2322 2346 2349 
m2058 14 23 30 38 40 730 1180 1514 1523 1530 1540 1914 1923 1930 1940 2014 2023 2030 3223 
m3569 37 40 46 1890 2037 2040 2046 2337 2340 2346 4396 
m103 26 41 46 1341 1346 2341 
m1457 22 23 41 1122 1123 1173 2072 2073 3673 
m2914 22 23 36 40 1123 1136 1173 1186 1190 1836 1840 2036 3673 3686 
m2781 22 32 38 46 1132 1146 1632 1646 1922 1932 1938 1946 2332 
m273 14 34 36 40 46 1714 1734 1736 1740 1746 1814 1836 1840 1846 2014 2036 2040 2046 2314 2346 4346 4814 4846 
m2195 37 49 1899 2487 2499 
m2000 14 41 46 2064 2091 2096 2314 2346 4814 4846 
m1465 26 46 1326 1346 2346 
m659 22 23 36 40 1122 1123 1136 1140 1172 1173 1186 1190 1822 1836 1840 2022 2023 2036 2040 3673 4336 
m3346 32 40 45 46 1646 2032 2045 2046 2282 2296 
m3133 22 23 36 46 1122 1123 1136 1146 1173 1822 1823 1846 2323 3673 4823 
m2584 22 23 36 37 40 41 1123 1137 1173 1186 1187 1190 1823 1873 1886 1890 2023 2036 2072 2073 2086 2087 3673 4323 
m1662 30 36 46 1536 1546 2330 2336 2346 4836 
m892 22 23 30 46 49 1122 1123 1130 1146 1149 1172 1173 1180 1199 1522 1523 1530 1549 2322 2323 2330 2349 2472 2473 2480 3673 4823 
m3467 14 26 46 726 746 1314 1326 1346 2326 2346 4814 
m1736 30 38 46 1930 1938 1946 2330 2338 2346 4846 
m1408 37 46 49 1899 2346 2349 2496 4396 4837 
m2669 45 
m1469 46 2346 
m3137 32 36 46 49 1632 1636 1649 1849 2332 2336 2346 2349 
m939 14 40 46 2014 2046 2314 2346 4814 
m529 5 36 38 46 49 286 296 299 1849 1905 1936 1946 2346 2349 4836 
m1045 22 36 46 1136 1146 1846 2322 2336 4846 
m1153 13 22 32 36 37 40 672 686 690 1113 1122 1136 1137 1140 1613 1622 1636 1637 1822 1872 1886 1890 2022 2036 3187 
m394 22 23 1122 1123 1173 3673 
m3107 22 23 30 36 40 41 46 1122 1123 1130 1136 1140 1141 1146 1191 1523 1536 1541 1546 1841 1846 2023 2030 2036 2040 2041 2046 2072 2341 3696 4323 
m2655 23 36 40 41 1186 1190 1191 1836 1840 1841 2023 2036 2040 2041 2073 2086 2090 2091 3686 4323 4336 4586 
m2099 22 23 36 40 41 1123 1136 1140 1141 1173 1186 1190 1823 1836 2023 2036 2040 2072 2073 2086 2090 2091 3686 4323 
m3561 36 41 1836 1841 2086 2091 4586 
m473 13 20 22 33 36 40 670 672 686 690 1022 1033 1036 1040 1672 1686 1690 1822 1840 2022 2036 3183 3536 4336 
m702 14 23 36 38 46 49 1164 1814 1823 1838 1846 1849 1914 1923 1946 1949 2323 2464 2473 2496 4814 
m1715 21 38 46 1921 1946 2321 2346 4846 
m1349 36 
m812 14 23 30 46 730 1180 2314 2323 2330 2346 3223 4814 4823 
m3189 22 30 37 46 1130 1137 1146 1880 2322 2330 2337 2346 4837 
m198 23 26 46 1176 1346 3696 4846 
m3088 23 38 45 1923 2273 2288 
m2142 12 15 26 40 41 626 776 2012 2015 2026 2041 2062 2065 2076 3262 
m23 22 23 36 40 45 1122 1123 1136 1140 1145 1172 1173 1822 1823 1836 1840 1845 2022 2023 2036 2040 2045 2272 2273 3673 
m2945 5 22 36 38 40 46 49 286 296 299 1136 1138 1140 1146 1149 1836 1846 1849 1905 1936 1938 1946 1949 2036 2038 2046 2049 2346 2349 2455 2486 2496 2499 4836 
m3287 22 23 36 41 1123 1136 1141 1172 1173 1822 1823 2072 2073 3673 4586 
m274 22 23 45 1122 1123 1172 1173 2272 2273 3673 
m710 23 46 2346 4823 
m2667 22 23 30 36 40 41 1122 1123 1130 1136 1140 1173 1522 1523 1536 1822 1823 1830 1836 2022 2023 2030 2036 2072 2073 2080 2086 2090 2091 3673 4323 4586 
m1952 22 30 38 39 46 1130 1138 1139 1146 1930 1938 1939 1946 1980 2330 2339 2346 4839 
m3333 12 14 22 45 46 645 712 745 1112 1114 1146 2314 2345 2346 3146 3246 4812 
m3202 36 40 41 46 1836 1841 1846 2036 2040 2041 2046 2336 2341 2346 4341 4346 4836 4846 
m3658 22 45 46 1122 1146 2272 2296 2322 2346 4846 
m2582 22 23 37 41 1123 1172 1173 1187 1191 1872 1873 2072 2073 2087 2091 3673 
m1481 22 23 41 1123 1141 1173 2073 3673 
m344 23 30 33 46 1180 1523 1530 1533 1546 1680 2323 2330 2333 2346 4173 4823 
m1565 49 
m479 22 36 37 40 41 1137 1140 1822 1836 1840 1841 2022 2036 2037 2040 2041 2072 2086 2090 2091 4586 
m2054 14 22 32 46 49 732 749 1114 1132 1146 1649 2314 2332 2346 2349 4814 
m850 23 30 38 40 46 1180 1923 1930 1946 2023 2038 2046 2330 4823 
m2782 6 36 40 1806 2006 2036 
m2482 22 40 46 1146 2022 2040 2046 2346 
m1740 22 36 40 1122 1136 1140 2036 
m462 14 46 714 746 2314 2346 3246 4814 
m3568 32 36 38 40 46 1832 1932 1936 1946 2032 2036 2038 2046 2332 2336 2346 4836 
m2004 22 30 36 38 46 49 1522 1536 1538 1546 1549 1822 1922 1930 1936 1938 1946 1949 2322 2330 2336 2338 2346 2349 2472 2486 2496 
m3617 22 23 36 40 41 1122 1123 1136 1140 1141 1172 1173 1186 1822 1823 1836 1840 1841 2022 2023 2036 2040 2041 2072 2073 2086 2090 3673 4586 
m2540 14 38 46 49 746 1914 1946 1949 2464 2496 
m2382 36 37 38 46 1837 1838 1888 1938 2338 4346 4837 
m1183 36 38 1836 1936 1938 
m1676 36 37 49 1836 1837 1849 2486 2487 2499 
m627 22 46 1122 1146 2322 2346 4846 
m525 32 36 46 1832 2332 2336 2346 4836 
m2864 14 22 41 46 722 2064 2072 2096 2314 2322 2341 2346 4814 
m52 22 37 46 1122 1137 1146 2322 2337 2346 4837 
m3541 14 36 46 49 736 746 749 1849 2336 2346 2349 4814 4836 
m3046 11 13 22 36 38 40 563 572 586 588 590 1113 1136 1138 1140 1813 1840 1913 1936 1940 2013 
m3466 26 36 40 45 46 1826 1845 1846 2026 2036 2040 2045 2046 2276 2296 2326 2346 4346 4846 
m1067 22 36 40 41 1136 1140 1141 1836 1840 1841 2036 2040 2086 2090 2091 4586 
m1126 22 23 30 36 41 1122 1123 1130 1136 1141 1172 1173 1180 1523 1822 1823 2072 2073 3673 4586 
m74 32 39 46 1632 1639 1646 1989 2339 2346 4496 4839 
m2049 22 23 36 40 46 49 1123 1136 1146 1199 1822 1823 1836 1840 1846 1849 2022 2023 2036 2040 2046 2049 2323 2336 2346 2349 3686 4346 4823 4836 
m1174 13 20 22 32 36 40 672 686 690 1013 1022 1032 1036 1040 1122 1136 1140 1613 1622 1636 1640 1822 2022 2036 
m3462 26 39 46 1326 1339 1346 1976 2326 4496 
m56 5 32 45 46 1605 1645 1646 2255 2305 2345 
m2137 23 38 1173 1188 1923 
m1649 21 22 23 30 36 40 46 1072 1073 1080 1090 1096 1121 1122 1123 1130 1136 1140 1146 1172 1173 1522 1523 1530 1546 1821 1822 1823 1830 1840 1846 2021 2022 2023 2030 2036 2040 2046 2321 2322 2323 2330 2340 2346 3696 4823 
m408 23 36 38 40 41 1823 1840 1923 1936 2023 2036 2073 2086 2088 2090 4323 4336 4586 
m2381 32 36 38 40 46 49 1632 1636 1649 1849 1932 1936 1946 1949 2032 2036 2038 2046 2332 2336 2338 2340 2346 2349 
m603 32 36 41 46 1641 1646 2332 2336 2341 2346 4136 4586 
m1131 14 40 45 46 745 2014 2040 2046 2314 2345 2346 3214 4814 
m3225 14 45 46 49 2264 2296 2299 2314 2346 2464 2496 4814 
m3681 37 40 46 1890 2037 2040 2046 2337 2340 2346 4396 
m3077 23 31 46 49 1196 1573 1596 2323 2346 2473 2481 2496 
m2166 22 23 30 36 40 41 46 1122 1123 1130 1136 1140 1141 1146 1180 1522 1523 1530 1536 1540 1546 1822 1823 1830 1836 1840 1846 2022 2023 2030 2036 2040 2046 2072 2086 2090 2091 2322 2323 2330 2340 4823 4846 
m3680 22 30 37 40 46 1130 1137 1146 1537 1540 1546 1890 2340 4396 
m2319 36 38 46 1838 1846 2338 2346 4836 
m2158 36 49 1836 1849 2499 
m3005 22 37 46 49 1137 1146 1899 2346 2349 2496 4396 4837 
m2602 14 46 714 3246 
m2462 22 23 36 41 1122 1123 1172 1173 1822 1823 2072 2073 3673 4586 
m148 13 22 41 691 1113 1122 1141 
m690 22 23 30 1122 1123 1130 1173 1523 1530 3673 
m1192 17 46 2317 2346 3396 4817 
m1539 13 22 36 45 46 1113 1136 2263 2286 2295 2296 2313 2322 2336 3186 
m2523 23 30 36 41 1173 1180 1186 1191 1523 1530 1536 1541 1823 1830 1836 1841 2073 2080 2091 3673 4323 4586 
m1185 30 45 46 49 2280 2296 2299 2330 2480 2496 
m2504 36 49 1836 1849 2499 
m3534 22 32 46 1122 1132 1146 1622 1632 1646 2322 2332 2346 4846 
m3605 22 23 36 37 40 1122 1123 1136 1137 1140 1172 1173 1822 1823 1836 1837 1840 1872 1873 2022 2023 2036 2037 2040 3673 
m940 17 23 46 2317 2323 2346 3667 4817 4823 4846 
m531 26 32 36 41 46 1332 1336 1341 1346 1641 1646 2332 2336 2341 2346 4136 4586 
m2465 18 23 36 923 936 1186 1836 3686 
m3309 14 23 30 46 1196 1514 1523 1546 2314 2323 2330 2346 3664 4814 4823 
m709 17 38 40 46 888 1917 1946 2017 2038 2046 2338 4817 
m1020 36 37 40 1836 1837 1840 2036 2037 2040 
m1291 14 32 36 38 41 46 1614 1914 1932 1936 1938 1941 1946 2064 2082 2086 2314 2332 2336 2341 4136 4314 
m2306 23 30 40 46 49 1190 1199 1523 1530 1540 1546 1549 2330 2340 2346 2349 2490 2496 3696 4823 
m1645 32 37 38 44 46 1637 1644 1646 1894 1932 1937 1944 1946 2337 2344 
m2454 22 30 40 46 1130 1140 1146 2022 2030 2040 2046 2322 2330 2340 2346 
m1563 14 30 46 730 746 1530 2330 
m2888 16 23 38 40 46 49 1923 1940 1946 2016 2023 2046 2316 2323 2346 2349 2466 2473 3666 4823 
m3022 22 23 30 46 1122 1123 1130 1146 1180 1523 1530 1546 2330 4823 
m3584 22 23 36 40 41 1122 1123 1136 1140 1141 1172 1173 1186 1822 1823 1836 1840 1841 2022 2023 2036 2040 2041 2072 2073 2086 2090 3673 4586 
m692 40 46 2040 2046 2340 
m1042 36 38 41 46 1841 1936 1941 1946 2086 2091 2336 2341 
m1283 13 22 33 36 37 40 41 683 686 690 1113 1122 1133 1136 1140 1141 1690 1813 1822 1833 1836 1840 1872 1886 1887 2013 2022 2033 2036 2040 2063 2072 2086 
m3648 26 36 46 49 1336 1346 2476 2486 2496 4836 4846 
m2639 22 23 30 38 41 1141 1172 1191 1522 1523 1538 1541 1922 1923 1930 1938 1941 
m1895 22 23 38 46 1122 1123 1138 1146 1172 1922 1923 1938 1946 2322 3696 
m2943 14 46 714 746 2314 2346 4814 
m364 14 22 40 45 46 722 2014 2045 2046 2264 2272 2296 2314 2322 2340 2345 2346 4814 
m2737 33 46 49 1696 1699 2349 
m2738 27 38 46 1927 1946 2327 
m1566 36 38 46 1936 1946 2336 
m2475 22 23 36 40 41 1122 1123 1136 1140 1141 1172 1173 1822 1823 1836 1840 2022 2023 2036 2040 2072 2073 2086 2090 3673 4586 
m3119 22 23 36 40 41 46 49 1123 1136 1141 1149 1836 1849 2022 2036 2041 2046 2049 2073 2086 2091 2099 2322 2323 2336 2341 2349 2472 2473 2486 2491 4323 4336 4836 
m2022 23 30 40 46 1190 1196 1523 1530 1540 1546 2040 2046 2340 
m1218 36 40 46 49 1836 1846 2036 2040 2046 2049 2336 2346 2349 2486 2496 4336 4836 
m3197 22 23 36 40 41 1122 1123 1136 1140 1141 1173 1822 1823 1836 2022 2023 2036 2072 2073 2086 2090 2091 3673 4323 4586 
m1818 22 23 36 38 40 41 1122 1123 1136 1140 1173 1186 1190 1823 1836 1922 1923 1936 1940 1941 2022 2023 2036 2040 2072 2073 2086 2090 3686 4323 
m1982 14 22 36 45 46 714 746 1114 1122 1136 1145 1146 1846 2264 2286 2296 3236 3246 4314 
m1490 22 23 36 40 41 1123 1136 1140 1173 1822 1823 1836 1840 2022 2023 2036 2040 2072 2073 2086 2090 3673 4323 4586 
m1053 36 40 46 49 1840 1846 1849 2036 2040 2046 2049 2340 2346 2486 2490 2496 4336 4346 4846 
m1279 22 46 49 1122 1146 1149 2346 2349 
m2231 22 23 30 36 40 46 1122 1123 1130 1136 1140 1146 1180 1522 1523 1530 1536 1540 1546 1822 1823 1830 1836 1840 1846 2022 2023 2030 2036 2040 2046 2322 2323 2330 2340 4823 4846 
m2149 2 26 46 126 2302 2326 
m2424 40 46 2040 2046 2346 
m665 36 41 1836 1841 2086 2091 4586 
m1842 23 30 46 1180 1523 1530 2330 4823 
m467 22 36 40 41 1136 1140 1141 1836 1840 1841 2036 2041 2072 2086 2090 2091 4586 
m846 23 26 30 38 40 46 1180 1323 1330 1338 1346 1923 1930 1938 1946 2023 2026 2030 2038 2046 2330 4823 
m1025 36 38 1936 1938 
m2442 22 46 1122 1146 2346 
m3488 36 40 46 49 1836 1840 1846 1849 2036 2040 2046 2049 2336 2340 2346 2349 2486 2490 2496 4836 
m190 22 23 38 1123 1138 1923 
m756 22 23 30 36 40 41 1122 1123 1130 1136 1140 1141 1172 1173 1180 1186 1190 1523 1822 1823 1830 1836 2023 2030 2036 2072 2073 3673 4323 4586 
m192 22 23 30 46 1122 1123 1130 1146 1196 1523 1546 2346 
m3234 13 22 32 46 682 1113 1122 1132 1146 2313 2322 2332 
m2912 28 36 38 46 1828 1836 1928 1936 1938 1946 2328 2336 
m824 13 22 32 36 38 40 672 686 690 1113 1122 1136 1140 1613 1622 1636 1640 1822 1913 1922 1932 1936 2022 2036 
m2146 
m2922 26 33 1676 
m1347 14 38 46 49 746 749 1914 1938 1946 1949 2346 2349 
m3078 13 25 38 46 675 1913 1925 1946 2313 2325 
m1945 12 36 40 41 46 49 636 640 641 649 1836 1840 1841 2036 2041 2336 2340 2341 2349 2486 2490 2491 3136 4336 4812 
m435 22 37 46 49 1122 1137 1146 1899 2346 2349 2496 4396 4837 
m223 22 26 44 46 1146 1322 1344 1346 2344 2346 4846 
m37 22 23 30 36 40 46 49 1122 1123 1130 1136 1140 1146 1149 1172 1173 1180 1186 1190 1199 1522 1523 1530 1536 1540 1546 1549 1823 1840 2022 2023 2030 2036 2040 2046 2322 2330 2336 2340 2346 2349 2472 2473 2480 2486 2490 2496 3696 4823 
m1128 23 32 36 46 49 1199 1623 1636 1649 1823 1836 1846 1849 2323 2332 2336 2346 2349 3686 4332 
m395 37 40 46 1890 2037 2040 2046 2337 2340 2346 4396 
m447 5 23 24 40 46 273 274 290 296 1190 1240 1246 2023 2024 2040 2046 2340 3696 3723 
m1331 22 37 40 46 1137 1146 2022 2037 2040 2046 2322 2337 2346 4837 
m1795 14 33 37 46 737 746 2333 3233 4383 4837 
m2685 12 14 46 712 2314 2346 3146 3246 4812 
m2740 27 38 46 1927 1946 2327 
m3154 22 23 30 46 1122 1123 1130 1146 1172 1173 1180 1196 1522 1523 1530 1546 2323 2330 2346 3696 
m3392 36 37 40 46 1840 1886 1890 1896 2036 2037 2040 2046 2336 2340 2346 4346 4837 
m219 
m2284 22 36 40 41 45 1122 1136 1140 1141 1145 1822 1836 1840 1845 2022 2036 2040 2045 2072 
m1788 22 23 37 1122 1123 1172 1173 1872 1873 3673 
m1709 22 23 46 1122 1123 1146 2346 3696 4823 
m79 13 33 40 690 1690 4163 
m3330 30 36 40 45 46 49 1545 1549 1830 1845 1849 2030 2036 2045 2046 2330 2336 2345 2349 2495 
m2371 22 23 36 37 40 1122 1123 1136 1137 1140 1172 1173 1822 1823 1836 1837 1840 1872 1873 1886 1890 2022 2023 2036 2037 2040 3673 
m2803 14 22 38 44 46 744 746 1114 1138 1144 1146 1914 1938 1944 1946 2344 2346 3246 
m404 14 20 40 46 1014 1040 1046 2014 2046 3246 
m3604 46 2346 
m1828 41 2091 
m2113 38 41 46 1941 1946 2091 2341 
m1943 23 36 40 41 46 49 1191 1836 1841 2023 2036 2041 2323 2336 2340 2341 2349 2473 2486 2490 2491 2496 2499 3686 4323 4336 4836 
m2593 36 40 46 49 1836 1840 1846 1849 2036 2040 2046 2049 2336 2340 2346 2349 2486 2490 2496 4346 
m2389 14 46 49 2314 2346 2464 2496 4814 
m414 23 30 33 46 1180 1523 1530 1533 1546 1680 2330 2333 4173 4823 
m871 23 30 36 40 41 1173 1180 1186 1190 1523 1536 1540 1823 1830 1840 2023 2036 2073 2086 3673 4336 
m2422 23 31 45 46 49 1195 1196 1573 1595 1596 2295 2323 2345 2346 2473 2481 2496 
m2532 22 23 30 36 41 1123 1130 1136 1141 1180 1523 1823 1830 2073 2080 3673 4323 4586 
m450 6 36 42 46 49 2306 2336 2342 2456 2486 2492 2496 2836 4606 4636 
m3391 36 37 40 46 1836 1837 1840 1846 2036 2037 2040 2046 2337 2346 4346 4837 
m2962 30 36 38 46 1536 1546 1838 1930 1936 1946 2338 4346 
m698 14 22 46 1114 1122 1146 2314 2346 4814 
m2877 22 23 36 40 1122 1123 1136 1140 1173 1823 1840 2023 2040 3673 
m995 30 37 46 1530 1537 1546 1880 2330 2337 2346 
m2281 36 40 46 1836 1840 1846 2036 2040 2046 2336 2340 2346 4336 4346 
m2688 30 38 41 46 1930 1941 1946 2080 2330 2338 2341 2346 
m3138 22 23 30 36 40 41 46 1122 1123 1130 1136 1140 1141 1146 1180 1522 1523 1530 1536 1540 1546 1822 1823 1830 1836 1840 1846 2022 2023 2030 2036 2040 2046 2072 2086 2090 2091 2322 2323 2330 2340 4823 4846 
m1398 8 46 49 408 446 449 2349 
m1288 20 22 36 41 1022 1120 1122 1136 1141 1820 1822 2070 2072 4586 
m3723 14 23 30 38 46 723 730 738 746 1180 1523 1530 1546 1923 1930 1946 2323 2330 2338 2346 4823 
m3245 12 41 46 641 2062 2091 2096 2312 2341 2346 
m108 22 23 30 36 40 41 1123 1173 1180 1186 1190 1191 1830 2023 2030 2036 2040 2041 2073 2080 2086 2090 3673 4323 
m2256 23 30 45 46 1180 1195 1196 2280 2296 2330 2345 2346 3696 4823 
m1091 37 40 41 46 1891 2037 2041 2046 2087 2090 2091 2096 2337 2340 2341 2346 4396 
m318 26 36 46 1826 1846 2326 4336 4346 
m2298 6 43 46 2306 2343 4656 
m2193 23 45 46 1196 2273 2296 2323 2346 3696 4823 
m1416 22 37 40 46 1872 2037 2040 2046 2322 2337 2346 4837 
m1070 23 30 46 1180 1523 1530 1546 2330 2346 4823 
m3249 13 38 1913 1938 
m3020 12 14 46 712 746 2312 2346 3246 4812 
m3229 22 23 46 1123 1146 1196 2322 2323 4846 
m3206 30 40 46 2030 2040 2046 2330 2340 2346 
m3 22 23 30 46 1122 1123 1130 1146 1180 1522 1523 1530 1546 2323 2330 
m3719 13 33 38 1913 1933 1938 4163 
m868 38 46 1938 1946 2346 
m1512 22 44 46 1122 1144 1146 2322 2344 2346 4846 
m280 36 38 41 46 1936 1946 2336 2341 2346 4341 4836 4846 
m1511 22 23 32 36 1123 1132 1136 1173 1182 1186 1623 1823 3673 4332 
m2227 22 40 44 46 1146 2022 2044 2046 2344 2346 4846 
m1085 37 40 46 1890 2037 2040 2046 2337 2340 2346 4396 
m765 22 23 30 46 1122 1123 1130 1146 1180 1523 1530 1546 2330 2346 4823 
m1105 30 38 1930 1938 
m922 22 23 30 36 39 40 41 1123 1130 1136 1140 1172 1173 1180 1186 1190 1523 1536 1540 1822 1823 1830 1836 1840 1972 1973 1980 1986 1990 2022 2023 2030 2036 2072 2073 2080 2086 2089 2090 2091 3673 4323 
m3654 22 23 30 41 1122 1123 1130 1173 1523 1530 2072 2073 2080 3673 
m979 
m255 14 23 30 46 714 723 730 746 1180 2314 2323 2330 2346 3223 4814 4823 
m3158 22 23 30 36 40 41 46 49 1122 1123 1130 1136 1140 1141 1146 1149 1172 1173 1190 1191 1522 1523 1530 1536 1540 1541 1546 1822 1823 1830 1836 1840 1846 1849 2022 2023 2030 2036 2040 2041 2046 2049 2322 2323 2330 2336 2340 2341 2346 2473 2480 2486 2490 2496 3696 4823 
m1917 23 36 1186 1836 3686 
m2957 22 30 36 40 41 49 1136 1140 1536 1541 1549 1830 1836 1840 1841 1849 2030 2036 2040 2041 2049 2072 2086 2090 2091 2099 2472 2486 
m2151 13 22 33 36 40 46 49 672 686 690 1113 1133 1136 1140 1672 1686 1690 1822 2013 2022 2036 2046 2313 2322 2333 2336 2340 2349 2463 2472 2483 2486 2490 3183 
m2178 22 37 38 46 49 1137 1146 1149 1899 1922 1937 1938 1946 1949 2349 4396 
m493 12 23 30 38 41 46 641 1191 1512 1523 1541 1546 1912 1923 1930 1941 1946 2341 3662 4812 4823 
m331 22 23 1123 1173 3673 
m2796 22 26 44 46 1146 1322 1344 1346 2344 2346 4846 
m1953 28 36 38 1928 1936 1938 4328 
m350 28 36 40 1428 1828 1836 2028 2036 3936 4328 
m382 21 23 27 38 46 1073 1077 1096 1177 1921 1923 1946 2323 2327 
m685 23 26 30 40 46 1173 1180 1323 1330 1346 1523 2023 2026 2030 2046 2323 2330 3673 4823 
m136 22 37 40 46 1137 1140 1146 1890 2022 2037 2040 2046 2337 2340 2346 4837 
m599 22 23 36 40 1122 1123 1136 1140 1173 1822 1823 1840 2022 2023 3673 
m3242 14 38 40 738 1914 1938 1940 2014 2038 2040 
m1575 12 22 23 30 36 46 622 630 636 1172 1180 1186 1522 1536 1822 2322 2330 2336 3123 3686 4336 4812 4823 
m3710 14 22 32 36 40 45 46 714 722 732 736 740 746 1114 1145 1146 1614 1622 1632 1640 1646 1814 1822 1840 2014 2022 2040 2045 2046 2264 2286 2314 2322 2332 2336 2345 2346 3246 4332 4346 
m1657 38 1938 
m3293 5 13 22 263 272 1105 1113 1122 
m425 22 23 36 41 1123 1822 1823 2072 2073 3673 4323 4586 
m1302 22 23 36 40 46 49 1172 1822 1823 1836 1849 2022 2023 2036 2040 2046 2049 2322 2323 2336 2349 2473 2486 3686 4336 4346 4836 
m3017 22 23 30 36 40 41 46 1122 1123 1130 1136 1140 1141 1146 1172 1173 1180 1186 1190 1191 1523 1536 1540 1541 1841 2023 2036 2041 2072 2073 2080 2086 2090 2091 2096 2322 2323 2330 2341 2346 3673 4323 
m848 30 36 46 49 1536 1549 1849 2330 2336 2346 2349 
m1011 13 23 30 46 696 1163 1173 1180 1196 1513 1523 1530 1546 2313 2323 2330 2346 3196 3663 3696 4823 
m2784 32 36 38 46 49 1632 1636 1649 1849 1932 1936 1938 1946 1949 2332 2336 2346 2349 
m3630 36 37 40 46 1840 1886 1890 1896 2036 2037 2040 2046 2336 2337 2340 2346 4346 4387 4396 4837 
m1803 23 30 46 1180 1523 1530 1546 2330 2346 4823 
m48 38 46 1938 1946 
m2790 37 46 2337 2346 
m2810 22 36 40 41 1136 1140 1141 1836 1841 2036 2041 2086 2090 2091 4586 
m325 36 37 40 41 1841 1886 1890 1891 2036 2041 2086 2087 2090 2091 
m3641 
m1037 3 30 37 46 153 180 187 196 1503 1530 1537 1546 1853 1880 2303 2330 2337 2346 4803 
m2008 27 32 1382 
m1759 41 46 2091 2096 2341 
m1014 12 32 36 46 1612 1812 2312 2332 2336 2346 4136 4812 4836 
m2276 45 
m2006 13 22 37 672 1872 4363 
m2906 14 46 714 746 2314 2346 4814 
m5 32 36 38 41 46 1638 1646 1838 1846 2082 2096 2332 2336 2338 2341 2346 4332 4586 
m2680 5 13 26 33 41 46 655 696 1305 1313 1326 1333 1341 1346 1655 1676 1691 1696 2055 2063 2096 2305 4163 
m3210 38 46 1938 1946 2346 
m1660 22 23 26 30 36 40 41 1122 1123 1126 1136 1140 1141 1172 1173 1180 1186 1191 1323 1336 1340 1523 1536 1541 1822 1823 1826 1836 1840 1841 2022 2023 2026 2036 2040 2041 2072 2073 2076 2086 2090 3673 4586 
m165 26 38 46 1338 1346 2338 2346 
m1501 13 38 45 46 688 2263 2295 2296 2313 2338 2346 3196 
m1303 3 30 33 41 46 180 196 1653 1680 2053 2080 2083 2096 2330 4196 
m1254 36 38 40 46 49 1936 1938 1940 1946 2036 2046 2049 2346 2349 2486 4836 
m1557 22 26 44 45 46 1144 1145 1146 1322 1344 1345 1346 2294 2296 2344 2346 
m637 22 23 30 36 38 40 41 46 1122 1123 1130 1136 1140 1146 1172 1173 1180 1186 1190 1522 1523 1530 1536 1540 1546 1823 1840 1922 1923 1930 1938 1941 1946 2023 2030 2036 2038 2040 2041 2046 2072 2073 2080 2086 2096 2322 2330 2336 2340 2346 3696 4823 
m656 36 46 49 2486 2496 4836 4846 
m2228 22 23 27 30 36 40 49 1172 1186 1199 1372 1373 1380 1386 1399 1522 1523 1527 1530 1536 1549 1822 1823 1827 1830 1836 1840 1849 2023 2027 2030 2036 2040 2049 2472 2473 2477 2480 2486 2499 3686 4336 
m761 23 45 1195 
m2794 22 36 40 41 1136 1140 1141 1836 1840 1841 2036 2040 2072 2086 2090 2091 4586 
m1856 36 40 46 49 1840 1846 1849 2036 2040 2046 2049 2336 2340 2346 2486 2496 4336 4346 4846 
m1798 22 23 30 32 40 41 1140 1182 1523 1530 1532 2022 2023 2030 2032 2040 2072 2090 
m716 5 13 38 46 263 296 1905 1913 1938 1946 2305 2313 2346 4813 
m3044 14 714 
m1238 46 
m730 14 22 38 46 49 722 749 1938 1946 2314 2322 2346 2349 2472 
m3678 26 38 46 1926 1938 1946 2326 
m84 14 40 46 2014 2040 2046 2314 2346 4814 
m1245 22 23 30 38 46 1123 1130 1146 1188 1523 1530 1538 1546 2338 3696 
m3432 22 23 30 36 40 41 1122 1123 1130 1136 1140 1173 1522 1523 1536 1822 1823 1830 1836 2022 2023 2030 2036 2072 2073 2080 2086 2090 2091 3673 4323 4586 
m2270 36 37 41 46 49 1837 1841 2087 2341 2486 2487 2491 2496 4336 4346 4837 
m609 37 38 40 46 1890 1937 1938 1946 2340 4837 
m2344 22 23 36 40 46 49 1172 1822 1823 1836 1840 1849 2022 2023 2036 2040 2046 2049 2322 2323 2336 2340 2349 2473 2486 2490 4323 4336 4346 4836 
m697 22 36 40 46 1122 1136 1140 1146 1840 2022 2040 2046 2322 2336 2340 2346 
m99 14 22 36 38 41 46 714 736 1114 1136 1836 1914 1922 1936 1941 2064 2072 2086 2314 2322 2336 2338 2341 3236 4314 4586 4814 
m2855 33 34 38 40 46 1690 1696 1733 1734 1738 1746 1933 1938 1940 1946 2333 2338 2340 2346 
m3075 36 40 46 49 1840 1846 1849 2036 2040 2046 2049 2340 2346 2486 2490 2496 4336 4346 4846 
m2980 13 22 25 46 1113 1125 1146 1263 1296 2313 
m2268 36 37 38 46 49 1837 1838 1888 1938 2338 2486 2487 2488 2496 4346 4837 
m1670 32 46 2332 
m1132 30 46 2330 2346 4846 
m1145 30 36 38 40 46 1830 1930 1936 1940 1946 2030 2036 2046 2330 2336 2340 2346 4836 
m2378 5 36 46 49 286 296 299 1836 1849 2305 2336 2346 2349 2455 2486 2496 4836 4846 
m1277 22 30 36 38 40 41 45 46 1130 1136 1138 1140 1141 1145 1146 1522 1536 1540 1541 1822 1836 1840 1922 1945 1946 2022 2036 2040 2086 2090 2272 2296 2322 2330 2336 2341 
m137 5 45 46 2255 2296 2305 2346 
m2185 
m1688 22 23 36 40 41 1122 1123 1136 1140 1141 1172 1173 1822 1823 1836 1840 1841 2023 2036 2040 2041 2072 2073 3673 4341 
m3058 23 32 39 49 1173 1639 1973 2482 2489 3673 
m1980 13 38 688 1913 1938 
m2556 5 36 38 40 46 49 286 296 1805 1836 1838 1846 1849 1905 1936 1938 1946 1949 2036 2038 2046 2049 2346 2349 2455 2486 2496 4836 
m243 14 22 46 714 722 746 1114 1146 2314 2346 3246 4814 
m1776 5 36 46 49 286 296 299 1849 2346 2349 2499 4836 
m3704 5 13 38 45 46 655 1913 1946 2255 2263 2288 2296 2305 2313 
m1901 23 36 41 49 1191 1823 1836 1841 1849 2473 2486 2491 3686 4323 4336 4341 
m1247 23 38 45 1923 2273 2288 
m1452 22 23 30 1122 1123 1130 1522 1523 
m1030 37 40 46 1890 2037 2040 2046 2337 2340 2346 4396 
m3215 12 14 46 712 2314 2346 3146 3246 4812 
m2463 23 36 40 46 49 1190 1823 1840 1846 1849 2323 2340 2349 2473 
m1706 22 23 36 40 41 1122 1123 1136 1140 1141 1172 1173 1822 1823 1836 1840 1841 2022 2023 2036 2040 2041 2072 2073 2086 2090 3673 4586 
m1229 26 32 36 46 1332 1336 1346 1832 2332 2336 2346 4836 
m3504 5 22 36 38 46 49 286 296 299 1105 1136 1138 1146 1849 1905 1936 1946 2346 2349 2486 2499 4836 
m315 
m457 30 46 1546 2330 4846 
m785 22 44 46 1122 1144 1146 2322 2344 2346 4846 
m1282 38 41 46 49 1938 1946 1949 2088 2096 2099 2341 2346 2349 
m478 37 46 4837 
m1187 14 23 30 730 1180 1523 1530 3223 
m3592 22 23 46 49 1123 1146 1196 2472 2473 2496 
m1809 4 26 38 226 238 1304 1326 1338 1904 1926 2704 
m3521 22 23 24 40 46 1122 1123 1146 1172 1222 1246 2022 2023 2024 2040 2046 2322 3696 3723 
m1052 22 36 40 46 1822 1840 1846 2022 2036 2040 2046 2322 2336 2340 2346 4336 4346 4836 
m678 23 28 38 1178 1188 1928 1938 
m2895 26 38 46 1926 1938 1946 2326 
m1618 
m963 36 46 49 1849 2336 2349 2486 2499 
m3556 22 23 30 36 40 41 46 1122 1123 1130 1136 1140 1141 1146 1172 1173 1180 1186 1190 1191 1523 1536 1540 1541 1841 2023 2036 2041 2073 2080 2086 2090 2091 2322 2323 2330 2341 3673 4323 
m1024 38 40 46 49 1940 1946 1949 2046 2490 2496 
m3506 22 37 46 1122 1137 1146 1872 2322 2337 2346 4837 
m3212 23 36 46 49 1196 1199 1846 1849 2346 2496 3686 
m1845 26 38 46 1338 1346 1946 2346 
m2458 23 36 40 46 1186 2023 2036 2040 2046 2323 2336 2340 2346 3696 4346 
m548 38 41 46 1938 1941 1946 2341 
m1252 22 36 38 40 1122 1136 1138 1140 1836 1838 1840 1936 1938 2036 2038 2040 
m38 22 23 30 41 46 1122 1123 1130 1141 1146 1522 1541 1546 2072 2073 2322 2323 2341 2346 
m630 23 45 1173 2273 3673 
m1859 22 23 30 46 1122 1123 1130 1146 1523 1530 1546 2330 2346 3696 4823 
m1244 22 23 36 38 41 1122 1123 1136 1138 1141 1922 1923 1936 1938 1941 2073 3686 4586 
m1146 14 22 36 40 722 736 740 1114 1122 1136 1140 1822 2022 2036 
m2040 12 22 36 38 40 46 612 636 1112 1122 1136 1138 1140 1146 1812 1836 1840 1846 1912 1922 1936 1938 1940 1946 2012 2022 2036 2038 2046 2312 2336 2346 3146 4812 4836 
m3328 23 36 3686 
m3181 46 2346 
m539 23 24 40 46 1190 1240 1246 2023 2024 2040 2046 2340 3696 3723 
m3317 14 20 38 46 49 720 1914 1946 2320 2349 2464 2470 4814 
m1203 33 36 38 46 49 1833 1846 1938 1946 2333 2336 2346 2349 2483 2486 2496 4833 
m2854 14 22 23 36 723 1114 1123 1136 1186 3236 
m959 12 13 22 32 36 40 622 636 640 672 686 690 1112 1113 1122 1136 1140 1612 1613 1622 1636 1640 1822 2022 2036 3162 
m2799 22 32 46 1122 1132 1146 2332 2346 
m2430 44 46 2246 2344 2346 4846 
m1257 22 23 41 1122 1123 1141 1173 2072 2073 3673 
m2417 22 23 30 36 40 46 1122 1123 1130 1136 1140 1146 1180 1522 1523 1530 1536 1540 1546 1822 1823 1830 1836 1840 1846 2022 2023 2030 2036 2040 2046 2322 2323 2330 2340 4823 4846 
m813 36 1836 
m2516 23 31 46 49 1196 1573 1596 2346 2473 2481 2496 2499 
m2159 32 38 46 1632 1646 1932 1938 1946 2332 2346 
m2356 22 36 46 49 1822 2322 2336 2346 2349 2486 2496 
m2654 36 38 46 1936 1938 1946 2336 2346 
m3037 32 36 46 49 1636 1649 1849 2332 2336 2346 2349 2486 2499 4136 4336 
m2071 11 13 22 33 36 40 563 572 583 586 590 672 686 690 1113 1122 1133 1136 1140 1672 1686 1690 1822 2022 2036 3183 
m2313 22 37 40 46 1137 1146 1890 2022 2037 2040 2046 2322 2337 2340 2346 4396 
m1527 22 23 30 41 46 1123 1130 1146 1172 1522 1523 1530 1546 2072 2073 2080 2096 2322 3696 
m961 22 36 40 41 46 1136 1141 1146 2022 2036 2041 2046 2086 2096 2336 
m3669 22 23 37 1122 1123 1172 1173 1872 1873 3673 
m155 22 23 36 41 1123 1136 1141 1186 1823 2072 2073 2086 2091 3673 4586 
m3522 14 38 40 46 49 1938 1940 1946 2014 2046 2049 2346 2464 2496 4814 
m2254 22 36 40 41 1122 1136 1140 1141 1822 1836 1840 1841 2022 2036 2040 2041 2072 2086 2090 
m3555 36 46 2336 2346 4836 4846 
m3360 22 30 36 46 1136 1146 1522 1536 1546 1846 2346 
m1069 36 40 41 1836 1840 2036 2086 2090 2091 4586 
m898 22 23 36 45 1172 1822 2272 2273 2286 4323 
m973 12 36 38 41 46 641 1841 1912 1936 1938 1941 1946 2062 2086 2091 2096 2312 2336 2341 4312 
m2502 6 14 36 46 49 314 706 714 736 746 749 1806 1814 1846 2306 2456 2464 2486 2496 4814 
m3127 38 41 46 1938 1941 1946 2341 
m114 6 36 40 42 46 49 2006 2036 2042 2046 2049 2306 2336 2342 2349 2456 2486 2492 4306 4342 4606 
m721 46 49 2346 2349 4846 
m987 22 23 30 36 39 41 1123 1130 1139 1141 1522 1523 1822 1823 1830 1839 1841 1972 1973 1980 1991 2072 2073 2080 2086 2089 2091 3673 4586 
m1072 14 46 2346 4814 
m2566 12 14 23 34 46 712 1162 1164 1196 1712 1714 1723 1734 1746 2314 3114 3214 3664 4812 
m3015 13 22 36 38 40 45 1113 1136 1138 1140 1145 1813 1840 1913 1936 1940 2013 2263 2286 2288 2290 
m712 14 23 30 46 1514 1523 1546 2314 2323 2330 2346 3664 4814 4823 
m2387 14 46 49 2314 2346 2464 2496 4814 
m1101 12 32 36 46 1612 1646 1812 2336 2346 3146 4136 4346 4812 
m285 33 36 38 40 46 49 1686 1690 1836 1838 1840 1846 1849 1933 1936 1938 1940 1946 2033 2036 2038 2040 2046 2333 2336 2338 2340 2346 2486 2488 2490 2496 
m193 37 46 4396 
m570 36 40 49 1836 1840 1849 2036 2040 2049 2486 2490 2499 
m185 22 23 36 40 41 1122 1123 1136 1140 1141 1172 1173 1822 1823 1836 1840 1841 2022 2023 2036 2040 2041 2072 2073 3673 4586 
m1034 14 40 46 2014 2040 2046 2314 2346 3214 4814 
m2024 45 46 2296 2346 
m2273 5 14 22 23 30 41 46 49 273 280 291 705 723 730 741 1123 1130 1172 1173 1180 1522 1523 1530 1541 2072 2073 2080 2305 2323 2330 2341 2346 2464 2496 2499 3673 4814 
m1204 22 23 30 36 40 1123 1130 1173 1186 1190 1523 1530 1536 1823 2023 2036 3673 3686 
m2973 23 30 36 38 46 49 1173 1180 1186 1188 1196 1199 1523 1530 1536 1538 1546 1549 1823 1830 1838 1846 1849 1923 1930 1936 1946 1949 2323 2330 2336 2338 2346 2349 2473 2480 2486 2488 2496 4823 
m1843 13 22 33 40 690 1113 1122 1133 1140 1690 3183 
m725 36 40 41 46 49 1841 2036 2040 2046 2336 2341 2346 2349 2486 2491 2496 4346 4836 4846 
m3014 22 23 36 41 1123 1136 1823 2072 2073 3673 4323 4586 
m1937 22 36 40 46 49 1136 1140 1146 1836 1846 2022 2036 2040 2046 2049 2336 2346 2349 2486 2496 4336 4836 
m3456 14 22 32 732 1114 1132 
m3399 6 14 32 314 332 732 
m1730 12 22 36 40 41 45 46 49 636 640 641 645 649 1145 1822 1836 1840 1841 1845 2012 2022 2036 2040 2041 2045 2046 2049 2072 2095 2272 2295 2336 2340 2349 2486 2490 2491 2495 3136 4336 4812 
m34 32 37 1882 
m288 22 36 37 40 46 1136 1137 1140 1146 1837 1840 1846 1890 2022 2036 2037 2040 2046 2336 2340 2346 4336 4346 4396 4837 
m1423 22 44 46 1146 2344 2346 4846 
m534 13 37 4363 
m1170 22 30 46 1522 1546 2322 4846 
m3403 6 14 23 32 36 314 332 732 1156 1164 1182 1806 1814 1832 3686 
m530 39 
m228 22 38 44 46 1146 1922 1944 1946 2344 2346 4846 
m3668 13 22 33 36 40 46 672 686 690 1113 1122 1133 1136 1140 1672 1686 1690 1822 2022 2036 2313 2322 2333 2336 2340 3183 
m345 23 30 33 38 46 1180 1523 1530 1533 1546 1680 1923 1930 1933 1946 2323 2330 2333 2346 4173 4823 
m3331 26 38 46 1346 1926 1946 2346 
m1368 23 30 37 39 1180 1523 1530 1537 1539 1880 1980 1987 4373 4473 
m67 12 26 46 1312 1346 2346 4812 
m1403 23 30 46 49 1180 1199 1549 2323 2330 2346 2349 2473 2480 2496 
m3363 22 37 40 46 1122 1137 1140 1146 2022 2037 2046 2322 2337 2346 4837 
m2850 23 30 36 40 41 1523 1536 1540 1830 1836 1840 2023 2036 2073 2080 2086 2090 3686 4323 4586 
m2835 36 40 41 1836 1840 1841 2036 2041 2086 2090 2091 4586 
m1243 36 46 49 1849 2346 2349 4836 
m1049 5 36 40 46 286 290 296 2036 2046 2305 2340 2346 4346 4836 
m2289 38 46 1938 1946 2346 
m2886 22 23 30 36 40 46 1122 1123 1130 1136 1140 1146 1172 1173 1180 1186 1190 1522 1523 1530 1536 1540 1546 1823 1840 2023 2036 2040 2322 2323 2330 2336 2340 2346 3696 4823 
m3434 12 14 40 46 646 2012 2014 2046 2314 2346 3114 4812 
m1682 6 14 36 49 706 714 736 749 1806 2456 2486 
m2852 13 46 2313 2346 4813 
m3122 13 30 36 46 1513 1536 1546 2313 2330 2336 2346 4313 4813 4836 
m1188 22 30 41 46 1130 1146 1522 1546 2072 2080 2096 2322 
m2514 36 37 46 1837 2336 2337 4336 4337 
m2288 3 
m1513 21 22 30 36 40 41 46 1072 1096 1121 1122 1130 1136 1140 1141 1146 1521 1522 1536 1546 1821 1822 1846 2021 2022 2030 2036 2040 2046 2072 2090 2096 2321 2322 2340 4346 4846 
m3606 20 40 48 2020 2420 2440 
m2930 12 13 22 27 36 40 622 636 640 672 686 690 1112 1113 1122 1136 1140 1362 1363 1372 1386 1390 1822 2022 2036 3162 
m1 22 23 41 46 1123 1141 1146 1173 2073 2323 2341 2346 3673 4823 
m1472 22 23 30 36 40 46 1122 1123 1130 1136 1140 1146 1173 1180 1186 1190 1522 1523 1530 1536 1540 1822 1823 1830 1836 1840 1846 2022 2023 2030 2036 2040 2046 2322 2323 2330 2336 3673 4823 
m1248 22 23 38 41 46 1123 1172 1173 1923 1938 1941 1946 2072 2073 2096 2322 2323 3673 4823 
m3390 22 36 37 40 46 1136 1137 1140 1146 1840 1886 1890 1896 2036 2037 2040 2046 2336 2340 2346 4346 4837 
m1250 32 36 40 41 46 1640 1641 1646 1846 2032 2036 2040 2041 2046 2096 2332 2336 2340 2341 2346 4136 4586 
m2590 22 23 30 36 40 41 1122 1123 1130 1136 1140 1172 1173 1186 1190 1522 1523 1536 1822 2022 2036 2072 2073 2080 2086 2090 3673 3686 
m1148 23 1173 3673 
m3656 22 23 30 46 1122 1123 1130 1146 1523 1546 2323 3673 4823 
m3366 3 26 36 41 186 191 1303 1336 1341 2091 4341 4586 
m3523 45 46 2345 
m925 22 23 30 36 40 41 1122 1123 1136 1140 1141 1172 1173 1186 1190 1191 1522 1523 1536 1541 1840 1841 2023 2036 2041 2072 2073 2086 2090 2091 3673 3686 4323 4336 4586 
m3332 22 46 1122 1146 
m13 18 46 918 946 2318 2346 
m3676 36 46 2336 
m195 22 23 30 36 1123 1130 1136 1172 1180 1522 1822 1823 1830 
m1485 22 23 45 1123 1173 1195 3673 
m589 34 45 2284 
m3551 27 40 46 1396 2027 2040 2046 2340 2346 
m3311 13 38 1913 1938 
m417 38 46 1938 1946 2338 2346 
m2211 32 36 41 46 1641 1646 2332 2336 2341 2346 4136 4586 
m1849 22 36 41 1122 1136 1141 1822 2072 2086 2091 4586 
m2731 17 37 46 2337 3387 4817 
m897 37 46 49 2346 2487 2496 4837 
m1561 14 22 38 46 1114 1146 1914 1922 1938 1946 2314 2322 2346 4814 
m806 22 44 46 1146 2222 2244 2246 2322 2344 2346 4846 
m750 23 24 40 46 1190 1240 1246 2023 2024 2040 2046 2340 3696 3723 
m2941 26 3826 
m1350 30 46 2330 
m2358 22 23 30 40 46 1122 1123 1130 1140 1146 1180 1196 1523 1530 1546 2022 2023 2030 2046 2330 3673 4823 
m168 22 
m2290 22 36 41 49 1122 1136 1141 1149 1841 1849 2486 2491 4336 
m2260 13 46 2313 
m2052 22 23 45 1123 1145 1172 1173 2272 2273 3673 
m272 8 32 37 46 49 408 446 449 1608 1646 1649 1858 1882 1896 2308 2332 2346 2349 
m1551 23 30 36 40 41 1173 1523 1536 1540 1823 1830 1836 1840 2023 2030 2036 2040 2073 2080 2086 2090 3673 4323 4586 
m112 22 36 41 46 1136 1146 1846 2072 2096 2322 2336 2341 2346 4586 4836 
m1246 23 30 36 41 49 1191 1523 1530 1541 1823 1830 1836 1841 1849 2073 2080 2086 2091 2099 2473 2480 2486 2491 2499 
m1301 31 36 37 40 46 1587 1590 1596 1831 1837 1840 1846 1890 1896 2340 
m1083 26 41 46 1341 1346 2341 
m2461 38 46 1946 2346 
m217 28 46 1428 2328 2346 
m590 36 41 1841 
m895 22 30 38 46 1130 1146 1922 1930 1946 2322 2330 2346 
m2315 13 22 36 38 40 1113 1122 1136 1138 1140 1813 1840 1913 1936 1940 2013 
m490 23 36 38 49 1186 1923 1936 1938 1949 2473 2486 
m2294 21 22 46 1121 1146 2321 4846 
m545 14 22 36 41 46 714 736 1114 1122 1136 1141 1146 1836 2064 2072 2086 2314 2322 2336 2341 3236 4314 4586 4814 
m1801 22 23 36 40 1122 1123 1136 1140 1172 1173 1186 1190 1822 1823 1836 1840 2022 2023 2036 2040 3673 3686 4323 
m2167 14 23 30 36 40 46 730 1180 1814 1823 1830 1846 2014 2023 2030 2036 2040 2046 2314 2330 2346 3223 4346 4814 4823 
m3074 22 23 30 36 40 46 1122 1123 1130 1136 1140 1146 1172 1180 1186 1190 1196 1522 1523 1530 1536 1540 1546 1830 2022 2023 2030 2036 2046 2330 4836 
m513 31 36 38 46 1588 1838 2331 2338 4331 4836 
m2921 22 23 30 46 49 1122 1123 1130 1146 1149 1172 1173 1180 1522 1523 1530 1549 2322 2323 2330 2349 2472 2473 2480 3673 4823 
m3134 13 23 36 46 49 1813 1823 1846 1849 2313 2346 2463 2473 2496 3663 4813 4823 
m2840 12 14 40 46 712 2012 2014 2046 2314 2346 3146 3246 4812 
m1973 12 14 46 712 2314 2346 3146 3246 4812 
