m3441 34 46 1746 
m1136 37 46 4837 
m1463 13 33 36 40 46 690 1813 1833 1840 2033 2313 2333 3183 4836 
m917 41 46 2341 
m1252 22 45 1122 1145 2272 
m2656 26 40 46 49 1340 1346 1349 2046 2490 2496 
m2066 29 36 41 1486 1829 1836 1841 2079 2086 2091 
m1280 36 40 46 49 1836 1840 1846 1849 2036 2046 2049 2336 2340 2346 2349 2486 2490 2496 4346 4836 4846 
m719 5 32 36 46 49 282 286 296 299 1649 1832 1849 2332 2336 2349 2486 4136 4336 
m249 22 30 46 1130 1146 2330 
m2123 
m3202 23 30 38 46 1173 1180 1188 1523 1530 1538 1923 1930 1938 2323 2330 2338 2346 3673 4823 
m2975 26 46 1346 2346 
m3439 22 44 45 46 1146 2272 2294 2296 2344 2346 4846 
m3180 13 20 22 32 36 40 46 672 686 690 1013 1022 1032 1036 1040 1122 1136 1140 1613 1622 1636 1640 1822 2022 2036 2313 2320 2322 2332 2336 2340 
m1955 33 36 45 46 1686 1695 1845 2333 2345 4836 
m2660 13 16 38 688 838 3313 
m3391 14 36 46 49 714 736 746 749 1814 1836 1846 1849 2314 2336 2346 2349 2464 2486 2496 3246 4814 
m1094 22 46 2322 
m1302 22 38 45 46 1138 1145 1146 1938 1945 1946 2345 
m1608 36 40 46 1840 2036 2040 2046 2340 4346 
m3154 23 45 46 1195 2296 2345 2346 3696 4823 
m1558 5 45 46 2255 2295 2296 2305 2345 
m229 13 22 38 1113 1913 1922 
m2856 22 27 36 40 1122 1127 1136 1140 1390 1827 1836 1840 2027 2036 2040 
m881 22 46 1146 
m3413 19 46 969 996 2319 2346 
m3097 36 40 46 49 1836 1840 1846 1849 2036 2040 2046 2336 2340 2346 2349 2486 2490 2496 4336 4346 4836 
m1157 3 30 45 46 180 195 2280 2296 2330 2345 2346 2696 4803 
m1423 23 30 38 41 46 49 1173 1523 1930 1938 1941 1946 1949 2073 2080 2323 2330 2341 2473 2480 2491 2496 3673 
m2506 22 44 46 1146 2344 2346 4846 
m118 5 37 45 46 1855 2255 2287 2296 2305 4837 
m924 13 16 3313 
m1360 22 36 40 46 1122 1136 1140 1146 1840 2040 2336 2340 
m1808 22 23 30 1122 1123 1130 1172 1173 1180 1522 1523 1530 3673 
m2217 14 22 36 40 46 722 740 746 1140 1146 1822 1840 2014 2036 2040 2046 2322 2336 2340 2346 3236 4346 4814 
m3178 38 46 1946 
m3287 6 14 32 36 314 332 732 1806 1814 1832 
m1853 37 41 46 2087 2096 4837 
m940 36 38 46 49 1849 1936 1946 1949 2336 2338 2346 2349 2486 2496 
m1188 13 45 2263 
m2602 22 38 44 46 1146 1946 2344 2346 4846 
m2711 22 23 30 46 1122 1123 1130 1146 1180 1523 1530 1546 2330 2346 4823 
m2744 22 36 37 40 46 1122 1136 1137 1140 1146 1822 1837 1840 1846 1872 2022 2037 2046 2322 2336 2340 2346 4396 4837 
m2568 32 36 38 41 46 49 1641 1646 1938 1941 1946 1949 2332 2336 2341 2346 2482 2486 2491 2496 4136 4586 
m2912 22 23 30 38 1122 1123 1130 1138 1172 1173 1188 1522 1523 1530 1538 3673 
m1392 46 
m2641 22 40 44 46 1146 2022 2044 2046 2344 2346 4846 
m2632 5 36 44 46 49 286 296 299 1849 2205 2236 2246 2249 2346 2349 2455 2486 2494 2496 4836 
m2514 22 23 30 1122 1123 1130 1172 1173 1180 1522 1523 1530 3673 
m2527 22 45 46 1145 1146 2296 
m2235 46 
m3482 22 36 45 1136 1145 1845 
m2148 46 
m188 22 36 46 49 1136 1146 1149 1822 1846 2322 2336 2346 2472 2486 2496 
m3447 46 
m1040 32 36 4332 
m2939 22 44 46 1146 2344 2346 4846 
m304 22 37 41 46 1137 1141 1146 2087 2096 4837 
m1475 13 33 36 40 48 698 1698 1813 1833 1848 2013 2033 2036 2048 4163 
m1906 38 45 1938 1945 2288 2295 
m2396 45 46 2345 
m2489 32 1632 
m3453 5 13 38 45 46 655 1913 1946 2255 2263 2288 2296 2305 2313 
m2271 22 23 30 36 40 45 46 1122 1123 1130 1136 1140 1145 1146 1172 1173 1180 1190 1196 1522 1523 1536 1540 1545 1546 1822 1823 1830 1836 1840 1845 1846 2022 2023 2030 2036 2040 2045 2046 2272 2273 2280 2286 2290 2296 2322 2323 2330 2336 2340 2345 2346 4823 
m2801 40 46 2046 
m2927 38 45 46 1945 2288 2295 2296 2338 2345 
m2315 22 39 45 46 1122 1146 1972 1995 1996 2272 2296 
m2438 37 46 1896 
m2198 22 36 40 1122 1136 1140 1822 2022 2036 
m49 29 
m3350 22 32 36 40 46 49 1622 1646 1822 1832 1836 1840 1846 1849 2032 2036 2046 2322 2482 2486 2490 2496 4332 
m31 22 30 40 46 1130 2022 2030 2040 2046 2322 2330 2346 
m2331 37 
m646 30 38 45 46 1930 1945 1946 2280 2296 2330 
m1377 22 36 40 41 49 1122 1136 1140 1141 1149 1841 1849 2022 2036 2041 2049 2072 2086 2090 2091 2099 2486 2491 4336 
m2667 13 14 22 672 722 3213 
m102 22 23 30 36 40 41 46 1122 1123 1130 1136 1140 1141 1146 1191 1523 1536 1541 1546 1841 1846 2023 2030 2036 2040 2041 2046 2072 2073 2091 2341 3696 4323 
m107 22 23 30 36 40 46 49 1122 1123 1130 1136 1140 1146 1149 1172 1173 1522 1523 1530 1540 1546 1822 1823 1830 1840 1846 2022 2023 2030 2036 2040 2046 2322 2323 2330 2336 2340 2346 2349 2480 2486 2490 2496 3696 4823 
m1557 32 46 2332 2346 
m1708 23 30 46 1196 1523 1530 1546 2323 2330 2346 3696 4823 
m1255 14 22 36 1114 1136 4314 
m2469 36 38 46 1936 1938 1946 2336 2346 
m3037 13 38 1913 1938 
m390 22 38 45 46 1145 1922 1945 1946 2322 2345 
m467 13 36 38 46 49 663 686 688 696 699 1813 1836 1838 1846 1849 1913 1936 1946 1949 2336 2338 2346 2349 2463 2486 2496 3196 4813 
m3274 5 22 36 40 41 272 286 290 291 1105 1122 1136 1140 1141 1840 1841 2041 
m3238 33 36 41 1686 2083 4586 
m2622 32 46 1632 1646 2332 2346 
m2904 22 26 46 1146 1322 1326 1346 
m847 32 49 1649 
m1220 23 45 1195 2273 2295 
m1922 13 36 46 49 699 1849 2313 2349 4313 4836 
m657 22 41 1122 1141 2072 
m2982 22 26 44 46 1146 1322 1344 1346 2326 2344 2346 4846 
m3004 45 46 49 2295 2299 2345 2349 
m434 2 45 46 2252 2296 2302 
m2095 22 32 45 46 1146 2272 2282 2295 2296 2332 2346 
m2098 13 22 33 36 40 672 686 690 1113 1122 1133 1136 1140 1672 1686 1690 1822 2022 2036 3183 
m821 23 36 1186 
m3418 22 36 40 1122 1136 1140 2022 2036 2040 
m1742 23 
m3407 32 46 1632 1646 2332 
m862 27 28 36 46 1378 1386 1396 1828 2327 2328 2336 2346 4836 
m1153 5 26 45 46 276 296 1305 1326 1346 2255 2276 2296 2326 
m342 13 22 33 36 38 40 1113 1122 1133 1136 1138 1140 1813 1833 1838 1840 1913 1933 2013 2033 2038 4163 
m465 22 41 1141 
m455 22 45 1145 
m2761 26 37 46 1337 1346 2337 2346 4837 
m789 1 32 36 38 45 46 82 96 1901 1932 1936 1946 2251 2282 2286 2288 2296 2332 2586 4136 4836 
m1318 32 36 1832 
m1102 36 40 48 49 1836 1840 2036 2436 2440 2449 2486 2490 4336 
m2501 14 30 46 730 746 2330 
m3186 14 36 40 45 736 740 745 1840 2036 2286 2290 4336 
m2509 22 44 46 1146 2344 2346 4846 
m3293 22 23 30 1122 1123 1130 1172 1173 1522 1523 3673 
m1843 22 44 46 1146 2322 2344 2346 4846 
m2402 5 14 26 33 45 264 276 283 726 1676 2255 2264 2276 2283 3233 
m3379 45 46 2296 
m3279 38 46 49 1946 1949 2346 2496 2499 
m372 14 46 2346 4814 
m3405 36 37 39 40 41 46 49 1837 1839 1840 1841 1846 1849 1889 2037 2039 2046 2087 2089 2090 2096 2487 2490 2491 4396 4839 
m1474 7 22 46 1107 1122 1146 2307 2346 
m301 36 38 46 49 1849 1936 1946 2336 2346 2349 4836 
m1648 5 13 38 45 46 263 296 1905 1913 1946 2255 2263 2288 2296 2313 
m2196 22 37 45 46 1122 1137 1145 1146 1887 1895 1896 2287 2296 2337 
m890 23 26 30 38 46 1180 1323 1330 1338 1346 1923 1930 1946 2330 2346 4823 
m1479 22 37 1122 1137 1872 1887 
m3183 5 45 46 2255 2296 2305 2345 4846 
m2121 44 46 49 2344 2349 2494 
m764 12 41 45 46 2062 2096 2262 2291 2296 4812 
m3230 22 23 36 40 1122 1123 1136 1140 1173 1822 1823 1840 2022 2023 2040 3673 
m1838 22 23 30 39 1123 1522 1523 1972 1973 1980 3673 
m423 46 50 2546 
m1166 36 38 45 48 1838 1845 1848 1936 1938 1945 1948 2295 2436 2438 2445 2448 4336 
m3189 21 36 46 49 1086 1099 1849 2321 2336 2346 2349 
m186 22 23 30 36 40 46 49 1122 1123 1130 1136 1140 1146 1149 1172 1173 1180 1186 1190 1199 1522 1523 1530 1536 1540 1546 1549 1822 1823 1830 1836 1840 1846 1849 2022 2023 2030 2036 2040 2046 2322 2330 2336 2340 2346 2349 2472 2473 2480 2486 2496 3696 4823 
m518 40 41 46 2046 2090 2096 2340 2341 2346 
m567 23 30 46 1523 1546 2323 
m1919 13 22 1113 1122 
m1357 32 36 38 41 46 1641 1646 1932 1936 1941 1946 2332 2336 2341 2346 4136 4586 
m2446 22 38 44 46 1146 1922 1944 1946 2344 2346 4846 
m2322 40 45 46 2046 2290 2296 4846 
m269 22 1122 
m830 26 46 1346 
m3406 32 45 46 1632 1646 2282 2296 2332 
m2830 5 13 14 33 655 705 713 1655 1664 4163 
m2147 22 34 36 1134 1136 1834 
m1251 17 46 49 896 899 2317 2346 2349 
m2171 29 
m1097 23 30 46 1180 1523 1530 1546 2330 2346 4823 
m1488 13 22 36 49 699 1113 1122 1136 1149 1813 1849 
m1643 14 46 746 2346 3246 
m2086 12 23 30 36 41 612 630 636 641 1191 1523 1541 1812 1823 1830 1836 1841 2062 2073 2086 3123 
m2500 23 38 45 46 1195 1923 1945 1946 2323 2345 
m3264 12 26 34 45 46 634 645 1312 1334 1345 1346 1734 2284 2334 2345 4812 
m841 22 23 36 39 41 1123 1136 1972 1973 1986 1991 2072 2073 3673 4323 4586 
m1243 22 23 36 41 1122 1123 1136 1141 2073 3686 4586 
m1032 22 44 46 1144 1146 2246 2344 2346 4846 
m1206 30 36 40 46 48 1830 1848 2030 2036 2046 2330 2336 2346 2348 2430 
m1783 23 36 40 41 1186 1190 1191 1840 1841 2036 2040 2041 
m533 36 41 45 1845 2095 2295 4586 
m817 26 33 46 49 1333 1346 1349 2349 2483 4833 
m1613 23 32 36 40 49 1182 1632 1823 1832 1849 2023 2032 2036 2049 2473 2482 
m798 22 36 46 1122 1136 1146 1822 1846 2322 
m771 22 33 46 1133 1146 2333 
m103 22 23 30 36 40 1122 1123 1136 1140 1522 1523 1536 1540 1822 1823 1840 2022 2023 2030 2036 2040 4323 4336 
m3175 5 36 45 46 286 295 1845 2305 2336 2345 4336 
m3014 13 22 32 46 682 1113 1122 1132 1146 2313 2322 2332 
m321 13 22 33 36 40 45 672 686 690 695 1122 1136 1140 1672 1686 1690 1822 2022 2036 2272 2283 2286 2290 3183 
m3152 17 32 882 1617 1632 
m226 22 38 40 1140 1922 1938 1940 
m3009 27 36 40 46 1827 1840 2027 2036 2040 2327 2340 4836 
m2201 23 30 36 49 1180 1199 1549 1823 1830 1849 
m720 22 44 46 1144 1146 2246 2322 2344 2346 4846 
m3275 36 40 1836 1840 2036 2040 4336 
m1126 5 36 41 46 1805 2055 2096 2305 2336 4586 
m1909 36 40 45 46 1845 2036 2040 2045 2046 2295 2296 2345 4346 
m2779 8 37 46 437 446 4837 
m2626 22 23 1123 1173 3673 
m3133 13 33 45 2263 2283 4163 
m767 5 13 22 33 36 40 655 1105 1113 1122 1133 1136 1140 1655 1805 1813 1833 1840 2013 2033 3183 
m1606 22 33 46 1133 1146 1672 1683 1696 2322 2333 2346 4833 
m1401 14 45 745 
m1611 33 45 48 1695 1698 2298 
m559 23 30 40 45 46 1173 1180 1523 2023 2030 2046 2273 2280 2290 2296 2323 2330 3673 4823 
m2175 5 45 295 
m3197 20 23 1020 1023 1170 
m196 22 36 46 49 1149 1822 1836 1846 1849 2322 2349 2472 2486 2499 4836 
m2091 13 22 45 46 672 2263 2295 2296 2313 2322 2346 4813 
m1319 
m2789 40 45 46 2046 2290 2296 
m27 26 46 1346 
m1918 12 30 45 630 2262 2280 
m727 22 44 46 1144 1146 2246 2322 2344 2346 4846 
m2231 14 46 49 2314 2346 2464 2496 4814 
m2945 10 45 46 2295 2296 2310 2346 
m1756 14 23 30 38 730 1180 1514 1523 1530 1538 1914 1923 1930 1938 3223 
m1331 30 46 2330 
m1940 22 36 46 49 1136 1146 1846 1849 2349 
m3131 33 1683 
m704 22 36 37 40 46 1122 1136 1137 1140 1146 1886 1890 2036 2037 2040 2046 2322 2336 2337 2340 2346 4396 
m1663 22 26 44 46 1146 1322 1326 1344 1346 2344 2346 4846 
m2131 36 49 1849 2486 2499 
m1995 22 32 37 1622 1872 1882 
m1624 22 23 38 46 49 1122 1123 1138 1146 1199 1923 1938 1946 1949 2323 2346 2349 
m1327 22 44 46 1146 2344 2346 4846 
m2443 22 38 44 46 1146 1922 1944 1946 2344 2346 4846 
m2327 22 44 46 1144 1146 2222 2244 2246 2322 2344 2346 4846 
m448 22 36 40 41 45 46 49 1122 1136 1140 1146 1149 1836 1841 1846 2036 2041 2046 2272 2286 2290 2295 2296 2299 2336 2341 2346 2472 2486 2490 2496 2499 4341 4836 
m1605 40 46 2340 
m2688 13 36 40 41 686 690 691 1841 2036 2041 2063 2086 2090 2091 
m126 
m3164 41 
m2933 22 44 46 1144 1146 2222 2246 2322 2344 2346 4846 
m1690 26 46 1346 
m498 23 38 45 1195 1923 1945 3673 
m1238 37 40 45 46 1890 2287 2290 2337 2340 2345 
m1857 13 22 36 38 40 1113 1122 1136 1138 1140 1813 1840 1913 1936 1940 2013 
m1022 37 45 46 1895 2337 2345 2346 
m796 22 38 46 1146 1922 1946 
m2905 36 
m2473 
m1944 37 46 4837 
m2583 22 23 36 49 1123 1136 1149 1173 1186 2473 2486 3673 4323 
m350 14 22 46 722 1114 1146 2322 3246 
m2106 36 49 1849 
m3001 5 36 45 46 286 295 1845 2305 2336 2345 4336 
m2340 
m2963 32 36 44 46 1644 2236 2332 2336 2344 2346 4136 
m3476 23 46 1173 1196 3696 
m2350 27 46 49 2327 2346 2477 2496 
m1817 36 46 2336 
m489 39 
m2318 11 13 33 45 563 583 595 695 1695 3183 
m855 22 23 36 41 49 1123 1136 1141 1172 1173 1186 1191 1199 1822 1823 1841 1849 2072 2073 2086 2091 2099 2472 2473 2486 2491 3673 3686 4323 4336 
m1388 5 45 295 
m2040 46 
m184 14 30 46 730 2330 4814 
m2697 22 40 46 1140 1146 2340 
m553 20 22 23 46 1023 1120 1123 1146 1173 2320 2323 3673 4823 
m3357 5 26 38 46 1305 1346 1926 1946 2305 2346 
m575 36 46 1836 1846 4836 
m2655 36 49 1849 2486 2499 
m1428 23 45 46 1195 2323 2345 3673 
m1031 5 23 45 46 1155 2255 2273 2305 2345 2346 4823 
m3027 36 39 40 1836 1839 1840 1986 1990 2036 2039 2040 
m3166 13 37 4363 
m2406 22 26 44 46 1146 1346 2344 2346 4846 
m985 37 41 46 2087 2096 4837 
m1534 5 14 22 33 36 40 264 272 283 286 290 722 736 740 1122 1136 1140 1672 1686 1690 1822 2022 2036 3233 
m1114 22 23 30 36 40 46 49 1122 1123 1130 1136 1140 1146 1172 1173 1180 1186 1190 1522 1523 1530 1536 1540 1546 1822 1823 1830 1840 1846 1849 2022 2023 2030 2036 2040 2046 2049 2322 2323 2330 2336 2340 2346 2349 2472 2473 2480 2496 3696 4823 
m2861 37 38 46 1888 2338 4396 
m1882 45 
m724 22 44 46 1146 2344 2346 4846 
m2094 23 36 40 1190 1840 3686 4336 
m403 
m1115 22 46 1146 
m3288 6 14 32 314 332 732 
m236 22 40 44 46 1140 1144 1146 2022 2040 2044 2046 2222 2240 2246 2322 2340 2344 2346 4846 
m1400 8 
m761 23 38 45 1188 1195 1945 2288 2295 
m290 36 40 45 1845 2036 2045 2286 2290 2295 
m2109 45 2295 
m2389 22 23 30 38 41 1122 1123 1130 1138 1172 1173 1188 1522 1523 1530 1538 2072 2073 2080 3673 
m621 14 45 745 2264 2295 
m454 22 23 30 38 1122 1123 1130 1138 1172 1173 1188 1522 1523 1530 1538 3673 
m379 30 38 46 1930 1946 2330 
m1453 14 37 40 46 737 740 746 2037 2046 4837 
m530 22 30 36 40 1136 1140 1522 1536 1540 1822 1830 1836 1840 2022 2030 2036 2040 4336 
m2268 45 2295 
m344 17 22 41 46 872 891 1141 2322 2341 4817 
m494 32 36 41 46 1636 1641 1841 2332 2336 2341 4136 4336 4341 4836 4846 
m345 27 49 1399 
m1034 22 44 46 1122 1144 1146 2222 2246 2322 2344 2346 4846 
m496 45 2295 
m923 11 45 595 
m1583 22 36 40 41 46 49 1136 1140 1141 1149 1836 1849 2036 2049 2086 2090 2099 2322 2336 2340 2341 2349 4336 
m436 22 23 30 1123 1130 1180 1530 
m2737 22 44 46 1122 1144 1146 2344 2346 4846 
m2214 36 
m1211 5 13 33 46 263 283 2305 2313 2333 4163 
m2706 
m1320 22 45 1145 
m844 40 45 2045 
m1213 45 46 2295 2345 
m808 38 46 1946 2338 2346 
m545 37 46 4396 
m2256 46 4846 
m666 22 41 1122 1141 
m2325 8 36 46 1808 2308 2336 2346 4836 
m1087 22 30 46 1522 1546 2322 4846 
m2103 22 36 37 40 46 1122 1136 1137 1140 1146 1822 1836 1837 1840 1846 1890 2022 2036 2037 2040 2046 2322 2336 2337 2340 2346 4837 
m3386 41 45 2291 
m408 37 45 46 1895 2345 4837 
m3142 22 40 46 1122 1140 2322 2340 
m973 17 22 44 46 49 899 1144 1146 2217 2246 2317 2344 2346 2349 3396 4817 4846 
m736 38 46 1938 1946 
m13 13 22 32 33 36 40 46 690 696 1113 1122 1132 1133 1136 1140 1146 1613 1633 1636 1640 1646 1690 1813 1833 1840 1846 2013 2033 2046 2333 2340 3183 
m2370 37 
m109 32 38 46 1632 1646 1932 1938 1946 2332 
m3235 46 
m2267 5 36 41 45 46 286 291 1836 1841 2286 2291 2296 2305 2336 2341 4836 
m1379 22 36 40 41 49 1122 1136 1141 1149 1841 1849 2022 2036 2041 2049 2486 2491 4336 
m2319 8 46 2308 2346 4846 
m446 13 33 45 2263 2283 3183 
m2112 12 22 23 36 41 46 49 622 623 636 641 649 1123 1136 1141 1191 1822 1823 1841 2322 2323 2336 2341 2349 2472 2473 2486 2491 3136 4323 4336 4812 
m3292 14 22 722 1114 1122 
m2700 45 46 2345 
m2748 22 36 41 49 1122 1136 1141 1149 1822 1841 1849 2072 2086 2091 2099 2472 2486 2491 4336 
m2254 42 45 2145 
m2832 45 46 2295 2296 2346 
m2909 12 22 36 41 46 49 622 641 1141 1812 1822 1841 2322 2336 2341 2462 2472 2486 2491 2496 3136 4312 4336 4812 
m2466 32 38 45 46 49 1638 1646 1938 1946 1949 2282 2288 2296 2299 2332 2338 2346 2349 
m832 32 45 1645 
m2916 14 36 48 714 736 748 1836 1848 2448 
m224 5 14 32 705 1605 1614 
m1850 23 26 30 46 1180 1323 1330 1346 1523 1530 2330 4823 
m1294 13 33 3183 
m231 45 
m3080 22 23 36 40 46 49 1123 1136 1146 1149 1836 1846 1849 2022 2023 2036 2046 2049 2323 2473 2486 2496 3686 4323 4336 4836 
m1080 
m1467 22 36 41 49 1122 1136 1141 1149 1822 1841 2072 2086 2091 2099 2472 2486 2491 4336 
m800 12 14 22 46 622 722 1112 1114 1122 1146 2314 2322 3114 4812 
m459 22 36 41 49 1141 1849 2086 2091 2099 4336 
m3370 30 45 46 2280 2296 2330 2346 4846 
m2295 28 36 1828 1836 
m3267 14 45 2264 
m654 13 22 33 1113 1133 4163 
m1597 22 23 30 1122 1123 1130 1172 1173 1180 1522 1523 1530 3673 
m682 13 22 41 691 1113 1122 1141 
m961 14 22 36 40 46 722 1814 1822 1836 1840 1846 2014 2022 2036 2040 2046 2314 2322 2340 2346 3246 4314 4346 4836 
m1425 23 45 46 1195 2323 2345 3673 
m1282 23 30 37 46 1180 1880 2323 2330 2337 2346 4373 4823 4837 
m1858 2 36 45 46 145 1845 2252 2286 2295 2302 2345 2636 4836 
m980 21 
m1469 5 31 36 255 281 286 1555 1581 1586 1805 1831 1836 
m2808 22 37 46 1872 2322 4396 
m573 37 45 1895 
m2881 46 4846 
m3224 22 23 36 41 45 1122 1123 1136 1141 1145 1173 1186 1195 1845 2073 2095 3673 3686 4323 4586 
m991 37 39 46 1987 4396 4496 
m571 36 40 41 46 1836 1840 1841 1846 2036 2040 2041 2046 2336 2340 2341 2346 4346 4586 
m121 36 45 49 1849 2286 2299 
m53 37 46 1896 2337 2346 4837 
m2962 26 46 1346 
m1795 23 36 40 41 46 49 1191 1836 1841 2023 2036 2041 2073 2086 2090 2091 2096 2099 2323 2336 2340 2341 2349 2473 2486 2490 2491 2499 4323 4336 4836 
m3403 5 13 14 38 46 655 705 746 1913 1914 1946 2305 2313 3213 
m407 36 45 46 1845 2336 2345 
m702 14 40 46 740 746 2014 2040 2046 2314 2340 2346 4814 
m1642 13 22 36 45 46 672 1822 2263 2272 2286 2296 2313 2322 2336 4313 
m2314 41 46 2091 2096 2341 
m569 37 1887 
m2698 
m681 45 46 2295 2345 2346 
m829 45 2295 
m341 22 36 40 41 1822 1836 1840 1841 2022 2036 2040 2072 2086 2090 2091 4336 4586 
m3205 13 22 46 1113 1122 2322 4813 
m3024 14 714 
m3400 46 4846 
m2063 22 44 46 1146 2344 2346 4846 
m1076 36 1836 
m1077 14 714 
m1772 22 36 40 1122 1136 2022 2036 2040 
m187 
m1254 32 33 40 46 1633 2032 2033 2040 2046 2332 2333 
m1729 36 41 1836 1841 2086 2091 4586 
m2840 20 1020 
m2107 14 36 40 46 740 746 1840 2014 2036 2040 2046 2336 2340 2346 3236 4346 4814 
m128 46 
m2765 36 40 46 1836 2036 2046 2336 
m1246 13 33 4163 
m1242 45 46 2345 
m1239 37 40 41 46 2037 2046 2087 2090 2096 4837 
m2248 13 22 1113 
m1732 22 36 37 46 49 1136 1137 1146 1149 1846 1849 1886 1899 2349 4396 
m3079 10 21 36 46 521 536 546 1821 2321 2346 4836 
m1722 45 46 2296 
m2287 30 36 40 45 46 1830 1845 2030 2036 2040 2045 2046 2280 2330 2345 4346 
m1147 14 22 36 40 722 736 740 1114 1122 1136 1140 1822 2022 2036 
m501 12 22 30 622 1512 1522 
m1589 22 36 41 46 48 1136 1141 1848 2086 2098 2322 2336 2341 2348 4336 
m3462 22 44 46 1122 1146 2344 2346 4846 
m2423 22 26 44 46 1146 1322 1344 1346 2344 2346 4846 
m2639 22 32 46 1122 1132 1146 1622 1632 1646 2322 2332 2346 
m2723 14 22 36 49 749 1114 1136 1149 1814 1849 
m162 22 44 46 1146 2344 2346 4846 
m3035 5 36 38 286 1905 1936 
m1716 36 40 45 1845 2036 2045 
m793 33 45 46 1695 2345 4833 
m2277 16 44 49 844 849 2494 
m865 14 27 38 727 1364 1377 1388 1914 1927 
m2676 22 23 36 41 46 49 1141 1172 1191 1822 1823 1841 1846 2322 2323 2341 2472 2473 2486 2491 2496 
m1790 13 22 26 33 36 40 672 686 690 1113 1122 1133 1136 1140 1313 1322 1333 1336 1340 1663 1672 1683 1686 1690 1822 2022 2036 3183 
m347 5 22 36 46 49 272 286 296 299 1149 1822 1849 2322 2346 2349 4836 
m1676 14 32 36 44 46 736 1614 2214 2232 2236 2314 2332 2336 2344 4136 4846 
m199 22 36 40 41 45 1122 1136 1140 1836 1840 2036 2040 2072 2086 2272 2286 2291 
m2612 15 46 2315 
m1429 32 36 46 1832 2332 2336 2346 4836 
m651 22 23 36 46 49 1123 1136 1146 1149 1836 1846 1849 2323 2336 2473 2486 2496 3686 4323 4336 4836 
m938 22 44 46 1146 2344 2346 4846 
m303 23 45 1173 1195 2273 2295 
m2532 30 39 1980 
m871 23 32 36 40 46 48 1182 1186 1190 1196 1198 1632 1636 1646 1648 1846 1848 2032 2036 2046 2048 2446 
m2751 14 33 40 46 733 740 746 1690 2340 4196 
m2048 22 23 30 41 46 1122 1123 1130 1141 1146 1172 1173 1180 1191 1522 1523 2072 2073 2080 2322 2323 2330 2341 3673 
m2558 23 30 36 39 40 41 1173 1186 1190 1191 1523 1539 1541 1823 1973 1986 1991 2023 2036 2073 2086 2090 2091 3673 4323 4336 4586 
m241 23 45 46 1195 1196 2296 3673 
m1803 22 23 36 40 41 46 49 1123 1136 1141 1191 1836 1841 2022 2023 2036 2041 2322 2323 2336 2340 2341 2349 2472 2473 2486 2490 2491 2499 4323 4336 4836 
m2180 22 33 38 46 1122 1133 1146 1672 1922 1933 1946 2322 4833 
m3092 22 32 36 1622 1822 4136 
m1260 30 46 2330 
m1885 22 36 41 46 1122 1136 1141 1146 1822 1836 2072 2086 2091 2322 2336 2341 4586 
m1753 3 22 30 38 172 180 188 1522 1922 1930 1938 
m845 22 33 46 1122 1133 1146 1696 2333 2346 4196 
m3041 5 45 46 2255 2296 2305 
m1586 22 36 40 41 46 48 1136 1140 1141 1148 1836 1848 2036 2048 2086 2090 2098 2322 2336 2340 2341 2348 4336 
m428 2 27 36 40 46 1352 1386 1396 1802 2002 2027 2036 2046 2302 4836 
m2797 14 36 49 749 1814 1849 
m2605 14 22 36 40 722 736 740 1114 1122 1136 1140 1822 2022 2036 
m707 22 44 46 1146 2222 2244 2246 2322 2344 2346 4846 
m600 8 408 
m2282 36 40 46 49 1849 2036 2040 2046 2049 2336 2346 2349 4336 4836 
m2956 36 40 46 2036 2046 2336 2340 2346 4836 4846 
m263 14 26 32 726 1614 1626 
m758 22 23 30 1122 1123 1130 1172 1173 1180 1522 1523 1530 3673 
m2070 12 22 23 36 40 41 46 49 636 640 641 646 649 1123 1136 1141 1146 1149 1812 1836 1840 1841 1846 1849 2036 2041 2046 2073 2086 2090 2091 2096 2099 2322 2323 2336 2340 2341 2349 2462 2472 2473 2486 2491 2496 2499 4323 4336 4812 4836 
m2668 22 23 36 40 49 1122 1123 1136 1140 1149 1173 1186 1190 1822 1823 1836 1849 2023 2036 2472 2473 2486 3673 3686 4323 4336 
m3475 22 37 46 1872 2322 2337 
m2750 23 
m1895 22 23 30 41 46 1122 1123 1130 1146 1180 1523 1530 1546 2072 2073 2080 2091 2096 2330 4823 
m1240 13 17 22 672 872 3363 
m1595 23 
m1744 22 26 44 46 1122 1144 1146 1322 1326 1344 1346 2344 2346 4846 
m45 10 30 36 37 46 1510 1536 1546 1810 1860 1880 1886 1896 2310 2346 4836 
m2521 22 45 46 1146 2272 2296 
m1006 41 46 2341 
m3445 22 23 41 1141 1172 1173 1191 
m2955 22 36 41 46 1822 2072 2096 2322 4586 4836 
m2949 23 36 40 46 49 1836 1840 1846 1849 2023 2036 2040 2046 2049 2323 2336 2473 2486 2490 2496 3686 4323 4336 4836 
m122 36 40 46 49 1846 1849 2036 2046 2349 
m671 5 13 22 45 46 655 1113 1145 1146 2255 2263 2296 2305 2313 
m1125 5 37 46 1855 2305 2337 2346 4837 
m3366 37 
m2734 5 36 38 41 46 286 291 296 1905 1936 1938 1941 1946 2341 4341 4836 
m409 
m357 13 36 40 49 2013 2036 2463 2486 2490 4313 
m264 29 34 36 1484 1734 1829 1834 1836 
m1870 27 32 1382 
m2566 36 37 40 46 1886 1896 2036 2037 2046 2336 2346 4836 4837 
m2289 38 46 1946 2346 
m1700 17 38 46 896 1917 1938 1946 2317 2338 2346 3396 4817 4846 
m1062 22 37 45 49 1122 1137 1145 1149 1899 2287 2299 
m688 14 40 740 
m3337 26 38 46 1926 1946 2326 
m183 23 26 46 1176 1346 3696 4846 
m151 37 38 1888 1937 1938 
m1917 44 46 49 2344 2349 2494 
m3058 23 26 30 36 40 45 49 1173 1186 1190 1195 1323 1330 1336 1345 1349 1523 1526 1530 1536 1545 1549 1836 1840 1845 2036 2045 2473 2486 2495 3686 4323 4336 
m506 46 
m148 37 46 4396 
m698 14 36 46 736 746 2336 
m258 
m1228 36 40 1836 1840 2036 2040 
m663 22 23 30 46 1122 1123 1130 1146 1180 1523 1530 1546 2330 2346 4823 
m2305 22 44 46 1146 2344 2346 4846 
m1951 32 36 37 1632 1637 1882 1886 1887 4136 4332 
m3207 14 714 
m1788 36 49 1836 1849 2486 2499 4336 
m2794 13 37 4363 
m1891 36 38 40 45 1845 1936 1938 1940 1945 2036 2045 2286 2295 4336 
m1303 30 36 41 46 1830 1836 1841 1846 2080 2330 2336 2341 2346 4586 4836 
m108 13 22 36 38 40 672 686 690 1113 1122 1136 1140 1822 1913 1922 1936 2022 2036 
m1588 
m3120 23 30 40 1173 1190 1523 1530 1540 2023 2030 2040 3673 
m1135 30 36 40 46 49 1549 1830 1836 1846 1849 2030 2036 2040 2046 2049 2330 2349 2480 2499 
m2110 12 14 36 40 41 46 636 640 641 736 740 741 1841 2036 2041 2314 2336 2340 2341 3114 3236 4336 4812 
m2981 22 23 30 44 46 1130 1144 1146 1180 1523 1530 1546 2223 2230 2246 2323 2330 2344 2346 4823 4846 
m402 11 45 595 
m1801 13 22 33 36 40 46 1113 1122 1133 1136 1140 1146 1813 1833 1840 1846 2013 2022 2033 2036 2040 2046 2313 2333 4163 
m660 30 44 45 1530 1544 1545 2230 2244 2245 2280 2294 2295 
m3147 38 40 45 46 1946 2038 2046 2288 2290 2296 
m2244 36 37 40 46 48 1848 1886 1890 1896 2036 2040 2046 2048 2336 2340 2346 2348 4396 4836 
m3150 11 38 46 588 596 1911 1938 1946 2338 
m1340 22 23 45 1172 1173 2272 2273 3673 
m2046 22 46 1122 1146 
m2760 45 46 2295 2296 2346 
m1366 22 36 45 46 49 1145 1822 1845 2322 2336 2345 2472 2486 2495 2496 
m164 13 22 45 695 1113 1145 2263 2272 2295 
m1701 23 36 38 40 41 1173 1186 1188 1190 1923 1936 1938 1940 2023 2036 2073 2086 2088 3673 3686 4323 4336 
m3436 22 26 36 45 46 1126 1136 1146 1336 1345 1346 1845 2336 2345 2346 4836 
m614 14 
m2211 22 36 46 49 1136 1146 1149 1849 2336 2346 2349 
m3432 32 1632 
m970 45 46 2296 2346 
m3126 5 45 2255 2295 
m40 9 36 45 46 486 495 496 1845 2309 2336 2345 2346 
m1847 32 37 46 1882 2332 2337 
m3461 26 46 1346 2346 
m2426 13 22 36 40 1113 1122 1136 1140 1813 1840 2013 
m921 12 14 32 37 46 614 632 732 737 1882 2314 2332 2337 3137 4812 
m2804 45 46 2345 2346 
m3481 5 13 22 38 46 655 696 1113 1146 1905 1913 1922 1946 2305 
m520 12 17 46 612 2312 2317 2346 3117 4812 
m2976 22 46 1146 
m3393 31 45 2281 
m2184 22 23 36 41 1123 1136 1141 1191 3686 4341 
m2974 22 37 1872 
m3401 30 37 46 1530 1537 1546 1880 2330 2337 2346 
m2232 13 22 32 45 682 1113 1132 1145 2263 2282 
m274 32 49 1632 2482 
m2072 22 36 40 49 1149 1822 1849 2022 2036 2049 
m1289 
m400 9 14 709 
m2550 27 38 46 1927 1946 2327 
m2920 14 40 46 2014 2040 2046 2314 2346 4814 4846 
m768 22 23 30 45 1123 1130 1145 1173 1180 1523 1530 2273 2280 3673 
m1665 38 46 1946 
m1615 14 22 38 738 1114 1138 1914 1922 1938 
m2444 45 46 2296 
m2825 23 30 36 1180 1530 1823 1830 
m381 23 30 33 46 1180 1523 1530 1533 1546 1680 2330 2333 4173 4823 
m2901 22 23 30 36 40 41 46 1122 1123 1130 1136 1140 1141 1146 1191 1523 1536 1541 1546 1841 1846 2023 2030 2036 2040 2041 2046 2072 2341 3696 4323 
m1542 5 45 295 2255 2295 
m901 13 22 33 36 40 1113 1133 1136 1140 1813 1833 1840 2013 2033 4163 
m1685 32 
m2790 13 33 45 695 1695 4163 
m2104 23 30 45 46 1180 1195 1196 2280 2296 2330 2345 2346 3696 4823 
m776 22 32 46 1132 1146 2332 
m3420 23 30 41 45 1180 1191 1541 2273 2280 2291 
m2101 23 36 40 41 1173 1186 1190 1191 1823 1840 2023 2036 2073 2086 2090 3673 4323 4336 4586 
m3310 9 14 36 49 709 1809 1814 1836 1849 2459 2464 2486 2499 
m1288 13 22 46 1113 1122 1146 2322 4813 
m1328 22 44 46 1146 2344 2346 4846 
m860 37 38 46 1888 2338 4396 
m3000 45 2295 
m3252 36 46 49 2336 2349 2486 
m2138 45 46 2345 2346 
m1074 22 30 36 41 1122 1130 1136 1530 1536 1541 1830 2080 4586 
m2376 30 46 2330 
m2717 21 23 46 1171 2321 2323 
m2627 22 23 36 41 46 49 1141 1172 1191 1822 1823 1841 1846 2322 2323 2341 2472 2473 2486 2491 2496 
m1904 32 36 38 41 46 1641 1646 1932 1936 1941 1946 2332 2336 2341 2346 4136 4586 
m2754 14 22 1114 
m2293 18 23 36 923 936 1186 1836 3686 
m3479 20 37 46 1870 2320 2337 
m1774 22 32 36 38 45 46 49 1122 1146 1632 1636 1645 1646 1649 1845 1846 1849 1932 1936 1946 2272 2295 2296 2322 2332 2336 2345 2346 2349 2495 2496 4846 
m2047 36 
m1380 18 45 2268 
m352 32 40 45 46 2032 2045 2046 2282 2296 2332 
m885 22 46 48 1146 1148 2348 
m1777 13 22 44 46 694 1113 1146 2313 2344 
m2936 23 30 45 46 1173 1180 1196 2273 2296 2330 2346 4823 
m2089 22 44 46 1122 1144 1146 2222 2246 2322 2344 2346 
m3417 22 23 36 40 41 1122 1123 1136 1140 1141 1172 1822 1823 1836 1840 2023 2036 2072 2073 2086 2090 2091 3673 4323 4586 
m1141 45 2295 
m574 27 32 38 46 1382 1396 1927 1932 1946 2332 
m491 36 49 1836 1849 2486 2499 
m1376 22 36 38 41 49 1136 1138 1141 1149 1822 1838 1841 1849 1922 1936 1941 2072 2086 2088 2099 2472 2486 2488 2491 4336 
m2539 22 30 36 40 41 46 1122 1130 1136 1140 1141 1146 1536 1540 1546 1846 2022 2030 2036 2040 2046 2072 2090 2340 4346 4846 
m3134 14 46 714 746 2314 2346 4814 
m2715 14 22 44 46 1114 1144 1146 2214 2246 2314 2322 2344 2346 3246 4846 
m2366 22 44 46 1146 2322 2344 2346 4846 
m637 22 36 37 40 46 1137 1146 1822 1837 1846 1872 2022 2036 2046 2322 2337 2346 4346 4837 
m1526 22 23 36 49 1123 1136 1172 1173 1186 1199 1822 1823 1849 2472 2473 2486 3673 4323 4336 
m2483 22 44 46 1144 1146 2246 2344 2346 4846 
m935 22 30 38 45 46 1130 1145 1146 1922 1930 1945 1946 2280 2296 2330 
m2019 26 37 41 46 1337 1341 1346 1891 2341 4837 
m677 36 40 46 49 1836 1840 1846 1849 2036 2040 2046 2336 2340 2346 2349 2486 2490 2496 4336 4346 4836 
m386 15 38 46 1915 2315 2338 
m565 37 1887 
m546 5 14 26 45 705 745 1305 1314 1345 2255 
m1861 13 22 46 1113 2313 2322 
m2591 22 45 46 1145 1146 2345 4846 
m1236 14 22 49 749 1114 1149 2464 2472 2499 
m3333 12 36 46 49 649 1812 1849 2336 2349 4812 
m697 32 37 45 46 1637 1645 1895 2332 2337 2345 
m3301 27 45 46 2277 2296 2327 2346 
m2218 5 36 46 49 286 296 299 1836 1849 2305 2336 2346 2349 4836 4846 
m1799 46 2346 
m1702 5 22 37 46 255 1105 1137 1146 1855 1887 1896 2305 2322 2337 2346 4837 
m1990 36 49 1836 1849 2499 
m2693 22 23 36 40 41 1123 1136 1140 1173 1186 1190 1191 1823 1836 1840 1841 2023 2036 2040 2041 2073 2086 3673 3686 4323 4586 
m200 11 13 46 563 2311 2313 
m2440 22 26 44 46 1146 1322 1344 1346 2344 2346 4846 
m2023 13 22 33 36 40 48 672 686 690 1113 1122 1133 1136 1140 1672 1686 1690 1822 2022 2036 2413 2422 2433 2436 2440 3183 
m1804 33 45 1695 
m2829 26 36 46 1826 2326 2336 2346 4346 
m1719 26 46 1326 1346 2326 2346 3826 
m2300 40 46 2046 
m1123 37 38 46 1896 1937 1946 
m1844 3 13 22 23 172 672 1163 1172 2663 3653 
m1548 26 46 49 1326 1346 1349 2349 
m2524 13 37 4363 
m2865 22 36 40 46 1136 1146 1836 1840 1846 2036 2046 2336 2340 2346 4836 
m2613 5 22 1105 1122 
m2679 22 40 41 46 1140 1141 2022 2040 2041 2046 2072 2090 2091 2096 2341 
m680 22 23 36 40 46 48 1123 1136 1140 1146 1148 1190 1840 2022 2023 2036 2046 2048 2336 2340 2346 2423 2436 2440 2446 3696 4323 4346 4823 
m3221 22 23 36 40 46 49 1172 1186 1190 1822 1823 1836 1840 1849 2022 2023 2036 2040 2046 2049 2322 2323 2336 2340 2349 2473 2486 2490 3686 4336 4346 4836 
m270 14 34 46 734 746 2334 
m728 32 36 45 46 1832 2282 2286 2296 2332 2336 2346 4836 
m3188 7 45 2257 
m51 5 32 45 46 1605 1645 1646 2255 2305 2345 
m1098 17 45 895 2267 2295 
m2128 36 40 46 1836 1840 1846 2036 2040 2046 2336 2340 2346 4336 4346 
m1447 22 23 1123 1173 3673 
m509 46 
m840 5 14 36 264 286 4314 
m222 45 46 2345 
m1533 13 22 38 1113 1122 1138 1913 1938 
m2191 46 
m3156 27 36 48 49 1386 1398 1399 1827 1848 1849 2486 2498 2499 4336 
m2242 22 36 40 41 49 1122 1136 1140 1141 1149 1841 1849 2022 2036 2041 2049 2486 2491 4336 
m3346 14 22 46 714 722 746 2322 3246 
m1600 14 45 745 
m2946 14 22 23 30 36 40 41 741 1123 1130 1136 1140 1141 1191 1523 1536 1540 1541 1823 1841 2023 2036 2041 2072 2073 2080 2086 2090 2091 3673 4323 
m2170 23 32 38 46 1182 1188 1196 1923 1932 1938 1946 2332 2338 2346 3696 4823 
m585 36 
m477 32 36 46 49 1849 2332 2336 2346 2349 2482 4332 
m926 37 
m2951 40 46 49 2040 2046 2340 2490 2496 
m1968 14 36 40 46 1814 1846 2014 2036 2040 2046 2346 4346 4814 
m3259 12 36 40 46 49 636 640 649 1836 1849 2036 2049 2336 2340 2349 2499 4812 
m3484 23 30 1523 
m1691 12 22 36 622 1112 1122 1136 1822 4312 
m1596 36 45 46 1845 2286 2295 2345 4836 
m3062 22 37 41 46 1122 1137 1141 1146 1891 2341 4837 
m577 22 36 40 41 1136 1141 1836 1840 2036 2086 2090 4586 
m668 16 32 46 832 2332 4816 
m2530 22 23 30 45 46 1122 1123 1130 1145 1146 1195 1522 1523 1530 1545 1546 2273 2280 2295 2296 2322 2330 2345 2346 3696 4823 
m2049 20 22 36 40 1120 1122 1136 1140 1820 1840 2020 
m1609 12 22 36 40 41 45 46 49 636 640 641 645 649 1145 1822 1836 1840 1841 1845 2012 2022 2036 2040 2041 2045 2046 2049 2072 2095 2272 2295 2336 2340 2349 2486 2490 2491 2495 3136 4336 4812 
m2306 18 45 945 
m3013 32 37 1882 
m1632 14 23 30 46 1514 1523 1546 2314 2323 2330 2346 3664 4814 4823 
m1603 22 26 41 46 1141 1146 1322 1341 1346 2341 
m1914 22 37 40 46 1122 1137 1146 2022 2037 2046 2322 2337 2346 4837 
m1901 36 41 44 1841 2086 2091 2094 2236 2241 2244 
m3426 26 44 46 49 1344 1346 2246 2476 2494 2496 
m2386 22 23 30 41 1122 1123 1130 1172 1173 1180 1522 1523 1541 2072 2073 2080 3673 
m1641 22 28 38 46 1128 1138 1146 1928 1938 2328 2338 
m2574 22 36 40 41 1122 1136 1140 1141 1836 1840 1841 2036 2040 2086 2090 2091 4586 
m2472 22 23 30 45 46 1123 1130 1145 1146 1196 1523 1545 1546 2273 2280 2295 2296 2323 2346 4823 4846 
m2323 23 30 38 46 1180 1923 1930 1946 2330 4823 
m182 38 45 46 1938 1945 1946 2345 
m1191 45 46 2296 
m2433 45 
m2547 33 46 49 1696 1699 2349 
m3070 46 2346 
m3136 22 36 37 40 46 1122 1136 1137 1140 1146 1837 1840 1890 2036 2037 2040 2322 2336 2337 2340 2346 4837 
m1815 5 13 22 33 36 40 46 263 272 283 286 290 672 686 690 1113 1122 1133 1136 1140 1672 1686 1690 1822 2022 2036 2305 2313 2322 2333 2336 2340 3183 
m2093 12 23 30 36 41 612 630 636 641 1191 1523 1541 1812 1823 1830 1836 1841 2062 2073 2086 3123 
m1678 34 46 2334 
m1093 6 36 43 336 1806 1836 1843 2186 2843 
m1103 37 45 1895 
m2362 22 36 40 1136 1140 1840 2036 2040 
m2302 23 45 1195 2273 2295 
m2687 22 40 46 1122 1140 1146 2340 
m781 36 46 48 2436 2446 4836 
m690 23 38 46 1188 1923 1938 1946 2338 2346 3696 4823 
m2573 6 14 23 32 36 706 723 732 736 1156 1182 1606 1636 1806 3686 
m1232 12 14 45 46 645 712 745 2312 2314 2345 2346 4814 
m601 13 22 36 38 40 41 1113 1136 1138 1140 1141 1813 1840 1913 1922 1936 1938 1940 1941 2013 2063 2086 2088 2090 
m80 23 38 1923 3673 
m676 8 25 46 49 408 446 449 1258 1296 2349 
m2251 22 36 41 49 1136 1141 1822 1841 1849 2072 2086 2091 2099 2472 2486 2491 4336 
m2077 22 23 31 46 49 1123 1146 1196 1572 1573 1596 2323 2346 2473 2481 2496 4846 
m343 45 
m356 18 37 46 1868 2318 4837 
m527 46 
m29 
m2068 32 1632 
m1485 22 24 1124 
m555 5 45 46 2255 2296 2305 
m3480 5 13 38 46 263 288 296 696 1913 1938 1946 2305 2313 2338 2346 
m1219 38 46 1938 1946 
m3273 14 46 714 746 2314 2346 4814 
m2854 20 22 23 30 38 1022 1023 1030 1038 1123 1130 1172 1173 1180 1188 1520 1523 1538 1922 1923 1930 1938 3673 
m1618 13 36 38 686 688 1838 
m332 30 46 2330 
m3159 13 33 46 2313 2333 4163 
m2507 22 44 46 1146 2322 2344 2346 4846 
m335 33 44 49 1694 1699 2494 
m1537 22 23 36 45 1122 1123 1136 1172 1173 1186 2272 2273 3673 
m1110 36 
m2085 
m913 14 46 746 
m989 30 45 46 2280 2296 2330 2346 
m2202 45 
m2739 22 23 36 40 41 1122 1123 1136 1140 1141 1186 1190 1836 1840 2036 2040 2072 2073 2086 2090 3686 
m127 5 36 37 38 45 46 286 295 1845 1855 1886 1895 1936 1937 1938 1946 2305 2336 2337 4336 
m2301 14 32 41 741 1614 1641 
m911 22 23 36 40 46 1122 1123 1136 1140 1146 1172 1822 2022 2023 2036 2040 2046 2322 2323 2336 2340 2346 4323 4823 
m3143 22 30 36 40 46 1122 1130 1136 1146 1522 1536 1822 2022 2030 2036 2322 2330 2336 2340 2346 4836 
m466 37 38 39 46 49 1899 1937 1946 1987 1988 1996 1999 2337 2346 2349 4496 4837 
m447 37 46 2337 
m25 37 45 46 1895 2337 2345 2346 4396 
m2780 22 30 32 36 40 41 46 49 1122 1130 1132 1136 1140 1141 1146 1522 1532 1536 1546 1622 1646 1822 1830 1832 1836 1840 1846 1849 2022 2030 2032 2036 2040 2046 2049 2072 2090 2096 2322 2472 2480 2482 2486 2490 2496 4346 4846 
m2468 22 44 46 1146 2344 2346 4846 
m1520 38 46 1946 
m1698 41 2091 
m463 5 11 15 33 38 46 555 565 583 588 596 755 1655 1696 1915 1933 1946 2305 2315 4165 
m2908 30 44 45 1545 2230 2245 
m2984 22 36 41 46 49 1136 1141 1849 2086 2099 2322 2336 2341 2349 4336 
m2276 12 36 46 49 649 1849 2336 2349 3136 4812 
m3093 23 46 2346 4823 
m1837 22 45 46 1146 2272 2296 4846 
m206 32 45 1645 
m2369 13 37 4363 
m2333 36 48 1836 1848 2436 2448 4336 
m2206 13 37 46 1896 2313 4363 
m393 5 46 2305 2346 4846 
m619 14 36 46 714 736 1836 2314 2336 2346 3236 4814 4836 
m1117 5 23 36 45 286 295 1155 1186 1195 1845 4336 
m93 5 14 46 705 2305 2314 
m962 45 46 2295 2296 2346 
m262 22 36 40 46 49 1146 1822 1840 1846 1849 2036 2046 2049 2322 2340 2472 2496 4846 
m1988 22 23 30 45 1172 1522 1523 1545 2273 
m1270 22 23 30 38 41 1123 1172 1173 1188 1522 1523 1530 1538 2072 2073 2080 2088 3673 
m1714 26 46 1346 2346 
m2496 9 14 22 44 46 709 744 746 1109 1114 1122 1144 1146 2209 2246 2309 2322 2344 2346 4814 
m1954 14 32 36 49 714 732 736 749 1636 1649 1849 2482 2486 2499 
m3217 33 37 46 1883 1896 4833 
m3459 22 33 46 1122 1133 1146 1672 1683 1696 2322 2333 2346 4833 
m3185 14 36 40 45 736 740 745 1840 2036 2286 2290 4336 
m3157 13 36 40 45 686 1813 1840 1845 2013 2036 2045 2263 2286 4336 
m3347 36 40 45 46 1840 1845 2036 2040 2045 2340 2345 4836 
m557 14 32 36 41 46 736 741 1614 1641 2314 2332 2336 2341 4136 4586 
m435 13 20 22 33 36 40 670 672 686 690 1022 1033 1036 1040 1672 1686 1690 1822 1840 2022 2036 3183 3536 4336 
m443 11 13 33 45 563 583 595 2263 2283 3183 
m2938 16 38 46 838 2338 4816 
m950 45 
m1703 5 30 45 46 280 2255 2280 2296 2305 2330 
m163 38 45 2288 
m359 36 46 2336 2346 4836 4846 
m2638 30 45 46 2280 2295 2296 2330 2346 
m1734 38 46 1946 
m20 23 30 36 40 1173 1180 1190 1523 1530 1536 1540 1823 1830 1836 1840 2023 2030 2036 2040 3686 4323 4336 
m772 22 23 30 36 40 41 1122 1123 1130 1136 1140 1141 1172 1173 1180 1186 1190 1191 1523 1530 1536 1540 1541 1823 1836 1840 1841 2022 2023 2030 2036 2041 2072 2073 2080 2086 2090 2091 3673 3686 4323 4336 4586 
m3063 26 46 50 1326 1346 1350 2350 
m2174 12 36 45 46 636 645 1845 2312 2336 2345 2346 4812 4836 
m442 14 45 745 2264 2295 
m3376 14 36 49 1814 2464 2486 4314 4336 
m1473 22 23 36 40 41 46 1122 1123 1136 1140 1186 1190 1836 1840 2036 2040 2072 2073 2086 2090 2322 2323 2336 2340 2341 3686 
m904 22 23 36 1123 1136 3686 
m3425 3 32 37 182 187 1882 
m2537 5 36 45 46 49 286 296 299 1836 1846 1849 2255 2286 2296 2299 2336 2349 
m957 10 13 22 660 663 672 1110 1113 1122 
m194 3 38 45 195 1903 1938 1945 
m1370 9 14 36 49 709 1809 1814 1836 1849 2459 2464 2486 2499 
m1039 22 23 30 36 40 41 1122 1123 1130 1136 1140 1141 1172 1173 1186 1190 1191 1522 1523 1536 1541 1840 1841 2023 2036 2041 2072 2073 2086 2090 2091 3673 3686 4323 4336 4586 
m1835 23 30 45 46 1195 1523 1545 1546 2295 2345 4823 
m3046 45 46 2296 
m779 11 13 33 39 563 583 589 689 1983 3183 
m3283 30 32 36 40 46 1630 1640 1646 1830 1840 2030 2330 2332 2336 2340 2346 4136 
m2953 46 
m2471 22 44 46 1144 1146 2344 2346 
m2618 36 40 46 1836 1840 1846 2036 2046 2336 2340 2346 
m3022 14 38 40 738 1914 1938 1940 2014 2038 2040 
m306 22 37 46 1122 1137 1146 1872 2322 4837 
m2886 48 2448 
m3085 22 45 46 1146 2272 2296 
m2525 23 
m2954 22 30 36 40 46 1122 1130 1136 1140 1146 1822 1830 1840 1846 2022 2030 2040 2046 2322 2330 2340 2346 
m3026 5 30 32 36 46 280 1605 1630 1646 1805 1830 1846 2305 2330 4332 
m278 14 40 46 740 2014 2040 2046 2340 2346 3246 4814 
m416 26 45 46 1345 1346 2295 2345 
m1403 5 13 22 255 263 272 1105 1113 1122 
m635 22 46 1146 2346 
m1375 36 46 2336 
m415 22 30 36 39 41 1136 1139 1522 1536 1539 1541 1986 2072 2089 4586 
m848 14 22 41 46 741 1114 1141 2314 2322 2341 2346 4814 
m1284 4 42 45 2254 2292 2742 
m2456 40 46 2046 2346 
m774 13 37 38 46 1913 1937 1946 2313 2337 4363 
m740 22 44 46 1146 2344 2346 4846 
m3452 22 36 40 46 1122 1136 1140 1146 1822 1836 1840 1846 2022 2036 2046 2322 2336 2340 2346 4346 4836 
m2288 37 46 2346 4396 4837 
m1444 22 23 31 36 46 1172 1181 1186 1196 1596 1822 1846 2322 3686 4086 4331 4336 4346 
m2163 
m3226 8 36 46 49 1808 1846 2308 2336 2458 2486 2496 4336 
m3254 36 46 49 1849 2336 2346 2349 4836 
m886 22 38 45 46 1122 1146 1922 1938 1945 1946 2272 2288 2295 2296 2346 
m1411 13 46 47 696 2363 2396 
m2894 22 23 30 36 40 41 46 1122 1123 1130 1136 1140 1141 1146 1191 1523 1536 1541 1546 1841 1846 2023 2030 2036 2040 2041 2046 2072 2073 2091 2341 3696 4323 
m1382 37 46 2337 
m3148 
m1142 22 37 46 1137 2322 4837 
m2820 5 13 14 33 655 705 713 1655 1664 4163 
m271 26 32 46 1626 1646 2326 
m2118 5 32 36 45 1605 1805 1845 2255 2282 4332 
m156 5 13 33 36 49 263 283 1805 1813 1833 1849 2455 2463 2483 4163 
m2463 30 36 40 46 49 1549 1830 1836 1846 1849 2036 2040 2046 2049 2330 2349 2480 2499 
m323 13 22 33 36 40 1113 1122 1133 1136 1140 1813 1833 1840 2013 2033 4163 
m3048 26 36 41 46 1826 2076 2096 2326 4346 4586 
m706 22 44 46 1146 2246 2344 2346 4846 
m234 22 44 46 1144 1146 2222 2246 2322 2344 2346 4846 
m1950 37 45 1887 1895 
m1633 17 22 1117 
m319 23 30 33 46 1180 1523 1530 1533 1546 1680 2323 2330 2333 2346 4173 4823 
m1322 22 45 46 49 1146 1149 2272 2296 2299 2349 2472 2495 2496 
m147 22 32 36 40 46 1122 1132 1136 1140 1622 1632 1636 1640 1840 2040 2322 2332 2336 2346 
m2230 12 38 45 46 645 1912 1946 2345 4812 
m2246 14 22 30 36 40 722 730 736 1114 1122 1130 1136 1140 1522 1536 1540 1822 1840 2022 2040 
m3339 22 45 1145 
m1390 12 45 46 645 2345 4812 
m1771 36 41 46 49 1841 1846 2341 2346 2486 2491 2496 
m2024 40 46 2040 2046 2340 
m2727 36 
m2884 22 37 46 1872 2322 4837 
m12 18 46 918 946 2318 2346 
m2420 22 44 46 1146 2344 2346 4846 
m420 30 46 1546 2330 4846 
m1224 14 40 46 2014 2040 2046 2314 2346 4814 
m977 13 25 38 46 1263 1296 1913 1925 1946 2313 
m2031 13 22 33 36 40 690 1113 1122 1133 1136 1140 1690 1813 1833 1840 2013 2033 4163 
m1099 22 23 30 46 1122 1123 1130 1146 1180 1523 1530 1546 2330 2346 4823 
m2487 22 40 46 2046 2322 2346 
m2227 5 46 2305 
m2038 36 40 46 1840 2336 2340 
m1585 22 36 40 41 46 49 1136 1140 1141 1836 1849 2036 2049 2086 2090 2099 2322 2336 2340 2341 2349 4336 
m2703 26 
m888 11 
m1699 36 45 46 1845 2345 4836 
m1152 47 
m1000 37 40 46 1890 2037 2046 2340 4396 
m2529 23 36 40 41 44 1186 1190 1191 1194 1840 1841 2041 2240 2241 4736 
m1631 17 22 1117 
m1122 13 22 40 46 1113 1122 1146 2013 2022 2046 2313 
m547 26 38 45 46 1338 1345 1346 1938 1945 2288 2338 2345 
m1693 14 36 40 45 46 736 740 745 1840 1845 1846 2036 2045 2046 2286 2296 2336 3246 4336 
m288 22 36 40 46 49 1149 1822 1849 2022 2036 2049 2322 2336 2340 2349 
m500 46 
m1129 22 23 30 36 46 1172 1522 1523 1536 1822 2322 2330 2336 2346 3686 4823 4836 
m2445 22 38 44 46 1146 1922 1944 1946 2344 2346 4846 
m678 26 36 46 1336 1346 2336 2346 4836 
m2674 23 36 41 1186 1191 1823 1836 1841 2073 2086 2091 4341 4586 
m3326 
m395 36 42 4636 
m1612 13 22 30 47 680 697 1113 1122 1130 1147 2380 
m221 22 38 46 49 1146 1149 1922 1946 1949 2349 2472 2488 2496 
m2183 14 32 48 732 2414 2432 
m747 36 41 46 1841 2341 4836 
m62 26 34 38 46 1326 1334 1346 1734 1926 1938 1946 2334 2346 
m516 22 38 45 46 1145 1146 1922 1945 1946 2345 
m2597 22 46 1122 1146 
m566 22 36 40 41 1136 1141 1836 1840 2036 2086 2090 4586 
m568 23 46 2323 2346 3696 4823 4846 
m1430 28 
m1177 13 46 696 
m2021 16 
m645 22 23 36 40 46 49 1172 1822 1836 1849 2022 2023 2036 2040 2046 2049 2322 2323 2336 2349 2472 2473 2486 4323 4336 4836 
m2261 22 28 1422 
m2726 22 46 1146 
m1313 36 45 46 49 1845 2336 2345 2346 2349 2486 2495 2496 
m1825 45 46 2345 2346 
m1323 22 45 1122 1145 2272 2295 
m1797 46 
m259 5 14 32 705 1605 1614 
m1130 13 22 33 36 40 672 686 690 1113 1122 1133 1136 1140 1672 1686 1690 2036 3183 
m1143 13 36 46 49 1813 2313 2336 2346 2349 2463 2486 2496 4813 
m333 21 36 41 1821 2071 4341 
m2508 22 44 46 1146 2322 2344 2346 4846 
m2987 23 30 36 41 1523 1823 1830 2073 2080 3673 4323 4586 
m3145 36 38 40 45 1838 1936 1938 1940 2036 2038 2286 2288 
m2930 22 30 39 1130 1139 1980 
m339 9 36 49 1809 2459 2486 2499 2959 4309 4336 
m1938 45 
m214 22 38 44 46 1146 1922 1944 1946 2344 2346 4846 
m822 22 46 1122 1146 
m2852 5 14 36 46 49 264 286 296 299 746 749 1849 2349 2486 2499 3236 4836 
m1867 23 45 1195 2295 
m2141 38 45 46 49 1946 2299 2345 2346 2349 
m1234 5 40 45 46 2005 2045 2046 2255 2296 2305 
m385 33 45 1695 
m1033 22 44 46 1144 1146 2246 2322 2344 2346 4846 
m2810 16 23 40 46 840 846 1190 2016 2023 2040 2046 2340 3323 3696 
m742 22 44 46 1146 2246 2344 2346 4846 
m1554 22 23 30 36 40 41 46 1122 1123 1130 1136 1140 1141 1146 1191 1523 1536 1541 1546 1841 1846 2023 2030 2036 2040 2041 2046 2072 2073 2091 2341 3696 4323 
m1876 22 46 1146 
m1877 22 23 32 1122 1123 1132 1182 1622 1623 1632 
m726 36 40 41 46 49 1836 1841 1846 1849 2036 2040 2041 2046 2086 2096 2099 2336 2346 2349 4346 4586 4836 
m310 11 45 595 
m630 22 36 41 49 1136 1141 1822 1849 2072 2086 2091 2099 2472 2486 4336 
m384 5 37 46 1855 2305 4837 
m1268 32 37 1632 1637 1882 
m809 14 32 732 1614 1632 
m456 33 46 2333 2346 4833 
m2658 13 14 32 46 664 696 1613 1614 1646 4814 
m88 22 38 44 46 1122 1144 1146 1922 1944 1946 2344 2346 4846 
m2413 22 36 40 41 1136 1141 2036 2086 2090 
m1465 22 23 1122 1123 1172 
m2226 32 40 46 1632 1640 1646 2032 2040 2046 2332 2340 2346 
m975 5 22 37 45 1105 1122 1137 1145 1855 1895 2255 
m130 23 30 46 1180 1523 1530 1546 2330 2346 4823 
m248 38 45 1938 1945 
m2887 22 23 30 36 40 41 1122 1123 1130 1136 1140 1172 1180 1186 1522 1523 1536 1822 2023 2030 2036 2072 2073 2080 2086 2090 3673 4323 
m377 5 45 46 2255 2296 2305 
m3242 22 36 40 46 1122 1136 1140 1146 1840 2040 2336 2340 
m2492 18 45 2268 
m731 8 22 36 46 1122 1136 1146 2308 2336 2346 4308 4836 
m1210 22 23 36 40 41 1122 1123 1136 1140 1141 1172 1173 1186 1190 1191 1822 1823 1836 1840 1841 2023 2036 2041 2072 2073 2086 2090 2091 3673 3686 4323 4586 
m283 23 36 45 1186 2273 2286 2295 3673 3686 
m1758 13 22 33 36 40 686 690 1113 1133 1136 1140 1686 1690 1840 3183 
m755 30 45 46 2280 2296 2330 2345 2346 4846 
m60 14 714 
m2176 18 
m2607 14 45 745 
m2603 5 32 1605 
m3456 22 45 1122 1145 2272 2295 
m572 36 45 46 2286 2295 2296 2336 2346 4836 
m2978 45 46 2295 2296 2345 
m3464 22 45 46 1145 1146 2345 4846 
m3132 22 23 30 46 1122 1123 1130 1146 1180 1523 1530 1546 2330 2346 4823 
m1845 22 23 30 1122 1123 1130 1172 1173 1180 1522 1523 1530 3673 
m2891 5 13 22 33 46 655 1113 1133 1146 1655 1696 2305 2313 4163 
m453 45 
m3297 22 37 40 46 1137 1146 2022 2037 2046 4837 
m195 45 
m3488 13 22 23 32 36 40 41 672 673 686 690 691 1122 1123 1136 1140 1141 1186 1190 1191 1613 1622 1623 1636 1823 1840 1841 2023 2041 3673 
m2534 22 30 36 40 46 1136 1140 1522 1536 1540 1840 2036 2040 2322 2330 2336 2340 2346 4836 
m1913 22 45 2272 
m1237 20 45 1045 
m1205 36 41 46 2341 4341 4836 
m1893 13 33 45 46 2263 2283 2296 2313 2333 4163 
m3138 22 37 46 1122 1137 1146 2322 2337 2346 4837 
m2404 40 45 2045 
m1183 14 40 46 2014 2040 2046 2314 2346 4814 
m373 11 13 22 38 563 572 588 688 1113 1138 
m2834 45 2295 
m2395 37 40 46 49 1899 2037 2046 2049 2337 2340 2346 2349 4396 
m1546 14 22 36 40 46 49 722 1814 1822 1846 1849 2014 2036 2046 2322 2336 2349 2464 2472 4336 4814 
m173 22 36 41 1122 1136 1141 1841 2091 4586 
m1198 36 40 46 2036 2046 2340 2346 4836 4846 
m464 22 37 46 1872 2322 4837 
m327 22 23 41 1122 1123 1141 1172 1173 1191 3673 
m933 36 42 4636 
m69 22 23 30 38 1122 1123 1130 1138 1172 1173 1188 1522 1523 1530 1538 3673 
m1308 30 37 40 46 1537 1540 1546 1890 2340 4396 
m1203 36 42 46 2336 2342 2346 4342 
m71 14 22 46 722 746 2322 2346 
m2567 9 36 46 459 486 496 1809 2309 2336 2346 4836 
m1140 22 41 46 1141 1146 2341 
m1072 22 44 46 1146 2246 2344 2346 4846 
m620 
m1911 45 46 48 2345 2445 2446 
m2097 12 22 23 36 41 46 49 622 623 636 641 649 1123 1136 1141 1191 1822 1823 1841 2322 2323 2336 2341 2349 2472 2473 2486 2491 3136 4323 4336 4812 
m272 14 34 46 734 746 2334 
m2074 45 46 2296 
