m2257 13 22 37 672 1872 4363 
m2615 5 22 36 38 46 49 286 296 299 1136 1138 1146 1149 1836 1846 1849 1905 1936 1938 1946 1949 2346 2349 2455 2486 2496 2499 4836 
m1699 38 41 46 49 1938 1946 1949 2088 2096 2349 
m890 36 49 1836 1849 2486 2499 
m127 
m824 22 23 41 1123 1173 1191 3673 
m1058 22 40 46 1146 2022 2040 2046 2346 
m1234 14 46 714 3246 
m815 22 23 36 40 46 49 1172 1822 1823 1836 1840 1849 2022 2023 2036 2040 2046 2049 2322 2323 2336 2340 2349 2473 2486 2490 4323 4336 4346 4836 
m1648 46 
m1802 46 2346 
m1734 13 46 2313 2346 
m578 22 23 27 41 45 1122 1123 1127 1141 1195 1372 1391 2073 2095 
m2949 14 23 30 38 46 723 730 738 746 1180 1523 1546 1923 1930 1946 2323 2330 2338 2346 4823 
m2232 22 36 41 1122 1136 1141 1841 2072 2086 2091 4586 
m2647 22 23 36 40 46 1122 1123 1136 1140 1146 1196 1823 1836 2022 2023 2036 2040 2046 3686 4346 4836 
m2067 32 36 38 46 49 1632 1636 1649 1849 1932 1936 1938 1946 1949 2332 2336 2338 2346 2349 
m1441 23 36 1186 
m307 10 14 27 38 710 1360 1364 1388 1910 1914 1927 1938 
m200 22 23 36 46 1123 1136 1146 2323 4323 4836 
m1027 36 40 41 46 1836 1840 1841 1846 2036 2040 2041 2046 2336 2340 2341 2346 4346 4586 
m310 36 37 40 46 1837 1846 2036 2037 2040 2046 2337 2346 4346 
m406 36 43 49 1849 2186 2199 
m117 14 23 30 40 47 730 1180 1514 1523 1547 2014 2023 2030 2047 2364 2373 2380 3223 
m2384 22 37 40 46 1122 1137 1140 1146 2022 2037 2046 2322 2337 2346 4837 
m1068 33 34 38 40 46 1690 1696 1733 1734 1738 1746 1933 1938 1940 1946 2333 2338 2340 2346 
m123 36 46 49 1846 1849 2346 2349 2496 4836 
m994 26 27 46 1327 1346 1377 2327 
m2824 30 40 46 2030 2046 2330 2340 2346 4846 
m452 23 24 40 46 1190 1240 1246 2023 2024 2040 2046 2323 2324 2340 2346 3696 3723 
m924 16 46 816 846 2346 3346 
m1807 27 46 49 2327 2346 2477 2496 
m916 5 36 46 1805 1846 2305 2336 2346 4346 4836 4846 
m2259 13 22 38 49 699 1113 1122 1138 1149 1913 1938 1949 
m742 23 24 40 46 1190 1240 1246 2023 2024 2040 2046 2323 2324 2340 2346 3696 3723 
m367 38 41 44 46 1941 1944 1946 2094 2096 2344 
m1007 22 44 46 1146 2222 2244 2246 2322 2344 2346 4846 
m1935 5 38 46 1905 1938 1946 2305 2338 2346 
m1858 30 46 2330 2346 4846 
m1300 14 46 2346 3246 4814 
m2062 14 40 46 2014 2040 2046 2314 2346 4814 4846 
m1769 40 45 46 2045 2046 2296 2346 4846 
m229 23 36 40 41 46 49 1191 1836 1841 2023 2036 2041 2323 2336 2340 2341 2349 2473 2486 2490 2491 2496 2499 3686 4323 4336 4836 
m1738 22 44 46 1122 1144 1146 2344 2346 4846 
m872 32 40 46 1632 1640 1646 2032 2040 2046 2332 2340 2346 
m2220 13 26 38 46 1313 1346 1913 1926 1946 2313 
m400 14 46 49 2314 2346 2464 2496 4814 4846 
m2250 23 30 36 40 46 1180 1523 1530 1830 2023 2030 2036 2046 2330 4323 4346 4823 
m1882 45 46 2296 2345 2346 4846 
m1879 23 40 46 1190 2023 2040 2046 2340 2346 3696 4823 
m87 22 23 24 38 40 46 1123 1146 1190 1222 1240 1246 1923 1924 1938 1940 1946 2022 2023 2024 2040 2046 2340 3696 3723 
m1041 23 45 1173 2273 3673 
m2575 46 4846 
m1299 23 30 38 1188 1523 1538 1923 1930 1938 
m1285 12 14 45 46 645 712 745 2314 2345 2346 3146 3246 4812 
m258 22 40 46 1140 1146 2040 2046 2340 2346 
m2729 21 22 23 30 36 40 46 1072 1073 1080 1090 1096 1121 1122 1123 1130 1136 1140 1146 1172 1173 1522 1523 1530 1546 1821 1822 1823 1830 1840 1846 2021 2022 2023 2030 2036 2040 2046 2321 2322 2323 2330 2340 2346 3696 4823 
m713 22 37 46 49 1122 1137 1146 1899 2346 2349 2496 4396 4837 
m2315 13 38 1913 1938 
m219 22 36 40 46 49 1136 1140 1146 1836 1846 2022 2036 2040 2046 2049 2336 2346 2349 2486 2496 4336 4836 
m324 13 22 33 36 40 1113 1122 1133 1136 1140 1686 1690 1813 2013 2036 4163 
m1448 12 14 22 36 45 46 49 645 712 745 1112 1114 1146 1812 1814 1822 1845 1846 1849 2314 2345 2346 2462 2464 2472 2496 3146 3246 4812 
m2870 21 36 38 45 1095 1845 1921 1936 1945 3586 
m2029 22 23 30 46 1123 1130 1146 1180 1523 1530 1546 2330 4823 
m1151 5 26 30 37 46 1337 1346 1505 1855 1880 2305 2330 2337 2346 4837 4846 
m566 22 37 38 46 49 1137 1146 1899 1922 1937 1938 1946 1949 2322 2337 2338 2346 2349 4396 
m871 23 32 46 1182 2323 2332 2346 3696 4823 
m2546 14 22 23 30 46 49 722 746 1122 1123 1130 1146 1149 1172 1522 1523 1530 2322 2323 2330 2349 2473 2480 3673 4823 4846 
m639 10 26 37 46 1310 1337 1346 1860 1896 2310 2346 4396 
m1585 22 40 46 1146 2046 2322 2340 2346 
m145 22 23 38 46 1122 1123 1138 1146 1172 1922 1923 1938 1946 2322 3696 
m11 30 46 2330 
m2473 36 46 4836 4846 
m2847 22 45 46 1122 1146 2272 2296 2322 2346 4846 
m1745 14 20 38 46 49 720 1914 1946 1949 2320 2464 2496 4814 
m1181 13 25 38 46 675 1913 1925 1946 2313 2325 
m2851 22 23 36 38 41 1122 1123 1136 1141 1172 1822 1823 1922 1923 1936 1941 2072 2073 2086 2088 2091 3673 4323 4586 
m66 36 46 2336 2346 4836 
m2594 22 30 36 40 41 46 49 1122 1130 1136 1140 1141 1146 1149 1522 1536 1546 1822 1846 2022 2030 2036 2040 2046 2049 2072 2090 2322 2472 2480 2486 2496 4346 4846 
m1891 37 45 46 2287 2296 2337 2346 4837 
m1849 23 32 36 46 49 1199 1623 1636 1823 1836 1846 1849 2323 2332 2336 2346 2349 3686 4332 
m2593 14 37 40 46 737 740 746 1890 2037 2046 2340 4396 
m2565 26 36 40 45 46 1826 1845 1846 2026 2036 2040 2045 2046 2276 2296 2326 2346 4346 4846 
m1553 33 38 40 46 1690 1696 1933 1938 1946 2333 2338 2340 2346 
m2247 14 23 32 36 49 723 732 736 749 1182 1199 1636 1649 1849 3686 
m2391 14 36 40 46 1814 1836 1840 1846 2014 2036 2040 2046 2314 2336 2346 3236 4346 4814 4836 
m971 23 30 41 46 1191 1523 1530 1541 1546 2073 2080 2091 2096 2330 2341 2346 3696 4823 
m2614 22 36 40 41 1136 1140 1141 1836 1840 1841 2036 2041 2072 2086 2090 2091 4586 
m2281 33 37 46 49 1883 1896 2333 2346 2483 2487 2496 4833 4837 
m1466 36 40 41 46 1841 2036 2041 2086 2090 2091 2336 2340 2341 4336 4836 4846 
m2169 36 40 41 1836 1840 1841 2036 2040 2041 
m33 41 2091 
m2736 37 41 46 2087 2096 4837 
m382 22 23 36 40 46 49 1123 1136 1146 1199 1822 1823 1836 1840 1846 1849 2022 2023 2036 2040 2046 2049 2323 2336 2346 2349 3686 4346 4823 4836 
m2183 45 46 49 2295 2299 2345 2349 
m1787 22 26 46 1122 1126 1146 1326 1346 2346 
m622 14 22 45 46 722 1114 1145 1146 2264 2272 2296 2314 2322 2345 2346 3246 
m286 14 22 36 45 46 714 746 1114 1122 1136 1145 1146 1846 2264 2286 2296 3236 3246 4314 
m2826 30 38 46 1930 1938 1946 2330 2346 
m316 22 30 40 46 1122 1130 1140 1146 1530 1546 2022 2030 2040 2046 2322 2330 2340 2346 
m2409 6 306 
m2760 22 40 41 46 1122 1140 1146 2022 2040 2046 2340 
m451 46 2346 
m1584 22 36 40 41 46 1136 1141 1146 2022 2036 2041 2046 2086 2096 2336 
m1366 37 46 1896 2346 4837 
m587 22 23 30 41 46 1122 1123 1130 1141 1146 1172 1173 1191 1522 1523 1530 1541 1546 2322 2323 2330 2341 2346 3696 4823 
m1127 27 46 49 2327 2346 2477 2496 
m2006 13 36 46 49 1813 2313 2336 2346 2349 2463 2486 2496 4813 
m1503 32 33 36 1632 1633 1636 1683 1686 1833 1836 4136 4186 4333 4336 
m1490 13 22 40 690 1113 1122 
m1748 5 36 46 49 255 286 296 299 1849 2346 2349 2486 2499 4836 
m365 5 22 38 46 1122 1146 1905 1922 1938 1946 2305 2346 
m2406 21 22 23 36 41 1121 1122 1123 1171 1172 1173 1821 1822 1823 2071 2072 2073 3673 4586 
m734 5 36 46 49 286 296 299 1836 1846 1849 2336 2346 2349 2486 2496 4336 4836 
m2300 22 38 44 46 1138 1144 1146 1944 1946 2344 2346 
m2810 14 44 46 49 744 746 2344 2464 2494 2496 
m2088 22 23 30 46 1122 1123 1130 1146 1172 1173 1180 1196 1522 1523 1530 1546 2323 2330 2346 3696 
m2500 22 23 32 36 1123 1132 1136 1173 1182 1186 1623 1823 3673 4332 
m1880 22 23 30 1122 1123 1130 1173 1522 1523 3673 
m591 22 32 37 38 46 49 1132 1137 1146 1637 1646 1922 1938 1946 1949 2332 2337 2346 2472 2487 2496 4837 
m609 37 46 49 1899 2346 2349 4396 4837 
m1763 26 30 36 44 46 1330 1336 1344 1346 1830 2230 2330 2336 2344 2346 4736 
m2816 46 2346 
m420 22 30 36 40 1130 1136 1140 1522 1536 1540 1822 1830 1836 1840 2030 2036 2040 4336 
m1518 22 36 40 41 1136 1140 1141 1836 1840 1841 2036 2040 2072 2086 2090 2091 4586 
m980 41 46 2341 2346 
m1096 11 13 22 46 563 572 596 1113 1122 1146 2313 2322 2346 4846 
m766 13 22 33 36 40 1113 1122 1133 1136 1140 1813 1822 1833 1840 2013 2022 2033 4163 
m2476 13 38 45 46 688 2263 2288 2295 2296 2313 2338 2346 3196 
m1668 22 23 27 30 36 40 49 1123 1130 1136 1172 1173 1177 1180 1186 1190 1199 1372 1373 1380 1386 1522 1523 1527 1530 1536 1540 1549 1822 1823 1827 1830 1836 1849 2023 2027 2030 2036 2040 2049 2472 2473 2477 2480 2486 2499 3686 4336 
m1163 23 46 2346 4823 
m2166 16 26 36 40 46 49 826 1826 2016 2036 2046 2316 2326 2346 2466 2486 2490 2496 3336 3346 4346 4836 
m2451 
m939 22 23 38 46 49 1122 1123 1146 1149 1199 1922 1923 1938 1946 2323 2346 2349 
m213 37 40 46 1890 2037 2040 2046 2337 2340 2346 4396 
m2128 27 38 46 1927 1946 2327 
m1724 22 36 46 1136 1146 1846 2322 2336 4846 
m524 3 30 36 40 46 180 186 190 196 1830 2030 2036 2046 2330 4836 
m1252 23 41 46 2073 2323 2341 3673 
m2694 22 23 36 40 46 49 1172 1822 1823 1836 1849 2023 2036 2040 2046 2049 2322 2323 2336 2349 2473 2486 3686 4336 4346 4836 
m2653 22 23 24 40 46 1122 1123 1124 1146 1190 1222 1240 1246 2022 2023 2024 2046 2340 3696 3723 
m2351 
m2603 22 23 30 36 40 41 1122 1123 1130 1136 1140 1141 1173 1522 1523 1536 1822 1823 1830 1836 2022 2023 2030 2036 2072 2073 2080 2086 2090 2091 3673 4323 4586 
m1793 23 30 36 40 1180 1523 1530 1536 1540 1830 2023 2030 2036 2040 4323 
m2471 33 38 46 1696 1933 1946 2333 2346 
m2114 14 32 36 38 41 46 1614 1914 1932 1936 1938 1941 1946 2064 2082 2086 2314 2332 2336 2341 4136 4314 
m190 22 23 30 32 36 40 46 1122 1123 1130 1132 1136 1140 1146 1172 1173 1522 1523 1530 1546 1622 1623 1630 1640 1646 1822 1823 1830 1832 1840 1846 2022 2023 2030 2032 2036 2040 2046 2322 2323 2330 2332 2336 2340 2346 3696 4823 
m1131 22 36 41 1122 1136 1141 1841 2091 4586 
m1143 22 23 30 46 49 1122 1123 1130 1146 1180 1523 1530 1546 2330 2346 2472 2473 2480 2496 4823 
m2251 13 17 45 46 49 2263 2267 2295 2296 2313 2317 2349 2463 2467 3363 
m151 30 38 46 1930 1938 1946 2330 2346 
m89 22 23 46 49 1122 1146 1149 1172 1199 2322 2346 2349 3696 4823 
m2641 38 46 1946 
m1035 23 30 49 1180 1199 1549 2473 2480 
m2032 22 23 30 36 40 41 46 1122 1123 1130 1136 1140 1141 1146 1191 1523 1536 1541 1546 1822 1841 1846 2023 2030 2036 2040 2041 2046 2072 2091 2341 3696 4323 4586 
m10 22 36 37 40 46 1122 1136 1137 1140 1146 1822 1836 1837 1840 1846 1872 1896 2022 2036 2037 2040 2046 2322 2337 2346 4387 4396 4837 4846 
m2051 10 14 46 710 746 2310 2346 
m2633 15 22 32 46 782 1115 1122 1132 1146 1615 1622 1632 1646 2315 2322 2332 2346 4815 
m2507 38 45 46 49 1938 1946 1949 2288 2296 2299 2349 
m640 22 23 30 36 40 46 1122 1123 1130 1136 1140 1146 1180 1522 1523 1536 1540 1546 1822 1823 1830 1836 1840 1846 2022 2023 2030 2036 2040 2046 2322 2323 2330 2340 4823 4846 
m925 22 23 30 36 40 46 1122 1123 1130 1136 1140 1146 1180 1522 1523 1536 1540 1546 1822 1823 1830 1836 1840 1846 2022 2023 2030 2036 2040 2046 2322 2323 2330 2340 4823 4846 
m2703 36 46 2336 2346 4836 4846 
m1109 13 22 23 32 672 673 1113 1122 1123 1172 1613 1622 1623 
m2121 46 2346 
m1688 26 38 46 1926 1938 1946 2326 
m351 22 36 40 41 46 49 1136 1140 1146 1149 1822 1840 1846 1849 2022 2046 2072 2086 2090 2096 2322 2336 2340 2346 2349 2490 2496 4336 
m1117 22 36 38 40 1138 1822 1838 1922 1936 1938 1940 2022 2036 2038 
m772 13 20 22 33 36 40 670 672 686 690 1022 1033 1036 1040 1672 1686 1690 1822 1840 2022 2036 3183 3536 4336 
m2099 38 41 46 49 1938 1946 1949 2088 2096 2099 2341 2346 2349 
m407 11 13 22 33 36 40 563 572 583 586 590 672 686 690 1113 1122 1133 1136 1140 1672 1686 1690 1822 2022 2036 3183 
m163 14 22 36 38 41 46 714 736 1114 1136 1836 1914 1922 1936 1941 2064 2072 2086 2314 2322 2336 2338 2341 3236 4314 4586 4814 
m2408 22 37 46 49 1872 2322 2346 2487 2496 4396 4837 
m1262 14 46 714 746 2314 2346 4814 
m910 14 34 36 40 46 1714 1734 1736 1740 1746 1814 1836 1840 1846 2014 2036 2040 2046 2314 2346 4346 4814 4846 
m267 22 40 46 1140 1146 2022 2040 2046 2340 2346 
m2373 22 23 36 40 41 46 49 1123 1136 1140 1141 1146 1191 1822 1823 1836 1840 1841 1849 2022 2023 2036 2040 2041 2046 2072 2073 2086 2090 2091 2322 2323 2336 2340 2341 2349 2472 2473 2486 2490 2491 4323 4336 4346 4836 
m1915 30 36 38 40 46 1536 1540 1546 1838 1840 1846 2046 2330 2338 2340 2346 4836 
m53 38 46 1938 1946 2346 
m2041 22 23 41 1122 1123 1141 1172 2073 
m176 22 32 36 38 45 46 49 1122 1146 1632 1636 1645 1646 1649 1845 1846 1849 1932 1936 1946 2272 2295 2296 2322 2332 2336 2345 2346 2349 2495 2496 4846 
m1146 13 22 36 40 1113 1122 1136 1140 1813 1840 2013 
m5 22 23 30 46 1122 1123 1130 1146 1180 1522 1523 1530 1546 2323 2330 
m2962 12 46 2346 4812 
m1660 23 30 36 41 1186 1191 1523 1536 1541 3673 3686 4586 
m319 22 23 36 40 41 1122 1123 1136 1140 1141 1172 1173 1822 1823 1836 1840 1841 2022 2023 2036 2040 2041 2072 2073 3673 4586 
m207 22 37 40 46 1137 1140 1146 1890 2022 2037 2040 2046 2337 2340 2346 4837 
m122 22 26 44 46 1122 1126 1144 1146 1322 1344 1346 2222 2246 2322 2326 2344 2346 4846 
m1377 12 30 36 46 49 1512 1530 1546 1812 1830 1836 1846 1849 2346 2480 2496 2499 4812 
m665 38 46 1938 1946 
m869 17 40 46 890 2340 2346 3396 4817 
m250 36 46 2336 
m675 12 22 23 36 40 46 49 636 649 1172 1186 1199 1822 1836 1840 2022 2036 2322 2336 2349 2486 3123 3146 3686 4336 4823 
m2470 32 36 4332 
m2125 22 37 40 46 1137 1146 2022 2037 2040 2046 2337 2346 4837 
m1208 22 36 37 46 49 1822 1837 1846 1849 1872 2322 2346 2487 2496 4396 4837 
m745 12 41 46 2062 2091 2096 2312 
m962 22 23 46 1123 1146 1196 
m607 12 14 46 712 2314 2346 3146 3246 4812 
m2309 34 45 2284 
m1902 45 2295 
m2357 36 41 46 2336 2341 2346 4586 4846 
m2517 44 46 49 2246 2249 2344 2346 2349 
m1129 22 23 30 1122 1123 1130 1173 1523 1530 3673 
m329 22 23 30 36 40 46 49 1122 1123 1130 1136 1140 1146 1149 1172 1173 1180 1186 1190 1199 1522 1523 1530 1536 1540 1546 1549 1822 1823 1830 1836 1840 1846 1849 2022 2023 2030 2036 2040 2046 2322 2330 2336 2340 2346 2349 2472 2473 2480 2486 2496 3696 4823 
m1940 13 38 41 691 1913 1938 1941 
m261 13 20 22 33 36 38 40 688 1013 1022 1033 1036 1038 1040 1113 1133 1136 1138 1140 1688 1813 1822 1833 1838 1840 2013 2033 2036 2038 3183 3536 4336 
m674 22 23 30 1123 1130 1172 1173 1180 1523 3673 
m503 23 36 41 46 1836 1841 1846 2073 2086 2323 2341 4323 4836 
m1848 22 23 30 36 41 1123 1130 1523 1822 1823 1830 2072 2073 2080 3673 4323 4586 
m2592 
m2939 22 23 36 41 1123 1136 1141 1172 1173 1186 1822 1823 2072 2073 2086 2091 3673 4586 
m2754 22 23 46 49 1123 1146 1196 2472 2473 2496 
m1433 13 33 36 49 663 683 686 699 1663 1683 1686 1699 1833 1849 2463 2483 2486 3183 
m944 13 38 1913 1938 
m908 14 22 36 41 46 714 736 1114 1122 1136 1141 1146 1836 2064 2072 2086 2314 2322 2336 2341 3236 4314 4586 4814 
m2375 37 46 4837 
m2764 6 17 23 32 36 856 873 882 886 1156 1182 1606 1636 1806 3686 
m1621 22 23 45 1123 1173 1195 3673 
m2047 13 30 36 46 1513 1536 1546 2313 2330 2336 2346 4313 4813 4836 
m1661 36 40 46 1846 2036 2040 2046 
m2144 36 40 41 46 1836 1841 1846 2036 2040 2041 2046 2336 2341 2346 4341 4346 4836 4846 
m1185 22 23 30 38 41 1122 1123 1130 1138 1172 1173 1188 1522 1523 1530 1538 2072 2073 2080 2088 3673 
m896 23 24 40 46 1190 1240 1246 2023 2024 2040 2046 2340 3696 3723 
m902 5 13 22 26 33 36 40 263 272 283 286 290 672 686 690 1113 1122 1133 1136 1140 1305 1313 1322 1333 1336 1340 1655 1663 1672 1683 1686 1690 1822 2022 2036 3183 
m2224 11 13 33 661 1661 4163 
m1165 36 40 41 46 1840 2036 2040 2041 2046 2086 2096 2336 2340 2346 4346 4846 
m1002 22 30 40 46 1130 1140 1146 2022 2030 2040 2046 2322 2330 2340 2346 
m2246 28 36 1828 1836 
m2213 17 46 49 896 899 2317 2346 2349 
m19 22 23 36 38 40 41 1122 1123 1136 1140 1173 1186 1190 1823 1836 1922 1923 1936 1940 1941 2022 2023 2036 2040 2072 2073 2086 2090 3686 4323 
m241 28 36 38 1928 1936 1938 4328 
m1770 22 30 36 40 41 49 1136 1140 1536 1541 1549 1830 1836 1840 1841 1849 2030 2036 2040 2041 2049 2072 2086 2090 2091 2099 2472 2486 
m60 22 23 30 36 40 46 49 1122 1123 1130 1136 1140 1146 1149 1172 1173 1180 1186 1190 1199 1522 1523 1530 1536 1540 1546 1549 1823 1840 2022 2023 2030 2036 2040 2046 2322 2330 2336 2340 2346 2349 2472 2473 2480 2486 2496 3696 4823 
m1836 14 22 45 46 722 745 746 1146 2272 2296 2346 3246 
m295 15 23 30 40 46 773 1515 1523 1530 1546 2015 2023 2030 2046 2315 4823 
m426 5 36 38 46 49 1805 1838 1846 1849 1905 1938 1946 1949 2305 2488 2496 
m2585 36 38 46 1936 1946 2336 
m1343 22 23 30 36 40 41 46 1123 1130 1136 1141 1146 1180 1186 1190 1523 1530 1536 1540 1546 1830 2022 2023 2030 2036 2040 2046 2072 2073 2080 2086 2090 2091 2330 3696 4836 
m1364 22 36 40 41 1122 1136 1140 1822 1840 2022 2036 2040 2041 2072 2086 2090 
m2596 23 1173 3673 
m1694 36 38 1936 1938 
m1493 38 46 49 1938 1946 1949 2349 
m1927 12 22 23 36 40 46 49 636 646 649 1172 1186 1196 1199 1822 1836 1840 1846 2022 2036 2322 2336 2346 2349 2486 2496 3123 3146 3686 4336 4823 
m1333 22 23 30 36 40 41 1122 1123 1130 1136 1140 1173 1522 1523 1536 1822 1823 1830 1836 2022 2023 2030 2036 2072 2073 2080 2086 2090 3673 4323 4586 
m1844 22 23 30 36 41 1122 1123 1130 1136 1141 1172 1173 1180 1523 1822 1823 2072 2073 3673 4586 
m1045 14 22 41 714 741 1114 1141 2064 2072 2091 
m2864 36 40 46 1840 2036 2040 2046 2340 4346 
m1637 22 23 30 36 39 41 1123 1130 1139 1141 1522 1523 1822 1823 1830 1839 1841 1972 1973 1980 1991 2072 2073 2080 2086 2089 2091 3673 4586 
m2092 22 23 30 36 40 41 46 49 1122 1123 1130 1136 1140 1141 1146 1149 1172 1173 1190 1191 1522 1523 1530 1536 1540 1541 1546 1822 1823 1830 1836 1840 1841 1846 1849 2022 2023 2030 2036 2040 2041 2046 2049 2322 2323 2330 2336 2340 2341 2346 2473 2480 2486 2490 2496 3696 4823 
m99 22 32 46 1122 1146 2332 2346 
m2107 20 22 36 41 1022 1120 1122 1136 1141 1820 1822 2070 2072 4586 
m2642 22 23 36 40 41 46 49 1136 1140 1146 1172 1186 1190 1196 1199 1822 1823 1836 1840 1846 1849 2022 2023 2036 2040 2046 2049 2072 2073 2086 2099 2322 2323 2336 2340 2341 2349 2472 2473 2486 2490 2496 3686 4323 4336 4836 
m2780 13 22 33 36 40 672 686 690 1113 1122 1133 1136 1140 1672 1686 1690 1822 2022 2036 3183 
m967 44 46 2344 2346 
m2806 22 23 36 40 41 1122 1123 1136 1140 1141 1172 1173 1822 1823 1836 1840 2022 2023 2036 2040 2041 2073 2086 2090 3673 4586 
m81 14 36 40 46 1814 1846 2014 2036 2046 3246 
m2580 14 30 46 730 746 1530 2330 
m646 22 23 30 41 1122 1123 1130 1141 1172 1173 1180 1191 1522 1523 1530 2072 2073 2080 2091 3673 
m1376 32 36 41 46 1632 1636 1641 1646 1832 1836 1841 1846 2082 2086 2091 2096 2332 2336 4586 4846 
m2750 36 40 41 46 49 1836 1840 1846 1849 2036 2040 2041 2046 2049 2086 2090 2096 2099 2336 2340 2346 2349 2486 2490 2496 4346 4586 4836 
m1352 22 40 46 1122 1140 1146 2022 2040 2046 2322 
m2403 23 30 46 1523 2323 2330 2346 4823 
m282 13 38 688 1913 1938 
m458 46 2346 
m1773 23 40 46 2023 2040 2046 2323 2346 4823 
m1388 22 27 46 1146 1372 1377 1396 
m1959 23 30 46 1180 1523 1546 2330 4823 
m1550 23 46 2346 3696 4823 
m2589 
m1662 5 36 46 49 286 296 299 1836 1849 2336 2346 2349 2486 2496 4836 
m2165 30 36 46 49 1549 1830 1846 1849 2330 2336 2346 2349 
m2879 13 36 38 686 688 1838 
m1645 14 22 40 46 746 1114 1146 2014 2046 2346 
m563 26 27 46 1326 1327 1346 1376 1396 2326 
m2255 12 26 46 612 1312 1346 2312 2346 4812 
m1247 13 26 38 40 46 690 1313 1346 1913 1926 1938 1946 2313 2340 2346 
m1393 5 36 46 49 286 296 299 1849 2346 2349 2486 2499 4836 
m336 22 26 44 46 1144 1146 1322 1344 1346 2244 2246 2344 2346 4846 
m770 28 36 38 1438 1838 1928 1936 4328 
m1408 22 23 36 40 46 49 1172 1822 1823 1836 1846 1849 2023 2036 2040 2046 2049 2322 2336 2346 2349 2472 2473 2486 4323 4346 4823 4836 
m1287 12 13 22 27 36 40 627 677 1112 1113 1122 1127 1136 1140 1812 1813 1827 1840 2012 2013 2027 3162 
m991 13 22 40 45 46 1122 1140 1145 1146 2013 2040 2046 2272 2290 2296 2313 2346 3196 
m2821 
m1698 28 36 38 46 1828 1836 1928 1936 1938 1946 2328 2336 
m2501 22 44 46 1122 1144 1146 2322 2344 2346 4846 
m377 30 38 40 45 46 1930 2030 2038 2045 2046 2280 2288 2296 2330 2338 
m1599 23 30 36 40 41 1523 1536 1540 1830 1836 1840 2023 2036 2073 2080 2086 2090 3686 4323 4586 
m1273 22 23 36 41 1122 1123 1136 1141 1191 1841 2073 2091 4323 4586 
m2206 22 36 40 41 46 1136 1141 1146 2022 2036 2041 2046 2086 2096 2336 
m1892 23 1173 3673 
m2597 22 30 36 40 41 46 49 1122 1130 1136 1140 1141 1146 1149 1522 1536 1546 1822 1830 1836 1840 1846 1849 2022 2030 2036 2040 2046 2049 2072 2090 2322 2472 2480 2486 2490 2496 4346 4846 
m664 10 13 46 513 546 2310 2313 2346 4813 4846 
m700 14 36 46 49 736 746 2336 2346 2349 2464 2486 2496 4814 4836 
m565 22 36 40 44 46 1136 1144 1146 1822 1836 1846 2022 2036 2044 2046 2236 2246 2322 2336 2344 2346 4346 4736 4836 4846 
m2162 22 23 30 36 40 46 1122 1123 1130 1136 1140 1146 1180 1523 1530 1822 1823 1830 1840 1846 2022 2023 2030 2046 2330 4823 
m546 22 23 46 1122 1123 1146 1196 2323 3673 
m2043 22 23 41 1122 1123 1141 1173 2072 2073 3673 
m2304 13 38 1913 1938 
m497 22 46 1122 1146 2346 
m80 14 46 2314 2346 4814 
m2069 22 23 30 36 40 41 46 1122 1123 1130 1136 1140 1141 1146 1180 1522 1523 1536 1540 1546 1822 1823 1830 1836 1840 1846 2022 2023 2030 2036 2040 2046 2072 2086 2090 2322 2323 2330 2340 4823 4846 
m868 22 23 36 40 41 1122 1123 1136 1140 1173 1186 1190 1823 1836 2022 2023 2036 2040 2072 2073 2086 2090 2091 3686 4323 
m2758 22 38 46 1122 1138 1146 1922 1938 1946 2322 2338 2346 
m1943 30 45 46 49 2280 2296 2299 2330 2480 2496 
m978 34 45 2284 
m178 23 36 1186 1836 3686 
m1395 26 32 36 38 46 1332 1336 1346 1832 1926 1932 1936 1946 2332 2336 2346 4836 
m2190 14 46 2314 2346 4814 
m1884 13 38 46 1913 1946 2313 2346 4813 
m522 22 23 30 36 40 46 1122 1123 1130 1136 1140 1146 1172 1173 1522 1523 1530 1540 1546 1822 1823 1830 1840 1846 2022 2023 2030 2036 2040 2046 2322 2323 2330 2340 2346 3696 4823 
m1530 14 22 38 44 46 744 746 1114 1138 1146 1914 1938 1946 2344 2346 3246 
m427 38 45 46 49 1938 1946 1949 2288 2296 2299 2349 
m2149 30 40 46 2030 2040 2046 2330 2340 2346 
m1440 22 36 40 1122 1136 1140 2036 
m2361 32 40 45 46 1646 2032 2045 2046 2282 2296 
m2091 22 23 30 46 1123 1130 1146 1180 1523 1530 1546 2330 4823 
m661 13 22 33 36 40 672 686 690 1113 1122 1133 1136 1140 1672 1686 1690 1822 2022 2036 3183 
m2676 22 37 45 46 1122 1137 1145 1146 1872 2272 2287 2296 2322 4837 
m430 46 2346 
m90 12 32 36 40 612 632 636 640 1612 1640 1812 2012 2036 4136 
m505 2 26 46 126 2302 2326 
m2256 14 26 38 41 741 1314 1341 1914 1926 1941 
m2790 6 14 36 49 706 714 736 749 1806 2456 2486 
m975 22 46 1122 1146 2346 
m139 23 36 41 49 1191 1823 1836 1841 1849 2473 2486 2491 3686 4323 4336 4341 
m1090 22 36 37 40 46 1122 1136 1140 1146 1822 1836 1837 1840 1846 1872 1896 2022 2036 2037 2040 2046 2322 2337 2346 4387 4396 4837 4846 
m637 32 36 46 49 1636 1649 1832 1836 1846 1849 2332 2336 2346 2349 2482 2486 2496 2499 4332 4336 
m2544 12 26 40 46 626 2012 2026 2046 2312 2326 2340 2346 4812 
m536 22 32 36 46 49 1622 1649 1822 1832 1849 2322 2332 2336 2346 2349 2472 4136 4336 4836 
m1934 13 23 36 46 49 1813 1823 1846 1849 2313 2346 2463 2473 2486 2496 2499 3663 4813 4823 
m43 23 30 46 1173 1180 1196 1523 1530 1546 2323 2330 2346 3696 4823 
m2228 11 13 33 661 1661 4163 
m783 37 46 4837 
m2386 5 23 30 38 40 273 280 290 1190 1523 1530 1540 1905 1923 1930 1940 2023 2030 2040 
m285 23 30 46 1180 1523 1546 2330 4823 
m2130 22 30 37 46 1130 1137 1146 1880 2322 2330 2337 2346 4837 
m2455 22 23 36 40 41 1123 1136 1140 1173 1822 1823 1836 1840 2022 2023 2036 2040 2072 2073 2086 2090 3673 4323 4586 
m2205 12 22 23 30 36 40 46 612 622 623 630 636 640 646 1112 1123 1136 1140 1146 1162 1173 1512 1523 1536 1546 1812 1822 1823 1830 1836 1846 2012 2022 2023 2030 2036 2046 2312 2322 2323 2336 2346 3123 3686 4346 4812 
m1839 46 47 2346 2347 
m1412 5 36 46 49 286 296 299 1849 2346 2349 2486 2499 4836 
m2413 22 23 30 36 40 41 1123 1136 1140 1141 1173 1180 1823 1830 1836 1840 1841 2023 2030 2036 2040 2041 2073 2080 3673 4586 
m820 22 23 36 40 41 1122 1123 1136 1140 1141 1172 1173 1822 1823 1836 1840 2022 2023 2036 2040 2072 2073 2086 2090 3673 4586 
m1750 3 14 46 703 2314 2346 2696 3246 4803 
m2512 40 45 46 2290 2296 2340 2346 
m2927 13 38 46 1913 1938 1946 2313 2346 
m706 5 46 2305 2346 4846 
m1120 23 26 30 40 46 1173 1180 1323 1330 1346 1523 2023 2026 2030 2046 2323 2330 3673 4823 
m2913 14 22 23 30 46 722 1172 1514 1522 1523 1546 2314 2322 2323 2330 2346 3664 4814 4823 
m2031 5 32 36 38 45 46 49 282 286 288 295 296 1632 1638 1645 1646 1838 1845 1846 1932 1936 1945 1946 2295 2332 2338 2345 2346 2455 2482 2486 2488 2496 4136 4332 4836 
m1633 22 23 36 38 40 41 46 1136 1138 1140 1146 1923 1936 1940 1946 2022 2023 2036 2038 2046 2072 2090 2323 4323 4836 
m159 32 36 46 49 1632 1636 1649 1849 2332 2336 2349 
m680 12 15 30 46 1512 1515 1546 2312 3262 4815 
m2458 6 14 23 32 36 314 332 732 1156 1164 1182 1806 1814 1832 3686 
m1994 26 32 36 46 1332 1336 1346 1832 2332 2336 2346 4836 
m362 8 408 
m1634 22 23 30 40 41 1123 1130 1140 1180 1522 1523 1530 2022 2023 2030 2072 2090 
m1717 21 22 23 1073 1171 1172 1173 
m504 36 46 2336 2346 4836 
m2923 46 2346 
m616 12 22 23 36 40 41 46 49 636 640 641 646 649 1123 1136 1141 1146 1149 1812 1836 1840 1841 1846 1849 2036 2041 2046 2073 2086 2090 2091 2096 2099 2322 2323 2336 2340 2341 2349 2462 2472 2473 2486 2491 2496 2499 4323 4336 4812 4836 
m360 11 13 46 563 2311 2313 
m2584 38 40 46 49 1940 1946 2046 2346 2488 2490 2496 
m125 32 39 46 1632 1639 1646 1989 2339 2346 4496 4839 
m265 30 36 40 46 1830 2030 2036 2046 2330 2336 2340 2346 4836 
m1154 22 23 30 36 40 46 49 1122 1123 1130 1136 1140 1146 1172 1173 1180 1186 1190 1196 1523 1530 1536 1540 1546 1822 1823 1830 1840 1846 2022 2023 2030 2036 2040 2046 2330 2346 2472 2473 2486 2490 3696 4336 4346 4823 
m2692 46 2346 
m516 32 38 46 1632 1646 1932 1938 1946 2332 2346 
m1740 36 40 46 49 1840 1846 1849 2036 2040 2046 2049 2340 2346 2486 2490 2496 4336 4346 4846 
m1982 30 38 40 45 46 1930 1938 1945 1946 2030 2038 2045 2046 2280 2288 2296 2330 2338 
m2204 22 23 30 38 1122 1123 1130 1138 1173 1180 1523 1922 1923 1930 1938 3673 
m1508 32 36 38 46 49 1632 1636 1649 1849 1932 1936 1938 1946 1949 2332 2336 2346 2349 
m2852 22 23 36 38 41 1122 1123 1136 1141 1172 1822 1823 1922 1923 1936 1941 2072 2073 2086 2088 2091 3673 4323 4586 
m860 36 37 38 46 1837 1838 1888 1938 2338 4346 4837 
m679 23 30 36 40 46 1186 1190 1523 1530 1536 1540 1546 1823 1830 1836 1846 2023 2030 2036 2046 2330 2336 2340 2346 3696 4823 
m966 22 32 46 1122 1132 1146 2322 2332 2346 4846 
m2326 23 30 46 49 1180 1199 1549 2323 2330 2346 2349 2473 2480 2496 
m1118 13 22 33 36 40 1113 1122 1133 1136 1140 1686 1690 1813 1840 2013 4163 
m928 5 22 27 46 1146 1355 2305 2327 
m2313 2 41 141 
m363 17 38 46 888 2317 2338 2346 3396 
m864 22 23 30 41 1123 1130 1141 1172 1173 1180 1191 1522 1523 1541 2072 2073 2080 2091 3673 
m531 23 30 44 46 1194 1523 1544 2330 2344 2346 4823 
m2814 36 38 40 46 1840 1846 1936 1940 1946 2036 2046 2340 
m2702 22 23 36 49 1123 1136 1173 1186 1199 1823 1849 2473 2486 3673 4323 4336 
m1820 12 13 46 662 696 2312 2346 3196 4812 
m1984 22 23 30 36 37 40 41 46 49 1123 1130 1136 1137 1140 1146 1149 1180 1523 1530 1546 1822 1823 1830 1836 1837 1840 1846 1849 1872 1873 1880 1886 1890 1896 2022 2023 2030 2036 2037 2040 2046 2086 2090 2099 2330 2346 2472 2473 2480 2486 2487 2490 2496 4396 4823 
m2101 38 49 1938 1949 
m1149 12 38 40 45 46 1912 1945 1946 2012 2038 2045 2046 2262 2296 2312 2346 4812 
m767 22 23 30 36 40 45 46 1123 1130 1136 1140 1146 1180 1523 1536 1546 1830 2023 2030 2036 2046 2272 2273 2280 2286 2290 2296 2330 2336 4323 4823 
m2423 23 45 46 1195 2296 2345 2346 3696 4823 
m719 36 40 46 1836 1840 1846 2036 2040 2046 2336 2340 2346 4336 4346 
m1074 22 46 49 1146 2472 2496 
m31 14 23 30 36 40 46 730 1180 1814 1823 1830 1846 2014 2023 2030 2036 2040 2046 2314 2323 2330 2346 3223 4346 4814 4823 
m2524 15 22 27 38 46 777 1115 1127 1146 1915 1922 1938 1946 2315 2327 2346 
m963 22 41 1122 1141 2072 
m323 22 23 30 36 1123 1130 1136 1172 1180 1522 1822 1823 1830 
m2265 22 37 40 46 1137 1146 2022 2037 2040 2046 2322 2337 2346 4837 
m883 22 23 46 49 1122 1123 1146 1149 1199 2323 2346 2349 
m2015 46 
m647 36 46 2336 2346 4836 4846 
m170 22 33 41 1122 1141 1672 1683 1691 
m388 22 23 36 40 1123 1136 1173 1186 1190 1836 1840 2036 3673 3686 
m2102 23 38 46 49 1188 1199 1938 1946 2338 2346 2349 3696 4823 
m2229 14 38 46 49 746 749 1914 1938 1946 1949 2346 2349 
m1923 22 26 44 46 1122 1126 1144 1146 1322 1344 1346 2222 2246 2322 2326 2344 2346 4846 
m1418 38 46 1946 2338 2346 
m134 
m1195 14 22 38 46 49 722 749 1938 1946 2314 2322 2346 2349 2472 
m1686 14 26 38 726 1914 1926 1938 
m2876 22 30 37 40 46 1130 1137 1146 1537 1540 1546 1890 2340 4396 
m2108 5 36 38 46 49 286 296 299 1849 1905 1936 1938 1946 2346 2349 2486 2499 4836 
m2463 20 48 2420 
m2 22 23 41 46 1123 1141 1146 1173 2073 2323 2341 2346 3673 4823 
m2094 22 46 1122 1146 2346 
m762 14 38 45 46 1914 1938 1945 1946 2264 2314 2338 2345 2346 4814 
m580 37 49 1899 2487 2499 
m557 16 38 44 49 844 849 1916 1938 1944 1949 2494 
m337 22 23 30 36 40 45 1123 1130 1136 1145 1523 1830 2022 2023 2030 2036 2045 2273 2280 2286 4323 
m1236 22 36 37 40 46 1122 1136 1137 1140 1146 1886 1890 2036 2037 2040 2046 2322 2336 2337 2340 2346 4396 
m246 5 13 22 33 36 40 46 263 272 283 286 290 672 686 690 1113 1122 1133 1136 1140 1672 1686 1690 1822 2022 2036 2305 2313 2322 2333 2336 2340 3183 
m2339 23 30 49 1180 1199 1549 2473 2480 2499 
m1430 22 23 30 36 38 40 1123 1130 1136 1140 1172 1173 1180 1186 1188 1190 1522 1523 1538 1822 1830 1922 1923 1930 1936 1938 1940 2022 2023 2030 2036 2040 3673 4323 
m2980 22 38 46 49 1122 1138 1146 1149 1922 1938 1946 2322 2346 2349 
m717 14 22 46 722 2314 2322 2346 4814 
m339 17 40 46 2017 2046 2346 4817 
m2753 22 37 46 1122 1137 1146 4837 
m15 22 46 1122 1146 2322 2346 
m2390 3 26 36 41 186 191 1303 1336 1341 2091 4341 4586 
m2157 22 40 46 1146 2046 2322 2340 2346 
m2233 23 24 40 46 1190 1240 1246 2023 2024 2040 2046 2340 3696 3723 
m979 36 41 1841 
m191 30 36 40 46 1830 1836 1840 1846 2030 2036 2040 2046 2330 2336 2340 2346 4336 4346 4836 
m1569 22 23 30 32 36 40 41 49 1140 1182 1199 1523 1530 1532 1536 1549 1823 1830 1832 1849 2022 2023 2030 2032 2036 2040 2072 2090 2482 
m1827 22 30 32 36 40 41 46 49 1122 1130 1132 1136 1140 1141 1146 1522 1532 1536 1546 1622 1646 1822 1830 1832 1836 1840 1846 1849 2022 2030 2032 2036 2040 2046 2049 2072 2090 2096 2322 2472 2480 2482 2486 2490 2496 4346 4846 
m2943 5 36 46 49 286 296 299 1849 2346 2349 2499 4836 
m322 13 22 40 46 1113 1140 2013 2313 2322 2340 2346 
m1901 38 41 46 1938 1941 1946 2341 2346 
m438 26 41 46 1341 1346 2096 
m1141 17 22 38 46 888 1117 1138 2322 2338 4817 
m296 14 22 36 40 41 46 714 722 736 741 1822 1836 1841 2014 2036 2046 2072 2314 2322 2336 2341 3236 4314 4586 4814 
m2440 22 36 38 40 46 1136 1138 1140 1146 1838 1946 2036 2038 2040 2046 2336 2338 2340 2346 4346 
m2414 11 38 46 588 596 1911 1938 1946 2338 
m1606 38 46 1946 2346 
m2123 23 32 46 1196 1623 1646 2346 
m712 14 46 746 2346 3246 4846 
m61 13 22 33 40 690 1113 1122 1133 1140 1690 3183 
m2368 44 46 2344 2346 
m2324 14 38 46 1914 1946 4814 
m2763 32 36 38 46 1832 1932 1936 1938 1946 2332 2336 2346 4836 
m391 14 22 32 46 49 732 749 1114 1132 1146 1649 2314 2332 2346 2349 4814 
m2042 22 23 30 41 1123 1130 1141 1522 1523 2073 2080 3673 
m268 14 22 23 30 40 46 722 723 730 746 1114 1122 1123 1130 1146 1172 1173 1180 1196 1514 1522 1523 1530 1546 2014 2022 2023 2030 2046 2323 2330 2346 3246 3696 4823 
m1551 17 41 46 2067 2096 2341 4817 
m1260 30 36 39 40 46 1539 1546 1830 1839 1840 1846 1980 2030 2036 2039 2040 2046 2330 2339 2340 2346 4346 
m866 22 1122 
m86 22 23 30 46 1122 1123 1130 1146 1523 1530 1546 2330 2346 3696 4823 
m2687 22 23 36 40 41 46 1123 1136 1141 1146 1191 1822 1823 1836 1841 1846 2022 2023 2036 2040 2041 2046 2323 2336 2341 2346 3686 4341 4346 4823 
m1145 22 23 30 1123 1130 1522 1523 1530 
m1714 26 33 1676 
m2774 13 38 46 1913 1946 4813 
m2891 26 36 37 40 46 1346 1837 2036 2037 2040 2336 2337 
m1560 46 2346 4846 
m491 13 16 38 46 1913 1916 1946 2313 2316 3313 
m2212 12 41 46 641 2062 2091 2096 2312 2341 2346 
m596 20 40 48 1040 2040 2420 2440 
m256 22 23 30 36 40 41 46 1122 1123 1130 1136 1140 1141 1146 1180 1522 1523 1536 1540 1546 1822 1823 1830 1836 1840 1841 1846 2022 2023 2030 2036 2040 2041 2046 2072 2086 2090 2322 2323 2330 2340 4823 4846 
m1548 14 38 46 1914 1946 2314 2346 4814 
m2657 6 14 32 36 314 332 732 1806 1814 1832 
m2961 23 30 36 40 1180 1186 1523 1530 1536 1540 1830 2023 2030 2036 
m417 5 23 38 45 46 1155 1945 1946 2255 2273 2305 2323 2345 2346 4823 
m1457 22 23 36 40 41 1123 1136 1140 1141 1173 1186 1190 1823 1836 2023 2036 2040 2072 2073 2086 2090 2091 3686 4323 
m401 14 22 31 36 46 731 736 1114 1136 1146 1846 2314 2331 2346 3246 4331 4836 
m645 46 2346 
m1905 22 23 36 40 41 1122 1123 1136 1140 1141 1172 1173 1822 1823 1836 1840 1841 2022 2023 2036 2040 2041 2072 2073 3673 4586 
m2061 14 40 46 2014 2046 2314 2346 4814 
m247 22 23 27 30 36 40 46 49 1122 1123 1130 1136 1140 1146 1149 1172 1173 1180 1186 1190 1199 1372 1373 1380 1386 1399 1522 1523 1530 1536 1540 1546 1549 1822 1823 1830 1836 1840 1846 1849 2022 2023 2027 2030 2036 2040 2046 2322 2327 2330 2336 2340 2346 2349 2472 2473 2480 2486 2496 3696 4823 
m798 23 36 38 49 1186 1923 1936 1938 1949 2473 2486 
m1977 5 37 46 1855 2305 2337 2346 4837 
m699 22 30 38 46 1122 1146 1922 1930 1938 1946 2330 2346 
m2066 13 23 36 46 49 1813 1823 1846 1849 2313 2346 2463 2473 2496 3663 4813 4823 
m1476 22 23 30 36 40 46 49 1172 1173 1190 1196 1522 1523 1536 1546 1549 1822 1823 1840 2022 2023 2046 2322 2472 2473 2486 2490 2496 3696 4323 4346 
m2670 46 49 2346 2349 
m1274 22 44 46 1122 1144 1146 2322 2344 2346 4846 
m492 22 38 1122 1922 
m2884 22 40 46 1122 1140 1146 2340 2346 
m725 6 14 32 36 49 706 714 732 736 749 1606 1636 1806 2456 2482 2486 
m2160 14 40 46 2014 2040 2046 2314 2346 4814 
m568 22 30 37 41 46 1130 1137 1141 1146 1537 1541 1546 2087 2096 2322 2330 2337 2341 2346 4837 
m209 23 26 30 33 40 46 49 1180 1323 1333 1340 1346 1673 1680 1696 2023 2030 2033 2046 2330 2476 2480 2483 2490 2496 4823 
m2671 38 46 1946 2346 
m1080 36 46 49 2486 2496 4836 4846 
m1380 12 30 45 46 49 645 1512 1530 1545 1546 2295 2345 2346 2480 2496 2499 4812 
m2098 14 22 36 41 46 714 722 736 741 1822 1836 1841 2072 2314 2322 2336 2341 3236 4314 4586 4814 
m2055 14 40 46 2014 2040 2046 2314 2346 4814 
m214 22 23 30 41 46 1122 1123 1130 1141 1146 1172 1173 1180 1191 1196 1522 1523 1530 1541 1546 2072 2073 2080 2322 2323 2330 2341 2346 3673 3696 4823 
m2153 22 30 36 40 41 1122 1130 1136 1140 1141 1522 1536 1840 2036 2040 2072 2080 2086 2090 
m575 23 30 33 38 46 1180 1523 1530 1533 1546 1680 1923 1930 1933 1946 2323 2330 2333 2346 4173 4823 
m2967 37 46 2346 4837 
m1759 5 38 46 288 296 1946 
m2201 23 30 38 41 1173 1180 1523 1923 1930 1938 1941 2073 2080 2088 2091 3673 
m1701 22 30 36 40 41 46 1122 1140 1141 1146 1522 1536 1540 1822 1840 1841 1846 2022 2036 2040 2041 2046 2072 2096 2322 
m755 12 13 22 27 36 40 622 636 640 672 686 690 1112 1113 1122 1136 1140 1362 1363 1372 1386 1390 1822 2022 2036 3162 
m2404 22 30 36 1522 1536 1822 
m1906 32 36 46 49 1636 1649 1849 2332 2336 2346 2349 2486 2499 4136 4336 
m757 5 32 1605 
m2467 
m2934 22 38 46 49 1946 2322 2346 2349 2472 4846 
m306 22 23 36 40 41 1122 1123 1136 1140 1141 1172 1173 1822 1823 1836 1840 1841 2022 2023 2036 2040 2041 2072 2073 3673 4586 
m1076 22 23 30 46 1123 1130 1146 1180 1523 1546 2322 2323 2330 2346 4823 
m253 22 23 36 41 1123 1136 1141 1186 1823 2072 2073 2086 2091 3673 4586 
m1187 36 40 41 46 49 1841 2036 2040 2046 2336 2341 2346 2349 2486 2491 2496 4346 4836 4846 
m2096 22 46 49 1122 1146 1149 2346 2349 
m2558 26 39 46 1326 1339 1346 1976 2326 4496 
m1631 23 38 45 46 1196 1923 1945 1946 2273 2296 2323 2346 3696 4823 
m1618 12 36 38 41 46 641 1841 1912 1936 1938 1941 1946 2062 2086 2091 2096 2312 2336 2341 4312 
m1212 23 30 36 41 1173 1523 1823 1830 2073 2080 3673 4323 4586 
m2008 23 37 46 49 2323 2473 2487 2496 3687 4837 
m142 11 23 30 41 1161 1173 1180 1511 1523 1530 2061 2073 2080 3673 
m2886 38 45 46 1938 1945 1946 2345 
m1593 30 36 38 1530 1538 1838 1930 1936 1938 4036 4330 
m1221 36 40 46 49 1836 1840 1846 1849 2036 2040 2046 2049 2336 2340 2346 2349 2486 2490 2496 4346 
m2435 22 36 37 40 46 1136 1137 1140 1146 1840 1886 1890 1896 2036 2037 2040 2046 2336 2340 2346 4346 4837 
m453 14 32 49 732 2464 
m1042 22 23 30 40 41 1140 1190 1523 1530 1540 2022 2023 2030 2072 2090 
m2576 13 22 38 672 1113 1138 1913 1922 
m1137 29 
m2074 22 36 46 49 1122 1146 1149 1822 1846 1849 2472 2496 
m2720 22 23 30 41 1123 1141 1172 1173 1191 1522 1523 1541 2072 2073 2080 2091 3673 
m2711 36 41 1836 1841 2086 2091 4586 
m1864 23 30 38 1180 1188 1523 1538 1938 3673 
m1646 22 23 36 40 41 1123 1136 1140 1141 1173 1186 1190 1823 1836 2023 2036 2040 2072 2073 2086 2090 2091 3686 4323 
m2858 14 22 44 46 1114 1144 1146 2214 2246 2314 2322 2344 2346 3246 4846 
m149 23 36 40 46 49 1190 1840 1846 2023 2036 2040 2046 2049 2323 2336 2340 2346 2349 2473 2486 2490 2496 3696 4323 4346 4823 4836 
m1911 30 36 38 40 46 1830 1930 1936 1940 1946 2030 2036 2046 2330 2336 2340 2346 4836 
m972 12 36 46 49 646 649 1849 2336 2346 2349 3136 4812 
m508 22 23 36 40 1122 1123 1136 1140 1173 1823 2023 2036 3673 
m2742 22 23 36 40 41 1122 1123 1136 1140 1141 1172 1173 1186 1822 1823 1836 1840 1841 2022 2023 2036 2040 2041 2072 2073 2086 2090 3673 4586 
m2293 
m548 22 37 38 46 49 1137 1146 1899 1922 1937 1938 1946 1949 2349 4396 
m1521 22 46 1122 1146 
m1558 11 13 22 46 563 572 596 696 1111 1113 1122 1146 
m2921 5 13 38 45 46 655 1913 1946 2263 2288 2296 2305 2313 
m2564 22 38 46 1146 1922 1938 1946 2346 
m1121 22 23 36 40 41 1123 1136 1140 1141 1173 1823 1836 1840 1841 2023 2036 2040 2041 2072 2073 2086 2090 2091 3686 4323 
m1350 5 13 26 33 41 46 655 696 1305 1313 1326 1333 1341 1346 1655 1676 1691 1696 2055 2063 2096 2305 4163 
m2889 14 22 38 46 49 722 749 1914 1938 1946 1949 2314 2322 2338 2346 2349 2472 4814 
m2437 22 23 32 38 46 1123 1146 1182 1196 1922 1923 1932 1946 2332 
m1427 14 21 40 714 721 740 2014 2021 
m2835 41 
m1930 6 36 43 336 1806 1836 1843 2186 2843 
m781 36 40 46 1836 1840 1846 2036 2040 2046 2336 2340 4846 
m1622 26 36 37 46 49 1336 1337 1346 1349 1837 1846 1849 2476 2486 2487 2496 2499 4837 
m513 38 41 46 49 1938 1946 1949 2088 2096 2099 2341 2346 2349 
m2492 22 23 30 36 40 46 1122 1123 1130 1136 1140 1146 1172 1173 1522 1523 1530 1540 1546 1822 1823 1830 1840 1846 2022 2023 2030 2036 2040 2046 2322 2323 2330 2340 2346 3696 4823 
m2175 14 22 40 46 714 746 1114 1146 2014 2022 2046 2314 2346 3246 4814 
m1605 33 34 38 40 46 1690 1696 1733 1734 1738 1746 1933 1938 1946 2333 2338 2340 2346 
m94 22 23 30 46 1122 1123 1130 1146 1523 1530 1546 2330 2346 3696 4823 
m590 10 26 32 46 526 532 546 1310 1326 1332 1346 1610 1626 1632 1646 2310 2326 2332 2346 
m1276 22 44 46 1122 1144 1146 2322 2344 2346 4846 
m174 37 46 1896 2337 2346 4846 
m2288 14 23 30 46 730 1180 2314 2323 2330 2346 3223 4814 4823 
m804 14 23 38 46 1164 1196 1914 1923 1946 4814 
m1721 36 38 41 46 1841 1936 1941 1946 2086 2091 2336 2341 
m2286 10 21 36 46 521 536 546 1821 2321 2346 4836 
m2227 14 38 46 49 746 749 1914 1938 1946 1949 2346 2349 
m1189 14 26 33 726 1314 1326 1333 1664 1676 1683 3233 
m2935 22 32 38 46 1146 1922 1932 1938 1946 2332 2346 
m2322 23 30 36 40 49 1180 1199 1549 1823 1830 1836 1840 1849 2023 2030 2036 2040 2049 2473 2480 2486 2490 
m1898 13 22 32 36 37 40 672 686 690 1113 1122 1136 1137 1140 1613 1622 1636 1637 1822 1872 1886 1890 2022 2036 3187 
m1450 38 46 1946 2338 2346 
m2963 33 44 49 1694 1699 2494 
m1390 5 13 33 38 46 263 283 1905 1913 1933 1938 1946 2305 2313 2333 3183 
m2941 22 23 30 36 41 1123 1130 1136 1141 1186 1191 1523 1536 1841 2073 2080 2091 3673 4323 4586 
m834 22 23 30 40 46 1122 1123 1130 1140 1146 1180 1196 1523 1530 1546 2022 2023 2030 2046 2330 3673 4823 
m1850 23 30 36 41 1523 1823 1830 2073 2080 3673 4323 4586 
m965 22 36 40 41 1141 1822 1836 1841 2036 2041 2072 2086 2091 4586 
m1581 12 13 22 32 36 40 622 636 640 672 686 690 1112 1113 1122 1136 1140 1612 1613 1622 1636 1640 1822 2022 2036 3162 
m2656 45 46 2345 
m803 12 23 30 38 41 46 641 1191 1512 1523 1541 1546 1912 1923 1930 1941 1946 2341 3662 4812 4823 
m1809 30 38 1930 1938 
m1856 14 40 45 46 745 2014 2040 2046 2314 2345 2346 3214 4814 
m2111 14 29 31 36 49 729 731 736 1579 1586 1814 1829 1831 1836 1849 2464 2479 2481 2486 3236 4086 4336 
m2950 23 30 40 1180 1523 1530 2023 2030 
m673 23 30 45 46 1180 1195 1196 2280 2296 2330 2345 2346 3696 4823 
m450 22 23 24 40 46 1123 1124 1140 1146 1190 1240 1246 2023 2024 2040 2046 2340 3696 3723 
m1449 12 14 22 45 46 49 645 712 745 1112 1114 1146 2314 2345 2346 2462 2464 2472 2496 3146 3246 4812 
m1101 
m2767 32 46 2332 
m686 22 36 37 40 46 1122 1136 1137 1140 1146 1822 1837 1840 1846 2022 2037 2040 2046 2322 2337 2346 4837 
m85 23 32 45 46 1182 2273 2282 2296 2323 2332 2346 4823 
m2027 22 23 30 36 40 41 46 1122 1123 1130 1136 1140 1141 1146 1191 1523 1536 1541 1546 1841 1846 2023 2030 2036 2040 2041 2046 2072 2341 3696 4323 
m1925 22 30 46 1522 1546 2322 4846 
m2117 22 37 49 1122 1137 1149 1872 1899 2472 2487 2499 
m1537 26 32 36 38 46 1332 1336 1346 1832 1926 1932 1936 1946 2332 2336 2346 4836 
m2630 5 13 23 30 33 263 273 280 283 673 680 1173 1180 1513 1523 1533 1673 1680 3183 3673 
m2677 22 23 45 1123 1173 1195 3673 
m1536 33 36 38 46 49 1683 1686 1688 1696 1699 1833 1846 1933 1936 1946 1949 2333 2336 2338 2346 2349 2483 2486 2496 4833 
m2208 22 30 36 1130 1822 1830 
m1399 22 30 36 40 45 1122 1136 1140 1522 1536 1540 1836 1840 2022 2036 2040 2280 
m334 30 36 37 40 46 1536 1537 1540 1546 1837 1840 1846 1890 2037 2046 2340 4396 
m1761 22 36 40 41 1136 1140 1141 1836 1840 1841 2036 2040 2086 2090 2091 4586 
m2716 5 12 41 45 46 296 2055 2062 2096 2255 2291 2296 2341 2345 4812 
m376 22 23 36 40 1123 1136 1140 1173 1186 1190 1823 1840 2023 2036 3673 4323 4336 
m1539 22 36 40 41 1136 1140 1141 1836 1841 2036 2041 2086 2090 2091 4586 
m648 22 23 1122 1123 1173 3673 
m668 23 36 38 40 41 1823 1840 1923 1936 2023 2036 2073 2086 2088 2090 4323 4336 4586 
m158 22 23 1123 1172 1173 3673 
m73 23 30 36 49 1180 1523 1530 1549 1823 1830 1836 1849 2473 2480 2486 2499 
m404 23 36 41 46 1836 1841 1846 2073 2086 2323 2341 4323 4836 
m283 13 38 688 1913 1938 
m482 13 38 46 1913 1946 2313 
m1199 26 36 46 1336 1346 2336 2346 4836 
m1788 14 26 46 49 1314 1346 1349 2346 2464 2496 4814 
m2568 22 46 1122 1146 2322 2346 4846 
m2057 14 40 46 2014 2040 2046 2314 2346 4814 
m2457 12 45 46 645 2345 4812 
m22 14 37 46 49 2314 2337 2346 2496 4364 
m2794 28 36 38 1438 1838 1928 1936 4328 
m2448 22 32 46 48 1132 1146 2332 2422 2432 2446 4846 
m1961 22 32 36 37 40 1122 1132 1136 1137 1140 1637 1832 1837 1840 2032 2037 
m1211 46 2346 
m873 14 46 49 2314 2346 2464 2496 4814 
m1303 13 38 46 688 1913 1938 1946 2313 2338 
m343 23 30 40 46 1190 1196 1523 1530 1540 1546 2040 2046 2340 
m1797 22 37 40 46 1122 1137 1140 1146 1872 2022 2037 2046 2322 2337 2340 2346 4396 
m1184 44 46 2344 2346 
m1360 22 23 38 46 1172 1922 1923 1938 1946 2322 2323 2346 
m1785 30 36 38 46 1536 1546 1838 1930 1936 1946 2338 4346 
m1859 22 37 46 49 1137 1146 1899 2346 2349 2496 4396 4837 
m55 23 30 46 1180 1523 1530 2330 4823 
m2456 12 13 36 46 613 646 2313 2336 2346 3136 4313 4812 4813 
m1697 22 38 46 1138 1146 1922 1938 1946 2322 2338 
m432 12 13 22 36 40 622 636 640 672 686 690 1112 1113 1122 1136 1140 1822 2022 2036 3162 
m100 13 20 22 33 36 38 40 1013 1022 1033 1036 1038 1040 1113 1122 1133 1136 1138 1140 1813 1833 1838 1840 1913 1933 2013 2033 2038 4163 
m2705 14 46 746 4846 
m1294 14 37 38 46 737 738 746 1888 1896 2338 
m848 36 46 2336 2346 4346 4836 
m2110 14 22 23 30 40 45 46 714 746 1114 1145 1146 1164 1172 1190 1195 1196 1514 1522 1523 1530 1540 1545 1546 2014 2022 2023 2030 2040 2045 2046 2264 2296 2314 3664 
m2138 3 30 33 41 46 180 196 1653 1680 2053 2080 2083 2096 2330 4196 
m1462 37 46 49 2346 2487 2496 4837 
m1958 22 23 36 40 46 49 1123 1136 1140 1146 1149 1190 1822 1840 2023 2036 2040 2046 2049 2322 2336 2340 2346 2472 2473 2486 2496 3696 4323 4346 4823 
m2721 13 38 1913 1938 
m2151 22 30 40 46 1122 1130 1140 1146 2022 2030 2040 2046 2322 2330 2340 2346 
m2194 22 23 46 1123 1146 1196 2322 2323 4846 
m2320 8 46 49 408 446 449 2349 
m2311 23 38 1923 
m2743 13 38 46 1913 1938 1946 2313 
m610 14 22 30 38 46 730 1114 1130 1138 1146 1914 1930 1946 2330 3246 
m1782 14 32 42 46 732 2114 2132 2314 2332 2342 
m1495 22 23 30 36 40 41 46 1122 1123 1130 1136 1140 1141 1146 1173 1186 1190 1522 1523 1536 1540 1541 1823 1836 1840 1841 2023 2036 2040 2041 2073 2086 2090 2322 2323 2330 2336 2340 2341 2346 3673 3686 4323 4336 
m428 14 32 46 732 2332 4814 
m2495 13 16 22 36 40 672 686 690 822 836 840 1113 1116 1122 1136 1140 1822 2022 2036 3166 
m157 22 
m1148 14 23 36 38 46 49 1164 1814 1823 1838 1846 1849 1914 1923 1946 1949 2323 2464 2473 2496 4814 
m2352 12 22 36 46 622 636 646 1136 1812 1836 1846 2322 2336 2346 4336 4812 4836 
m877 32 36 46 1832 2332 2336 2346 4836 
m2393 26 32 36 46 1326 1332 1336 1346 1832 2332 2336 2346 4836 
m1172 22 36 40 46 1136 1140 1146 1846 2022 2036 2040 2046 4336 4346 
m1283 5 23 30 46 273 280 296 1180 1505 1523 1546 2305 2323 2330 2346 4823 
m168 9 23 30 46 1159 1509 1523 1546 2309 2323 2346 4823 
m1868 13 22 36 38 40 45 1113 1136 1138 1140 1145 1813 1840 1913 1936 1940 2013 2263 2286 2288 2290 
m2021 22 23 36 38 41 1122 1123 1136 1138 1141 1922 1923 1936 1938 1941 2073 3686 4586 
m747 23 
m989 41 46 2341 
m2662 22 23 36 40 41 1122 1123 1136 1140 1141 1172 1173 1186 1190 1191 1823 1840 1841 2023 2040 2041 3673 
m74 26 36 46 1336 1346 4836 4846 
m1974 36 40 46 49 1840 1846 1849 2036 2040 2046 2049 2340 2346 2486 2490 2496 4336 4346 4846 
m2820 22 36 40 41 1136 1141 1836 1840 1841 2036 2041 2072 2086 2090 2091 4586 
m744 12 38 41 46 1912 1941 1946 2062 2091 2096 2312 
m2537 26 32 36 38 46 1332 1336 1346 1832 1926 1932 1936 1946 2332 2336 2346 4836 
m2345 22 23 30 36 40 46 1122 1123 1130 1136 1140 1146 1172 1173 1180 1522 1523 1530 1822 1823 1830 1846 2022 2023 2030 2036 2046 2322 2323 2330 3673 4823 
m941 30 36 40 46 1830 2030 2036 2330 2336 2340 2346 4836 
m1161 17 38 40 46 888 1917 1946 2017 2038 2046 2338 4817 
m2503 12 14 40 46 646 2012 2014 2046 2314 2346 3114 4812 
m1348 22 23 30 38 46 1123 1130 1146 1180 1523 1546 1922 1923 1930 1938 1946 2330 4823 
m583 22 23 30 36 40 46 1122 1123 1130 1136 1140 1146 1172 1173 1522 1523 1530 1540 1546 1822 1823 1830 1840 1846 2022 2023 2030 2036 2040 2046 2322 2323 2330 2340 2346 3696 4823 
m1571 5 36 44 46 49 286 296 1849 2205 2236 2246 2249 2346 2349 2455 2486 2494 2496 4836 
m2466 46 
m2659 6 14 32 314 332 732 
m1828 22 23 30 36 40 41 1122 1123 1130 1136 1140 1141 1172 1173 1186 1190 1191 1522 1523 1536 1541 1840 1841 2023 2036 2041 2072 2073 2086 2090 2091 3673 3686 4323 4336 4586 
m2625 22 27 46 1122 1127 1146 1377 2327 2346 
m2833 22 23 46 1122 1123 1146 2346 3696 4823 
m2738 37 1887 
m243 14 32 46 714 732 746 1614 1646 4814 
m1026 22 23 30 36 38 41 1122 1123 1130 1136 1138 1172 1173 1522 1523 1822 1823 1830 1838 1922 1923 1930 2072 2073 2080 2088 3673 4586 
m1712 3 30 37 46 153 180 187 196 1503 1530 1537 1546 1853 1880 2303 2330 2337 2346 4803 
m2769 23 30 1173 1180 1523 1530 3673 
m2915 16 22 36 40 822 836 840 1116 1122 1136 1140 1822 2022 2036 
m1437 22 23 30 45 1123 1173 1180 1523 2272 2273 3673 
m523 13 33 38 46 1913 1933 1946 2313 2333 2338 2346 4163 
m1589 23 30 36 40 41 49 1186 1190 1199 1523 1530 1536 1540 1549 1823 1836 1840 1849 2073 2080 2086 2090 2099 2490 3686 4336 
m2379 14 38 1914 
m867 36 37 40 46 1837 1846 2036 2037 2040 2046 2337 2346 4346 4837 
m1695 33 38 46 1688 1933 1938 1946 2338 4196 
m2039 36 38 40 46 49 1936 1938 1940 1946 2036 2046 2049 2346 2349 2486 4836 
m1988 22 36 40 46 48 1136 1140 1146 1848 2036 2040 2046 2336 2340 2346 2348 4336 4836 
m2030 22 23 30 36 40 41 46 1122 1123 1130 1136 1140 1141 1146 1191 1522 1523 1536 1541 1546 1841 1846 2023 2030 2036 2040 2041 2046 2072 2080 2341 3696 4323 
m1494 30 38 41 46 1930 1941 1946 2080 2096 2330 2341 2346 
m413 32 36 46 1636 2332 2336 2346 4332 4336 4836 
m756 22 37 40 46 1137 1146 2022 2037 2046 2337 2346 4837 
m2272 22 23 36 40 41 1122 1123 1136 1140 1141 1172 1173 1822 1823 1836 1840 2022 2023 2036 2040 2072 2073 2086 2090 3673 4586 
m202 22 23 30 36 40 41 46 1130 1146 1541 1546 1836 1841 2023 2036 2041 2073 2086 2323 2336 2340 2341 3686 4323 4591 
m2959 14 22 36 38 46 722 1814 1822 1914 1936 1946 2314 2322 2336 2346 4814 
m2010 22 23 41 1122 1123 1141 1172 1173 1191 2072 2073 2091 3673 
m445 22 23 30 36 40 41 46 49 1122 1123 1130 1136 1140 1141 1146 1172 1173 1180 1186 1190 1196 1523 1530 1536 1540 1546 1822 1823 1830 1836 1840 1841 1846 1849 2022 2023 2030 2036 2040 2041 2046 2049 2072 2073 2080 2086 2090 2096 2330 2346 2472 2473 2486 2490 2491 3696 4336 4346 4823 
m416 36 40 41 1836 1840 1841 2036 2040 2041 2086 2090 2091 
m2156 23 30 1173 1180 1523 1530 
m2714 22 30 36 40 41 1136 1141 1536 1540 1541 1822 1836 1840 1841 2022 2036 2040 2041 2086 4336 4586 
m1578 22 23 30 36 40 46 1122 1123 1130 1136 1140 1146 1172 1173 1522 1523 1530 1540 1546 1822 1823 1830 1840 1846 2022 2023 2030 2036 2040 2046 2322 2323 2330 2340 2346 3696 4823 
m2690 23 30 36 41 49 1173 1180 1186 1199 1523 1530 1823 1830 1849 2073 2080 2086 2099 2473 2480 3673 
m2230 12 22 23 27 30 41 46 641 1112 1123 1127 1130 1141 1146 1173 1191 1362 1372 1373 1380 1391 1512 1522 1523 1527 1530 1541 2062 2072 2073 2077 2080 2091 2312 2322 2323 2327 2330 2341 3123 3662 4823 
m901 32 46 1646 2332 2346 
m479 22 36 40 46 49 1122 1136 1140 1146 1822 1840 1846 1849 2022 2036 2046 2322 2336 2340 2346 2349 2486 2490 2496 4336 4346 4836 
m2867 14 44 46 49 744 746 2344 2464 2494 2496 
m710 14 22 46 722 2314 2322 2346 4814 
m242 30 36 38 46 1830 1936 1946 2330 2336 2346 4836 
m223 22 37 40 46 1137 1140 1146 1890 2022 2037 2040 2046 2337 2340 2346 4837 
m2139 23 36 40 41 46 1191 1823 1836 1841 1846 2023 2036 2040 2041 2046 2323 2336 2341 2346 3686 4341 4346 4823 
m480 14 26 32 46 1314 1346 1626 1646 2314 2346 4814 
m13 13 38 688 1913 1938 
m1358 22 36 40 46 1136 1140 1146 1840 2336 2340 4336 4836 
m2605 22 36 40 1122 1822 1836 1840 2022 2036 2040 
m1362 14 40 46 714 740 746 2014 2046 2314 2340 2346 4814 
m768 23 36 38 40 41 46 1823 1838 1841 1923 1941 1946 2023 2036 2038 2040 2041 2046 2073 2323 2341 4346 
m171 37 40 46 1890 2037 2040 2046 2337 2340 2346 4396 
m2946 22 23 36 40 46 49 1172 1822 1836 1840 1846 2022 2023 2036 2040 2046 2049 2322 2323 2336 2340 2346 2349 2473 2486 2490 2496 3696 4323 4346 4823 4836 
m2695 22 26 33 1122 1126 1133 1676 
m130 13 33 40 690 1690 4163 
m2410 23 24 40 46 1190 1240 1246 2023 2024 2040 2046 2323 2324 2340 3696 3723 
m2236 14 40 46 49 2014 2040 2046 2314 2346 2464 2490 2496 4814 
m2910 12 46 646 2312 2346 3146 4846 
m1528 37 49 1899 2487 
m153 23 36 41 49 1191 1823 1836 1841 1849 2473 2486 2491 3686 4323 4336 4341 
m704 22 23 30 46 1122 1123 1130 1146 1180 1523 1530 1546 2323 2330 3673 4823 
m461 46 2346 
m2747 14 22 36 40 46 49 722 1814 1822 1846 1849 2014 2036 2046 2322 2336 2349 2464 2472 4336 4814 
m1057 38 41 46 1941 1946 2341 
m1614 12 36 38 41 46 641 1841 1912 1936 1938 1941 1946 2062 2086 2091 2096 2312 2336 2341 4312 
m238 22 30 38 39 46 1130 1138 1139 1146 1930 1938 1939 1946 1980 2330 2339 2346 4839 
m594 22 37 46 1872 1896 2322 2346 4837 
m2759 23 30 1523 
m1107 36 37 46 1837 2336 2337 4336 4337 
m276 26 38 46 1338 1346 2338 2346 
m1296 11 13 22 33 36 40 661 1113 1122 1133 1136 1140 1661 1811 1813 1833 1840 2011 2013 2033 4163 
m328 14 30 46 730 2330 4814 
m2499 22 23 30 36 40 41 1122 1123 1130 1136 1140 1173 1522 1523 1536 1822 1823 1830 1836 2022 2023 2030 2036 2072 2073 2080 2086 2090 2091 3673 4323 4586 
m2314 13 38 1913 1938 
m2619 22 23 36 41 1122 1123 1172 1173 1822 1823 1841 2072 2073 2091 3673 4586 
m2932 22 44 45 46 1146 2272 2294 2296 2344 2346 4846 
m1801 5 11 32 36 37 46 286 287 296 555 586 587 596 1605 1611 1636 1637 1646 1855 1861 1886 1887 1896 2305 2311 2332 2336 2337 2346 4337 4837 
m309 22 23 30 38 40 41 1140 1523 1530 1538 1923 1930 2022 2023 2030 2040 2072 2090 
m1255 
m1460 13 38 46 1913 1938 1946 2313 
m1183 22 23 36 41 1122 1123 1172 1173 1822 1823 2072 2073 3673 4586 
m1222 22 36 37 40 46 1122 1136 1137 1140 1146 1837 2036 2037 2040 2046 2322 2336 2337 2340 2346 4346 4396 
m2975 22 36 41 1136 1141 1841 2072 2086 2091 4586 
m464 32 46 1632 1646 2332 2346 
m720 22 36 40 41 45 1122 1136 1140 1141 1145 1822 1836 1840 1845 2022 2036 2040 2045 2072 
m2805 22 23 36 37 40 1122 1123 1136 1137 1140 1172 1173 1822 1823 1837 1840 1872 1873 2023 2036 2037 2040 3673 
m2561 23 30 36 40 41 1173 1523 1536 1540 1823 1830 1836 1840 2023 2030 2036 2040 2073 2080 2086 2090 3673 4323 4586 
m84 5 23 24 40 46 273 274 290 1190 1240 1246 2023 2024 2040 2046 2340 3696 3723 
m290 22 32 46 1122 1132 1146 1632 2322 2332 2346 
m2550 14 22 32 732 1114 1132 
m2155 23 36 46 49 1196 1199 1846 1849 2346 2496 3686 
m2063 22 23 36 46 1122 1123 1136 1146 1173 1822 1823 1846 2323 3673 4823 
m1716 46 49 2346 2349 2496 
m1922 11 13 22 36 38 40 563 572 586 588 590 1113 1136 1138 1140 1813 1840 1913 1936 1940 2013 
m1052 22 23 1123 
m2269 22 23 36 40 41 1122 1123 1136 1140 1141 1172 1173 1822 1823 1836 1840 1841 2022 2023 2036 2040 2041 2072 2073 3673 4586 
m2056 14 40 46 2014 2040 2046 2314 2346 4814 
m2072 12 41 46 2062 2091 2096 2312 2346 4812 
m2639 22 36 40 46 1146 1822 1846 2022 2036 2040 2046 2346 4346 
m2355 8 41 46 49 408 446 449 2058 2096 2308 2341 2346 2349 2458 2496 
m1142 5 13 22 26 33 36 40 655 1113 1122 1126 1133 1136 1140 1313 1333 1655 1663 1683 1805 1813 1826 1833 1840 2005 2013 2026 2033 4163 
m138 46 2346 
m2387 22 30 46 1122 1130 1146 2322 2330 2346 
m1576 13 22 32 36 40 672 686 690 1113 1122 1136 1140 1613 1622 1636 1640 1822 2022 2036 
m1677 5 23 30 40 46 1155 1180 1505 1523 1530 1546 2005 2023 2030 2040 2046 2305 2323 2330 2340 4846 
m1765 23 30 46 1180 1523 1546 2330 2346 4823 
m1398 22 23 30 36 40 41 1122 1123 1130 1136 1140 1141 1180 1186 1190 1522 1523 1536 1540 1541 1822 1830 1836 1840 1841 2022 2023 2030 2036 2041 2080 2086 
m1086 6 14 36 46 49 314 706 714 736 746 749 1806 1814 1846 2306 2456 2464 2486 2496 4814 
m97 13 22 36 45 46 49 699 1113 1136 1849 2286 2295 2296 2313 2322 2336 2349 3186 
m1713 22 23 30 41 1122 1123 1130 1172 1173 1180 1522 1523 1530 2072 2073 2080 3673 
m2417 22 41 46 1122 1141 1146 2341 
m70 22 36 41 1122 1136 1141 1822 2072 2086 2091 4586 
m1709 22 36 40 45 1122 1136 1140 1145 1836 1840 1845 2036 2040 2045 2286 2290 
m387 23 30 36 40 41 49 1190 1523 1530 1540 1541 1823 1830 1836 1840 1841 1849 2073 2080 2090 2473 2480 2486 2490 2491 2499 
m1608 3 22 23 36 40 41 46 172 186 190 1122 1136 1140 1146 1191 1822 1823 1836 1840 1841 1846 2022 2023 2036 2040 2041 2046 2323 2336 2341 2346 3686 4336 4341 4346 4823 
m2135 22 37 45 46 49 1122 1137 1145 1146 1895 2322 2345 2346 2472 2487 2495 2496 4396 4837 
m1913 5 14 46 264 296 2314 2346 4814 
m2976 22 23 36 40 1122 1123 1136 1140 1172 1173 1186 1190 1822 1823 1836 1840 2022 2023 2036 2040 3673 3686 4323 
m2908 22 23 30 36 37 40 41 46 49 1123 1130 1137 1141 1146 1190 1191 1523 1537 1541 1546 1822 1823 1830 1836 1837 1840 1846 1873 1890 1891 1896 2022 2030 2036 2037 2040 2041 2046 2086 2091 2099 2340 2341 2346 2486 2490 2499 4396 4823 
m935 6 43 4656 
m2871 36 46 2336 
m1570 22 23 36 40 41 1122 1136 1140 1141 1173 1186 1190 1823 1836 1840 1841 2022 2023 2036 2040 2041 2073 2086 2090 2091 3686 4323 
m2699 14 36 40 46 1814 1840 1846 2014 2036 2040 2046 2314 2346 4346 4814 4846 
m765 36 38 46 1838 1846 2338 2346 4836 
m1954 23 40 44 46 1173 1194 1196 2023 2040 2044 2046 2323 2344 2346 3696 4823 
m2813 22 23 30 1122 1123 1130 1172 1173 1180 1522 1523 1530 
m20 30 41 46 2080 2096 2330 2341 2346 
m811 14 22 26 46 714 722 726 746 1114 1122 1126 1146 1314 1322 1346 2314 2322 2326 2346 3246 
m301 22 23 1123 
m2726 12 36 46 49 612 636 646 649 1812 1849 2312 2336 2346 2349 2462 2486 2496 2499 4812 
m1225 23 24 40 46 1190 1240 1246 2023 2024 2040 2046 2340 3696 3723 
m2570 16 36 3336 
m1365 26 37 46 1337 1346 2337 2346 4837 
m1818 13 22 25 46 1113 1125 1146 1263 1296 2313 
m154 22 36 38 46 1822 1936 1946 2322 2336 2346 4836 
m448 33 36 45 46 1686 1695 1845 2333 2345 4836 
m1413 22 38 45 46 49 1138 1145 1146 1922 1938 1945 1946 1949 2296 2299 2349 
m527 22 23 30 36 40 41 46 1122 1123 1130 1136 1140 1141 1146 1180 1522 1523 1536 1540 1546 1822 1823 1830 1836 1840 1846 2022 2023 2030 2036 2040 2046 2072 2086 2090 2322 2323 2330 2340 4823 4846 
m1889 30 36 38 40 46 1830 1930 1936 1940 1946 2030 2036 2046 2330 2336 2340 2346 4836 
m2068 5 23 24 40 41 46 273 274 290 291 296 1190 1240 1246 2023 2024 2040 2046 2073 2074 2090 2096 2340 3696 3723 
m361 28 46 1428 2328 2346 
m2305 22 23 36 41 1123 1136 1141 1191 1823 1841 2073 2091 3673 4323 4586 
m2697 14 23 38 46 49 1196 1914 1923 1946 1949 2464 2473 2496 3664 4814 
m632 22 40 44 46 1146 2022 2044 2046 2344 2346 4846 
m2846 22 23 36 38 40 41 1122 1123 1136 1140 1172 1822 1823 1836 1840 1922 1923 1936 1941 2023 2036 2072 2073 2086 2088 2090 2091 3673 4323 4586 
m2936 22 23 36 40 46 1123 1136 1140 1146 1172 1822 2022 2023 2036 2040 2046 2322 2323 2336 2340 2346 4323 4836 
m1564 22 23 36 40 46 49 1122 1123 1136 1172 1822 1823 1836 1849 2023 2036 2040 2046 2049 2322 2323 2336 2349 2472 2473 2486 4323 4336 4346 4836 
m83 36 40 46 49 1840 1846 1849 2036 2040 2046 2049 2336 2340 2346 2486 2496 4336 4346 4846 
m593 37 46 1896 2346 4837 
m1948 2 22 36 40 41 122 136 140 1136 1140 1141 1822 1836 1840 1841 2036 2041 2636 
m2028 5 32 36 38 46 49 282 286 288 296 1632 1638 1646 1838 1846 1932 1936 1946 2332 2338 2346 2455 2482 2486 2488 2496 4136 4332 4836 
m2701 22 30 36 40 41 1136 1141 1522 1536 1540 1541 1822 1836 1840 1841 2022 2036 2040 2041 2086 4336 4586 
m1233 14 40 46 740 746 2014 2040 2046 2314 2340 2346 4814 
m1587 36 46 49 1849 2336 2349 2486 2499 
m2007 26 32 36 46 1332 1336 1346 1832 2332 2336 2346 4836 
m780 23 30 46 1180 1196 2323 2330 2346 3673 4823 
m1535 22 24 1124 
m1452 27 38 46 1927 1946 2327 
m59 22 32 36 40 46 49 1136 1140 1146 1149 1640 1646 1832 1836 1840 1846 2032 2036 2040 2046 2049 2332 2336 2340 2346 2349 2486 2496 4136 4346 
m732 6 36 42 46 49 2306 2336 2342 2456 2486 2492 2496 2836 4606 4636 
m1722 22 23 36 40 41 1122 1123 1136 1140 1141 1173 1823 1836 1840 1841 2023 2036 2040 2041 2072 2073 2086 2090 2091 3686 4323 
m137 22 23 38 46 1123 1138 1146 1172 1173 1922 1923 1938 1946 2322 2323 3673 4823 
m1180 46 49 2346 2349 4846 
m2189 22 46 1122 1146 2322 2346 
m28 23 46 2323 2346 4823 
m2327 41 46 2091 2096 2341 
m1465 22 23 36 45 1172 1822 2272 2273 2286 4323 
m945 22 23 36 41 1123 1136 1141 1172 1173 1822 1823 2072 2073 3673 4586 
m795 34 1734 
m1669 26 38 46 1926 1938 1946 2326 
m1588 22 40 44 46 1146 2022 2044 2046 2344 2346 4846 
m1206 22 36 46 1136 1146 2346 4836 
m57 32 37 1882 
m932 22 46 49 1122 1146 1149 2349 2472 2496 
m1175 23 30 36 40 41 1173 1180 1186 1190 1191 1523 1823 1830 1836 1841 2023 2030 2036 2073 2080 2086 2090 2091 3673 4323 4586 
m2035 22 36 38 40 1122 1136 1138 1140 1836 1838 1840 1936 1938 2036 2038 2040 
m1917 22 30 36 40 41 46 1122 1130 1136 1140 1141 1146 1830 2022 2030 2036 2040 2046 2072 2090 2096 2330 2336 2340 4836 4846 
m1353 5 30 37 38 46 280 1855 1880 1896 1905 1930 1937 1946 2305 2330 
m2436 36 37 40 46 1836 1837 1840 1846 2036 2037 2040 2046 2337 2346 4346 4837 
m1317 22 23 30 45 46 1123 1130 1145 1146 1196 1523 1545 1546 2273 2296 2346 
m1986 14 
m1967 41 2091 
m1874 22 45 1145 2272 2295 
m260 23 30 40 46 1180 1523 1530 1546 2023 2030 2046 2323 2330 
m1596 30 36 38 1530 1536 1538 1830 1836 1838 1930 1936 1938 4036 4330 
m2636 12 23 30 46 1162 1196 1512 1523 1530 1546 2312 2330 2346 3696 4812 4823 
m551 36 37 40 41 1841 1886 1890 1891 2036 2041 2086 2087 2090 2091 
m2036 26 39 41 1339 1341 1991 2091 
m589 22 23 30 46 1122 1123 1130 1146 1180 1523 1530 1546 2330 4823 
m2863 3 32 37 182 187 1882 
m709 23 30 38 1180 1188 1523 1530 1538 1938 
m1230 46 2346 4846 
m291 10 26 46 1310 1326 1346 2310 2346 
m2706 22 46 1146 2322 2346 
m2321 23 30 36 49 1180 1199 1549 1823 1830 1849 2473 2480 2486 
m2632 15 22 27 38 46 777 1115 1127 1146 1915 1922 1938 1946 2315 2327 2346 
m2518 26 32 36 38 46 1332 1336 1346 1832 1926 1932 1936 1938 1946 2332 2336 2346 4836 
m1079 36 46 49 2486 2496 4836 4846 
m1139 14 22 36 40 46 722 1814 1822 1836 1846 2014 2036 2040 2046 2322 2336 2346 3236 3246 4346 4814 
m2751 6 42 4606 
m1044 22 23 36 40 41 1122 1123 1136 1140 1141 1172 1173 1822 1823 1836 1840 2022 2023 2036 2040 2072 2073 2086 2090 3673 4586 
m1084 14 32 36 41 46 1614 2064 2082 2086 2314 2332 2336 2341 4136 4314 
m483 13 38 46 1913 1938 1946 2313 
m1997 14 46 4814 
m366 12 22 36 38 40 46 612 636 1112 1122 1136 1138 1140 1146 1812 1836 1840 1846 1912 1922 1936 1938 1940 1946 2012 2022 2036 2038 2046 2312 2336 2346 3146 4812 4836 
m185 22 36 41 46 1136 1146 1846 2072 2096 2322 2336 2341 2346 4586 4836 
m2577 14 22 38 46 1114 1146 1914 1922 1938 1946 2314 2322 2346 4814 
m350 17 22 46 1117 1122 1146 2346 4817 
m1461 22 37 46 1122 1137 1146 1896 2346 4837 
m2354 12 22 23 30 46 612 622 623 630 646 1112 1122 1123 1130 1180 1512 1522 1523 1530 2312 2322 2323 2330 2346 4812 
m2264 23 30 46 1180 2323 2330 2346 
m937 23 31 45 46 49 1195 1196 1573 1595 1596 2295 2323 2345 2346 2473 2481 2496 
m1240 26 38 46 1926 1946 2326 
m1060 22 30 40 46 1122 1130 1146 2022 2046 2330 
m1087 22 23 36 40 1122 1123 1136 1140 1172 1173 1186 1190 1822 1836 1840 2022 2023 2036 2040 3673 4336 
m2170 30 46 2330 2346 4846 
m103 10 510 
m1341 34 38 40 46 1734 1934 2034 2038 2040 2046 2334 2338 2346 
m2488 22 36 40 41 1136 1140 1141 1836 1840 2036 2086 2090 4586 
m1582 22 40 46 1140 1146 2046 2322 2340 2346 
m515 22 23 30 36 40 45 46 1122 1123 1130 1136 1140 1145 1146 1172 1173 1180 1186 1190 1196 1522 1523 1530 1536 1540 1545 1546 1822 1823 1830 1845 2022 2023 2030 2036 2046 2272 2273 2280 2286 2290 2296 2322 2323 2330 2336 2340 2345 2346 3696 4346 4823 
m1082 22 44 45 46 1146 2272 2294 2296 2344 2346 4846 
m1524 22 32 46 1122 1132 1146 2332 2346 
m2796 36 40 41 1836 1840 1841 2036 2086 2090 2091 4586 
m411 5 13 33 46 263 283 2305 2313 2333 4163 
m2862 22 23 46 49 1122 1123 1146 1149 1196 1199 2322 2323 2346 2349 4846 
m1795 22 37 40 46 1122 1137 1140 1146 1890 2022 2037 2040 2046 2337 2340 2346 4837 
m1946 22 30 41 46 1130 1146 1522 1546 2072 2080 2096 2322 
m2319 37 41 46 1891 2087 2091 2096 2341 4396 
m1877 21 23 36 1071 1073 1821 4321 4323 4336 
m1590 22 36 40 1122 1136 1140 2036 
m1483 22 23 36 41 1122 1123 1136 1141 1191 3686 4586 
m1140 14 22 46 1114 1122 1146 2314 2346 4814 
m349 5 32 36 255 282 286 1605 1805 1832 1836 4332 
m468 22 23 45 1122 1123 1172 1173 2272 2273 3673 
m1966 33 38 40 46 1690 1696 1933 1938 1940 1946 2333 2338 2340 2346 
m69 32 38 46 49 1649 1932 1949 2332 2338 2346 2349 4846 
m2514 22 23 30 40 46 1122 1123 1130 1140 1146 1180 1523 1530 1546 2022 2023 2030 2046 2330 2346 4823 
m1063 23 36 40 41 1173 1823 1836 1840 1841 2023 2036 2040 2041 2073 2086 2090 2091 3686 4323 
m2459 14 36 40 46 740 746 1814 1840 1846 2014 2036 2040 2046 2314 2340 2346 3214 3246 4346 4814 
m1743 5 22 36 38 40 46 49 286 296 299 1136 1138 1140 1146 1149 1836 1846 1849 1905 1936 1938 1946 1949 2036 2038 2046 2049 2346 2349 2455 2486 2496 2499 4836 
m1468 14 36 40 46 1814 1846 2014 2036 2040 2046 2314 2346 4346 4814 4846 
m949 22 23 1123 1173 3673 
m2562 40 45 46 2045 2046 2296 
m850 22 36 40 46 49 1136 1140 1146 1149 1836 1840 1846 1849 2036 2040 2046 2049 2336 2340 2346 2349 2486 2490 2496 4346 
m1150 22 46 1146 2346 4846 
m572 46 
m2645 22 23 36 40 46 1122 1123 1136 1146 1172 1822 1823 1836 2022 2023 2036 2040 2046 2322 2323 4323 4346 4836 
m1040 5 22 23 30 46 255 273 280 296 1105 1122 1123 1130 1146 1180 1505 1523 1546 2330 4823 
m2586 22 46 1146 4846 
m541 46 2346 4846 
m1310 12 22 36 40 41 45 46 49 636 640 641 645 649 1145 1822 1836 1840 1841 1845 2012 2022 2036 2040 2041 2045 2046 2049 2072 2095 2272 2295 2336 2340 2349 2486 2490 2491 2495 3136 4336 4812 
m926 5 46 2305 2346 
m1968 33 36 38 46 49 1833 1846 1938 1946 2333 2336 2346 2349 2483 2486 2496 4833 
m2698 13 22 32 36 40 672 686 690 1113 1136 1140 1613 1622 1636 1640 1822 2022 2036 2040 3186 4336 
m915 22 46 49 2322 2346 2349 2472 4846 
m1281 14 22 46 1114 2314 2322 2346 4814 
m1354 26 32 33 46 1332 1333 1346 1682 2332 4833 
m1840 6 23 36 46 1156 1186 2306 2323 2336 4306 
m1702 22 23 36 40 1123 1136 1173 1186 1190 1836 1840 2036 3673 3686 
m2511 15 26 46 776 2326 4815 
m2628 22 23 36 40 1122 1123 1136 1140 1190 1822 1823 1836 1840 2022 2023 2036 2040 
m954 22 44 46 1122 1144 1146 2322 2344 2346 4846 
m895 23 40 2023 3673 
m2710 23 46 49 2346 2349 2473 4823 
m2023 23 30 36 38 40 46 1180 1186 1190 1523 1530 1536 1540 1546 1830 1923 1930 1936 1940 1946 2023 2030 2036 2038 2040 2046 2323 2330 2340 4836 
m2928 14 22 32 36 40 45 46 714 722 732 736 740 746 1114 1145 1146 1614 1622 1632 1640 1646 1814 1822 1840 2014 2022 2040 2045 2046 2264 2286 2314 2322 2332 2336 2345 2346 3246 4332 4346 
m514 36 49 1836 1849 2499 
m1983 38 44 45 46 49 1938 1946 2238 2246 2249 2288 2294 2296 2299 2338 2344 2346 2349 
m2271 14 22 36 41 46 714 722 736 741 1822 1836 1841 2072 2314 2322 2336 2341 3236 4314 4586 4814 
m537 13 14 22 40 46 672 722 2013 2014 2040 2046 2313 2314 3164 
m21 12 13 22 49 649 699 1112 1113 3162 
m2158 5 36 38 46 49 286 296 299 1905 1936 1946 2346 2349 2486 4836 
m2944 22 23 30 36 40 46 1122 1123 1130 1136 1140 1146 1172 1173 1522 1523 1530 1540 1546 1822 1823 1830 1840 1846 2022 2023 2030 2036 2040 2046 2322 2323 2330 2340 2346 3696 4823 
m2303 13 38 1913 1938 
m335 14 40 46 2014 2040 2046 2314 2346 4814 4846 
m2020 36 46 49 1849 2346 2349 4836 
m2513 30 38 40 45 46 1930 1938 1946 2030 2038 2046 2280 2288 2290 2296 2330 
m2788 36 40 45 46 1845 2036 2045 2046 2336 2345 4836 4846 
m2691 22 30 32 36 46 49 1532 1536 1546 1549 1622 1636 1649 1822 1849 2322 2330 2332 2336 2346 2349 2472 4136 4336 4836 
m2733 14 36 40 46 740 1814 1836 1840 1846 2014 2036 2040 2046 2314 2340 2346 3246 4314 4346 4836 
m1875 22 23 30 46 1122 1123 1130 1146 1180 1523 1530 1546 2330 4823 
m49 26 32 36 41 46 49 1332 1336 1341 1346 1349 1641 1646 2332 2336 2341 2346 2482 2486 2491 2496 4136 4586 
m1083 22 23 30 40 46 1122 1123 1130 1140 1146 1172 1173 1180 1190 1196 1522 1523 1530 1540 1546 2023 2046 2323 3673 3696 4823 4846 
m2075 22 30 39 1139 1980 
m152 23 36 41 49 1191 1823 1836 1841 1849 2473 2486 2491 3686 4323 4336 4341 
m2187 14 45 46 49 2264 2296 2299 2314 2346 2464 2496 4814 
m475 22 23 36 41 1123 1136 1141 1173 1186 1191 3673 3686 4341 
m2741 22 23 36 40 1122 1123 1136 1140 1173 1186 1190 1822 1823 1836 1840 2022 2023 2036 2040 3673 4323 
m855 5 36 46 49 286 296 299 1836 1849 2305 2336 2346 2349 2455 2486 2496 4836 4846 
m2724 32 36 38 40 46 1832 1932 1936 1946 2036 2038 2046 2332 2336 2346 4836 
m203 38 41 1938 1941 2088 2091 
m2831 26 36 46 49 1336 1346 2476 2486 2496 4836 4846 
m1890 30 40 46 49 2030 2046 2049 2330 2349 2480 2496 4846 
m1171 23 36 1173 1186 1823 1836 3673 3686 4323 
m544 36 40 46 49 1836 1840 1846 1849 2036 2040 2046 2049 2336 2340 2346 2349 2486 2490 2496 4346 
m320 22 30 36 38 46 49 1536 1538 1546 1549 1822 1930 1936 1938 1946 1949 2322 2330 2336 2338 2346 2349 2472 2486 2496 
m1720 12 13 22 27 36 40 622 636 640 672 686 690 1112 1113 1122 1136 1140 1362 1363 1372 1386 1390 1822 2022 2036 3162 
m1125 36 40 46 1836 1840 2036 2040 2336 2340 2346 
m1851 23 30 36 41 1523 1823 1830 2073 2080 3673 4323 4586 
m547 14 46 49 749 2346 2349 2464 2496 3246 4814 
m1330 22 23 30 36 40 41 1122 1123 1130 1136 1140 1173 1522 1523 1536 1822 1823 1830 1836 2022 2023 2030 2036 2072 2073 2080 2086 2090 2091 3673 4323 4586 
m1242 10 37 46 537 546 4396 
m1479 32 36 38 41 46 49 1641 1646 1938 1941 1946 1949 2332 2336 2341 2346 2482 2486 2491 2496 4136 4586 
m2037 22 26 46 1146 1322 1326 1346 
m2951 5 37 46 255 1855 1887 1896 2305 2337 2346 4837 
m2115 36 40 46 2036 2046 2336 2340 2346 4836 4846 
m169 26 41 46 1341 1346 2341 
m2241 36 49 1836 1849 2499 
m1992 14 23 34 36 40 46 734 1184 1734 1814 1823 1834 1840 1846 2014 2023 2034 2036 2040 2046 2314 2323 2334 2346 3664 4346 4814 4823 
m1134 22 30 36 40 46 1130 1136 1140 1146 1536 1540 1546 1840 2030 2036 2040 2046 2330 2336 2340 2346 4346 
m856 26 46 1346 2346 
m1422 5 36 46 286 296 2305 2336 2346 4836 
m2076 6 42 306 342 2106 2142 2842 4606 
m1097 13 22 33 36 40 47 672 686 690 697 1113 1122 1133 1136 1140 1147 1672 1686 1690 1697 1847 2036 2047 3183 
m517 14 38 46 738 2314 2338 2346 4814 
m405 30 36 46 49 1530 1536 1546 1549 1849 2330 2336 2346 2349 
m618 14 714 
m45 40 46 2040 2046 2346 
m1135 22 23 30 36 40 41 46 1122 1123 1130 1136 1140 1141 1146 1172 1173 1180 1186 1190 1191 1523 1536 1540 1541 1841 2023 2036 2041 2072 2073 2080 2086 2090 2091 2096 2322 2323 2330 2341 3673 4323 
m147 14 23 30 38 40 730 1180 1514 1523 1540 1914 1923 1930 1940 2014 2023 2030 3223 
m441 14 23 30 46 1514 1523 1546 2314 2323 2330 2346 3664 4814 4823 
m1464 23 30 36 39 40 41 1173 1186 1190 1191 1523 1539 1541 1823 1973 1986 1991 2023 2036 2073 2086 2090 2091 3673 4323 4336 4586 
m7 4 26 38 226 238 1304 1326 1338 1904 1926 2704 
m2573 46 2346 
m1936 22 23 30 36 40 1123 1130 1136 1140 1172 1173 1186 1190 1523 1536 1540 1823 2022 2023 2036 3673 4323 
m666 22 23 36 40 1123 1136 1173 1186 1190 1836 1840 2036 3673 3686 
m1838 14 22 45 46 722 746 1146 2264 2296 2346 3246 
m1670 12 32 36 46 1612 1812 2312 2332 2336 2346 4136 4812 4836 
m2770 20 40 48 2020 2420 2440 
m1678 27 36 46 49 1827 1846 1849 2327 2346 2477 2496 
m2454 22 23 36 40 41 1122 1140 1141 1173 1186 1190 1823 1836 2022 2023 2036 2040 2041 2073 2086 2090 2091 3686 4323 
m1017 22 23 36 41 1122 1123 1172 1173 1822 1823 2072 2073 3673 4586 
m1573 26 46 1346 
m368 22 40 44 46 1146 2022 2046 2344 2346 4846 
m716 5 36 38 46 49 286 296 299 1849 1905 1936 1946 2305 2336 2338 2346 2349 2486 2499 4836 4846 
m2836 5 32 36 45 46 49 282 286 295 299 1636 1645 1649 1845 1849 2255 2282 2286 2295 2305 2332 2336 2345 2349 2495 4136 4336 
m682 38 46 1938 1946 2338 2346 
m2362 26 39 46 1339 1346 2326 2339 4839 4846 
m2748 30 36 46 1536 1546 2330 2336 2346 4836 
m373 14 32 36 46 732 736 1832 2314 2332 4836 
m2873 12 22 23 36 40 41 46 49 640 641 646 1123 1136 1141 1146 1149 1812 1836 1840 1841 1846 1849 2036 2041 2046 2073 2086 2090 2091 2096 2099 2322 2323 2336 2340 2341 2349 2462 2473 2486 2496 4323 4336 4812 4836 
m1444 17 37 46 2337 3387 4817 
m2601 36 40 46 49 1836 1840 1846 1849 2036 2040 2046 2049 2336 2340 2346 2349 2486 2490 2496 4836 
m1656 30 40 46 2030 2040 2046 2330 2346 
m2874 13 36 38 40 41 686 690 691 1841 1913 1936 1941 2036 2041 2063 2086 2088 2090 2091 
m462 14 36 40 46 740 1814 1840 2014 2036 2040 2046 2336 2340 2346 3246 4346 4814 
m1636 14 36 714 3236 
m194 22 37 40 46 1137 1140 1146 1890 2022 2037 2040 2046 2337 2340 2346 4837 
m899 23 36 40 41 1173 1823 1836 1840 2023 2036 2040 2073 2086 2090 3686 4323 
m201 22 30 36 40 41 49 1122 1130 1136 1140 1141 1536 1540 1822 1840 1841 2022 2036 2040 2041 2080 2086 2090 2472 2486 2490 
m786 22 36 37 40 41 1137 1140 1822 1836 1840 1841 2022 2036 2037 2040 2041 2072 2086 2090 2091 4586 
m2336 22 46 1122 1146 
m1036 22 46 1122 1146 2322 2346 4846 
m1522 22 37 46 1122 1146 1872 2322 4396 
m1869 22 23 30 1122 1123 1130 1173 1522 1523 3673 
m52 32 46 2332 
m2578 36 41 2086 
m1741 5 13 22 33 36 40 263 272 283 286 290 672 686 690 1113 1122 1133 1136 1140 1672 1686 1690 1822 2022 2036 2040 3183 
m1993 22 23 46 1123 1146 1172 2322 3696 
m633 22 23 27 30 36 40 49 1172 1186 1199 1373 1380 1386 1399 1522 1523 1527 1530 1536 1549 1822 1823 1827 1830 1836 1840 1849 2023 2027 2030 2036 2040 2049 2472 2473 2477 2480 2486 2499 3686 4336 
m2778 36 37 49 1836 1837 1849 2486 2487 2499 
m790 22 36 38 40 41 46 1136 1141 1836 1840 1841 1936 1940 1941 1946 2022 2036 2038 2040 2041 2046 2086 2090 2091 2322 2336 2341 4586 
m737 22 46 1146 2322 2346 
m600 22 23 36 40 1122 1123 1136 1140 1173 1186 1190 1822 1823 1836 1840 2022 2023 2036 2040 3673 4323 
m942 5 37 46 1855 2305 4837 
m2803 23 30 36 39 40 41 1173 1180 1186 1190 1191 1523 1823 1830 1836 1973 1986 1990 1991 2023 2030 2036 2041 2073 2080 2086 2091 3673 3686 4323 4586 
m1842 
m1445 37 46 4837 
m2566 14 26 46 726 746 1314 1326 1346 2326 2346 4814 
m984 22 38 46 1138 1146 1922 1938 1946 
m1403 22 23 30 46 1122 1123 1130 1146 1523 1530 1546 2330 2346 3696 4823 
m724 33 45 46 1695 2283 2295 2333 2345 
m2853 22 23 30 36 40 46 49 1122 1123 1130 1136 1140 1146 1149 1172 1173 1180 1186 1190 1199 1522 1523 1530 1536 1540 1546 1549 1823 1840 2022 2023 2030 2036 2040 2046 2322 2330 2336 2340 2346 2349 2472 2473 2480 2486 2496 3696 4823 
m1552 22 30 36 37 41 1130 1136 1536 1537 1541 1886 2086 2087 
m847 22 23 36 37 40 1122 1123 1136 1137 1140 1172 1173 1822 1823 1836 1837 1840 1872 1873 1886 1890 2022 2023 2036 2037 2040 3673 
m2673 22 40 46 1146 2022 2046 2346 4846 
m364 
m1746 37 40 46 1890 2340 4396 
m467 14 34 36 40 46 1714 1734 1736 1740 1746 1814 1836 1840 1846 2014 2036 2040 2046 2314 2346 4346 4814 4846 
m1176 12 14 23 34 46 712 1162 1164 1196 1712 1714 1723 1734 1746 2314 3114 3214 3664 4812 
m189 36 37 40 41 46 1837 1840 1846 1890 2087 2090 2096 2340 4396 4586 
m598 14 22 40 45 46 722 2014 2045 2046 2264 2272 2296 2314 2322 2340 2345 2346 4814 
m1402 38 40 41 46 1940 1941 1946 2090 2340 2341 
m2468 5 23 38 273 1905 1923 
m1846 32 44 46 1632 1644 1646 2344 
m1792 37 40 41 46 1891 2037 2041 2046 2087 2090 2091 2096 2337 2340 2341 2346 4396 
m845 5 23 24 40 46 273 274 290 296 1190 1240 1246 2023 2024 2040 2046 2340 3696 3723 
m985 23 46 2323 2346 4823 
m2609 16 22 23 30 46 830 1116 1122 1123 1130 1146 1523 1546 2316 2330 2346 3323 3346 3696 4823 
m740 21 22 46 1121 1146 2321 4846 
m1513 37 46 2337 2346 
m2366 3 14 703 714 
m2525 12 14 40 46 712 2012 2014 2046 2314 2346 3146 3246 4812 
m2516 22 23 30 46 1123 1130 1146 1180 1523 1546 2330 4823 
m569 5 13 26 33 263 283 1305 1313 1333 1655 1663 1683 3183 
m2842 22 23 30 41 1122 1123 1130 1173 1523 1530 2072 2073 2080 3673 
m2861 22 23 36 40 41 1172 1186 1190 1191 1822 1836 1840 1841 2022 2023 2036 2040 2041 2072 2073 2086 2090 2091 3686 4323 4336 4586 
m2844 22 23 30 46 1122 1123 1130 1146 1523 1546 2323 3673 4823 
m2245 36 48 49 1848 1849 2486 2498 2499 4336 
