m2603 22 44 46 1146 2344 2346 4846 
m2282 23 30 36 49 1180 1199 1549 1823 1830 1849 
m1765 26 46 1346 
m2053 37 40 46 49 1899 2037 2046 2049 2337 2340 2346 2349 4396 
m1274 22 23 30 39 41 1123 1130 1139 1141 1523 1973 1980 1991 2073 2080 3673 4473 
m1714 14 46 746 2346 3246 
m3076 40 46 2040 2046 
m1867 13 22 26 33 36 40 672 686 690 1113 1122 1133 1136 1140 1313 1322 1333 1663 1672 1683 1686 1690 1822 2022 2036 3183 
m2530 14 38 40 45 46 740 745 1914 1938 1940 1945 1946 2290 2340 2345 3246 
m241 5 14 32 705 1605 1614 
m510 46 2346 4846 
m2331 22 47 2372 2397 
m1480 23 45 46 1195 2323 2345 3673 
m1790 17 46 2317 2346 4817 
m1026 13 20 22 33 36 40 45 672 686 690 1013 1022 1036 1040 1045 1113 1122 1133 1136 1140 1145 1672 1686 1690 1813 1822 1833 1836 1840 2013 2022 2033 2036 2040 2263 2272 2286 2290 2295 3183 
m3440 22 23 30 40 46 1122 1123 1130 1140 1146 1180 1523 1530 1546 2022 2023 2030 2046 2330 2346 4823 
m1440 5 36 46 49 255 286 1805 1836 1846 1849 2305 2336 2455 2486 2496 
m648 13 22 38 1113 1122 1138 1913 
m3562 32 1632 
m2584 18 45 2268 
m2391 22 45 46 1145 1146 2345 
m2063 14 22 46 722 746 2322 2346 
m3253 22 23 30 46 1122 1123 1130 1146 1180 1523 1530 1546 2330 2346 4823 
m1890 22 44 46 1144 1146 2222 2244 2246 2322 2344 2346 4846 
m3310 14 44 46 49 744 746 2344 2464 2494 2496 
m1787 14 36 49 736 749 1849 2486 2499 4336 
m1061 22 32 45 46 1132 1145 1146 2282 2296 2332 
m2791 22 45 46 1122 1145 1146 2345 
m1929 36 37 40 46 1837 1846 2036 2037 2040 2046 2337 2346 4346 
m1920 22 23 30 1122 1123 1130 1172 1173 1180 1522 1523 1530 3673 
m2716 15 46 2315 
m665 22 36 40 41 1136 1140 1822 1836 1840 1841 2036 2072 2086 2090 2091 4586 
m66 14 714 
m3480 30 36 46 1830 2330 2336 2346 4336 
m3290 41 
m2193 36 37 38 46 49 1837 1838 1888 1938 2338 2486 2487 2488 2496 4346 4837 
m2634 5 36 45 46 49 286 296 299 1836 1846 1849 2255 2286 2296 2299 2336 2349 
m1239 8 22 36 45 46 1122 1145 1146 2258 2286 2295 2296 2308 2336 2346 4308 4836 
m2428 22 45 46 1122 1145 1146 2296 2346 
m1557 45 2295 
m2836 36 38 49 1849 1936 1949 2486 2488 2499 
m1679 13 22 30 47 680 697 1113 1122 1130 1147 2380 
m938 7 45 46 2257 2295 2296 2307 2346 
m416 22 38 45 46 1145 1922 1945 1946 2322 2345 
m3272 
m2640 14 46 714 746 2346 3246 
m524 27 36 46 48 1827 2327 2336 2436 2446 
m2296 22 23 36 40 41 1122 1123 1136 1140 1141 1172 1822 1823 1836 1840 1841 2022 2023 2036 2040 2041 2072 2073 2086 3686 
m1663 36 45 46 1845 2286 2295 2345 4836 
m267 38 45 1938 1945 
m307 36 40 45 1845 2036 2045 2286 2290 2295 
m3147 5 30 32 36 46 280 1605 1630 1646 1805 1830 1846 2305 2330 4332 
m1900 13 22 33 49 699 1113 1122 1149 1672 1699 4163 
m1700 17 22 1117 
m896 37 38 46 1888 2338 4396 
m2600 22 44 46 1146 2344 2346 4846 
m2101 16 
m1613 6 42 4606 
m2358 12 36 46 49 649 1849 2336 2349 3136 4812 
m1143 23 30 46 1180 1523 1530 1546 2330 2346 4823 
m3075 36 40 46 2036 2046 2336 2340 2346 4836 4846 
m3240 23 30 40 1173 1190 1523 1530 1540 2023 2030 2040 3673 
m701 22 23 30 46 1122 1123 1130 1146 1180 1523 1530 1546 2330 2346 4823 
m1709 5 13 33 45 655 1655 1695 2255 2263 4163 
m1504 22 23 1123 1173 3673 
m234 23 45 1195 
m1448 
m1672 40 46 2340 
m1474 12 33 37 46 1862 2333 2337 4162 4383 4812 
m601 37 1887 
m1645 9 13 33 38 463 483 488 688 1688 4163 
m610 27 32 38 46 1382 1396 1927 1932 1946 2332 
m2064 37 46 4837 
m797 23 38 45 1188 1195 1945 2288 2295 
m2811 38 45 46 1945 2338 2345 2346 
m2912 40 46 2046 
m808 22 33 46 1133 1146 2333 
m3104 14 36 49 1814 1849 2464 
m3377 22 23 30 36 40 41 46 1122 1123 1130 1136 1140 1141 1146 1180 1522 1523 1530 1536 1540 1546 1822 1823 1830 1836 1840 1841 1846 2022 2023 2030 2036 2040 2041 2046 2072 2086 2090 2322 2323 2330 2340 4823 4846 
m3205 22 45 46 1146 2272 2296 
m1878 13 22 33 36 40 46 1113 1122 1133 1136 1140 1146 1813 1833 1840 1846 2013 2022 2033 2036 2040 2046 2313 2333 4163 
m2285 22 23 30 1122 1123 1130 1172 1173 1180 1522 1523 1530 3673 
m2973 40 44 46 2044 2046 2344 
m582 22 37 40 46 1137 1146 2022 2037 2040 2046 2322 2337 2346 4837 
m2475 22 23 36 40 1122 1123 1136 1140 1173 1186 1190 1822 1823 1836 1840 2022 2023 2036 2040 3673 3686 
m1149 37 45 1895 
m1238 13 45 2263 
m2341 22 28 1422 
m2262 22 23 30 36 40 46 1122 1123 1130 1136 1140 1146 1172 1173 1522 1523 1530 1540 1546 1822 1823 1830 1840 1846 2022 2023 2030 2036 2040 2046 2322 2323 2330 2340 2346 3696 4823 
m3312 14 36 40 45 736 740 745 1840 2036 2286 2290 4336 
m247 45 
m698 30 44 45 1530 1544 1545 2230 2244 2245 2280 2294 2295 
m1885 22 23 30 1122 1123 1130 1172 1173 1180 1522 1523 1530 3673 
m1739 38 45 1938 1945 2288 2295 
m3285 13 33 46 2313 2333 4163 
m636 8 408 
m245 13 22 38 1113 1913 1922 
m3064 10 45 46 2295 2296 2310 2346 
m866 32 45 1645 
m2335 42 45 2145 
m1957 22 36 41 46 1122 1136 1141 1146 1822 1836 2072 2086 2091 2322 2336 2341 4586 
m1662 23 
m1355 30 36 41 46 1830 1836 1841 1846 2080 2330 2336 2341 2346 4586 4836 
m2229 14 22 23 46 1114 1123 1146 1196 2314 3664 
m2334 26 40 45 46 1340 1346 2026 2040 2045 2046 2276 2290 2296 2340 
m2493 46 
m1063 12 14 33 46 712 746 2333 3133 3233 4812 
m138 13 46 2313 
m3282 27 36 48 49 1386 1398 1399 1827 1848 1849 2486 2498 2499 4336 
m3056 22 44 46 1146 2344 2346 4846 
m1964 13 33 45 46 2263 2283 2296 2313 2333 4163 
m3030 10 14 46 710 746 2310 2346 
m3579 22 45 46 1145 2322 2345 
m1539 22 37 1122 1137 1872 1887 
m42 
m244 6 42 4606 
m1053 32 46 1632 1646 2332 
m2840 14 45 2264 3214 
m1691 22 23 38 46 49 1122 1123 1138 1146 1199 1923 1938 1946 1949 2323 2346 2349 
m1922 32 37 46 1882 2332 2337 
m3042 22 45 46 1122 1146 2272 2295 2296 2322 2346 4846 
m2947 45 2295 
m1261 22 23 36 40 41 1122 1123 1136 1140 1141 1172 1173 1186 1190 1191 1822 1823 1836 1840 1841 2023 2036 2041 2072 2073 2086 2090 2091 3673 3686 4323 4586 
m1821 22 44 46 1146 2344 2346 4846 
m2182 23 30 45 46 1180 1195 1196 2280 2296 2330 2345 2346 3696 4823 
m951 17 46 2317 2346 4817 
m73 36 48 1836 1848 2436 2448 
m496 13 36 38 46 49 686 688 699 1813 1836 1838 1846 1849 1913 1936 1946 1949 2336 2338 2349 2463 2486 2496 3196 4813 
m1269 23 45 1195 2273 2295 
m3400 14 46 714 746 2314 2346 4814 
m945 26 40 46 1326 1340 1346 2026 2046 2326 3826 
m25 40 46 2040 2046 2346 
m2621 22 23 30 38 41 1122 1123 1130 1138 1172 1173 1188 1522 1523 1530 1538 2072 2073 2080 3673 
m2875 36 40 46 1836 2036 2046 2336 
m509 23 32 46 1182 2323 2332 2346 3696 4823 
m249 36 38 46 1936 1946 4836 
m947 37 46 1896 
m804 22 23 30 45 1123 1130 1145 1173 1180 1523 1530 2273 2280 3673 
m3074 22 36 41 46 1822 2072 2096 2322 4586 4836 
m800 12 41 45 46 2062 2096 2262 2291 2296 4812 
m3181 22 37 41 46 1122 1137 1141 1146 1891 2341 4837 
m3035 14 40 46 2014 2040 2046 2314 2346 4814 4846 
m1569 14 22 38 46 738 1114 1138 2314 2322 2338 2346 4814 
m954 41 46 2341 
m2966 20 22 23 30 38 1022 1023 1030 1038 1122 1123 1130 1172 1173 1180 1188 1520 1523 1538 1922 1923 1930 3673 
m3267 22 
m2416 23 45 46 1195 2323 2345 
m2643 33 46 49 1696 1699 2349 
m287 22 1122 
m1706 23 30 36 46 1173 1180 1186 1196 1523 1530 1536 1546 1823 1830 1836 1846 2323 2330 2336 2346 3696 4823 4836 
m1998 36 43 49 1849 2186 2199 
m1770 22 46 1146 
m1414 13 33 46 1696 2313 4163 
m602 23 30 46 1523 1546 2323 
m3182 22 36 46 49 1822 1846 1849 2322 2346 2472 2496 
m2698 36 40 45 46 1836 1840 2036 2040 2046 2286 2290 2296 2340 4346 
m3107 22 23 30 36 41 1122 1123 1130 1136 1172 1173 1522 1523 1822 1823 1830 2072 2073 2080 3673 4586 
m1476 26 32 36 46 1332 1336 1346 1832 2332 2336 2346 4836 
m1025 38 40 45 46 1938 1945 1946 2290 2340 2345 
m994 23 30 40 41 1180 1190 1523 1530 1540 2023 2030 2040 
m2270 46 
m2364 5 32 36 45 1605 1805 2255 2282 2286 4332 
m2152 22 36 40 49 1149 1822 1849 2022 2036 2049 
m99 22 38 44 46 1122 1144 1146 1922 1944 1946 2344 2346 4846 
m1201 37 
m1340 13 22 46 1113 1122 1146 2322 4813 
m3453 
m1832 46 2346 
m2405 8 46 2308 2346 4846 
m1669 12 36 46 612 636 646 1812 1836 1846 2312 2336 2346 
m2646 27 38 46 1927 1946 2327 
m1961 30 37 46 1880 2330 4837 
m2197 5 32 36 45 1605 1805 1845 2255 2282 4332 
m780 18 45 945 
m614 22 45 46 1145 1146 2296 
m1838 13 22 33 36 40 686 690 1113 1133 1136 1140 1686 1690 1840 3183 
m2707 5 32 1605 
m23 22 23 36 40 45 1122 1123 1136 1140 1145 1172 1173 1822 1823 1836 1840 1845 2022 2023 2036 2040 2045 2272 2273 3673 
m3265 22 40 46 1122 1140 2322 2340 
m2764 13 33 4163 
m1190 13 36 46 49 1813 2313 2336 2346 2349 2463 2486 2496 4813 
m2264 14 32 48 732 2414 2432 
m3199 40 45 46 2046 2290 2296 2340 2346 
m3566 22 26 36 45 46 1126 1136 1146 1336 1345 1346 1845 2336 2345 2346 4836 
m3174 22 26 44 46 1122 1144 1146 1322 1344 1346 2344 2346 
m3550 23 30 41 45 1180 1191 1541 2273 2280 2291 
m1083 22 38 46 1138 1146 1946 
m1294 37 40 46 2037 2046 4396 
m2253 5 45 295 
m369 5 22 36 46 49 272 286 296 299 1149 1822 1849 2322 2346 2349 4836 
m2648 14 37 714 737 1887 3237 
m1075 5 23 45 46 1155 2255 2273 2305 2345 2346 4823 
m3309 14 36 40 45 736 740 745 1840 2036 2286 2290 4336 
m312 46 2346 4846 
m159 22 36 49 1149 1822 1836 1849 2472 2486 2499 
m2891 22 30 32 36 40 41 46 49 1122 1130 1132 1136 1140 1141 1146 1522 1532 1536 1546 1622 1646 1822 1830 1832 1836 1840 1846 1849 2022 2030 2032 2036 2040 2046 2049 2072 2090 2096 2322 2472 2480 2482 2486 2490 2496 4346 4846 
m1665 22 
m2256 5 37 46 1855 2305 2337 2346 
m1992 13 22 1113 1122 
m288 14 34 46 734 746 2334 
m1764 12 13 22 49 649 699 1112 1113 1149 3162 
m1170 37 38 46 1896 1937 1946 
m3227 23 36 3686 
m2445 22 36 41 1122 1136 1141 1841 2091 4586 
m1918 22 44 46 1146 2322 2344 2346 4846 
m1561 
m2817 40 46 2046 2346 
m2906 
m2801 30 37 40 46 1880 1890 2030 2046 2330 4396 
m3268 45 46 2295 2296 
m2822 14 22 44 46 1114 1144 1146 2214 2246 2314 2322 2344 2346 3246 4846 
m616 22 23 30 40 41 1140 1190 1523 1530 1540 2022 2023 2030 2072 2090 
m1854 13 22 44 46 694 1113 1146 2313 2344 
m3082 32 36 44 46 1644 2236 2332 2336 2344 2346 4136 
m2831 14 22 36 49 749 1114 1136 1149 1814 1849 
m1775 37 46 49 2337 2346 2487 2496 4837 
m2319 22 36 41 49 1136 1141 1149 1841 1849 2072 2086 2091 2099 2486 2491 4336 
m666 22 36 38 40 1138 1822 1838 1922 1936 1938 1940 2022 2036 2038 
m2722 36 40 46 1836 1840 1846 2036 2046 2336 2340 2346 
m1220 13 25 38 46 675 1913 1925 1946 2313 2325 
m3049 11 13 33 563 583 661 1661 4163 
m3103 22 26 44 46 1146 1322 1344 1346 2326 2344 2346 4846 
m2958 14 49 2464 
m3557 23 36 40 46 49 1836 1840 1846 1849 2023 2036 2040 2046 2049 2323 2336 2473 2486 2490 2496 3686 4323 4336 4836 
m2789 37 39 40 46 1890 1987 1990 2340 4396 4496 
m160 22 32 36 40 46 1122 1132 1136 1140 1622 1632 1636 1640 1840 2040 2322 2332 2336 2346 
m2373 38 46 1946 2346 
m882 29 36 38 49 1488 1499 1829 1836 1838 1849 1936 1938 1949 2479 2486 2488 2499 
m3551 45 46 2296 2345 4846 
m2651 30 44 45 2230 2245 2280 
m2718 37 40 46 2037 2046 2337 4837 4846 
m2217 45 46 2345 2346 
m3519 37 40 45 46 1890 2287 2290 2296 2340 4396 
m673 22 46 1146 2346 
m1371 
m3059 22 44 46 1146 2344 2346 4846 
m1761 12 14 27 46 712 746 1364 1396 2312 2346 3246 4812 
m2236 22 37 40 46 1137 1140 1146 1890 2037 2040 2046 2337 2340 2346 4396 
m2126 36 
m1777 17 38 46 896 1917 1938 1946 2317 2338 2346 3396 4817 4846 
m1906 13 22 36 40 672 686 690 1113 1122 1136 1140 1822 2022 2036 
m1937 33 36 46 1686 2333 2336 2346 4833 
m1161 22 46 1146 
m774 22 37 46 1872 2322 2337 
m2401 22 39 45 46 1122 1146 1972 1995 1996 2272 2296 
m1533 22 23 36 40 41 46 1122 1123 1136 1140 1186 1190 1836 1840 2036 2040 2072 2073 2086 2090 2322 2323 2336 2341 3686 
m2859 23 
m250 22 44 46 1144 1146 2222 2246 2322 2344 2346 4846 
m3195 23 30 46 1180 2330 2346 4823 
m2952 41 
m516 5 36 38 46 49 286 296 299 1849 1905 1936 1946 2346 2349 4836 
m3417 14 23 36 40 46 1814 1823 1846 2014 2023 2036 2040 2046 2314 2323 2346 3664 4346 4814 4823 
m2892 27 36 46 48 1827 2327 2336 2436 2446 
m191 37 46 4396 
m2652 22 23 30 1122 1123 1130 1172 1173 1180 1522 1523 1530 3673 
m2410 23 30 38 46 1180 1923 1930 1946 2330 4823 
m1226 14 40 46 2014 2040 2046 2314 2346 4814 
m1577 14 22 32 46 1114 1132 1146 1614 2314 2332 
m2020 5 45 46 2255 2305 2345 
m1470 22 23 30 38 41 1123 1130 1172 1173 1188 1522 1523 1530 1538 2072 2073 2080 3673 
m1457 39 45 1995 2289 2295 
m318 22 27 36 46 49 1127 1136 1146 1149 1377 1386 1396 1399 1827 1849 2322 2327 2336 2346 2349 2477 2486 2496 2499 
m2565 
m2074 22 32 37 1622 1872 1882 
m3118 22 23 30 36 40 46 1122 1123 1130 1136 1140 1146 1180 1523 1530 1822 1823 1830 1840 1846 2022 2023 2030 2046 2330 4823 
m1976 38 45 1938 1945 2288 2295 
m223 6 42 46 2306 2342 2842 
m3091 13 22 33 36 40 46 672 686 690 1113 1122 1133 1136 1140 1672 1686 1690 1822 2022 2036 2313 2322 2333 2336 2340 3183 
m3257 22 36 37 40 46 1122 1136 1137 1140 1146 1837 1840 1890 2036 2037 2040 2322 2336 2337 2340 2346 4837 
m404 23 30 33 46 1180 1523 1530 1533 1546 1680 2330 2333 4173 4823 
m1100 36 
m3346 15 45 795 
m816 36 46 48 2436 2446 4836 
m2920 22 37 46 1872 2322 4396 
m1059 5 13 33 45 263 283 2255 2263 2283 3183 
m2278 22 36 40 1122 1136 1140 1822 2022 2036 
m299 30 36 39 40 46 1830 1980 1986 1990 1996 2030 2036 2046 2330 4836 
m3089 5 22 46 1105 1146 2305 
m1588 22 23 36 49 1123 1136 1172 1173 1186 1199 1822 1823 1849 2472 2473 2486 3673 4323 4336 
m1139 22 46 2322 
m1076 22 44 46 1144 1146 2246 2344 2346 4846 
m3052 22 44 46 1146 2322 2344 2346 4846 
m638 26 32 36 40 46 49 1340 1346 1632 1636 1649 1849 2032 2036 2040 2046 2332 2336 2340 2346 2349 
m939 9 36 1809 1836 2959 4309 4336 
m991 12 45 46 645 2345 4812 
m3391 
m1966 22 23 30 41 46 1122 1123 1130 1146 1180 1523 1530 1546 2072 2073 2080 2091 2096 2330 4823 
m1304 14 22 36 1114 1136 4314 
m110 14 22 46 722 746 2322 
m431 26 38 46 1926 1946 2326 
m1430 22 36 41 49 1136 1149 1841 1849 2072 2086 2091 2099 2486 2491 4336 
m1375 22 45 46 49 1146 1149 2272 2296 2299 2349 2472 2495 2496 
m90 43 
m1894 22 23 30 36 40 41 46 1122 1123 1130 1136 1140 1141 1146 1191 1523 1536 1541 1546 1841 1846 2023 2030 2036 2040 2041 2046 2072 2341 3696 4323 
m2851 40 46 2040 2046 2340 4846 
m3415 13 22 38 1113 1138 1913 
m447 30 46 1546 2330 4846 
m3452 14 38 738 
m1745 22 36 41 1136 1141 1841 2072 2086 2091 4586 
m999 14 22 36 40 46 722 1814 1822 1836 1840 1846 2014 2022 2036 2040 2046 2314 2322 2340 2346 3246 4314 4346 4836 
m2519 14 22 46 722 746 2322 2346 
m1156 36 
m2610 32 37 38 46 1637 1646 1932 1937 1946 2332 2337 2346 4837 
m257 23 45 46 1195 1196 2296 3673 
m3274 11 38 46 588 596 1911 1938 1946 2338 
m2322 5 13 22 33 36 38 40 46 263 272 283 286 290 672 686 690 1113 1122 1133 1136 1140 1672 1686 1690 1822 1905 1913 1922 1933 1946 2022 2036 2305 2313 2322 2333 2336 2340 3183 
m873 45 49 2295 2299 
m2557 14 21 46 721 746 1096 
m1995 13 36 46 49 699 1849 2313 2349 4313 4836 
m2365 36 37 40 46 49 1837 1849 1899 2036 2037 2046 2049 2336 2349 4837 
m2579 22 40 46 2046 2322 2346 
m1784 22 36 40 46 1122 1136 1140 1146 1840 2036 2040 2336 2340 
m399 11 13 22 38 563 572 588 688 1113 1138 
m628 44 46 49 2246 2494 2496 
m1654 22 36 41 46 48 1136 1141 1848 2086 2098 2322 2336 2341 2348 4336 
m558 22 23 1123 1173 3673 
m1636 12 40 46 2012 2046 4812 
m858 22 46 1122 1146 
m3073 22 30 36 40 46 1122 1130 1136 1140 1146 1822 1830 1840 1846 2022 2030 2040 2046 2322 2330 2340 2346 
m2441 27 46 49 2327 2346 2477 2496 
m966 22 38 46 1146 1922 1946 
m1132 22 30 46 1522 1546 2322 4846 
m1760 32 
m593 14 32 36 41 46 736 741 1614 1641 2314 2332 2336 2341 4136 4586 
m3401 5 22 36 40 41 272 286 290 291 1105 1122 1136 1140 1141 1840 1841 2041 
m451 46 2346 
m473 13 33 45 2263 2283 3183 
m2699 5 32 255 1605 1632 
m2953 20 1020 
m2799 32 36 46 49 1632 1636 1649 1849 2332 2336 2346 2349 
m370 5 45 295 
m2412 8 36 46 1808 2308 2336 2346 4836 
m2184 14 36 40 46 740 746 1840 2014 2036 2040 2046 2336 2340 2346 3236 4346 4814 
m980 12 36 40 45 46 640 645 1845 2036 2045 2336 2340 2345 3136 4812 
m925 23 26 30 38 46 1180 1323 1330 1338 1346 1923 1930 1946 2330 2346 4823 
m803 5 13 22 33 36 40 655 1105 1113 1122 1133 1136 1140 1655 1805 1813 1833 1840 2013 2033 3183 
m2843 5 7 36 46 49 286 296 299 355 386 396 1836 1849 2336 2346 2349 2486 2499 4836 
m1497 18 23 1168 
m469 14 45 745 2264 2295 
m2091 45 46 2296 2345 4846 
m2616 22 45 46 1146 2272 2296 
m522 27 36 46 49 1827 2327 2336 2486 2496 
m3252 33 1683 
m2260 36 40 41 46 1841 2036 2040 2041 2046 2086 2090 2091 2096 2336 2340 2341 2346 
m1550 26 46 1346 2346 
m1766 12 22 36 622 1112 1122 1136 1822 4312 
m2635 22 30 36 40 41 46 1122 1130 1136 1140 1141 1146 1536 1540 1546 1846 2022 2030 2036 2040 2046 2072 2090 2340 4346 4846 
m1667 14 45 745 
m1624 36 45 46 49 1846 1849 2286 2296 2299 2349 
m3050 22 44 46 1144 1146 2222 2246 2322 2344 2346 4846 
m3530 46 4846 
m3217 36 40 46 49 1836 1840 1846 1849 2036 2040 2046 2336 2340 2346 2349 2486 2490 2496 4336 4346 4836 
m2870 26 37 46 1337 1346 2337 2346 4837 
m2593 23 38 45 46 1195 1923 1945 1946 2323 2345 
m2154 45 46 2296 
m341 13 22 33 36 40 45 672 686 690 695 1122 1136 1140 1672 1686 1690 1822 2022 2036 2272 2283 2286 2290 3183 
m3084 22 44 46 1144 1146 2222 2246 2322 2344 2346 4846 
m2687 22 32 38 46 1132 1146 1632 1646 1922 1932 1938 1946 2332 
m411 33 45 1695 
m2155 5 32 33 46 283 296 1605 1633 1646 2333 
m731 14 36 46 736 746 2336 
m2457 22 44 46 1146 2322 2344 2346 4846 
m834 22 36 46 1122 1136 1146 1822 1846 2322 
m537 22 46 2322 2346 
m712 22 23 30 1122 1123 1130 1172 1173 1180 1522 1523 3673 
m3498 12 26 45 46 645 1312 1345 1346 2345 4812 
m3406 38 46 49 1946 1949 2346 2496 2499 
m1701 14 23 30 46 1514 1523 1546 2314 2323 2330 2346 3664 4814 4823 
m3123 3 26 46 1303 1346 2346 4803 
m2012 45 
m561 26 45 46 1345 1346 2345 
m3144 32 36 1832 4336 
m1653 
m27 14 23 36 40 46 49 749 1814 1823 1846 1849 2014 2023 2036 2046 2314 2323 2336 2346 2349 2473 3223 4814 4823 
m1431 22 36 40 41 49 1122 1136 1141 1149 1841 1849 2022 2036 2041 2049 2486 2491 4336 
m2251 23 30 45 1195 1523 1545 
m2575 22 44 46 1144 1146 2246 2344 2346 4846 
m1037 23 36 40 1823 1836 1840 2023 2036 2040 3686 
m178 13 22 45 695 1113 1145 2263 2272 2295 
m1010 17 22 44 46 49 899 1144 1146 2217 2246 2317 2344 2346 2349 3396 4817 4846 
m595 23 30 40 45 46 1173 1180 1523 2023 2030 2046 2273 2280 2290 2296 2323 2330 3673 4823 
m2835 36 
m2349 45 2295 
m337 23 30 33 46 1180 1523 1530 1533 1546 1680 2323 2330 2333 2346 4173 4823 
m591 5 45 46 2255 2296 2305 
m366 27 49 1399 
m775 22 30 36 40 41 49 1130 1136 1141 1536 1540 1541 1830 1836 1840 1841 2036 2072 2080 2086 2090 2091 2472 2480 2486 2491 
m1935 13 22 46 1113 2313 2322 
m2809 26 
m1685 13 36 38 686 688 1838 
m2706 22 38 44 46 1146 1946 2344 2346 4846 
m3350 22 23 36 41 45 1122 1123 1136 1141 1145 1173 1186 1195 1845 2073 2095 3673 3686 4323 4586 
m1030 37 39 46 1987 4396 4496 
m2608 22 23 30 1122 1123 1130 1172 1173 1180 1522 1523 1530 3673 
m1751 45 46 2296 2345 2346 
m2252 12 36 45 46 636 645 1845 2312 2336 2345 2346 4812 4836 
m2812 
m2330 11 13 33 563 583 3183 
m2601 22 44 46 1146 2322 2344 2346 4846 
m2763 
m313 22 37 38 45 46 1872 1922 1937 1945 1946 2272 2287 2296 2322 4837 
m2951 33 45 1695 2283 2295 
m2200 44 46 49 2344 2349 2494 
m2826 22 46 49 1149 2322 2346 2349 
m907 23 32 36 40 46 48 1182 1186 1190 1198 1632 1636 1646 1648 1846 1848 2032 2036 2046 2048 2446 
m670 14 32 714 732 
m1422 9 14 36 49 709 1809 1814 1836 1849 2459 2464 2486 2499 
m736 14 40 46 740 746 2014 2040 2046 2314 2340 2346 4814 
m1991 12 30 45 630 2262 2280 
m1486 14 32 40 46 732 1632 1646 2014 2032 2046 2332 3246 
m881 22 33 46 1122 1133 1146 1696 2333 2346 4196 
m2971 22 23 36 40 46 49 1123 1136 1140 1146 1149 1190 1822 1840 2023 2036 2040 2046 2049 2322 2336 2340 2346 2472 2473 2486 2496 3696 4323 4346 4823 
m2226 22 34 36 1134 1136 1834 
m948 22 23 36 40 46 1122 1123 1136 1140 1146 1172 1822 2022 2023 2036 2040 2046 2322 2323 2336 2340 2346 4323 4823 
m155 22 23 36 41 1123 1136 1141 1186 1823 2072 2073 2086 2091 3673 4586 
m409 13 22 36 40 672 686 690 1822 1840 2022 2036 2040 4336 
m1909 12 29 36 46 612 629 636 1812 1829 1836 2312 2329 2336 2346 3136 4336 4812 4836 
m998 45 46 2295 2296 2346 
m3466 22 45 1145 
m668 22 36 41 49 1136 1141 1822 1849 2072 2086 2091 2099 2472 2486 4336 
m239 45 46 2345 
m196 38 45 46 1938 1945 1946 2345 
m322 23 45 1173 1195 2273 2295 
m677 33 37 46 1883 1896 4833 
m2956 5 38 46 1905 1938 1946 2305 2338 2346 
m1542 6 36 42 45 306 345 1845 2106 2145 2836 4306 4606 4636 
m53 29 
m2619 13 37 4363 
m1098 22 37 46 1137 1146 4837 
m421 36 42 4636 
m2573 22 44 46 1146 2322 2344 2346 4846 
m2784 22 23 36 41 46 49 1141 1172 1191 1822 1823 1841 1846 2322 2323 2341 2472 2473 2486 2491 2496 
m969 36 42 4636 
m1286 37 40 45 46 1890 2287 2290 2337 2340 2345 
m2998 22 36 41 46 49 1141 1822 1841 1846 2322 2341 2486 2491 2496 
m778 13 32 38 46 682 1913 1932 1946 2313 2332 
m2512 22 44 46 1146 2344 2346 4846 
m2945 45 46 2295 2296 2346 
m2495 5 14 26 33 45 264 276 283 726 1676 2255 2264 2276 2283 3233 
m151 22 46 1146 
m1397 17 38 46 867 896 1917 1946 
m2942 26 36 46 1826 2326 2336 2346 4346 
m3610 26 46 2326 2346 
m3254 13 33 45 2263 2283 4163 
m1318 32 37 1632 1637 1882 
m21 23 30 36 40 1173 1180 1190 1523 1530 1536 1540 1823 1830 1836 1840 2023 2030 2036 2040 3686 4323 4336 
m1360 30 37 40 46 1537 1540 1546 1890 2340 4396 
m3167 26 36 41 46 1826 2076 2096 2326 4346 4586 
m714 8 25 46 49 408 446 449 1258 1296 2349 
m790 34 38 46 1734 1934 2334 2338 2346 
m3586 22 36 40 46 1122 1136 1140 1146 1822 1836 1840 1846 2022 2036 2046 2322 2336 2340 2346 4346 4836 
m3018 22 23 30 36 40 41 46 1122 1123 1130 1136 1140 1141 1146 1191 1523 1536 1541 1546 1841 1846 2023 2030 2036 2040 2041 2046 2072 2341 3696 4323 
m1531 14 30 714 730 
m303 44 46 2244 2246 2344 2346 4846 
m2761 36 49 1849 2486 2499 
m607 36 45 46 2286 2295 2296 2336 2346 4836 
m1831 37 46 2337 2346 4837 
m2719 37 38 46 1937 1946 2337 2346 4837 
m1280 5 40 45 46 2005 2045 2046 2255 2296 2305 
m2454 22 36 40 1136 1140 1840 2036 2040 
m2255 5 32 36 1605 1636 1805 
m1537 22 40 46 1146 2340 
m2529 37 46 1896 
m3488 31 36 1581 1586 1836 4086 
m1022 37 41 46 2087 2096 4837 
m1466 13 22 33 36 49 1113 1133 1136 1149 1813 1833 1849 2463 2483 2486 2499 4163 
m1833 3 22 30 38 180 188 1522 1922 1930 1938 
m2111 13 22 33 36 40 690 1113 1122 1133 1136 1140 1690 1813 1833 1840 2013 2033 4163 
m291 32 49 1632 2482 
m1529 23 30 36 49 1180 1823 1830 1836 1849 2473 2480 2486 2499 
m3003 48 2448 
m2189 12 14 36 40 41 46 636 640 641 736 740 741 1841 2036 2041 2314 2336 2340 2341 3114 3236 4336 4812 
m2191 5 14 36 41 45 255 286 291 295 705 736 741 745 1845 2055 2086 2095 4336 
m2938 23 30 36 1180 1530 1823 1830 
m3043 38 45 46 1945 2288 2295 2296 2338 2345 
m3432 26 45 46 1326 1345 1346 2276 2296 2326 
m2929 22 37 46 1137 1146 4837 
m1186 22 41 46 1141 1146 2341 
m30 26 32 36 41 46 49 1332 1336 1341 1346 1349 1641 1646 2332 2336 2341 2346 2482 2486 2491 2496 4136 4586 
m2794 22 36 46 1122 1136 1146 1822 1846 2322 
m2056 14 22 46 722 746 2322 2346 
m2807 45 46 2345 
m1901 45 46 2345 2346 
m1493 14 714 
m1605 5 45 295 2255 2295 
m1634 37 46 1887 1896 2337 2346 
m972 22 30 38 45 46 1130 1145 1146 1922 1930 1945 1946 2280 2296 2330 
m3203 13 22 33 36 40 672 1113 1122 1133 1136 1140 1672 1813 1822 1833 1840 2013 2022 2033 4163 
m838 22 23 36 38 40 1123 1136 1138 1140 1173 1922 1923 1936 1938 1940 2023 2036 2038 3686 
m2158 22 23 31 46 49 1123 1146 1196 1572 1573 1596 2323 2346 2473 2481 2496 4846 
m923 11 
m992 38 40 46 49 1940 1946 1949 2046 2490 2496 
m1017 21 
m493 22 37 46 1872 2322 4837 
m2537 22 38 44 46 1146 1922 1944 1946 2344 2346 4846 
m987 45 
m2400 41 46 2091 2096 2341 
m1055 45 46 2296 2346 4846 
m1174 5 36 41 46 1805 2055 2096 2305 2336 4586 
m3514 22 37 40 46 1872 2037 2046 2322 2337 2346 4837 
m1942 27 32 1382 
m657 14 36 46 714 736 1836 2314 2336 2346 3236 4814 4836 
m2517 13 22 36 40 1113 1122 1136 1140 1813 1840 2013 
m262 22 36 40 46 49 1822 1846 1849 2022 2036 2040 2046 2049 2322 2472 2496 
m2542 22 44 46 1146 2344 2346 4846 
m3096 26 46 1346 2346 
m798 18 46 2318 
m1325 22 37 40 46 1137 1146 2022 2037 2046 2337 2346 4837 
m3283 13 36 40 45 686 1813 1840 1845 2013 2036 2045 2263 2286 4336 
m2744 22 32 46 1122 1132 1146 1622 1632 1646 2322 2332 2346 
m3623 40 45 46 2040 2045 2046 2345 4846 
m367 12 49 649 2462 2499 
m2671 22 45 1145 
m2546 16 23 36 1186 1816 3666 
m3594 22 33 46 1122 1133 1146 1672 1683 1696 2322 2333 2346 4833 
m1065 37 45 46 1895 2337 2345 2346 
m568 22 32 46 1122 1132 1146 2322 2332 2346 4846 
m1735 22 26 44 46 1146 1322 1326 1344 1346 2344 2346 4846 
m295 40 45 46 49 2045 2046 2299 2345 2349 
m238 22 38 46 49 1146 1149 1922 1946 1949 2349 2472 2488 2496 
m2490 13 22 36 40 41 1113 1136 1140 1813 1840 2013 2063 2072 2086 2090 
m31 13 22 32 38 46 682 1113 1132 1146 1913 1922 1946 2313 2332 
m792 14 46 49 2314 2346 2464 2496 4814 
m2626 22 23 30 45 46 1122 1123 1130 1145 1146 1195 1522 1523 1530 1545 1546 2273 2280 2295 2296 2322 2330 2345 2346 3696 4823 
m2100 5 13 33 46 263 283 296 696 2305 2313 2333 2346 3183 
m1917 22 44 46 1146 2322 2344 2346 4846 
m1300 17 46 49 896 899 2317 2346 2349 
m3461 12 36 46 49 649 1812 1849 2336 2349 4812 
m705 23 30 46 1196 1523 1530 1546 2323 2330 2346 3696 4823 
m1264 45 46 2295 2345 
m545 16 23 30 38 45 46 830 1180 1516 1523 1530 1546 1930 1945 1946 2266 2273 2280 2296 2316 2323 2330 2345 2346 3323 4823 
m2174 22 32 45 46 1146 2272 2282 2295 2296 2332 2346 
m1849 22 36 40 1122 1136 2022 2036 2040 
m974 22 44 46 1146 2222 2244 2246 2344 2346 4846 
m1462 14 49 2464 
m2701 22 46 1122 1146 
m1891 5 13 22 33 36 40 46 263 272 283 286 290 672 686 690 1113 1122 1133 1136 1140 1672 1686 1690 1822 2022 2036 2305 2313 2322 2333 2336 2340 3183 
m1437 23 45 1195 2273 2295 
m1043 23 41 46 1173 2073 2323 2341 3673 
m2585 46 2346 
m135 36 40 46 49 1846 1849 2036 2046 2349 
m2397 12 46 49 2349 2462 4812 
m2949 37 40 46 2037 2046 4837 
m47 36 46 2336 2346 4836 
m9 11 13 22 45 563 572 595 695 1113 1145 
m710 30 45 46 2280 2295 2296 2330 2346 
m157 7 26 46 1307 1346 2307 2346 
m2916 40 45 46 2040 2045 2046 2345 
m3313 7 45 2257 
m140 5 36 37 38 45 46 286 295 1845 1855 1886 1895 1937 1938 1946 2305 2336 2337 4336 
m2409 40 45 46 2046 2290 2296 4846 
m439 45 46 2345 
m1138 6 36 43 336 1806 1836 1843 2186 2843 
m1106 22 37 45 49 1122 1137 1145 1149 1899 2287 2299 
m2931 23 32 42 1182 1192 1642 
m1193 14 32 46 714 732 2314 2332 2346 4814 
m1343 5 46 2305 
m2498 22 37 46 1122 1137 1146 1872 2322 2346 4387 4396 4837 
m209 3 38 45 195 1903 1938 1945 
m870 16 23 36 40 41 46 836 840 841 1186 1190 1191 1841 2023 2036 2040 2041 2046 2066 2073 2086 2090 2091 2096 2316 2336 2340 2341 3666 4823 
m744 22 30 32 36 40 41 46 49 1122 1130 1132 1136 1140 1141 1146 1522 1532 1536 1546 1622 1646 1822 1830 1832 1836 1840 1846 1849 2022 2030 2032 2036 2040 2046 2049 2072 2090 2096 2322 2472 2480 2482 2486 2490 2496 4346 4846 
m2876 38 46 1946 
m1144 22 23 30 46 1122 1123 1130 1146 1180 1523 1530 1546 2330 2346 4823 
m2750 23 30 45 1180 1195 1523 1530 1545 2273 2280 2295 3673 
m344 13 22 33 36 40 1113 1122 1133 1136 1140 1813 1833 1840 2013 2033 4163 
m3016 5 32 36 38 45 46 49 282 286 288 296 1632 1638 1645 1646 1838 1845 1846 1932 1936 1945 1946 2295 2332 2338 2345 2346 2455 2482 2486 2488 2496 4136 4332 4836 
m3544 19 46 969 996 2319 2346 
m3481 44 46 2246 2344 2346 
m229 22 38 44 46 1146 1922 1944 1946 2344 2346 4846 
m2052 13 22 1113 1122 
m1364 22 23 30 46 1122 1123 1130 1146 1180 1522 1523 1530 1546 2330 4823 
m426 9 14 709 
m696 23 36 1173 1186 1823 1836 3673 3686 4323 
m2533 22 26 44 46 1146 1346 2344 2346 4846 
m3474 36 40 45 46 1840 1845 2036 2040 2045 2340 2345 4836 
m3105 22 36 41 46 49 1136 1141 1849 2086 2099 2322 2336 2341 2349 4336 
m1268 38 46 1938 1946 
m1801 45 46 2296 
m353 30 46 2330 
m3109 23 30 36 41 1523 1823 1830 2073 2080 3673 4323 4586 
m3618 5 13 38 46 263 288 296 696 1913 1938 1946 2305 2313 2338 2346 
m2653 22 23 30 1122 1123 1130 1172 1173 1180 1522 1523 1530 3673 
m1094 23 32 36 46 49 1199 1623 1636 1649 1823 1836 1846 1849 2323 2332 2336 2346 2349 3686 4332 
m3331 13 22 46 1113 1122 2322 4813 
m323 22 37 41 46 1137 1141 1146 2087 2096 4837 
m2274 13 22 36 38 40 1113 1122 1136 1138 1140 1813 1840 1913 1936 1940 2013 
m1459 22 36 40 41 46 1122 1136 1140 1141 1146 1822 1836 1841 2036 2041 2046 2072 2086 2090 2091 2096 2322 2336 2340 2341 2346 4346 4586 4836 
m2731 22 23 36 41 46 49 1141 1172 1191 1822 1823 1841 1846 2322 2323 2341 2472 2473 2486 2491 2496 
m2045 14 36 40 46 1814 1846 2014 2036 2040 2046 2346 4346 4814 
m2395 12 46 612 2312 2346 4812 
m494 22 41 1141 
m1428 22 36 38 41 49 1136 1138 1141 1149 1822 1838 1841 1849 1922 1936 1941 2072 2086 2088 2099 2472 2486 2488 2491 4336 
m2430 
m1023 37 40 46 1890 2340 4396 
m1182 26 44 46 1346 2226 2246 2326 2344 2346 
m277 5 14 32 705 1605 1614 
m2532 22 26 44 46 1146 1322 1344 1346 2344 2346 4846 
m1370 32 36 1832 
m1596 5 14 22 33 36 40 264 272 283 286 290 722 736 740 1122 1136 1140 1672 1686 1690 1822 2022 2036 3233 
m675 22 36 37 40 46 1137 1146 1822 1837 1846 1872 2022 2036 2046 2322 2337 2346 4346 4837 
m176 22 44 46 1146 2344 2346 4846 
m1045 23 40 46 49 1196 2023 2040 2046 2473 2490 2496 
m3015 22 23 30 36 40 41 46 1122 1123 1130 1136 1140 1141 1146 1191 1522 1523 1536 1541 1546 1841 1846 2023 2030 2036 2040 2041 2046 2072 2080 2341 3696 4323 
m2473 21 1071 
m1811 11 
m371 36 45 1845 
m1285 20 45 1045 
m871 16 23 36 40 41 46 836 840 841 1186 1190 1191 1841 2023 2036 2041 2046 2066 2073 2086 2090 2091 2096 2316 2336 2340 2341 3666 4823 
m1698 14 46 2314 2346 4814 
m1604 32 36 38 39 46 1832 1839 1936 1939 1946 1982 2332 2336 2339 
m3427 22 33 46 1672 1696 2322 
m3603 36 45 46 1845 2336 2345 2346 4836 
m1492 14 39 1964 
m144 22 44 46 1146 2322 2344 2346 4846 
m70 26 34 38 46 1326 1334 1346 1734 1926 1938 1946 2334 2346 
m484 22 45 1145 
m480 45 
m547 22 38 45 46 1145 1146 1922 1945 1946 2345 
m1168 13 22 40 46 1113 1122 1146 2013 2022 2046 2313 
m392 22 23 32 46 1123 1132 1146 1182 1196 2332 
m632 36 49 1836 1849 
m835 
m2866 12 45 46 645 2345 4812 
m2940 26 37 46 1876 2326 2337 
m2736 5 36 44 46 49 286 296 299 1849 2205 2236 2246 2249 2346 2349 2455 2486 2494 2496 4836 
m82 44 46 49 2246 2494 2496 
m1225 32 36 37 46 1646 1882 1896 4136 4346 4386 
m3351 8 36 46 49 1808 1846 2308 2336 2458 2486 2496 4336 
m1426 36 46 2336 
m1495 22 45 46 1145 1146 2296 
m1232 30 40 45 46 2030 2040 2045 2046 2280 2290 2296 2330 2340 2346 
m2311 12 38 45 46 645 1912 1946 2345 4812 
m752 5 32 36 46 49 282 286 296 299 1649 1832 1849 2332 2336 2349 2486 4136 4336 
m782 36 41 46 1841 2341 4836 
m3097 22 46 1146 
m1064 12 13 33 46 662 696 2333 3133 3183 4812 
m1205 36 46 49 1849 2346 2349 4836 
m2249 29 
m1631 13 33 36 40 47 686 690 697 1686 1690 1697 1840 1847 2036 2040 2047 3183 4336 
m3339 22 36 40 46 48 1822 2022 2036 2322 2336 2340 2436 2440 2446 
m883 32 49 1649 
m1233 14 40 46 2014 2040 2046 2314 2346 4814 
m3505 14 36 49 1814 2464 2486 4314 4336 
m365 17 22 41 46 872 891 1141 2322 2341 4817 
m2268 6 36 42 46 49 2306 2336 2342 2456 2486 2492 2496 2836 4606 4636 
m3296 6 14 32 314 332 732 
m1749 14 32 36 44 46 736 1614 2214 2232 2236 2314 2332 2336 2344 4136 4846 
m3022 36 
m2192 22 23 30 36 40 46 1122 1123 1130 1136 1140 1146 1172 1186 1190 1522 1523 1536 1540 1546 1822 2022 2036 2322 2336 2340 2346 4823 
m1949 22 23 32 1122 1123 1132 1182 1622 1623 1632 
m139 
m3548 22 23 36 40 41 1122 1123 1136 1140 1141 1172 1822 1823 1836 1840 2023 2036 2072 2073 2086 2090 2091 3673 4323 4586 
m2423 14 22 36 46 722 736 1822 2314 2322 4836 
m606 36 40 41 46 1836 1840 1841 1846 2036 2040 2041 2046 2336 2340 2341 2346 4346 4586 
m1339 5 23 27 41 273 291 1355 1373 1391 2073 3673 
m604 37 1887 
m534 23 30 46 1173 1180 1196 1523 1530 1546 2323 2330 2346 3696 4823 
m1203 3 30 45 46 180 195 2280 2296 2330 2345 2346 2696 4803 
m1423 36 38 40 41 1841 1941 2036 2041 2086 2090 2091 
m1315 32 36 41 46 1641 2332 2336 2341 2346 4136 4341 
m603 23 46 2323 2346 3696 4823 4846 
m3255 14 46 714 746 2314 2346 4814 
m1558 22 37 46 1137 1146 2337 2346 4837 
m2663 36 37 40 46 1886 1896 2036 2037 2046 2336 2346 4836 4837 
m2248 23 32 38 46 1182 1188 1196 1923 1932 1938 1946 2332 2338 2346 3696 4823 
m1295 13 33 4163 
m1703 17 22 1117 
m1125 
m3200 10 21 36 46 521 536 546 1821 2321 2346 4836 
m357 22 23 30 38 1123 1130 1172 1173 1188 1522 1523 1530 1538 3673 
m898 27 28 36 46 1378 1386 1396 1828 2327 2328 2336 2346 4836 
m2829 46 49 2346 2349 2496 
m46 23 30 36 40 46 1173 1190 1196 1523 1536 1540 1546 1823 1840 2023 2046 2340 3696 4323 4346 
m3087 22 38 44 46 1146 1922 1946 2344 2346 4846 
m435 37 45 46 1895 2345 4837 
m1196 22 23 32 36 40 46 49 1122 1123 1132 1136 1146 1149 1172 1173 1182 1186 1190 1196 1199 1622 1623 1632 1636 1640 1646 1822 1823 1832 1836 1840 1846 1849 2022 2023 2032 2036 2046 2322 2323 2332 2336 2346 2349 2472 2473 2482 2486 2490 2496 3673 3686 3696 4323 4346 
m3303 38 46 1946 
m695 22 41 1122 1141 2072 
m1780 5 30 45 46 280 2255 2280 2296 2305 2330 
m3507 36 40 41 1840 1841 2036 2040 2041 4336 
m490 26 33 47 1333 1347 1697 
m527 23 38 45 1195 1923 1945 3673 
m2002 5 37 46 255 287 1855 1887 1896 2305 2337 2346 4837 
m2024 37 45 1887 1895 
m80 14 22 46 722 746 2322 2346 
m1538 22 37 1122 1137 1887 
m1622 13 38 46 1913 1946 4813 
m1027 30 45 46 2280 2296 2330 2346 
m1778 23 36 38 40 41 1173 1186 1188 1190 1923 1936 1938 1940 2023 2036 2073 2086 2088 3673 3686 4323 4336 
m1192 16 32 40 44 46 832 844 1644 2016 2032 2044 2046 2316 2332 2344 
m2581 32 1632 
m559 46 
m2670 5 14 38 45 46 705 745 1905 1914 1945 1946 2255 2305 2345 4814 
m2773 45 2295 
m2242 
m777 22 40 44 46 1146 2044 2046 2246 2344 2346 4846 
m3588 13 22 45 695 1113 1145 
m2103 13 22 33 36 40 48 672 686 690 1113 1122 1133 1136 1140 1672 1686 1690 1822 2022 2036 2413 2422 2433 2436 2440 3183 
m2150 12 22 23 36 40 41 46 49 636 640 641 646 649 1123 1136 1141 1146 1149 1812 1836 1840 1841 1846 1849 2036 2041 2046 2073 2086 2090 2091 2096 2099 2322 2323 2336 2340 2341 2349 2462 2472 2473 2486 2491 2496 2499 4323 4336 4812 4836 
m3624 37 41 46 2087 2341 4837 
m3462 13 14 22 46 672 722 1113 1114 2313 2322 3213 4814 
m824 1 32 36 38 45 46 82 96 1901 1932 1936 1946 2251 2282 2286 2288 2296 2332 2586 4136 4836 
m2019 22 36 45 1136 1145 1845 
m2827 38 
m1189 22 37 46 1137 2322 4837 
m1862 13 14 33 38 40 46 49 664 690 696 699 749 1664 1690 1696 1913 1933 2014 2046 2049 2314 2349 2464 2496 4163 
m2747 22 40 44 46 1146 2022 2044 2046 2344 2346 4846 
m2605 32 36 41 46 1632 1636 1641 1646 1832 1836 1841 1846 2082 2086 2091 2096 2332 2336 4586 4846 
m28 26 45 46 2276 2296 2326 
m523 32 36 41 46 1636 1641 1841 2332 2336 2341 4136 4336 4341 4836 4846 
m377 32 40 45 46 2032 2045 2046 2282 2296 2332 
m3048 22 36 46 1822 1846 2322 4846 
m108 13 33 45 1695 2263 4163 
m3573 34 46 1746 
m3378 36 46 49 2336 2349 2486 
m1727 5 37 46 255 1855 1887 1896 2305 2337 2346 4837 
m148 22 32 46 1122 1132 1146 2332 2346 4846 
m3212 22 32 36 1622 1822 4136 
m2631 22 30 36 40 46 1136 1140 1522 1536 1540 1840 2036 2040 2322 2330 2336 2340 2346 4836 
m374 8 45 46 49 408 446 449 2258 2296 2299 2349 
m2267 5 13 22 26 33 46 263 283 672 1305 1313 1333 1346 1672 2305 2313 2322 2333 4163 
m2026 32 36 37 1632 1637 1882 1886 1887 4136 4332 
m3425 22 37 40 46 1137 1146 2022 2037 2046 4837 
m2908 14 36 49 749 1814 1849 
m2461 13 37 4363 
m1579 38 40 41 46 49 1941 1946 2090 2340 2341 2488 2491 2496 
m1367 22 26 44 46 1146 1322 1344 1346 2344 2346 4846 
m2936 22 30 37 46 1130 1137 1146 1880 2330 4396 
m438 14 22 46 722 746 2322 2346 
m915 13 22 33 672 1672 3183 
m3095 22 37 1872 
m1278 12 14 45 46 645 712 745 2312 2314 2345 2346 4814 
m1376 22 45 1122 1145 2272 2295 
m2854 5 13 22 33 655 1113 1122 1133 1655 1672 4163 
m1287 37 40 41 46 2037 2046 2087 2090 2096 4837 
m773 22 44 46 1146 2344 2346 4846 
m1198 47 
m2717 5 22 1105 1122 
m1618 32 46 2332 
m1974 36 41 44 1841 2086 2091 2094 2236 2241 2244 
m1160 22 23 30 36 40 46 49 1122 1123 1130 1136 1140 1146 1172 1173 1180 1186 1190 1522 1523 1530 1536 1540 1546 1822 1823 1830 1840 1846 1849 2022 2023 2030 2036 2040 2046 2049 2322 2330 2336 2340 2346 2349 2472 2473 2480 2496 3696 4823 
m2433 22 44 46 1146 2246 2344 2346 4846 
m1501 14 36 40 49 749 1814 1849 2014 2036 
m876 22 23 36 39 41 1123 1136 1972 1973 1986 1991 2072 2073 3673 4323 4586 
m652 14 
m387 22 23 1122 1123 1173 3673 
m2323 36 37 40 46 48 1848 1886 1890 1896 2036 2040 2046 2048 2336 2340 2346 2348 4396 4836 
m281 22 36 40 46 49 1146 1822 1840 1846 1849 2036 2046 2049 2322 2340 2472 2496 4846 
m449 13 33 40 46 2013 2033 2046 2313 2333 4163 
m549 40 41 46 2046 2090 2096 2340 2341 2346 
m2137 32 1632 
m3513 36 45 2286 
m2622 22 36 46 1822 2322 2336 2346 
m65 45 46 2295 2345 2346 
m1402 23 33 44 49 1183 1194 1199 1694 1699 2494 
m252 22 40 44 46 1140 1144 1146 2022 2040 2044 2046 2222 2240 2246 2322 2340 2344 2346 4846 
m1863 13 46 2313 
m35 22 30 40 46 1130 2022 2030 2040 2046 2322 2330 2346 
m2047 21 23 45 1171 2271 2273 
m1595 13 22 38 1113 1122 1138 1913 1938 
m2119 46 
m1152 37 45 46 1895 2345 4837 
m385 46 
m2247 14 40 46 49 2014 2040 2046 2314 2346 2464 2490 2496 4814 
m2536 45 46 2296 
m408 13 22 32 36 40 672 686 690 1613 1622 1636 1640 1822 1840 2022 2036 2040 4336 
m3581 46 
m2552 32 36 44 46 1832 1836 1844 2232 2236 2332 2336 2344 2346 4332 4336 4736 4836 
m787 14 23 30 46 1514 1523 1546 2314 2323 2330 2346 3664 4814 4823 
m611 36 46 1836 1846 4836 
m1575 
m1985 22 45 2272 
m950 14 46 746 
m517 39 
m171 5 13 33 36 49 263 283 1805 1813 1833 1849 2455 2463 2483 4163 
m3000 22 37 46 1872 2322 4837 
m292 13 22 36 38 40 672 686 690 1113 1122 1136 1140 1822 1913 1922 1936 2022 2036 
m2162 
m2384 40 46 2046 
m1798 26 46 1326 1346 2326 2346 3826 
m2477 22 23 36 40 46 49 1172 1822 1823 1836 1840 1849 2022 2023 2036 2040 2046 2049 2322 2323 2336 2349 2473 2486 3686 4336 4346 4836 
m170 14 22 32 36 39 40 41 49 722 1614 1622 1639 1641 1814 1822 1832 1836 1839 1841 1849 1972 2036 2041 2049 2064 2072 2082 2089 2091 2482 2486 2491 4464 4586 
m2011 13 46 2313 
m474 37 46 2337 
m530 12 22 30 622 1512 1522 
m2800 22 23 36 40 41 1123 1136 1140 1173 1186 1190 1191 1823 1836 1840 1841 2023 2036 2040 2041 2073 2086 3673 3686 4323 4586 
m1528 5 31 36 255 281 286 1555 1581 1586 1805 1831 1836 
m2927 23 27 32 42 1182 1192 1373 1382 1392 1642 
m362 22 36 40 41 1822 1836 1840 1841 2022 2036 2040 2072 2086 2090 2091 4336 4586 
m2819 26 46 1326 1346 2346 
m255 32 46 1646 2332 2346 
m1617 22 23 30 36 40 41 46 1122 1123 1130 1136 1140 1141 1146 1191 1523 1536 1541 1546 1841 1846 2023 2030 2036 2040 2041 2046 2072 2073 2091 2341 3696 4323 
m730 32 37 45 46 1637 1645 1895 2332 2337 2345 
m1977 10 32 46 1610 1632 1646 2310 2346 
m1099 46 2346 
m120 22 23 30 36 40 46 49 1122 1123 1130 1136 1140 1146 1149 1172 1173 1522 1523 1530 1540 1546 1822 1823 1830 1840 1846 2022 2023 2030 2036 2040 2046 2322 2323 2330 2336 2340 2346 2349 2480 2486 2490 2496 3696 4823 
m3292 13 37 4363 
m1747 22 23 36 40 41 46 1123 1136 1140 1141 1146 1190 1822 1823 1836 1840 1841 2023 2036 2040 2041 2046 2072 2073 2086 2096 2322 2323 2336 2340 2341 2346 3673 3686 4323 4346 4823 
m1145 22 23 30 46 1122 1123 1130 1146 1180 1523 1530 1546 2330 2346 4823 
m3376 45 46 2295 2345 
m131 5 37 45 46 1855 2255 2287 2296 2305 4837 
m3399 23 45 46 1195 2323 2345 2346 
m857 23 36 1186 
m1393 41 46 49 2341 2491 2496 
m450 46 50 2546 
m1303 32 33 40 46 1633 2032 2033 2040 2046 2332 2333 
m381 18 37 46 1868 2318 4837 
m1817 6 42 46 346 2146 2842 
m2524 45 
m2227 46 
m2265 22 23 36 41 1123 1136 1141 1191 3686 4341 
m928 22 38 40 45 46 1138 1146 1938 1940 1946 2272 2288 2290 2296 2340 2346 
m863 45 2295 
m177 38 45 2288 
m2196 37 38 46 1888 1938 2338 4837 
m2561 22 44 46 1146 2344 2346 4846 
m660 14 45 745 2264 2295 
m2458 12 40 45 46 645 2012 2045 2046 2312 2340 2345 2346 4812 
m941 23 30 38 46 1180 1923 1930 1946 2330 2346 4823 
m2869 45 46 2295 2296 2346 
m3537 32 45 46 1632 1646 2282 2296 2332 
m2933 23 30 36 41 1523 1823 1830 2073 2080 3673 4323 4586 
m2289 18 46 2318 
m2436 5 14 46 705 2305 2314 
m965 38 46 1946 
m2684 22 23 36 49 1123 1136 1149 1173 1186 2473 2486 3673 4323 
m1070 45 49 2295 2299 
m2922 16 23 40 46 840 846 1190 2016 2023 2040 2046 2340 3323 3696 
m1171 46 4846 
m2780 22 23 36 38 40 41 46 1136 1138 1140 1146 1936 1940 1946 2022 2036 2038 2046 2072 2090 2323 4323 4836 
m2830 3 30 153 180 1503 1530 
m2326 14 22 30 36 40 722 730 736 1114 1122 1130 1136 1140 1522 1536 1540 1822 1840 2022 2040 
m2857 22 36 41 49 1122 1136 1141 1149 1822 1841 1849 2072 2086 2091 2099 2472 2486 2491 4336 
m897 22 46 1122 1146 
m924 27 32 38 46 1382 1388 1396 1638 1646 1946 
m2181 22 36 37 40 46 1122 1136 1137 1140 1146 1822 1836 1837 1840 1846 1890 2022 2036 2037 2040 2046 2322 2336 2337 2340 2346 4837 
m1794 36 40 45 1845 2036 2045 
m1913 22 23 30 39 1123 1522 1523 1972 1973 1980 3673 
m348 22 23 41 1122 1123 1141 1172 1173 1191 3673 
m1932 2 36 45 46 145 1845 2252 2286 2295 2302 2345 2636 4836 
m1102 22 30 46 1130 1146 2322 2330 2346 
m2048 30 38 39 1930 1980 1988 
m459 13 22 33 36 40 1113 1122 1133 1136 1140 1813 1822 1833 1840 2013 2022 2033 4163 
m2377 18 23 36 923 936 1186 1836 3686 
m1447 46 
m653 22 32 36 37 40 1122 1136 1137 1140 1622 1636 1637 1640 1822 1872 1886 1890 2022 2036 
m916 22 46 1146 
m2066 14 26 32 46 726 732 746 1314 1326 1332 1346 1626 1646 2326 
m1176 22 44 46 1146 2344 2346 4846 
m753 22 44 46 1144 1146 2246 2322 2344 2346 4846 
m379 14 22 722 1114 1122 
m118 22 23 30 38 1122 1123 1130 1138 1172 1173 1188 1522 1523 1530 1538 1922 1923 3673 
m624 14 30 37 714 730 737 1880 3237 
m2462 37 
m342 37 
m1621 5 45 46 2255 2295 2296 2305 2345 
m485 33 46 2333 2346 4833 
m412 15 38 46 1915 2315 2338 
m2728 16 45 46 845 2345 4816 
m3379 36 46 49 1849 2336 2346 2349 4836 
m3419 45 46 2345 2346 
m658 
m1753 34 46 2334 
m1444 12 45 46 645 2345 4812 
m1361 23 30 46 49 1180 1199 1549 2323 2330 2346 2349 2473 2480 2496 
m1394 13 38 46 663 696 1913 1946 
m2404 11 13 33 45 563 583 595 695 1695 3183 
m1469 22 36 41 1122 1136 1141 1841 2072 2086 2091 4586 
m503 32 37 46 1632 1637 1646 2332 2337 2346 4837 
m688 36 46 2336 
m1908 13 22 36 40 672 686 690 1113 1122 1136 1140 1822 2022 2036 
m296 14 40 46 740 2014 2040 2046 2340 2346 3246 4814 
m2332 46 
m1418 22 36 45 46 49 1145 1822 1845 2322 2336 2345 2472 2486 2495 2496 
m2838 23 30 38 1180 1523 1530 1538 1923 1930 1938 
m1941 23 45 1195 2295 
m3571 22 44 45 46 1146 2272 2294 2296 2344 2346 4846 
m2055 30 40 46 49 1540 1546 1549 2030 2040 2046 2330 2340 2346 2349 2490 2496 
m463 22 23 30 1123 1130 1180 1530 
m1080 14 36 38 40 738 1838 2014 2036 2038 2040 4314 
m3124 45 46 49 2295 2299 2345 2349 
m2521 14 22 46 722 746 2322 2346 
m2787 22 40 41 46 1140 1141 2022 2040 2041 2046 2072 2090 2091 2096 2341 
m1930 22 1122 
m1074 22 23 36 40 41 46 1122 1123 1136 1140 1141 1146 1190 1191 1822 1823 1836 1840 1841 1846 2022 2023 2036 2040 2041 2046 2323 2336 2340 2341 3673 3686 4323 4336 
m1424 37 39 40 46 1890 1987 1990 2037 2039 2046 2340 4396 4496 
m2967 20 22 23 30 38 1022 1023 1030 1038 1123 1130 1172 1173 1180 1188 1520 1523 1538 1922 1923 1930 1938 3673 
m182 14 32 46 732 2314 2332 2346 4814 
m2873 36 45 46 1845 2336 2345 2346 4836 
m1333 41 2091 
m570 12 32 46 632 2332 4812 
m359 9 36 49 1809 2459 2486 2499 2959 4309 4336 
m1581 38 46 1946 
m1860 23 36 40 41 1186 1190 1191 1840 1841 2036 2040 2041 
m2497 40 45 2045 
m434 36 45 46 1845 2336 2345 
m1331 36 40 46 49 1836 1840 1846 1849 2036 2046 2049 2336 2340 2346 2349 2486 2490 2496 4346 4836 4846 
m1014 13 25 38 46 1263 1296 1913 1925 1946 2313 
m180 26 38 46 1326 1346 1926 1946 2326 4846 
m2620 23 
m1158 45 2295 
m1332 18 918 
m1435 37 46 2337 
m3092 22 40 45 46 1140 1145 1146 2045 2046 2345 
m704 22 41 1122 1141 
m1084 22 23 30 36 40 41 1122 1123 1130 1136 1140 1141 1172 1173 1186 1190 1191 1522 1523 1536 1541 1840 1841 2023 2036 2041 2072 2073 2086 2090 2091 3673 3686 4323 4336 4586 
m1234 37 46 1887 1896 2337 2346 4837 
m2039 13 17 22 45 46 672 872 2295 2296 2313 2317 2322 3363 
m1762 17 46 2317 2346 4817 
m740 22 44 46 1146 2246 2344 2346 4846 
m2336 46 4846 
m495 8 45 46 2258 2296 2308 
m3228 26 40 46 1346 2026 2046 2346 
m1693 13 22 33 1113 1672 4163 
m364 45 
m3600 22 45 46 1145 1146 2345 4846 
m2778 46 
m2981 22 45 46 1122 1145 1146 2272 2295 2296 2345 
m1388 32 45 46 2282 2296 2332 
m2142 36 
m968 22 44 46 1146 2222 2246 2344 2346 4846 
m1257 30 36 40 46 48 1830 1848 2030 2036 2046 2330 2336 2346 2348 2430 
m382 13 36 40 49 2013 2036 2463 2486 2490 4313 
m539 46 
m2975 16 23 36 46 1186 1816 2316 2323 2336 3666 
m1223 22 23 30 46 1122 1123 1130 1146 1196 1523 1530 1546 2322 2323 2330 2346 3696 4823 
m10 30 41 46 2080 2096 2330 2341 2346 
m2804 22 40 46 1140 1146 2340 
m3522 31 45 2281 
m1694 46 48 2348 
m1680 23 32 36 40 49 1182 1632 1823 1832 1849 2023 2032 2036 2049 2473 2482 
m639 17 33 38 45 895 1695 1917 1933 1938 1945 3383 
m1566 22 23 40 46 1123 1140 1146 1190 2022 2023 2040 2046 2340 2346 3696 4823 
m2569 23 30 46 1173 1180 1196 1523 1530 1546 2323 2330 2346 3696 4823 4846 
m1209 23 38 45 1923 2273 2288 
m2996 46 4846 
m328 17 46 4817 
m3410 30 32 36 40 46 1630 1640 1646 1830 1840 2030 2330 2332 2336 2340 2346 4136 
m2018 37 46 4837 
m2795 22 40 46 1122 1140 1146 2340 
m1552 10 32 46 1610 1646 2310 
m540 41 45 46 2095 2096 2345 
m844 38 46 1946 2338 2346 
m3269 36 38 40 45 1838 1936 1938 1940 2036 2038 2286 2288 
m1031 22 30 38 1130 1922 1930 1938 
m3580 22 46 1146 
m1077 22 44 46 1144 1146 2246 2322 2344 2346 4846 
m2328 13 22 1113 
m395 36 
m580 5 14 26 45 705 745 1305 1314 1345 2255 
m2206 36 40 46 1836 1840 1846 2036 2040 2046 2336 2340 2346 4336 4346 
m724 32 36 46 2332 2336 2346 4332 4836 
m2632 44 46 49 2246 2494 2496 
m878 22 23 30 41 49 1123 1130 1173 1523 2072 2073 2080 2472 2473 2480 2491 3673 
m2611 32 36 38 46 1832 1932 1936 1938 1946 2332 2336 2346 4836 
m1924 23 26 30 46 1180 1323 1330 1346 1523 1530 2330 4823 
m446 22 40 46 1140 1146 2046 
m500 22 46 49 2322 2346 2472 2496 
m3014 22 23 30 46 1123 1130 1146 1180 1523 1530 1546 2330 4823 
m2312 14 46 49 2314 2346 2464 2496 4814 
m3459 22 44 46 1146 2222 2244 2246 2322 2344 2346 4846 
m1856 36 37 40 41 46 1837 1840 1846 1890 2087 2090 2096 2340 4396 4586 
m2283 45 
m596 37 38 40 46 1890 1937 1938 1946 2340 4837 
m1686 22 23 27 36 40 1122 1123 1127 1136 1140 1190 1372 1373 1386 1390 1823 1840 2023 2040 
m3316 8 36 40 46 1808 1836 1840 1846 2008 2036 2040 2046 2308 2336 4336 
m1496 14 
m3570 45 49 2295 2299 
m3148 36 39 40 1836 1839 1840 1986 1990 2036 2039 2040 
m1036 23 30 46 1180 1523 1530 1546 2330 2346 4823 
m2293 22 36 46 49 1136 1146 1149 1849 2336 2346 2349 
m276 
m2733 37 38 41 46 1937 1938 1941 1946 2087 2096 4837 
m1320 22 23 30 38 41 1123 1172 1173 1188 1522 1523 1530 1538 2072 2073 2080 2088 3673 
m455 5 13 27 38 46 263 296 1355 1363 1396 1905 1913 1927 1946 2313 2346 4813 
m3324 36 38 46 48 1836 1838 1848 1936 1938 1948 2336 2338 2348 2436 2438 2448 4336 4836 
m2842 5 36 38 41 46 286 291 296 1905 1936 1938 1941 1946 2341 4341 4836 
m1875 13 20 33 36 40 41 670 686 690 691 1033 1036 1040 1041 1686 1690 1691 1840 1841 2036 2041 3183 3536 4336 
m15 18 46 2318 2346 
m1256 36 41 46 2341 4341 4836 
m154 22 
m3590 37 45 1895 
m2040 13 46 4813 
m1620 32 46 2332 2346 
m2471 22 23 30 1123 1172 1173 1180 1522 1523 1530 3673 
m3006 14 27 36 46 48 736 746 748 1364 1386 1396 1398 1846 1848 2446 
m3110 14 36 49 1814 1849 2464 
m2199 40 44 46 49 2044 2046 2049 2344 2349 2494 
m1353 6 43 4656 
m147 12 22 23 36 41 46 49 622 623 636 641 649 1123 1136 1141 1191 1822 1823 1841 2322 2323 2336 2341 2349 2472 2473 2486 2491 3136 4323 4336 4812 
m3093 22 30 37 46 1130 1137 1146 1880 2322 2330 2337 2346 4837 
m3420 14 22 722 1114 1122 
m2775 22 23 36 40 49 1122 1123 1136 1140 1149 1173 1186 1190 1822 1823 1836 1849 2023 2036 2472 2473 2486 3673 3686 4323 4336 
m1173 5 37 46 1855 2305 2337 2346 4837 
m211 22 36 46 49 1149 1822 1836 1846 1849 2322 2349 2472 2486 2499 4836 
m2168 22 44 46 1122 1144 1146 2222 2246 2322 2344 2346 
m2489 45 46 2345 
m2303 46 2346 
m3053 23 30 45 46 1173 1180 1196 2273 2296 2330 2346 4823 
m3129 27 36 40 46 1827 1840 2027 2036 2040 2327 2340 4836 
m1183 30 36 40 46 49 1549 1830 1836 1846 1849 2030 2036 2040 2046 2049 2330 2349 2480 2499 
m1354 22 38 45 46 1138 1145 1146 1938 1945 1946 2345 
m3457 37 40 46 1890 2037 2040 2046 2337 2340 2346 4396 
m2351 22 26 46 1146 1322 1346 
m405 23 30 33 46 1180 1523 1530 1533 1546 1680 2330 2333 4173 4823 
m715 26 36 46 1336 1346 2336 2346 4836 
m1085 32 36 4332 
m761 32 36 45 46 1832 2282 2286 2296 2332 2336 2346 4836 
m827 22 30 36 40 41 46 1136 1141 1146 1541 1822 1830 1841 2022 2046 2086 2096 2336 
m2555 30 36 40 46 49 1549 1830 1836 1846 1849 2036 2040 2046 2330 2349 2480 2499 
m2269 5 13 22 26 33 46 263 283 672 1305 1313 1322 1333 1346 1672 2305 2313 2322 2333 4163 
m1874 46 
m2803 3 46 2303 2346 4803 4846 
m1292 22 23 36 41 1122 1123 1136 1141 2073 3686 4586 
m2149 22 45 46 1145 1146 2296 4846 
m3168 45 46 2296 
m456 2 27 36 40 46 1352 1386 1396 1802 2002 2027 2036 2046 2302 4836 
m689 8 37 408 437 
m1454 8 
m505 32 36 46 49 1849 2332 2336 2346 2349 2482 4332 
m1056 23 30 36 40 1180 1523 1530 1536 1540 1830 2023 2030 2036 2040 4323 
m2770 46 
m2825 21 23 46 1171 2321 2323 
m3463 37 41 46 2087 2096 4837 
m2096 12 23 30 36 41 46 49 630 1180 1812 1830 1846 2062 2073 2080 2086 2096 2323 2330 2462 2473 2480 2486 2491 2496 3123 4323 4812 
m49 10 30 36 37 46 1510 1536 1546 1810 1860 1880 1886 1896 2310 2346 4836 
m339 23 30 33 46 1180 1523 1530 1533 1546 1680 2323 2330 2333 2346 4173 4823 
m571 22 46 1122 1146 2322 2346 
m2694 30 40 46 2030 2040 2046 2330 
m481 22 23 30 38 1122 1123 1130 1138 1172 1173 1188 1522 1523 1530 1538 3673 
m1954 45 
m2167 22 44 46 1144 1146 2246 2344 2346 4846 
m903 23 36 3686 
m738 22 36 37 40 46 1122 1136 1137 1140 1146 1886 1890 2036 2037 2040 2046 2322 2336 2337 2340 4396 
m1599 22 23 36 45 1122 1123 1136 1172 1173 1186 2272 2273 3673 
m301 23 36 45 1186 2273 2286 2295 3673 3686 
m3072 46 
m1627 5 45 46 2255 2296 2305 
m812 22 32 46 1132 1146 2332 
m2164 
m2746 14 22 45 745 1114 1145 
m3467 9 17 40 46 49 859 896 2009 2017 2046 2049 2309 2346 2459 2467 2496 3396 
m3185 23 30 46 1180 2323 2330 2346 
m44 9 36 45 46 486 495 496 1845 2309 2336 2345 2346 
m214 22 36 40 41 45 1122 1136 1140 1836 1840 2036 2040 2072 2086 2272 2291 
m1962 36 38 40 45 1845 1936 1938 1940 1945 2036 2045 2286 2295 4336 
m877 14 33 4164 
m507 17 40 46 890 2340 2346 3396 4817 
m1400 23 46 49 2323 2346 2473 2496 4823 
m68 23 26 32 46 1182 1323 1332 1346 2323 2332 
m483 10 46 2310 
m729 45 49 2295 2299 
m1545 14 45 46 745 746 2345 
m2680 13 36 40 46 696 1813 2013 2036 2040 2046 4346 
m3162 22 36 41 1122 1136 1141 1841 2072 2086 2091 4586 
m940 22 23 36 1123 1136 3686 
m3177 23 26 30 36 40 45 49 1173 1186 1190 1195 1323 1330 1336 1349 1523 1526 1530 1536 1549 1836 1840 1845 2036 2045 2473 2486 2495 3686 4323 4336 
m1377 37 46 49 1887 1899 2337 2346 2349 2487 2496 4396 4837 
m231 22 27 40 46 1127 1140 1146 2027 2046 2327 
m3161 5 45 46 2255 2296 2305 
m2058 
m1651 22 36 40 41 46 48 1136 1140 1141 1148 1836 1848 2036 2048 2086 2090 2098 2322 2336 2340 2341 2348 4336 
m260 5 13 33 36 46 263 283 1805 1813 1833 2305 2313 2333 4163 4836 
m1510 34 1734 
m1291 45 46 2345 
m3178 36 
m772 14 37 38 46 737 738 746 1888 1896 2338 
m1982 45 46 48 2345 2445 2446 
m3614 22 37 46 1872 2322 2337 
m3311 14 36 40 45 736 740 745 1840 2036 2286 2290 4336 
m2403 38 
m615 23 45 1173 2273 3673 
m1826 22 26 44 46 1122 1144 1146 1322 1326 1344 1346 2344 2346 4846 
m745 13 20 22 33 36 37 40 672 686 690 1013 1020 1022 1033 1036 1040 1120 1122 1136 1140 1672 1686 1690 1813 1820 1822 1840 1870 1872 1886 1890 2013 2020 2022 2036 3183 
m2224 30 36 41 46 49 1536 1541 1841 2080 2086 2091 2096 2099 2330 2336 2341 2346 2349 2480 2486 2491 
m2308 5 46 2305 
m2990 14 49 2464 
m1881 12 36 40 41 46 49 636 640 641 649 1836 1840 1841 2036 2041 2336 2340 2341 2349 2486 2490 2491 3136 4336 4812 
m3111 22 36 40 46 1122 1136 1146 1822 2022 2036 2322 2336 2340 2346 4836 
m2288 13 37 46 1896 2313 4363 
m1243 5 45 46 2255 2305 2345 2346 
m325 22 37 46 1122 1137 1146 1872 2322 4837 
m1518 22 46 1146 4846 
m2165 12 23 30 36 41 612 630 636 641 1191 1523 1541 1812 1823 1830 1836 1841 2062 2086 3123 
m3386 14 21 45 46 721 745 2271 2321 2345 4814 
m807 22 23 31 36 1123 1131 1136 1172 1173 1573 1822 1823 3673 3686 4086 4323 
m958 12 14 32 37 46 614 632 732 737 1882 2314 2332 2337 3137 4812 
m779 37 
m2220 38 45 46 49 1946 2299 2345 2346 2349 
m2104 40 46 2040 2046 2340 
m440 6 36 42 46 49 2306 2336 2342 2456 2486 2492 2496 2836 4606 4636 
m1670 22 26 41 46 1141 1146 1322 1341 1346 2341 
m3439 27 40 46 1396 2027 2040 2046 2340 2346 
m2937 13 33 1663 1683 4163 
m2563 22 44 46 1144 1146 2344 2346 
m2204 32 45 1645 
m1365 36 45 46 49 1845 2336 2345 2346 2349 2486 2495 2496 
m3572 30 40 45 46 2045 2046 2280 2296 2330 2345 4846 
m3490 9 36 46 49 459 486 496 499 1809 1846 1849 2309 2336 2346 2349 2459 2486 2496 2499 4336 
m346 12 36 40 41 46 636 640 641 1836 1840 1841 2036 2041 2336 2340 2341 3136 4336 4812 
m3568 46 
m3271 38 40 45 46 1946 2038 2046 2288 2290 2296 
m3198 10 36 40 49 536 1810 1836 1849 2010 2036 2049 2460 2486 
m1919 3 13 22 23 172 672 1163 1172 2663 3653 
m3460 46 
m2279 22 36 46 49 1822 2322 2336 2346 2349 2486 2496 
m1163 5 23 36 45 286 295 1155 1186 1195 1845 4336 
m3070 40 46 49 2040 2046 2340 2490 2496 
m847 22 23 30 46 1122 1123 1130 1146 1180 1523 1530 1546 2330 2346 4823 
m1986 40 46 2046 2340 2346 4846 
m2419 37 
m3402 36 40 1836 1840 2036 2040 4336 
m2863 14 22 1114 
m2422 45 
m2194 27 36 37 46 49 1387 1827 1837 2327 2477 2486 2487 2496 4336 4346 4837 
m3132 5 45 295 
m1956 28 36 1828 1836 
m3407 13 33 46 696 2333 3183 
m661 13 22 46 1113 1122 1146 2313 2322 2346 
m885 12 14 46 2312 2314 2346 3212 4812 4814 
m1207 22 23 30 38 46 1123 1130 1146 1188 1523 1530 1538 1546 2338 3696 
m3004 22 23 30 36 40 41 1122 1123 1130 1136 1140 1172 1180 1186 1522 1523 1536 1822 2023 2030 2036 2072 2073 2080 2086 2090 3673 4323 
m2371 30 36 40 45 46 1830 1845 2030 2036 2040 2045 2046 2280 2330 2345 4346 
m3317 32 36 1832 
m2633 13 33 36 49 663 683 686 699 1663 1683 1686 1699 1833 1849 2463 2483 2486 3183 
m2602 22 44 46 1146 2322 2344 2346 4846 
m2287 37 39 40 46 1890 1987 1990 2340 4396 4496 
m2571 22 44 46 1146 2222 2246 2322 2344 2346 4846 
m3617 20 37 46 1870 2320 2337 
m3554 3 32 37 182 187 1882 
m2834 22 46 1146 
m1535 13 33 36 40 48 698 1698 1813 1833 1848 2013 2033 2036 2048 4163 
m1358 23 30 36 40 49 1180 1199 1549 1823 1830 1836 1840 1849 2023 2030 2036 2040 2049 2473 2480 2486 2490 
m3300 5 36 45 46 286 295 1845 2305 2336 2345 4336 
m2976 13 23 36 1186 1813 3663 
m1927 37 41 46 2087 2096 4837 
m2629 30 39 1980 
m2961 5 26 33 45 1305 1333 1345 1655 1695 2255 
m3421 22 23 30 1122 1123 1130 1172 1173 1522 1523 3673 
m1830 5 22 44 46 272 294 296 1144 1146 2205 2246 2305 2322 2344 2346 4846 
m2277 12 45 645 2295 
m1564 12 22 37 46 1112 1137 1146 2337 4362 4812 
m1289 22 23 30 36 40 1122 1123 1130 1136 1172 1173 1180 1186 1190 1522 1523 1530 1536 1540 1822 1823 1830 1840 2022 2023 2030 3673 
m3345 15 45 795 
m3429 27 45 46 2277 2296 2327 2346 
m3621 22 36 45 1136 1145 1845 
m901 14 27 38 727 1364 1377 1388 1914 1927 
m2190 22 36 37 40 46 1122 1136 1137 1140 1146 1822 1837 1840 1846 2022 2037 2040 2046 2322 2337 2346 4837 
m609 26 46 49 1346 1349 2346 2496 2499 
m2207 36 40 46 1836 1840 1846 2036 2040 2046 2336 2340 2346 4336 4346 
m529 46 
m3609 13 33 4163 
m3408 22 23 30 46 1122 1123 1130 1146 1180 1523 1530 1546 2330 2346 4823 
m1649 22 36 40 41 1822 1836 1841 2036 2041 2072 2086 2090 2091 4586 
m2350 45 46 2296 2346 
m1511 14 37 40 46 737 740 746 2037 2046 4837 
m283 29 34 36 1484 1734 1829 1834 1836 
m1199 5 26 45 46 276 296 1305 1326 1346 2255 2276 2296 2326 
m2128 20 22 36 40 1120 1122 1136 1140 1820 1840 2020 
m786 14 38 46 1914 1946 2346 4814 
m1224 13 46 696 
m3577 22 23 41 1141 1172 1173 1191 
m2479 22 23 30 41 1122 1123 1130 1172 1173 1180 1522 1523 1541 2072 2073 2080 3673 
m198 14 30 46 730 2330 4814 
m2383 32 44 46 1644 1646 2344 
m597 36 38 48 1838 1848 1936 1948 2436 2438 2448 
m581 37 39 40 46 1890 1987 1990 2340 4396 4496 
m3012 22 23 30 36 40 41 46 1122 1123 1130 1136 1140 1141 1146 1191 1523 1536 1541 1546 1841 1846 2023 2030 2036 2040 2041 2046 2072 2341 3696 4323 
m1288 13 17 22 672 872 3363 
m1118 22 30 36 41 1122 1130 1136 1530 1536 1541 1830 2080 4586 
m1263 8 22 23 30 46 408 422 423 430 446 1122 1123 1130 1146 1180 1523 1530 1546 2330 4823 
m146 22 44 46 1146 2246 2344 2346 4846 
m519 14 20 22 720 1114 1120 
m851 22 23 30 36 38 40 1123 1130 1136 1140 1172 1173 1180 1186 1188 1190 1522 1523 1538 1822 1830 1922 1923 1930 1936 1938 1940 2022 2023 2030 2036 2040 3673 4323 
m1820 22 44 46 1146 2344 2346 4846 
m3170 36 48 49 1848 1849 2486 2498 2499 4336 
m3055 16 38 46 838 2338 4816 
m2504 12 45 46 645 2345 4812 
m470 11 13 33 45 563 583 595 2263 2283 3183 
m1433 18 45 2268 
m1776 36 45 46 1845 2345 4836 
m563 22 30 36 40 1136 1140 1522 1536 1822 1830 1836 1840 2022 2030 2036 2040 4336 
m2847 22 23 36 40 41 1122 1123 1136 1140 1141 1186 1190 1836 1840 2036 2040 2072 2073 2086 3686 
m3322 20 23 1020 1023 1170 
m2275 22 37 45 46 1122 1137 1145 1146 1887 1895 1896 2287 2296 2337 
m3538 32 46 1632 1646 2332 
m2531 10 36 46 1810 2310 2346 4836 
m3029 14 36 38 46 48 736 746 748 1848 1914 1936 1938 1946 1948 2314 2336 2338 2346 2348 
m2313 13 22 32 45 682 1113 1132 1145 2263 2282 
m3314 21 36 46 49 1086 1099 1849 2321 2336 2346 2349 
m1409 32 36 38 41 46 1641 1646 1932 1936 1941 1946 2332 2336 2341 2346 4136 4586 
m107 22 23 30 36 46 49 1122 1123 1130 1146 1149 1172 1173 1180 1199 1522 1523 1530 1549 1822 1823 1830 1846 1849 2322 2323 2330 2349 2472 2473 2480 2496 3673 4823 
m2388 26 46 1346 2346 
m1357 23 30 36 49 1180 1199 1549 1823 1830 1849 2473 2480 2486 
m725 11 
m1752 22 40 45 46 1140 1146 2272 2290 2296 2340 
m3241 36 41 46 2336 2341 2346 4586 4846 
m860 38 46 1946 2338 2346 
m462 2 45 46 2252 2296 2302 
m2880 27 36 46 49 1827 2327 2336 2486 2496 
m22 22 23 30 46 1122 1123 1130 1146 1180 1523 1530 1546 2330 2346 4823 
m3058 28 37 38 39 46 1878 1928 1937 1938 1939 1946 1978 1987 2328 4396 4496 
m1910 23 30 45 46 1195 1523 1545 1546 2295 2345 4823 
m436 
m1380 22 44 46 1146 2344 2346 4846 
m2989 22 23 45 1123 1145 1172 1195 3673 
m2271 26 46 1346 
m3477 22 32 36 40 46 49 1622 1646 1822 1832 1836 1840 1846 1849 2032 2036 2046 2322 2482 2486 2490 2496 4332 
m1081 46 2346 4846 
m1524 22 23 1122 1123 1172 
m3027 22 35 46 1135 1146 1796 
m2777 45 46 2345 
m2393 38 41 46 1941 1946 2341 
m709 5 13 22 45 46 655 1113 1145 1146 2255 2263 2296 2305 2313 
m1112 46 
m2241 
m723 14 40 740 
m14 13 22 32 33 36 40 46 690 696 1113 1122 1132 1133 1136 1140 1146 1613 1633 1636 1640 1646 1690 1813 1833 1840 1846 2013 2033 2046 2333 2340 3183 
m1410 7 38 46 1907 1946 2307 2338 2346 
m3197 26 33 45 1333 1345 1695 
m620 36 
m3108 14 22 1114 1122 
