m3177 12 22 23 30 36 40 46 612 622 623 630 636 640 646 1112 1123 1136 1140 1146 1162 1173 1512 1523 1536 1546 1812 1822 1823 1830 1836 1846 2012 2022 2023 2030 2036 2046 2312 2322 2323 2330 2336 2346 3123 3686 4346 4812 
m2039 22 44 46 1146 2322 2344 2346 4846 
m556 22 44 45 46 1144 1145 1146 2294 2296 2344 2346 
m160 37 46 4396 
m2038 32 36 46 1636 2332 2336 2346 4332 4336 4836 
m476 37 46 2337 
m2375 6 43 4656 
m3262 37 41 46 1891 2087 2091 2096 2341 4396 
m1275 45 46 2295 2345 
m2935 36 40 46 48 2036 2040 2046 2048 2336 2346 2348 2436 4836 
m2500 12 40 45 46 645 2012 2045 2046 2312 2340 2345 2346 4812 
m1348 41 2091 
m2926 23 38 45 1923 2273 2288 
m3624 46 
m1997 22 23 30 41 46 1122 1123 1130 1146 1180 1523 1530 1546 2072 2073 2080 2091 2096 2330 4823 
m2947 
m1299 5 22 30 37 46 272 280 287 296 1522 1537 1855 1872 1880 1887 1896 2305 2322 2330 2337 2346 4387 4837 
m3561 37 40 45 46 1890 2287 2290 2296 2340 4396 
m2959 22 37 46 1872 2322 4396 
m1652 12 40 46 2012 2046 4812 
m1705 14 22 38 46 49 722 749 1914 1938 1946 1949 2314 2322 2338 2346 2349 2472 4814 
m2014 45 46 48 2345 2445 2446 
m2134 13 22 33 36 40 48 672 686 690 1113 1122 1133 1136 1140 1672 1686 1690 1822 2022 2036 2413 2422 2433 2436 2440 3183 
m2280 14 40 46 49 2014 2040 2046 2314 2346 2464 2490 2496 4814 
m2616 22 44 46 1144 1146 2246 2344 2346 4846 
m952 22 23 36 1123 1136 3686 
m3376 22 23 30 46 1123 1130 1146 1180 1523 1530 1546 2330 4823 
m2887 5 7 36 46 49 286 296 299 355 386 396 1836 1849 2336 2346 2349 2486 2499 4836 
m3539 12 26 45 46 645 1312 1345 1346 2345 4812 
m1645 5 45 46 2255 2296 2305 
m3599 14 44 46 49 744 746 2344 2464 2494 2496 
m3384 5 33 45 46 1655 1695 2255 2305 2345 4833 
m2856 26 
m464 13 20 22 33 36 40 670 672 686 690 1022 1033 1036 1040 1672 1686 1690 1822 1840 2022 2036 3183 3536 4336 
m1693 33 45 48 1695 1698 2298 
m2440 39 40 41 46 1990 1991 1996 2040 2046 2090 2096 
m585 26 38 45 46 1338 1345 1346 1938 1945 2288 2338 2345 
m581 37 46 4396 
m3572 46 4846 
m3168 27 36 40 46 1827 1840 2027 2036 2040 2327 2340 4836 
m460 13 22 33 36 40 1113 1122 1133 1136 1140 1813 1822 1833 1840 2013 2022 2033 4163 
m3083 38 45 46 1945 2288 2295 2296 2338 2345 
m1282 14 22 39 40 46 740 1114 1122 1139 1140 1146 1990 1996 2014 2040 2046 2340 3246 4464 
m2993 14 46 49 2314 2346 2464 2496 4814 
m2603 22 44 46 1146 2344 2346 4846 
m2671 22 30 36 40 46 1136 1140 1522 1536 1540 1840 2036 2040 2322 2330 2336 2340 2346 4836 
m3185 36 39 40 1836 1839 1840 1986 1990 2036 2039 2040 
m2931 22 23 36 41 1122 1123 1136 1822 1823 2072 2073 3673 4323 4586 
m2940 10 46 2310 2346 
m3451 30 32 36 40 46 1630 1640 1646 1830 1840 2030 2330 2332 2336 2340 2346 4136 
m422 10 22 44 46 546 1110 1144 1146 2210 2246 2310 2344 2346 4846 
m1709 13 22 33 1113 1672 4163 
m2174 36 
m2221 22 36 37 40 46 1122 1136 1137 1140 1146 1822 1837 1840 1846 2022 2037 2040 2046 2322 2337 2346 4837 
m639 8 408 
m2648 22 23 30 1122 1123 1130 1172 1173 1180 1522 1523 1530 3673 
m2872 38 
m2023 12 30 45 630 2262 2280 
m3609 22 26 36 45 46 1126 1136 1146 1336 1345 1346 1845 2336 2345 2346 4836 
m2003 36 41 44 1841 2086 2091 2094 2236 2241 2244 
m487 33 46 2333 2346 4833 
m302 44 46 2244 2246 2344 2346 
m1543 22 36 41 49 1122 1136 1141 1149 1822 1841 2072 2086 2091 2099 2472 2486 2491 4336 
m352 21 36 41 1821 2071 4341 
m2558 23 36 40 46 48 1190 1823 1836 1840 1846 1848 2023 2036 2040 2046 2048 2336 2340 2346 2423 2436 2446 3686 3696 4323 4346 4823 4836 
m793 36 41 46 1841 2341 4836 
m390 22 37 40 46 1137 1140 1146 1890 2022 2037 2046 2322 2337 2340 2346 4396 
m1747 5 37 45 46 1855 1895 2255 2305 2337 2345 2346 4837 4846 
m1550 22 23 36 40 41 46 1122 1123 1136 1140 1186 1190 1836 1840 2036 2040 2072 2073 2086 2090 2322 2323 2336 2340 2341 3686 
m1940 22 23 30 39 1123 1522 1523 1972 1973 1980 3673 
m1930 26 38 40 46 1338 1340 1346 1946 2340 
m2182 12 22 23 36 40 41 46 49 636 640 641 646 649 1123 1136 1141 1146 1149 1812 1836 1840 1841 1846 1849 2036 2041 2046 2073 2086 2090 2091 2096 2099 2322 2323 2336 2340 2341 2349 2462 2472 2473 2486 2491 2496 2499 4323 4336 4812 4836 
m1386 22 45 1145 
m1121 22 37 45 49 1122 1137 1145 1149 1899 2287 2299 
m1945 22 44 46 1146 2322 2344 2346 4846 
m1293 5 41 2055 
m73 36 48 1836 1848 2436 2448 
m2555 22 44 46 1146 2344 2346 4846 
m1436 9 14 36 49 709 1809 1814 1836 1849 2459 2464 2486 2499 
m3155 23 36 40 46 49 1836 1840 1846 1849 2023 2036 2046 2049 2323 2336 2473 2486 2490 2496 3686 4323 4336 4836 
m2727 5 14 40 45 46 705 745 2005 2014 2045 2046 2255 2305 2345 4814 
m2775 37 38 41 46 1937 1938 1941 1946 2087 2096 4837 
m1441 36 46 2336 
m2672 44 46 49 2246 2494 2496 
m482 45 
m97 14 22 36 38 40 46 714 736 1114 1136 1138 1140 1146 1836 1914 1936 1940 2014 2036 2314 2336 2338 2340 3236 4314 4814 
m3658 20 37 46 1870 2320 2337 
m1352 13 22 36 40 672 686 690 1113 1122 1136 1140 1822 2022 2036 
m137 5 45 46 2255 2296 2305 2346 
m891 22 23 36 39 41 1123 1136 1972 1973 1986 1991 2072 2073 3673 4323 4586 
m2390 45 46 2296 2346 
m3195 13 38 1913 1938 
m2283 29 
m2711 5 14 38 45 46 705 745 1905 1914 1945 1946 2255 2305 2345 4814 
m937 27 32 38 46 1382 1388 1396 1638 1646 1946 
m2495 22 36 40 1136 1140 1840 2036 2040 
m3616 34 46 1746 
m3002 23 32 39 49 1173 1639 1973 2482 2489 3673 
m860 5 36 46 286 296 2305 2336 2346 4836 
m801 30 45 46 2280 2296 2330 2345 2346 4846 
m799 36 1836 
m1520 22 23 1123 1173 3673 
m2356 22 36 41 49 1136 1141 1149 1841 1849 2072 2086 2091 2099 2486 2491 4336 
m1163 22 30 41 46 1130 1146 1522 1546 2072 2080 2096 2322 
m2927 16 36 46 49 1816 1846 2316 2346 2486 2496 
m22 22 23 30 46 1122 1123 1130 1146 1180 1523 1530 1546 2330 2346 4823 
m181 14 32 46 732 2314 2332 2346 4814 
m1135 36 1836 
m1350 14 23 30 46 730 1180 2314 2323 2330 2346 3223 4814 4823 
m17 37 40 46 2037 2046 4837 
m3667 36 40 1836 1840 2036 2040 
m2288 18 
m2738 5 36 38 46 286 296 1905 1936 1946 4836 
m1841 13 38 46 688 1913 1946 2338 4813 
m3367 23 30 38 46 1173 1180 1188 1523 1530 1538 1923 1930 1938 2323 2330 2338 2346 3673 4823 
m3503 13 14 22 46 672 722 1113 1114 2313 2322 3213 4814 
m1692 12 22 36 40 41 45 46 49 636 640 641 645 649 1145 1822 1836 1840 1841 1845 2012 2022 2036 2040 2041 2045 2046 2049 2072 2095 2272 2295 2336 2340 2349 2486 2490 2491 2495 3136 4336 4812 
m101 5 45 2255 
m1092 44 46 2246 2344 2346 4846 
m2704 36 37 40 46 1886 1896 2036 2037 2046 2336 2346 4836 4837 
m195 38 45 46 1938 1945 1946 2345 
m785 22 30 36 40 41 49 1130 1136 1141 1536 1540 1541 1830 1836 1840 1841 2036 2072 2080 2086 2090 2091 2472 2480 2486 2491 
m3139 22 23 30 44 46 1130 1144 1146 1180 1523 1530 1546 2223 2230 2246 2323 2330 2344 2346 4823 4846 
m509 32 36 46 49 1849 2332 2336 2346 2349 2482 4332 
m2864 40 46 2046 2346 
m2376 46 4846 
m325 22 37 46 1122 1137 1146 1872 2322 4837 
m1854 14 23 30 38 730 1180 1514 1523 1530 1538 1914 1923 1930 1938 3223 
m660 
m3334 33 45 46 2283 2296 2333 2346 4833 4846 
m865 22 23 30 36 38 40 1123 1130 1136 1140 1172 1173 1180 1186 1188 1190 1522 1523 1538 1822 1830 1922 1923 1930 1936 1938 1940 2022 2023 2030 2036 2040 3673 4323 
m900 12 14 46 2312 2314 2346 3212 4812 4814 
m1397 30 46 2330 
m3422 22 46 1122 1146 2322 2346 
m1309 37 40 46 2037 2046 4396 
m791 18 45 945 
m3343 13 20 22 32 36 40 46 672 686 690 1013 1022 1032 1036 1040 1122 1136 1140 1613 1622 1636 1640 1822 2022 2036 2313 2320 2322 2332 2336 2340 
m1585 22 23 40 46 1123 1140 1146 1190 2022 2023 2040 2046 2340 2346 3696 4823 
m453 14 46 714 746 2314 2346 3246 4814 
m1401 5 13 14 23 33 655 705 713 1155 1163 1164 1183 1655 1664 4163 
m2566 45 
m3144 22 23 30 36 41 1122 1123 1130 1136 1172 1173 1522 1523 1822 1823 1830 2072 2073 2080 3673 4586 
m2498 22 23 30 36 40 46 49 1122 1123 1130 1136 1140 1146 1172 1173 1180 1186 1190 1196 1523 1530 1536 1540 1546 1822 1823 1830 1840 1846 2022 2023 2030 2036 2040 2046 2330 2346 2472 2473 2486 2490 3696 4336 4346 4823 
m1090 22 44 46 1144 1146 2246 2322 2344 2346 4846 
m1384 32 36 1832 
m2801 14 22 23 36 723 1114 1123 1136 1186 3236 
m329 11 45 595 
m3600 23 36 40 46 49 1836 1840 1846 1849 2023 2036 2040 2046 2049 2323 2336 2473 2486 2490 2496 3686 4323 4336 4836 
m2844 32 36 46 49 1632 1636 1649 1849 2332 2336 2346 2349 
m107 13 33 45 1695 2263 4163 
m2033 5 37 46 255 287 1855 1887 1896 2305 2337 2346 4837 
m1957 36 37 40 46 1837 1846 2036 2037 2040 2046 2337 2346 4346 
m3160 45 2295 
m2812 32 36 38 41 46 1641 1646 1932 1936 1941 1946 2332 2336 2338 2341 2346 4136 4586 
m105 5 14 46 705 2305 2314 
m1910 22 44 46 1146 2244 2246 2344 2346 4846 
m1303 37 40 41 46 2037 2046 2087 2090 2096 4837 
m2062 22 38 44 45 46 1146 1922 1944 1946 2272 2288 2294 2296 2344 2346 4846 
m2474 22 44 46 1146 2246 2344 2346 4846 
m827 11 13 33 39 563 583 589 689 1983 3183 
m10 30 41 46 2080 2096 2330 2341 2346 
m1681 22 
m2446 8 46 2308 2346 4846 
m1349 23 30 37 46 1180 1880 2323 2330 2337 2346 4373 4823 4837 
m916 23 36 3686 
m2076 22 35 46 1135 1146 2322 2335 2346 
m706 23 30 45 46 1195 1523 1545 1546 2323 2330 2345 2346 3696 4823 4846 
m2752 14 45 745 
m978 38 46 1946 
m1565 12 23 30 46 1162 1196 1512 1523 1530 1546 2312 2330 2346 3696 4812 4823 
m500 13 36 38 46 49 663 686 688 696 699 1813 1836 1838 1846 1849 1913 1936 1946 1949 2336 2338 2346 2349 2463 2486 2496 3196 4813 
m3000 5 26 33 45 1305 1333 1345 1655 1695 2255 
m3097 28 37 38 39 46 1878 1928 1937 1938 1939 1946 1978 1987 2328 4396 4496 
m3557 41 45 2291 
m1076 12 14 33 46 712 746 2333 3133 3233 4812 
m1680 22 23 30 1122 1123 1130 1172 1173 1180 1522 1523 1530 3673 
m98 22 38 44 46 1122 1144 1146 1922 1944 1946 2344 2346 4846 
m2630 26 32 33 46 1332 1333 1346 1682 2332 4833 
m3133 26 46 1346 2346 
m1577 12 13 22 36 40 622 636 640 672 686 690 1112 1113 1122 1136 1140 1822 2022 2036 3162 
m1155 17 45 895 2267 2295 
m2551 22 23 36 40 46 1122 1123 1136 1140 1146 1172 1186 1190 1196 1822 1836 2022 2036 2040 2046 2322 3686 4346 
m1231 13 25 38 46 675 1913 1925 1946 2313 2325 
m3062 22 23 36 40 41 46 49 1123 1136 1141 1149 1836 1849 2022 2036 2041 2046 2049 2073 2086 2091 2099 2322 2323 2336 2341 2349 2472 2473 2486 2491 4323 4336 4836 
m2006 32 36 38 41 46 1641 1646 1932 1936 1941 1946 2332 2336 2341 2346 4136 4586 
m25 40 46 2040 2046 2346 
m2840 22 36 46 1122 1136 1146 1822 1846 2322 
m1357 5 46 2305 
m175 22 44 46 1146 2344 2346 4846 
m1966 33 36 46 1686 2333 2336 2346 4833 
m1438 36 38 40 41 1841 1941 2036 2041 2086 2090 2091 
m2307 32 42 46 2132 2146 2332 
m1042 36 
m738 45 49 2295 2299 
m1745 5 36 45 46 286 295 1845 2255 2286 2295 2305 2336 2345 4336 
m3542 45 46 2295 2296 2345 4846 
m120 22 23 30 36 40 46 49 1122 1123 1130 1136 1140 1146 1149 1172 1173 1522 1523 1530 1540 1546 1822 1823 1830 1840 1846 2022 2023 2030 2036 2040 2046 2322 2323 2330 2336 2340 2346 2349 2480 2486 2490 2496 3696 4823 
m1642 36 45 46 49 1846 1849 2286 2296 2299 2349 
m520 39 
m3346 5 45 46 2255 2296 2305 2345 4846 
m298 3 30 36 40 46 180 186 190 196 1830 2030 2036 2046 2330 4836 
m2795 30 36 38 1530 1536 1538 1830 1836 1838 1930 1936 1938 4036 4330 
m373 26 37 38 46 1876 1926 1937 1946 2326 4396 
m1199 45 2295 
m2525 26 37 46 49 1337 1346 1349 1899 2337 2349 2487 2499 4387 
m2092 14 22 46 722 746 2322 2346 
m871 23 36 1186 
m2048 37 46 4837 
m1148 13 20 22 32 36 40 672 686 690 1013 1022 1032 1036 1040 1122 1136 1140 1613 1622 1636 1640 1822 2022 2036 
m3400 
m2173 32 36 41 46 1641 1646 2332 2336 2341 2346 4136 4586 
m2742 22 46 1122 1146 
m933 22 46 48 1146 1148 2348 
m312 46 2346 4846 
m1137 14 714 
m1782 26 46 1346 
m538 22 46 2322 2346 
m2235 22 41 44 46 1146 2072 2094 2096 2344 2346 4846 
m1257 13 22 33 36 37 40 41 683 686 690 1113 1122 1133 1136 1140 1141 1690 1813 1822 1833 1836 1840 1872 1886 1887 2013 2022 2033 2036 2040 2063 2072 2086 
m2718 32 40 1632 2032 
m477 22 36 40 41 45 46 49 1122 1136 1140 1146 1149 1836 1841 1846 2036 2041 2046 2272 2286 2290 2295 2296 2299 2336 2341 2346 2472 2486 2490 2496 2499 4341 4836 
m2290 5 37 46 1855 2305 2337 2346 
m341 13 22 33 36 40 45 672 686 690 695 1122 1136 1140 1672 1686 1690 1822 2022 2036 2272 2283 2286 2290 3183 
m1937 23 30 45 46 1195 1523 1545 1546 2295 2345 4823 
m1576 22 37 46 1137 1146 2337 2346 4837 
m247 22 40 44 46 1140 1144 1146 2040 2046 2222 2240 2246 2322 2340 2344 2346 4846 
m1729 22 28 38 46 1128 1138 1146 1928 1938 2328 2338 
m414 15 38 46 1915 2315 2338 
m1452 23 45 1195 2273 2295 
m3473 26 45 46 1326 1345 1346 2276 2296 2326 
m2206 22 32 45 46 1146 2272 2282 2295 2296 2332 2346 
m3536 37 
m150 22 46 1146 
m1369 22 38 45 46 1138 1145 1146 1938 1945 1946 2345 
m391 14 46 746 2346 
m2236 32 45 1645 
m2942 14 22 27 40 727 1114 1127 2014 2022 2027 
m3430 12 26 34 45 46 634 645 1312 1334 1345 1346 1734 2284 2334 2345 4812 
m2240 36 40 46 1836 1840 1846 2036 2040 2046 2336 2340 2346 4336 4346 
m2049 22 36 45 1136 1145 1845 
m296 14 40 46 740 2014 2040 2046 2340 2346 3246 4814 
m2392 23 30 41 46 1191 1523 1530 1541 1546 2073 2080 2091 2096 2330 2341 2346 3696 4823 
m540 46 
m2724 11 13 33 36 40 661 1661 1811 1813 1833 2011 2013 2033 2036 4163 
m3562 14 36 46 49 714 736 746 749 1814 1836 1846 1849 2314 2336 2346 2349 2464 2486 2496 3246 4814 
m228 22 38 44 46 1146 1922 1944 1946 2344 2346 4846 
m2750 14 22 36 40 722 736 740 1114 1122 1136 1140 1822 2022 2036 
m2535 46 
m295 40 45 46 49 2045 2046 2299 2345 2349 
m2833 22 40 41 46 1140 1141 2022 2040 2041 2046 2072 2090 2091 2096 2341 
m2370 22 47 2372 2397 
m1230 22 23 41 1122 1123 1141 1173 2072 2073 3673 
m1048 26 30 36 44 46 1330 1336 1344 1346 1830 2230 2330 2336 2344 2346 4736 
m70 26 34 38 46 1326 1334 1346 1734 1926 1938 1946 2334 2346 
m3529 31 36 1581 1586 1836 4086 
m1340 22 37 40 46 1137 1146 2022 2037 2046 2337 2346 4837 
m3447 38 46 49 1946 1949 2346 2496 2499 
m1142 6 36 42 49 2456 2486 2492 2836 4606 4636 
m2723 46 
m533 17 36 46 49 1817 1846 1849 2349 2467 4817 
m360 14 22 30 38 46 730 1114 1130 1138 1146 1914 1930 1946 2330 3246 
m1675 26 37 46 1337 1346 1896 2346 
m1414 22 33 44 49 1133 1144 1694 1699 2494 
m428 9 14 709 
m2389 45 2295 
m340 23 30 33 38 46 1180 1523 1530 1533 1546 1680 1923 1930 1933 1946 2323 2330 2333 2346 4173 4823 
m547 22 38 45 46 1145 1146 1922 1945 1946 2345 
m200 
m1516 23 36 40 46 49 1186 1196 1836 1846 2023 2036 2046 2323 2473 2486 2490 2496 3673 4323 4836 
m431 11 45 595 
m1115 36 
m2405 5 32 36 45 1605 1805 2255 2282 2286 4332 
m2135 40 46 2040 2046 2340 
m3456 13 22 38 1113 1138 1913 
m1157 22 23 30 46 1122 1123 1130 1146 1180 1523 1530 1546 2330 2346 4823 
m992 32 36 38 41 46 1641 1646 1936 1941 1946 2332 2336 2341 2346 4136 4586 
m2492 14 38 46 49 746 1914 1946 1949 2464 2496 
m1330 32 36 41 46 1641 2332 2336 2341 2346 4136 4341 
m2077 21 23 45 1171 2271 2273 
m1290 36 40 1836 1840 2036 2040 
m647 22 23 36 40 1122 1123 1136 1140 1172 1173 1186 1190 1822 1836 1840 2022 2023 2036 2040 3673 4336 
m1489 12 33 37 46 1862 2333 2337 4162 4383 4812 
m115 22 23 30 36 40 41 46 1122 1123 1130 1136 1140 1141 1146 1191 1523 1536 1541 1546 1841 1846 2023 2030 2036 2040 2041 2046 2072 2073 2091 2341 3696 4323 
m499 8 45 46 2258 2296 2308 
m912 27 28 36 46 1378 1386 1396 1828 2327 2328 2336 2346 4836 
m2441 41 46 2091 2096 2341 
m3500 22 44 46 1146 2222 2244 2246 2322 2344 2346 4846 
m2875 3 30 153 180 1503 1530 
m3103 10 45 46 2295 2296 2310 2346 
m714 5 13 22 45 46 655 1113 1145 1146 2255 2263 2296 2305 2313 
m3581 32 46 1632 1646 2332 
m1391 37 46 49 1887 1899 2337 2346 2349 2487 2496 4396 4837 
m207 36 38 1936 
m1482 13 46 47 696 2363 2396 
m361 22 36 40 41 1822 1836 1840 1841 2022 2036 2040 2072 2086 2090 2091 4336 4586 
m1963 11 13 14 37 563 564 587 737 1863 1864 3213 4363 4387 
m20 22 41 44 46 49 1146 1149 2072 2094 2096 2099 2344 2349 2494 
m717 22 23 30 1122 1123 1130 1172 1173 1180 1522 1523 3673 
m1307 22 23 36 41 1122 1123 1136 1141 2073 3686 4586 
m1746 22 23 36 40 41 46 1122 1123 1136 1140 1141 1146 1190 1836 1840 2022 2023 2036 2040 2041 2046 2073 2086 2090 2096 2322 2323 2336 2340 2341 2346 3673 3686 4323 4823 
m2822 46 
m142 23 30 46 1180 1523 1530 1546 2330 2346 4823 
m984 22 44 46 1146 2246 2344 2346 4846 
m394 14 46 746 2346 
m949 45 46 2295 2296 
m145 22 44 46 1146 2246 2344 2346 4846 
m486 22 45 1145 
m2971 5 13 14 33 655 705 713 1655 1664 4163 
m3060 36 
m776 37 41 46 2087 2096 4837 
m2773 22 23 36 41 46 49 1141 1172 1191 1822 1823 1841 1846 2322 2323 2341 2472 2473 2486 2491 2496 
m3644 36 45 46 1845 2336 2345 2346 4836 
m2460 37 
m543 14 22 46 722 2322 3246 
m457 2 27 36 40 46 1352 1386 1396 1802 2002 2027 2036 2046 2302 4836 
m211 17 22 46 1117 1122 1146 2346 4817 
m1066 32 46 1632 1646 2332 
m2673 13 33 36 49 663 683 686 699 1663 1683 1686 1699 1833 1849 2463 2483 2486 3183 
m2158 36 
m954 22 23 30 38 41 1122 1123 1130 1172 1173 1180 1188 1523 1538 1541 1922 1923 1930 1938 2072 2073 2080 2088 3673 
m190 37 46 4396 
m1213 37 
m1958 22 1122 
m1497 45 46 2296 
m802 14 46 49 2314 2346 2464 2496 4814 
m1169 45 2295 
m1723 23 30 36 46 1173 1180 1186 1196 1523 1530 1536 1546 1823 1830 1836 1846 2323 2330 2336 2346 3696 4823 4836 
m1439 37 39 40 46 1890 1987 1990 2037 2039 2046 2340 4396 4496 
m2828 23 36 41 1186 1191 1823 1836 1841 2073 2086 2091 4341 4586 
m3278 23 30 40 1173 1190 1523 1530 1540 2023 2030 2040 3673 
m197 14 30 46 730 2330 4814 
m3350 14 36 40 45 736 740 745 1840 2036 2286 2290 4336 
m1909 22 23 30 1122 1123 1130 1172 1173 1180 1522 1523 1530 3673 
m550 22 40 41 46 1122 1140 1141 1146 2041 2046 2341 2346 
m1915 23 45 1195 2273 2295 
m1840 23 
m3010 22 23 36 40 46 49 1123 1136 1140 1146 1149 1190 1822 1840 2023 2036 2040 2046 2049 2322 2336 2340 2346 2472 2473 2486 2496 3696 4323 4346 4823 
m65 45 46 2295 2345 2346 
m837 1 32 36 38 45 46 82 96 1901 1932 1936 1946 2251 2282 2286 2288 2296 2332 2586 4136 4836 
m1198 22 41 46 1141 1146 2341 
m3320 27 36 48 49 1386 1398 1399 1827 1848 1849 2486 2498 2499 4336 
m1733 22 32 38 46 1146 1922 1932 1938 1946 2332 2346 
m2332 22 23 36 40 41 1122 1123 1136 1140 1141 1172 1822 1823 1836 1840 1841 2022 2023 2036 2040 2041 2072 2073 2086 3686 
m2938 40 46 2046 
m51 22 36 41 1122 1136 1141 1822 2072 4586 
m2106 
m326 22 23 1123 1173 3673 
m1381 22 26 44 46 1146 1322 1344 1346 2344 2346 4846 
m490 22 36 41 49 1141 1849 2086 2091 2099 4336 
m1799 22 37 40 46 1122 1137 1146 2022 2037 2040 2046 2322 2337 2346 4837 
m2149 36 40 46 1840 2336 2340 
m1474 22 36 40 41 46 1122 1136 1140 1141 1146 1822 1836 1841 2036 2041 2046 2072 2086 2090 2091 2096 2322 2336 2340 2341 2346 4346 4586 4836 
m1842 22 26 44 46 1122 1144 1146 1322 1326 1344 1346 2344 2346 4846 
m1630 36 40 41 46 49 1836 1840 1846 1849 2036 2040 2041 2046 2049 2086 2090 2096 2099 2336 2340 2346 2349 2486 2490 2496 4346 4586 4836 
m1562 22 24 1124 
m896 22 33 46 1122 1133 1146 1696 2333 2346 4196 
m3475 23 36 41 49 1186 1199 1823 1836 1849 2073 2086 2099 2473 3673 4323 4586 
m753 22 30 32 36 40 41 46 49 1122 1130 1132 1136 1140 1141 1146 1522 1532 1536 1546 1622 1646 1822 1830 1832 1836 1840 1846 1849 2022 2030 2032 2036 2040 2046 2049 2072 2090 2096 2322 2472 2480 2482 2486 2490 2496 4346 4846 
m3204 45 46 2296 
m1798 23 30 46 1173 1180 1196 1523 1530 1546 2323 2330 2346 3696 4823 
m1058 23 40 46 49 1196 2023 2040 2046 2473 2490 2496 
m289 14 34 46 734 746 2334 
m3035 36 40 46 1840 2336 2340 
m3318 23 45 46 1195 2296 2345 2346 3696 4823 
m782 14 37 38 46 737 738 746 1888 1896 2338 
m3059 22 26 46 1146 1322 1326 1346 
m3656 12 46 2346 4812 
m1905 33 45 1695 
m1797 5 30 45 46 280 2255 2280 2296 2305 2330 
m2514 22 23 30 46 1122 1123 1130 1146 1180 1523 1530 1546 2330 2346 4823 
m1953 13 22 32 36 38 40 672 686 690 1113 1136 1140 1613 1622 1636 1640 1822 1913 1922 1932 1936 1940 2022 2036 2040 3186 4336 
m2122 45 46 2296 2345 4846 
m1568 26 46 1346 2346 
m960 22 23 36 40 46 1122 1123 1136 1140 1146 1172 1822 2022 2023 2036 2040 2046 2322 2323 2336 2340 2346 4323 4823 
m2670 36 38 41 1838 2088 4341 
m549 40 41 46 2046 2090 2096 2340 2341 2346 
m2223 5 14 36 41 45 255 286 291 295 705 736 741 745 1845 2055 2086 2095 4336 
m3036 22 36 41 46 49 1141 1822 1841 1846 2322 2341 2486 2491 2496 
m1310 13 33 4163 
m1794 17 38 46 896 1917 1938 1946 2317 2338 2346 3396 4817 4846 
m2429 26 46 1346 2346 
m2757 26 32 36 38 46 1332 1336 1346 1832 1926 1932 1936 1946 2332 2336 2346 4836 
m2482 27 46 49 2327 2346 2477 2496 
m2698 30 36 46 1536 1546 2330 2336 2346 4836 
m898 32 49 1649 
m1732 22 38 46 49 1946 2322 2346 2349 2472 4846 
m3306 45 46 2295 2296 
m1318 32 33 40 46 1633 2032 2033 2040 2046 2332 2333 
m2406 36 37 40 46 49 1837 1849 1899 2036 2037 2046 2049 2336 2349 4837 
m3555 36 45 2286 
m979 22 38 46 1146 1922 1946 
m565 22 30 36 40 1136 1140 1522 1536 1540 1822 1830 1836 1840 2022 2030 2036 2040 4336 
m574 23 30 36 40 46 1180 1823 1830 1836 1846 2023 2030 2036 2040 2046 2323 2330 2336 2346 4323 4346 4823 4836 
m1460 14 36 49 736 749 1849 
m1261 36 40 46 2036 2046 2340 2346 4836 4846 
m1085 14 40 46 49 2014 2046 2314 2346 2464 2490 2496 4814 
m573 22 46 1122 1146 2322 2346 
m3565 14 36 40 46 49 714 736 740 746 749 1814 1836 1840 1846 1849 2014 2036 2046 2049 2314 2336 2346 2349 2464 2486 2490 2496 3246 4814 
m2384 23 36 40 45 46 49 1190 1195 1836 1840 1845 2036 2045 2323 2336 2340 2345 2473 2486 2495 2496 3686 4323 4336 4836 
m568 36 41 45 1845 2095 2295 4586 
m2669 30 39 1980 
m2349 14 46 49 2314 2346 2464 2496 4814 
m348 22 23 41 1122 1123 1141 1172 1173 1191 3673 
m3548 36 40 41 1840 1841 2036 2040 2041 4336 
m140 46 
m3507 22 45 1145 
m139 5 36 37 38 45 46 286 295 1845 1855 1886 1895 1936 1937 1938 1946 2305 2336 2337 4336 
m3338 5 36 45 46 286 295 1845 2305 2336 2345 4336 
m2195 46 2346 
m1759 5 23 37 46 49 299 1155 1173 1199 1855 1873 1899 2305 2323 2349 4837 
m451 13 33 40 46 2013 2033 2046 2313 2333 4163 
m3107 23 36 40 46 49 1836 1840 1846 1849 2023 2036 2040 2046 2049 2323 2336 2473 2486 2490 2496 3686 4323 4336 4836 
m29 26 32 36 41 46 49 1332 1336 1341 1346 1349 1641 1646 2332 2336 2341 2346 2482 2486 2491 2496 4136 4586 
m2197 
m2298 14 32 48 732 2414 2432 
m421 5 46 2305 2346 4846 
m1301 20 45 1045 
m3330 28 38 1928 1938 
m2181 22 45 46 1145 1146 2296 4846 
m159 22 32 36 40 46 1122 1132 1136 1140 1622 1632 1636 1640 1840 2040 2322 2332 2336 2346 
m1712 12 22 23 36 40 45 46 49 622 623 636 640 645 649 1123 1136 1140 1145 1195 1822 1823 1840 1845 1849 2012 2023 2036 2045 2046 2049 2322 2323 2336 2340 2345 2349 2472 2473 2486 2490 2495 3136 4323 4336 4812 
m747 22 36 37 40 46 1122 1136 1137 1140 1146 1886 1890 2036 2037 2040 2046 2322 2336 2337 2340 2346 4396 
m2851 
m2815 32 36 38 41 46 1641 1646 1932 1936 1941 1946 2332 2336 2341 2346 4136 4586 
m2115 30 46 2330 2346 
m1353 14 23 30 46 730 1180 2314 2323 2330 2346 3223 4814 4823 
m1523 22 30 36 1136 1536 
m2676 22 30 36 40 41 46 1122 1130 1136 1140 1141 1146 1536 1540 1546 1846 2022 2030 2036 2040 2046 2072 2090 2340 4346 4846 
m788 13 32 38 46 682 1913 1932 1946 2313 2332 
m3495 
m1646 36 40 45 46 1845 2036 2045 2046 2336 2345 4836 4846 
m2712 22 45 1145 
m612 27 32 38 46 1382 1396 1927 1932 1946 2332 
m1742 5 30 36 46 280 286 1536 1830 1836 2305 2330 2336 4836 
m3404 33 36 41 1686 2083 4586 
m532 12 22 30 622 1512 1522 
m1320 7 16 36 46 386 807 2307 2316 2336 3336 
m767 22 44 46 1146 2344 2346 4846 
m1972 27 32 1382 
m1179 13 33 46 2313 2333 2346 4163 4813 4833 
m46 23 30 36 40 46 1173 1190 1196 1523 1536 1540 1546 1823 1840 2023 2046 2340 3696 4323 4346 
m1574 22 23 36 40 46 1122 1123 1136 1140 1146 1196 1823 1836 2022 2023 2036 2040 2046 3686 4346 4836 
m1188 13 22 33 36 40 672 686 690 1113 1122 1133 1136 1140 1672 1686 1690 2036 3183 
m3321 13 36 40 45 686 1813 1840 1845 2013 2036 2045 2263 2286 4336 
m596 23 30 40 45 46 1173 1180 1523 2023 2030 2046 2273 2280 2290 2296 2323 2330 3673 4823 
m342 37 
m3182 14 714 
m2403 22 38 46 1138 1146 1938 1946 
m1061 22 36 37 40 41 46 1122 1136 1137 1140 1141 1146 1822 1837 1840 1846 2022 2036 2037 2040 2041 2046 2072 2086 2087 2090 2096 2322 2336 2340 2341 2346 4396 
m322 23 45 1173 1195 2273 2295 
m432 
m1174 5 23 36 45 286 295 1155 1186 1195 1845 4336 
m646 14 32 36 41 46 1614 2064 2082 2086 2314 2332 2336 2341 4136 4314 
m2050 5 45 46 2255 2305 2345 
m3463 46 49 2346 2349 
m2622 32 1632 
m875 38 46 1946 2338 2346 
m602 12 22 23 36 40 41 46 49 640 1123 1136 1141 1149 1162 1186 1190 1196 1199 1812 1840 1846 1849 2062 2073 2086 2090 2096 2099 2340 2462 2486 2496 3146 3686 4312 4336 
m815 22 23 30 45 1123 1130 1145 1173 1180 1523 1530 2273 2280 3673 
m615 22 36 40 41 1136 1141 1836 1840 2036 2086 2090 4586 
m2656 22 45 46 1146 2272 2296 
m158 22 36 49 1149 1822 1836 1849 2472 2486 2499 
m3256 36 40 46 49 1836 1840 1846 1849 2036 2040 2046 2336 2340 2346 2349 2486 2490 2496 4336 4346 4836 
m605 23 30 46 1523 1546 2323 
m2663 22 45 46 1145 1146 2296 
m401 10 13 46 513 546 2310 2313 2346 4813 4846 
m2414 37 46 2346 4396 4837 
m1128 22 30 36 46 1130 1136 1146 1536 1546 1822 1830 1836 1846 2322 2330 2336 2346 4836 
m2 10 30 46 530 2310 2330 
m2846 22 23 36 40 41 1123 1136 1140 1173 1186 1190 1191 1823 1836 1840 1841 2023 2036 2040 2041 2073 2086 3673 3686 4323 4586 
m1378 22 23 30 46 1122 1123 1130 1146 1180 1522 1523 1530 1546 2330 4823 
m287 14 34 46 734 746 2334 
m1249 13 45 2263 
m1206 22 23 32 36 40 46 49 1122 1123 1132 1136 1140 1146 1149 1172 1173 1182 1186 1190 1196 1199 1622 1623 1632 1636 1640 1646 1822 1823 1832 1836 1840 1846 1849 2022 2023 2032 2036 2046 2049 2322 2323 2332 2336 2346 2349 2472 2473 2482 2486 2490 2496 3673 3686 3696 4323 4346 
m1638 32 46 2332 2346 
m554 13 38 1913 1938 
m1172 22 46 1146 
m2919 38 46 1946 
m1296 5 40 45 46 2005 2045 2046 2255 2296 2305 
m28 26 45 46 2276 2296 2326 
m2017 22 45 2272 
m1532 49 
m1385 
m2431 22 44 46 1146 2344 2346 4846 
m1852 3 22 30 38 172 180 188 1522 1922 1930 1938 
m928 13 22 33 672 1672 3183 
m1355 13 22 46 1113 1122 1146 2322 4813 
m3244 22 45 46 1146 2272 2296 
m908 22 37 46 1122 1146 1872 2322 4396 
m3006 20 22 23 30 38 1022 1023 1030 1038 1123 1130 1172 1173 1180 1188 1520 1523 1538 1922 1923 1930 1938 3673 
m1359 13 20 22 32 36 40 670 686 690 1113 1120 1136 1140 1613 1620 1622 1636 1640 1820 2020 2036 2040 3186 4336 
m244 13 22 38 1113 1913 1922 
m2284 22 23 45 1123 1145 1173 2273 3673 
m1622 5 45 295 2255 2295 
m2463 45 
m2095 14 26 32 46 726 732 746 1314 1326 1332 1346 1626 1646 2326 
m1396 33 37 4383 
m2601 32 38 45 46 49 1638 1646 1938 1946 1949 2282 2288 2296 2299 2332 2338 2346 2349 
m2883 23 30 38 1180 1523 1530 1538 1923 1930 1938 
m1779 17 46 2317 2346 4817 
m1984 45 
m3415 22 30 36 40 41 46 49 1122 1130 1136 1140 1141 1146 1149 1522 1536 1546 1822 1830 1836 1840 1846 1849 2022 2030 2036 2040 2046 2049 2072 2090 2322 2472 2480 2486 2490 2496 4346 4846 
m1546 23 30 36 49 1180 1823 1830 1836 1849 2473 2480 2486 2499 
m392 14 46 746 2346 
m641 26 32 36 40 46 49 1336 1340 1346 1349 1632 1636 1649 1849 2032 2036 2040 2046 2332 2336 2340 2346 2349 
m2607 
m1361 13 33 3183 
m56 5 32 45 46 1605 1645 1646 2255 2305 2345 
m3281 13 33 3183 
m2943 13 33 45 695 1695 4163 
m355 36 46 1846 2336 2346 4836 
m1825 13 22 45 46 696 1113 1146 2263 2272 2296 
m1666 22 36 40 41 46 49 1136 1140 1141 1836 1849 2036 2049 2086 2090 2099 2322 2336 2340 2341 2349 4336 
m3066 22 35 46 1135 1146 1796 
m3427 14 21 45 46 721 745 2271 2321 2345 4814 
m664 13 22 46 1113 1122 1146 2313 2322 2346 
m449 30 46 1546 2330 4846 
m1235 13 46 696 
m3140 22 26 44 46 1146 1322 1344 1346 2326 2344 2346 4846 
m248 36 38 46 1936 1946 4836 
m2772 22 23 1123 1173 3673 
m3141 14 36 49 1814 1849 2464 
m3468 22 33 46 1672 1696 2322 
m619 22 23 30 40 41 1123 1130 1140 1190 1523 1530 1540 2022 2023 2030 2072 2090 
m797 14 23 30 46 1514 1523 1546 2314 2323 2330 2346 3664 4814 4823 
m1701 22 23 27 36 40 1122 1123 1127 1136 1140 1190 1372 1373 1386 1390 1823 1840 2023 2040 
m3517 23 36 41 1186 2073 3673 4323 4586 
m2262 46 2346 4846 
m1187 22 23 30 36 46 1172 1522 1523 1536 1822 2322 2330 2336 2346 3686 4823 4836 
m1226 36 38 49 1849 1936 1938 1949 
m1156 22 23 30 46 1122 1123 1130 1146 1180 1523 1530 1546 2330 2346 4823 
m3190 22 23 1122 1123 1172 
m795 23 30 38 45 46 1180 1923 1930 1946 2273 2280 2288 2296 2323 2330 2338 2346 4823 
m2302 22 23 36 40 46 49 1172 1822 1823 1836 1840 1849 2022 2023 2036 2040 2046 2049 2322 2323 2336 2340 2349 2473 2486 2490 4323 4336 4346 4836 
m2819 22 23 36 40 49 1122 1123 1136 1140 1149 1173 1186 1190 1822 1823 1836 1849 2023 2036 2472 2473 2486 3673 3686 4323 4336 
m2759 15 46 2315 
m3089 22 44 46 1144 1146 2222 2246 2322 2344 2346 4846 
m3148 14 36 49 1814 1849 2464 
m1744 5 37 46 255 1855 1887 1896 2305 2337 2346 4837 
m2549 22 36 40 41 1136 1141 2036 2086 2090 
m2209 13 22 33 36 40 672 686 690 1113 1122 1133 1136 1140 1672 1686 1690 1822 2022 2036 3183 
m1499 32 36 46 1832 2332 2336 2346 4836 
m1720 17 22 1117 
m962 14 46 746 
m2187 5 32 33 46 283 296 1605 1633 1646 2333 
m2805 36 49 1849 2486 2499 
m177 38 45 2288 
m814 5 13 22 33 36 40 655 1105 1113 1122 1133 1136 1140 1655 1805 1813 1833 1840 2013 2033 3183 
m266 22 30 46 1130 1146 2330 
m284 45 
m716 22 32 40 46 1146 2022 2032 2040 2046 2332 2346 4846 
m1503 32 36 41 46 1641 1646 2332 2336 2341 2346 4136 4586 
m3345 5 13 33 655 663 683 1655 1663 1683 4163 
m2093 37 46 4837 
m2624 18 45 2268 
m2388 5 36 41 45 46 286 291 1836 1841 2286 2291 2296 2305 2336 2341 4836 
m3205 36 40 46 2036 2046 2336 
m829 36 46 48 2436 2446 4836 
m3611 46 
m2541 22 26 44 46 1146 1346 2344 2346 4846 
m2644 22 44 46 1146 2322 2344 2346 4846 
m1715 14 46 2314 2346 4814 
m1306 45 46 2345 
m529 23 38 45 1195 1923 1945 3673 
m2668 8 408 
m516 3 45 195 2295 
m2391 22 23 30 36 40 45 46 1122 1123 1130 1136 1140 1145 1146 1172 1173 1180 1190 1196 1522 1523 1536 1540 1545 1546 1822 1823 1830 1836 1840 1845 1846 2022 2023 2030 2036 2040 2045 2046 2272 2273 2280 2286 2290 2296 2322 2323 2330 2336 2340 2345 2346 4823 
m371 14 22 46 722 1114 1146 2322 3246 
m1787 22 46 1146 
m1472 39 45 1995 2289 2295 
m3646 13 33 49 2463 2483 4163 
m892 14 33 4164 
m895 40 45 2045 
m694 22 23 36 40 46 49 1172 1822 1836 1849 2022 2023 2036 2046 2049 2322 2323 2336 2349 2472 2473 2486 4323 4336 4836 
m2094 22 40 46 1146 2022 2046 2346 
m1029 13 25 38 46 1263 1296 1913 1925 1946 2313 
m2205 23 36 40 1190 1840 3686 4336 
m1030 22 37 1122 1137 
m1613 5 14 22 33 36 40 264 272 283 286 290 722 736 740 1122 1136 1140 1672 1686 1690 1822 2022 2036 3233 
m2327 22 36 46 49 1136 1146 1149 1849 2336 2346 2349 
m32 
m1959 13 22 36 38 40 1113 1122 1136 1138 1140 1813 1840 1913 1936 1940 2013 
m2608 32 36 46 1832 2332 2336 2346 4836 
m1416 23 33 44 49 1183 1194 1199 1694 1699 2494 
m2788 14 22 45 745 1114 1145 
m1201 13 36 46 49 1813 2313 2336 2346 2349 2463 2486 2496 4813 
m1204 14 32 46 714 732 2314 2332 2346 4814 
m982 22 44 46 1146 2222 2246 2344 2346 4846 
m2744 32 36 40 41 46 1641 1646 2036 2041 2046 2332 2336 2341 2346 4136 4586 
m3597 3 32 37 182 187 1882 
m2101 38 46 1946 
m2269 22 37 40 46 1137 1140 1146 1890 2037 2040 2046 2337 2340 2346 4396 
m172 45 46 2295 2296 2345 2346 4846 
m436 36 45 46 1845 2336 2345 
m3277 8 41 46 49 408 446 449 2058 2096 2308 2341 2346 2349 2458 2496 
m1781 12 13 22 49 649 699 1112 1113 1149 3162 
m3125 22 37 40 46 1137 1146 2022 2037 2040 2046 2337 2346 4837 
m161 36 38 1838 1936 1938 
m3458 14 23 36 40 46 1814 1823 1846 2014 2023 2036 2040 2046 2314 2323 2346 3664 4346 4814 4823 
m2984 45 46 2295 2296 2346 
m3631 13 22 45 695 1113 1145 
m963 17 46 2317 2346 4817 
m2214 23 30 45 46 1180 1195 1196 2280 2296 2330 2345 2346 3696 4823 
m233 23 45 1195 
m3236 10 36 40 49 536 1810 1836 1849 2010 2036 2049 2460 2486 
m3425 12 36 40 46 49 636 640 649 1836 1849 2036 2049 2336 2340 2349 2499 4812 
m2636 11 13 23 30 33 563 573 580 583 673 680 1173 1180 1513 1523 1533 1673 1680 3183 3673 
m2005 36 41 44 1841 2086 2091 2094 2236 2241 2244 
m2817 45 2295 
m3283 26 39 46 1339 1346 2326 2339 4839 4846 
m3067 22 23 30 38 1122 1123 1130 1138 1172 1173 1188 1522 1523 1530 1538 3673 
m2054 37 45 1887 1895 
m715 30 45 46 2280 2295 2296 2330 2346 
m3659 5 13 38 46 263 288 296 696 1913 1938 1946 2305 2313 2338 2346 
m687 22 23 36 40 46 49 1172 1822 1836 1849 2022 2023 2036 2040 2046 2049 2322 2323 2336 2349 2472 2473 2486 4323 4336 4836 
m291 32 49 1632 2482 
m692 36 46 2336 
m1099 45 2295 
m3515 36 40 45 46 1840 1845 2036 2040 2045 2340 2345 4836 
m2643 22 44 46 1146 2344 2346 4846 
m2903 14 33 40 46 733 740 746 1690 2340 4196 
m2992 20 1020 
m3344 36 46 4836 4846 
m3313 11 38 46 588 596 1911 1938 1946 2338 
m3237 40 45 46 2046 2290 2296 2340 2346 
m2301 5 13 22 26 33 46 263 283 672 1305 1313 1333 1346 1672 2305 2313 2322 2333 4163 
m2069 13 17 22 45 46 672 872 2263 2267 2295 2296 2313 2317 2322 3363 
m1936 12 29 36 46 612 629 636 1812 1829 1836 2312 2329 2336 2346 3136 4336 4812 4836 
m111 22 23 30 36 41 46 1122 1123 1130 1136 1141 1146 1172 1522 1523 1530 1536 1546 1822 1823 1830 2072 2073 2080 2096 2322 2330 2336 2346 3696 4346 4586 4823 
m877 38 46 1946 2338 2346 
m2285 23 30 45 1195 1523 1545 
m1795 23 36 38 40 41 1173 1186 1188 1190 1923 1936 1938 1940 2023 2036 2073 2086 2088 3673 3686 4323 4336 
m1354 5 23 27 41 273 291 1355 1373 1391 2073 3673 
m3072 14 40 46 2014 2040 2046 2314 2346 4814 
m3120 32 36 44 46 1644 2236 2332 2336 2344 2346 4136 
m3442 5 22 36 40 41 272 286 290 291 1105 1122 1136 1140 1141 1840 1841 2041 
m1346 36 40 46 49 1836 1840 1846 1849 2036 2046 2049 2336 2340 2346 2349 2486 2490 2496 4346 4836 4846 
m15 18 46 2318 2346 
m1313 
m491 22 36 45 46 1136 1146 1845 1846 2336 2345 2346 4836 4846 
m2258 22 34 36 1134 1136 1834 
m1311 36 40 41 46 49 1841 1846 1849 2036 2041 2046 2049 2336 2341 2486 2491 2496 4336 
m243 6 42 4606 
m277 36 38 41 46 1936 1946 2336 2341 2346 4341 4836 4846 
m1886 13 46 2313 
m3075 14 40 46 2014 2040 2046 2314 2346 4814 4846 
m695 22 23 36 46 49 1123 1136 1146 1149 1836 1846 1849 2323 2336 2473 2486 2496 3686 4323 4336 4836 
m983 36 42 4636 
m2854 37 46 4837 
m1813 26 46 1326 1346 2326 2346 3826 
m1582 12 22 37 46 1112 1137 1146 2337 4362 4812 
m445 26 45 46 1345 1346 2295 2345 
m2602 14 36 40 46 1846 2014 2036 2040 2046 4314 4814 
m452 46 2346 
m3341 38 46 1946 
m557 22 36 40 46 1122 1136 1140 1822 2022 2036 2040 2322 2336 2340 4336 
m771 32 36 45 46 1832 2282 2286 2296 2332 2336 2346 4836 
m3150 22 36 40 46 1122 1136 1146 1822 2022 2036 2322 2336 2340 2346 4836 
m3352 7 45 2257 
m517 13 33 4163 
m656 22 32 36 37 40 1122 1136 1137 1140 1622 1636 1637 1640 1822 1872 1886 1890 2022 2036 
m2355 22 30 45 1122 1130 1145 1545 
m1146 26 46 1346 2346 
m2412 23 36 40 46 1186 2023 2036 2040 2046 2323 2336 2340 2346 3696 4346 
m852 22 23 36 38 40 1123 1136 1138 1140 1173 1922 1923 1936 1938 1940 2023 2036 2038 3686 
m1648 13 33 36 40 47 686 690 697 1686 1690 1697 1840 1847 2036 2040 2047 3183 4336 
m2796 22 23 1122 1123 1172 1173 3673 
m2213 22 36 37 40 46 1122 1136 1137 1140 1146 1822 1836 1837 1840 1846 1890 2022 2036 2037 2040 2046 2322 2336 2337 2340 2346 4837 
m3112 22 30 36 40 46 1122 1130 1136 1140 1146 1822 1830 1840 1846 2022 2030 2040 2046 2322 2330 2340 2346 
m2863 22 23 36 40 1123 1136 1173 1186 1190 1836 1840 2036 3673 3686 
m3514 14 22 46 714 722 746 2322 3246 
m3470 27 45 46 2277 2296 2327 2346 
m721 26 36 46 1336 1346 2336 2346 4836 
m2028 30 36 46 49 1530 1536 1546 1549 1849 2330 2336 2346 2349 
m1785 14 36 40 45 46 736 740 745 1840 1845 1846 2036 2045 2046 2286 2296 2336 3246 4336 
m1834 30 36 39 40 46 1536 1540 1546 1830 1836 1840 1846 1980 1986 1990 1996 2030 2036 2040 2046 2330 2336 2340 2346 4346 4496 4836 
m2799 13 46 2313 2346 4813 
m844 22 38 46 1146 1922 1946 
m2308 13 22 36 38 40 1113 1122 1136 1138 1140 1813 1840 1913 1936 1940 2013 
m143 22 44 46 1146 2322 2344 2346 4846 
m375 8 45 46 49 408 446 449 2258 2296 2299 2349 
m2477 5 14 46 705 2305 2314 
m1273 5 13 33 46 263 283 2305 2313 2333 4163 
m3449 22 23 30 46 1122 1123 1130 1146 1180 1523 1530 1546 2330 2346 4823 
m2739 36 40 45 46 1836 1840 2036 2040 2046 2286 2290 2296 2340 4346 
m3238 10 21 36 46 521 536 546 1821 2321 2346 4836 
m2660 23 
m2268 38 45 46 1945 1946 2296 
m1428 22 36 40 46 1122 1136 1140 1146 1840 2040 2336 2340 
m1471 5 13 22 255 263 272 1105 1113 1122 
m2577 22 38 44 46 1146 1922 1944 1946 2344 2346 4846 
m3316 6 42 2842 
m2583 22 44 46 1144 1146 2246 2322 2344 2346 4846 
m3207 45 46 2296 
m3421 36 46 49 1849 2336 2346 2349 4836 
m3312 23 36 41 1823 2073 3673 4323 4586 
m2557 22 26 44 46 1146 1322 1344 1346 2344 2346 4846 
m3391 22 23 36 41 45 1122 1123 1136 1141 1145 1173 1186 1195 1845 2073 2095 3673 3686 4323 4586 
m1347 18 918 
m82 44 46 49 2246 2494 2496 
m2825 27 36 41 46 1386 1391 1396 1841 2336 2341 2346 4836 
m811 12 41 45 46 2062 2096 2262 2291 2296 4812 
m1138 46 2346 
m393 22 23 32 46 1123 1132 1146 1182 1196 2332 
m3374 14 22 36 40 722 736 740 1114 1122 1136 1140 1822 2022 2036 
m523 36 49 1836 1849 2486 2499 
m959 37 46 1896 
m1770 34 46 2334 
m1833 6 42 46 346 2146 2842 
m1008 23 30 40 41 1180 1190 1523 1530 1540 2023 2030 2040 
m2929 6 23 1156 1173 
m2800 22 32 36 37 40 1622 1636 1637 1640 1822 1840 1872 1886 1890 2022 2036 2040 4336 
m3109 40 46 49 2040 2046 2340 2490 2496 
m3169 23 32 46 1173 1182 1196 1623 1632 1646 2323 2332 2346 4823 
m572 12 32 46 632 2332 4812 
m720 36 40 46 49 1836 1840 1846 1849 2036 2040 2046 2336 2340 2346 2349 2486 2490 2496 4336 4346 4836 
m611 26 46 49 1346 1349 2346 2496 2499 
m1864 23 30 36 40 46 49 1180 1830 1836 2023 2030 2036 2046 2049 2323 2330 2336 2473 2480 2486 2496 4323 4836 
m670 30 45 1530 2280 
m1400 36 40 41 1836 1840 2036 2086 2090 2091 4586 
m1245 37 46 1887 1896 2337 2346 4837 
m2445 11 13 33 45 563 583 595 695 1695 3183 
m1566 13 22 36 49 699 1113 1122 1136 1149 1813 1849 
m910 37 38 46 1888 2338 4396 
m83 
m213 22 36 40 41 45 1122 1136 1140 1836 1840 2036 2040 2072 2086 2272 2286 2291 
m3005 20 22 23 30 38 1022 1023 1030 1038 1122 1123 1130 1172 1173 1180 1188 1520 1523 1538 1922 1923 1930 3673 
m1408 13 38 46 663 696 1913 1946 
m2855 14 46 714 746 2314 2346 4814 
m69 14 46 47 747 2346 2347 4814 
m1538 13 33 36 40 46 690 1813 1833 1840 2033 2313 2333 3183 4836 
m2708 32 37 46 1632 1637 1882 2332 2337 
m1040 13 20 22 33 36 40 45 672 686 690 1013 1022 1036 1040 1045 1113 1122 1133 1136 1140 1145 1672 1686 1690 1813 1822 1833 1836 1840 2013 2022 2033 2036 2040 2263 2272 2286 2290 2295 3183 
m2786 22 32 46 1122 1132 1146 1622 1632 1646 2322 2332 2346 
m3666 37 41 46 2087 2341 4837 
m1064 37 40 46 1890 2037 2040 2046 2337 2340 2346 4396 
m1982 14 28 36 728 736 1828 1836 
m929 22 46 1146 
m2657 22 45 46 1145 1146 2296 
m3649 13 33 4163 
m1786 5 36 45 286 295 1845 4336 
m58 37 46 1896 2337 2346 4837 
m2120 14 38 46 738 2314 2338 2346 4814 
m2881 36 38 49 1849 1936 1949 2486 2488 2499 
m1678 23 
m1814 8 36 46 2308 4308 4836 
m2451 23 30 38 46 1180 1923 1930 1946 2330 4823 
m2879 22 46 1146 
m2968 22 37 46 1137 1146 4837 
m3012 40 44 46 2044 2046 2344 
m2975 22 30 37 46 1130 1137 1146 1880 2330 4396 
m1978 22 46 1146 
m2876 14 22 36 49 749 1114 1136 1149 1814 1849 
m583 37 39 40 46 1890 1987 1990 2340 4396 4496 
m1617 14 36 40 46 740 1814 1836 1840 1846 2014 2036 2040 2046 2314 2340 2346 3246 4314 4346 4836 
m1583 22 37 45 46 49 1137 1146 2272 2287 2296 2299 2472 2487 2496 4837 
m1606 22 23 36 49 1123 1136 1172 1173 1186 1199 1822 1823 1849 2472 2473 2486 3673 4323 4336 
m1055 14 40 45 46 2014 2040 2046 2264 2290 2296 2314 2346 3214 4814 
m819 22 33 46 1133 1146 2333 
m1123 22 23 30 1123 1173 1522 1523 3673 
m3668 13 22 23 32 36 40 41 672 673 686 690 691 1122 1123 1136 1140 1141 1186 1190 1191 1613 1622 1623 1636 1823 1840 1841 2023 2041 3673 
m2785 30 45 46 2280 2295 2296 2330 2346 
m1258 13 33 663 683 1663 1683 3183 4163 
m1670 22 36 41 46 48 1136 1141 1848 2086 2098 2322 2336 2341 2348 4336 
m2574 22 26 44 46 1146 1322 1344 1346 2344 2346 4846 
m1772 22 23 36 40 41 1122 1123 1136 1140 1141 1172 1173 1186 1190 1191 1822 1823 1836 1840 1841 2023 2036 2041 2072 2073 2086 2090 2091 3673 3686 4323 4336 4586 
m2517 22 23 36 40 1122 1123 1136 1140 1173 1186 1190 1822 1823 1836 1840 2022 2023 2036 2040 3673 3686 
m309 37 40 41 46 1890 2037 2046 2087 2090 2096 2340 4396 
m1579 
m770 22 44 46 1144 1146 2246 2322 2344 2346 4846 
m1726 5 13 33 45 655 1655 1695 2255 2263 4163 
m1711 44 46 2344 2346 
m399 14 46 2346 4814 
m199 22 23 30 36 40 46 49 1122 1123 1130 1136 1140 1146 1149 1172 1173 1180 1186 1190 1199 1522 1523 1530 1536 1540 1546 1549 1822 1823 1830 1836 1840 1846 1849 2022 2023 2030 2036 2040 2046 2322 2330 2336 2340 2346 2349 2472 2473 2480 2486 2496 3696 4823 
m2584 22 44 46 1146 2344 2346 4846 
m1365 23 38 1923 
m1168 33 38 46 1688 1938 1946 2338 4196 
m504 22 46 49 2322 2346 2472 2496 
m2573 10 36 46 1810 2310 2346 4836 
m2286 12 36 45 46 636 645 1845 2312 2336 2345 2346 4812 4836 
m781 26 46 1326 1346 
m3315 22 36 40 46 48 1136 1140 1146 1822 1836 1840 1846 2022 2036 2040 2046 2048 2322 2336 2340 2346 2348 2422 2436 2440 2446 4346 4836 
m49 10 30 36 37 46 1510 1536 1546 1810 1860 1880 1886 1896 2310 2346 4836 
m636 46 2346 
m2618 22 26 33 36 49 1126 1133 1676 1822 1826 1833 1849 2472 2476 2483 
m1234 22 23 30 46 1122 1123 1130 1146 1196 1523 1530 1546 2322 2323 2330 2346 3696 4823 
m725 13 22 41 691 1113 1122 1141 
m3564 31 45 2281 
m558 36 40 49 1836 1840 1849 2036 2040 2049 2486 2490 2499 
m178 13 22 45 695 1113 1145 2263 2272 2295 
m911 22 46 1122 1146 
m3305 22 
m3132 22 37 1872 
m1254 5 45 46 2255 2305 2345 2346 
m3396 22 23 36 40 1122 1123 1136 1140 1173 1822 1823 1840 2022 2023 2040 3673 
m1515 22 23 31 36 46 1172 1181 1186 1196 1596 1822 1846 2322 3686 4086 4331 4336 4346 
m1045 22 30 38 1130 1922 1930 1938 
m1211 5 26 45 46 276 296 1305 1326 1346 2255 2276 2296 2326 
m2227 36 37 41 46 49 1837 1841 2087 2341 2486 2487 2491 2496 4336 4346 4837 
m1944 22 44 46 1146 2322 2344 2346 4846 
m2009 10 32 46 1610 1632 1646 2310 2346 
m1153 36 
m2219 45 2295 
m2981 26 36 46 1826 2326 2336 2346 4346 
m1545 5 31 36 255 281 286 1555 1581 1586 1805 1831 1836 
m198 14 32 36 46 746 1614 1632 1636 1646 1814 1832 1836 1846 2314 2332 2336 2346 4332 
m2287 5 45 295 
m1935 13 22 36 40 672 686 690 1113 1122 1136 1140 1822 2022 2036 
m2190 22 23 31 46 49 1123 1146 1196 1572 1573 1596 2323 2346 2473 2481 2496 4846 
m116 22 23 30 36 40 1122 1123 1136 1140 1522 1523 1536 1540 1822 1823 1840 2022 2023 2030 2036 2040 4323 4336 
m2294 36 40 41 46 1841 2036 2040 2041 2046 2086 2090 2091 2096 2336 2340 2341 2346 
m1259 26 33 46 1676 1696 2326 2333 2346 
m732 32 36 46 2332 2336 2346 4332 4836 
m3637 22 33 46 1122 1133 1146 1672 1683 1696 2322 2333 2346 4833 
m1783 12 22 36 622 1112 1122 1136 1822 4312 
m1098 32 36 4332 
m2869 22 23 30 46 49 1122 1123 1130 1146 1149 1172 1173 1180 1522 1523 1530 1549 2322 2323 2330 2349 2472 2473 2480 3673 4823 
m576 36 41 1841 2086 
m2087 
m3113 22 36 41 46 1822 2072 2096 2322 4586 4836 
m3041 48 2448 
m2918 36 40 46 1836 2036 2046 2336 
m3145 14 22 1114 1122 
m2103 22 32 37 1622 1872 1882 
m135 36 40 46 49 1846 1849 2036 2046 2349 
m2067 22 44 46 1144 1146 2246 2344 2346 4846 
m1193 30 36 40 46 49 1549 1830 1836 1846 1849 2030 2036 2040 2046 2049 2330 2349 2480 2499 
m2459 14 32 46 1614 2314 2332 
m2422 22 23 37 46 1123 1137 1146 2323 2337 3687 4837 4846 
m3032 23 38 45 1923 2273 2288 
m1517 14 36 40 49 749 1814 1849 2014 2036 
m2455 22 44 46 1144 1146 2222 2244 2246 2322 2344 2346 4846 
m1563 14 45 46 745 746 2345 
m2575 22 26 44 46 1146 1346 2344 2346 4846 
m1463 45 2295 
m3466 22 37 40 46 1137 1146 2022 2037 2046 4837 
m1411 36 46 49 1849 2336 2349 4336 
m2870 26 33 1676 
m1302 37 40 45 46 1890 2287 2290 2337 2340 2345 
m2748 5 32 1605 
m1294 12 14 45 46 645 712 745 2312 2314 2345 2346 4814 
m3038 22 37 46 1872 2322 4837 
m3323 13 33 46 2313 2333 4163 
m2949 14 36 49 749 1814 1849 
m1627 14 22 36 40 46 49 722 1814 1822 1846 1849 2014 2036 2046 2322 2336 2349 2464 2472 4336 4814 
m2266 22 37 40 46 1137 1146 2022 2037 2046 2337 2346 4837 
m3309 38 40 45 46 1946 2038 2046 2288 2290 2296 
m300 26 
m286 22 1122 
m1305 22 23 30 36 40 1122 1123 1130 1136 1172 1173 1180 1186 1190 1522 1523 1530 1536 1540 1822 1823 1830 1840 2022 2023 2030 3673 
m1527 14 37 40 46 737 740 746 2037 2046 4837 
m2922 12 14 23 30 41 46 641 723 730 741 1191 1512 1514 1523 1530 1541 2312 2314 2330 2341 3212 3662 4823 
m1281 23 45 1195 2273 2295 
m2936 14 30 40 46 1514 1546 2014 2030 2040 2046 2314 2346 4814 
m162 37 38 1888 1937 1938 
m2367 13 22 1113 
m3385 15 45 795 
m3222 26 46 50 1326 1346 1350 2350 
m2239 36 40 46 1836 1840 1846 2036 2040 2046 2336 2340 2346 4336 4346 
m2526 14 26 33 726 1314 1326 1333 1664 1676 1683 3233 
m1683 14 45 745 
m1010 10 13 22 660 663 672 1110 1113 1122 
m1603 22 23 36 49 1123 1136 1173 1186 1199 1823 1849 2473 2486 3673 4323 4336 
m2914 14 27 38 727 1914 1927 
m3163 3 26 46 1303 1346 2346 4803 
m2818 13 14 22 672 722 3213 
m2625 46 2346 
m2515 21 1071 
m2581 14 22 46 1114 2314 2322 2346 4814 
m1731 14 46 746 2346 3246 
m3575 5 13 14 38 46 655 705 746 1913 1914 1946 2305 2313 3213 
m1861 23 36 41 49 1191 1823 1836 1841 1849 2473 2486 2491 3686 4323 4336 4341 
m683 36 46 48 49 1846 1848 1849 2336 2348 2486 2496 2498 2499 4336 
m3100 22 23 30 36 40 41 46 49 1122 1123 1130 1136 1140 1141 1146 1149 1172 1173 1190 1191 1522 1523 1530 1536 1540 1541 1546 1822 1823 1830 1836 1840 1846 1849 2022 2023 2030 2036 2040 2041 2046 2049 2322 2323 2330 2336 2340 2341 2346 2473 2480 2486 2490 2496 3696 4823 
m1704 22 23 36 40 41 46 49 1123 1136 1140 1173 1186 1190 1199 1840 2022 2023 2036 2040 2041 2049 2072 2073 2086 2090 2091 2099 2322 2323 2340 2341 2473 2486 3673 3686 4323 
m2008 38 45 1938 1945 2288 2295 
m1640 13 38 46 1913 1946 4813 
m2249 45 46 2345 2346 
m3484 
m2151 46 
m2231 40 44 46 49 2044 2046 2049 2344 2349 2494 
m1044 37 39 46 1987 4396 4496 
m2693 22 23 30 1122 1123 1130 1172 1173 1180 1522 1523 1530 3673 
m3655 23 46 1173 1196 3696 
m2339 36 37 38 46 1837 1838 1888 1938 2338 4346 4837 
m1730 13 22 36 45 46 672 1822 2263 2272 2286 2296 2313 2322 2336 4313 
m1435 9 14 22 36 49 709 1109 1114 1136 1149 1809 1814 1836 1849 2459 2464 2486 2499 
m1105 22 23 30 36 41 1122 1123 1130 1136 1141 1172 1173 1180 1523 1822 1823 2072 2073 3673 4586 
m922 5 14 30 46 705 730 1505 2305 2314 2330 2346 4814 
m1593 36 38 49 1838 1849 1936 1938 1949 
m1260 14 36 40 46 1814 1846 2014 2036 2040 2046 2346 4346 4814 
m789 12 22 36 40 41 45 46 49 636 640 641 645 649 1145 1822 1836 1840 1841 1845 2012 2022 2036 2040 2041 2045 2046 2049 2072 2095 2272 2295 2336 2340 2349 2486 2490 2491 2495 3136 4336 4812 
m1987 22 36 41 46 1122 1136 1141 1146 1822 1836 2072 2086 2091 2322 2336 2341 4586 
m2747 22 38 44 46 1146 1946 2344 2346 4846 
m13 18 46 918 946 2318 2346 
m577 12 13 22 36 40 622 636 640 672 686 690 1112 1113 1122 1136 1140 1822 2022 2036 3162 
m1569 22 23 36 40 41 46 49 1136 1140 1146 1172 1186 1190 1196 1199 1822 1823 1836 1840 1846 1849 2022 2023 2036 2040 2046 2049 2072 2073 2086 2099 2322 2323 2336 2340 2341 2346 2349 2472 2473 2486 2490 2496 3686 4323 4336 4836 
m186 22 36 41 1122 1136 1141 1841 2091 4586 
m1839 33 46 2333 2346 
m3494 14 38 738 
m3173 13 22 32 46 682 1113 1122 1132 1146 2313 2322 2332 
m1819 23 32 45 46 1182 2273 2282 2296 2323 2332 2346 4823 
m2510 30 46 2330 
m724 45 46 2295 2345 2346 
m2813 23 38 1923 
m3126 5 22 46 1105 1146 2305 
m1853 46 2346 
m366 12 49 649 2462 2499 
m953 23 30 38 46 1180 1923 1930 1946 2330 2346 4823 
m3111 46 
m1718 14 23 30 46 1514 1523 1546 2314 2323 2330 2346 3664 4814 4823 
m2333 14 22 36 40 46 722 740 746 1140 1146 1822 1840 2014 2036 2040 2046 2322 2336 2340 2346 3236 4346 4814 
m790 37 
m608 36 40 41 46 1836 1840 1841 1846 2036 2040 2041 2046 2336 2340 2341 2346 4346 4586 
m3071 14 36 48 714 736 748 1836 1848 2448 
m168 14 22 32 36 39 40 41 49 722 1614 1622 1639 1641 1814 1822 1832 1836 1839 1841 1849 1972 2014 2036 2041 2049 2064 2072 2082 2089 2091 2482 2486 2489 2491 4464 4586 
m2104 22 46 1122 1146 2346 
m3220 22 37 41 46 1122 1137 1141 1146 1891 2341 4837 
m1918 36 46 2336 
m363 45 
m3460 45 46 2345 2346 
m3387 22 23 36 40 46 49 1172 1186 1190 1822 1823 1836 1840 1849 2022 2023 2036 2040 2046 2049 2322 2323 2336 2340 2349 2473 2486 2490 3686 4336 4346 4836 
m3418 22 23 30 36 40 41 46 1122 1123 1130 1136 1140 1141 1146 1180 1522 1523 1530 1536 1540 1546 1822 1823 1830 1836 1840 1841 1846 2022 2023 2030 2036 2040 2041 2046 2072 2086 2090 2322 2323 2330 2340 4823 4846 
m621 14 22 41 714 741 1114 1141 2064 2072 2091 
m1536 26 32 36 38 46 1332 1336 1346 1832 1926 1932 1936 1938 1946 2332 2336 2346 4836 
m2296 22 23 30 36 40 46 1122 1123 1130 1136 1140 1146 1172 1173 1522 1523 1530 1540 1546 1822 1823 1830 1840 1846 2022 2023 2030 2036 2040 2046 2322 2323 2330 2340 2346 3696 4823 
m1594 
m823 13 37 38 46 1913 1937 1946 2313 2337 4363 
m496 22 37 46 1872 2322 4837 
m2449 22 46 49 1146 2472 2496 
m55 14 36 40 46 1814 1846 2014 2036 2046 3246 
m2128 12 23 30 36 41 46 49 630 1180 1812 1830 1846 2062 2073 2080 2086 2096 2323 2330 2462 2473 2480 2486 2491 2496 3123 4323 4812 
m2847 30 37 40 46 1880 1890 2030 2046 2330 4396 
m2144 22 23 30 36 40 41 1123 1130 1136 1140 1172 1173 1180 1186 1190 1523 1822 1823 1830 1836 1840 1841 2022 2023 2030 2036 2041 2072 2073 2086 2090 3673 4323 4336 4586 
m319 40 45 46 2046 2290 2296 2346 
m3349 14 44 46 49 744 746 2344 2464 2494 2496 
m2662 22 36 46 1822 2322 2336 2346 
m3082 22 45 46 1122 1146 2272 2295 2296 2322 2346 4846 
m2434 38 41 46 1941 1946 2341 
m210 22 36 46 49 1149 1822 1836 1846 1849 2322 2349 2472 2486 2499 4836 
m1837 22 44 46 1146 2344 2346 4846 
m386 46 
m1444 22 36 40 41 49 1122 1136 1140 1141 1149 1841 1849 2022 2036 2041 2049 2072 2086 2090 2091 2099 2486 2491 4336 
m2858 38 45 46 1945 2338 2345 2346 
m2207 22 30 36 40 46 1122 1130 1136 1140 1146 1536 1540 1546 1836 1840 1846 2022 2030 2036 2040 2046 2322 2330 2336 2340 2346 4346 
m1041 30 45 46 2280 2296 2330 2346 
m1979 22 23 32 1122 1123 1132 1182 1622 1623 1632 
m3322 22 23 45 1122 1123 1145 1173 2272 2273 2295 3673 
m1991 18 45 945 2295 
m1013 45 46 2295 2296 2346 
m2204 12 23 30 36 41 612 630 636 641 1191 1523 1541 1812 1823 1830 1836 1841 2062 2073 2086 3123 
m132 37 40 46 1890 2037 2040 2046 2337 2340 2346 4396 
m3142 22 36 41 46 49 1136 1141 1849 2086 2099 2322 2336 2341 2349 4336 
m1717 17 22 1117 
m2273 37 40 46 1890 2037 2040 2046 2337 2340 2346 4396 
m2462 36 48 1836 1848 2436 2448 4336 
m2979 26 37 46 1876 2326 2337 
m1803 14 36 49 736 749 1849 2486 2499 4336 
m2251 21 22 46 1121 1146 2321 4846 
m2312 22 36 40 1122 1136 1140 1822 2022 2036 
m3592 23 30 41 45 1180 1191 1541 2273 2280 2291 
m3409 22 36 40 46 1122 1136 1140 1146 1840 2040 2336 2340 
m1621 32 36 38 39 46 1832 1839 1936 1939 1946 1982 2332 2336 2339 
m305 22 36 40 46 49 1149 1822 1849 2022 2036 2049 2322 2336 2340 2349 
m1801 22 36 40 46 1122 1136 1140 1146 1840 2036 2040 2336 2340 
m1996 8 33 46 433 446 4833 
m2837 22 45 46 1122 1145 1146 2345 
m3056 22 23 30 36 40 41 46 1122 1123 1130 1136 1140 1141 1146 1191 1523 1536 1541 1546 1841 1846 2023 2030 2036 2040 2041 2046 2072 2341 3696 4323 
m1078 37 45 46 1895 2337 2345 2346 
m1836 22 44 46 1146 2344 2346 4846 
m3543 26 36 46 49 1326 1336 1346 1349 1826 1846 1849 2326 2476 2496 
m3493 
m2226 27 36 37 46 49 1387 1827 1837 2327 2477 2486 2487 2496 4336 4346 4837 
m587 26 27 46 1327 1346 1377 2327 
m1012 37 40 46 1890 2037 2040 2046 2337 2340 2346 4396 
m1907 22 23 30 41 46 1122 1141 1146 1191 1523 1530 1541 1546 2073 2080 2091 2096 2322 2323 2330 2341 2346 
m680 33 37 46 1883 1896 4833 
m2807 
m346 12 36 40 41 46 636 640 641 1836 1840 1841 2036 2041 2336 2340 2341 3136 4336 4812 
m966 41 46 2341 
m1897 46 
m3261 22 23 24 40 45 46 1122 1145 1172 1190 1195 1222 1240 1245 1246 2022 2023 2024 2040 2045 2046 2272 2295 2322 2340 2345 3696 3723 
m3124 22 38 44 46 1146 1922 1946 2344 2346 4846 
m1124 37 45 46 2287 2296 2337 2346 4837 
m2046 2 40 46 140 146 2046 
m3255 14 20 38 46 49 720 1914 1946 2320 2349 2464 2470 4814 
m1993 36 38 40 45 1845 1936 1938 1940 1945 2036 2045 2286 2295 4336 
m2289 5 32 36 1605 1636 1805 
m1390 22 45 1122 1145 2272 2295 
m26 37 45 46 1895 2337 2345 2346 4396 
m3229 46 2346 
m2532 13 22 36 40 41 1113 1136 1140 1813 1840 2013 2063 2072 2086 2090 
m1808 32 38 46 49 1649 1932 1949 2332 2338 2346 2349 4846 
m648 3 32 36 41 46 186 191 1603 1641 2303 2332 2336 2341 4136 4586 
m2933 22 30 32 36 40 41 46 49 1122 1130 1132 1136 1140 1141 1146 1522 1532 1536 1546 1622 1646 1822 1830 1832 1836 1840 1846 1849 2022 2030 2032 2036 2040 2046 2049 2072 2090 2096 2322 2472 2480 2482 2486 2490 2496 4346 4846 
m1351 4 42 45 2254 2292 2742 
m122 32 38 46 1632 1646 1932 1938 1946 2332 
m2665 23 36 40 41 44 1186 1190 1191 1194 1840 1841 2041 2240 2241 4736 
m3634 22 45 1122 1145 2272 2295 
m495 5 11 15 33 38 46 555 565 583 588 596 755 1655 1696 1915 1933 1946 2305 2315 4165 
m1072 5 13 33 45 263 283 2255 2263 2283 3183 
m3419 36 46 49 2336 2349 2486 
m836 26 32 36 38 46 1332 1336 1346 1832 1926 1932 1936 1946 2332 2336 2346 4836 
m1679 36 45 46 1845 2286 2295 2345 4836 
m2075 14 36 40 46 1814 1846 2014 2036 2040 2046 2346 4346 4814 
m822 36 40 41 1836 1840 1841 2036 2041 2086 2091 4336 4341 4586 
m582 5 14 26 45 705 745 1305 1314 1345 2255 
m2242 36 49 1849 2486 2499 
m2976 13 33 1663 1683 4163 
m1164 37 45 46 1895 2345 4837 
m1964 13 22 46 1113 2313 2322 
m1324 30 46 2330 
m68 23 26 32 46 1182 1323 1332 1346 2323 2332 
m2154 23 30 38 45 46 1180 1923 1930 1946 2273 2280 2288 2296 2330 2346 4823 
m1083 45 49 2295 2299 
m413 33 45 1695 
m1220 23 38 45 1923 2273 2288 
m2694 22 23 30 1122 1123 1130 1172 1173 1180 1522 1523 1530 3673 
m2674 5 36 45 46 49 286 296 299 1836 1846 1849 2255 2286 2296 2299 2336 2349 
m3650 26 46 2326 2346 
m1039 38 40 45 46 1938 1945 1946 2290 2340 2345 
m400 11 13 22 38 563 572 588 688 1113 1138 
m2228 37 38 46 1888 1938 2338 4837 
m255 3 32 36 41 46 186 191 1603 1641 2303 2332 2336 2341 4136 4586 
m407 23 30 33 46 1180 1523 1530 1533 1546 1680 2330 2333 4173 4823 
m2654 22 26 44 46 1146 1322 1344 1346 2326 2344 2346 4846 
m3413 22 30 36 40 41 46 49 1122 1130 1136 1140 1141 1146 1149 1522 1536 1546 1822 1846 2022 2030 2036 2040 2046 2049 2072 2090 2322 2472 2480 2486 2496 4346 4846 
m2590 40 46 2046 2346 
m1415 23 46 49 2323 2346 2473 2496 4823 
m324 13 16 36 40 49 1813 1816 1836 1849 2013 2016 2036 2049 2463 2466 3166 
m1871 36 41 46 49 1841 1846 2341 2346 2486 2491 2496 
m1139 
m119 22 37 40 46 1137 1140 1146 1890 2022 2037 2040 2046 2337 2340 2346 4837 
m1268 30 36 40 46 48 1830 1848 2030 2036 2046 2330 2336 2346 2348 2430 
m2982 5 13 14 33 655 705 713 1655 1664 4163 
m3372 14 714 
m1236 32 36 37 46 1646 1882 1896 4136 4346 4386 
m1725 14 23 30 39 46 1189 1514 1523 1539 1546 1964 2314 2323 2330 2339 2346 3664 4814 4823 
m281 29 34 36 1484 1734 1829 1834 1836 
m1512 18 23 1168 
m3498 37 40 46 1890 2037 2040 2046 2337 2340 2346 4396 
m2044 22 36 46 49 1136 1146 1846 1849 2349 
m275 5 14 32 705 1605 1614 
m600 5 36 40 46 255 1805 1846 2005 2036 2040 2046 2305 2346 4346 
m220 32 45 1645 
m3521 30 36 46 1830 2330 2336 2346 4336 
m2810 14 22 41 46 722 2064 2072 2096 2314 2322 2341 2346 4814 
m623 36 
m734 36 40 46 49 1836 1840 1846 2036 2040 2046 2049 2336 2346 2349 2486 4346 4836 
m1248 6 42 306 342 2106 2142 2842 4606 
m53 29 
m1447 22 23 32 38 46 1123 1132 1146 1182 1196 1922 1923 1932 1946 2332 
m589 13 36 38 46 49 699 1849 1913 1936 1946 1949 2313 2349 3186 4836 
m2469 22 45 46 1122 1145 1146 2296 2346 
m3408 13 23 49 673 1163 1173 1199 2463 2473 2499 3163 
m651 13 22 38 1113 1122 1138 1913 
m2306 45 46 2296 
m1570 10 32 46 1610 1646 2310 
m350 26 27 46 1327 1346 2327 2346 
m590 22 44 46 2222 2246 2322 2344 2346 4846 
m423 36 42 4636 
m131 5 37 45 46 1855 2255 2287 2296 2305 4837 
m957 26 40 46 1326 1340 1346 2026 2046 2326 3826 
m1778 12 14 27 46 712 746 1362 1364 1396 2312 2346 3246 4812 
m1970 23 45 1195 2295 
m1087 22 23 36 40 41 46 1122 1123 1136 1140 1141 1146 1190 1191 1822 1823 1836 1840 1841 1846 2022 2023 2036 2040 2041 2046 2323 2336 2340 2341 3673 3686 4323 4336 
m3379 22 36 40 46 48 1822 2022 2036 2322 2336 2340 2436 2440 2446 
m2594 32 36 44 46 1832 1836 1844 2232 2236 2332 2336 2344 2346 4332 4336 4736 4836 
m108 22 23 30 36 40 41 1123 1173 1180 1186 1190 1191 1830 2023 2030 2036 2040 2041 2073 2080 2086 2090 3673 4323 
m1170 22 36 37 40 46 1122 1136 1137 1140 1146 1822 1837 1840 1846 1890 2022 2036 2037 2040 2046 2337 2340 2346 4346 4837 
m2709 22 23 1122 1123 1173 3673 
m1483 40 45 46 2290 2296 2340 2346 
m1456 5 45 295 
m913 32 1632 
m2011 22 44 45 46 1146 2272 2294 2296 2344 2346 4846 
m2539 40 45 2045 
m3217 36 
m3304 22 30 36 40 46 1122 1130 1136 1146 1522 1536 1822 2022 2030 2036 2322 2330 2336 2340 2346 4836 
m2351 45 46 2296 2346 
m3227 40 46 49 2340 2346 2490 2496 
m3401 46 
m3461 14 22 722 1114 1122 
m201 22 36 46 49 1136 1146 1149 1822 1846 2322 2336 2346 2472 2486 2496 
m2282 23 32 38 46 1182 1188 1196 1923 1932 1938 1946 2332 2338 2346 3696 4823 
m997 37 40 46 1890 1896 2040 2046 2340 2346 4837 
m2689 14 37 714 737 1887 3237 
m43 22 26 33 36 49 1322 1333 1349 1672 1822 1826 1833 1849 2472 2483 
m2305 26 46 1346 
m800 34 38 46 1734 1934 2334 2338 2346 
m1159 36 40 48 49 1836 1840 2036 2436 2440 2449 2486 2490 4336 
m1898 13 20 33 36 40 41 670 686 690 691 1033 1036 1040 1041 1686 1690 1691 1840 1841 2036 2041 3183 3536 4336 
m106 22 23 30 36 46 49 1122 1123 1130 1146 1149 1172 1173 1180 1199 1522 1523 1530 1549 1822 1823 1830 1846 1849 2322 2323 2330 2349 2472 2473 2480 2496 3673 4823 
m2371 46 
m3049 22 23 30 36 40 41 46 1122 1123 1130 1136 1140 1141 1146 1191 1523 1536 1541 1546 1841 1846 2023 2030 2036 2040 2041 2046 2072 2073 2091 2341 3696 4323 
m94 22 
m1831 38 46 1946 
m3020 22 45 46 1122 1145 1146 2272 2295 2296 2345 
m2641 22 44 46 1146 2322 2344 2346 4846 
m271 22 23 45 1122 1123 1172 1173 2272 2273 3673 
m2955 40 45 46 2040 2045 2046 2345 
m2991 41 
m2831 22 23 30 40 41 1130 1140 1180 1523 1530 2022 2023 2030 2072 2090 
m2806 26 40 46 49 1340 1346 1349 2046 2490 2496 
m1027 5 22 37 45 1105 1122 1137 1145 1855 1895 2255 
m2606 22 23 30 45 46 1123 1130 1145 1146 1196 1523 1545 1546 2273 2280 2295 2296 2323 2346 4823 4846 
m704 30 44 45 1530 1544 1545 2230 2244 2245 2280 2294 2295 
m385 36 46 2336 2346 4836 4846 
m2768 32 46 1632 1646 2332 2346 
m1722 14 22 23 30 46 722 1172 1514 1522 1523 1546 2314 2322 2323 2330 2346 3664 4814 4823 
m786 22 44 46 1146 2246 2344 2346 4846 
m3531 9 36 46 49 459 486 496 499 1809 1846 1849 2309 2336 2346 2349 2459 2486 2496 2499 4336 
m2464 14 22 36 46 722 736 1822 2314 2322 4836 
m2897 5 13 22 33 655 1113 1122 1133 1655 1672 4163 
m838 26 32 36 46 1332 1336 1346 1832 2332 2336 2346 4836 
m2995 5 38 46 1905 1938 1946 2305 2338 2346 
m707 22 23 30 46 1122 1123 1130 1146 1180 1523 1530 1546 2330 2346 4823 
m2397 12 36 46 49 649 1849 2336 2349 3136 4812 
m655 14 
m21 23 30 36 40 1173 1180 1190 1523 1530 1536 1540 1823 1830 1836 1840 2023 2030 2036 2040 3686 4323 4336 
m893 22 23 30 41 49 1123 1130 1173 1523 2072 2073 2080 2472 2473 2480 2491 3673 
m3224 23 30 46 1180 2323 2330 2346 
m222 6 42 46 2306 2342 2842 
m934 22 38 45 46 1122 1146 1922 1938 1945 1946 2272 2288 2295 2296 2346 
m2203 13 22 45 46 672 2263 2295 2296 2313 2322 2346 4813 
m3583 46 
m1872 22 36 40 1122 1136 2022 2036 2040 
m2653 32 36 46 1632 1636 1646 1832 1836 1846 2332 2346 4332 4846 
m2824 22 23 36 40 1122 1123 1136 1140 1173 1823 1840 2023 2040 3673 
m1287 22 23 30 39 41 1123 1130 1139 1141 1523 1973 1980 1991 2073 2080 3673 4473 
m3518 22 32 36 40 46 49 1622 1646 1822 1832 1836 1840 1846 1849 2032 2036 2046 2322 2482 2486 2490 2496 4332 
m3625 22 36 40 46 49 1136 1140 1146 1822 1840 1846 2022 2036 2040 2046 2049 2322 2336 2340 2346 2349 2472 2486 2490 2496 4836 
m1100 14 26 726 
m3046 5 13 22 33 46 655 1113 1133 1146 1655 1696 2305 2313 4163 
m1399 22 23 30 36 40 46 48 1122 1123 1130 1136 1140 1146 1148 1172 1173 1522 1523 1530 1540 1546 1822 1823 1830 1840 1846 2022 2023 2030 2036 2040 2046 2322 2323 2330 2340 2346 2430 2436 2440 2446 3696 4823 
m44 9 36 45 46 486 495 496 1845 2309 2336 2345 2346 
m1901 13 22 33 36 40 46 1113 1122 1133 1136 1140 1146 1813 1833 1840 1846 2013 2022 2033 2036 2040 2046 2313 2333 4163 
m14 13 22 32 33 36 40 46 690 696 1113 1122 1132 1133 1136 1140 1146 1613 1633 1636 1640 1646 1690 1813 1833 1840 1846 2013 2033 2046 2333 2340 3183 
m866 46 2346 
m1389 22 45 46 49 1146 1149 2272 2296 2299 2349 2472 2495 2496 
m858 38 46 1946 2338 2346 
m719 8 25 46 49 408 446 449 1258 1296 2349 
m2871 21 23 46 1171 2321 2323 
m1425 7 38 46 1907 1946 2307 2338 2346 
m1832 12 36 40 41 46 49 636 640 641 649 1836 1840 1841 2036 2041 2336 2340 2341 2349 2486 2490 2491 3136 4336 4812 
m259 5 13 33 36 46 263 283 1805 1813 1833 2305 2313 2333 4163 4836 
m1811 38 46 1946 
m2835 37 39 40 46 1890 1987 1990 2340 4396 4496 
m1616 22 23 36 45 1122 1123 1136 1172 1173 1186 2272 2273 3673 
m3471 14 40 46 740 746 2014 2040 2046 2314 2340 2346 3214 3246 4814 
m2435 22 40 46 1146 2022 2040 2046 2346 
m485 10 46 2310 
m3578 36 37 39 40 41 46 49 1837 1839 1840 1841 1846 1849 1889 2037 2039 2046 2087 2089 2090 2096 2487 2490 2491 4396 4839 
m2322 13 37 46 1896 2313 4363 
m2821 45 46 2345 
m418 22 38 45 46 1145 1922 1945 1946 2322 2345 
m368 5 22 36 46 49 272 286 296 299 1149 1822 1849 2322 2346 2349 4836 
m3164 45 46 49 2295 2299 2345 2349 
m2432 22 45 46 1145 1146 2345 
m3235 26 33 45 1333 1345 1695 
m2792 23 30 45 1180 1195 1523 1530 1545 2273 2280 2295 3673 
m2900 22 36 41 49 1122 1136 1141 1149 1822 1841 1849 2072 2086 2091 2099 2472 2486 2491 4336 
m1454 5 36 46 49 255 286 1805 1836 1846 1849 2305 2336 2455 2486 2496 
m2194 
m1899 46 2346 
m1790 41 2091 
m609 36 45 46 2286 2295 2296 2336 2346 4836 
m1242 14 45 46 2264 2296 2314 2346 4814 
m2770 16 45 46 845 2345 4816 
m3482 22 23 30 40 46 1122 1123 1130 1140 1146 1180 1523 1530 1546 2022 2023 2030 2046 2330 2346 4823 
m3361 20 23 1020 1023 1170 
m442 6 36 42 46 49 2306 2336 2342 2456 2486 2492 2496 2836 4606 4636 
m1113 46 2346 
m2913 26 37 46 1337 1346 2337 2346 4837 
m2019 22 37 40 46 1122 1137 1146 2022 2037 2046 2322 2337 2346 4837 
m444 22 30 36 39 41 1136 1139 1522 1536 1539 1541 1986 2072 2089 4586 
m3504 22 23 36 41 1122 1123 1136 1141 1173 1186 1823 2073 3673 3686 4323 4586 
m2381 22 28 1422 
m1707 22 23 38 46 49 1122 1123 1138 1146 1199 1923 1938 1946 1949 2323 2346 2349 
m617 22 45 46 1145 1146 2296 
m2426 14 32 41 741 1614 1641 
m448 22 40 46 1140 1146 2046 
m2211 23 36 40 41 1173 1186 1190 1191 1823 1840 2023 2036 2073 2086 2090 3673 4323 4336 4586 
m1664 22 36 40 41 46 49 1136 1140 1141 1149 1836 1849 2036 2049 2086 2090 2099 2322 2336 2340 2341 2349 4336 
m214 11 13 46 563 2311 2313 
m919 14 40 46 2014 2046 2314 2346 4814 
m3601 21 36 38 45 1095 1845 1921 1936 1945 3586 
m2972 23 30 36 41 1523 1823 1830 2073 2080 3673 4323 4586 
m2684 33 46 49 1696 1699 2349 
m1588 14 22 38 46 738 1114 1138 2314 2322 2338 2346 4814 
m2383 21 46 2321 2346 4846 
m2613 22 44 46 1146 2222 2246 2322 2344 2346 4846 
m742 
m3092 23 30 45 46 1173 1180 1196 2273 2296 2330 2346 4823 
m405 22 23 30 1123 1130 1172 1173 1180 1523 3673 
m411 13 22 36 40 672 686 690 1822 1840 2022 2036 2040 4336 
m344 13 22 33 36 40 1113 1122 1133 1136 1140 1813 1833 1840 2013 2033 4163 
m1890 13 22 26 33 36 40 672 686 690 1113 1122 1133 1136 1140 1313 1322 1333 1336 1340 1663 1672 1683 1686 1690 1822 2022 2036 3183 
m2917 14 40 46 714 746 2014 2040 2046 2314 2340 2346 3246 4814 
m1419 14 45 46 714 745 746 2345 4814 
m1672 23 36 40 46 49 1836 1849 2036 2046 2323 2336 2349 2473 2486 4323 4336 4836 
m1392 17 46 2317 2346 4817 
m3660 37 46 2346 4837 
m1215 3 30 45 46 180 195 2280 2296 2330 2345 2346 2696 4803 
m525 27 36 46 49 1827 2327 2336 2486 2496 
m3292 13 33 45 2263 2283 4163 
m3199 5 45 46 2255 2296 2305 
m774 8 22 36 46 1122 1136 1146 2308 2336 2346 4308 4836 
m2823 28 32 36 38 40 46 1628 1632 1636 1640 1646 1828 1832 1836 1932 1936 1940 1946 2028 2032 2036 2040 2046 2328 2332 2336 4136 4332 4836 
m3170 5 45 295 
m1500 28 
m1714 10 30 36 46 1510 1536 1546 1810 1846 2310 2346 
m598 22 23 36 40 1122 1123 1136 1140 1173 1822 1823 1840 2022 2023 3673 
m640 13 22 36 38 40 41 1113 1136 1138 1140 1141 1813 1840 1913 1922 1936 1938 1940 1941 2013 2063 2086 2088 2090 
m872 22 46 1122 1146 
m2234 
m1555 22 37 1122 1137 1887 
m3392 8 36 46 49 1808 1846 2308 2336 2458 2486 2496 4336 
m1451 8 37 46 408 437 446 1858 2308 4396 
m196 23 26 46 1176 1346 3696 4846 
m3184 5 30 32 36 46 280 1605 1630 1646 1805 1830 1846 2305 2330 4332 
m3290 33 1683 
m3180 36 38 41 46 1838 2096 2338 4346 4586 
m306 22 32 36 46 49 1622 1649 1822 1832 1849 2322 2332 2336 2346 2349 2472 4136 4336 4836 
m2954 45 46 2345 2346 
m169 5 13 33 36 49 263 283 1805 1813 1833 1849 2455 2463 2483 4163 
m1036 37 41 46 2087 2096 4837 
m1329 36 
m2321 37 39 40 46 1890 1987 1990 2340 4396 4496 
m994 12 36 40 45 46 640 645 1845 2036 2045 2336 2340 2345 3136 4812 
m2629 22 40 46 1122 1140 1146 2022 2040 2046 2322 
m208 3 38 45 195 1903 1938 1945 
m3479 9 14 36 49 709 1809 1814 1836 1849 2459 2464 2486 2499 
m109 14 22 46 722 746 2322 
m2762 37 38 46 1937 1946 2337 2346 4837 
m2771 46 2346 4846 
m3239 22 23 36 40 46 49 1123 1136 1146 1149 1836 1846 1849 2022 2023 2036 2046 2049 2323 2473 2486 2496 3686 4323 4336 4836 
m1756 38 45 1938 1945 2288 2295 
m592 5 45 46 2255 2296 2305 
m261 22 36 40 46 49 1822 1846 1849 2022 2036 2040 2046 2049 2322 2472 2496 
m1393 22 44 46 1146 2344 2346 4846 
m3034 22 44 46 1146 2222 2244 2246 2322 2344 2346 4846 
m2948 22 40 46 1140 1146 2046 
m787 22 40 44 46 1146 2044 2046 2246 2344 2346 4846 
m2411 14 36 49 749 1814 1849 
m2175 22 44 46 1146 2344 2346 4846 
m3136 45 46 2295 2296 2345 
m1274 8 22 23 30 46 408 422 423 430 446 1122 1123 1130 1146 1180 1523 1530 1546 2330 4823 
m3540 30 45 46 2280 2296 2330 2346 4846 
m1548 14 30 714 730 
m3505 26 38 46 1926 1946 2326 
m1088 5 23 45 46 1155 2255 2273 2305 2345 2346 4823 
m975 37 
m2579 22 38 44 46 1146 1922 1944 1946 2344 2346 4846 
m2216 36 49 1849 
m662 14 45 745 2264 2295 
m2295 22 33 38 46 1122 1133 1146 1672 1922 1933 1946 2322 4833 
m238 45 46 2345 
m1186 22 44 46 1146 2344 2346 4846 
m733 11 
m3028 22 23 45 1123 1145 1172 1195 3673 
m2849 3 46 2303 2346 4803 4846 
m3462 22 23 30 1122 1123 1130 1172 1173 1522 1523 3673 
m1433 22 36 45 46 49 1145 1822 1845 2322 2336 2345 2472 2486 2495 2496 
m2362 36 37 40 46 48 1848 1886 1890 1896 2036 2040 2046 2048 2336 2340 2346 2348 4396 4836 
m2313 22 36 46 49 1822 2322 2336 2346 2349 2486 2496 
m335 22 23 30 36 41 46 1122 1123 1136 1141 1191 1522 1523 1536 1841 2322 2323 2330 2336 3686 
m1250 8 22 36 45 46 1108 1122 1136 1145 1146 2258 2286 2295 2296 2308 2336 2346 4308 4836 
m382 18 37 46 1868 2318 4837 
m2538 14 36 1814 4314 4336 
m3068 14 36 38 46 48 736 746 748 1848 1914 1936 1938 1946 1948 2314 2336 2338 2346 2348 
m2646 11 13 33 563 583 4163 
m2986 45 2295 
m156 7 26 46 1307 1346 2307 2346 
m88 11 23 30 41 1161 1173 1180 1511 1523 1530 2061 2073 2080 3673 
m230 22 27 40 46 1127 1140 1146 2027 2046 2327 
m279 22 36 40 46 49 1146 1822 1840 1846 1849 2036 2046 2049 2322 2340 2472 2496 4846 
m2347 46 
m292 13 22 36 38 40 672 686 690 1113 1122 1136 1140 1822 1913 1922 1936 1940 2022 2036 
m1223 32 36 40 41 46 1640 1641 1646 1846 2032 2036 2040 2041 2046 2096 2332 2336 2340 2341 2346 4136 4586 
m1194 37 46 4837 
m627 14 30 37 714 730 737 1880 3237 
m859 14 32 732 1614 1632 
m2070 13 46 4813 
m1205 14 22 36 40 722 736 740 1114 1122 1136 1140 1822 2022 2036 
m2100 37 1887 
m710 22 41 1122 1141 
m2178 29 36 41 1486 1829 1836 1841 2079 2086 2091 
m2664 22 26 44 46 1146 1322 1344 1346 2326 2344 2346 4846 
m2496 13 22 38 672 1113 1138 1913 1922 
m3546 14 36 49 1814 2464 2486 4314 4336 
m2042 13 46 2313 
m3251 22 32 36 1622 1822 4136 
m2350 13 22 32 45 682 1113 1132 1145 2263 2282 
m2264 36 46 49 1836 2336 2346 2349 2486 2499 4336 
m237 22 38 46 49 1146 1149 1922 1946 1949 2349 2472 2488 2496 
m2941 40 45 46 2046 2290 2296 
m3556 22 37 40 46 1872 2037 2046 2322 2337 2346 4837 
m1005 12 45 46 645 2345 4812 
m2761 37 40 46 2037 2046 2337 4837 4846 
m209 45 
m595 22 44 46 1146 2222 2244 2246 2322 2344 2346 4846 
m3095 22 44 46 1146 2344 2346 4846 
m3383 33 37 46 1883 1896 4833 
m950 7 45 46 2257 2295 2296 2307 2346 
m1252 45 46 2296 
m2270 22 37 40 46 1137 1146 1890 2022 2037 2040 2046 2322 2337 2340 2346 4396 
m2316 23 30 36 49 1180 1199 1549 1823 1830 1849 
m850 12 14 22 46 622 722 1112 1114 1122 1146 2314 2322 3114 4812 
m2563 14 22 46 722 746 2322 2346 
m2186 45 46 2296 
m2131 26 37 41 46 1337 1341 1346 1891 2341 4837 
m599 36 38 48 1838 1848 1936 1948 2436 2438 2448 
m513 23 32 46 1182 2323 2332 2346 3696 4823 
m2123 45 46 2345 
m188 22 36 41 1122 1136 1141 1822 2072 4586 
m973 13 16 3313 
m440 14 22 46 722 746 2322 2346 
m2631 14 36 40 46 740 1814 1836 1840 1846 2014 2036 2040 2046 2314 2340 2346 3246 4314 4346 4836 
m254 32 46 1646 2332 2346 
m3357 15 22 46 772 2322 4815 
m2896 22 36 37 40 46 1122 1136 1137 1140 1146 1822 1837 1840 1846 1872 2022 2037 2046 2322 2336 2340 2346 4396 4837 
m2746 22 32 46 1122 1132 1146 2332 2346 
m475 13 33 45 2263 2283 3183 
m1694 13 22 30 47 680 697 1113 1122 1130 1147 2380 
m2961 16 23 40 46 840 846 1190 2016 2023 2040 2046 2340 3323 3696 
m2809 13 14 32 46 664 696 1613 1614 1646 4814 
m383 13 36 40 49 2013 2036 2463 2486 2490 4313 
m546 16 23 30 38 45 46 830 1180 1516 1523 1530 1546 1916 1930 1945 1946 2266 2273 2280 2296 2316 2323 2330 2345 2346 3323 4823 
m2072 13 16 49 699 849 3166 
m2265 22 37 46 1122 1137 1146 2322 2337 2346 4837 
m1551 7 22 46 1107 1122 1146 2307 2346 
m2304 46 
m769 36 40 41 46 49 1836 1841 1846 1849 2036 2040 2041 2046 2086 2096 2099 2336 2346 2349 4346 4586 4836 
m2394 22 30 36 40 41 46 1122 1130 1136 1140 1141 1146 1536 1540 1541 1830 1836 1840 1841 2030 2036 2040 2041 2086 2090 2322 2330 2336 2340 2341 
m1554 22 40 46 1146 2340 
m2425 40 46 2046 
m1575 45 2295 
m522 14 20 22 720 1114 1120 
m899 14 22 41 46 741 1114 1141 2314 2322 2341 2346 4814 
m3365 8 46 408 446 2308 2346 
m970 12 14 32 37 46 614 632 732 737 1882 2314 2332 2337 3137 4812 
m1710 46 48 2348 
m2479 45 
m702 23 36 1173 1186 1823 1836 3673 3686 4323 
m86 15 22 46 772 2315 2322 
m370 36 45 1845 
m134 36 45 49 1849 2286 2299 
m2783 12 32 612 1612 
m1237 14 40 46 2014 2040 2046 2314 2346 4814 
m2229 5 32 36 45 1605 1805 1845 2255 2282 4332 
m2142 13 22 33 36 40 690 1113 1122 1133 1136 1140 1690 1813 1833 1840 2013 2033 4163 
m699 14 23 30 46 1514 1523 1546 2314 2323 2330 2346 3664 4814 4823 
m2735 30 40 46 2030 2040 2046 2330 
m2252 38 45 46 49 1946 2299 2345 2346 2349 
m768 22 44 46 1146 2344 2346 4846 
m2222 12 22 23 36 41 46 49 622 623 636 641 649 1123 1136 1141 1191 1822 1823 1841 2322 2323 2336 2341 2349 2472 2473 2486 2491 3136 4323 4336 4812 
m1181 46 4846 
m2311 12 45 645 2295 
m1149 6 36 43 336 1806 1836 1843 2186 2843 
m38 22 30 45 1122 1130 1145 1522 2272 2280 
m3654 22 37 46 1872 2322 2337 
m2614 22 44 46 1146 2322 2344 2346 4846 
m635 36 49 1836 1849 
m1519 40 45 46 2045 2046 2296 
m307 36 40 45 1845 2036 2045 2286 2290 2295 
m1688 40 46 2340 
m2026 13 36 46 49 699 1849 2313 2349 4313 4836 
m2357 22 36 40 41 49 1136 1141 1822 1836 1840 1841 1849 2036 2072 2086 2090 2091 2472 2486 2491 4336 
m2116 45 46 2296 
m1629 26 46 49 1326 1346 1349 2349 
m1685 12 36 46 612 636 646 1812 1836 1846 2312 2336 2346 
m369 5 45 295 
m521 26 32 36 41 46 1332 1336 1341 1346 1641 1646 2332 2336 2341 2346 4136 4586 
m807 23 38 45 1188 1195 1945 2288 2295 
m969 22 23 30 36 39 41 1123 1130 1139 1141 1522 1523 1822 1823 1830 1839 1841 1972 1973 1980 1991 2072 2073 2080 2086 2089 2091 3673 4586 
m718 14 22 38 46 49 722 749 1938 1946 2314 2322 2346 2349 2472 
m2132 5 13 33 46 263 283 296 696 2305 2313 2333 2346 3183 
m3605 32 1632 
m138 
m731 14 40 740 
m1014 14 22 36 40 46 722 1814 1822 1836 1840 1846 2014 2022 2036 2040 2046 2314 2322 2340 2346 3246 4314 4346 4836 
m1650 37 46 1887 1896 2337 2346 
m358 9 36 49 1809 2459 2486 2499 2959 4309 4336 
m840 22 30 36 40 41 46 1136 1141 1146 1541 1822 1830 1841 2022 2046 2086 2096 2336 
m886 16 23 36 40 41 46 836 840 841 1186 1190 1191 1841 2023 2036 2041 2046 2066 2073 2086 2090 2091 2096 2316 2336 2340 2341 3666 4823 
m2537 5 14 26 33 45 264 276 283 726 1676 2255 2264 2276 2283 3233 
m3639 22 44 46 1122 1146 2344 2346 4846 
m2721 13 36 40 46 696 1813 2013 2036 2040 2046 4346 
m631 44 46 49 2246 2494 2496 
m3487 14 46 746 4846 
m1154 23 30 46 1180 1523 1530 1546 2330 2346 4823 
m2633 23 38 45 46 1195 1923 1945 1946 2323 2345 
m212 3 45 153 2253 
m2561 14 22 46 722 746 2322 2346 
m3297 22 37 46 1122 1137 1146 2322 2337 2346 4837 
m313 22 37 38 45 46 1872 1922 1937 1945 1946 2272 2287 2296 2322 4837 
m3014 16 23 36 46 1186 1816 2316 2323 2336 3666 
m1682 36 38 46 1936 1946 2336 2338 2346 4836 
m2499 22 44 46 1146 2322 2344 2346 4846 
m763 22 44 46 1144 1146 2246 2322 2344 2346 4846 
m591 20 22 23 46 1023 1120 1123 1146 1173 2320 2323 3673 4823 
m155 5 13 14 33 263 283 705 713 733 4163 
m1793 36 45 46 1845 2345 4836 
m804 22 23 30 1122 1123 1130 1172 1173 1180 1522 1523 1530 3673 
m881 32 45 1645 
m1511 14 
m1394 22 44 46 1146 2344 2346 4846 
m1056 23 41 46 1173 2073 2323 2341 3673 
m288 26 32 46 1626 1646 2326 
m2184 22 36 40 49 1149 1822 1849 2022 2036 2049 
m1559 6 36 42 45 306 345 1845 2106 2145 2836 4306 4606 4636 
m3440 23 45 46 1195 2323 2345 2346 
m1917 16 22 44 49 844 849 1116 1144 2494 
m936 11 
m3370 13 22 46 1113 1122 2322 4813 
m2453 8 36 46 1808 2308 2336 2346 4836 
m2523 44 46 2344 2346 
