m212 
m691 46 2346 4846 
m855 22 23 30 36 40 41 46 1122 1123 1130 1136 1140 1141 1146 1180 1522 1523 1530 1536 1540 1546 1822 1823 1830 1836 1840 1841 1846 2022 2023 2030 2036 2040 2041 2046 2072 2086 2090 2322 2323 2330 2340 4823 4846 
m503 13 16 36 40 49 1813 1816 1836 1849 2013 2016 2036 2049 2463 2466 3166 
m540 12 36 40 41 46 636 640 641 1836 1840 1841 2036 2041 2336 2340 2341 3136 4336 4812 
m782 23 30 46 1173 1180 1196 1523 1530 1546 2323 2330 2346 3696 4823 
m1162 15 16 37 46 1865 2315 2316 2337 2346 3315 4366 
m876 13 22 33 36 40 672 686 690 1113 1122 1133 1136 1140 1672 1686 1690 1822 1840 2022 3183 
m1092 26 44 46 49 1344 1346 2246 2476 2494 2496 
m773 46 
m442 36 49 1836 1849 2499 
m361 23 30 46 1180 1523 1530 1546 2330 2346 4823 
m1017 26 36 46 49 1326 1336 1346 1349 1826 1846 1849 2326 2476 2496 
m276 23 38 45 1923 2273 2288 
m649 23 30 46 1180 2330 2346 4823 
m1076 36 41 46 1841 2341 4836 
m795 8 46 408 446 2308 2346 
m742 37 38 39 46 49 1899 1937 1946 1987 1988 1996 2337 2346 2349 4496 4837 
m550 22 46 1146 
m379 23 32 39 49 1173 1639 1973 2482 2489 3673 
m135 13 22 33 36 40 686 690 1113 1133 1136 1686 1690 1840 3183 
m805 22 26 46 1146 1322 1346 
m77 36 40 45 1845 2036 2045 
m333 22 23 30 41 46 1122 1123 1130 1146 1180 1523 1530 1546 2072 2073 2080 2091 2096 2330 4823 
m1060 26 46 1326 1346 
m253 14 27 38 727 1914 1927 
m153 22 40 46 1122 1140 1146 2340 
m641 40 44 46 49 2044 2046 2049 2344 2349 2494 
m255 12 13 33 46 662 696 2333 3133 3183 4812 
m1062 11 13 22 33 36 40 661 1111 1113 1122 1133 1136 1140 1661 1811 1813 1833 1840 2011 2013 2033 4163 
m65 17 46 2317 2346 4817 
m181 22 23 30 46 1122 1123 1130 1146 1180 1523 1530 1546 2330 2346 4823 
m198 3 30 153 180 1503 1530 
m842 28 36 1828 1836 
m688 30 36 41 46 49 1536 1541 1841 2080 2086 2091 2096 2099 2330 2336 2341 2346 2349 2480 2486 2491 
m663 14 22 46 722 746 2322 2346 
m724 22 23 30 46 1122 1123 1130 1146 1180 1523 1530 1546 2330 2346 4823 
m337 22 30 36 41 1122 1130 1136 1530 1536 1541 1830 2080 4586 
m1133 22 28 38 46 1128 1138 1146 1928 1938 2328 2338 
m308 3 38 45 195 1903 1938 1945 
m791 32 36 1832 
m821 16 44 49 844 849 2494 
m1177 13 22 23 32 36 40 41 672 673 686 690 1122 1123 1136 1140 1141 1186 1190 1191 1613 1622 1623 1636 1823 1840 1841 2023 2041 3673 
m1173 22 23 30 1122 1123 1130 1172 1173 1180 1522 1523 1530 3673 
m1171 40 45 46 2040 2045 2046 2345 4846 
m321 36 
m131 41 46 2341 
m363 13 36 46 49 699 1849 2313 2349 4313 4836 
m350 26 46 1346 2346 
m996 22 37 46 1122 1137 1146 1872 2322 2346 4387 4396 4837 
m160 22 23 36 40 41 1123 1136 1173 1186 1190 1191 1823 1836 1840 1841 2023 2036 2040 2041 2073 2086 3673 3686 4323 4586 
m537 26 46 1346 
m9 34 46 2334 
m1069 22 26 33 40 1126 1133 1676 2022 2026 2033 
m1124 32 36 46 1632 1636 1646 1832 1836 1846 2332 2346 4332 4846 
m1136 23 
m364 17 45 895 2267 2295 
m574 8 45 46 49 408 446 449 2258 2296 2349 
m107 
m856 26 46 1346 2346 
m970 22 23 30 38 41 1123 1130 1172 1173 1188 1522 1523 1530 2072 2073 2080 3673 
m78 27 32 38 46 1382 1388 1396 1638 1646 1946 
m595 22 23 30 32 36 40 46 1122 1123 1130 1132 1136 1140 1146 1172 1173 1522 1523 1530 1532 1540 1546 1623 1630 1646 1822 1823 1830 1832 1840 1846 2022 2023 2030 2032 2036 2040 2046 2322 2323 2330 2332 2340 2346 3696 4823 
m426 23 38 45 1923 2273 2288 
m763 28 38 1928 1938 
m1058 38 46 1938 1946 
m1142 22 45 46 1145 1146 2296 
m629 32 37 1632 1637 1882 
m1140 22 23 36 38 40 1123 1136 1138 1140 1173 1922 1923 1936 1938 1940 2023 2036 2038 3686 
m287 22 44 46 1144 1146 2222 2246 2322 2344 2346 4846 
m194 38 
m352 3 23 30 41 46 180 1180 2053 2073 2080 2096 2303 2330 2673 4823 
m591 22 44 46 1122 1144 1146 2222 2246 2322 2344 2346 
m254 12 14 33 46 712 746 2333 3133 3233 4812 
m25 22 46 1146 
m23 13 33 36 38 40 688 1688 1813 1833 1838 2013 2033 2036 2038 4163 
m20 26 46 1346 
m1075 
m224 44 46 49 2344 2349 2494 
m827 22 23 36 41 45 1122 1123 1136 1141 1145 1173 1186 1195 1845 2073 2095 3673 3686 4323 4586 
m545 28 36 38 46 1928 1936 1946 2328 2336 2346 4328 4836 
m103 23 36 40 41 45 1186 1190 1823 1836 1840 2023 2036 2040 2073 2086 2090 2291 
m158 12 36 40 45 46 640 645 1845 2036 2045 2336 2340 2345 3136 4812 
m68 26 38 46 1338 1346 1946 2346 
m437 14 22 36 40 722 736 740 1114 1122 1136 1140 1822 2022 2036 
m586 22 23 36 41 1122 1123 1136 1141 2073 3686 4586 
m421 37 40 46 49 1899 2037 2046 2049 2337 2340 2346 2349 4396 
m787 21 36 46 49 1086 1099 1849 2321 2336 2346 2349 
m452 
m290 27 32 1382 
m501 40 45 46 2046 2290 2296 2346 
m1149 44 46 49 2246 2494 2496 
m294 14 32 36 46 746 1614 1632 1636 1646 1814 1832 1836 1846 2314 2332 2336 2346 4332 
m1032 14 22 46 722 746 2322 2346 
m610 5 36 38 286 1905 1936 
m1112 13 37 38 46 1913 1937 1946 2313 2337 4363 
m406 22 30 46 1130 1146 2330 
m774 22 36 41 49 1136 1141 1149 1841 1849 2072 2086 2091 2099 2486 2491 4336 
m862 44 46 49 2246 2494 2496 
m266 14 32 46 732 2314 2332 2346 4814 
m71 32 46 1632 1646 2332 2346 
m1126 32 1632 
m1080 22 36 40 1122 1136 1140 2022 2036 2040 
m318 40 46 2046 
m229 16 22 44 49 844 849 1116 2494 
m129 23 36 40 41 1191 1823 1841 2023 2036 2041 3686 4323 4336 4586 
m1073 36 38 46 1936 1938 1946 2336 2346 
m769 45 2295 
m220 36 
m983 37 40 46 49 1899 2037 2046 2049 2337 2340 2346 2349 4396 
m120 17 46 2317 2346 4817 
m588 22 44 46 1144 1146 2246 2344 2346 4846 
m1127 22 45 46 1146 2272 2296 
m226 22 44 46 1144 1146 2222 2246 2322 2344 2346 4846 
m648 36 42 4636 
m723 22 23 30 38 1122 1123 1130 1172 1173 1188 1522 1523 1530 3673 
m485 30 40 45 46 2030 2040 2045 2046 2280 2290 2296 2330 2340 2346 
m531 13 22 33 36 40 1113 1122 1133 1136 1140 1813 1833 1840 2013 2033 4163 
m789 5 13 22 255 263 272 1105 1113 1122 
m829 22 23 31 36 46 1172 1181 1186 1196 1596 1822 1846 2322 3686 4086 4331 4336 4346 
m589 14 46 746 2346 
m335 17 38 46 888 2317 2338 2346 3396 
m755 5 13 30 33 46 655 680 1505 1655 1680 2305 2313 2330 2333 4163 
m315 28 36 1828 1836 
m15 14 33 4164 
m690 26 40 46 1346 2026 2046 2346 
m864 23 30 36 49 1180 1823 1830 1836 1849 2473 2480 2486 2499 
m539 22 44 46 1144 1146 2222 2246 2322 2344 2346 4846 
m811 12 33 37 46 1862 2333 2337 4162 4383 4812 
m359 44 46 49 2344 2349 2494 
m92 22 32 46 1132 1146 1622 1632 1646 2322 2332 2346 
m478 14 40 46 2014 2040 2046 2314 2346 4814 
m587 14 46 746 2346 
m1128 22 45 46 1145 1146 2296 
m744 22 36 46 49 1136 1146 1849 2336 2346 2349 
m847 22 45 46 1145 1146 2296 
m345 22 27 40 46 1127 1140 1146 2027 2046 2327 
m552 8 22 23 30 46 408 422 423 430 446 1122 1123 1130 1146 1180 1523 1530 1546 2330 4823 
m109 13 33 4163 
m179 22 23 30 36 40 46 49 1122 1123 1130 1136 1140 1146 1149 1172 1173 1522 1523 1530 1540 1546 1822 1823 1830 1840 1846 2022 2023 2030 2036 2040 2046 2322 2323 2330 2336 2340 2346 2349 2480 2486 2490 2496 3696 4823 
m642 26 46 50 1326 1346 1350 2350 
m736 7 38 46 1907 1946 2307 2338 2346 
m191 21 23 46 1171 2321 2323 
m966 22 23 36 40 1122 1123 1136 1140 1173 1186 1190 1822 1823 1836 1840 2022 2023 2036 2040 3673 3686 
m542 36 
m423 30 40 46 49 1540 1546 1549 2030 2040 2046 2330 2340 2346 2349 2490 2496 
m849 14 32 41 741 1614 1641 
m1113 46 48 2348 
m126 46 
m566 45 
m833 23 36 40 46 1186 2023 2036 2040 2046 2323 2336 2340 2346 3696 4346 
m434 14 26 32 726 1614 1626 
m64 
m200 32 1632 
m186 10 13 33 660 1660 4163 
m113 32 36 46 1632 1636 1646 1832 1836 1846 2332 2336 2346 4332 
m38 17 38 46 896 1917 1938 1946 2317 2338 2346 3396 4817 4846 
m311 45 
m592 32 37 1882 
m519 5 13 26 33 263 283 1305 1313 1333 1655 1663 1683 3183 
m1 16 23 36 40 41 46 836 840 841 1186 1190 1191 1841 2023 2036 2040 2041 2046 2066 2073 2086 2090 2091 2096 2316 2336 2340 2341 3666 4823 
m1100 14 22 38 738 1114 1138 1914 1922 1938 
m111 22 23 30 38 41 1122 1123 1130 1172 1173 1180 1188 1523 1538 1541 1922 1923 1930 1938 2072 2073 2080 2088 3673 
m748 26 46 1326 1346 2346 
m1014 30 45 46 2280 2296 2330 2346 4846 
m141 23 38 1923 3673 
m16 22 33 46 1122 1133 1146 1696 2333 2346 4196 
m951 30 46 2330 
m549 21 36 41 1821 2071 4341 
m300 40 46 2046 
m213 46 
m1005 22 23 30 1122 1123 1130 1172 1173 1180 1522 1523 1530 3673 
m977 26 38 46 1926 1946 2326 
m307 14 28 36 728 736 1828 1836 
m624 36 40 46 2036 2046 2336 
m1050 22 38 44 46 1146 1922 1944 1946 2344 2346 4846 
m1016 22 23 36 40 46 1122 1123 1136 1140 1146 1186 1190 1196 1822 1836 2022 2036 2040 2046 2322 3686 4346 
m219 22 23 30 1122 1123 1130 1172 1173 1180 1522 1523 1530 3673 
m164 22 36 40 1122 1136 2022 2036 2040 
m384 36 
m154 13 36 40 41 686 690 691 1841 2036 2041 2063 2086 2090 2091 
m40 22 46 1122 1146 
m403 22 26 38 46 1122 1146 1322 1338 1346 1922 1938 1946 2322 
m50 26 46 1346 
m585 44 46 2246 2344 2346 4846 
m738 22 23 30 1122 1123 1130 1172 1173 1180 1522 1523 1530 3673 
m340 36 1836 
m1135 26 46 1346 2346 
m1023 46 
m726 22 23 30 36 40 46 1122 1123 1130 1136 1140 1146 1172 1173 1522 1523 1530 1540 1546 1822 1823 1830 1840 1846 2022 2023 2030 2036 2040 2046 2322 2323 2330 2340 2346 3696 4823 
m387 22 40 44 46 1140 1144 1146 2022 2040 2044 2046 2222 2240 2246 2322 2340 2344 2346 4846 
m969 23 30 46 1196 1523 1530 1546 2323 2330 2346 3696 4823 
m474 22 23 30 36 40 46 1122 1123 1130 1136 1140 1146 1172 1173 1522 1523 1530 1540 1546 1822 1823 1830 1840 1846 2022 2023 2030 2036 2040 2046 2322 2323 2330 2340 2346 3696 4823 
m786 11 13 33 563 583 3183 
m422 41 
m1175 22 23 30 1122 1123 1130 1172 1173 1180 1522 1523 1530 3673 
m1084 40 46 2340 
m873 7 22 46 1107 1122 1146 2307 2346 
m858 36 46 49 1849 2336 2346 2349 4836 
m4 22 23 36 40 41 46 1122 1136 1140 1146 1191 1822 1823 1836 1840 1841 1846 2022 2023 2036 2040 2041 2046 2323 2336 2341 2346 3686 4336 4341 4346 4823 
m881 22 44 46 1144 1146 2222 2246 2322 2344 2346 4846 
m1040 5 32 46 255 282 2305 2332 
m607 32 33 40 46 1633 2032 2033 2040 2046 2332 2333 
m205 36 40 46 49 1846 1849 2036 2046 2349 
m968 22 23 30 41 1122 1123 1130 1172 1173 1180 1522 1523 1541 2072 2073 2080 3673 
m616 36 49 1849 
m110 13 38 46 688 1913 1946 2338 4813 
m766 5 36 46 49 255 286 1805 1836 1846 1849 2305 2336 2455 2486 2496 
m123 44 46 49 2246 2494 2496 
m528 37 
m476 22 23 30 46 1122 1123 1130 1146 1196 1523 1530 1546 2322 2323 2330 2346 3696 4823 
m165 3 46 2303 2346 4803 4846 
m56 23 30 46 1196 1523 1530 1546 2323 2330 2346 3696 4823 
m906 12 13 22 36 40 622 636 640 672 686 690 1112 1113 1122 1136 1140 1822 2022 2036 3162 
