m1303 22 44 46 1146 2344 2346 4846 
m2648 22 
m1482 22 23 36 41 46 49 1141 1172 1191 1822 1823 1841 1846 2322 2323 2341 2472 2473 2486 2491 2496 
m1280 46 2346 
m1356 22 23 30 46 1122 1123 1130 1146 1180 1523 1530 1546 2330 2346 4823 
m327 22 36 40 41 45 1122 1136 1140 1836 1840 2036 2040 2072 2086 2272 2286 2291 
m2295 5 36 45 46 286 295 1845 2305 2336 2345 4336 
m814 37 46 2337 
m1630 36 
m1363 46 2346 
m1451 5 32 1605 
m1720 36 40 46 48 2036 2040 2046 2048 2336 2346 2348 2436 4836 
m1521 23 30 38 46 1180 1923 1930 1946 2330 2346 4823 
m2099 45 46 2296 
m1353 14 32 732 1614 1632 
m1378 14 46 714 746 2346 3246 
m316 22 36 41 46 1122 1136 1141 1146 1822 1836 2072 2086 2091 2322 2336 2341 4586 
m2642 32 46 1632 1646 2332 
m914 22 23 30 36 40 45 46 1122 1123 1130 1136 1140 1145 1146 1172 1173 1180 1190 1196 1522 1523 1536 1545 1546 1822 1823 1830 1840 1845 1846 2022 2023 2030 2036 2040 2045 2046 2272 2273 2280 2286 2290 2296 2322 2323 2330 2336 2340 2345 2346 4823 
m1231 22 37 46 1872 2322 2337 
m1679 12 45 46 645 2345 4812 
m2457 22 23 36 40 41 46 49 1136 1140 1146 1172 1186 1190 1196 1199 1822 1823 1836 1840 1846 1849 2022 2023 2036 2040 2046 2049 2072 2073 2086 2099 2322 2323 2336 2340 2341 2349 2472 2473 2486 2490 2496 3686 4323 4336 4836 
m1802 11 13 22 36 38 40 563 572 586 588 590 1113 1136 1138 1140 1813 1840 1913 1936 1940 2013 
m1432 5 14 40 45 46 705 745 2005 2014 2045 2046 2255 2305 2345 4814 
m496 5 13 33 46 263 283 296 696 2305 2313 2333 2346 3183 
m2271 13 33 46 2313 2333 4163 
m1368 5 36 45 46 49 286 296 299 1836 1846 1849 2255 2286 2296 2299 2336 2349 
m2380 14 36 40 49 749 1814 1849 2014 2036 
m65 22 36 41 1122 1136 1141 1822 2072 4586 
m1203 22 26 44 46 1146 1322 1344 1346 2344 2346 4846 
m1516 14 22 23 36 723 1114 1123 1136 1186 3236 
m49 
m1097 22 23 36 40 46 49 1172 1822 1836 1849 2022 2023 2036 2046 2049 2322 2323 2336 2349 2472 2473 2486 4323 4336 4836 
m438 5 14 32 705 1605 1614 
m2688 46 
m842 14 20 22 720 1114 1120 
m620 22 32 45 46 1146 2272 2282 2295 2296 2332 2346 
m302 5 32 45 1605 1645 2255 
m902 5 36 41 45 46 286 291 1836 1841 2286 2291 2296 2305 2336 2341 4836 
m211 12 36 40 41 46 49 636 640 641 649 1836 1840 1841 2036 2041 2336 2340 2341 2349 2486 2490 2491 3136 4336 4812 
m1043 45 
m1302 22 33 46 1133 1146 2333 
m992 46 
m396 5 13 33 36 46 263 283 1805 1813 1833 2305 2313 2333 4163 4836 
m815 36 37 38 46 1837 1838 1888 1938 2338 4346 4837 
m191 13 22 26 33 36 40 672 686 690 1113 1122 1133 1136 1140 1313 1322 1333 1336 1340 1663 1672 1683 1686 1690 1822 2022 2036 3183 
m616 18 36 40 1818 2018 2036 
m659 33 45 1695 
m2472 13 22 38 1113 1138 1913 
m2453 13 17 46 2313 2317 3363 
m692 45 46 2345 
m36 23 30 46 1173 1180 1196 1523 1530 1546 2323 2330 2346 3696 4823 
m1772 22 23 30 1123 1173 1522 1523 3673 
m1339 22 36 46 1122 1136 1146 1822 1846 2322 
m2142 23 45 46 1195 2295 2345 2346 4823 
m377 13 22 38 1113 1913 1922 
m2601 22 23 36 40 41 1122 1123 1136 1140 1141 1172 1173 1822 1823 1836 1840 1841 2023 2036 2040 2041 2072 2073 3673 4341 
m1047 13 22 23 32 672 673 1113 1122 1123 1172 1613 1622 1623 
m906 22 30 36 40 1136 1140 1522 1536 1540 1822 1830 1836 1840 2030 2036 2040 4336 
m1098 22 23 36 46 49 1123 1136 1146 1149 1836 1846 1849 2323 2336 2473 2486 2496 3686 4323 4336 4836 
m1875 22 36 41 46 49 1141 1822 1841 1846 2322 2341 2486 2491 2496 
m1402 30 36 46 1536 1546 2330 2336 2346 4836 
m997 22 45 46 1145 1146 2345 
m740 22 23 30 1123 1130 1180 1530 
m1707 5 23 45 46 1155 2255 2273 2305 2345 2346 4823 
m683 
m1118 12 23 30 36 41 46 49 630 1180 1812 1830 1846 2062 2073 2080 2086 2096 2323 2330 2462 2473 2486 2491 2496 3123 4323 4812 
m2466 22 37 46 1137 1146 2337 2346 4837 
m2570 9 36 46 49 459 486 496 499 1809 1846 1849 2309 2336 2346 2349 2459 2486 2496 2499 4336 
m1621 45 46 2296 2346 
m632 22 36 37 40 46 1122 1136 1137 1140 1146 1822 1836 1837 1840 1846 1890 2022 2036 2037 2040 2046 2322 2336 2337 2340 2346 4837 
m1370 22 30 36 40 41 46 1122 1130 1136 1140 1141 1146 1536 1540 1546 1846 2022 2030 2036 2040 2046 2072 2090 2340 4346 4846 
m1743 14 36 49 749 1814 1849 
m2306 36 46 4836 4846 
m1528 12 36 38 41 46 641 1841 1912 1936 1938 1941 1946 2062 2086 2091 2096 2312 2336 2341 4312 
m580 12 49 649 2462 
m748 5 32 36 1605 1636 1805 
m2327 14 49 2464 
m1273 22 23 30 1122 1123 1130 1172 1173 1180 1522 1523 1530 3673 
m2767 22 36 45 1136 1145 1845 
m579 22 36 40 49 1149 1822 1849 2022 2036 2049 
m2463 45 2295 
m1502 36 46 49 1849 2336 2349 2486 2499 
m1184 23 30 36 40 46 1180 1523 1530 1536 1540 1546 1823 1830 1846 2023 2030 2036 2040 2046 2330 2346 4346 4823 
m596 11 13 45 563 595 695 
m1044 14 22 36 46 722 736 1822 2314 2322 4836 
m284 22 1122 
m2630 5 13 14 38 46 655 705 746 1913 1914 1946 2305 2313 3213 
m1450 22 38 44 46 1146 1946 2344 2346 4846 
m782 22 36 41 49 1141 1849 2086 2091 2099 4336 
m861 13 22 1113 
m878 42 45 2145 
m406 32 36 37 1632 1637 1882 1886 1887 4136 4332 
m1147 40 45 2045 
m2656 45 46 2296 2345 4846 
m915 12 32 46 632 2332 4812 
m771 14 32 48 732 2414 2432 
m707 46 
m686 6 14 32 36 49 706 714 732 736 749 1606 1636 1806 2456 2482 2486 
m1699 27 46 49 2327 2346 2477 2496 
m2174 30 37 40 46 1537 1540 1546 1890 2340 4396 
m2690 45 49 2295 2299 
m1294 5 13 22 33 36 40 655 1105 1113 1122 1133 1136 1140 1655 1805 1813 1833 1840 2013 2033 3183 
m2003 14 36 49 1814 1849 2464 
m1229 22 44 46 1146 2344 2346 4846 
m2479 12 22 37 46 1112 1137 1146 2337 4362 4812 
m99 30 36 39 40 46 1536 1540 1546 1830 1836 1840 1846 1980 1986 1990 1996 2030 2036 2040 2046 2330 2336 2340 2346 4346 4496 4836 
m2181 22 26 44 46 1146 1322 1344 1346 2344 2346 4846 
m993 14 30 37 714 730 737 1880 3237 
m2157 22 32 36 1622 1822 4136 
m778 45 46 2296 
m1919 14 36 38 46 48 736 746 748 1848 1914 1936 1938 1946 2314 2336 2338 2346 2348 
m2074 36 39 40 1836 1839 1840 1986 1990 2036 2039 
m2097 26 36 41 46 1826 2076 2096 2326 4346 4586 
m2483 46 49 2346 2349 
m2007 14 22 1114 1122 
m816 22 46 49 2322 2346 2496 
m1023 14 32 36 41 46 1614 2064 2082 2086 2314 2332 2336 2341 4136 4314 
m1415 40 45 2045 
m1067 22 46 1146 2346 
m2141 13 22 46 1113 1122 1146 2322 4813 
m1861 30 36 40 46 49 1549 1830 1836 1846 1849 2030 2036 2040 2046 2049 2330 2349 2480 2499 
m51 22 30 40 46 1130 2022 2030 2040 2046 2322 2330 2346 
m1306 22 23 30 36 40 41 1122 1123 1130 1136 1140 1141 1172 1173 1180 1186 1190 1191 1523 1530 1536 1540 1541 1823 1836 1840 1841 2022 2023 2030 2036 2041 2072 2073 2080 2086 2090 2091 3673 3686 4323 4336 4586 
m2595 13 33 36 40 47 686 690 697 1686 1690 1697 1840 1847 2036 2040 2047 3183 4336 
m1672 14 22 1114 
m19 12 22 36 622 1112 1136 1822 4312 
m1102 37 
m638 14 36 40 46 740 746 1840 2014 2036 2040 2046 2336 2340 2346 3236 4346 4814 
m343 32 36 38 41 46 1641 1646 1932 1936 1941 1946 2332 2336 2341 2346 4136 4586 
m2001 22 23 30 44 46 1130 1144 1146 1180 1523 1546 2223 2230 2246 2323 2330 2344 2346 4823 4846 
m60 23 30 36 40 46 1173 1190 1196 1523 1536 1540 1546 1823 1840 2023 2046 2340 3696 4323 4346 
m1462 5 22 1105 1122 
m1796 45 46 2295 2296 2346 
m1152 23 41 1191 2073 2091 
m2535 46 
m286 2 36 45 46 145 1845 2252 2286 2295 2302 2345 2636 4836 
m1550 22 23 36 41 46 49 1141 1172 1191 1822 1823 1841 1846 2322 2323 2341 2472 2473 2486 2491 2496 
m208 5 36 37 38 45 46 286 295 1845 1855 1886 1895 1936 1937 1938 1946 2305 2336 2337 2345 4336 
m516 22 37 46 1122 1137 1146 1872 2322 4837 
m2000 23 36 40 41 46 1191 1823 1836 1841 1846 2023 2036 2040 2041 2046 2323 2336 2341 2346 3686 4341 4346 4823 
m1090 22 36 40 1136 1140 1840 2036 2040 
m1514 13 46 2313 2346 4813 
m1570 36 38 46 49 1849 1936 1946 1949 2336 2338 2346 2349 2486 2496 
m504 22 37 38 45 46 1872 1922 1937 1945 1946 2272 2287 2296 2322 4837 
m1629 22 46 1146 
m124 46 2346 
m513 23 45 1173 1195 2273 2295 
m955 37 38 40 46 1890 1937 1938 1946 2340 4837 
m1504 23 30 45 1180 1195 1523 1530 1545 2273 2280 2295 3673 
m1308 22 44 46 1146 2322 2344 2346 4846 
m1436 30 40 46 2030 2040 2046 2330 
m958 36 38 48 1838 1848 1936 1948 2436 2438 2448 
m2487 22 23 36 40 41 46 49 1123 1136 1140 1149 1173 1186 1190 1199 1840 2022 2023 2036 2040 2041 2049 2072 2073 2086 2090 2099 2322 2323 2340 2341 2473 2486 3673 3686 4323 
m11 11 13 22 45 563 572 595 695 1113 1145 
m1817 36 
m103 22 44 46 1144 1146 2344 2346 4846 
m1684 45 46 2295 2296 2346 
m2433 22 23 36 40 41 46 1122 1123 1136 1140 1186 1190 1836 1840 2036 2040 2072 2073 2086 2090 2322 2323 2336 2340 2341 3686 
m1259 22 44 46 1146 2222 2246 2322 2344 2346 4846 
m1108 22 41 1122 1141 2072 
m446 13 38 663 1913 1938 
m2336 14 714 
m2655 23 30 41 45 1180 1191 1541 2273 2280 2291 
m1656 22 30 38 1130 1922 1930 1938 
m2440 14 45 2264 
m780 13 22 36 38 40 1113 1122 1136 1138 1140 1813 1840 1913 1936 1940 2013 
m1261 14 23 30 46 1514 1523 1546 2314 2323 2330 2346 3664 4814 4823 
m1246 18 45 945 
m576 22 45 46 1145 1146 2296 4846 
m2259 6 42 2842 
m1619 46 49 2346 2349 2496 
m252 23 30 45 46 1195 1523 1545 1546 2295 2345 4823 
m1289 23 38 45 46 1195 1923 1945 1946 2323 2345 
m1297 22 36 40 41 1122 1136 1140 1822 1840 2022 2036 2040 2041 2072 2086 2090 
m1872 26 32 33 37 1333 1626 1633 1637 1876 1883 
m1525 13 16 38 688 838 3313 
m1808 5 13 33 263 283 3183 
m93 22 36 37 46 49 1136 1137 1146 1149 1846 1849 1886 1899 2349 4396 
m1987 22 38 44 46 1146 1922 1946 2344 2346 4846 
m472 32 49 1632 2482 
m1873 36 40 46 1840 2336 2340 
m894 22 44 45 46 1144 1145 1146 2294 2296 2344 2346 
m1151 14 40 740 
m1091 13 22 38 672 1113 1138 1913 1922 
m2203 36 40 41 1836 1840 2036 2086 2090 2091 4586 
m18 18 46 918 946 2318 2346 
m2686 22 23 36 40 41 46 49 1123 1136 1140 1173 1186 1190 1199 1840 2022 2023 2036 2040 2041 2049 2072 2073 2086 2090 2091 2099 2322 2323 2340 2341 2473 2486 3673 3686 4323 
m1158 12 45 46 645 2345 4812 
m121 15 22 46 772 2315 2322 
m588 45 46 2296 
m2558 22 32 36 40 46 49 1622 1646 1822 1832 1836 1840 1846 1849 2032 2036 2046 2322 2482 2486 2490 2496 4332 
m1509 22 23 1122 1123 1172 1173 3673 
m166 13 22 44 46 694 1113 1146 2313 2344 
m246 14 45 745 
m670 22 41 44 46 1146 2072 2094 2096 2344 2346 4846 
m458 22 32 37 1622 1872 1882 
m1239 22 44 46 1146 2246 2344 2346 4846 
m2645 22 23 30 1122 1123 1130 1172 1173 1180 1522 1523 1530 3673 
m347 38 45 1938 1945 2288 2295 
m1904 22 23 30 36 40 41 46 1122 1123 1130 1136 1140 1141 1146 1191 1523 1536 1541 1546 1841 1846 2023 2030 2036 2040 2041 2046 2072 2341 3696 4323 
m2219 17 38 46 867 896 1917 1946 
m1236 14 21 46 721 746 1096 
m2691 22 44 45 46 1146 2272 2294 2296 2344 2346 4846 
m675 9 14 709 
m1692 36 45 46 1845 2336 2345 2346 4836 
m1163 32 37 45 46 1637 1645 1895 2332 2337 2345 
m649 5 14 36 41 45 255 286 291 295 705 736 741 745 1845 2055 2086 2095 4336 
m2029 5 41 2055 
m807 22 23 36 40 41 1122 1123 1136 1140 1141 1172 1822 1823 1836 1840 1841 2022 2023 2036 2040 2041 2072 2073 2086 3686 
m979 32 44 46 1644 1646 2344 
m2186 
m1441 36 40 45 46 1836 1840 2036 2040 2046 2286 2290 2296 2340 4346 
m263 22 44 46 1146 2322 2344 2346 4846 
m423 13 16 49 699 849 3166 
m2683 22 26 36 45 46 1126 1136 1146 1336 1345 1346 1845 2336 2345 2346 4836 
m1565 22 44 46 1146 2344 2346 4846 
m358 45 46 48 2345 2445 2446 
m867 22 36 41 49 1136 1141 1822 1841 1849 2072 2086 2091 2099 2472 2486 2491 4336 
m1994 22 23 36 40 41 1122 1123 1136 1140 1141 1172 1173 1186 1190 1191 1822 1823 1836 1840 1841 2023 2036 2041 2072 2073 2086 2090 2091 3673 3686 4323 4586 
m441 22 36 40 46 49 1122 1136 1140 1146 1822 1840 1846 1849 2022 2036 2046 2322 2336 2340 2346 2349 2486 2490 2496 4336 4346 4836 
m2147 13 20 22 32 36 40 670 686 690 1113 1120 1136 1140 1613 1620 1622 1636 1640 1820 2020 2036 2040 3186 4336 
m799 22 41 1141 
m1755 22 30 46 1130 1146 2322 2330 2346 
m706 22 34 36 1136 1834 
m1769 22 37 45 49 1122 1137 1145 1899 2287 2299 
m1946 11 13 33 563 583 661 1661 4163 
m2428 14 21 45 46 721 745 2271 2321 2345 4814 
m1148 22 26 44 46 1146 1344 1346 2344 2346 4846 
m1923 13 46 696 
m1265 22 26 33 36 49 1133 1676 1822 1826 1833 1849 2472 2476 2483 
m1474 22 46 1146 
m296 23 45 1195 2295 
m365 45 46 2345 
m1400 37 38 46 49 1887 1888 1899 1937 1946 2337 2338 2346 2349 4396 4837 
m1209 45 46 2296 
m277 13 22 32 36 38 40 672 686 690 1113 1136 1140 1613 1622 1636 1640 1822 1913 1922 1932 1936 1940 2022 2036 2040 3186 4336 
m669 10 22 44 46 546 1110 1144 1146 2210 2246 2310 2344 2346 4846 
m1178 22 26 44 46 1146 1322 1346 2344 2346 4846 
m1243 13 32 38 46 682 1913 1932 1946 2313 2332 
m2650 19 46 969 996 2319 2346 
m2317 15 22 46 772 2322 4815 
m387 32 46 1646 2332 2346 
m1053 
m1749 45 46 2345 2346 
m1028 23 45 46 1195 2323 2345 
m932 33 37 38 1933 1937 4383 
m207 13 22 33 36 40 46 1113 1122 1133 1136 1140 1146 1813 1833 1840 1846 2013 2022 2033 2036 2040 2046 2313 2333 4163 
m2458 10 32 46 1610 1646 2310 
m572 32 1632 
m2450 5 22 36 40 41 272 286 290 291 1105 1122 1136 1140 1141 1840 1841 2041 
m2751 5 36 45 46 286 295 1845 2255 2286 2295 2305 2336 2345 4336 
m1349 23 36 40 41 44 1186 1190 1191 1194 1840 1841 2041 2240 2241 4736 
m462 
m2435 13 33 36 40 48 698 1698 1813 1833 1848 2013 2033 2036 2048 4163 
m1498 14 22 45 745 1114 1145 
m1940 37 46 2337 2346 4837 4846 
m102 26 34 38 46 1326 1334 1346 1734 1926 1934 1938 1946 2334 2346 
m2235 32 36 38 41 46 1641 1646 1932 1936 1941 1946 2332 2336 2341 2346 4136 4586 
m2524 
m514 22 37 41 46 1137 1141 1146 2087 2096 4837 
m2272 22 36 40 41 49 1122 1136 1141 1149 1841 1849 2022 2036 2041 2049 2486 2491 4336 
m964 37 1887 
m1324 32 36 46 1632 1636 1646 1832 1836 1846 2332 2346 4332 4846 
m1214 14 22 46 1114 2314 2322 2346 4814 
m2499 23 36 41 49 1186 1199 1823 1836 1849 2073 2086 2099 2473 3673 4323 4586 
m2367 14 39 1964 
m1835 22 23 36 40 46 49 1123 1136 1140 1146 1149 1190 1822 1840 2023 2036 2040 2046 2049 2322 2336 2340 2346 2472 2473 2486 2496 3696 4323 4346 4823 
m2727 36 
m1569 22 36 46 1122 1136 1146 1822 1846 2322 
m1408 36 37 40 46 1886 1896 2036 2037 2046 2336 2346 4836 4837 
m1112 22 23 30 1123 1172 1173 1180 1522 1523 1530 3673 
m2430 12 26 34 45 46 634 645 1312 1334 1345 1346 1734 2284 2334 2345 4812 
m1721 14 30 40 46 1514 1546 2014 2030 2040 2046 2314 2346 4814 
m2209 5 45 2255 2295 
m418 22 44 46 1144 1146 2246 2344 2346 4846 
m1419 5 14 38 45 46 705 745 1905 1914 1945 1946 2255 2305 2345 4814 
m2766 5 13 22 38 46 655 696 1113 1146 1913 1922 1946 2305 
m1242 22 40 44 46 1146 2044 2046 2246 2344 2346 4846 
m1494 30 45 46 2280 2295 2296 2330 2346 
m1818 14 49 2464 
m1534 22 23 36 40 46 1122 1123 1136 1140 1146 1172 1822 2022 2023 2036 2040 2046 2322 2323 2336 2340 2346 4323 4823 
m1469 22 44 46 1146 2344 2346 4846 
m734 14 40 46 49 2014 2040 2046 2314 2346 2464 2490 2496 4814 
m950 22 44 46 1146 2222 2244 2246 2322 2344 2346 4846 
m2716 23 30 36 46 1173 1180 1186 1196 1523 1530 1536 1546 1823 1830 1836 1846 2323 2330 2336 2346 3696 4823 4836 
m1675 22 36 37 40 41 46 1122 1136 1137 1140 1141 1146 1822 1837 1840 1846 2022 2036 2037 2040 2041 2046 2072 2086 2087 2090 2096 2322 2336 2340 2341 2346 4396 
m2501 14 22 32 46 1114 1132 1146 1614 2314 2332 
m1947 22 44 46 1144 1146 2222 2246 2322 2344 2346 4846 
m1439 22 23 36 41 49 1123 1136 1141 1172 1173 1186 1191 1199 1822 1823 1841 1849 2072 2073 2086 2091 2099 2472 2473 2486 2491 3673 3686 4323 4336 
m1267 36 1836 
m1325 22 26 44 46 1146 1322 1346 2326 2344 2346 4846 
m1412 32 37 46 1632 1637 1882 2332 2337 
m2150 13 33 3183 
m2082 13 38 1913 1938 
m1232 32 36 44 46 1832 1836 1844 2232 2236 2332 2336 2344 2346 4332 4336 4736 4836 
m1792 14 714 
m565 22 44 46 1146 2344 2346 4846 
m598 32 40 45 46 2032 2045 2046 2282 2296 2332 
m2740 5 13 38 45 46 263 296 1905 1913 1946 2255 2263 2288 2296 2313 
m2290 33 45 46 2283 2296 2333 2346 4833 4846 
m710 36 46 49 1836 2336 2346 2349 2486 2499 4336 
m349 22 38 44 46 1146 1922 1946 2344 2346 4846 
m2732 13 22 36 45 46 672 1822 2263 2272 2286 2296 2313 2322 2336 4313 
m363 40 46 2046 2340 2346 4846 
m241 37 46 4396 
m1820 36 40 48 49 1836 1840 2036 2436 2440 2449 2486 2490 4336 
m1073 22 30 36 40 46 1130 1136 1140 1146 1536 1540 1546 1840 2030 2036 2040 2046 2330 2336 2340 2346 4346 
m2370 22 45 46 1145 1146 2296 
m1240 14 36 40 46 1846 2014 2036 2040 2046 4314 4814 
m844 32 36 41 46 1636 1641 1841 2332 2336 2341 4136 4336 4341 4836 4846 
m2590 36 40 45 46 1845 2036 2045 2046 2336 2345 4836 4846 
m689 37 45 46 1895 2345 4837 
m1003 36 49 1836 1849 
m1282 12 41 45 46 2062 2096 2262 2291 2296 4812 
m563 32 46 48 2332 2348 2432 
m1220 12 13 22 27 36 40 627 677 1112 1113 1122 1127 1136 1140 1812 1813 1827 1840 2012 2013 2027 3162 
m930 37 39 40 46 1890 1987 1990 2340 4396 4496 
m473 45 46 2296 
m32 36 45 46 1845 2345 4836 
m1959 45 46 2296 
m1050 22 45 46 1122 1145 1146 2296 2346 
m1885 47 
m2208 26 39 46 1339 1346 2326 2339 4839 4846 
m301 22 36 46 49 1136 1146 1149 1822 1846 2322 2336 2346 2486 2496 
m1622 14 22 36 49 749 1114 1136 1149 1814 1849 
m2545 37 1887 
m1264 22 44 46 1144 1146 2246 2344 2346 4846 
m523 17 46 4817 
m788 26 33 47 1333 1347 1697 
m818 46 2346 
m747 14 45 745 2264 2295 
m1481 22 38 45 46 1122 1146 1922 1938 1945 1946 2272 2288 2295 2296 2346 
m1739 
m664 22 38 45 46 1145 1945 1946 2322 2345 
m1780 22 44 46 1146 2244 2246 2344 2346 4846 
m854 36 37 40 46 48 1848 1886 1890 1896 2036 2040 2046 2048 2336 2340 2346 2348 4396 4836 
m1834 22 46 1146 
m2256 9 14 36 49 709 1809 1814 1836 1849 2459 2464 2486 2499 
m1461 15 46 2315 
m1628 5 22 37 45 1105 1122 1137 1145 1855 1895 2255 
m2756 5 37 45 46 1855 1895 2255 2305 2337 2345 2346 4837 4846 
m2116 36 40 45 46 1845 2036 2040 2045 2046 2296 4346 
m2067 14 38 40 738 1914 1938 1940 2014 2038 2040 
m233 7 26 46 1307 1346 2307 2346 
m2226 22 37 40 45 46 1146 1872 1887 1890 1895 1896 2022 2037 2046 2287 2290 2295 2296 2322 2337 2340 2346 4396 
m12 32 
m673 32 45 1645 
m956 22 23 36 40 1122 1123 1136 1140 1173 1822 1823 1840 2022 2023 3673 
m1420 22 45 1145 
m205 46 2346 
m323 36 38 40 45 1845 1936 1938 1940 1945 2036 2045 2286 2295 4336 
m2017 23 36 40 46 49 1836 1840 1846 1849 2023 2036 2046 2049 2323 2336 2473 2486 2490 2496 3686 4323 4336 4836 
m1871 45 2295 
m916 22 46 1122 1146 2322 2346 
m1535 13 14 22 672 722 3213 
m1977 22 36 41 46 1822 2072 2096 2322 4586 4836 
m2299 38 46 1946 
m1127 5 13 22 45 46 655 1113 1145 1146 2255 2263 2296 2305 2313 
m73 45 46 2296 
m937 36 40 46 49 1849 2036 2040 2046 2049 2336 2346 2349 4336 4836 
m765 22 33 38 46 1122 1133 1146 1672 1922 1933 1946 2322 4833 
m760 14 36 46 714 3236 3246 4814 4836 
m2476 45 46 2345 2346 
m39 37 45 46 1895 2337 2345 2346 4396 
m1219 22 44 46 1146 2344 2346 4846 
m1722 13 45 46 2263 2295 2296 2313 2346 3196 
m41 26 45 46 2276 2296 2326 
m502 13 22 33 36 40 48 672 686 690 1113 1122 1133 1136 1140 1672 1686 1690 1822 2022 2036 2413 2422 2433 2436 2440 3183 
m1002 41 
m786 12 45 645 2295 
m1579 30 36 40 46 1536 1540 1546 2036 2340 4836 
m2510 13 22 32 36 40 672 686 690 1113 1136 1140 1613 1622 1636 1640 1822 2022 2036 2040 3186 4336 
m737 29 
m2375 18 23 1168 
m1922 14 36 48 714 736 748 1836 1848 2448 
m1658 22 36 41 49 1122 1136 1141 1149 1822 1841 1849 2072 2086 2091 2099 2472 2486 2491 4336 
m2095 45 46 2296 
m2670 23 36 40 46 49 1836 1840 1846 1849 2023 2036 2040 2046 2049 2323 2336 2473 2486 2490 2496 3686 4323 4336 4836 
m1693 37 45 46 1895 2337 2345 2346 
m1854 22 23 30 36 46 1172 1522 1523 1536 1822 2322 2330 2336 2346 3686 4823 4836 
m876 22 38 45 46 1145 1146 1922 1945 1946 2345 
m2415 36 45 1845 2286 2295 
m2542 22 23 36 41 1122 1123 1136 1141 1173 1186 1823 2073 3673 3686 4323 4586 
m2310 14 36 40 45 736 740 745 1840 2036 2286 2290 4336 
m141 12 45 46 645 2312 2345 
m759 45 
m1533 37 46 1896 
m1593 38 45 46 1945 2338 2345 2346 
m1626 17 22 44 46 49 899 1144 1146 2217 2246 2317 2344 2346 2349 3396 4817 4846 
m2337 13 46 47 696 2363 2396 
m2381 22 23 36 40 1122 1123 1136 1140 1173 1822 1823 1840 2022 2023 2040 3673 
m1714 8 37 46 437 446 4837 
m428 32 46 1632 1646 2332 2346 
m179 13 22 36 38 40 672 686 690 1113 1122 1136 1140 1822 1913 1922 1936 2022 2036 
m2269 22 36 40 41 49 1122 1136 1140 1141 1149 1841 1849 2022 2036 2041 2049 2072 2086 2090 2091 2099 2486 2491 4336 
m67 8 36 46 2308 4308 4836 
m2026 36 40 1836 1840 2036 2040 
m535 30 38 45 46 1945 1946 2280 2296 2330 2338 2345 2346 4846 
m2315 8 36 40 46 1808 1836 1840 1846 2008 2036 2040 2046 2308 2336 4336 
m983 22 23 30 40 41 1140 1190 1523 1530 1540 2022 2023 2030 2072 2090 
m2167 30 36 41 46 1830 1836 1841 1846 2080 2330 2336 2341 2346 4586 4836 
m1702 14 40 46 49 2014 2046 2314 2346 2464 2490 2496 4814 
m637 22 36 37 40 1122 1136 1137 1140 1822 1872 1886 1890 2022 2036 
m1379 38 46 1946 2338 2346 
m420 13 17 22 45 46 672 872 2263 2267 2272 2295 2296 2313 2317 2322 3363 
m2589 5 45 46 2255 2296 2305 
m1362 22 23 30 36 38 40 1123 1130 1136 1140 1172 1173 1180 1186 1188 1190 1522 1523 1538 1822 1830 1922 1923 1930 1936 1938 1940 2022 2023 2030 2036 2040 3673 4323 
m591 22 37 39 1137 1139 1987 
m457 38 46 1946 
m69 29 
m1719 14 26 726 
m622 22 30 36 40 46 1122 1130 1136 1140 1146 1536 1540 1546 1836 1840 1846 2022 2030 2036 2040 2046 2322 2330 2336 2340 2346 4346 
m1969 23 36 40 46 49 1836 1840 1846 1849 2023 2036 2040 2046 2049 2323 2336 2473 2486 2490 2496 3686 4323 4336 4836 
m1847 37 38 46 1896 1937 1946 
m2720 5 13 33 45 655 1655 1695 2255 2263 4163 
m1145 14 36 1814 4314 4336 
m1914 30 44 45 1545 2230 2245 
m2346 22 36 40 46 48 1822 2022 2036 2322 2336 2340 2436 2440 2446 
m2610 14 36 46 49 714 736 746 749 1814 1836 1846 1849 2314 2336 2346 2349 2464 2486 2496 3246 4814 
m2697 22 23 38 46 49 1122 1123 1138 1146 1199 1923 1938 1946 1949 2323 2346 2349 
m542 22 23 30 41 46 1122 1123 1130 1141 1146 1172 1173 1180 1191 1522 1523 2072 2073 2080 2322 2323 2330 2341 3673 
m2104 22 26 33 1126 1133 1676 
m495 26 37 41 46 1337 1341 1346 1891 2341 4837 
m2421 22 46 1122 1146 2322 2346 
m702 38 45 46 49 1946 2299 2345 2346 2349 
m890 22 28 1422 
m376 5 37 46 255 287 1855 1887 1896 2305 2337 2346 4837 
m2427 14 30 714 730 
m658 13 33 46 2313 2333 4163 
m2699 13 22 33 1113 1672 4163 
m1008 22 39 45 46 1122 1146 1972 1995 1996 2272 2296 
m1342 12 14 22 46 622 722 1112 1114 1122 1146 2314 2322 3114 4812 
m668 5 46 2305 2346 4846 
m907 45 46 2296 2346 
m696 22 30 36 39 41 1136 1139 1522 1536 1539 1541 1986 2072 2089 4586 
m1290 14 30 46 730 746 2330 
m709 14 22 23 46 1114 1123 1146 1196 2314 3664 
m1506 22 23 1122 1123 1172 1173 3673 
m2287 6 14 32 314 332 732 
m682 11 45 595 
m934 26 38 45 46 1338 1345 1346 1938 1945 2288 2338 2345 
m156 36 41 46 49 1841 1846 2341 2346 2486 2491 2496 
m461 22 1122 
m751 13 33 45 2263 2283 3183 
m742 12 36 45 46 636 645 1845 2312 2336 2345 2346 4812 4836 
m2280 18 45 2268 
m230 22 
m971 37 45 1895 
m1653 30 45 46 2280 2296 2330 2346 
m3 22 40 45 46 1140 1146 2272 2290 2296 2340 
m259 5 13 33 36 49 263 283 1805 1813 1833 1849 2455 2463 2483 4163 
m2574 32 46 2332 2346 
m2722 22 36 40 46 1122 1136 1140 1146 1822 1836 1840 1846 2022 2036 2046 2322 2336 2340 2346 4346 4836 
m2456 38 46 1946 
m2073 5 30 32 36 46 280 1605 1630 1646 1805 1830 1846 2305 2330 4332 
m2708 14 23 30 46 1514 1523 1546 2314 2323 2330 2346 3664 4814 4823 
m531 22 23 30 36 41 46 1122 1123 1136 1141 1191 1522 1523 1536 1541 1841 2322 2323 2330 2336 2341 3686 
m1134 45 46 2345 
m2252 23 36 41 1823 2073 3673 4323 4586 
m2184 32 36 1832 
m575 17 22 41 46 872 891 1141 2322 2341 4817 
m100 14 46 47 747 2346 2347 4814 
m375 6 42 4606 
m745 18 
m2357 28 
m61 32 38 46 49 1649 1932 1949 2332 2338 2346 2349 4846 
m1235 30 36 40 46 49 1549 1830 1836 1846 1849 2036 2040 2046 2330 2349 2480 2499 
m1507 45 46 2295 2296 
m562 32 36 41 46 1641 1646 2332 2336 2341 2346 4136 4586 
m976 36 46 1836 1846 4836 
m1529 26 40 46 1326 1340 1346 2026 2046 2326 3826 
m1603 10 13 22 660 663 672 1110 1113 1122 
m101 22 44 46 1146 2344 2346 4846 
m953 23 30 40 45 46 1173 1180 1523 2023 2030 2046 2273 2280 2290 2296 2323 2330 3673 4823 
m360 14 22 32 46 732 1114 1132 1146 2314 2332 2346 4814 
m753 22 36 40 41 45 46 49 1122 1136 1140 1146 1149 1836 1841 1846 2036 2041 2046 2272 2295 2296 2299 2336 2341 2346 2472 2486 2490 2491 2496 2499 4341 4836 
m351 22 38 44 46 1146 1922 1946 2344 2346 4846 
m1095 8 37 408 437 
m2603 41 45 2291 
m222 23 45 1195 2273 2295 
m774 22 23 36 40 46 49 1172 1822 1823 1836 1840 1849 2022 2023 2036 2040 2046 2049 2322 2323 2336 2340 2349 2473 2486 2490 4323 4336 4346 4836 
m2032 5 40 45 46 2045 2046 2255 2296 2305 
m2200 8 41 46 49 408 446 449 2058 2096 2308 2341 2346 2349 2458 2496 
m547 26 27 46 1327 1346 2327 2346 
m1810 6 36 43 336 1806 1836 1843 2186 2843 
m1300 22 23 31 36 1123 1131 1136 1172 1173 1573 1822 1823 3673 3686 4086 4323 
m1031 13 22 38 1113 1122 1138 1913 
m2135 4 42 45 2254 2292 2742 
m1314 22 23 30 1122 1123 1130 1172 1173 1180 1522 1523 1530 3673 
m2537 22 23 36 45 1122 1123 1136 1172 1173 1186 2272 2273 3673 
m1135 13 22 36 40 41 1113 1136 1140 1813 1840 2013 2063 2072 2086 2090 
m2366 22 23 36 40 46 49 1172 1186 1190 1822 1823 1836 1840 1849 2022 2023 2036 2040 2046 2049 2322 2323 2336 2340 2349 2473 2486 2490 3686 4336 4346 4836 
m2576 22 23 36 40 41 46 49 1122 1123 1136 1140 1141 1149 1173 1186 1190 1822 1823 1836 1841 1849 2022 2023 2036 2040 2046 2072 2073 2086 2322 2323 2336 2341 2349 2472 2473 2486 2491 3673 3686 4323 4336 
m1698 38 46 1946 
m2622 22 36 40 41 46 49 1136 1140 1141 1149 1836 1849 2036 2086 2090 2099 2322 2336 2340 2341 2349 4336 
m2378 5 13 14 33 263 283 705 713 733 3183 
m2053 5 45 295 
m1823 5 26 33 45 1305 1333 1345 1655 1695 2255 
m456 37 1887 
m1027 3 32 36 41 46 186 191 1603 1641 2303 2332 2336 2341 4136 4586 
m1633 36 38 49 1849 1936 1949 2486 2488 2499 
m1334 33 45 46 1695 2345 4833 
m276 23 26 30 46 1180 1323 1330 1346 1523 1530 2330 4823 
m2197 
m2205 5 13 14 23 33 655 705 713 1155 1163 1164 1183 1655 1664 4163 
m768 22 45 1145 
m840 39 
m1241 22 44 46 1146 2344 2346 4846 
m2071 17 46 49 896 899 2317 2346 2349 
m1804 22 30 46 1522 1546 2322 4846 
m935 13 22 40 45 46 1122 1140 1145 1146 2013 2040 2046 2272 2290 2296 2313 2346 3196 
m973 27 32 38 46 1382 1396 1927 1932 1946 2332 
m2245 38 40 45 46 1946 2038 2046 2288 2290 2296 
m2480 22 37 45 46 49 1137 1146 2272 2287 2296 2299 2472 2487 2496 4837 
m853 22 36 40 41 49 1122 1136 1140 1141 1149 1841 1849 2022 2036 2041 2049 2486 2491 4336 
m1770 23 30 36 41 1523 1823 1830 2073 2080 3673 4323 4586 
m2178 36 45 46 49 1845 2336 2345 2346 2349 2486 2495 2496 
m869 14 22 46 722 2322 3246 
m834 14 46 49 2314 2346 2464 2496 4814 
m897 23 36 40 45 46 49 1190 1195 1836 1840 1845 2036 2045 2323 2336 2340 2345 2473 2486 2496 3686 4323 4336 4836 
m452 29 34 36 1484 1734 1829 1834 1836 
m199 23 36 40 41 46 49 1191 1836 1841 2023 2036 2041 2073 2086 2090 2091 2096 2099 2323 2336 2340 2341 2349 2473 2486 2490 2491 2499 4323 4336 4836 
m539 23 30 38 45 46 1180 1923 1930 1946 2273 2280 2288 2296 2330 2346 4823 
m1201 10 36 46 1810 2310 2346 4836 
m1296 22 23 30 45 1123 1130 1145 1173 1180 1523 1530 2273 2280 3673 
m490 23 36 45 1186 2273 2286 2295 3673 3686 
m288 37 46 4396 
m399 22 36 40 46 49 1822 1846 1849 2022 2036 2040 2046 2049 2322 2472 2496 
m1985 30 36 40 46 48 1830 1848 2036 2046 2330 2336 2346 2348 2430 
m2057 13 33 4163 
m285 13 22 36 38 40 1113 1122 1136 1138 1140 1813 1840 1913 1936 1940 2013 
m2037 37 40 45 46 1890 2287 2290 2337 2340 2345 
m1017 17 33 38 45 895 1695 1917 1933 1938 1945 3383 
m35 5 30 45 46 280 2255 2280 2296 2305 2330 
m447 9 22 46 1109 1146 2309 2346 4846 
m2229 14 45 46 714 745 746 2345 4814 
m2345 26 32 36 38 46 1332 1336 1346 1832 1926 1932 1936 1938 1946 2332 2336 2346 4836 
m1655 37 39 46 1987 4396 4496 
m586 14 22 46 722 1114 1146 2322 3246 
m1869 22 44 46 1146 2222 2246 2322 2344 2346 4846 
m1970 40 46 49 2040 2046 2340 2490 2496 
m2177 22 23 30 46 1122 1123 1130 1146 1180 1522 1523 1530 1546 2330 4823 
m1268 34 38 46 1734 1934 2334 2338 2346 
m1512 9 36 1809 1836 2959 4309 4336 
m2034 5 22 30 37 46 272 280 287 296 1522 1537 1855 1872 1880 1887 1896 2305 2322 2330 2337 2346 4387 4837 
m1594 
m1989 5 22 46 1146 2305 
m1284 9 14 22 44 46 709 744 746 1109 1114 1122 1144 1146 2209 2246 2309 2322 2344 2346 4814 
m1064 5 14 46 705 2305 2314 
m1252 32 36 37 46 1832 1882 1886 1896 2332 2336 2346 4836 
m2223 14 46 714 746 2314 2346 4814 
m1083 22 23 36 40 46 49 1172 1822 1836 1849 2022 2023 2036 2040 2046 2049 2322 2323 2336 2349 2472 2473 2486 4323 4336 4836 
m2390 34 1734 
m2282 8 37 46 408 437 446 1858 2308 4396 
m272 38 45 2288 
m353 36 40 45 46 1845 2036 2040 2045 2046 2295 2296 2345 4346 
m2649 36 38 46 1936 1946 2336 2338 2346 4836 
m1558 22 44 46 1146 2222 2246 2344 2346 4846 
m1132 22 23 30 1122 1123 1130 1172 1173 1180 1523 3673 
m655 5 37 46 1855 2305 4837 
m322 30 37 46 1880 2330 4837 
m2706 10 30 36 46 1510 1536 1546 1810 1846 2310 2346 
m533 46 
m2363 5 33 45 46 1655 1695 2255 2305 2345 4833 
m957 37 46 2346 4396 4837 
m1767 5 13 14 33 655 705 713 1655 1664 4163 
m328 8 33 46 433 446 4833 
m2129 41 2091 
m757 5 13 14 33 263 283 705 713 733 4163 
m954 30 36 40 45 46 1830 1845 2030 2036 2040 2045 2046 2280 2330 2345 4346 
m1696 36 40 46 1836 2036 2046 2336 
m1123 44 46 2344 2346 
m1042 36 48 1836 1848 2436 2448 4336 
m2770 37 41 46 2087 2341 4837 
m2190 22 45 46 49 1146 1149 2272 2296 2299 2349 2472 2495 2496 
m781 22 37 45 46 1122 1137 1145 1146 1887 1895 1896 2287 2296 2337 
m487 30 36 39 40 46 1830 1980 1986 1990 1996 2030 2036 2046 2330 4836 
m1340 
m262 22 44 46 1146 2322 2344 2346 4846 
m2669 13 22 30 47 680 697 1113 1122 1130 1147 2380 
m58 9 36 45 46 486 495 496 1845 2309 2336 2345 2346 
m108 22 26 44 46 1122 1144 1146 1322 1326 1344 1346 2344 2346 4846 
m2531 5 14 22 33 36 40 264 272 283 286 290 722 736 740 1122 1136 1140 1672 1686 1690 1822 2022 2036 3233 
m1642 22 23 36 40 41 1122 1123 1136 1140 1141 1186 1190 1836 1840 2036 2040 2072 2073 2086 2090 3686 
m2293 12 45 46 645 2345 4812 
m1864 37 46 4837 
m609 22 23 1122 1123 1173 3673 
m744 5 45 295 
m2140 13 22 33 36 40 672 1113 1122 1133 1136 1140 1672 1813 1822 1833 1840 2013 2022 2033 4163 
m2263 36 46 2336 
m1549 13 16 3313 
m2335 13 22 33 36 49 1113 1133 1136 1149 1813 1833 1849 2463 2483 2486 2499 4163 
m1631 13 25 38 46 1263 1296 1913 1925 1946 2313 
m2365 15 45 795 
m1105 13 22 33 1113 1133 4163 
m352 22 44 45 46 1146 2272 2296 2344 2346 4846 
m566 22 23 30 38 1122 1123 1130 1138 1172 1173 1188 1522 1523 1530 1538 1922 1923 3673 
m2703 22 46 1146 
m2399 22 36 40 46 1122 1136 1140 1146 1840 2040 2336 2340 
m967 23 46 2323 2346 3696 4823 4846 
m860 22 46 2322 2346 
m84 37 46 1896 2337 2346 4837 
m1248 22 23 30 45 46 1123 1130 1145 1146 1196 1523 1545 1546 2273 2280 2295 2296 2323 2346 4823 4846 
m2718 14 23 30 46 1514 1523 1546 2314 2323 2330 2346 3664 4814 4823 
m1886 5 26 45 46 276 296 1305 1326 1346 2255 2276 2296 2326 
m66 26 46 1326 1346 2326 2346 3826 
m1705 22 23 36 40 41 46 1122 1123 1136 1140 1141 1146 1190 1191 1822 1823 1836 1840 1841 1846 2022 2023 2036 2040 2041 2046 2323 2336 2340 2341 3673 3686 4323 4336 
m711 14 46 714 746 2314 2346 3246 4814 
m2042 37 40 41 46 2037 2046 2087 2090 2096 4837 
m21 14 36 40 45 46 736 740 745 1840 1845 1846 2036 2045 2046 2286 2296 2336 3246 4336 
m652 27 36 37 46 49 1387 1827 1837 2327 2477 2486 2487 2496 4336 4346 4837 
m891 13 38 1913 1938 
m931 22 37 40 46 1137 1146 2022 2037 2040 2046 2322 2337 2346 4837 
m2752 26 46 2326 2346 
m2695 22 44 46 1146 2222 2244 2246 2344 2346 4846 
m111 5 22 44 46 272 296 1144 1146 2205 2246 2305 2322 2344 2346 4846 
m1253 23 30 38 45 46 1180 1923 1930 1946 2273 2280 2288 2296 2323 2330 2338 2346 4823 
m1650 38 40 45 46 1938 1945 1946 2290 2340 2345 
m2308 5 45 46 2255 2296 2305 2345 4846 
m1508 30 36 38 1530 1536 1538 1830 1836 1838 1930 1936 1938 4036 4330 
m2325 36 38 46 48 1836 1838 1848 1936 1938 1948 2336 2338 2348 2436 2438 2448 4336 4836 
m1197 22 44 46 1146 2344 2346 4846 
m315 22 36 46 49 1149 1822 1836 1846 1849 2322 2349 2472 2486 2499 4836 
m2517 22 45 46 1145 1146 2296 
m2705 46 
m910 36 41 45 1845 2095 2295 4586 
m2713 17 22 1117 
m2627 22 36 40 41 46 48 1136 1140 1141 1148 1836 1848 2036 2086 2090 2098 2322 2336 2340 2341 2348 4336 
m1695 14 40 46 714 746 2014 2040 2046 2314 2340 2346 3246 4814 
m2206 13 33 3183 
m1057 22 36 41 49 1136 1141 1822 1849 2072 2086 2091 2099 2472 2486 4336 
m463 14 34 46 734 746 2334 
m1855 13 22 33 36 40 672 686 690 1113 1122 1133 1136 1140 1672 1686 1690 2036 3183 
m1121 22 41 1122 1141 
m2737 22 45 46 1145 1146 2345 4846 
m1905 36 38 45 48 1838 1845 1848 1936 1938 1945 1948 2295 2436 2438 2445 2448 4336 
m2763 20 37 46 1870 2320 2337 
m736 23 32 38 46 1182 1188 1196 1923 1938 1946 2332 2338 2346 3696 4823 
m1358 22 30 36 40 46 1136 1140 1522 1536 1540 1840 2036 2040 2322 2330 2336 2340 2346 4836 
m1648 22 36 37 40 46 1122 1136 1137 1140 1146 1822 1837 1840 1846 1872 2022 2037 2046 2322 2336 2340 2346 4396 4837 
m1172 22 44 46 1146 2344 2346 4846 
m339 32 45 1645 
m244 45 46 2345 2346 
m1113 21 1071 
m615 22 23 32 46 1123 1132 1146 1182 1196 2332 
m2774 14 32 36 44 46 736 1614 2214 2232 2236 2314 2332 2336 2344 4136 4846 
m2464 13 33 46 696 2333 3183 
m300 
m202 36 45 49 1849 2286 2299 
m578 27 49 1399 
m1000 22 40 46 1146 2022 2040 2046 2346 
m796 22 37 46 1872 2322 4837 
m1728 10 46 2310 2346 
m1944 13 45 2263 
m883 46 4846 
m2364 15 45 795 
m1674 14 22 1114 
m256 22 45 46 1146 2272 2296 4846 
m966 23 30 46 1523 1546 2323 
m1776 46 
m725 
m2040 45 46 49 2295 2299 2345 2349 
m645 13 22 32 36 40 672 686 690 1613 1636 1640 1822 1840 2022 2036 2040 4336 
m1945 8 22 36 45 46 1108 1122 1136 1145 1146 2258 2286 2295 2296 2308 2336 2346 4308 4836 
m2008 23 45 1195 2273 2295 
m2355 45 46 2296 
m2551 36 40 45 46 1840 1845 2036 2040 2045 2340 2345 4836 
m2251 22 36 45 46 49 1145 1822 1845 2322 2336 2345 2472 2486 2495 2496 
m1139 22 23 36 40 46 48 1123 1136 1140 1146 1148 1190 1840 2022 2023 2036 2046 2048 2336 2340 2346 2423 2436 2440 2446 3696 4323 4346 4823 
m1841 16 23 36 46 1186 1816 2316 2323 2336 3666 
m2546 5 45 295 2255 2295 
m413 22 38 44 45 46 1146 1922 1944 1946 2272 2288 2294 2296 2344 2346 4846 
m2241 22 36 40 46 1122 1136 1140 1146 1840 2040 2336 2340 
m1247 22 44 46 1144 1146 2344 2346 
m1798 36 42 46 49 2146 2336 2486 2492 2496 4636 
m2137 22 23 36 40 46 49 1123 1136 1146 1149 1836 1846 1849 2022 2023 2036 2046 2049 2323 2473 2486 2496 3686 4323 4336 4836 
m2711 14 23 30 46 1514 1523 1546 2314 2323 2330 2346 3664 4814 4823 
m251 37 38 1888 1937 1938 
m998 18 45 945 
m1024 8 36 46 1808 2308 2336 2346 4836 
m1754 22 37 46 1872 2322 4396 
m1200 22 44 46 1146 2344 2346 4846 
m1669 23 41 46 1173 2073 2323 2341 3673 
m1260 22 44 46 1146 2322 2344 2346 4846 
m1094 22 44 46 1146 2322 2344 2346 4846 
m1963 5 45 46 2255 2305 2345 2346 
m1833 22 27 36 40 1122 1127 1136 1140 1390 1827 1836 1840 2027 2036 2040 
m2684 22 23 27 36 40 1122 1123 1127 1136 1140 1190 1372 1373 1386 1390 1823 1840 2023 2040 
m797 37 39 40 46 1890 1987 1990 2340 4396 4496 
m2233 22 40 46 1122 1140 2322 2340 
m556 36 46 1836 1846 2336 2346 4836 
m451 14 26 32 46 726 732 746 1314 1326 1332 1346 1626 1646 2326 
m2268 22 23 45 1122 1123 1145 1173 2272 2273 2295 3673 
m2742 36 45 46 1845 2336 2345 2346 4836 
m1831 45 2295 
m613 12 23 30 36 41 612 630 636 641 1191 1523 1541 1812 1823 1830 1836 1841 2062 2073 2086 2091 3123 
m465 14 34 46 734 746 2334 
m159 22 23 30 36 46 49 1122 1123 1130 1146 1149 1172 1173 1180 1199 1522 1523 1530 1549 1822 1823 1830 1846 1849 2322 2323 2330 2349 2472 2473 2480 2496 3673 4823 
m1710 22 44 46 1144 1146 2246 2344 2346 4846 
m2030 12 14 45 46 645 712 745 2312 2314 2345 2346 4814 
m625 11 13 22 38 563 572 688 1113 1138 
m2359 32 36 38 46 1832 1932 1936 1946 2332 2336 2346 4836 
m2265 27 36 48 49 1386 1399 1827 1848 1849 2486 2498 2499 4336 
m1375 22 23 36 41 46 49 1136 1146 1149 1191 1836 1841 2323 2336 2341 2473 2486 2491 2496 4323 4336 4836 
m1142 13 22 41 691 1113 1122 1141 
m1580 6 36 40 43 336 340 1806 1836 1840 1843 2006 2036 2043 2186 2190 2843 
m605 46 2346 
m864 46 
m1045 36 37 46 1837 2336 2337 4336 4337 
m2511 
m2641 32 45 46 1632 1646 2282 2296 2332 
m1503 22 40 44 46 1146 2022 2044 2046 2344 2346 4846 
m164 14 22 46 722 746 2322 
m1442 5 32 255 1605 1632 
m2485 22 37 40 46 1137 1146 2022 2037 2046 4837 
m1162 45 49 2295 2299 
m1806 33 45 1695 2283 2295 
m1609 45 46 2295 2296 2346 
m2692 30 40 45 46 2045 2046 2280 2296 2330 2345 4846 
m1173 22 44 46 1146 2246 2344 2346 4846 
m2768 23 30 36 39 40 41 1173 1186 1189 1191 1523 1536 1539 1541 1823 1973 1986 1990 1991 2023 2036 2073 2086 2089 2090 2091 3686 4336 4586 
m1463 37 40 46 2037 2046 2337 4837 4846 
m308 22 46 1146 
m1128 14 26 33 726 1314 1326 1333 1664 1676 1683 3233 
m1888 14 27 36 46 48 736 746 748 1364 1386 1396 1398 1846 1848 2446 
m1678 14 22 40 46 722 746 2014 2022 2046 2322 
m833 12 38 45 46 645 1912 1946 2345 4812 
m80 22 46 49 1146 1149 2349 2472 2496 
m2575 5 45 46 2255 2295 2296 2305 2345 
m2775 13 22 23 32 36 40 41 672 673 686 690 691 1122 1123 1136 1140 1141 1186 1190 1191 1613 1622 1623 1636 1823 1840 1841 2023 2041 3673 
m115 37 46 2337 2346 4837 
m268 22 23 30 1122 1123 1130 1172 1173 1180 1522 1523 1530 3673 
m1800 37 40 46 2037 2046 4837 
m2210 32 45 46 2282 2296 2332 
m2625 22 36 40 41 46 49 1136 1140 1141 1836 1849 2036 2086 2090 2322 2336 2340 2341 2349 4336 
m1061 22 44 46 1146 2246 2344 2346 4846 
m919 22 30 36 40 41 46 1122 1130 1136 1140 1141 1146 1536 1540 1541 1830 1836 1840 1841 2030 2036 2040 2041 2086 2090 2322 2330 2336 2340 2341 
m2569 31 36 1581 1586 1836 4086 
m1014 40 45 46 2046 2290 2296 4846 
m309 22 23 32 1122 1123 1132 1182 1622 1623 1632 
m623 12 22 23 36 41 46 49 622 623 636 641 649 1123 1136 1141 1191 1822 1823 1841 2322 2323 2336 2341 2349 2472 2473 2486 2491 3136 4323 4336 4812 
m1312 11 13 33 563 583 4163 
m274 13 22 32 36 40 41 672 686 690 1122 1136 1140 1613 1622 1636 1640 1822 2022 2036 2063 2072 2082 2086 
m2096 32 36 41 46 1641 2332 2336 2341 2346 4136 4341 
m481 14 40 46 740 2014 2040 2046 2340 2346 3246 4814 
m848 22 30 45 1122 1130 1145 1545 
m1689 22 32 45 46 1145 1146 2282 2296 2332 
m1250 32 36 46 1832 2332 2336 2346 4836 
m1480 22 46 48 1146 2348 
m2667 33 45 48 1695 1698 2298 
m2764 5 13 38 46 263 288 296 696 1913 1938 1946 2305 2313 2338 2346 
m2052 23 32 46 1173 1182 1196 1623 1632 1646 2323 2332 2346 4823 
m480 40 45 46 49 2045 2046 2299 2345 2349 
m1488 23 26 30 38 46 1180 1323 1330 1338 1346 1923 1930 1946 2330 2346 4823 
m739 23 30 45 1195 1523 1545 
m1979 36 40 46 2036 2046 2336 2340 2346 4836 4846 
m2356 32 36 46 1832 2332 2336 2346 4836 
m2392 33 36 41 1686 2083 4586 
m1552 22 38 46 1146 1922 1946 
m257 22 23 30 39 1123 1522 1523 1972 1973 1980 3673 
m1937 22 45 46 1122 1146 2272 2295 2296 2322 2346 4846 
m72 14 36 40 46 1814 1846 2014 2036 2046 3246 
m1685 45 46 2296 2346 4846 
m214 22 44 46 1146 2322 2344 2346 4846 
m1437 22 45 46 1145 1146 2345 4846 
m2058 13 22 32 46 682 1113 1122 1132 1146 2313 2322 2332 
m2146 5 15 38 40 46 755 1905 1915 1938 1940 1946 2005 2015 2038 2040 2046 2305 2315 2346 4815 
m2539 13 14 22 46 672 722 1113 1114 2313 2322 3213 4814 
m1591 26 
m292 33 36 46 1686 2333 2336 2346 4833 
m1159 22 36 40 41 1141 2036 2086 2090 
m688 36 49 1849 2486 2499 
m248 13 22 36 40 672 686 690 1113 1122 1136 1140 1822 2022 2036 
m1389 14 37 714 737 1887 3237 
m1337 22 38 46 1146 1922 1946 
m1839 40 44 46 2044 2046 2344 
m394 22 36 45 1136 1145 1845 
m1538 45 46 2345 
m2694 34 46 1746 
m654 37 38 46 1888 1938 2338 4837 
m2236 22 30 36 40 46 1122 1136 1146 1522 1536 1822 2022 2030 2036 2322 2330 2336 2340 2346 4836 
m830 46 2346 4846 
m732 2 45 46 2252 2296 2302 
m2769 5 23 37 46 49 299 1155 1173 1199 1855 1873 1899 2305 2323 2349 4837 
m520 13 22 33 36 40 690 1113 1122 1133 1136 1140 1690 1813 1833 1840 2013 2033 4163 
m1401 45 49 2295 2299 
m1751 22 23 30 1122 1123 1130 1173 1180 1522 1523 1530 
m1853 22 44 46 1146 2344 2346 4846 
m450 22 36 40 46 49 1146 1822 1840 1846 1849 2036 2046 2049 2322 2340 2472 2496 4846 
m398 5 45 46 2255 2305 2345 
m1416 22 33 46 1122 1133 1146 1696 2333 2346 4196 
m2657 22 26 41 46 1141 1146 1322 1341 1346 2341 
m289 13 22 46 1113 2313 2322 
m1801 6 36 42 49 2456 2486 2492 2836 4606 4636 
m865 41 45 46 2095 2096 2345 
m1727 6 23 36 46 1156 1186 2306 2323 2336 4306 
m81 13 22 45 46 696 1113 1146 2263 2272 2296 
m38 40 46 2040 2046 2346 
m2270 22 36 41 49 1136 1149 1841 1849 2072 2086 2091 2099 2486 4336 
m2006 22 23 30 36 41 1122 1123 1130 1136 1172 1173 1522 1523 1822 1823 1830 2072 2073 2080 3673 4586 
m474 13 22 36 38 40 672 686 690 1113 1122 1136 1140 1822 1913 1922 1936 1940 2022 2036 
m724 
m1257 23 30 46 1173 1180 1196 1523 1530 1546 2323 2330 2346 3696 4823 4846 
m1335 38 40 41 46 1940 1941 1946 2090 2340 2341 
m1464 23 32 36 40 46 48 1182 1186 1190 1196 1198 1632 1636 1646 1648 1846 1848 2032 2036 2046 2048 2446 
m2260 37 39 40 46 1890 1987 1990 2037 2039 2046 2340 4396 4496 
m1212 22 38 44 46 1146 1922 1944 1946 2344 2346 4846 
m56 22 30 45 1122 1130 1145 1522 2272 2280 
m1459 14 40 46 2014 2046 2314 2346 4814 
m1670 23 40 46 49 1196 2023 2040 2046 2473 2490 2496 
m1883 48 2448 
m1812 14 46 49 2314 2346 2464 2496 4814 
m1607 40 46 2046 2346 
m388 45 
m2654 14 45 745 
m2587 14 36 49 1814 2464 2486 4314 4336 
m1931 14 40 46 2014 2040 2046 2314 2346 4814 
m1176 22 44 46 1146 2222 2246 2322 2344 2346 4846 
m1211 8 22 36 46 1122 1146 2308 2336 2346 4308 4836 
m471 30 46 2330 2346 
m1106 14 23 30 46 1514 1523 1546 2314 2323 2330 2346 3664 4814 4823 
m1862 22 36 40 46 48 1136 1140 1146 1848 2036 2040 2046 2336 2340 2346 2348 4336 4836 
m1011 8 46 2308 2346 4846 
m2628 46 4846 
m364 22 38 46 49 1146 1922 1946 1949 2349 2472 2488 2496 
m829 5 46 2305 
m927 5 14 26 45 705 745 1305 1314 1345 2255 
m269 22 44 46 1146 2344 2346 4846 
m1829 20 22 23 30 38 1022 1023 1030 1038 1122 1123 1130 1172 1173 1180 1188 1520 1523 1538 1922 1923 1930 3673 
m161 13 33 45 1695 2263 4163 
m2283 28 38 1928 1938 
m1320 36 46 48 2436 2446 4836 
m1466 5 14 30 46 705 730 1505 2305 2314 2330 2346 4814 
m2526 14 38 738 
m2442 6 36 42 45 306 345 1845 2106 2145 2836 4306 4606 4636 
m2408 13 33 36 40 46 690 1813 1833 1840 2033 2313 2333 3183 4836 
m2267 22 36 38 41 49 1136 1138 1141 1149 1822 1838 1841 1849 1922 1936 2072 2086 2088 2099 2472 2486 2488 2491 4336 
m2506 9 14 36 49 709 1809 1814 1836 1849 2459 2464 2486 2499 
m2225 23 24 40 46 1190 1240 1246 2023 2024 2040 2046 2340 3696 3723 
m2612 31 45 2281 
m2187 22 45 1145 
m1352 22 23 30 45 46 1122 1123 1130 1145 1146 1195 1522 1523 1530 1545 1546 2273 2280 2295 2296 2322 2330 2345 2346 3696 4823 
m1428 32 49 1649 
m1040 32 36 41 46 1641 1646 2332 2336 2341 2346 4136 4586 
m1205 22 44 46 1144 1146 2246 2322 2344 2346 4846 
m603 18 37 46 1868 2318 4837 
m2437 22 37 1122 1137 1887 
m2424 12 36 40 46 49 636 640 649 1836 1849 2036 2049 2336 2340 2349 2499 4812 
m313 45 
m1966 13 33 663 683 1663 1683 3183 4163 
m1071 33 37 46 1883 1896 4833 
m128 14 23 30 38 730 1180 1514 1523 1530 1538 1914 1923 1930 1938 3223 
m1706 16 36 46 49 1816 1846 2316 2346 2486 2496 
m650 22 23 30 36 40 46 1122 1123 1130 1136 1140 1146 1172 1186 1190 1522 1523 1536 1540 1546 1822 2022 2036 2322 2336 2340 2346 4823 
m1587 45 
m389 22 36 46 49 1136 1146 1846 1849 2349 
m1304 22 44 46 1146 2322 2344 2346 4846 
m98 6 42 46 346 2146 2842 
m2397 14 30 46 730 746 1530 2330 
m2222 13 33 45 2263 2283 4163 
m2036 20 45 1045 
m787 22 36 40 1122 1136 1140 1822 2022 2036 
m325 13 33 45 46 2263 2283 2296 2313 2333 4163 
m232 5 13 14 33 263 283 705 713 733 4163 
m403 37 45 1887 1895 
m1842 13 23 36 1186 1813 3663 
m1202 36 40 41 46 49 1836 1841 1846 1849 2036 2040 2041 2046 2086 2096 2099 2336 2346 2349 4346 4586 4836 
m2704 12 22 23 36 40 45 46 49 622 623 636 640 645 649 1123 1136 1140 1145 1195 1822 1823 1840 1845 1849 2012 2023 2036 2045 2046 2049 2322 2323 2336 2340 2345 2349 2472 2473 2486 2490 2495 3136 4323 4336 4812 
m227 22 36 40 41 49 1136 1140 1141 1822 1836 1840 1841 2036 2072 2086 2090 2091 2472 2486 2491 4336 
m27 41 2091 
m944 20 22 23 46 1023 1120 1123 1146 1173 2320 2323 3673 4823 
m95 14 714 
m2214 22 23 45 1172 1173 2272 2273 3673 
m1046 29 36 48 1486 1829 1836 1848 2429 2436 2448 4336 
m2709 17 22 1117 
m1915 13 25 38 46 675 1913 1946 2313 2325 
m104 22 23 30 1122 1123 1130 1173 1180 1522 1523 1530 
m1596 12 45 46 645 2345 4812 
m2721 23 28 36 1178 1186 1823 1828 1836 3673 
m2412 22 23 1122 1123 1172 
m847 23 38 45 1195 1923 1945 3673 
m1688 5 13 33 45 263 283 2255 2263 2283 3183 
m537 13 22 33 36 40 45 672 686 690 695 1122 1136 1140 1672 1686 1690 1822 2022 2036 2272 2283 2286 2290 3183 
m2160 36 40 46 49 1836 1840 1846 1849 2036 2040 2046 2336 2340 2346 2349 2486 2490 2496 4336 4346 4836 
m212 22 23 30 41 46 1122 1141 1146 1191 1523 1530 1541 1546 2073 2080 2091 2096 2322 2323 2330 2341 2346 
m1124 22 23 30 38 41 1122 1123 1130 1138 1172 1173 1188 1522 1523 1530 1538 2072 2073 2080 2088 3673 
m2557 6 42 4606 
m1782 13 33 1663 1683 4163 
m1351 38 46 1946 2338 2346 
m1536 14 46 746 
m584 5 45 295 
m2567 5 26 38 46 1305 1346 1926 1946 2305 2346 
m962 12 22 23 36 40 41 46 49 640 1123 1136 1141 1149 1162 1186 1190 1196 1199 1812 1840 1846 1849 2062 2073 2086 2090 2096 2099 2340 2462 2486 2496 3146 3686 4312 4336 
m1049 13 22 46 1113 1122 1146 2313 2322 2346 
m901 23 36 40 45 46 49 1190 1195 1836 1840 1845 2023 2036 2040 2045 2046 2049 2323 2336 2340 2345 2473 2486 2496 3686 4323 4336 4836 
m874 16 23 30 38 45 46 830 1180 1516 1523 1530 1546 1930 1945 1946 2266 2273 2280 2296 2316 2323 2330 2345 2346 3323 4823 
m594 8 45 46 49 408 446 449 2258 2296 2299 2349 
m2673 23 32 36 40 49 1182 1632 1823 1832 1849 2023 2032 2036 2049 2473 2482 
m1664 14 33 40 46 733 740 746 1690 2340 4196 
m1366 46 2346 
m617 13 22 45 46 672 2263 2272 2295 2296 2313 2322 2346 4813 
m421 13 46 4813 
m1916 12 22 36 41 46 49 622 641 1141 1812 1822 1841 2322 2336 2341 2462 2472 2486 2491 2496 3136 4312 4336 4812 
m820 32 37 46 1632 1637 1646 2332 2337 2346 4837 
m1522 13 14 32 46 664 696 1613 1614 1646 4814 
m247 13 22 36 40 672 686 690 1113 1122 1136 1140 1822 2022 2036 
m20 18 46 2318 2346 
m2285 12 14 23 30 46 630 723 730 746 1180 1512 1523 1530 1546 2312 2330 3123 3212 4823 
m203 13 20 33 36 40 41 670 686 690 691 1033 1036 1040 1041 1686 1690 1691 1840 1841 2036 2041 3183 3536 4336 
m1204 22 26 44 46 1146 1344 1346 2344 2346 4846 
m1143 5 14 26 33 45 264 276 283 726 1676 2255 2264 2276 2283 3233 
m648 12 22 23 36 41 46 49 622 623 636 641 649 1123 1136 1141 1191 1822 1823 1841 2322 2323 2336 2341 2349 2472 2473 2486 2491 3136 4323 4336 4812 
m798 18 46 2318 
m430 22 35 46 1135 1146 2322 2335 2346 
m959 38 46 1946 2346 
m1116 22 23 36 40 46 49 1172 1822 1823 1836 1840 1849 2022 2023 2036 2040 2046 2049 2322 2323 2336 2349 2473 2486 3686 4336 4346 4836 
m1413 22 23 30 41 49 1123 1130 1173 1523 2072 2073 2080 2473 2480 2491 3673 
m2701 22 23 41 1141 1172 1173 1191 
m1217 22 44 46 1144 1146 2246 2322 2344 2346 4846 
m2088 5 45 46 2255 2296 2305 
m1410 32 36 38 41 46 49 1641 1646 1938 1941 1946 1949 2332 2336 2341 2346 2482 2486 2491 2496 4136 4586 
m2242 36 38 40 45 1838 1936 1938 1940 2036 2038 2286 2288 
m43 13 22 32 38 46 682 1113 1132 1146 1913 1922 1932 1946 2313 2332 
m2583 13 22 33 36 40 672 686 690 1113 1122 1133 1136 1140 1672 1686 1690 1822 2022 2036 3183 
m2468 30 32 36 40 46 1640 1646 1830 1840 2030 2330 2332 2336 2340 2346 4136 
m1713 22 38 46 1138 1146 1946 
m2734 22 44 46 1122 1146 2344 2346 4846 
m1130 30 45 46 2280 2295 2296 2330 2346 
m1786 26 37 46 1876 2326 2337 
m628 23 36 40 41 1173 1186 1190 1191 1823 1840 2023 2036 2073 2086 2090 3673 4323 4336 4586 
m1562 22 30 38 45 46 1130 1145 1146 1922 1930 1945 1946 2280 2296 2330 
m2584 26 36 46 49 1326 1336 1346 1349 1826 1846 1849 2326 2476 2496 
m2755 22 23 36 40 41 46 1122 1123 1136 1140 1141 1146 1190 1836 1840 2022 2023 2036 2040 2041 2046 2073 2086 2090 2096 2322 2323 2336 2340 2341 2346 3673 3686 4323 4823 
m1382 38 46 1946 2338 2346 
m2002 22 26 44 46 1146 1322 1344 1346 2326 2344 2346 4846 
m1007 39 40 41 46 1990 1991 1996 2040 2046 2090 2096 
m1317 32 36 38 46 1832 1932 1936 1938 1946 2332 2336 2346 4836 
m1865 14 49 2464 
m512 36 38 46 49 1849 1936 1946 2336 2346 2349 4836 
m2495 26 45 46 1326 1345 1346 2276 2296 2326 
m2543 37 41 46 2087 2096 4837 
m1961 14 22 23 30 36 40 41 741 1123 1130 1136 1140 1141 1191 1523 1536 1540 1541 1823 1841 2023 2036 2041 2072 2073 2080 2086 2090 2091 3673 4323 
m2051 27 36 40 46 1827 1840 2027 2036 2040 2327 2340 4836 
m947 5 45 46 2255 2296 2305 
m2314 8 
m1168 14 40 46 740 746 2014 2040 2046 2314 2340 2346 4814 
m2326 41 45 2091 2095 2291 2295 
m877 26 40 45 46 1340 1346 2026 2040 2045 2046 2276 2290 2296 2340 
m1730 40 45 46 2046 2290 2296 
m1275 32 1632 
m1245 37 
m1066 27 46 49 2327 2346 2477 2496 
m1329 1 32 36 38 45 46 82 96 1901 1932 1936 1946 2251 2282 2286 2288 2296 2332 2586 4136 4836 
m1009 38 
m2298 46 
m2429 22 36 41 49 1122 1136 1141 1149 1849 2072 2086 2099 4336 
m2371 14 
m1475 16 45 46 845 2345 4816 
m2109 36 
m235 22 36 49 1149 1822 1836 1849 2472 2486 2499 
m2396 13 23 49 673 1163 1173 1199 2463 2473 2499 3163 
m1990 13 22 33 36 40 46 672 686 690 1113 1122 1133 1136 1140 1672 1686 1690 1822 2022 2036 2313 2322 2333 2336 2340 3183 
m1849 22 45 46 1122 1145 1146 2272 2295 2296 2345 
m1651 5 13 22 33 655 1113 1122 1133 1655 1672 4163 
m595 22 23 31 46 49 1123 1146 1196 1572 1573 1596 2323 2346 2473 2481 2496 4846 
m1030 32 46 2332 
m2544 22 45 1145 
m1956 22 44 46 1146 2344 2346 4846 
m804 8 45 46 2258 2296 2308 
m228 36 46 2336 
m752 37 46 2337 
m1578 32 36 46 49 1632 1636 1649 1849 2332 2336 2346 2349 
m716 2 27 36 40 46 1352 1386 1396 1802 2002 2027 2036 2046 2302 4836 
m459 22 46 1122 1146 2346 
m2761 33 44 49 1694 1699 2494 
m1511 23 30 36 40 41 1523 1536 1540 1830 1836 1840 2023 2036 2073 2080 2086 2090 3686 4323 4586 
m558 22 23 30 38 1123 1130 1172 1173 1188 1522 1523 1530 1538 3673 
