m1752 22 44 46 1146 2344 2346 4846 
m1976 13 46 4813 
m2837 23 30 36 41 1523 1823 1830 2073 2080 3673 4323 4586 
m252 32 46 1646 2332 2346 
m2705 22 40 46 1122 1140 1146 2340 
m2872 22 23 36 40 46 49 1123 1136 1140 1146 1149 1190 1822 1840 2023 2036 2040 2046 2049 2322 2336 2340 2346 2472 2473 2486 2496 3696 4323 4346 4823 
m1015 23 40 46 49 1196 2023 2040 2046 2473 2490 2496 
m485 37 38 39 46 49 1899 1937 1946 1987 1988 1996 1999 2337 2346 2349 4496 4837 
m2234 22 36 41 49 1136 1141 1149 1841 1849 2072 2086 2091 2099 2486 2491 4336 
m2477 22 44 46 1146 2344 2346 4846 
m1044 22 23 36 40 41 46 1122 1123 1136 1140 1141 1146 1190 1191 1822 1823 1836 1840 1841 1846 2022 2023 2036 2040 2041 2046 2323 2336 2340 2341 3673 3686 4323 4336 
m2097 22 44 46 1144 1146 2246 2344 2346 4846 
m312 22 27 36 46 49 1127 1136 1146 1149 1377 1386 1396 1399 1827 1849 2322 2327 2336 2346 2349 2477 2486 2496 2499 
m949 22 44 46 1146 2344 2346 4846 
m3378 12 26 45 46 645 1312 1345 1346 2345 4812 
m1385 37 46 2337 
m939 30 37 46 1530 1537 1546 1880 2330 2337 2346 
m1956 22 36 45 1136 1145 1845 
m2687 28 32 36 38 40 46 1628 1632 1636 1640 1646 1828 1832 1836 1932 1936 1940 1946 2028 2032 2036 2040 2046 2328 2332 2336 4136 4332 4836 
m2582 5 14 38 45 46 705 745 1905 1914 1945 1946 2255 2305 2345 4814 
m2835 23 32 42 1182 1192 1642 
m317 22 37 41 46 1137 1141 1146 2087 2096 4837 
m898 22 46 48 1146 1148 2348 
m77 22 23 30 38 1122 1123 1130 1138 1172 1173 1188 1522 1523 1530 1538 3673 
m1711 5 30 45 46 280 2255 2280 2296 2305 2330 
m3461 22 46 1146 
m1709 23 36 38 40 41 1173 1186 1188 1190 1923 1936 1938 1940 2023 2036 2073 2086 2088 3673 3686 4323 4336 
m2235 22 36 40 41 49 1136 1141 1822 1836 1840 1841 1849 2036 2072 2086 2090 2091 2472 2486 2491 4336 
m315 36 37 40 41 1841 1886 1890 1891 2036 2041 2086 2087 2090 2091 
m450 13 22 33 36 40 1113 1122 1133 1136 1140 1813 1822 1833 1840 2013 2022 2033 4163 
m2411 40 45 2045 
m3157 38 40 45 46 1946 2038 2046 2288 2290 2296 
m263 38 45 1938 1945 
m1625 14 22 38 46 49 722 749 1914 1938 1946 1949 2314 2322 2338 2346 2349 2472 4814 
m643 14 45 745 2264 2295 
m965 38 40 46 49 1940 1946 1949 2046 2490 2496 
m2547 5 36 45 46 49 286 296 299 1836 1846 1849 2255 2286 2296 2299 2336 2349 
m1087 45 46 2296 
m2473 14 21 46 721 746 1096 
m1244 5 40 45 46 2005 2045 2046 2255 2296 2305 
m155 5 13 14 33 263 283 705 713 733 4163 
m3339 22 44 46 1146 2222 2244 2246 2322 2344 2346 4846 
m3349 37 1887 
m2107 22 36 37 40 46 1122 1136 1137 1140 1146 1822 1836 1837 1840 1846 1890 2022 2036 2037 2040 2046 2322 2336 2337 2340 2346 4837 
m775 30 45 46 2280 2296 2330 2345 2346 4846 
m2900 22 37 46 1872 2322 4837 
m1107 17 45 895 2267 2295 
m2064 22 37 46 1122 1137 1146 2322 2337 2346 4837 
m2579 32 37 46 1632 1637 1882 2332 2337 
m15 23 46 2323 2346 4823 
m1608 22 26 41 46 1141 1146 1322 1341 1346 2341 
m2005 38 46 1946 
m2306 23 45 1195 2273 2295 
m1376 9 14 36 49 709 1809 1814 1836 1849 2459 2464 2486 2499 
m751 38 46 1938 1946 
m346 21 36 41 1821 2071 4341 
m3472 22 45 1122 1145 2272 2295 
m2754 5 7 36 46 49 286 296 299 355 386 396 1836 1849 2336 2346 2349 2486 2499 4836 
m1411 14 49 2464 
m1902 13 33 45 46 2263 2283 2296 2313 2333 4163 
m1345 32 45 46 2282 2296 2332 
m2357 27 46 49 2327 2346 2477 2496 
m1879 27 32 1382 
m3075 26 46 50 1326 1346 1350 2350 
m380 22 37 40 46 1137 1140 1146 1890 2022 2037 2040 2046 2322 2337 2340 2346 4396 
m1631 12 22 23 36 40 45 46 49 622 623 636 640 645 649 1123 1136 1140 1145 1195 1822 1823 1840 1845 1849 2012 2023 2036 2045 2046 2049 2322 2323 2336 2340 2345 2349 2472 2473 2486 2490 2495 3136 4323 4336 4812 
m429 14 22 46 722 746 2322 2346 
m1221 30 41 46 2080 2330 2341 2346 
m1410 41 45 2091 2095 2291 2295 
m1605 14 45 745 
m778 22 23 30 1122 1123 1130 1172 1173 1180 1522 1523 1530 3673 
m720 14 40 46 740 746 2014 2040 2046 2314 2340 2346 4814 
m676 14 23 30 46 1514 1523 1546 2314 2323 2330 2346 3664 4814 4823 
m637 22 32 36 37 40 1122 1136 1137 1140 1622 1636 1637 1640 1822 1872 1886 1890 2022 2036 
m756 22 37 46 1872 2322 2337 
m3038 32 36 1832 4336 
m213 17 38 46 888 2317 2338 2346 3396 
m1899 30 37 46 1880 2330 4837 
m813 22 38 46 1146 1922 1946 
m3448 22 26 36 45 46 1126 1136 1146 1336 1345 1346 1845 2336 2345 2346 4836 
m1871 13 22 46 1113 2313 2322 
m1120 45 2295 
m2030 26 37 41 46 1337 1341 1346 1891 2341 4837 
m1769 14 23 30 38 730 1180 1514 1523 1530 1538 1914 1923 1930 1938 3223 
m844 38 46 1946 2338 2346 
m2247 11 13 33 563 583 3183 
m827 5 36 46 286 296 2305 2336 2346 4836 
m2999 22 36 41 46 49 1136 1141 1849 2086 2099 2322 2336 2341 2349 4336 
m984 5 22 37 45 1105 1122 1137 1145 1855 1895 2255 
m2518 22 44 46 1144 1146 2344 2346 4846 
m3096 22 45 46 1146 2272 2296 
m2483 32 36 46 1832 2332 2336 2346 4836 
m2627 15 46 2315 
m1430 14 22 36 40 41 46 714 722 736 741 1822 1836 1841 2014 2036 2041 2046 2072 2314 2322 2336 2341 3236 4314 4586 4814 
m2420 12 45 46 645 2345 4812 
m1144 30 36 40 46 49 1549 1830 1836 1846 1849 2030 2036 2040 2046 2049 2330 2349 2480 2499 
m3387 36 40 41 1840 1841 2036 2040 2041 4336 
m1600 23 
m591 36 45 46 2286 2295 2296 2336 2346 4836 
m339 28 36 40 1428 1828 1836 2028 2036 3936 4328 
m352 9 36 49 1809 2459 2486 2499 2959 4309 4336 
m904 13 22 33 36 38 40 1113 1122 1133 1136 1138 1140 1813 1833 1838 1840 1913 1933 2013 2033 2038 4163 
m1480 22 40 46 1146 2340 
m2165 29 
m2316 12 46 49 2349 2462 4812 
m3505 13 22 23 32 36 40 41 672 673 686 690 691 1122 1123 1136 1140 1141 1186 1190 1191 1613 1622 1623 1636 1823 1840 1841 2023 2041 3673 
m664 14 22 46 1114 1122 1146 2314 2346 4814 
m1840 26 38 40 46 1338 1340 1346 1946 2340 
m2683 22 23 36 40 49 1122 1123 1136 1140 1149 1173 1186 1190 1822 1823 1836 1849 2023 2036 2472 2473 2486 3673 3686 4323 4336 
m3147 22 37 46 1122 1137 1146 2322 2337 2346 4837 
m1119 33 38 46 1688 1938 1946 2338 4196 
m820 22 23 36 38 40 1123 1136 1138 1140 1173 1922 1923 1936 1938 1940 2023 2036 2038 3686 
m2311 22 45 46 1145 1146 2345 
m3198 8 36 40 46 1808 1836 1840 1846 2008 2036 2040 2046 2308 2336 4336 
m2168 5 45 295 
m1903 8 33 46 433 446 4833 
m319 22 37 46 1122 1137 1146 1872 2322 4837 
m1529 22 45 46 1145 1146 2296 
m1330 22 37 40 46 1872 2037 2040 2046 2322 2337 2346 4837 
m2049 36 40 46 1840 2336 2340 
m1230 38 46 1938 1946 
m2451 22 38 44 46 1146 1922 1944 1946 2344 2346 4846 
m2058 36 
m2802 40 46 2046 
m3076 36 40 45 46 1845 2036 2040 2045 2046 2296 4346 
m2836 5 13 14 33 655 705 713 1655 1664 4163 
m440 13 33 40 46 2013 2033 2046 2313 2333 4163 
m2641 22 23 1123 1173 3673 
m1889 14 28 36 728 736 1828 1836 
m522 23 30 46 1173 1180 1196 1523 1530 1546 2323 2330 2346 3696 4823 
m574 20 22 23 46 1023 1120 1123 1146 1173 2320 2323 3673 4823 
m2736 21 23 46 1171 2321 2323 
m1217 36 41 46 2341 4341 4836 
m3385 14 36 49 1814 2464 2486 4314 4336 
m1499 45 2295 
m1536 13 22 38 1113 1122 1138 1913 1938 
m605 36 
m231 23 45 1195 
m1373 22 36 45 46 49 1145 1822 1845 2322 2336 2345 2472 2486 2495 2496 
m3484 13 33 49 2463 2483 4163 
m1076 22 37 45 49 1122 1137 1145 1149 1899 2287 2299 
m2575 36 37 40 46 1886 1896 2036 2037 2046 2336 2346 4836 4837 
m952 13 23 30 46 696 1163 1173 1180 1196 1513 1523 1530 1546 2313 2323 2330 2346 3196 3663 3696 4823 
m96 22 46 1146 2322 2346 
m1713 22 37 40 46 1122 1137 1146 2022 2037 2040 2046 2322 2337 2346 4837 
m1630 46 48 2348 
m97 14 22 36 38 40 46 714 736 1114 1136 1138 1140 1146 1836 1914 1936 1940 2014 2036 2314 2336 2338 2340 3236 4314 4814 
m289 13 22 36 38 40 672 686 690 1113 1122 1136 1140 1822 1913 1922 1936 1940 2022 2036 
m2767 5 13 22 33 36 40 263 272 283 286 290 672 686 690 1113 1122 1133 1136 1140 1672 1686 1690 1822 2022 2036 3183 
m588 37 1887 
m384 14 46 746 2346 
m2523 22 23 30 1122 1123 1130 1172 1173 1180 1522 1523 1530 3673 
m842 38 46 1946 2338 2346 
m343 26 27 46 1327 1346 2327 2346 
m874 37 38 46 1888 2338 4396 
m2056 27 45 46 2277 2296 2327 4846 
m2394 22 23 30 41 1122 1123 1130 1172 1173 1180 1522 1523 1541 2072 2073 2080 3673 
m3161 11 38 46 588 596 1911 1938 1946 2338 
m454 13 20 22 33 36 40 670 672 686 690 1022 1033 1036 1040 1672 1686 1690 1822 1840 2022 2036 3183 3536 4336 
m1018 22 36 37 40 41 46 1122 1136 1137 1140 1141 1146 1822 1837 1840 1846 2022 2036 2037 2040 2041 2046 2072 2086 2087 2090 2096 2322 2336 2340 2341 2346 4396 
m1699 14 36 40 45 46 736 740 745 1840 1845 1846 2036 2045 2046 2286 2296 2336 3246 4336 
m2682 13 14 22 672 722 3213 
m156 7 26 46 1307 1346 2307 2346 
m2600 13 38 688 1913 1938 
m681 30 44 45 1530 1544 1545 2230 2244 2245 2280 2294 2295 
m1343 36 40 41 1836 1840 2036 2086 2090 2091 4586 
m2052 30 38 45 46 1945 1946 2280 2296 2330 2338 2345 2346 4846 
m3225 5 33 45 46 1655 1695 2255 2305 2345 4833 
m2876 13 23 36 1186 1813 3663 
m914 45 46 2295 2296 
m2424 22 23 36 40 46 1122 1123 1136 1140 1146 1172 1186 1190 1196 1822 1836 2022 2036 2040 2046 2322 3686 4346 
m3263 22 46 1122 1146 2322 2346 
m3077 23 30 46 1180 2323 2330 2346 
m42 22 26 33 36 49 1322 1333 1349 1672 1822 1826 1833 1849 2472 2483 
m2941 22 45 46 1122 1146 2272 2295 2296 2322 2346 4846 
m2592 13 36 40 46 696 1813 2013 2036 2040 2046 4346 
m1481 22 37 1122 1137 1887 
m1326 32 36 1832 
m142 22 44 46 1146 2344 2346 4846 
m3502 40 45 46 2040 2045 2046 2345 4846 
m2468 32 36 44 46 1832 1836 1844 2232 2236 2332 2336 2344 2346 4332 4336 4736 4836 
m566 5 14 26 45 705 745 1305 1314 1345 2255 
m2668 13 46 2313 2346 4813 
m2184 5 13 22 26 33 46 263 283 672 1305 1313 1322 1333 1346 1672 2305 2313 2322 2333 4163 
m1701 22 46 1146 
m2496 22 40 46 2046 2322 2346 
m1589 22 36 40 41 46 48 1136 1140 1141 1148 1836 1848 2036 2048 2086 2090 2098 2322 2336 2340 2341 2348 4336 
m3492 22 37 46 1872 2322 2337 
m3358 22 32 36 40 46 49 1622 1646 1822 1832 1836 1840 1846 1849 2032 2036 2046 2322 2482 2486 2490 2496 4332 
m246 36 38 46 1936 1946 4836 
m1264 32 33 40 46 1633 2032 2033 2040 2046 2332 2333 
m794 36 40 41 1836 1840 1841 2036 2041 2086 2091 4336 4341 4586 
m2210 36 
m2769 14 22 1114 
m1447 14 36 40 49 749 1814 1849 2014 2036 
m90 23 38 1923 3673 
m943 36 42 4636 
m1511 22 23 36 40 41 46 49 1123 1136 1140 1149 1173 1186 1190 1199 1840 2022 2023 2036 2040 2041 2049 2072 2073 2086 2090 2099 2322 2323 2340 2341 2473 2486 3673 3686 4323 
m188 22 36 41 1122 1136 1141 1822 2072 4586 
m3193 14 36 40 45 736 740 745 1840 2036 2286 2290 4336 
m3369 31 36 1581 1586 1836 4086 
m2099 13 22 45 46 672 2263 2295 2296 2313 2322 2346 4813 
m2896 46 4846 
m442 46 2346 
m558 12 32 46 632 2332 4812 
m1697 12 22 36 622 1112 1122 1136 1822 4312 
m3308 27 45 46 2277 2296 2327 2346 
m757 22 30 36 40 41 49 1130 1136 1141 1536 1540 1541 1830 1836 1840 1841 2036 2072 2080 2086 2090 2091 2472 2480 2486 2491 
m1023 32 46 1632 1646 2332 
m2169 18 
m848 32 45 1645 
m2189 13 22 36 38 40 1113 1122 1136 1138 1140 1813 1840 1913 1936 1940 2013 
m768 23 30 38 45 46 1180 1923 1930 1946 2273 2280 2288 2296 2323 2330 2338 2346 4823 
m3103 22 32 36 1622 1822 4136 
m168 14 22 32 36 39 40 41 49 722 1614 1622 1639 1641 1814 1822 1832 1836 1839 1841 1849 1972 2014 2036 2041 2049 2064 2072 2082 2089 2091 2482 2486 2489 2491 4464 4586 
m1674 22 37 40 46 1137 1140 1146 1890 2022 2037 2040 2046 2337 2340 2346 4837 
m3233 8 36 46 49 1808 1846 2308 2336 2458 2486 2496 4336 
m371 22 37 40 46 1137 1140 1146 1890 2022 2037 2040 2046 2322 2337 2340 2346 4396 
m2544 22 30 36 40 46 1136 1140 1522 1536 1540 1840 2036 2040 2322 2330 2336 2340 2346 4836 
m899 22 38 45 46 1122 1146 1922 1938 1945 1946 2272 2288 2295 2296 2346 
m33 22 30 40 46 1130 2022 2030 2040 2046 2322 2330 2346 
m2549 22 30 36 40 41 46 1122 1130 1136 1140 1141 1146 1536 1540 1546 1840 1846 2022 2030 2036 2040 2046 2072 2090 2340 4346 4846 
m2628 5 22 1105 1122 
m2609 36 40 45 46 1836 1840 2036 2040 2046 2286 2290 2296 2340 4346 
m1451 22 30 36 1136 1536 
m1441 22 45 46 1145 1146 2296 
m3429 22 36 40 1122 1136 1140 2022 2036 2040 
m359 12 49 649 2462 2499 
m232 3 23 30 41 46 180 1180 2053 2073 2080 2096 2303 2330 2673 4823 
m879 14 27 38 727 1364 1377 1388 1914 1927 
m2156 
m860 22 33 46 1122 1133 1146 1696 2333 2346 4196 
m1487 22 24 1124 
m464 13 33 45 2263 2283 3183 
m2453 22 38 44 46 1146 1922 1944 1946 2344 2346 4846 
m206 3 38 45 195 1903 1938 1945 
m2170 5 32 36 1605 1636 1805 
m2505 26 32 33 46 1332 1333 1346 1682 2332 4833 
m2576 9 36 46 459 486 496 1809 2309 2336 2346 4836 
m816 
m2227 14 46 49 2314 2346 2464 2496 4814 
m774 34 38 46 1734 1934 2334 2338 2346 
m572 13 36 38 46 49 699 1849 1913 1936 1946 1949 2313 2349 3186 4836 
m3227 15 45 795 
m863 14 22 41 46 741 1114 1141 2314 2322 2341 2346 4814 
m496 32 36 46 49 1849 2332 2336 2346 2349 2482 4332 
m614 22 30 40 46 1122 1130 1146 2022 2030 2046 2330 
m1007 23 30 46 1180 1523 1530 1546 2330 2346 4823 
m2850 45 2295 
m2536 22 36 46 1822 2322 2336 2346 
m2860 14 49 2464 
m104 5 14 46 705 2305 2314 
m2028 12 23 30 36 41 46 49 630 1180 1812 1830 1846 2062 2073 2080 2086 2096 2323 2330 2462 2473 2480 2486 2491 2496 3123 4323 4812 
m1773 13 22 33 36 40 686 690 1113 1133 1136 1140 1686 1690 1840 3183 
m1704 41 2091 
m2252 26 40 45 46 1340 1346 2026 2040 2045 2046 2276 2290 2296 2340 
m1565 36 45 46 49 1846 1849 2286 2296 2299 2349 
m3451 45 49 2295 2299 
m1374 26 46 1326 1346 2346 
m1927 44 46 49 2344 2349 2494 
m295 23 36 45 1186 2273 2286 2295 3673 3686 
m2770 14 22 1114 
m2711 22 23 36 40 41 1123 1136 1140 1173 1186 1190 1191 1823 1836 1840 1841 2023 2036 2040 2041 2073 2086 3673 3686 4323 4586 
m1862 37 41 46 2087 2096 4837 
m773 36 1836 
m999 36 
m3024 27 36 40 46 1827 1840 2027 2036 2040 2327 2340 4836 
m2647 5 36 44 46 49 286 296 299 1849 2205 2236 2246 2249 2346 2349 2455 2486 2494 2496 4836 
m1985 13 22 1113 1122 
m72 36 48 1836 1848 2436 2448 
m2777 14 27 38 727 1914 1927 
m1979 22 35 46 1135 1146 2322 2335 2346 
m2320 38 
m2779 36 45 46 1845 2336 2345 2346 4836 
m508 14 20 22 720 1114 1120 
m1054 22 23 30 36 40 41 1122 1123 1130 1136 1140 1141 1172 1173 1186 1190 1191 1522 1523 1536 1541 1840 1841 2023 2036 2041 2072 2073 2086 2090 2091 3673 3686 4323 4336 4586 
m45 36 46 2336 2346 4836 
m1259 
m2389 21 1071 
m1327 
m314 36 38 46 49 1849 1936 1946 2336 2346 2349 4836 
m2854 33 45 1695 2283 2295 
m1089 36 1836 
m3017 5 36 45 46 286 295 1845 2305 2336 2345 4336 
m2637 32 46 1632 1646 2332 2346 
m225 22 38 44 46 1146 1922 1944 1946 2344 2346 4846 
m799 11 13 33 39 563 583 589 689 1983 3183 
m365 22 37 39 1137 1139 1987 
m552 22 30 36 40 1136 1140 1522 1536 1540 1822 1830 1836 1840 2022 2030 2036 2040 4336 
m244 45 
m1405 5 13 22 255 263 272 1105 1113 1122 
m2094 
m3006 22 36 40 46 1122 1136 1146 1822 2022 2036 2322 2336 2340 2346 4836 
m2103 22 32 45 46 1146 2272 2282 2295 2296 2332 2346 
m3375 37 
m338 13 22 33 36 40 1113 1122 1133 1136 1140 1813 1833 1840 2013 2033 4163 
m3496 20 37 46 1870 2320 2337 
m1621 22 23 27 36 40 1122 1123 1127 1136 1140 1190 1372 1373 1386 1390 1823 1840 2023 2040 
m1746 38 46 1946 
m993 37 41 46 2087 2096 4837 
m2806 40 45 46 2046 2290 2296 
m1248 14 22 49 749 1114 1149 2464 2472 2499 
m658 22 36 37 40 46 1137 1146 1822 1837 1846 1872 2022 2036 2046 2322 2337 2346 4346 4837 
m2478 36 38 46 1936 1938 1946 2336 2346 
m549 26 45 46 1345 1346 2345 
m1029 5 13 33 45 263 283 2255 2263 2283 3183 
m2954 22 44 46 1144 1146 2344 2346 4846 
m3317 9 14 36 49 709 1809 1814 1836 1849 2459 2464 2486 2499 
m3029 13 22 32 46 682 1113 1122 1132 1146 2313 2322 2332 
m1465 13 33 36 40 46 690 1813 1833 1840 2033 2313 2333 3183 4836 
m3382 26 36 46 49 1326 1336 1346 1349 1826 1846 1849 2326 2476 2496 
m2956 28 37 38 39 46 1878 1928 1937 1938 1939 1946 1978 1987 2328 4396 4496 
m2796 8 37 46 437 446 4837 
m1624 22 23 36 40 41 46 49 1123 1136 1140 1173 1186 1190 1199 1840 2022 2023 2036 2040 2041 2049 2072 2073 2086 2090 2091 2099 2322 2323 2340 2341 2473 2486 3673 3686 4323 
m862 32 49 1649 
m1507 22 37 45 46 49 1137 1146 2272 2287 2296 2299 2472 2487 2496 4837 
m1683 22 40 45 46 1140 1146 2272 2290 2296 2340 
m1453 34 1734 
m2710 30 36 40 46 1536 1540 1546 2036 2340 4836 
m2150 38 45 46 1945 1946 2296 
m2823 40 45 46 2040 2045 2046 2345 
m39 12 23 36 41 46 636 1823 2062 2073 2096 2336 3123 4586 4812 4823 
m2180 22 23 36 41 1123 1136 1141 1191 3686 4341 
m284 14 34 46 734 746 2334 
m1537 5 14 22 33 36 40 264 272 283 286 290 722 736 740 1122 1136 1140 1672 1686 1690 1822 2022 2036 3233 
m389 11 13 22 38 563 572 588 688 1113 1138 
m2787 30 36 46 49 1830 2330 2336 2480 2486 2496 
m894 22 46 1146 
m840 22 23 36 41 46 49 1123 1136 1146 1149 1191 1836 1841 2323 2336 2341 2473 2486 2491 2496 4323 4336 4836 
m691 5 13 22 45 46 655 1113 1145 1146 2255 2263 2296 2305 2313 
m1459 49 
m1155 16 32 40 44 46 832 844 1644 2016 2032 2044 2046 2316 2332 2344 
m2723 
m1957 5 45 46 2255 2305 2345 
m3242 46 
m13 13 22 32 33 36 40 46 690 696 1113 1122 1132 1133 1136 1140 1146 1613 1633 1636 1640 1646 1690 1813 1833 1840 1846 2013 2033 2046 2333 2340 3183 
m2413 22 26 44 46 1146 1346 2344 2346 4846 
m3284 36 40 1836 1840 2036 2040 4336 
m545 36 40 49 1836 1840 1849 2036 2040 2049 2486 2490 2499 
m482 5 11 15 33 38 46 555 565 583 588 596 755 1655 1696 1915 1933 1946 2305 2315 4165 
m1415 13 22 33 36 49 1113 1133 1136 1149 1813 1833 1849 2463 2483 2486 2499 4163 
m301 36 40 45 1845 2036 2045 2286 2290 2295 
m3171 41 
m2054 23 30 38 45 46 1180 1923 1930 1946 2273 2280 2288 2296 2330 2346 4823 
m1303 13 33 3183 
m1898 18 45 945 2295 
m1682 45 46 2296 2345 2346 
m1114 37 45 46 1895 2345 4837 
m3471 37 45 1895 
m2391 22 23 36 40 1122 1123 1136 1140 1173 1186 1190 1822 1823 1836 1840 2022 2023 2036 2040 3673 3686 
m101 5 45 2255 
m2396 44 46 2344 2346 
m694 22 23 30 1122 1123 1130 1172 1173 1180 1522 1523 3673 
m3021 
m3170 13 33 46 2313 2333 4163 
m3094 13 22 33 36 40 672 1113 1122 1133 1136 1140 1672 1813 1822 1833 1840 2013 2022 2033 4163 
m3323 
m1105 36 
m2438 14 22 46 722 746 2322 2346 
m2813 
m2245 13 22 1113 
m2193 22 36 46 49 1822 2322 2336 2346 2349 2486 2496 
m3453 30 40 45 46 2045 2046 2280 2296 2330 2345 4846 
m2109 36 49 1849 
m1546 5 45 295 2255 2295 
m1332 22 45 1122 1145 2272 2295 
m1563 13 38 46 1913 1946 4813 
m1846 23 30 45 46 1195 1523 1545 1546 2295 2345 4823 
m1778 23 30 36 40 46 49 1180 1830 1836 2023 2030 2036 2046 2049 2323 2330 2336 2473 2480 2486 2496 4323 4836 
m597 22 36 40 41 1136 1141 1836 1840 2036 2086 2090 4586 
m1921 22 45 2272 
m2822 45 46 2345 2346 
m393 22 23 30 1123 1130 1172 1173 1180 1523 3673 
m623 17 33 38 45 895 1695 1917 1933 1938 1945 3383 
m1639 23 30 36 46 1173 1180 1186 1196 1523 1530 1536 1546 1823 1830 1836 1846 2323 2330 2336 2346 3696 4823 4836 
m782 18 46 2318 
m2273 22 30 36 40 41 46 1122 1130 1136 1140 1141 1146 1536 1540 1541 1830 1836 1840 1841 2030 2036 2040 2041 2086 2090 2322 2330 2336 2340 2341 
m586 22 36 40 41 1136 1141 1836 1840 2036 2086 2090 4586 
m1964 22 26 38 46 1122 1146 1322 1338 1346 1922 1938 1946 2322 
m2984 5 22 46 1105 1146 2305 
m1700 5 36 45 286 295 1845 4336 
m421 
m743 32 36 45 46 1832 2282 2286 2296 2332 2336 2346 4836 
m1143 26 44 46 1346 2226 2246 2326 2344 2346 
m2488 22 44 46 1146 2222 2246 2322 2344 2346 4846 
m2457 22 44 46 1144 1146 2246 2322 2344 2346 4846 
m687 23 30 46 1196 1523 1530 1546 2323 2330 2346 3696 4823 
m1008 23 36 40 1823 1836 1840 2023 2036 2040 3686 
m253 23 45 46 1195 1196 2296 3673 
m2070 32 46 48 2332 2348 2432 
m2644 37 38 41 46 1937 1938 1941 1946 2087 2096 4837 
m128 5 37 45 46 1855 2255 2287 2296 2305 4837 
m1603 22 
m3294 13 22 38 1113 1138 1913 
m27 26 46 1346 
m2460 37 38 46 1888 2338 2346 4396 4837 
m425 36 45 46 1845 2336 2345 
m417 9 14 709 
m1844 13 22 36 40 672 686 690 1113 1122 1136 1140 1822 2022 2036 
m644 13 22 46 1113 1122 1146 2313 2322 2346 
m3074 22 36 46 49 1822 1846 1849 2322 2346 2472 2496 
m1588 22 36 40 41 46 49 1136 1140 1141 1836 1849 2036 2049 2086 2090 2099 2322 2336 2340 2341 2349 4336 
m809 22 30 36 40 41 46 1136 1141 1146 1541 1822 1830 1841 2022 2046 2086 2096 2336 
m3061 26 36 41 46 1826 2076 2096 2326 4346 4586 
m2203 18 46 2318 
m2289 29 46 2329 2346 
m1797 13 14 33 38 40 46 49 664 690 696 699 749 1664 1690 1696 1913 1933 2014 2046 2049 2314 2349 2464 2496 4163 
m3153 22 40 46 1122 1140 2322 2340 
m403 15 38 46 1915 2315 2338 
m2249 22 47 2372 2397 
m1673 14 33 37 46 737 746 2333 3233 4383 4837 
m2182 5 13 22 26 33 46 263 283 672 1305 1313 1333 1346 1672 2305 2313 2322 2333 4163 
m411 10 22 44 46 546 1110 1144 1146 2210 2246 2310 2344 2346 4846 
m1183 22 23 41 1122 1123 1141 1173 2072 2073 3673 
m3501 23 30 1523 
m3452 22 44 45 46 1146 2272 2294 2296 2344 2346 4846 
m1587 22 36 40 41 46 49 1136 1140 1141 1149 1836 1849 2036 2049 2086 2090 2099 2322 2336 2340 2341 2349 4336 
m2403 45 46 2345 
m350 22 23 30 38 1123 1130 1172 1173 1188 1522 1523 1530 1538 3673 
m85 15 22 46 772 2315 2322 
m1720 17 46 2317 2346 4817 
m1386 8 37 46 408 437 446 1858 2308 4396 
m2398 26 37 46 49 1337 1346 1349 1899 2337 2349 2487 2499 4387 
m1040 45 49 2295 2299 
m2747 36 38 49 1849 1936 1949 2486 2488 2499 
m2950 22 44 46 1146 2322 2344 2346 4846 
m2509 14 30 46 730 746 2330 
m136 
m1688 30 46 2330 
m592 37 45 1895 
m915 7 45 46 2257 2295 2296 2307 2346 
m562 12 13 22 36 40 622 636 640 672 686 690 1112 1113 1122 1136 1140 1822 2022 2036 3162 
m801 36 46 48 2436 2446 4836 
m1270 30 46 2330 
m1557 22 23 30 36 40 41 46 1122 1123 1130 1136 1140 1141 1146 1191 1523 1536 1541 1546 1841 1846 2023 2030 2036 2040 2041 2046 2072 2073 2091 2341 3696 4323 
m2902 48 2448 
m2059 20 22 36 40 1120 1122 1136 1140 1820 1840 2020 
m3129 8 41 46 49 408 446 449 2058 2096 2308 2341 2346 2349 2458 2496 
m3500 23 30 36 39 40 41 1173 1186 1189 1190 1191 1523 1536 1539 1541 1823 1973 1986 1990 1991 2023 2036 2073 2086 2089 2090 2091 3686 4336 4586 
m595 36 46 1836 1846 4836 
m249 22 40 44 46 1140 1144 1146 2022 2040 2044 2046 2222 2240 2246 2322 2340 2344 2346 4846 
m106 13 33 45 1695 2263 4163 
m2228 13 22 32 45 682 1113 1132 1145 2263 2282 
m3401 14 36 46 49 714 736 746 1814 1836 1846 1849 2314 2336 2346 2349 2464 2486 2496 3246 4814 
m3099 14 23 30 46 1196 1514 1523 1546 2314 2323 2330 2346 3664 4814 4823 
m3455 22 44 46 1146 2222 2244 2246 2344 2346 4846 
m515 23 38 45 1195 1923 1945 3673 
m2145 46 2346 4846 
m1826 5 13 22 33 36 40 46 263 272 283 286 290 672 686 690 1113 1122 1133 1136 1140 1672 1686 1690 1822 2022 2036 2305 2313 2322 2333 2336 2340 3183 
m2393 12 23 30 36 41 46 49 630 1180 1812 1830 1846 2062 2073 2080 2086 2096 2323 2330 2462 2473 2480 2486 2491 2496 3123 4323 4812 
m1254 45 46 2345 
m1822 44 46 49 2344 2349 2494 
m3016 45 2295 
m2177 22 23 30 36 40 46 1122 1123 1130 1136 1140 1146 1172 1173 1522 1523 1530 1540 1546 1822 1823 1830 1840 1846 2022 2023 2030 2036 2040 2046 2322 2323 2330 2340 2346 3696 4823 
m513 45 2295 
m1402 8 
m1113 22 30 41 46 1130 1146 1522 1546 2072 2080 2096 2322 
m116 22 37 40 46 1137 1140 1146 1890 2022 2037 2040 2046 2337 2340 2346 4837 
m3361 30 36 46 1830 2330 2336 2346 4336 
m3087 23 30 46 1180 2330 2346 4823 
m3238 22 23 36 40 1122 1123 1136 1140 1173 1822 1823 1840 2022 2023 2040 3673 
m2308 26 46 1346 2346 
m559 22 46 1122 1146 2322 2346 
m2486 23 30 46 1173 1180 1196 1523 1530 1546 2323 2330 2346 3696 4823 4846 
m2842 23 30 36 1180 1530 1823 1830 
m2746 36 
m1812 13 22 33 36 40 46 1113 1122 1133 1136 1140 1146 1813 1833 1840 1846 2013 2022 2033 2036 2040 2046 2313 2333 4163 
m509 36 49 1836 1849 2486 2499 
m1403 14 45 745 
m238 5 14 32 705 1605 1614 
m631 32 46 2332 
m2963 14 22 23 30 36 40 41 741 1123 1130 1136 1140 1141 1191 1523 1536 1540 1541 1823 1841 2023 2036 2041 2072 2073 2080 2086 2090 2091 3673 4323 
m1604 36 38 46 1936 1946 2336 2338 2346 4836 
m14 18 46 2318 2346 
m2185 46 
m519 17 36 46 49 1817 1846 1849 2349 2467 4817 
m1614 33 45 48 1695 1698 2298 
m2729 22 23 30 46 1122 1123 1130 1146 1180 1523 1530 1546 2330 2346 4823 
m1726 38 46 1946 
m2741 3 30 153 180 1503 1530 
m2945 22 30 39 1130 1139 1980 
m1660 5 37 46 255 1855 1887 1896 2305 2337 2346 4837 
m3250 22 36 40 46 1122 1136 1140 1146 1840 2040 2336 2340 
m475 33 46 2333 2346 4833 
m2248 22 36 41 49 1136 1141 1822 1841 1849 2072 2086 2091 2099 2472 2486 2491 4336 
m2988 28 36 38 46 1928 1936 1946 2328 2336 2346 4328 4836 
m2897 36 40 46 1840 2336 2340 
m729 13 20 22 33 36 37 40 672 686 690 1013 1020 1022 1033 1036 1040 1120 1122 1136 1140 1672 1686 1690 1813 1820 1822 1836 1840 1870 1872 1886 1890 2013 2020 2022 2036 3183 
m2314 12 46 612 2312 2346 4812 
m2849 36 42 46 49 2146 2336 2486 2492 2496 4636 
m926 17 46 2317 2346 4817 
m1012 14 40 45 46 2014 2040 2046 2264 2290 2296 2314 2346 3214 4814 
m2035 40 46 2040 2046 2340 
m1086 22 30 36 41 1122 1130 1136 1530 1536 1541 1830 2080 4586 
m465 37 46 2337 
m1615 13 22 30 47 680 697 1113 1122 1130 1147 2380 
m2118 40 44 46 49 2044 2046 2049 2344 2349 2494 
m1284 22 37 40 46 1137 1146 2022 2037 2046 2337 2346 4837 
m1131 37 38 46 1896 1937 1946 
m2233 22 30 45 1122 1130 1145 1545 
m1553 6 42 4606 
m750 8 
m3343 22 23 36 41 1122 1123 1136 1141 1173 1186 1823 2073 3673 3686 4323 4586 
m2631 22 44 46 1146 2344 2346 4846 
m1294 13 22 36 40 672 686 690 1113 1122 1136 1140 1822 2022 2036 
m2926 22 35 46 1135 1146 1796 
m960 45 
m368 11 13 45 563 595 695 
m480 12 30 38 40 46 630 1912 1930 1946 2012 2030 2038 2040 2046 2312 2330 2346 4812 
m1078 22 23 30 1123 1173 1522 1523 3673 
m2829 16 23 40 46 840 846 1190 2016 2023 2040 2046 2340 3323 3696 
m2371 13 22 38 672 1113 1138 1913 1922 
m579 37 38 40 46 1890 1937 1938 1946 2340 4837 
m207 45 
m615 41 
m190 37 46 4396 
m1070 46 2346 
m2447 14 38 40 45 46 740 745 1914 1938 1940 1945 1946 2290 2340 2345 3246 
m2542 30 39 1980 
m3258 45 46 2295 2345 
m655 14 23 30 40 46 730 1180 2014 2023 2030 2040 2046 2314 2323 2330 2346 3223 4814 4823 
m2079 12 22 23 36 40 41 46 49 636 640 641 646 649 1123 1136 1141 1146 1149 1812 1836 1840 1841 1846 1849 2036 2041 2046 2073 2086 2090 2091 2096 2099 2322 2323 2336 2340 2341 2349 2462 2472 2473 2486 2491 2496 2499 4323 4336 4812 4836 
m2679 46 
m1878 22 23 30 41 1122 1123 1130 1172 1173 1180 1191 1522 1523 1541 2072 2073 2080 3673 
m1162 47 
m19 23 30 36 40 1173 1180 1190 1523 1530 1536 1540 1823 1830 1836 1840 2023 2030 2036 2040 3686 4323 4336 
m795 13 37 38 46 1913 1937 1946 2313 2337 4363 
m3309 14 40 46 740 746 2014 2040 2046 2314 2340 2346 3214 3246 4814 
m247 22 44 46 1144 1146 2222 2246 2322 2344 2346 4846 
m3487 13 33 4163 
m2875 16 23 36 46 1186 1816 2316 2323 2336 3666 
m313 40 45 46 2046 2290 2296 2346 
m1380 36 46 2336 
m3460 22 45 46 1145 2322 2345 
m1099 26 46 1346 2346 
m1103 22 46 2322 
m1053 22 38 46 1138 1146 1946 
m538 12 17 46 612 2312 2317 2346 3117 4812 
m1756 13 38 46 688 1913 1946 2338 4813 
m264 22 30 46 1130 1146 2330 
m1816 22 23 30 41 46 1122 1141 1146 1191 1523 1530 1541 1546 2073 2080 2091 2096 2322 2323 2330 2341 2346 
m2192 22 36 40 1122 1136 1140 1822 2022 2036 
m645 23 28 38 1178 1188 1928 1938 
m2868 20 22 23 30 38 1022 1023 1030 1038 1122 1123 1130 1172 1173 1180 1188 1520 1523 1538 1922 1923 1930 3673 
m746 8 22 36 46 1122 1136 1146 2308 2336 2346 4308 4836 
m1963 32 36 37 1632 1637 1882 1886 1887 4136 4332 
m3272 12 26 34 45 46 634 645 1312 1334 1345 1346 1734 2284 2334 2345 4812 
m2071 32 36 41 46 1641 1646 2332 2336 2341 2346 4136 4586 
m3283 5 22 36 40 41 272 286 290 291 1105 1122 1136 1140 1141 1840 1841 2041 
m286 14 34 46 734 746 2334 
m1342 22 23 30 36 40 46 48 1122 1123 1130 1136 1140 1146 1148 1172 1173 1522 1523 1530 1540 1546 1822 1823 1830 1840 1846 2022 2023 2030 2036 2040 2046 2322 2323 2330 2340 2346 2430 2436 2440 2446 3696 4823 
m2087 22 23 31 46 49 1123 1146 1196 1572 1573 1596 2323 2346 2473 2481 2496 4846 
m2504 9 14 22 44 46 709 744 746 1109 1114 1122 1144 1146 2209 2246 2309 2322 2344 2346 4814 
m349 36 46 1846 2336 2346 4836 
m2255 46 4846 
m1157 14 22 36 40 722 736 740 1114 1122 1136 1140 1822 2022 2036 
m1877 23 45 1195 2295 
m1865 22 1122 
m3306 22 33 46 1672 1696 2322 
m3169 13 36 40 45 686 1813 1840 1845 2013 2036 2045 2263 2286 4336 
m1597 26 37 46 1337 1346 1896 2346 
m2260 22 28 1422 
m2268 45 46 2296 2346 
m1715 22 36 40 46 1122 1136 1140 1146 1840 2036 2040 2336 2340 
m2090 
m2370 22 36 40 1136 1140 1840 2036 2040 
m1122 22 46 1146 
m986 13 25 38 46 1263 1296 1913 1925 1946 2313 
m2765 23 
m1707 36 45 46 1845 2345 4836 
m2701 22 45 46 1122 1145 1146 2345 
m1047 22 44 46 1144 1146 2246 2322 2344 2346 4846 
m108 14 22 46 722 746 2322 
m3232 22 23 36 41 45 1122 1123 1136 1141 1145 1173 1186 1195 1845 2073 2095 3673 3686 4323 4586 
m1055 32 36 4332 
m2742 14 22 36 49 749 1114 1136 1149 1814 1849 
m1290 18 918 
m3439 23 36 40 46 49 1836 1840 1846 1849 2023 2036 2040 2046 2049 2323 2336 2473 2486 2490 2496 3686 4323 4336 4836 
m3267 12 36 40 46 49 636 640 649 1836 1849 2036 2049 2336 2340 2349 2499 4812 
m3417 36 37 39 40 41 46 49 1837 1839 1840 1841 1846 1849 1889 2037 2039 2046 2087 2089 2090 2096 2487 2490 2491 4396 4839 
m3366 5 26 38 46 1305 1346 1926 1946 2305 2346 
m2073 22 44 46 1146 2344 2346 4846 
m2187 45 46 2296 
m856 5 14 36 264 286 4314 
m3117 26 40 46 1346 2026 2046 2346 
m1810 46 2346 
m2887 41 
m2373 22 23 30 36 40 46 49 1122 1123 1130 1136 1140 1146 1172 1173 1180 1186 1190 1196 1523 1530 1536 1540 1546 1822 1823 1830 1840 1846 2022 2023 2030 2036 2040 2046 2330 2346 2472 2473 2486 2490 3696 4336 4346 4823 
m479 22 36 45 46 1136 1146 1845 1846 2336 2345 2346 4836 4846 
m1790 13 22 44 46 694 1113 1146 2313 2344 
m3432 45 46 2296 2345 4846 
m31 
m407 22 38 45 46 1145 1922 1945 1946 2322 2345 
m3488 26 46 2326 2346 
m2102 23 36 40 1190 1840 3686 4336 
m1424 14 32 36 46 732 736 746 1832 2332 2336 2346 3246 4836 
m2927 22 23 30 38 1122 1123 1130 1138 1172 1173 1188 1522 1523 1530 1538 3673 
m2661 23 30 45 1180 1195 1523 1530 1545 2273 2280 2295 3673 
m761 13 32 38 46 682 1913 1932 1946 2313 2332 
m1494 10 32 46 1610 1646 2310 
m737 5 32 36 46 49 282 286 296 299 1649 1832 1849 2332 2336 2349 2486 4136 4336 
m107 22 23 30 36 40 41 1123 1173 1180 1186 1190 1191 1830 2023 2030 2036 2040 2041 2073 2080 2086 2090 3673 4323 
m2664 30 36 38 1530 1536 1538 1830 1836 1838 1930 1936 1938 4036 4330 
m3189 5 45 46 2255 2296 2305 2345 4846 
m2694 22 23 36 41 46 49 1141 1172 1191 1822 1823 1841 1846 2322 2323 2341 2472 2473 2486 2491 2496 
m2095 12 23 30 36 41 612 630 636 641 1191 1523 1541 1812 1823 1830 1836 1841 2062 2073 2086 3123 
m1724 36 40 45 1845 2036 2045 
m494 32 37 46 1632 1637 1646 2332 2337 2346 4837 
m2452 45 46 2296 
m2553 14 46 714 746 2346 3246 
m2733 14 22 44 46 1114 1144 1146 2214 2246 2314 2322 2344 2346 3246 4846 
m1520 14 22 32 46 1114 1132 1146 1614 2314 2332 
m1083 22 44 46 1146 2246 2344 2346 4846 
m278 29 34 36 1484 1734 1829 1834 1836 
m2686 46 
m2942 38 45 46 1945 2288 2295 2296 2338 2345 
m3002 14 22 1114 1122 
m481 26 33 47 1333 1347 1697 
m885 23 32 36 40 46 48 1182 1186 1190 1196 1198 1632 1636 1646 1648 1846 1848 2032 2036 2046 2048 2446 
m980 45 46 2296 2346 
m722 22 36 37 40 46 1122 1136 1137 1140 1146 1886 1890 2036 2037 2040 2046 2322 2336 2337 2340 2346 4396 
m1672 38 45 1938 1945 2288 2295 
m1997 37 46 4837 
m1900 36 38 40 45 1845 1936 1938 1940 1945 2036 2045 2286 2295 4336 
m498 17 40 46 890 2340 2346 3396 4817 
m1524 38 46 1946 
m2338 45 
m2042 13 22 33 36 40 690 1113 1122 1133 1136 1140 1690 1813 1833 1840 2013 2033 2040 4163 
m1056 45 2295 
m1187 13 46 696 
m1291 41 2091 
m1642 5 13 33 45 655 1655 1695 2255 2263 4163 
m217 32 45 1645 
m3200 15 22 46 772 2322 4815 
m1647 14 46 746 2346 3246 
m2431 22 26 44 46 1146 1322 1344 1346 2344 2346 4846 
m1337 22 44 46 1146 2344 2346 4846 
m2565 22 23 30 1122 1123 1130 1172 1173 1180 1522 1523 1530 3673 
m176 38 45 2288 
m893 13 22 33 672 1672 3183 
m1293 4 42 45 2254 2292 2742 
m2633 23 46 2346 3696 4823 
m3204 20 23 1020 1023 1170 
m2826 13 22 36 38 40 45 1113 1136 1138 1140 1145 1813 1840 1913 1936 1940 2013 2263 2286 2288 2290 
m2051 46 
m336 37 
m1034 12 13 33 46 662 696 2333 3133 3183 4812 
m441 46 50 2546 
m1300 5 46 2305 
m1353 36 46 49 1849 2336 2349 4336 
m3479 22 45 46 1145 1146 2345 4846 
m660 33 37 46 1883 1896 4833 
m1913 38 45 1938 1945 2288 2295 
m1368 22 36 40 46 1122 1136 1140 1146 1840 2040 2336 2340 
m1881 5 32 45 1605 1645 2255 
m245 22 40 44 46 1140 1144 1146 2040 2046 2222 2240 2246 2322 2340 2344 2346 4846 
m2990 26 46 1346 2346 
m3028 32 37 1882 
m364 26 37 38 46 1876 1926 1937 1946 2326 4396 
m3344 37 41 46 2087 2096 4837 
m2980 22 44 46 1144 1146 2222 2246 2322 2344 2346 4846 
m988 21 
m1722 26 46 1346 2346 
m918 22 23 30 38 41 1122 1123 1130 1172 1173 1180 1188 1523 1538 1541 1922 1923 1930 1938 2072 2073 2080 2088 3673 
m2665 22 23 1122 1123 1172 1173 3673 
m2923 30 44 45 1545 2230 2245 
m1627 22 23 38 46 49 1122 1123 1138 1146 1199 1923 1938 1946 1949 2323 2346 2349 
m708 32 36 46 2332 2336 2346 4332 4836 
m1118 36 
m1909 36 41 44 1841 2086 2091 2094 2236 2241 2244 
m503 3 45 195 2295 
m3257 36 45 1845 2286 2295 
m2616 5 32 1605 
m709 11 
m1167 3 30 45 46 180 195 2280 2296 2330 2345 2346 2696 4803 
m2517 22 44 46 1146 2322 2344 2346 4846 
m953 12 36 40 45 46 640 645 1845 2036 2045 2336 2340 2345 3136 4812 
m487 13 36 38 46 49 663 686 688 696 699 1813 1836 1838 1846 1849 1913 1936 1946 1949 2336 2338 2346 2349 2463 2486 2496 3196 4813 
m3332 14 38 738 
m56 37 46 1896 2337 2346 4837 
m1568 5 45 46 2255 2296 2305 
m3158 
m2979 32 36 44 46 1644 2236 2332 2336 2344 2346 4136 
m2608 5 36 38 46 286 296 1905 1936 1946 4836 
m3377 22 23 30 36 49 1123 1130 1136 1149 1522 1523 1530 1822 1823 1830 1836 1849 2472 2473 2480 2486 2499 
m2201 37 39 40 46 1890 1987 1990 2340 4396 4496 
m792 22 23 30 36 40 41 1122 1123 1130 1136 1140 1141 1172 1173 1180 1186 1190 1191 1523 1530 1536 1540 1541 1823 1836 1840 1841 2022 2023 2030 2036 2041 2072 2073 2080 2086 2090 2091 3673 3686 4323 4336 4586 
m1744 22 36 37 46 49 1136 1137 1146 1149 1846 1849 1886 1899 2349 4396 
m1419 22 23 30 38 41 1123 1130 1172 1173 1188 1522 1523 1530 1538 2072 2073 2080 3673 
m671 22 23 36 40 46 49 1172 1822 1836 1849 2022 2023 2036 2046 2049 2322 2323 2336 2349 2472 2473 2486 4323 4336 4836 
m3345 26 38 46 1926 1946 2326 
m2655 22 32 46 1122 1132 1146 1622 1632 1646 2322 2332 2346 
m473 10 46 2310 
m2948 22 44 46 1144 1146 2222 2246 2322 2344 2346 4846 
m3164 17 32 882 1617 1632 
m1442 14 
m1472 23 30 36 49 1180 1823 1830 1836 1849 2473 2480 2486 2499 
m2534 23 
m2312 18 45 945 
m2498 32 1632 
m847 26 46 1346 
m2535 22 23 30 38 41 1122 1123 1130 1138 1172 1173 1188 1522 1523 1530 1538 2072 2073 2080 3673 
m208 22 36 46 49 1149 1822 1836 1846 1849 2322 2349 2472 2486 2499 4836 
m3039 14 714 
m2428 22 44 46 1146 2344 2346 4846 
m8 11 13 22 45 563 572 595 695 1113 1145 
m1795 23 36 40 41 1186 1190 1191 1840 1841 2036 2040 2041 
m1477 7 22 46 1107 1122 1146 2307 2346 
m256 5 13 33 36 46 263 283 1805 1813 1833 2305 2313 2333 4163 4836 
m64 14 714 
m2034 13 22 33 36 40 48 672 686 690 1113 1122 1133 1136 1140 1672 1686 1690 1822 2022 2036 2413 2422 2433 2436 2440 3183 
m2346 
m1635 14 23 30 46 1514 1523 1546 2314 2323 2330 2346 3664 4814 4823 
m2819 40 46 2046 
m1042 14 40 46 49 2014 2046 2314 2346 2464 2490 2496 4814 
m1398 45 2295 
m2434 13 22 36 40 1113 1122 1136 1140 1813 1840 2013 
m3070 23 26 30 36 40 45 49 1173 1186 1190 1195 1323 1330 1336 1345 1349 1523 1526 1530 1536 1545 1549 1836 1840 1845 2036 2045 2473 2486 2495 3686 4323 4336 
m181 14 32 46 732 2314 2332 2346 4814 
m632 13 22 38 1113 1122 1138 1913 
m118 13 22 36 38 40 672 686 690 1113 1122 1136 1140 1822 1913 1922 1936 2022 2036 
m2096 14 22 36 46 49 722 736 749 1814 1822 1849 2322 2336 2349 2472 4336 4814 
m2191 23 30 38 46 1188 1523 1530 1538 1923 1930 1938 1946 2323 2330 2338 2346 
m771 14 23 30 46 1514 1523 1546 2314 2323 2330 2346 3664 4814 4823 
m2672 36 49 1849 2486 2499 
m1734 23 32 45 46 1182 2273 2282 2296 2323 2332 2346 4823 
m132 36 40 46 49 1846 1849 2036 2046 2349 
m1547 38 1938 
m2369 5 26 30 37 46 1330 1337 1346 1505 1855 1880 2305 2330 2337 2346 4837 4846 
m3206 36 38 46 48 1836 1838 1848 1936 1938 1948 2336 2338 2348 2436 2438 2448 4336 4836 
m810 33 45 46 1695 2345 4833 
m2374 22 44 46 1146 2322 2344 2346 4846 
m685 13 25 38 46 675 1925 1946 2313 2325 
m71 32 36 46 1632 1636 1646 1832 1836 1846 2332 2336 2346 4332 
m1634 14 23 30 46 1514 1523 1546 2314 2323 2330 2346 3664 4814 4823 
m1492 26 46 1346 2346 
m274 36 38 41 46 1936 1946 2336 2341 2346 4341 4836 4846 
m2387 22 23 30 1123 1172 1173 1180 1522 1523 1530 3673 
m2718 37 46 4837 
m2449 22 26 44 46 1146 1346 2344 2346 4846 
m2454 22 38 44 46 1146 1922 1944 1946 2344 2346 4846 
m3475 22 33 46 1122 1133 1146 1672 1683 1696 2322 2333 2346 4833 
m612 44 46 49 2246 2494 2496 
m1999 14 26 32 46 726 732 746 1314 1326 1332 1346 1626 1646 2326 
m724 22 44 46 1146 2246 2344 2346 4846 
m3216 14 22 36 40 722 736 740 1114 1122 1136 1140 1822 2022 2036 
m426 37 45 46 1895 2345 4837 
m1136 22 23 30 36 40 41 1122 1123 1130 1136 1140 1172 1180 1186 1522 1523 1536 1822 2023 2030 2036 2072 2073 2080 2086 2090 3673 4323 
m629 3 32 36 41 46 186 191 1603 1641 2303 2332 2336 2341 4136 4586 
m3462 46 
m2412 22 37 46 1122 1137 1146 1872 2322 2346 4387 4396 4837 
m1560 22 23 30 1122 1123 1130 1172 1173 1180 1522 1523 1530 3673 
m2947 11 13 33 563 583 661 1661 4163 
m584 12 22 23 36 40 41 46 49 640 1123 1136 1141 1149 1162 1186 1190 1196 1199 1812 1840 1846 1849 2062 2073 2086 2090 2096 2099 2340 2462 2486 2496 3146 3686 4312 4336 
m3001 22 23 30 36 41 1122 1123 1130 1136 1172 1173 1522 1523 1822 1823 1830 2072 2073 2080 3673 4586 
m357 17 22 41 46 872 891 1141 2322 2341 4817 
m51 29 
m2202 13 37 46 1896 2313 4363 
m578 23 30 40 45 46 1173 1180 1523 2023 2030 2046 2273 2280 2290 2296 2323 2330 3673 4823 
m2446 37 46 1896 
m1208 13 33 663 683 1663 1683 3183 4163 
m1391 5 45 295 
m826 14 32 732 1614 1632 
m2144 14 22 23 46 1114 1123 1146 1196 2314 3664 
m16 37 40 46 2037 2046 4837 
m2072 36 
m948 22 44 46 1146 2222 2244 2246 2344 2346 4846 
m1767 3 22 30 38 172 180 188 1522 1922 1930 1938 
m2620 14 45 745 
m1311 22 38 45 46 1138 1145 1146 1938 1945 1946 2345 
m1387 23 45 1195 2273 2295 
m589 22 23 30 36 38 41 1122 1123 1130 1136 1138 1172 1173 1522 1523 1822 1823 1830 1838 1922 1923 1930 2072 2073 2080 2088 3673 4586 
m2869 20 22 23 30 38 1022 1023 1030 1038 1123 1130 1172 1173 1180 1188 1520 1523 1538 1922 1923 1930 1938 3673 
m738 5 32 46 255 282 2305 2332 
m1561 32 46 2332 2346 
m2898 22 36 41 46 49 1141 1822 1841 1846 2322 2341 2486 2491 2496 
m937 37 
m373 13 36 40 49 2013 2036 2463 2486 2490 4313 
m1224 8 22 23 30 46 408 422 423 430 446 1122 1123 1130 1146 1180 1523 1530 1546 2330 4823 
m1211 36 40 46 2036 2046 2340 2346 4836 4846 
m2209 36 46 2336 2346 4346 4836 
m1235 22 23 30 39 41 1123 1130 1139 1141 1523 1973 1980 1991 2073 2080 3673 4473 
m38 12 23 36 41 46 636 1823 2062 2073 2096 2336 3123 4586 4812 4823 
m1748 6 42 46 346 2146 2842 
m2226 46 
m392 5 45 46 2255 2296 2305 
m3188 5 13 33 655 663 683 1655 1663 1683 4163 
m177 13 22 45 695 1113 1145 2263 2272 2295 
m1616 23 32 36 40 49 1182 1632 1823 1832 1849 2023 2032 2036 2049 2473 2482 
m2663 22 23 1122 1123 1172 1173 3673 
m2448 22 26 44 46 1146 1322 1344 1346 2344 2346 4846 
m324 11 45 595 
m1836 13 22 33 49 699 1113 1122 1149 1672 1699 4163 
m2337 36 48 1836 1848 2436 2448 4336 
m484 22 41 1141 
m307 22 37 38 45 46 1872 1922 1937 1945 1946 2272 2287 2296 2322 4837 
m3143 13 33 45 2263 2283 4163 
m678 22 41 1122 1141 2072 
m2321 11 13 33 45 563 583 595 695 1695 3183 
m910 36 46 49 1849 2336 2349 2486 2499 
m2465 11 13 22 33 36 40 661 1111 1113 1122 1133 1136 1140 1661 1811 1813 1833 1840 2011 2013 2033 4163 
m1886 22 23 32 1122 1123 1132 1182 1622 1623 1632 
m2612 22 46 1122 1146 
m383 22 23 32 46 1123 1132 1146 1182 1196 2332 
m1250 37 40 45 46 1890 2287 2290 2337 2340 2345 
m2674 
m917 22 23 36 1123 1136 3686 
m361 5 45 295 
m887 5 14 30 46 705 730 1505 2305 2314 2330 2346 4814 
m2501 18 45 2268 
m1179 36 38 49 1849 1936 1938 1949 
m1922 40 46 2046 2340 2346 4846 
m25 14 23 36 40 46 49 749 1814 1823 1846 1849 2014 2023 2036 2046 2314 2323 2336 2346 2349 2473 3223 4814 4823 
m2007 22 32 37 1622 1872 1882 
m2241 30 45 46 2280 2296 2330 2346 
m2761 22 36 37 40 46 1122 1136 1137 1140 1146 1822 1837 1840 1846 1872 2022 2037 2046 2322 2336 2340 2346 4396 4837 
m1106 23 30 46 1180 1523 1530 1546 2330 2346 4823 
m2962 10 45 46 2295 2296 2310 2346 
m923 37 46 1896 
m699 22 23 36 40 46 48 1123 1136 1140 1146 1148 1190 1840 2022 2023 2036 2046 2048 2336 2340 2346 2423 2436 2440 2446 3696 4323 4346 4823 
m345 30 46 2330 
m1629 13 22 33 1113 1672 4163 
m1072 36 
m3168 27 36 48 49 1386 1398 1399 1827 1848 1849 2486 2498 2499 4336 
m18 22 41 44 46 49 1146 1149 2072 2094 2096 2099 2344 2349 2494 
m1885 22 46 1146 
m2717 45 46 2345 
m2669 14 22 23 36 723 1114 1123 1136 1186 3236 
m24 37 45 46 1895 2337 2345 2346 4396 
m2476 14 36 40 46 1846 2014 2036 2040 2046 4314 4814 
m3194 14 36 40 45 736 740 745 1840 2036 2286 2290 4336 
m285 26 32 46 1626 1646 2326 
m2833 22 37 46 1137 1146 4837 
m3041 5 30 32 36 46 280 1605 1630 1646 1805 1830 1846 2305 2330 4332 
m3145 22 36 37 40 46 1122 1136 1137 1140 1146 1837 1840 1890 2036 2037 2040 2322 2336 2337 2340 2346 4837 
m1331 22 45 46 49 1146 1149 2272 2296 2299 2349 2472 2495 2496 
m2775 45 46 2295 2296 2346 
m1949 45 
m1893 28 36 1828 1836 
m1139 13 22 33 36 40 672 686 690 1113 1122 1133 1136 1140 1672 1686 1690 2036 3183 
m2397 22 23 30 38 41 1122 1123 1130 1138 1172 1173 1188 1522 1523 1530 1538 2072 2073 2080 3673 
m1848 22 45 46 1146 2272 2296 4846 
m1750 23 36 40 41 45 1186 1190 1823 1836 1840 2023 2036 2040 2073 2086 2090 2291 
m2 10 30 46 530 2310 2330 
m2269 22 26 46 1146 1322 1346 
m854 45 49 2295 2299 
m3195 7 45 2257 
m1152 22 37 46 1137 2322 4837 
m3120 22 46 1122 1146 
m2167 12 36 45 46 636 645 1845 2312 2336 2345 2346 4812 4836 
m1302 13 20 22 32 36 40 670 686 690 1113 1120 1136 1140 1613 1620 1622 1636 1640 1820 2020 2036 2040 3186 4336 
m1825 23 45 1195 2273 2295 
m1296 5 23 27 41 273 291 1355 1373 1391 2073 3673 
m372 18 37 46 1868 2318 4837 
m872 22 37 46 1122 1146 1872 2322 4396 
m437 22 40 46 1140 1146 2046 
m530 16 46 816 846 2346 3346 
m818 12 14 22 46 622 722 1112 1114 1122 1146 2314 2322 3114 4812 
m2820 22 23 30 36 41 1123 1130 1136 1523 1823 1830 2072 2073 2080 3673 4323 4586 
m2132 45 46 2345 2346 
m3091 22 23 36 40 46 49 1123 1136 1146 1149 1836 1846 1849 2022 2023 2036 2046 2049 2323 2473 2486 2496 3686 4323 4336 4836 
m3444 32 1632 
m2654 30 45 46 2280 2295 2296 2330 2346 
m987 22 37 1122 1137 
m3362 44 46 2246 2344 2346 
m281 45 
m1339 33 37 4383 
m1939 5 37 46 255 287 1855 1887 1896 2305 2337 2346 4837 
m581 36 38 48 1838 1848 1936 1948 2436 2438 2448 
m453 2 45 46 2252 2296 2302 
m1335 17 46 2317 2346 4817 
m1809 13 20 33 36 40 41 670 686 690 691 1033 1036 1040 1041 1686 1690 1691 1840 1841 2036 2041 3183 3536 4336 
m358 27 49 1399 
m1819 22 44 46 1146 2244 2246 2344 2346 4846 
m770 14 38 46 1914 1946 2346 4814 
m2220 46 2346 
m1469 22 36 41 49 1136 1141 1149 1822 1841 2072 2086 2091 2099 2472 2486 2491 4336 
m46 38 46 1938 1946 
m1252 13 17 22 672 872 3363 
m330 22 23 30 36 41 46 1122 1123 1136 1141 1191 1522 1523 1536 1841 2322 2323 2330 2336 3686 
m2384 30 46 2330 
m1945 22 44 46 1146 2322 2344 2346 4846 
m1249 20 45 1045 
m1277 32 37 1632 1637 1882 
m2354 45 
m2807 14 22 27 40 727 1114 1127 2014 2022 2027 
m2250 46 
m3054 5 45 46 2255 2296 2305 
m944 22 44 46 1146 2246 2344 2346 4846 
m2848 45 46 2295 2296 2346 
m2692 23 36 41 1186 1191 1823 1836 1841 2073 2086 2091 4341 4586 
m1989 14 22 46 722 746 2322 2346 
m2865 23 32 39 49 1173 1639 1973 2482 2489 3673 
m616 36 49 1836 1849 
m1109 36 40 48 49 1836 1840 2036 2436 2440 2449 2486 2490 4336 
m1301 5 15 38 40 46 755 1905 1915 1938 1940 1946 2005 2015 2038 2040 2046 2305 2315 2346 4815 
m1696 26 46 1346 
m236 45 46 2345 
m288 32 49 1632 2482 
m369 32 40 45 46 2032 2045 2046 2282 2296 2332 
m2814 22 40 46 1140 1146 2046 
m3191 14 36 40 45 736 740 745 1840 2036 2286 2290 4336 
m1165 37 
m332 22 32 36 40 1122 1132 1136 1140 1622 1636 1640 1822 1836 1840 2022 2036 4332 
m2888 22 36 40 46 48 1136 1140 1146 1848 2036 2040 2046 2336 2340 2346 2348 4336 4836 
m858 22 23 30 41 49 1123 1130 1173 1523 2072 2073 2080 2472 2473 2480 2491 3673 
m1571 13 33 36 40 47 686 690 697 1686 1690 1697 1840 1847 2036 2040 2047 3183 4336 
m3342 13 14 22 46 672 722 1113 1114 2313 2322 3213 4814 
m2230 36 37 38 40 46 1836 1837 1840 1846 1886 1890 1936 1937 1940 1946 2036 2037 2038 2040 2046 2336 2340 4336 4837 
m608 14 30 37 714 730 737 1880 3237 
m3419 32 46 1632 1646 2332 
m145 22 32 46 1122 1132 1146 2332 2346 4846 
m3073 22 37 41 46 1122 1137 1141 1146 1891 2341 4837 
m1706 37 46 49 2337 2346 2487 2496 4837 
m3389 45 46 2296 
m1961 37 45 1887 1895 
m2684 13 22 46 672 2322 4813 
m656 22 46 1146 2346 
m2727 22 23 36 40 1123 1136 1173 1186 1190 1836 1840 2036 3673 3686 
m3136 5 45 2255 2295 
m2044 22 23 30 36 40 41 1123 1130 1136 1140 1172 1173 1180 1186 1190 1523 1822 1823 1830 1836 1840 1841 2022 2023 2030 2036 2041 2072 2073 2086 2090 3673 4323 4336 4586 
m2114 5 14 36 41 45 255 286 291 295 705 736 741 745 1845 2055 2086 2095 4336 
m2856 20 1020 
m296 44 46 2244 2246 2344 2346 
m2539 23 36 40 41 44 1186 1190 1191 1194 1840 1841 2041 2240 2241 4736 
m2615 22 38 44 46 1146 1946 2344 2346 4846 
m1512 14 22 38 46 738 1114 1138 2314 2322 2338 2346 4814 
m599 22 45 46 1145 1146 2296 
m1996 14 22 46 722 746 2322 2346 
m2548 22 23 30 45 1123 1173 1180 1523 2272 2273 3673 
m1482 22 37 1122 1137 1872 1887 
m366 8 45 46 49 408 446 449 2258 2296 2299 2349 
m1578 5 13 33 46 655 1655 2305 2313 2333 4163 
m3205 22 36 41 1136 1141 1822 1841 2072 2086 2091 4336 4586 
m832 22 23 30 36 38 40 1123 1130 1136 1140 1172 1173 1180 1186 1188 1190 1522 1523 1538 1822 1830 1922 1923 1930 1936 1938 1940 2022 2023 2030 2036 2040 3673 4323 
m3395 22 37 40 46 1872 2037 2046 2322 2337 2346 4837 
m1675 5 23 37 46 49 299 1155 1173 1199 1855 1873 1899 2305 2323 2349 4837 
m2400 14 46 714 3246 4814 
m2818 13 37 4363 
m1406 39 45 1995 2289 2295 
m1069 22 37 46 1137 1146 4837 
m1100 5 13 33 263 283 3183 
m2639 16 45 46 845 2345 4816 
m2749 23 30 38 1180 1523 1530 1538 1923 1930 1938 
m3235 5 13 14 33 263 283 705 713 733 3183 
m1849 22 23 30 39 1123 1522 1523 1972 1973 1980 3673 
m2508 23 38 45 46 1195 1923 1945 1946 2323 2345 
m2339 14 22 36 46 722 736 1822 2314 2322 4836 
m2475 32 38 45 46 49 1638 1646 1649 1938 1946 1949 2282 2288 2296 2299 2332 2338 2346 2349 
m1923 22 37 40 46 1122 1137 1146 2022 2037 2046 2322 2337 2346 4837 
m1209 26 33 46 1676 1696 2326 2333 2346 
m697 36 40 46 49 1836 1840 1846 1849 2036 2040 2046 2336 2340 2346 2349 2486 2490 2496 4336 4346 4836 
m3424 19 46 969 996 2319 2346 
m3114 5 22 36 38 46 49 272 286 296 299 1149 1822 1849 1905 1936 1946 2322 2346 2349 4836 
m420 11 45 595 
m1349 22 23 45 1172 1173 2272 2273 3673 
m1242 12 14 45 46 645 712 745 2312 2314 2345 2346 4814 
m1238 36 40 1836 1840 2036 2040 
m3411 46 4846 
m3065 22 26 33 1126 1133 1676 
m1837 45 46 2345 2346 
m3380 13 22 33 36 40 672 686 690 1113 1122 1133 1136 1140 1672 1686 1690 1822 2022 2036 3183 
m143 22 44 46 1146 2246 2344 2346 4846 
m198 22 23 30 36 40 46 49 1122 1123 1130 1136 1140 1146 1149 1172 1173 1180 1186 1190 1199 1522 1523 1530 1536 1540 1546 1549 1822 1823 1830 1836 1840 1846 1849 2022 2023 2030 2036 2040 2046 2322 2330 2336 2340 2346 2349 2472 2473 2480 2486 2496 3696 4823 
m1081 46 
m2934 14 40 46 2014 2040 2046 2314 2346 4814 4846 
m2997 22 26 44 46 1146 1322 1344 1346 2326 2344 2346 4846 
m3165 6 42 2842 
m93 12 45 46 645 2312 2345 
m37 22 30 45 1122 1130 1145 1522 2272 2280 
m2151 22 37 40 46 1137 1140 1146 1890 2037 2040 2046 2337 2340 2346 4396 
m2780 14 40 46 714 746 2014 2040 2046 2314 2340 2346 3246 4814 
m1609 40 46 2340 
m1845 12 29 36 46 612 629 636 1812 1829 1836 2312 2329 2336 2346 3136 4336 4812 4836 
m1035 37 45 46 1895 2337 2345 2346 
m1362 14 45 46 714 745 746 2345 4814 
m1562 5 45 46 2255 2295 2296 2305 2345 
m1177 36 38 45 48 1838 1845 1848 1936 1938 1945 1948 2295 2436 2438 2445 2448 4336 
m2561 14 37 714 737 1887 3237 
m783 12 41 45 46 2062 2096 2262 2291 2296 4812 
m1679 23 30 46 1180 1523 1530 1546 2330 2346 4823 
m1853 22 44 46 1146 2322 2344 2346 4846 
m2166 23 30 45 1195 1523 1545 
m2931 14 40 46 2014 2040 2046 2314 2346 4814 
m1506 12 22 37 46 1112 1137 1146 2337 4362 4812 
m2757 22 23 36 40 41 1122 1123 1136 1140 1141 1186 1190 1836 1840 2036 2040 2072 2073 2086 2090 3686 
m3333 
m2978 26 46 1346 
m2537 22 45 46 1145 1146 2296 
m2593 13 33 36 38 40 688 1688 1813 1833 1838 2013 2033 2036 2038 4163 
m3497 5 13 38 46 263 288 296 696 1913 1938 1946 2305 2313 2338 2346 
m2681 45 2295 
m3503 37 41 46 2087 2341 4837 
m2827 22 37 46 1872 2322 4396 
m1429 23 45 46 1195 2323 2345 3673 
m3493 23 46 1173 1196 3696 
m2890 14 49 2464 
m536 40 41 46 2046 2090 2096 2340 2341 2346 
m1661 5 36 45 46 286 295 1845 2255 2286 2295 2305 2336 2345 4336 
m970 37 40 46 1890 2037 2040 2046 2337 2340 2346 4396 
m2738 38 
m2998 14 36 49 1814 1849 2464 
m2239 5 13 22 33 36 38 40 46 263 272 283 286 290 672 686 690 1113 1122 1133 1136 1140 1672 1686 1690 1822 1905 1913 1922 1933 1936 1940 1946 2022 2036 2305 2313 2322 2333 2336 2340 3183 
m3285 38 46 1946 
m3313 23 36 41 49 1186 1199 1823 1836 1849 2073 2086 2099 2473 3673 4323 4586 
m2238 22 36 40 41 49 1122 1136 1140 1141 1149 1841 1849 2022 2036 2041 2049 2486 2491 4336 
m1932 13 36 46 49 699 1849 2313 2349 4313 4836 
m2695 22 23 30 40 41 1130 1140 1180 1523 1530 2022 2023 2030 2072 2090 
m356 45 
m2929 10 14 46 710 746 2310 2346 
m3437 26 44 46 49 1344 1346 2246 2476 2494 2496 
m2502 46 2346 
m3381 45 46 2295 2296 2345 4846 
m1572 8 408 
m1184 13 25 38 46 675 1913 1925 1946 2313 2325 
m294 26 
m2305 14 32 41 741 1614 1641 
m1201 8 22 36 45 46 1108 1122 1136 1145 1146 2258 2286 2295 2296 2308 2336 2346 4308 4836 
m2841 13 33 1663 1683 4163 
m471 22 23 30 38 1122 1123 1130 1138 1172 1173 1188 1522 1523 1530 1538 3673 
m3192 14 44 46 49 744 746 2344 2464 2494 2496 
m2982 22 38 44 46 1146 1922 1946 2344 2346 4846 
m2966 23 36 40 46 49 1836 1840 1846 1849 2023 2036 2040 2046 2049 2323 2336 2473 2486 2490 2496 3686 4323 4336 4836 
m3224 33 37 46 1883 1896 4833 
m1262 22 45 1122 1145 2272 
m762 12 22 36 40 41 45 46 49 636 640 641 645 649 1145 1822 1836 1840 1841 1845 2012 2022 2036 2040 2041 2045 2046 2049 2072 2095 2272 2295 2336 2340 2349 2486 2490 2491 2495 3136 4336 4812 
m1686 22 23 36 40 41 1122 1123 1136 1140 1141 1172 1173 1186 1190 1191 1822 1823 1836 1840 1841 2023 2036 2041 2072 2073 2086 2090 2091 3673 3686 4323 4336 4586 
m2344 22 45 46 1122 1145 1146 2296 2346 
m2605 30 40 46 2030 2040 2046 2330 
m2222 5 14 30 46 264 296 1505 1514 1546 2305 2314 2330 2346 4814 
m2212 22 23 36 40 41 1122 1123 1136 1140 1141 1172 1822 1823 1836 1840 1841 2022 2023 2036 2040 2041 2072 2073 2086 3686 
m2986 22 40 45 46 1140 1145 1146 2045 2046 2345 
m1292 14 23 30 46 730 1180 2314 2323 2330 2346 3223 4814 4823 
m2352 5 14 46 705 2305 2314 
m1920 14 22 32 46 732 1114 1132 1146 2314 2332 2346 4814 
m131 36 45 49 1849 2286 2299 
m2529 32 1632 
m766 36 41 46 1841 2341 4836 
m401 5 37 46 1855 2305 4837 
m2715 
m1491 13 22 36 49 699 1113 1122 1136 1149 1813 1849 
m2673 26 40 46 49 1340 1346 1349 2046 2490 2496 
m1584 9 13 33 38 463 483 488 688 1688 4163 
m1357 23 46 49 2323 2346 2473 2496 4823 
m2863 5 26 33 45 1305 1333 1345 1655 1695 2255 
m3504 36 40 1836 1840 2036 2040 
m1265 14 22 36 1114 1136 4314 
m1151 26 32 33 37 1333 1626 1633 1637 1876 1883 
m526 46 
m2404 13 22 36 40 41 1113 1136 1140 1813 1840 2013 2063 2072 2086 2090 
m2776 26 37 46 1337 1346 2337 2346 4837 
m642 32 36 41 46 1641 1646 2332 2336 2341 2346 4136 4586 
m636 14 
m1988 30 40 46 49 1540 1546 1549 2030 2040 2046 2330 2340 2346 2349 2490 2496 
m2326 40 45 46 2046 2290 2296 4846 
m1915 22 44 45 46 1146 2272 2294 2296 2344 2346 4846 
m2566 22 23 30 1122 1123 1130 1172 1173 1180 1522 1523 1530 3673 
m1980 21 23 45 1171 2271 2273 
m670 8 37 408 437 
m2907 5 13 22 33 46 655 1113 1133 1146 1655 1696 2305 2313 4163 
m205 36 38 1936 
m2714 22 40 46 1140 1146 2340 
m1986 37 40 46 49 1899 2037 2046 2049 2337 2340 2346 2349 4396 
m710 36 40 46 49 1836 1840 1846 2036 2040 2046 2049 2336 2346 2349 2486 4346 4836 
m47 10 30 36 37 46 1510 1536 1546 1810 1860 1880 1886 1896 2310 2346 4836 
m3374 22 23 36 40 41 46 49 1122 1123 1136 1140 1141 1149 1173 1186 1190 1822 1823 1836 1841 1849 2022 2023 2036 2040 2046 2072 2073 2086 2322 2323 2336 2341 2349 2472 2473 2486 2491 3673 3686 4323 4336 
m972 14 22 36 40 46 722 1814 1822 1836 1840 1846 2014 2022 2036 2040 2046 2314 2322 2340 2346 3246 4314 4346 4836 
m1725 22 36 41 1122 1136 1141 1822 2072 2086 2091 4586 
m2081 22 36 40 49 1149 1822 1849 2022 2036 2049 
m1910 36 41 44 1841 2086 2091 2094 2236 2241 2244 
m2713 3 46 2303 2346 4803 4846 
m3296 14 23 36 40 46 1814 1823 1846 2014 2023 2036 2040 2046 2314 2323 2346 3664 4346 4814 4823 
m650 30 45 1530 2280 
m2125 36 49 1849 2486 2499 
m594 27 32 38 46 1382 1396 1927 1932 1946 2332 
m242 13 22 38 1113 1913 1922 
m1540 22 23 36 45 1122 1123 1136 1172 1173 1186 2272 2273 3673 
m2179 14 32 48 732 2414 2432 
m276 22 36 40 46 49 1146 1822 1840 1846 1849 2036 2046 2049 2322 2340 2472 2496 4846 
m2903 22 23 30 36 40 41 1122 1123 1130 1136 1140 1172 1180 1186 1522 1523 1536 1822 2023 2030 2036 2072 2073 2080 2086 2090 3673 4323 
m715 32 37 45 46 1637 1645 1895 2332 2337 2345 
m1870 11 13 14 37 563 564 587 737 1863 1864 3213 4363 4387 
m141 22 44 46 1146 2322 2344 2346 4846 
m884 14 40 46 2014 2046 2314 2346 4814 
m3184 38 46 1946 
m386 36 
m2527 32 36 46 1632 1636 1646 1832 1836 1846 2332 2346 4332 4846 
m382 14 46 746 2346 
m575 5 45 46 2255 2296 2305 
m1951 22 36 46 49 1136 1146 1846 1849 2349 
m2441 45 
m1247 5 22 30 37 46 272 280 287 296 1522 1537 1855 1872 1880 1887 1896 2305 2322 2330 2337 2346 4387 4837 
m3025 23 32 46 1173 1182 1196 1623 1632 1646 2323 2332 2346 4823 
m2157 
m1297 13 22 46 1113 1122 1146 2322 4813 
m241 6 42 4606 
m2190 22 37 45 46 1122 1137 1145 1146 1887 1895 1896 2287 2296 2337 
m1717 23 30 46 1196 1523 1530 1546 2323 2330 2346 3696 4823 
m791 22 33 46 1133 1146 2333 
m138 46 
m1633 14 46 2314 2346 4814 
m3467 22 36 40 46 1122 1136 1140 1146 1822 1836 1840 1846 2022 2036 2046 2322 2336 2340 2346 4346 4836 
m1591 
m1121 22 23 30 36 40 46 49 1122 1123 1130 1136 1140 1146 1172 1173 1180 1186 1190 1522 1523 1530 1536 1540 1546 1822 1823 1830 1840 1846 1849 2022 2023 2030 2036 2040 2046 2049 2322 2323 2330 2336 2340 2346 2349 2472 2473 2480 2496 3696 4823 
m3059 45 46 2296 
m2771 14 22 40 46 722 746 2014 2022 2046 2322 
m1156 14 32 46 714 732 2314 2332 2346 4814 
m1765 46 2346 
m2751 14 45 2264 3214 
m2722 38 45 46 1945 2338 2345 2346 
m2971 22 36 41 46 1822 2072 2096 2322 4586 4836 
m1257 13 33 4163 
m1321 36 45 46 49 1845 2336 2345 2346 2349 2486 2495 2496 
m2284 5 32 36 45 1605 1805 2255 2282 2286 4332 
m3348 9 17 40 46 49 859 896 2009 2017 2046 2049 2309 2346 2459 2467 2496 3396 
m434 26 45 46 1345 1346 2295 2345 
m2957 22 44 46 1146 2344 2346 4846 
m2951 23 30 45 46 1173 1180 1196 2273 2296 2330 2346 4823 
m3341 12 36 46 49 649 1812 1849 2336 2349 4812 
m2276 12 36 46 49 649 1849 2336 2349 3136 4812 
m1594 23 36 40 46 49 1836 1849 2036 2046 2323 2336 2349 2473 2486 4323 4336 4836 
m1181 14 45 714 745 2264 2295 
m565 37 46 4396 
m2762 5 13 22 33 655 1113 1122 1133 1655 1672 4163 
m511 27 36 46 49 1827 2327 2336 2486 2496 
m3214 14 714 
