m2703 22 23 1123 1173 3673 
m503 5 36 38 46 49 286 296 299 1849 1905 1936 1946 2346 2349 4836 
m3004 36 38 40 41 1838 1841 1941 2036 2038 2041 
m16 37 40 46 2037 2046 4837 
m3215 22 36 37 40 46 1122 1136 1137 1140 1146 1837 1840 1890 2036 2037 2040 2322 2336 2337 2340 2346 4837 
m495 32 36 46 49 1849 2332 2336 2346 2349 2482 4332 
m2005 37 45 1887 1895 
m912 22 46 1146 
m2845 36 40 46 1836 2036 2046 2336 
m2757 23 36 41 1186 1191 1823 1836 1841 2073 2086 2091 4341 4586 
m3553 22 45 46 1145 1146 2345 4846 
m2176 36 37 38 46 49 1837 1838 1888 1938 2338 2486 2487 2488 2496 4346 4837 
m2205 46 
m2867 10 46 2310 2346 
m2958 22 44 46 1146 2222 2244 2246 2322 2344 2346 4846 
m269 9 22 46 1109 1146 2309 2346 4846 
m546 26 45 46 1345 1346 2345 
m3099 22 23 30 38 1122 1123 1130 1138 1173 1180 1523 1922 1923 1930 1938 3673 
m2695 36 40 46 1836 1840 1846 2036 2046 2336 2340 2346 
m608 14 30 37 714 730 737 1880 3237 
m2599 22 23 30 45 46 1122 1123 1130 1145 1146 1195 1522 1523 1530 1545 1546 2273 2280 2295 2296 2322 2330 2345 2346 3696 4823 
m357 27 49 1399 
m3497 19 46 969 996 2319 2346 
m1191 37 
m2482 12 45 46 645 2345 4812 
m2915 37 40 46 2037 2046 4837 
m641 
m463 37 46 2337 
m2550 22 44 46 1146 2322 2344 2346 4846 
m646 23 28 38 1178 1188 1928 1938 
m3469 36 37 40 46 1840 1886 1890 1896 2036 2037 2040 2046 2336 2337 2340 2346 4346 4387 4396 4837 
m2211 22 37 46 1122 1137 1146 2322 2337 2346 4837 
m2678 22 38 44 46 1146 1946 2344 2346 4846 
m1214 32 36 37 46 1646 1882 1896 4136 4346 4386 
m2110 36 
m1165 22 44 46 1146 2344 2346 4846 
m2784 26 
m3390 22 30 32 36 46 49 1532 1536 1546 1549 1622 1636 1649 1822 1849 2322 2330 2332 2336 2346 2349 2472 4136 4336 4836 
m704 13 22 41 691 1113 1122 1141 
m2519 22 44 46 1144 1146 2246 2322 2344 2346 4846 
m122 13 22 44 46 694 1113 1146 2313 2344 
m3117 5 36 38 286 1905 1936 
m1210 14 26 36 40 46 1314 1336 1340 1346 1814 1846 2014 2036 2040 2046 2346 4346 4814 
m1331 13 33 3183 
m296 23 38 1923 1938 
m1969 40 46 2046 2340 2346 4846 
m3527 22 44 45 46 1146 2272 2294 2296 2344 2346 4846 
m2435 22 44 46 1146 2322 2344 2346 4846 
m3386 26 45 46 1326 1345 1346 2276 2296 2326 
m298 22 32 36 46 49 1622 1649 1822 1832 1849 2322 2332 2336 2346 2349 2472 4136 4336 4836 
m2979 22 26 46 1146 1322 1326 1346 
m866 16 23 36 40 41 46 836 840 841 1186 1190 1191 1841 2023 2036 2040 2041 2046 2066 2073 2086 2090 2091 2096 2316 2336 2340 2341 3666 4823 
m1496 14 30 46 730 746 1530 2330 
m168 45 46 2295 2296 2345 2346 4846 
m424 36 45 46 1845 2336 2345 
m2808 36 38 49 1849 1936 1949 2486 2488 2499 
m2991 14 36 48 714 736 748 1836 1848 2448 
m1911 36 37 40 46 1837 1846 2036 2037 2040 2046 2337 2346 4346 
m1178 22 37 46 1137 2322 4837 
m29 
m699 36 40 46 49 1836 1840 1846 1849 2036 2040 2046 2336 2340 2346 2349 2486 2490 2496 4336 4346 4836 
m462 13 33 45 2263 2283 3183 
m1699 22 23 1122 1123 1173 3673 
m1674 12 22 23 36 40 45 46 49 622 623 636 640 645 649 1123 1136 1140 1145 1195 1822 1823 1840 1845 1849 2012 2023 2036 2045 2046 2049 2322 2323 2336 2340 2345 2349 2472 2473 2486 2490 2495 3136 4323 4336 4812 
m37 12 23 36 41 46 636 1823 2062 2073 2096 2336 3123 4586 4812 4823 
m945 14 46 746 
m2075 22 23 30 36 40 46 1122 1123 1130 1136 1140 1146 1172 1173 1522 1523 1530 1540 1546 1822 1823 1830 1840 1846 2022 2023 2030 2036 2040 2046 2322 2323 2330 2340 2346 3696 4823 
m3407 14 38 738 
m257 22 30 46 1130 1146 2330 
m1901 22 23 30 1122 1123 1130 1172 1173 1180 1522 1523 1530 3673 
m552 22 32 46 1122 1132 1146 2322 2332 2346 4846 
m797 22 23 30 45 1123 1130 1145 1173 1180 1523 1530 2273 2280 3673 
m833 22 23 36 38 40 1123 1136 1138 1140 1173 1922 1923 1936 1938 1940 2023 2036 2038 3686 
m1672 46 48 2348 
m233 5 14 32 705 1605 1614 
m2724 22 23 1122 1123 1172 1173 3673 
m2816 22 44 46 1122 1144 1146 2344 2346 4846 
m1221 30 40 45 46 2030 2040 2045 2046 2280 2290 2296 2330 2340 2346 
m2251 45 46 2296 
m36 12 23 36 41 46 636 1823 2062 2073 2096 2336 3123 4586 4812 4823 
m1742 14 36 40 45 46 736 740 745 1840 1845 1846 2036 2045 2046 2286 2296 2336 3246 4336 
m2351 30 36 40 45 46 1830 1845 2030 2036 2040 2045 2046 2280 2330 2345 4346 
m1468 32 36 46 1832 2332 2336 2346 4836 
m2556 22 40 46 2046 2322 2346 
m1483 22 23 31 36 46 1172 1181 1186 1196 1596 1822 1846 2322 3686 4086 4331 4336 4346 
m27 26 32 36 41 46 49 1332 1336 1341 1346 1349 1641 1646 2332 2336 2341 2346 2482 2486 2491 2496 4136 4586 
m774 36 41 46 1841 2341 4836 
m2326 22 44 46 1122 1144 1146 2322 2344 2346 4846 
m2920 14 46 49 2314 2346 2464 2496 4814 
m1345 30 37 40 46 1537 1540 1546 1890 2340 4396 
m587 22 36 40 41 1136 1141 1836 1840 2036 2086 2090 4586 
m2535 32 38 45 46 49 1638 1646 1649 1938 1946 1949 2282 2288 2296 2299 2332 2338 2346 2349 
m814 30 36 46 49 1536 1549 1849 2330 2336 2346 2349 
m1220 14 45 46 2264 2296 2314 2346 4814 
m282 32 49 1632 2482 
m1324 13 22 46 1113 1122 1146 2322 4813 
m1970 22 37 40 46 1122 1137 1146 2022 2037 2046 2322 2337 2346 4837 
m2683 14 45 745 
m1782 13 22 45 46 696 1113 1146 2263 2272 2296 
m631 13 22 38 1113 1122 1138 1913 
m2385 13 22 33 36 40 672 686 690 1113 1122 1133 1136 1140 1672 1686 1690 1822 1840 2022 3183 
m2904 13 33 1663 1683 4163 
m2374 12 46 612 2312 2346 4812 
m1864 22 44 46 1146 2244 2246 2344 2346 4846 
m485 13 36 38 46 49 663 686 688 696 699 1813 1836 1838 1846 1849 1913 1936 1946 1949 2336 2338 2346 2349 2463 2486 2496 3196 4813 
m2474 22 37 46 1122 1137 1146 1872 2322 2346 4387 4396 4837 
m1246 22 23 36 40 41 1122 1123 1136 1140 1141 1172 1173 1186 1190 1191 1822 1823 1836 1840 1841 2023 2036 2041 2072 2073 2086 2090 2091 3673 3686 4323 4586 
m765 22 30 36 40 41 49 1130 1136 1141 1536 1540 1541 1830 1836 1840 1841 2036 2072 2080 2086 2090 2091 2472 2480 2486 2491 
m31 22 30 40 46 1130 2022 2030 2040 2046 2322 2330 2346 
m2670 36 40 45 46 1836 1840 2036 2040 2046 2286 2290 2296 2340 4346 
m3055 26 46 1346 2346 
m452 2 45 46 2252 2296 2302 
m2489 22 44 46 1146 2344 2346 4846 
m2199 45 46 2345 2346 
m1051 12 14 33 46 712 746 2333 3133 3233 4812 
m691 5 32 36 255 282 286 1805 1832 
m886 22 23 36 41 49 1123 1136 1141 1172 1173 1186 1191 1199 1822 1823 1841 1849 2072 2073 2086 2091 2099 2472 2473 2486 2491 3673 3686 4323 4336 
m1096 22 23 30 1123 1173 1522 1523 3673 
m1255 23 45 1195 2273 2295 
m1109 36 1836 
m2157 22 32 45 46 1146 2272 2282 2295 2296 2332 2346 
m1763 17 46 2317 2346 4817 
m697 14 22 38 46 49 722 749 1938 1946 2314 2322 2346 2349 2472 
m310 22 27 36 46 49 1127 1136 1146 1149 1377 1386 1396 1399 1827 1849 2322 2327 2336 2346 2349 2477 2486 2496 2499 
m1018 38 40 45 46 1938 1940 1945 1946 2290 2340 2345 
m230 22 38 46 49 1146 1149 1922 1946 1949 2349 2472 2488 2496 
m1245 30 41 46 2080 2330 2341 2346 
m129 36 40 46 49 1846 1849 2036 2046 2349 
m2339 16 44 49 844 849 2494 
m1008 5 36 40 46 286 290 296 2036 2046 2305 2340 2346 4346 4836 
m3239 13 36 40 45 686 1813 1840 1845 2013 2036 2045 2263 2286 4336 
m984 26 33 37 44 46 1337 1344 1346 2233 2237 2333 2337 2344 2346 4383 
m1531 13 22 36 49 699 1113 1122 1136 1149 1813 1849 
m1282 36 46 2336 4836 4846 
m1350 36 45 46 49 1845 2336 2345 2346 2349 2486 2495 2496 
m110 6 36 40 42 46 49 2006 2036 2042 2046 2049 2306 2336 2342 2349 2456 2486 2492 4306 4342 4606 
m1666 22 23 36 40 41 46 49 1123 1136 1140 1173 1186 1190 1199 1840 2022 2023 2036 2040 2041 2049 2072 2073 2086 2090 2091 2099 2322 2323 2340 2341 2473 2486 3673 3686 4323 
m1480 18 23 1168 
m2798 21 23 46 1171 2321 2323 
m554 12 32 46 632 2332 4812 
m1734 32 
m3574 22 36 45 1136 1145 1845 
m1504 13 33 36 40 46 690 1813 1833 1840 2033 2313 2333 3183 4836 
m3319 33 36 41 1686 2083 4586 
m460 11 13 33 45 563 583 595 2263 2283 3183 
m3131 45 46 2296 
m2229 29 
m742 5 32 36 46 49 282 286 296 299 1649 1832 1849 2332 2336 2349 2486 4136 4336 
m962 22 38 46 1146 1922 1946 
m1163 5 36 41 46 1805 2055 2096 2305 2336 4586 
m1844 13 22 26 33 36 40 672 686 690 1113 1122 1133 1136 1140 1313 1322 1333 1336 1340 1663 1672 1683 1686 1690 1822 2022 2036 3183 
m66 26 34 38 46 1326 1334 1346 1734 1926 1938 1946 2334 2346 
m3006 22 30 39 1130 1139 1980 
m2208 46 2346 4846 
m2901 22 46 49 1146 1149 2322 2346 2349 2496 
m1199 23 38 45 1923 2273 2288 
m2183 44 46 49 2344 2349 2494 
m1840 13 46 2313 
m290 30 36 39 40 46 1830 1980 1986 1990 1996 2030 2036 2046 2330 4836 
m2125 32 36 41 46 1641 1646 2332 2336 2341 2346 4136 4586 
m514 23 38 45 1195 1923 1945 3673 
m3096 13 22 32 46 682 1113 1122 1132 1146 2313 2322 2332 
m2538 36 38 46 1936 1938 1946 2336 2346 
m3526 45 49 2295 2299 
m2286 5 14 30 46 264 296 1505 1514 1546 2305 2314 2330 2346 4814 
m2012 33 36 45 46 1686 1695 1845 2333 2345 4836 
m125 5 37 45 46 1855 2255 2287 2296 2305 4837 
m1568 22 45 46 1145 1146 2296 
m2966 22 23 30 36 40 41 1122 1123 1130 1136 1140 1172 1180 1186 1522 1523 1536 1822 2023 2030 2036 2072 2073 2080 2086 2090 3673 4323 
m2258 22 36 46 49 1822 2322 2336 2346 2349 2486 2496 
m2854 16 36 46 49 1816 1846 2316 2346 2486 2496 
m1907 13 22 32 36 38 40 672 686 690 1113 1136 1140 1613 1622 1636 1640 1822 1913 1922 1932 1936 1940 2022 2036 2040 3186 4336 
m2984 12 22 36 41 46 49 622 641 1141 1812 1822 1841 2322 2336 2341 2462 2472 2486 2491 2496 3136 4312 4336 4812 
m955 11 45 595 
m1453 13 46 47 696 2363 2396 
m207 3 45 153 2253 
m579 23 30 40 45 46 1173 1180 1523 2023 2030 2046 2273 2280 2290 2296 2323 2330 3673 4823 
m3531 13 22 36 38 40 1113 1122 1136 1138 1140 1813 1840 1913 1936 1940 2013 
m2256 12 45 645 2295 
m749 36 40 41 46 49 1836 1841 1846 1849 2036 2040 2041 2046 2086 2096 2099 2336 2346 2349 4346 4586 4836 
m3360 36 40 46 1840 1846 2036 2040 2046 2346 4346 
m2298 22 30 45 1122 1130 1145 1545 
m2766 22 45 46 1122 1145 1146 2345 
m667 22 23 36 40 46 49 1172 1822 1836 1849 2022 2023 2036 2040 2046 2049 2322 2323 2336 2349 2472 2473 2486 4323 4336 4836 
m2709 5 36 44 46 49 286 296 299 1849 2205 2236 2246 2249 2346 2349 2455 2486 2494 2496 4836 
m656 22 46 1146 2346 
m917 22 38 45 46 1122 1146 1922 1938 1945 1946 2272 2288 2295 2296 2346 
m3330 36 45 1845 2286 2295 
m1363 22 44 46 1146 2344 2346 4846 
m1655 13 22 30 47 680 697 1113 1122 1130 1147 2380 
m1625 22 36 40 41 46 49 1136 1140 1141 1149 1836 1849 2036 2049 2086 2090 2099 2322 2336 2340 2341 2349 4336 
m2327 23 36 40 45 46 49 1190 1195 1836 1840 1845 2023 2036 2040 2045 2046 2049 2323 2336 2340 2345 2473 2486 2495 2496 3686 4323 4336 4836 
m2405 29 36 48 1486 1829 1836 1848 2429 2436 2448 4336 
m3146 36 40 45 46 1845 2036 2040 2045 2046 2296 4346 
m2510 22 26 44 46 1146 1322 1344 1346 2344 2346 4846 
m870 5 14 36 264 286 4314 
m2543 32 36 46 1832 2332 2336 2346 4836 
m488 37 46 2337 
m3415 12 36 46 49 649 1812 1849 2336 2349 4812 
m1563 38 46 1946 
m1085 22 37 46 1137 1146 4837 
m1842 36 49 1836 1849 2486 2499 4336 
m658 22 36 37 40 46 1137 1146 1822 1837 1846 1872 2022 2036 2046 2322 2337 2346 4346 4837 
m277 22 1122 
m2278 5 36 46 49 286 296 299 1836 1849 2305 2336 2346 2349 4836 4846 
m2537 22 44 46 1146 2344 2346 4846 
m2522 37 38 46 1888 2338 2346 4396 4837 
m1926 5 32 45 1605 1645 2255 
m3009 11 13 33 563 583 661 1661 4163 
m2243 22 23 36 41 1123 1136 1141 1191 3686 4341 
m2108 27 45 46 2277 2296 2327 4846 
m2409 
m599 22 45 46 1145 1146 2296 
m2242 14 32 48 732 2414 2432 
m2888 13 22 36 38 40 45 1113 1136 1138 1140 1145 1813 1840 1913 1936 1940 2013 2263 2286 2288 2290 
m2749 13 22 46 672 2322 4813 
m3435 30 36 46 1830 2330 2336 2346 4336 
m2574 22 44 46 1144 1146 2344 2346 4846 
m2931 20 22 23 30 38 1022 1023 1030 1038 1122 1123 1130 1172 1173 1180 1188 1520 1523 1538 1922 1923 1930 3673 
m2104 30 38 45 46 1945 1946 2280 2296 2330 2338 2345 2346 4846 
m1275 37 40 45 46 1890 2287 2290 2337 2340 2345 
m348 22 23 30 38 1123 1130 1172 1173 1188 1522 1523 1530 1538 3673 
m1071 22 38 46 1138 1146 1946 
m1644 14 45 745 
m3332 22 23 30 36 40 41 46 1122 1123 1130 1136 1140 1141 1146 1180 1522 1523 1530 1536 1540 1546 1822 1823 1830 1836 1840 1841 1846 2022 2023 2030 2036 2040 2041 2046 2072 2086 2090 2322 2323 2330 2340 4823 4846 
m1019 13 20 22 33 36 40 45 672 686 690 1013 1022 1036 1040 1045 1113 1122 1133 1136 1140 1145 1672 1686 1690 1813 1822 1833 1836 1840 2013 2022 2033 2036 2040 2263 2272 2286 2290 2295 3183 
m1977 13 36 46 49 699 1849 2313 2349 4313 4836 
m1463 26 32 36 46 1332 1336 1346 1832 2332 2336 2346 4836 
m3369 13 22 38 1113 1138 1913 
m1551 22 23 36 40 41 46 49 1123 1136 1140 1149 1173 1186 1190 1199 1840 2022 2023 2036 2040 2041 2049 2072 2073 2086 2090 2099 2322 2323 2340 2341 2473 2486 3673 3686 4323 
m916 22 46 48 1146 1148 2348 
m409 5 46 2305 2346 4846 
m675 22 23 36 46 49 1123 1136 1146 1149 1836 1846 1849 2323 2336 2473 2486 2496 3686 4323 4336 4836 
m1739 26 46 1346 
m1133 17 45 895 2267 2295 
m2526 11 13 22 33 36 40 661 1111 1113 1122 1133 1136 1140 1661 1811 1813 1833 1840 2011 2013 2033 4163 
m2578 22 44 46 1146 2322 2344 2346 4846 
m2900 23 30 36 41 1523 1823 1830 2073 2080 3673 4323 4586 
m238 45 
m272 29 34 36 1484 1734 1829 1834 1836 
m1998 2 40 46 140 146 2046 
m2603 36 38 41 1838 2088 4341 
m1690 22 28 38 46 1128 1138 1146 1928 1938 2328 2338 
m1994 45 
m3051 22 40 45 46 1140 1145 1146 2045 2046 2345 
m1528 14 45 46 745 746 2345 
m2112 20 22 36 40 1120 1122 1136 1140 1820 1840 2020 
m278 14 34 46 734 746 2334 
m2432 13 22 38 672 1113 1138 1913 1922 
m2485 22 23 36 40 46 1122 1123 1136 1140 1146 1172 1186 1190 1196 1822 1836 2022 2036 2040 2046 2322 3686 4346 
m2692 37 38 46 1937 1946 2337 2346 4837 
m1887 13 22 36 40 672 686 690 1113 1122 1136 1140 1822 2022 2036 
m3098 22 23 30 32 36 40 46 1122 1123 1130 1132 1136 1140 1146 1172 1173 1522 1523 1530 1532 1540 1546 1623 1630 1646 1822 1823 1830 1832 1840 1846 2022 2023 2030 2032 2036 2040 2046 2322 2323 2330 2332 2340 2346 3696 4823 
m1744 22 46 1146 
m933 45 46 2295 2296 
m2541 22 23 30 45 46 1123 1130 1145 1146 1196 1523 1545 1546 2273 2280 2295 2296 2323 2346 4823 4846 
m2109 22 46 1122 1146 
m2257 22 36 40 1122 1136 1140 1822 2022 2036 
m3388 23 36 41 49 1186 1199 1823 1836 1849 2073 2086 2099 2473 3673 4323 4586 
m2448 22 23 30 46 1122 1123 1130 1146 1180 1523 1530 1546 2330 2346 4823 
m439 13 33 40 46 2013 2033 2046 2313 2333 4163 
m506 14 20 22 720 1114 1120 
m1853 46 2346 
m1881 13 22 33 49 699 1113 1122 1149 1672 1699 4163 
m2884 45 46 2345 2346 
m1010 21 
m1053 37 45 46 1895 2337 2345 2346 
m2367 26 46 1346 2346 
m464 22 36 40 41 45 46 49 1122 1136 1140 1146 1149 1836 1841 1846 2036 2041 2046 2272 2286 2290 2295 2296 2299 2336 2341 2346 2472 2486 2490 2496 2499 4341 4836 
m578 22 44 46 1146 2222 2244 2246 2322 2344 2346 4846 
m2762 22 40 41 46 1140 1141 2022 2040 2041 2046 2072 2090 2091 2096 2341 
m931 36 
m523 46 
m2560 18 45 2268 
m1914 2 36 45 46 145 1845 2252 2286 2295 2302 2345 2636 4836 
m763 22 44 46 1146 2344 2346 4846 
m486 22 36 37 40 1122 1136 1137 1140 1822 1872 1886 1890 2022 2036 
m573 20 22 23 46 1023 1120 1123 1146 1173 2320 2323 3673 4823 
m2604 22 30 36 40 46 1136 1140 1522 1536 1540 1840 2036 2040 2322 2330 2336 2340 2346 4836 
m2438 13 37 4363 
m1612 37 46 1887 1896 2337 2346 
m2602 30 39 1980 
m1228 8 22 36 45 46 1108 1122 1136 1145 1146 2258 2286 2295 2296 2308 2336 2346 4308 4836 
m1540 45 2295 
m2525 40 46 2046 2346 
m1845 22 36 40 46 49 1122 1136 1146 1149 1822 1836 1840 1846 1849 2022 2036 2040 2046 2049 2349 2472 2486 2490 2496 
m2905 23 30 36 1180 1530 1823 1830 
m2067 30 46 2330 2346 
m932 13 22 33 36 40 1113 1133 1136 1140 1813 1833 1840 2013 2033 4163 
m3019 22 44 46 1146 2344 2346 4846 
m2529 32 36 44 46 1832 1836 1844 2232 2236 2332 2336 2344 2346 4332 4336 4736 4836 
m3279 36 38 46 48 1836 1838 1848 1936 1938 1948 2336 2338 2348 2436 2438 2448 4336 4836 
m2058 
m334 13 22 33 36 40 1113 1122 1133 1136 1140 1813 1833 1840 2013 2033 4163 
m111 22 23 30 36 40 41 46 1122 1123 1130 1136 1140 1141 1146 1191 1523 1536 1541 1546 1841 1846 2023 2030 2036 2040 2041 2046 2072 2073 2091 2341 3696 4323 
m3308 5 13 14 33 263 283 705 713 733 3183 
m82 15 22 46 772 2315 2322 
m1667 14 22 38 46 49 722 749 1914 1938 1946 1949 2314 2322 2338 2346 2349 2472 4814 
m3549 22 33 46 1122 1133 1146 1672 1683 1696 2322 2333 2346 4833 
m2870 13 33 45 695 1695 4163 
m1832 13 22 44 46 694 1113 1146 2313 2344 
m2983 30 44 45 1545 2230 2245 
m381 14 46 746 2346 
m440 46 50 2546 
m2595 22 36 46 1822 2322 2336 2346 
m517 17 36 46 49 1817 1846 1849 2349 2467 4817 
m2073 45 46 2296 2345 4846 
m2170 12 15 30 46 1512 1515 1546 2312 3262 4815 
m1318 23 30 37 46 1180 1880 2323 2330 2337 2346 4373 4823 4837 
m2469 46 
m107 22 23 30 36 41 46 1122 1123 1130 1136 1141 1146 1172 1522 1523 1530 1536 1546 1822 1823 1830 2072 2073 2080 2096 2322 2330 2336 2346 3696 4346 4586 4823 
m1675 36 39 42 1986 2139 4636 
m1208 22 23 30 41 1123 1130 1141 1522 1523 2073 2080 3673 
m118 32 38 46 1632 1646 1932 1938 1946 2332 
m386 36 
m2627 22 23 30 1122 1123 1130 1172 1173 1180 1522 1523 1530 3673 
m2228 23 32 38 46 1182 1188 1196 1923 1932 1938 1946 2332 2338 2346 3696 4823 
m1757 22 36 40 46 1122 1136 1140 1146 1840 2036 2040 2336 2340 
m388 14 20 40 46 1014 1040 1046 2014 2046 3246 
m2520 22 44 46 1146 2344 2346 4846 
m137 23 30 46 1180 1523 1530 1546 2330 2346 4823 
m1606 5 45 46 2255 2296 2305 
m2264 22 23 30 1122 1123 1130 1172 1173 1180 1522 1523 1530 3673 
m3361 13 33 46 696 2333 3183 
m544 46 
m299 36 40 45 1845 2036 2045 2286 2290 2295 
m48 22 36 41 1122 1136 1141 1822 2072 4586 
m2953 22 23 45 1123 1145 1172 1195 3673 
m1931 22 23 32 1122 1123 1132 1182 1622 1623 1632 
m3157 33 37 46 49 1883 1896 2333 2346 2483 2487 2496 4833 4837 
m432 22 30 36 39 41 1136 1139 1522 1536 1539 1541 1986 2072 2089 4586 
m2171 45 2295 
m214 32 45 1645 
m454 22 23 30 1123 1130 1180 1530 
m2418 27 46 49 2327 2346 2477 2496 
m2 10 30 46 530 2310 2330 
m1060 14 40 46 49 2014 2046 2314 2346 2464 2490 2496 4814 
m3490 32 45 46 1632 1646 2282 2296 2332 
m1159 37 38 46 1896 1937 1946 
m2992 14 40 46 2014 2040 2046 2314 2346 4814 
m3032 46 
m164 14 22 32 36 39 40 41 49 722 1614 1622 1639 1641 1814 1822 1832 1836 1839 1841 1849 1972 2014 2036 2041 2049 2064 2072 2082 2089 2091 2482 2486 2491 4464 4586 
m152 7 26 46 1307 1346 2307 2346 
m607 46 
m2182 40 44 46 49 2044 2046 2049 2344 2349 2494 
m2457 44 46 2344 2346 
m1936 45 
m3336 22 46 1122 1146 2322 2346 
m2685 23 45 46 1195 2323 2345 4823 4846 
m3248 28 38 1928 1938 
m384 14 46 746 2346 
m3064 22 36 41 46 49 1136 1141 1849 2086 2322 2336 2341 2349 4336 
m1066 22 44 46 1122 1144 1146 2222 2246 2322 2344 2346 4846 
m1106 22 30 36 41 1122 1130 1136 1530 1536 1541 1830 2080 4586 
m3473 14 36 46 49 714 736 746 749 1814 1836 1846 1849 2314 2336 2346 2349 2464 2486 2496 3246 4814 
m2742 23 38 1923 
m1049 22 32 45 46 1132 1145 1146 2282 2296 2332 
m3269 21 36 46 49 1086 1099 1849 2321 2336 2346 2349 
m2956 23 38 45 1923 2273 2288 
m2736 26 40 46 49 1340 1346 1349 2046 2490 2496 
m2130 29 36 41 1486 1829 1836 1841 2079 2086 2091 
m1688 23 28 36 1178 1186 1823 1828 1836 3673 
m267 13 22 33 36 40 1113 1122 1133 1136 1140 1813 1833 1840 2013 2033 4163 
m2554 22 26 33 36 49 1126 1133 1676 1822 1826 1833 1849 2472 2476 2483 
m661 22 30 36 40 46 1130 1136 1140 1146 1536 1540 1546 1840 2030 2036 2040 2046 2330 2336 2340 2346 4346 
m2787 
m893 27 28 36 46 1378 1386 1396 1828 2327 2328 2336 2346 4836 
m1111 14 714 
m3562 13 33 4163 
m2830 14 33 40 46 733 740 746 1690 2340 4196 
m934 7 45 46 2257 2295 2296 2307 2346 
m3299 15 45 795 
m2250 26 46 1346 
m2833 14 22 1114 
m923 13 22 33 36 38 40 1113 1122 1133 1136 1138 1140 1813 1833 1838 1840 1913 1933 2013 2033 2038 4163 
m2497 14 22 46 722 746 2322 2346 
m2460 14 26 33 726 1314 1326 1333 1664 1676 1683 3233 
m2517 14 22 46 1114 2314 2322 2346 4814 
m960 30 37 46 1530 1537 1546 1880 2330 2337 2346 
m3130 26 36 41 46 1826 2076 2096 2326 4346 4586 
m643 14 45 745 2264 2295 
m2918 41 
m2001 22 36 45 1136 1145 1845 
m2965 48 2448 
m1973 44 46 49 2344 2349 2494 
m2653 13 33 36 38 40 688 1688 1813 1833 1838 2013 2033 2036 2038 4163 
m2540 22 44 46 1144 1146 2344 2346 
m802 22 23 30 36 40 41 1122 1123 1130 1136 1140 1141 1172 1173 1180 1186 1190 1191 1523 1536 1540 1541 1823 1836 1840 1841 2022 2023 2030 2036 2041 2072 2073 2080 2086 2090 2091 3673 3686 4323 4336 4586 
m416 9 14 709 
m2307 14 22 30 36 40 722 730 736 1114 1122 1130 1136 1140 1522 1536 1540 1822 1840 2022 2040 
m3222 22 
m441 46 2346 
m1037 41 46 2341 
m501 3 45 195 2295 
m1889 13 22 36 40 672 686 690 1113 1122 1136 1140 1822 2022 2036 
m2738 13 14 32 46 664 696 1613 1614 1646 4814 
m714 36 40 46 49 1836 1840 1846 2036 2040 2046 2049 2336 2346 2349 2486 4346 4836 
m1394 32 36 38 41 46 1641 1646 1932 1936 1941 1946 2332 2336 2341 2346 4136 4586 
m2777 3 46 2303 2346 4803 4846 
m26 26 45 46 2276 2296 2326 
m1552 14 22 38 46 738 1114 1138 2314 2322 2338 2346 4814 
m177 14 32 46 732 2314 2332 2346 4814 
m419 11 45 595 
m1277 13 17 22 672 872 3363 
m3093 5 45 295 
m1182 14 32 46 714 732 2314 2332 2346 4814 
m902 23 32 36 40 46 48 1182 1186 1190 1196 1198 1632 1636 1646 1648 1846 1848 2032 2036 2046 2048 2446 
m603 14 22 41 714 741 1114 1141 2064 2072 2091 
m133 
m1092 45 46 2296 2345 2346 4846 
m2493 23 36 40 46 48 1190 1823 1836 1840 1846 1848 2023 2036 2040 2046 2048 2336 2340 2346 2423 2436 2446 3686 3696 4323 4346 4823 4836 
m2514 45 46 2296 
m2401 45 
m1371 32 45 46 2282 2296 2332 
m921 23 26 30 38 46 1180 1323 1330 1338 1346 1923 1930 1946 2330 2346 4823 
m1212 22 23 30 46 1122 1123 1130 1146 1196 1523 1530 1546 2322 2323 2330 2346 3696 4823 
m2584 32 37 38 46 1637 1646 1932 1937 1946 2332 2337 2346 4837 
m1413 22 36 38 41 49 1136 1138 1141 1149 1822 1838 1841 1849 1922 1936 1941 2072 2086 2088 2099 2472 2486 2488 2491 4336 
m1074 45 2295 
m2382 11 13 33 45 563 583 595 695 1695 3183 
m406 22 38 45 46 1145 1922 1945 1946 2322 2345 
m383 22 23 32 46 1123 1132 1146 1182 1196 2332 
m2324 23 36 40 45 46 49 1190 1195 1836 1840 1845 2036 2045 2323 2336 2340 2345 2473 2486 2495 2496 3686 4323 4336 4836 
m1770 26 46 1326 1346 2326 2346 3826 
m2379 22 39 45 46 1122 1146 1972 1995 1996 2272 2296 
m639 13 22 33 36 40 47 672 686 690 697 1113 1122 1133 1136 1140 1147 1672 1686 1690 1697 1847 2036 2047 3183 
m3024 10 45 46 2295 2296 2310 2346 
m3343 22 36 41 49 1122 1136 1141 1149 1849 2072 2086 2099 4336 
m355 45 
m1409 37 39 40 46 1890 1987 1990 2037 2039 2046 2340 4396 4496 
m719 32 37 45 46 1637 1645 1895 2332 2337 2345 
m1304 32 37 1632 1637 1882 
m2087 40 46 2040 2046 2340 
m563 37 46 4396 
m1382 22 33 44 49 1133 1144 1694 1699 2494 
m730 22 44 46 1146 2222 2244 2246 2322 2344 2346 4846 
m3211 22 23 30 46 1122 1123 1130 1146 1180 1523 1530 1546 2330 2346 4823 
m3042 32 36 44 46 1644 2236 2332 2336 2344 2346 4136 
m3448 37 
m365 26 37 38 46 1876 1926 1937 1946 2326 4396 
m1411 36 46 2336 
m17 14 23 30 36 40 46 730 1180 1814 1823 1830 1846 2014 2023 2030 2036 2040 2046 2314 2323 2330 2346 3223 4346 4814 4823 
m2899 5 13 14 33 655 705 713 1655 1664 4163 
m2233 5 45 295 
m3083 5 36 45 46 286 295 1845 2305 2336 2345 4336 
m41 9 36 45 46 486 495 496 1845 2309 2336 2345 2346 
m3082 45 2295 
m660 33 37 46 1883 1896 4833 
m50 29 
m3109 36 39 40 1836 1839 1840 1986 1990 2036 2039 2040 
m2938 40 44 46 2044 2046 2344 
m374 18 37 46 1868 2318 4837 
m2096 22 23 30 36 40 41 1123 1130 1136 1140 1172 1173 1180 1186 1190 1523 1822 1823 1830 1836 1840 1841 2022 2023 2030 2036 2041 2072 2073 2086 2090 3673 4323 4336 4586 
m853 22 46 1122 1146 
m480 5 11 15 33 38 46 555 565 583 588 596 755 1655 1696 1915 1933 1946 2305 2315 4165 
m3090 27 36 40 46 1827 1840 2027 2036 2040 2327 2340 4836 
m3028 23 36 40 46 49 1836 1840 1846 1849 2023 2036 2040 2046 2049 2323 2336 2473 2486 2490 2496 3686 4323 4336 4836 
m1631 22 36 41 46 48 1136 1141 1848 2086 2322 2336 2341 2348 4336 
m2174 12 22 23 36 41 46 49 622 623 636 641 649 1123 1136 1141 1191 1822 1823 1841 2322 2323 2336 2341 2349 2472 2473 2486 2491 3136 4323 4336 4812 
m906 17 23 46 2317 2323 2346 3667 4817 4823 4846 
m3311 22 23 36 40 1122 1123 1136 1140 1173 1822 1823 1840 2022 2023 2040 3673 
m1456 22 23 30 38 41 1123 1130 1172 1173 1188 1522 1523 1530 1538 2072 2073 2080 3673 
m1388 14 45 46 714 745 746 2345 4814 
m1415 22 36 41 49 1136 1149 1841 1849 2072 2086 2091 2099 2486 2491 4336 
m754 8 22 36 46 1122 1146 2308 2336 2346 4308 4836 
m683 30 44 45 1530 1544 1545 2230 2244 2245 2280 2294 2295 
m2963 22 45 46 2272 2296 2322 2346 
m2020 13 17 22 45 46 672 872 2263 2267 2295 2296 2313 2317 2322 3363 
m2192 36 49 1849 2486 2499 
m3144 22 37 41 46 1122 1137 1141 1146 1891 2341 4837 
m989 10 13 22 660 663 672 1110 1113 1122 
m2290 46 
m3287 14 714 
m693 5 13 22 45 46 655 1113 1145 1146 2255 2263 2296 2305 2313 
m23 40 46 2040 2046 2346 
m2478 13 36 38 40 1813 1913 1936 1940 2013 2036 
m1748 37 46 49 2337 2346 2487 2496 4837 
m2262 45 
m2735 36 49 1849 2486 2499 
m2459 26 37 46 49 1337 1346 1349 1899 2337 2349 2487 2499 4387 
m1524 6 36 42 45 306 345 1845 2106 2145 2836 4306 4606 4636 
m2277 14 22 36 40 46 722 740 746 1140 1146 1822 1840 2014 2036 2040 2046 2322 2336 2340 2346 3236 4346 4814 
m1122 22 30 46 1522 1546 2322 4846 
m2987 22 23 30 38 1122 1123 1130 1138 1172 1173 1188 1522 1523 1530 1538 3673 
m1509 22 36 41 49 1122 1136 1141 1149 1822 1841 2072 2086 2091 2099 2472 2486 2491 4336 
m2677 22 32 46 1122 1132 1146 2332 2346 
m1225 37 46 2337 2346 4837 4846 
m3528 30 40 45 46 2045 2046 2280 2296 2330 2345 4846 
m3468 41 45 2291 
m3210 33 1683 
m1248 8 22 23 30 46 408 422 423 430 446 1122 1123 1130 1146 1180 1523 1530 1546 2330 4823 
m2185 
m800 22 23 31 36 1123 1131 1136 1172 1173 1573 1822 1823 3673 3686 4086 4323 
m1270 5 40 45 46 2045 2046 2255 2296 2305 
m1808 46 2346 
m1466 14 22 36 40 41 46 714 722 736 741 1822 1836 1841 2014 2036 2041 2046 2072 2314 2322 2336 2341 3236 4314 4586 4814 
m243 22 40 44 46 1140 1144 1146 2022 2040 2044 2046 2222 2240 2246 2322 2340 2344 2346 4846 
m3119 13 38 1913 1938 
m3147 23 30 46 1180 2323 2330 2346 
m1145 17 46 2317 2346 3396 4817 
m2881 40 46 2046 
m2053 38 46 1946 
m1317 18 918 
m2305 36 37 40 46 48 1848 1886 1890 1896 2036 2040 2046 2048 2336 2340 2346 2348 4396 4836 
m2397 37 
m2962 22 37 46 1872 2322 4837 
m1507 14 37 40 46 737 740 746 2037 2046 4837 
m2523 16 23 36 1186 1816 3666 
m3103 36 38 41 46 1838 2096 2338 4346 4586 
m822 33 45 46 1695 2345 4833 
m1479 14 
m769 13 32 38 46 682 1913 1932 1946 2313 2332 
m3300 15 45 795 
m3058 45 46 2295 2296 2345 
m1023 37 39 46 1987 4396 4496 
m3246 41 
m3046 22 38 44 46 1146 1922 1946 2344 2346 4846 
m1829 22 32 36 38 45 46 49 1122 1146 1632 1636 1645 1646 1649 1845 1846 1849 1932 1936 1946 2272 2295 2296 2322 2332 2336 2345 2346 2349 2495 2496 4846 
m1855 13 22 33 36 40 46 1113 1122 1133 1136 1140 1146 1813 1833 1840 1846 2013 2022 2033 2036 2040 2046 2313 2333 4163 
m326 22 23 30 36 41 46 1122 1123 1136 1141 1191 1522 1523 1536 1841 2322 2323 2330 2336 3686 
m1909 37 41 46 2087 2096 4837 
m1968 22 45 2272 
m1513 14 30 714 730 
m1912 22 1122 
m623 17 33 38 45 895 1695 1917 1933 1938 1945 3383 
m484 8 45 46 2258 2296 2308 
m453 13 20 22 33 36 40 670 672 686 690 1022 1033 1036 1040 1672 1686 1690 1822 1840 2022 2036 3183 3536 4336 
m2396 14 32 46 1614 2314 2332 
m577 14 32 36 41 46 736 741 1614 1641 2314 2332 2336 2341 4136 4586 
m810 36 46 48 2436 2446 4836 
m2352 37 46 2346 4396 4837 
m476 22 36 45 46 1136 1146 1845 1846 2336 2345 2346 4836 4846 
m2345 36 37 40 46 49 1837 1849 1899 2036 2037 2046 2049 2336 2349 4837 
m271 14 26 32 726 1614 1626 
m678 13 22 33 1113 1133 4163 
m1577 5 14 22 33 36 40 264 272 283 286 290 722 736 740 1122 1136 1140 1672 1686 1690 1822 2022 2036 3233 
m1160 46 4846 
m1722 22 23 36 40 41 46 1123 1136 1140 1146 1190 1822 1823 1836 1840 1841 2023 2036 2040 2041 2046 2072 2073 2086 2096 2322 2323 2336 2340 2341 2346 3673 3686 4323 4346 4823 
m394 30 38 46 1930 1946 2330 
m3268 7 45 2257 
m3491 32 46 1632 1646 2332 
m426 
m2328 5 36 41 45 46 286 291 1836 1841 2286 2291 2296 2305 2336 2341 4836 
m1898 22 44 46 1146 2322 2344 2346 4846 
m3429 36 40 45 46 1840 1845 2036 2040 2045 2340 2345 4836 
m2737 13 33 4163 
m3355 14 46 714 746 2314 2346 4814 
m74 22 23 30 38 1122 1123 1130 1138 1172 1173 1188 1522 1523 1530 1538 3673 
m597 22 36 40 41 1136 1141 1836 1840 2036 2086 2090 4586 
m105 14 22 46 722 746 2322 
m761 26 46 1326 1346 
m335 28 36 40 1428 1828 1836 2028 2036 3936 4328 
m2344 5 32 36 45 1605 1805 2255 2282 2286 4332 
m589 37 1887 
m1642 22 
m1193 3 30 45 46 180 195 2280 2296 2330 2345 2346 2696 4803 
m245 32 46 1646 2332 2346 
m3186 5 22 36 38 46 49 272 286 296 299 1149 1822 1849 1905 1936 1946 2322 2346 2349 4836 
m1073 32 36 4332 
m3524 46 
m3226 38 40 45 46 1946 2038 2046 2288 2290 2296 
m2515 22 38 44 46 1146 1922 1944 1946 2344 2346 4846 
m3349 14 45 2264 
m2689 15 46 2315 
m2593 23 
m2094 13 22 33 36 40 690 1113 1122 1133 1136 1140 1690 1813 1833 1840 2013 2033 2040 4163 
m1249 45 46 2295 2345 
m2148 
m3087 
m3070 14 36 49 1814 1849 2464 
m2214 38 45 46 1945 1946 2296 
m2719 22 40 44 46 1146 2022 2044 2046 2344 2346 4846 
m2044 14 22 46 722 746 2322 2346 
m1617 5 13 33 46 655 1655 2305 2313 2333 4163 
m1149 22 23 30 36 40 46 49 1122 1123 1130 1136 1140 1146 1172 1173 1180 1186 1190 1522 1523 1530 1536 1540 1546 1822 1823 1830 1840 1846 1849 2022 2023 2030 2036 2040 2046 2049 2322 2323 2330 2336 2340 2346 2349 2472 2473 2480 2496 3696 4823 
m3397 13 22 32 36 40 672 686 690 1113 1136 1140 1613 1622 1636 1640 1822 2022 2036 2040 3186 4336 
m1086 46 2346 
m1867 44 46 49 2344 2349 2494 
m1923 23 45 1195 2295 
m3077 23 36 40 46 49 1836 1840 1846 1849 2023 2036 2046 2049 2323 2336 2473 2486 2490 2496 3686 4323 4336 4836 
m2303 22 36 40 41 49 1122 1136 1140 1141 1149 1841 1849 2022 2036 2041 2049 2486 2491 4336 
m527 16 46 816 846 2346 3346 
m155 37 46 4396 
m3234 6 42 2842 
m2033 13 22 1113 1122 
m2508 14 38 40 45 46 740 745 1914 1938 1940 1945 1946 2290 2340 2345 3246 
m3510 3 32 37 182 187 1882 
m2314 26 40 45 46 1340 1346 2026 2040 2045 2046 2276 2290 2296 2340 
m2802 3 30 153 180 1503 1530 
m2495 13 22 36 40 1113 1122 1136 1140 1813 1840 2013 
m1203 36 38 45 48 1838 1845 1848 1936 1938 1945 1948 2295 2436 2438 2445 2448 4336 
m1506 22 23 1122 1123 1172 
m1729 22 23 36 40 41 1122 1123 1136 1140 1141 1172 1173 1186 1190 1191 1822 1823 1836 1840 1841 2023 2036 2041 2072 2073 2086 2090 2091 3673 3686 4323 4336 4586 
m1863 22 23 30 1122 1123 1130 1172 1173 1180 1522 1523 1530 3673 
m2083 5 13 33 46 263 283 296 696 2305 2313 2333 2346 3183 
m1297 14 40 46 49 2014 2040 2046 2314 2346 2464 2490 2496 4814 
m3536 22 46 1146 
m2934 22 27 36 40 1122 1127 1136 1140 1390 1827 1836 1840 2027 2036 2040 
m3224 36 38 40 45 1838 1936 1938 1940 2036 2038 2286 2288 
m2132 22 45 46 1145 1146 2296 4846 
m1547 22 37 45 46 49 1137 1146 2272 2287 2296 2299 2472 2487 2496 4837 
m2569 23 38 45 46 1195 1923 1945 1946 2323 2345 
m713 11 
m184 22 36 41 1122 1136 1141 1822 2072 4586 
m1689 36 
m3522 22 26 36 45 46 1126 1136 1146 1336 1345 1346 1845 2336 2345 2346 4836 
m2220 
m172 38 45 2288 
m2137 45 46 2296 
m1405 9 14 22 36 49 709 1109 1114 1136 1149 1809 1814 1836 1849 2459 2464 2486 2499 
m470 22 23 30 38 1122 1123 1130 1138 1172 1173 1188 1522 1523 1530 1538 3673 
m1416 22 36 40 41 49 1122 1136 1141 1149 1841 1849 2022 2036 2041 2049 2486 2491 4336 
m313 36 37 40 41 1841 1886 1890 1891 2036 2041 2086 2087 2090 2091 
m1476 14 39 1964 
m1188 47 
m779 14 23 30 46 1514 1523 1546 2314 2323 2330 2346 3664 4814 4823 
m860 45 2295 
m3067 14 22 1114 1122 
m2455 22 23 30 41 1122 1123 1130 1172 1173 1180 1522 1523 1541 2072 2073 2080 3673 
m382 14 46 746 2346 
m2844 14 40 46 714 746 2014 2040 2046 2314 2340 2346 3246 4814 
m1557 
m1118 6 36 42 49 2456 2486 2492 2836 4606 4636 
m2507 37 46 1896 
m151 5 13 14 33 263 283 705 713 733 4163 
m3129 36 40 46 2036 2046 2336 
m854 22 23 36 41 46 49 1136 1146 1149 1191 1836 1841 2323 2336 2341 2473 2486 2491 2496 4323 4336 4836 
m2601 8 408 
m564 5 14 26 45 705 745 1305 1314 1345 2255 
m2272 22 36 46 49 1136 1146 1149 1849 2336 2346 2349 
m1766 36 40 45 1845 2036 2045 
m722 
m353 22 36 40 41 1822 1836 1840 1841 2022 2036 2040 2072 2086 2090 2091 4336 4586 
m392 5 45 46 2255 2296 2305 
m919 11 
m1676 10 30 36 46 1510 1536 1546 1810 1846 2310 2346 
m139 22 44 46 1146 2344 2346 4846 
m421 26 38 46 1926 1946 2326 
m493 32 37 46 1632 1637 1646 2332 2337 2346 4837 
m1001 45 46 2296 2346 
m2951 41 
m1947 8 33 46 433 446 4833 
m1996 22 36 46 49 1136 1146 1846 1849 2349 
m585 12 22 23 36 40 41 46 49 640 1123 1136 1141 1149 1162 1186 1190 1196 1199 1812 1840 1846 1849 2062 2073 2086 2090 2096 2099 2340 2462 2486 2496 3146 3686 4312 4336 
m3551 22 44 46 1122 1144 1146 2344 2346 4846 
m2598 23 36 40 41 44 1186 1190 1191 1194 1840 1841 2041 2240 2241 4736 
m2194 33 38 41 46 1691 1933 1941 1946 2341 4833 
m1207 14 45 714 745 2264 2295 
m2471 5 14 26 33 45 264 276 283 726 1676 2255 2264 2276 2283 3233 
m2747 13 14 22 672 722 3213 
m3114 22 23 1122 1123 1172 
m743 22 44 46 1144 1146 2246 2322 2344 2346 4846 
m2086 13 22 33 36 40 48 672 686 690 1113 1122 1133 1136 1140 1672 1686 1690 1822 2022 2036 2413 2422 2433 2436 2440 3183 
m1362 17 46 2317 2346 4817 
m3288 14 22 36 40 722 736 740 1114 1122 1136 1140 1822 2022 2036 
m1773 45 46 2296 
m2372 38 41 46 1941 1946 2341 
m1230 45 46 2296 
m1448 14 49 2464 
m2715 30 45 46 2280 2295 2296 2330 2346 
m1735 12 14 27 46 712 746 1362 1364 1396 2312 2346 3246 4812 
m2639 32 36 38 41 46 49 1641 1646 1938 1941 1946 1949 2332 2336 2341 2346 2482 2486 2491 2496 4136 4586 
m690 16 32 46 832 2332 4816 
m2453 22 23 36 40 46 49 1172 1822 1823 1836 1840 1849 2022 2023 2036 2040 2046 2049 2322 2323 2336 2349 2473 2486 3686 4336 4346 4836 
m1622 9 13 33 38 463 483 488 688 1688 4163 
m2831 5 13 22 33 36 40 263 272 283 286 290 672 686 690 1113 1122 1133 1136 1140 1672 1686 1690 1822 2022 2036 3183 
m2841 14 27 38 727 1914 1927 
m1284 13 33 4163 
m2650 32 40 1632 2032 
m2498 22 38 45 46 1122 1138 1145 1146 1938 1945 1946 2296 2346 
m940 26 40 46 1326 1340 1346 2026 2046 2326 3826 
m896 14 27 38 727 1364 1377 1388 1914 1927 
m1435 13 22 45 695 1113 1122 1145 
m3509 22 23 36 40 41 1172 1186 1190 1191 1822 1836 1840 1841 2022 2023 2036 2040 2041 2072 2073 2086 2090 2091 3686 4323 4336 4586 
m698 8 25 46 49 408 446 449 1258 1296 2349 
m362 36 45 1845 
m1321 13 22 36 40 672 686 690 1113 1122 1136 1140 1822 2022 2036 
m2160 13 22 33 36 40 672 686 690 1113 1122 1133 1136 1140 1672 1686 1690 1822 2022 2036 3183 
m2231 23 30 45 1195 1523 1545 
m583 5 36 40 46 255 1805 1846 2005 2036 2040 2046 2305 2346 4346 
m1799 22 26 44 46 1122 1144 1146 1322 1326 1344 1346 2344 2346 4846 
m112 22 23 30 36 40 1122 1123 1136 1140 1522 1523 1536 1540 1822 1823 1840 2022 2023 2030 2036 2040 4323 4336 
m2334 22 30 36 40 41 46 1122 1130 1136 1140 1141 1146 1536 1540 1541 1830 1836 1840 1841 2030 2036 2040 2041 2086 2090 2322 2330 2336 2340 2341 
m3218 23 24 40 46 1190 1240 1246 2023 2024 2040 2046 2340 3696 3723 
m1276 37 40 41 46 2037 2046 2087 2090 2096 4837 
m135 46 
m2638 9 36 46 459 486 496 1809 2309 2336 2346 4836 
m3364 30 32 36 40 46 1630 1640 1646 1830 1840 2030 2330 2332 2336 2340 2346 4136 
m710 14 40 740 
m2894 23 27 32 42 1182 1192 1373 1382 1392 1642 
m2716 22 32 46 1122 1132 1146 1622 1632 1646 2322 2332 2346 
m2387 40 45 46 2046 2290 2296 4846 
m2407 22 45 46 1122 1145 1146 2296 2346 
m1852 13 20 33 36 40 41 670 686 690 691 1033 1036 1040 1041 1686 1690 1691 1840 1841 2036 2041 3183 3536 4336 
m2516 22 38 44 46 1146 1922 1944 1946 2344 2346 4846 
m1367 30 46 2330 
m968 22 30 38 45 46 1130 1145 1146 1922 1930 1945 1946 2280 2296 2330 
m1967 14 22 32 46 732 1114 1132 1146 2314 2332 2346 4814 
m2464 37 40 46 49 1899 2037 2046 2049 2337 2340 2346 2349 4396 
m627 14 32 36 41 46 1614 2064 2082 2086 2314 2332 2336 2341 4136 4314 
m2673 22 46 1122 1146 
m2546 23 30 46 1173 1180 1196 1523 1530 1546 2323 2330 2346 3696 4823 4846 
m174 13 22 32 36 40 41 672 686 690 1122 1136 1140 1613 1622 1636 1640 1822 2022 2036 2063 2072 2082 2086 
m3227 
m673 8 37 408 437 
m3416 13 14 22 46 672 722 1113 1114 2313 2322 3213 4814 
m1418 18 45 2268 
m2954 14 49 2464 
m2824 5 13 22 33 655 1113 1122 1133 1655 1672 4163 
m2799 38 
m1254 38 46 1938 1946 
m2055 22 32 37 1622 1872 1882 
m511 27 36 46 48 1827 2327 2336 2436 2446 
m1424 5 36 46 49 255 286 1805 1836 1846 1849 2305 2336 2455 2486 2496 
m2056 22 46 1122 1146 2346 
m1834 36 37 40 41 46 1837 1840 1846 1890 2087 2090 2096 2340 4396 4586 
m796 5 13 22 33 36 40 655 1105 1113 1122 1133 1136 1140 1655 1805 1813 1833 1840 2013 2033 3183 
m2645 22 45 1145 
m1599 32 46 2332 2346 
m2644 5 14 38 45 46 705 745 1905 1914 1945 1946 2255 2305 2345 4814 
m316 13 16 36 40 49 1813 1816 1836 1849 2013 2016 2036 2049 2463 2466 3166 
m1753 5 30 45 46 280 2255 2280 2296 2305 2330 
m2312 22 47 2372 2397 
m2434 22 23 30 36 40 46 49 1122 1123 1130 1136 1140 1146 1172 1173 1180 1186 1190 1196 1523 1530 1536 1540 1546 1822 1823 1830 1840 1846 2022 2023 2030 2036 2040 2046 2330 2346 2472 2473 2486 2490 3696 4336 4346 4823 
m1227 13 45 2263 
m2079 12 23 30 36 41 46 49 630 1180 1812 1830 1846 2062 2073 2080 2086 2096 2323 2330 2462 2473 2480 2486 2491 2496 3123 4323 4812 
m3576 23 30 1523 
m1261 22 23 30 39 41 1123 1130 1139 1141 1523 1973 1980 1991 2073 2080 3673 4473 
m2057 14 46 714 746 2314 2346 4814 
m553 44 46 2344 2346 
m985 12 45 46 645 2345 4812 
m3160 10 21 36 46 521 536 546 1821 2321 2346 4836 
m686 22 23 30 46 1122 1123 1130 1146 1180 1523 1530 1546 2330 2346 4823 
m1300 36 
m103 13 33 45 1695 2263 4163 
m1810 14 23 30 38 730 1180 1514 1523 1530 1538 1914 1923 1930 1938 3223 
m1649 40 46 2340 
m1423 12 14 23 30 46 630 723 730 746 1180 1512 1523 1530 1546 2312 2330 3123 3212 4823 
m3571 5 13 38 46 263 288 296 696 1913 1938 1946 2305 2313 2338 2346 
m3422 9 17 40 46 49 859 896 2009 2017 2046 2049 2309 2346 2459 2467 2496 3396 
m1677 14 46 2314 2346 4814 
m1517 13 33 36 40 48 698 1698 1813 1833 1848 2013 2033 2036 2048 4163 
m1827 22 36 40 1122 1136 2022 2036 2040 
m1990 22 44 46 1146 2322 2344 2346 4846 
m85 43 
m467 5 13 14 33 263 283 705 713 733 4163 
m339 13 33 46 1663 1683 2313 2333 4163 4833 
m1610 13 33 36 40 47 686 690 697 1686 1690 1697 1840 1847 2036 2040 2047 3183 4336 
m3578 37 41 46 2087 2341 4837 
m672 36 46 2336 
m3573 5 13 22 38 46 655 696 1113 1146 1905 1913 1922 1946 2305 
m114 22 23 30 38 1122 1123 1130 1138 1172 1173 1188 1522 1523 1530 1538 1922 1923 3673 
m1329 13 20 22 32 36 40 670 686 690 1113 1120 1136 1140 1613 1620 1622 1636 1640 1820 2020 2036 2040 3186 4336 
m711 32 36 46 2332 2336 2346 4332 4836 
m2156 23 36 40 1190 1840 3686 4336 
m818 1 32 36 38 45 46 82 96 1901 1932 1936 1946 2251 2282 2286 2288 2296 2332 2586 4136 4836 
m994 45 46 2295 2296 2346 
m1492 34 1734 
m621 13 22 36 38 40 41 1113 1136 1138 1140 1141 1813 1840 1913 1922 1936 1938 1940 1941 2013 2063 2086 2088 2090 
m935 9 36 1809 1836 2959 4309 4336 
m575 5 45 46 2255 2296 2305 
m3436 44 46 2246 2344 2346 
m695 22 32 40 46 1146 2022 2032 2040 2046 2332 2346 4846 
m142 22 32 46 1122 1132 1146 2332 2346 4846 
m2247 6 36 42 46 49 2306 2336 2342 2456 2486 2492 2496 2836 4606 4636 
m2149 12 23 30 36 41 612 630 636 641 1191 1523 1541 1812 1823 1830 1836 1841 2062 2073 2086 3123 
m3577 40 45 46 2040 2045 2046 2345 4846 
m3384 14 40 46 740 746 2014 2040 2046 2314 2340 2346 3214 3246 4814 
m2818 22 23 36 40 41 1122 1123 1136 1140 1141 1186 1190 1836 1840 2036 2040 2072 2073 2086 2090 3686 
m1259 14 40 46 2014 2040 2046 2314 2346 4814 
m2154 13 22 45 46 672 2263 2295 2296 2313 2322 2346 4813 
m3455 26 36 46 49 1326 1336 1346 1349 1826 1846 1849 2326 2476 2496 
m227 3 23 30 41 46 180 1180 2053 2073 2080 2096 2303 2330 2673 4823 
m878 32 49 1649 
m2661 13 38 688 1913 1938 
m2175 22 23 30 36 40 46 1122 1123 1130 1136 1140 1146 1172 1186 1190 1522 1523 1536 1540 1546 1822 2022 2036 2322 2336 2340 2346 4823 
m965 22 44 46 1146 2222 2246 2344 2346 4846 
m2827 22 36 41 49 1122 1136 1141 1149 1822 1841 1849 2072 2086 2091 2099 2472 2486 2491 4336 
m3400 22 23 30 36 40 41 46 1122 1123 1130 1136 1140 1141 1146 1172 1173 1180 1186 1190 1191 1523 1536 1540 1541 1841 2023 2036 2041 2073 2080 2086 2090 2091 2322 2323 2330 2341 3673 4323 
m1603 36 45 46 49 1846 1849 2286 2296 2299 2349 
m1872 16 22 44 49 844 849 1116 1144 2494 
m1857 22 23 36 40 41 46 49 1123 1136 1141 1191 1836 1841 2022 2023 2036 2041 2322 2323 2336 2340 2341 2349 2472 2473 2486 2490 2491 2499 4323 4336 4836 
m591 36 45 46 2286 2295 2296 2336 2346 4836 
m3306 8 36 46 49 1808 1846 2308 2336 2458 2486 2496 4336 
m2605 44 46 49 2246 2494 2496 
m2141 22 23 31 46 49 1123 1146 1196 1572 1573 1596 2323 2346 2473 2481 2496 4846 
m2976 5 32 36 38 45 46 49 282 286 288 295 296 1632 1638 1645 1646 1838 1845 1846 1932 1936 1945 1946 2295 2332 2338 2345 2346 2455 2482 2486 2488 2496 4136 4332 4836 
m1546 12 22 37 46 1112 1137 1146 2337 4362 4812 
m1441 14 45 745 
m3095 32 37 1882 
m1242 36 41 46 2341 4341 4836 
m1172 30 36 40 46 49 1549 1830 1836 1846 1849 2030 2036 2040 2046 2049 2330 2349 2480 2499 
m116 22 23 30 36 40 46 49 1122 1123 1130 1136 1140 1146 1149 1172 1173 1522 1523 1530 1540 1546 1822 1823 1830 1840 1846 2022 2023 2030 2036 2040 2046 2322 2323 2330 2336 2340 2346 2349 2480 2486 2490 2496 3696 4823 
m1359 22 45 46 49 1146 1149 2272 2296 2299 2349 2472 2495 2496 
m1948 22 23 30 41 46 1122 1123 1130 1146 1180 1523 1530 1546 2072 2073 2080 2091 2096 2330 4823 
m2311 22 36 41 49 1136 1141 1822 1841 1849 2072 2086 2091 2099 2472 2486 2491 4336 
m3284 36 37 40 46 1840 1886 1890 1896 2036 2037 2040 2046 2336 2340 2346 4346 4837 
m2570 14 30 46 730 746 2330 
m3518 32 1632 
m555 22 46 1122 1146 2322 2346 
m1020 30 45 46 2280 2296 2330 2346 
m283 13 22 36 38 40 672 686 690 1113 1122 1136 1140 1822 1913 1922 1936 1940 2022 2036 
m3432 22 32 36 40 46 49 1622 1646 1822 1832 1836 1840 1846 1849 2032 2036 2046 2322 2482 2486 2490 2496 4332 
m635 14 
m2864 13 45 46 2263 2295 2296 2313 2346 3196 
m3418 37 41 46 2087 2096 4837 
m3462 45 46 2296 
m702 22 23 36 40 46 48 1123 1136 1140 1146 1148 1190 1840 2022 2023 2036 2046 2048 2336 2340 2346 2423 2436 2440 2446 3696 4323 4346 4823 
m958 37 
m39 
m772 18 45 945 
m840 14 32 732 1614 1632 
m2383 8 46 2308 2346 4846 
m3537 46 
m2694 23 46 2346 3696 4823 
m1591 26 46 49 1326 1346 1349 2349 
m592 37 45 1895 
m3068 23 30 36 41 1523 1823 1830 2073 2080 3673 4323 4586 
m2913 45 2295 
m756 37 41 46 2087 2096 4837 
m2911 45 46 2295 2296 2346 
m670 12 38 40 45 46 1912 1945 1946 2012 2038 2045 2046 2262 2296 2312 2346 4812 
m1430 14 36 49 736 749 1849 
m197 22 36 46 49 1136 1146 1149 1822 1846 2322 2336 2346 2472 2486 2496 
m524 41 45 46 2095 2096 2345 
m475 22 36 41 49 1141 1849 2086 2091 2099 4336 
m2957 23 38 45 1923 2273 2288 
m2465 45 46 2345 
m2027 22 35 46 1135 1146 2322 2335 2346 
m3488 36 37 39 40 41 46 49 1837 1839 1840 1841 1846 1849 1889 2037 2039 2046 2087 2089 2090 2096 2487 2490 2491 4396 4839 
m482 22 41 1141 
m3003 38 45 46 1945 2288 2295 2296 2338 2345 
m2880 13 37 4363 
m1605 46 
m582 36 38 48 1838 1848 1936 1948 2436 2438 2448 
m3472 37 40 45 46 1890 2287 2290 2296 2340 4396 
m3483 46 4846 
m1944 36 38 40 45 1845 1936 1938 1940 1945 2036 2045 2286 2295 4336 
m694 30 45 46 2280 2295 2296 2330 2346 
m831 12 14 22 46 622 722 1112 1114 1122 1146 2314 2322 3114 4812 
m1802 5 22 44 46 272 294 296 1144 1146 2246 2305 2322 2344 2346 4846 
m428 14 22 46 722 746 2322 2346 
m1058 45 49 2295 2299 
m1274 20 45 1045 
m856 38 46 1946 2338 2346 
m2773 30 36 40 46 1536 1540 1546 2036 2340 4836 
m2299 22 36 41 49 1136 1141 1149 1841 1849 2072 2086 2091 2099 2486 2491 4336 
m755 22 44 46 1146 2322 2344 2346 4846 
m1893 22 45 46 1146 2272 2296 4846 
m1164 22 23 30 36 40 41 1122 1123 1130 1136 1140 1172 1180 1186 1522 1523 1536 1822 2023 2030 2036 2072 2073 2080 2086 2090 3673 4323 
m1444 39 45 1995 2289 2295 
m1392 22 37 40 46 1140 1146 1872 1890 2340 4396 
m3152 46 2346 
m2779 
m2234 18 
m894 32 1632 
m712 23 38 46 1188 1923 1938 1946 2338 2346 3696 4823 
m2295 36 37 38 40 46 1836 1837 1840 1846 1886 1890 1936 1937 1940 1946 2036 2037 2038 2040 2046 2336 2340 4336 4837 
m1561 38 40 41 46 49 1940 1941 1946 2090 2340 2341 2488 2491 2496 
m1467 45 46 2296 
m2364 14 32 41 741 1614 1641 
m2371 18 45 945 
m2834 14 22 1114 
m867 37 38 46 49 1887 1888 1899 1937 1946 2337 2338 2346 2349 4396 4837 
m3535 22 45 46 1145 2322 2345 
m55 37 46 1896 2337 2346 4837 
m319 17 46 4817 
m2353 38 46 1946 2346 
m1598 22 23 30 1122 1123 1130 1172 1173 1180 1522 1523 1530 3673 
m3015 16 38 46 838 2338 4816 
m2909 26 36 46 1826 2326 2336 2346 4346 
m1959 38 45 1938 1945 2288 2295 
m2402 14 22 36 46 722 736 1822 2314 2322 4836 
m1851 46 
m1641 22 23 30 1122 1123 1130 1172 1173 1180 1522 1523 1530 3673 
m1280 45 46 2345 
m1036 23 41 46 1173 2073 2323 2341 3673 
m2862 36 40 46 48 2036 2040 2046 2048 2336 2346 2348 2436 4836 
m2760 22 23 30 40 41 1130 1140 1180 1523 1530 2022 2023 2030 2072 2090 
m317 22 37 46 1122 1137 1146 1872 2322 4837 
m89 12 45 46 645 2312 2345 
m3037 40 46 2040 2046 
m911 13 22 33 672 1672 3183 
m170 22 44 46 1146 2344 2346 4846 
m2656 22 23 36 49 1123 1136 1149 1173 1186 2473 2486 3673 4323 
m2577 22 44 46 1144 1146 2344 2346 4846 
m2007 32 36 37 1632 1637 1882 1886 1887 4136 4332 
m531 22 38 45 46 1145 1146 1922 1945 1946 2345 
m2215 22 37 40 46 1137 1140 1146 1890 2037 2040 2046 2337 2340 2346 4396 
m1440 8 
m847 46 2346 
m208 11 13 46 563 2311 2313 
m2449 21 1071 
m1316 36 40 46 49 1836 1840 1846 1849 2036 2046 2049 2336 2340 2346 2349 2486 2490 2496 4346 4836 4846 
m567 26 38 45 46 1338 1345 1346 1938 1945 2288 2338 2345 
m949 41 46 2341 
m1768 38 46 1946 
m425 37 45 46 1895 2345 4837 
m1428 12 45 46 645 2345 4812 
m3421 22 45 1145 
m1576 13 22 38 1113 1122 1138 1913 1938 
m504 39 
m1626 22 36 40 41 1822 1836 1841 2036 2041 2072 2086 2090 2091 4586 
m2840 26 37 46 1337 1346 2337 2346 4837 
m3178 36 40 46 49 1836 1840 1846 1849 2036 2040 2046 2336 2340 2346 2349 2486 2490 2496 4336 4346 4836 
m1236 14 36 40 46 1814 1846 2014 2036 2040 2046 2346 4346 4814 
m3266 14 36 40 45 736 740 745 1840 2036 2286 2290 4336 
m2926 5 26 33 45 1305 1333 1345 1655 1695 2255 
m2502 45 
m13 13 22 32 33 36 40 46 690 696 1113 1122 1132 1133 1136 1140 1146 1613 1633 1636 1640 1646 1690 1813 1833 1840 1846 2013 2033 2046 2333 2340 3183 
m2960 22 36 41 46 49 1141 1822 1841 1846 2322 2341 2486 2491 2496 
m2358 28 36 1828 1836 
m668 30 38 45 46 1930 1945 1946 2280 2296 2330 
m3345 12 26 34 45 46 634 645 1312 1334 1345 1346 1734 2284 2334 2345 4812 
m2566 26 32 33 46 1332 1333 1346 1682 2332 4833 
m1755 22 37 40 46 1122 1137 1146 2022 2037 2040 2046 2322 2337 2346 4837 
m3166 22 45 46 1146 2272 2296 
m1062 22 23 36 40 41 46 1122 1123 1136 1140 1141 1146 1190 1191 1822 1823 1836 1840 1841 1846 2022 2023 2036 2040 2041 2046 2323 2336 2340 2341 3673 3686 4323 4336 
m321 11 45 595 
m1511 5 31 36 255 281 286 1555 1581 1586 1805 1831 1836 
m533 40 41 46 2046 2090 2096 2340 2341 2346 
m3461 32 36 40 46 1832 2032 2036 2332 2336 2340 2346 4136 4336 4836 
m43 23 30 36 40 46 1173 1190 1196 1523 1536 1540 1546 1823 1840 2023 2046 2340 3696 4323 4346 
m411 36 42 4636 
m62 45 46 2295 2345 2346 
m2876 22 40 46 1140 1146 2046 
m1484 23 36 40 46 49 1186 1196 1836 1846 2023 2036 2046 2323 2473 2486 2490 2496 3673 4323 4836 
m1004 17 22 44 46 49 899 1144 1146 2217 2246 2317 2344 2346 2349 3396 4817 4846 
m2614 14 46 714 746 2346 3246 
m3238 27 36 48 49 1386 1398 1399 1827 1848 1849 2486 2498 2499 4336 
m1107 45 46 2296 
m662 22 23 30 36 40 41 46 1122 1123 1130 1136 1140 1141 1146 1172 1173 1180 1186 1190 1191 1523 1536 1540 1541 1841 2023 2036 2041 2072 2073 2080 2086 2090 2091 2096 2322 2323 2330 2341 3673 4323 
m3381 22 33 46 1672 1696 2322 
m46 10 30 36 37 46 1510 1536 1546 1810 1860 1880 1886 1896 2310 2346 4836 
m616 36 49 1836 1849 
m937 23 30 38 46 1180 1923 1930 1946 2330 2346 4823 
m2235 5 32 36 1605 1636 1805 
m128 36 45 49 1849 2286 2299 
m2370 22 45 46 1145 1146 2345 
m2752 28 32 36 38 40 46 1628 1632 1636 1640 1646 1828 1832 1836 1932 1936 1940 1946 2028 2032 2036 2040 2046 2328 2332 2336 4136 4332 4836 
m483 37 38 39 46 49 1899 1937 1946 1987 1988 1996 1999 2337 2346 2349 4496 4837 
m2853 23 38 45 1923 2273 2288 
m612 44 46 49 2246 2494 2496 
m358 12 49 649 2462 
m776 23 30 38 45 46 1180 1923 1930 1946 2273 2280 2288 2296 2323 2330 2338 2346 4823 
m2581 36 49 1836 1849 2499 
m1181 16 32 40 44 46 832 844 1644 2016 2032 2044 2046 2316 2332 2344 
m1370 5 13 14 23 33 655 705 713 1155 1163 1164 1183 1655 1664 4163 
m2513 22 38 44 46 1146 1922 1944 1946 2344 2346 4846 
m252 22 36 40 46 49 1822 1846 1849 2022 2036 2040 2046 2049 2322 2472 2496 
m2607 5 36 45 46 49 286 296 299 1836 1846 1849 2255 2286 2296 2299 2336 2349 
m992 45 46 2295 2296 2346 
m3159 10 36 40 49 536 1810 1836 1849 2010 2036 2049 2460 2486 
m2910 5 13 14 33 655 705 713 1655 1664 4163 
m1533 26 46 1346 2346 
m1542 12 13 22 36 40 622 636 640 672 686 690 1112 1113 1122 1136 1140 1822 2022 2036 3162 
m2090 22 37 38 46 49 1137 1146 1899 1922 1937 1938 1946 1949 2349 4396 
m2271 12 23 36 46 49 636 649 1199 1849 2336 2349 3123 3686 4812 4823 
m1798 13 38 46 688 1913 1946 2338 4813 
m2859 22 23 30 36 41 1123 1130 1136 1523 1823 1830 2072 2073 2080 3673 4323 4586 
m2315 42 45 2145 
m1724 14 32 36 44 46 736 1614 2214 2232 2236 2314 2332 2336 2344 4136 4846 
m2378 39 40 41 46 1990 1991 1996 2040 2046 2090 2096 
m1485 14 36 40 49 749 1814 1849 2014 2036 
m703 45 46 2295 2345 2346 
m3012 22 44 46 1146 2322 2344 2346 4846 
m3018 28 37 38 39 46 1878 1928 1937 1938 1939 1946 1978 1987 2328 4396 4496 
m3505 23 30 41 45 1180 1191 1541 2273 2280 2291 
m3048 5 22 46 1105 1146 2305 
m1630 
m1064 22 44 46 1144 1146 2246 2344 2346 4846 
m828 22 36 46 1122 1136 1146 1822 1846 2322 
m44 36 46 2336 2346 4836 
m594 27 32 38 46 1382 1396 1927 1932 1946 2332 
m481 22 37 46 1872 2322 4837 
m586 37 1887 
m1717 5 23 37 46 49 299 1155 1173 1199 1855 1873 1899 2305 2323 2349 4837 
m1213 13 46 696 
m3140 23 26 30 36 40 45 49 1173 1186 1190 1195 1323 1330 1336 1345 1349 1523 1526 1530 1536 1545 1549 1836 1840 1845 2036 2045 2473 2486 2495 3686 4323 4336 
m1580 22 23 36 45 1122 1123 1136 1172 1173 1186 2272 2273 3673 
m375 13 36 40 49 2013 2036 2463 2486 2490 4313 
m2561 46 2346 
m1960 10 32 46 1610 1632 1646 2310 2346 
m946 17 46 2317 2346 4817 
m1125 5 13 33 263 283 3183 
m3033 22 30 36 40 46 1122 1130 1136 1140 1146 1822 1830 1840 1846 2022 2030 2040 2046 2322 2330 2340 2346 
m2472 14 36 1814 4314 4336 
m433 26 45 46 1345 1346 2295 2345 
m2447 22 23 30 1123 1172 1173 1180 1522 1523 1530 3673 
m2860 8 37 46 437 446 4837 
m3563 26 46 2326 2346 
m1924 27 32 1382 
m1015 37 41 46 2087 2096 4837 
m748 22 44 46 1146 2344 2346 4846 
m202 36 38 1936 
m102 22 23 30 36 46 49 1122 1123 1130 1146 1149 1172 1173 1180 1199 1522 1523 1530 1549 1822 1823 1846 1849 2322 2323 2330 2349 2472 2473 2480 2496 3673 4823 
m1519 22 40 46 1146 2340 
m2606 13 33 36 49 663 683 686 699 1663 1683 1686 1699 1833 1849 2463 2483 2486 3183 
m1516 7 22 46 1107 1122 1146 2307 2346 
m442 14 46 714 746 2314 2346 3246 4814 
m1614 12 40 46 2012 2046 4812 
m1469 28 
m1268 12 14 45 46 645 712 745 2312 2314 2345 2346 4814 
m3503 22 36 40 1122 1136 1140 2022 2036 2040 
m3231 22 41 46 1122 1141 1146 2341 
m1942 18 45 945 2295 
m2158 22 30 36 40 46 1122 1130 1136 1140 1146 1536 1540 1546 1836 1840 1846 2022 2030 2036 2040 2046 2322 2330 2336 2340 2346 4346 
m2652 13 36 40 46 696 1813 2013 2036 2040 2046 4346 
m3202 13 33 3183 
m1157 13 22 40 46 1113 1122 1146 2013 2022 2046 2313 
m3213 14 46 714 746 2314 2346 4814 
m644 13 22 46 1113 1122 1146 2313 2322 2346 
m1989 32 36 46 1636 2332 2336 2346 4332 4336 4836 
m332 13 22 33 36 40 45 672 686 690 695 1122 1136 1140 1672 1686 1690 1822 2022 2036 2272 2283 2286 2290 3183 
m1663 22 23 27 36 40 1122 1123 1127 1136 1140 1190 1372 1373 1386 1390 1823 1840 2023 2040 
m560 34 45 2284 
m1349 22 23 30 46 1122 1123 1130 1146 1180 1522 1523 1530 1546 2330 4823 
m2028 21 23 45 1171 2271 2273 
m696 22 23 30 1122 1123 1130 1172 1173 1180 1522 1523 3673 
m1420 8 37 46 408 437 446 1858 2308 4396 
m3237 13 22 33 36 40 672 686 690 1113 1122 1133 1136 1140 1672 1686 1690 1822 2022 2036 3183 
m2594 22 23 30 38 41 1122 1123 1130 1138 1172 1173 1188 1522 1523 1530 1538 2072 2073 2080 3673 
m3545 37 45 1895 
m2823 22 36 37 40 46 1122 1136 1137 1140 1146 1822 1837 1840 1846 1872 2022 2037 2046 2322 2336 2340 2346 4396 4837 
m2690 5 22 1105 1122 
m1399 13 33 46 1696 2313 4163 
m2248 5 13 22 26 33 46 263 283 672 1305 1313 1322 1333 1346 1672 2305 2313 2322 2333 4163 
m1919 33 36 46 1686 2333 2336 2346 4833 
m367 8 45 46 49 408 446 449 2258 2296 2299 2349 
m1974 12 30 45 630 2262 2280 
m1006 5 22 37 45 1105 1122 1137 1145 1855 1895 2255 
m1807 3 22 30 38 172 180 188 1522 1922 1930 1938 
m2245 5 13 22 26 33 46 263 283 672 1305 1313 1333 1346 1672 2305 2313 2322 2333 4163 
m270 22 36 40 46 49 1146 1822 1840 1846 1849 2036 2046 2049 2322 2340 2472 2496 4846 
m3335 36 46 49 1849 2336 2346 2349 4836 
m1406 9 14 36 49 709 1809 1814 1836 1849 2459 2464 2486 2499 
m904 5 14 30 46 705 730 1505 2305 2314 2330 2346 4814 
m2796 14 22 44 46 1114 1144 1146 2214 2246 2314 2322 2344 2346 3246 4846 
m862 32 45 1645 
m1256 14 22 39 40 46 740 1114 1122 1139 1140 1146 1990 1996 2014 2040 2046 2340 3246 4464 
m312 36 38 46 49 1849 1936 1946 2336 2346 2349 4836 
m2167 36 49 1849 
m2268 18 46 2318 
m825 22 38 46 1146 1922 1946 
m2851 30 36 46 49 1830 2330 2336 2480 2486 2496 
m2836 12 45 46 645 2345 4812 
m2907 26 37 46 1876 2326 2337 
m2975 22 23 30 46 1123 1130 1146 1180 1523 1530 1546 2330 4823 
m2253 13 22 36 38 40 1113 1122 1136 1138 1140 1813 1840 1913 1936 1940 2013 
m1891 23 30 45 46 1195 1523 1545 1546 2295 2345 4823 
m1797 23 
m3199 23 30 40 1173 1190 1523 1530 1540 2023 2030 2040 3673 
m2296 46 
m2046 22 40 46 1146 2022 2046 2346 
m2165 23 30 45 46 1180 1195 1196 2280 2296 2330 2345 2346 3696 4823 
m3414 46 
m1596 22 23 30 36 40 41 46 1122 1123 1130 1136 1140 1141 1146 1191 1523 1536 1541 1546 1841 1846 2023 2030 2036 2040 2041 2046 2072 2073 2091 2341 3696 4323 
m266 5 14 32 705 1605 1614 
m3428 14 22 46 714 722 746 2322 3246 
m806 22 32 46 1132 1146 2332 
m1452 13 22 33 36 49 1113 1133 1136 1149 1813 1833 1849 2463 2483 2486 2499 4163 
m1943 30 37 46 1880 2330 4837 
m473 33 46 2333 2346 4833 
m3451 12 26 45 46 645 1312 1345 1346 2345 4812 
m829 
m1559 14 22 32 46 1114 1132 1146 1614 2314 2332 
m1139 37 45 1895 
m3223 45 46 2295 2296 
m2753 22 23 36 40 1122 1123 1136 1140 1173 1823 1840 2023 2040 3673 
m436 22 40 46 1140 1146 2046 
m3263 5 45 46 2255 2296 2305 2345 4846 
m3293 22 36 40 46 48 1822 2022 2036 2322 2336 2340 2436 2440 2446 
m203 3 38 45 195 1903 1938 1945 
m942 37 46 1896 
m226 23 45 1195 
m2849 12 14 23 30 41 46 641 723 730 741 1191 1512 1514 1523 1530 1541 2312 2314 2330 2341 3212 3662 4823 
m1121 22 30 46 1522 1546 2322 4846 
m2004 32 36 38 46 49 1632 1636 1649 1849 1932 1936 1946 2332 2336 2349 
m3408 
m191 38 45 46 1938 1945 1946 2345 
m2309 13 22 1113 
m541 22 36 40 46 1122 1136 1140 1822 2022 2036 2040 2322 2336 2340 4336 
m372 14 22 722 1114 1122 
m1325 23 45 46 1195 2295 2345 2346 4823 
m1380 17 38 46 867 896 1917 1946 
m685 23 30 45 46 1195 1523 1545 1546 2323 2330 2345 2346 3696 4823 4846 
m2255 23 30 38 46 1188 1523 1530 1538 1923 1930 1938 1946 2323 2330 2338 2346 
m1414 22 36 40 41 49 1122 1136 1140 1141 1149 1841 1849 2022 2036 2041 2049 2072 2086 2090 2091 2099 2486 2491 4336 
m1849 23 36 40 41 46 49 1191 1836 1841 2023 2036 2041 2073 2086 2090 2091 2096 2099 2323 2336 2340 2341 2349 2473 2486 2490 2491 2499 4323 4336 4836 
m132 13 46 2313 
m512 45 2295 
m1088 36 
m1488 22 23 1123 1173 3673 
m2942 22 36 40 46 1136 1146 1836 1840 1846 2036 2046 2336 2340 2346 4836 
m1493 14 37 40 46 737 740 746 2037 2046 4837 
m510 32 36 41 46 1636 1641 1841 2332 2336 2341 4136 4336 4341 4836 4846 
m3030 40 46 49 2040 2046 2340 2490 2496 
m3447 22 23 36 40 41 46 49 1122 1123 1136 1140 1141 1149 1173 1186 1190 1822 1823 1836 1841 1849 2022 2023 2036 2040 2046 2072 2073 2086 2322 2323 2336 2341 2349 2472 2473 2486 2491 3673 3686 4323 4336 
m344 21 36 41 1821 2071 4341 
m3164 13 22 33 36 40 672 1113 1122 1133 1136 1140 1672 1813 1822 1833 1840 2013 2022 2033 4163 
m2021 13 46 4813 
m2101 36 40 46 1840 2336 2340 
m2376 12 46 49 2349 2462 4812 
m778 14 38 46 1914 1946 2346 4814 
m1784 11 
m1601 13 38 46 1913 1946 4813 
m1323 5 23 27 41 273 291 1355 1373 1391 2073 3673 
m134 5 36 37 38 45 46 286 295 1845 1855 1886 1895 1936 1937 1938 1946 2305 2336 2337 4336 
m1223 37 46 1887 1896 2337 2346 4837 
m2843 36 45 46 1845 2336 2345 2346 4836 
m782 34 38 46 1734 1934 2334 2338 2346 
m2806 22 46 1146 
m1167 13 22 33 36 40 672 686 690 1113 1122 1133 1136 1140 1672 1686 1690 2036 3183 
m291 26 
m1147 45 2295 
m2778 22 40 46 1140 1146 2340 
m2654 46 
m2111 22 23 30 41 46 1122 1123 1130 1141 1146 1172 1173 1180 1191 1522 1523 2072 2073 2080 2322 2323 2330 2341 3673 
m1886 14 45 745 
m2415 45 
m3247 13 37 4363 
m1146 33 38 46 1688 1938 1946 2338 4196 
m2343 36 40 46 49 1849 2036 2040 2046 2049 2336 2346 2349 4336 4836 
m3298 5 33 45 46 1655 1695 2255 2305 2345 4833 
m1697 5 13 38 45 46 263 296 1905 1913 1946 2255 2263 2288 2296 2313 
m3072 22 36 40 46 1122 1136 1146 1822 2022 2036 2322 2336 2340 2346 4836 
m149 22 
m2232 12 36 45 46 636 645 1845 2312 2336 2345 2346 4812 4836 
m2898 23 32 42 1182 1192 1642 
m3579 36 40 1836 1840 2036 2040 
m389 11 13 22 38 563 572 588 688 1113 1138 
m1788 38 46 1946 
m664 22 36 40 46 1122 1136 1140 1146 1840 2022 2040 2046 2322 2336 2340 2346 
m2750 45 46 2345 
m642 32 36 41 46 1641 1646 2332 2336 2341 2346 4136 4586 
m250 5 13 33 36 46 263 283 1805 1813 1833 2305 2313 2333 4163 4836 
m145 22 46 1146 
m821 22 30 36 40 41 46 1136 1141 1146 1541 1822 1830 1841 2022 2046 2086 2096 2336 
m817 26 32 36 38 46 1332 1336 1346 1832 1926 1932 1936 1946 2332 2336 2346 4836 
m3085 3 26 46 1303 1346 2346 4803 
m2034 37 40 46 49 1899 2037 2046 2049 2337 2340 2346 2349 4396 
m78 44 46 49 2246 2494 2496 
m2458 22 23 30 38 41 1122 1123 1130 1138 1172 1173 1188 1522 1523 1530 1538 2072 2073 2080 3673 
m465 36 45 1845 
m1426 5 45 295 
m3475 31 45 2281 
m3513 23 36 40 46 49 1836 1840 1846 1849 2023 2036 2040 2046 2049 2323 2336 2473 2486 2490 2496 3686 4323 4336 4836 
m727 22 36 37 40 46 1122 1136 1137 1140 1146 1886 1890 2036 2037 2040 2046 2322 2336 2337 2340 2346 4396 
m2988 14 36 38 46 48 736 746 748 1848 1914 1936 1938 1946 1948 2314 2336 2338 2346 2348 
m2300 22 36 40 41 49 1136 1141 1822 1836 1840 1841 1849 2036 2072 2086 2090 2091 2472 2486 2491 4336 
m1520 22 37 1122 1137 1887 
m2726 22 23 1122 1123 1172 1173 3673 
m2035 22 36 40 46 49 1122 1136 1140 1146 1822 1840 1846 1849 2022 2036 2046 2322 2336 2340 2346 2349 2486 2490 2496 4336 4346 4836 
m689 23 30 46 1196 1523 1530 1546 2323 2330 2346 3696 4823 
m2439 37 
m354 13 22 33 36 38 40 1113 1122 1133 1136 1138 1140 1813 1833 1838 1840 1913 1933 2013 2033 2038 4163 
m369 11 13 45 563 595 695 
m1639 23 
m1858 12 36 40 41 46 49 636 640 641 649 1836 1840 1841 2036 2041 2336 2340 2341 2349 2486 2490 2491 3136 4336 4812 
m2793 22 23 30 46 1122 1123 1130 1146 1180 1523 1530 1546 2330 2346 4823 
m360 5 22 36 46 49 272 286 296 299 1149 1822 1849 2322 2346 2349 4836 
m1131 36 
m1585 5 45 295 2255 2295 
m1532 13 17 46 2313 2317 3363 
m2580 11 13 33 563 583 4163 
m2814 5 7 36 46 49 286 296 299 355 386 396 1836 1849 2336 2346 2349 2486 2499 4836 
m2885 40 45 46 2040 2045 2046 2345 
m768 22 40 44 46 1146 2044 2046 2246 2344 2346 4846 
m477 12 30 38 40 46 630 1912 1930 1946 2012 2030 2038 2040 2046 2312 2330 2346 4812 
m1045 45 46 2296 2346 4846 
m1790 6 42 46 346 2146 2842 
m1658 14 22 38 738 1114 1138 1914 1922 1938 
m1900 3 13 22 23 172 672 1163 1172 2663 3653 
m1826 36 41 46 49 1841 1846 2341 2346 2486 2491 2496 
m1421 23 45 1195 2273 2295 
m1112 46 2346 
m3383 27 45 46 2277 2296 2327 2346 
m400 5 37 46 1855 2305 4837 
m2124 32 46 48 2332 2348 2432 
m3025 14 22 23 30 36 40 41 741 1123 1130 1136 1140 1141 1191 1523 1536 1540 1541 1823 1841 2023 2036 2041 2072 2073 2080 2086 2090 2091 3673 4323 
m92 22 46 1146 2322 2346 
m2349 29 46 2329 2346 
m2164 22 36 37 40 46 1122 1136 1137 1140 1146 1822 1836 1837 1840 1846 1890 2022 2036 2037 2040 2046 2322 2336 2337 2340 2346 4837 
m1819 23 30 36 40 46 49 1180 1830 1836 2023 2030 2036 2046 2049 2323 2330 2336 2473 2480 2486 2496 4323 4836 
m2201 38 45 46 49 1946 2299 2345 2346 2349 
m1934 14 28 36 728 736 1828 1836 
m3575 23 30 36 39 40 41 1173 1186 1189 1190 1191 1523 1536 1539 1541 1823 1973 1986 1990 1991 2023 2036 2073 2086 2089 2090 2091 3686 4336 4586 
m3331 45 46 2295 2345 
m849 46 2346 
m2861 27 36 46 48 1827 2327 2336 2436 2446 
m1369 36 40 41 1836 1840 2036 2086 2090 2091 4586 
m2597 22 26 44 46 1146 1322 1344 1346 2326 2344 2346 4846 
m2980 36 
m1128 22 46 2322 
m973 13 23 30 46 696 1163 1173 1180 1196 1513 1523 1530 1546 2313 2323 2330 2346 3196 3663 3696 4823 
m1408 36 38 40 41 1841 1941 2036 2041 2086 2090 2091 
m3193 22 23 49 1122 1123 1173 1199 2473 3673 
m193 14 30 46 730 2330 4814 
m3272 32 36 1832 
m3342 14 21 45 46 721 745 2271 2321 2345 4814 
m1535 10 32 46 1610 1646 2310 
m2751 46 
m2266 37 39 40 46 1890 1987 1990 2340 4396 4496 
m516 46 
m729 22 44 46 1146 2246 2344 2346 4846 
m1232 5 45 46 2255 2305 2345 2346 
m636 22 32 36 37 40 1122 1136 1137 1140 1622 1636 1637 1640 1822 1872 1886 1890 2022 2036 
