m2357 22 30 36 40 46 1122 1136 1146 1522 1536 1822 2022 2030 2036 2322 2330 2336 2340 2346 4836 
m2920 26 46 2326 2346 
m67 23 30 36 40 46 1173 1190 1196 1523 1536 1540 1546 1823 1840 2023 2046 2340 3696 4323 4346 
m546 22 37 41 46 1137 1141 1146 2087 2096 4837 
m1803 32 36 4332 
m2833 23 36 40 46 49 1836 1840 1846 1849 2023 2036 2040 2046 2049 2323 2336 2473 2486 2490 2496 3686 4323 4336 4836 
m2939 23 30 1523 
m28 5 36 45 286 295 1845 4336 
m2431 45 2295 
m2071 23 36 40 46 49 1836 1840 1846 1849 2023 2036 2040 2046 2049 2323 2336 2473 2486 2490 2496 3686 4323 4336 4836 
m742 22 34 36 1136 1834 
m2553 13 33 36 40 46 690 1813 1833 1840 2033 2313 2333 3183 4836 
m428 22 36 40 46 49 1822 1846 1849 2022 2036 2040 2046 2049 2322 2472 2496 
m692 44 46 49 2344 2349 2494 
m320 23 45 1195 2295 
m1741 23 30 46 1180 1523 1546 2330 2346 4823 
m1877 26 36 46 1826 2326 2336 2346 4346 
m1093 29 36 48 1486 1829 1836 1848 2429 2436 2448 4336 
m1869 13 33 1663 1683 4163 
m1437 27 38 46 1927 1946 2327 
m110 6 42 46 346 2146 2842 
m1383 22 30 36 40 41 46 1136 1141 1146 1541 1822 1830 1841 2022 2046 2086 2096 2336 
m1389 22 36 46 1122 1136 1146 1822 1846 2322 
m1620 3 38 153 188 1903 
m307 13 22 36 38 40 1113 1122 1136 1138 1140 1813 1840 1913 1936 1940 2013 
m1224 22 44 46 1146 2344 2346 4846 
m966 36 41 1841 2086 
m814 26 46 1346 
m2106 22 23 30 44 46 1130 1144 1146 1180 1523 1546 2223 2230 2246 2323 2330 2344 2346 4823 4846 
m1617 22 23 36 41 46 49 1141 1172 1191 1822 1823 1841 1846 2322 2323 2341 2472 2473 2486 2491 2496 
m1464 22 23 30 41 49 1123 1130 1173 1523 2072 2073 2080 2473 2480 2491 3673 
m1452 45 49 2295 2299 
m616 5 45 295 
m1361 22 32 46 1132 1146 2332 
m2945 13 22 23 32 36 40 41 672 673 686 690 691 1122 1123 1136 1140 1141 1186 1190 1191 1613 1622 1623 1636 1823 1840 1841 2023 2041 3673 
m959 22 46 1122 1146 2322 2346 
m948 45 2295 
m289 22 23 30 1122 1123 1130 1172 1173 1180 1522 1523 1530 3673 
m2773 31 45 2281 
m1702 22 46 1146 
m2622 14 23 36 40 46 1814 1823 1846 2014 2023 2036 2040 2046 2314 2323 2346 3664 4346 4814 4823 
m1708 22 37 1122 1137 
m2160 5 45 295 
m1561 14 22 45 745 1114 1145 
m713 36 40 46 1836 1840 1846 2036 2040 2046 2336 2340 2346 4336 4346 
m1551 23 26 30 38 46 1180 1323 1330 1338 1346 1923 1930 1946 2330 2346 4823 
m991 32 36 41 46 1641 1646 2332 2336 2341 2346 4136 4586 
m1355 22 44 46 1146 2322 2344 2346 4846 
m418 22 36 46 49 1136 1146 1846 1849 2349 
m2443 14 36 40 45 736 740 745 1840 2036 2286 2290 4336 
m1231 23 36 40 46 48 1190 1823 1836 1840 1846 1848 2023 2036 2040 2046 2048 2336 2340 2346 2423 2436 2446 3686 3696 4323 4346 4823 4836 
m2137 5 41 2055 
m1165 23 30 45 46 1195 1523 1545 1546 2323 2330 2345 2346 3696 4823 4846 
m391 45 46 2345 
m2781 9 13 33 38 463 483 488 688 1688 4163 
m1075 23 45 46 1195 2323 2345 
m1497 36 40 45 46 1836 1840 2036 2040 2046 2286 2290 2296 2340 4346 
m1001 36 38 48 1838 1848 1936 1948 2436 2438 2448 
m2519 5 13 14 33 263 283 705 713 733 3183 
m295 13 22 45 695 1113 2263 2272 2295 
m2839 32 1632 
m548 22 37 46 1122 1137 1146 1872 2322 4837 
m1748 23 41 46 1173 2073 2323 2341 3673 
m647 22 23 32 46 1123 1132 1146 1182 1196 2332 
m2919 5 36 45 46 286 295 1845 2255 2286 2295 2305 2336 2345 4336 
m1542 22 38 45 46 1122 1146 1922 1938 1945 1946 2272 2288 2295 2296 2346 
m1512 32 1632 
m1287 30 36 40 46 49 1549 1830 1836 1846 1849 2036 2040 2046 2330 2349 2480 2499 
m2495 14 32 40 46 732 1632 1646 2014 2032 2046 2332 3246 
m2076 46 
m1145 22 23 36 40 46 49 1172 1822 1836 1849 2022 2023 2036 2046 2049 2322 2323 2336 2349 2472 2473 2486 4323 4336 4836 
m1517 14 40 46 2014 2046 2314 2346 4814 
m2302 22 37 40 46 1872 2037 2040 2046 2322 2337 2346 4837 
m1798 46 2346 4846 
m2255 23 45 46 1195 2295 2345 2346 4823 
m2227 23 30 46 1180 2323 2330 2346 
m24 13 22 32 33 36 40 46 690 696 1113 1122 1132 1133 1136 1140 1146 1613 1633 1636 1640 1646 1690 1813 1833 1840 1846 2013 2033 2046 2333 2340 3183 
m1633 22 44 46 1146 2222 2244 2246 2344 2346 4846 
m2884 5 13 33 45 655 1655 1695 2255 2263 4163 
m1816 40 45 46 2046 2290 2296 
m801 36 40 41 46 1841 2036 2040 2041 2046 2086 2090 2091 2096 2336 2340 2341 2346 
m975 22 37 40 46 1137 1146 2022 2037 2040 2046 2322 2337 2346 4837 
m2804 32 46 1632 1646 2332 
m237 22 32 46 1122 1132 1146 2332 2346 4846 
m1584 36 46 2336 2346 4836 
m1401 22 23 30 45 46 1122 1123 1130 1145 1146 1195 1522 1523 1530 1545 1546 2273 2280 2295 2296 2322 2330 2345 2346 3696 4823 
m259 22 32 36 40 46 1122 1132 1136 1140 1622 1632 1636 1640 1840 2040 2322 2332 2336 2340 2346 
m2908 36 45 46 1845 2336 2345 2346 4836 
m46 14 23 36 40 46 49 749 1814 1823 1846 1849 2014 2023 2036 2046 2314 2323 2336 2346 2349 2473 3223 4814 4823 
m1441 32 45 1645 
m1948 22 44 46 1146 2344 2346 4846 
m1725 22 36 37 40 46 1122 1136 1137 1140 1146 1822 1837 1840 1846 1872 2022 2037 2046 2322 2336 2340 2346 4396 4837 
m1175 5 13 22 45 46 655 1113 1145 1146 2255 2263 2296 2305 2313 
m396 5 14 32 705 1605 1614 
m2008 14 45 714 745 2264 2295 
m677 12 14 36 40 41 46 636 640 641 736 740 741 1841 2036 2041 2314 2336 2340 2341 3114 3236 4336 4812 
m1587 22 23 36 1123 1136 3686 
m2914 13 33 49 2463 2483 4163 
m223 13 46 2313 
m666 5 45 46 2255 2296 2305 
m2212 22 26 33 1126 1133 1676 
m230 22 23 30 41 46 1122 1141 1146 1191 1523 1530 1541 1546 2073 2080 2091 2096 2322 2323 2330 2341 2346 
m351 22 36 40 41 45 1122 1136 1140 1836 1840 2036 2040 2072 2086 2272 2286 2291 
m2482 14 32 36 46 732 736 746 1832 2332 2336 2346 3246 4836 
m1750 41 46 2341 
m403 6 42 4606 
m1153 13 22 33 1113 1133 4163 
m1291 14 36 40 46 1846 2014 2036 2040 2046 4314 4814 
m1616 13 16 3313 
m1311 22 44 46 1146 2322 2344 2346 4846 
m1156 22 41 1122 1141 2072 
m734 30 46 1546 2330 4846 
m1655 
m65 9 36 45 46 486 495 496 1845 2309 2336 2345 2346 
m2614 22 37 46 1137 1146 2337 2346 4837 
m1626 22 44 46 1146 2222 2246 2344 2346 4846 
m1577 9 36 1809 1836 2959 4309 4336 
m808 14 32 48 732 2414 2432 
m536 40 46 2040 2046 2340 
m541 22 37 38 46 49 1137 1146 1899 1922 1937 1938 1946 1949 2349 4396 
m2510 22 45 46 1145 1146 2296 
m470 13 22 1113 1122 
m774 23 30 45 1195 1523 1545 
m1204 11 
m2790 46 4846 
m74 22 36 41 1122 1136 1141 1822 2072 4586 
m767 2 45 46 2252 2296 2302 
m577 22 23 41 1122 1123 1141 1172 1173 1191 3673 
m2819 45 46 2296 2345 4846 
m789 22 36 40 41 45 46 49 1122 1136 1140 1146 1149 1836 1841 1846 2036 2041 2046 2272 2295 2296 2299 2336 2341 2346 2472 2486 2490 2496 2499 4341 4836 
m384 45 46 48 2345 2445 2446 
m2113 23 45 1195 2273 2295 
m529 22 32 36 46 49 1622 1649 1822 1832 1849 2322 2332 2336 2346 2349 2472 4136 4336 4836 
m193 13 22 36 38 40 672 686 690 1113 1122 1136 1140 1822 1913 1922 1936 2022 2036 
m816 45 46 2296 
m503 32 49 1632 2482 
m1406 30 39 1980 
m2047 11 13 33 563 583 661 1661 4163 
m502 30 46 2330 2346 
m1667 12 45 46 645 2345 4812 
m626 8 45 46 49 408 446 449 2258 2296 2299 2349 
m1927 22 46 1146 
m2572 14 30 714 730 
m121 36 48 1836 1848 2436 2448 
m400 36 43 49 1849 2186 2199 
m1729 13 20 22 33 36 40 45 672 686 690 1013 1022 1036 1040 1045 1113 1122 1133 1136 1140 1145 1672 1686 1690 1813 1822 1833 1836 1840 2013 2022 2033 2036 2040 2272 2286 2290 2295 3183 
m82 45 46 2296 
m885 36 49 1836 1849 2486 2499 
m2339 33 1683 
m63 12 23 36 41 46 636 1823 2062 2073 2096 2336 3123 4586 4812 4823 
m308 2 36 45 46 145 1845 2252 2286 2295 2302 2345 2636 4836 
m999 37 38 40 46 1890 1937 1938 1946 2340 4837 
m2588 6 36 42 45 306 345 1845 2106 2145 2836 4306 4606 4636 
m559 36 40 46 1840 2336 2340 
m1191 13 22 41 691 1113 1122 1141 
m2860 13 22 36 38 40 1113 1122 1136 1138 1140 1813 1840 1913 1936 1940 2013 
m2449 15 22 46 772 2322 4815 
m2792 5 13 14 38 46 655 705 746 1913 1914 1946 2305 2313 3213 
m2321 5 13 14 23 33 655 705 713 1155 1163 1164 1183 1655 1664 4163 
m511 40 45 46 49 2045 2046 2299 2345 2349 
m2877 17 22 1117 
m322 14 30 46 730 2330 4814 
m175 13 33 45 1695 2263 4163 
m1435 45 2295 
m1650 30 37 40 46 1880 1890 2030 2046 2330 4396 
m197 22 23 36 46 1123 1136 1146 2323 4323 4836 
m1522 23 32 36 40 46 48 1182 1186 1190 1196 1198 1632 1636 1646 1648 1846 1848 2032 2036 2046 2048 2446 
m1999 5 32 36 38 45 46 49 282 286 288 295 296 1632 1638 1645 1646 1838 1845 1846 1932 1936 1945 1946 2295 2332 2338 2345 2346 2455 2482 2486 2488 2496 4136 4332 4836 
m743 46 
m2573 14 21 45 46 721 745 2271 2321 2345 4814 
m2453 20 23 1020 1023 1170 
m1057 11 13 33 45 563 583 595 695 1695 3183 
m2045 22 36 46 1822 1846 2322 4846 
m229 33 45 1695 
m2415 5 45 295 
m2233 46 2346 
m2859 22 44 46 1146 2222 2244 2246 2344 2346 4846 
m2613 22 23 30 46 1122 1123 1130 1146 1180 1523 1530 1546 2330 2346 4823 
m687 37 38 46 1888 1938 2338 4837 
m1117 33 37 46 1883 1896 4833 
m1808 13 45 46 2263 2295 2296 2313 2346 3196 
m309 22 36 41 1122 1136 1141 1822 2072 4586 
m2619 6 14 32 36 314 332 732 1806 1814 1832 
m1540 22 23 1123 1173 3673 
m2741 36 45 46 49 1846 1849 2286 2296 2299 2349 
m2246 10 36 40 49 536 1810 1836 1849 2010 2036 2049 2460 2486 
m1064 17 33 38 45 895 1695 1917 1933 1938 1945 3383 
m1640 32 36 38 41 46 1641 1646 1936 1941 1946 2332 2336 2341 2346 4136 4586 
m876 13 22 32 45 682 1113 1132 1145 2263 2282 
m998 30 36 40 45 46 1830 1845 2030 2036 2040 2045 2046 2280 2330 2345 4346 
m1473 6 14 23 32 36 706 723 732 736 1156 1182 1606 1636 1806 3686 
m920 26 40 45 46 1340 1346 2026 2040 2045 2046 2276 2290 2296 2340 
m2761 36 45 2286 
m2259 5 15 38 40 46 755 1905 1915 1938 1940 1946 2005 2015 2038 2040 2046 2305 2315 2346 4815 
m1523 37 38 46 1937 1946 2337 2346 4837 
m811 22 23 36 40 46 49 1172 1822 1823 1836 1840 1849 2022 2023 2036 2040 2046 2049 2322 2323 2336 2340 2349 2473 2486 2490 4323 4336 4346 4836 
m989 20 22 23 46 1023 1120 1123 1146 1173 2320 2323 3673 4823 
m887 46 
m1711 5 36 38 41 46 286 291 296 1905 1936 1938 1941 1946 2341 4341 4836 
m1470 5 14 38 45 46 705 745 1905 1914 1945 1946 2255 2305 2345 4814 
m1403 8 408 
m306 22 1122 
m1037 14 30 37 714 730 737 1880 3237 
m1884 
m518 30 36 39 40 46 1830 1980 1986 1990 1996 2030 2036 2046 2330 4836 
m679 13 22 36 40 672 686 690 1822 1840 2022 2036 2040 4336 
m267 13 22 36 40 672 686 690 1113 1122 1136 1140 1822 2022 2036 
m942 44 46 2246 2344 2346 4846 
m68 32 38 46 49 1649 1932 1949 2332 2338 2346 2349 4846 
m1009 23 30 46 1523 1546 2323 
m2591 22 24 1124 
m2019 10 14 46 710 746 2310 2346 
m410 36 38 46 1936 1946 4836 
m729 22 30 36 39 41 1136 1139 1522 1536 1539 1541 1986 2072 2089 4586 
m874 14 46 49 2314 2346 2464 2496 4814 
m1671 23 30 40 41 1180 1190 1523 1530 1540 2023 2030 2040 
m1856 22 37 45 49 1122 1137 1145 1899 2287 2299 
m855 22 46 49 2322 2346 2496 
m1579 13 46 2313 2346 4813 
m2151 13 17 22 672 872 3363 
m1799 22 38 46 1138 1146 1946 
m164 5 45 2255 
m2800 23 
m2342 14 46 714 746 2314 2346 4814 
m1380 26 32 36 46 1332 1336 1346 1832 2332 2336 2346 4836 
m2437 5 45 46 2255 2296 2305 2345 4846 
m543 36 38 46 49 1849 1936 1946 2336 2346 2349 4836 
m1268 37 41 46 2087 2096 4837 
m1277 16 23 36 1186 1816 3666 
m1629 36 42 4636 
m1604 22 23 36 40 49 1122 1123 1136 1140 1149 1173 1186 1190 1822 1823 1836 1849 2023 2036 2472 2473 2486 3673 3686 4323 4336 
m1973 22 37 46 1872 2322 4837 
m1270 22 44 46 1144 1146 2246 2322 2344 2346 4846 
m2221 22 37 41 46 1122 1137 1141 1146 1891 2341 4837 
m720 36 45 46 1845 2336 2345 
m45 37 45 46 1895 2337 2345 2346 4396 
m2164 13 33 4163 
m2811 22 
m2828 12 22 36 40 41 45 46 49 636 640 641 645 649 1145 1822 1836 1840 1841 1845 2012 2022 2036 2040 2041 2045 2046 2049 2072 2095 2272 2295 2336 2340 2349 2486 2490 2491 2495 3136 4336 4812 
m847 14 22 36 40 46 722 740 746 1140 1146 1822 1840 2014 2036 2040 2046 2322 2336 2340 2346 3236 4346 4814 
m1254 36 40 41 46 49 1836 1841 1846 1849 2036 2040 2041 2046 2086 2096 2099 2336 2346 2349 4346 4586 4836 
m2252 5 23 27 41 273 291 1355 1373 1391 2073 3673 
m1183 45 46 2345 
m1106 14 32 714 732 
m2017 22 35 46 1135 1146 1796 
m2336 17 38 46 867 896 1917 1946 
m1898 5 13 33 263 283 3183 
m949 22 30 36 40 1136 1140 1522 1536 1540 1822 1830 1836 1840 2030 2036 2040 4336 
m683 22 23 30 36 40 46 1122 1123 1130 1136 1140 1146 1172 1186 1190 1522 1523 1536 1540 1546 1822 2022 2036 2322 2336 2340 2346 4823 
m2095 22 40 45 46 1140 1145 1146 2045 2046 2345 
m953 36 41 45 1845 2095 2295 4586 
m1453 30 36 46 1536 1546 2330 2336 2346 4836 
m824 12 45 645 2295 
m716 
m2326 32 45 46 2282 2296 2332 
m1474 22 36 40 41 1122 1136 1140 1141 1836 1840 1841 2036 2040 2086 2090 2091 4586 
m1740 23 
m2173 14 38 40 738 1914 1938 1940 2014 2038 2040 
m194 23 36 40 41 1186 1190 1191 1840 1841 2036 2040 2041 
m1759 14 22 40 46 722 746 2014 2022 2046 2322 
m1481 32 49 1649 
m2869 46 
m2693 12 36 46 49 649 1812 1849 2336 2349 4812 
m1934 16 23 36 46 1186 1816 2316 2323 2336 3666 
m2784 22 36 40 41 46 49 1136 1140 1141 1149 1836 1849 2036 2086 2090 2099 2322 2336 2340 2341 2349 4336 
m448 22 44 46 1144 1146 2246 2344 2346 4846 
m685 27 36 37 46 49 1387 1827 1837 2327 2477 2486 2487 2496 4336 4346 4837 
m820 22 37 45 46 1122 1137 1145 1146 1887 1895 1896 2287 2296 2337 
m1288 14 21 46 721 746 1096 
m2628 22 37 45 46 49 1137 1146 2272 2287 2296 2299 2472 2487 2496 4837 
m2755 13 33 36 40 47 686 690 697 1686 1690 1697 1840 1847 2036 2040 2047 3183 4336 
m2088 30 36 40 46 48 1830 1848 2036 2046 2330 2336 2346 2348 2430 
m2514 8 36 46 49 1808 1846 2308 2336 2458 2486 2496 4336 
m1958 22 23 45 1123 1145 1172 1195 3673 
m2149 
m2150 37 40 41 46 2037 2046 2087 2090 2096 4837 
m13 11 13 22 45 563 572 595 695 1113 1145 
m2660 14 36 40 46 1814 1840 1846 2014 2036 2040 2046 2314 2346 4346 4814 4846 
m1797 22 44 46 1144 1146 2246 2322 2344 2346 4846 
m817 32 42 46 2132 2146 2332 
m2006 36 
m374 10 32 46 1610 1632 1646 2310 2346 
m1603 14 46 746 
m1189 45 46 2295 2345 2346 
m2870 10 30 36 46 1510 1536 1546 1810 1846 2310 2346 
m2401 41 
m1294 13 32 38 46 682 1913 1932 1946 2313 2332 
m2481 22 36 40 46 48 1822 2022 2036 2322 2336 2340 2436 2440 2446 
m1295 12 22 36 40 41 45 46 49 636 640 641 645 649 1145 1822 1836 1840 1841 1845 2012 2022 2036 2040 2041 2045 2046 2049 2072 2095 2272 2295 2336 2340 2349 2486 2490 2491 2495 3136 4336 4812 
m1088 14 45 745 2264 2295 
m326 5 32 45 1605 1645 2255 
m1005 12 22 23 36 40 41 46 49 640 1123 1136 1141 1149 1162 1186 1190 1196 1199 1812 1840 1846 1849 2062 2073 2086 2090 2096 2099 2340 2462 2486 2496 3146 3686 4312 4336 
m1825 
m2021 14 36 48 714 736 748 1836 1848 2448 
m1345 5 13 22 33 36 40 655 1105 1113 1122 1133 1136 1140 1655 1805 1813 1833 1840 2013 2033 3183 
m363 32 45 1645 
m2868 12 22 23 36 40 45 46 49 622 623 636 640 645 649 1123 1136 1140 1145 1195 1822 1823 1840 1845 1849 2012 2023 2036 2045 2046 2049 2322 2323 2336 2340 2345 2349 2472 2473 2486 2490 2495 3136 4323 4336 4812 
m1161 21 1071 
m293 38 45 2288 
m2625 22 46 1146 2346 
m976 33 37 38 1933 1937 4383 
m1142 8 37 408 437 
m2861 22 23 38 46 49 1122 1123 1138 1146 1199 1923 1938 1946 1949 2323 2346 2349 
m1228 22 44 46 1146 2222 2246 2322 2344 2346 4846 
m452 13 16 49 699 849 3166 
m1284 32 36 44 46 1832 1836 1844 2232 2236 2332 2336 2344 2346 4332 4336 4736 4836 
m1619 22 38 46 1146 1922 1946 
m1052 39 40 41 46 1990 1991 1996 2040 2046 2090 2096 
m1782 45 49 2295 2299 
m1462 22 23 36 39 41 1123 1136 1972 1973 1986 1991 2072 2073 3673 4323 4586 
m2297 32 36 1832 
m1084 14 32 46 1614 2314 2332 
m2070 26 33 46 1676 1696 2326 2333 2346 
m43 22 37 40 46 1122 1137 1146 2022 2037 2040 2046 2322 2337 2346 4837 
m2067 13 33 663 683 1663 1683 3183 4163 
m486 45 
m2597 5 22 36 40 41 272 286 290 291 1105 1122 1136 1140 1141 1840 1841 2041 
m1293 22 40 44 46 1146 2044 2046 2246 2344 2346 4846 
m1666 26 33 37 44 46 1337 1344 1346 2233 2237 2333 2337 2344 2346 4383 
m1340 23 38 45 46 1195 1923 1945 1946 2323 2345 
m2309 22 44 46 1146 2344 2346 4846 
m818 13 22 36 38 40 1113 1122 1136 1138 1140 1813 1840 1913 1936 1940 2013 
m2308 17 46 2317 2346 4817 
m997 23 30 40 45 46 1173 1180 1523 2023 2030 2046 2273 2280 2290 2296 2323 2330 3673 4823 
m296 13 22 32 36 40 41 672 686 690 1122 1136 1140 1613 1622 1636 1640 1822 2022 2036 2063 2072 2082 2086 
m1627 37 39 40 46 1890 1987 1990 2340 4396 4496 
m17 17 46 2317 2346 4817 
m702 22 41 44 46 1146 2072 2094 2096 2344 2346 4846 
m2698 37 41 46 2087 2096 4837 
m1751 23 40 46 49 1196 2023 2040 2046 2473 2490 2496 
m479 37 46 4837 
m2098 22 23 36 40 41 1122 1123 1136 1140 1141 1172 1173 1186 1190 1191 1822 1823 1836 1840 1841 2023 2036 2041 2072 2073 2086 2090 2091 3673 3686 4323 4586 
m620 45 46 2296 
m2542 14 30 46 730 746 1530 2330 
m904 38 41 46 1938 1941 1946 2341 
m2787 22 36 40 41 46 49 1136 1140 1141 1836 1849 2036 2086 2090 2322 2336 2340 2341 2349 4336 
m312 13 22 46 1113 2313 2322 
m1969 36 40 46 1840 2336 2340 
m2718 44 46 2246 2344 2346 
m120 22 26 44 46 1122 1144 1146 1322 1326 1344 1346 2344 2346 4846 
m1143 12 40 45 46 645 2012 2045 2046 2312 2340 2345 2346 4812 
m2830 33 45 48 1695 1698 2298 
m575 20 22 36 40 1120 1122 1136 1140 1820 1840 2020 
m1160 22 23 30 1123 1172 1173 1180 1522 1523 1530 3673 
m2294 22 26 44 46 1146 1322 1344 1346 2344 2346 4846 
m1033 36 
m2489 23 45 46 1195 2323 2345 3673 
m1112 27 46 49 2327 2346 2477 2496 
m2892 22 45 1122 1145 2272 2295 
m939 46 
m2560 36 45 1845 2286 2295 
m526 26 37 41 46 1337 1341 1346 1891 2341 4837 
m1015 37 45 1895 
m1606 22 23 36 40 1122 1123 1136 1140 1173 1823 1840 2023 2040 3673 
m1225 22 44 46 1146 2246 2344 2346 4846 
m1662 26 
m826 26 33 47 1333 1347 1697 
m409 22 44 46 1146 2322 2344 2346 4846 
m2593 14 45 46 745 746 2345 
m1459 36 37 40 46 1886 1896 2036 2037 2046 2336 2346 4836 4837 
m712 36 40 46 1836 1840 1846 2036 2040 2046 2336 2340 2346 4336 4346 
m2544 22 36 40 46 1122 1136 1140 1146 1840 2040 2336 2340 
m1136 5 26 30 37 46 1337 1346 1505 1855 1880 2305 2330 2337 2346 4837 4846 
m859 32 37 46 1632 1637 1646 2332 2337 2346 4837 
m787 13 33 45 2263 2283 3183 
m1780 14 40 46 714 746 2014 2040 2046 2314 2340 2346 3246 4814 
m1202 32 36 46 2332 2336 2346 4332 4836 
m483 29 34 36 1484 1734 1829 1834 1836 
m375 22 38 44 46 1146 1922 1946 2344 2346 4846 
m505 13 22 36 38 40 672 686 690 1113 1122 1136 1140 1822 1913 1922 1936 1940 2022 2036 
m1316 22 26 33 36 49 1133 1676 1822 1826 1833 1849 2472 2476 2483 
m1569 13 22 33 36 40 1113 1133 1136 1140 1813 1833 1840 2013 2033 4163 
m2536 33 36 41 1686 2083 4586 
m1771 5 13 33 45 263 283 2255 2263 2283 3183 
m2583 22 37 1122 1137 1887 
m895 32 46 1646 2332 2346 
m1739 26 30 36 44 46 1330 1336 1344 1346 1830 2230 2330 2336 2344 2346 4736 
m628 11 13 45 563 595 695 
m1272 22 44 46 1146 2344 2346 4846 
m1042 22 45 46 1145 1146 2345 
m1720 37 41 46 2087 2096 4837 
m2867 22 46 1146 
m950 45 46 2296 2346 
m574 22 23 30 41 46 1122 1123 1130 1141 1146 1172 1173 1180 1191 1522 1523 2072 2073 2080 2322 2323 2330 2341 3673 
m2092 5 22 46 1146 2305 
m622 26 37 38 46 1876 1926 1937 1946 2326 4396 
m1330 18 45 2268 
m2438 13 38 45 46 688 2263 2288 2295 2296 2313 2338 2346 3196 
m2079 22 36 41 46 1822 2072 2096 2322 4586 4836 
m2507 14 714 
m2108 14 36 49 1814 1849 2464 
m2143 14 22 49 749 1114 2464 2472 2499 
m2394 13 33 46 2313 2333 4163 
m919 22 38 45 46 1145 1146 1922 1945 1946 2345 
m2743 45 46 2295 2296 2345 4846 
m1424 22 46 1122 1146 
m635 18 37 46 1868 2318 4837 
m254 22 36 49 1149 1822 1836 1849 2472 2486 2499 
m2344 22 37 46 1122 1137 1146 2322 2337 2346 4837 
m2231 40 46 49 2340 2346 2490 2496 
m2350 14 45 46 714 745 746 2345 4814 
m1210 12 45 46 645 2345 4812 
m407 45 
m1244 22 44 46 1144 1146 2246 2322 2344 2346 4846 
m1078 13 22 38 1113 1122 1138 1913 
m263 45 46 2345 2346 
m2490 14 22 36 40 41 46 714 722 736 741 1822 1836 1841 2014 2036 2041 2046 2072 2314 2322 2336 2341 3236 4314 4586 4814 
m2340 13 33 45 2263 2283 4163 
m833 5 11 15 33 38 46 565 583 588 596 755 1655 1696 1915 1933 1946 2305 2315 4165 
m1926 22 27 36 40 1122 1127 1136 1140 1390 1827 1836 1840 2027 2036 2040 
m721 36 49 1849 2486 2499 
m921 42 45 2145 
m2190 13 38 1913 1938 
m2331 22 23 45 1172 1173 2272 2273 3673 
m2038 38 45 46 1945 2288 2295 2296 2338 2345 
m1707 14 45 2264 3214 
m753 22 37 40 46 1137 1140 1146 1890 2037 2040 2046 2337 2340 2346 4396 
m996 14 36 49 749 1814 1849 
m2494 28 
m1949 22 23 30 36 46 1172 1522 1523 1536 1822 2322 2330 2336 2346 3686 4823 4836 
m2616 30 32 36 40 46 1640 1646 1830 1840 2030 2330 2332 2336 2340 2346 4136 
m810 5 13 22 26 33 46 263 283 672 1305 1313 1333 1346 1672 2305 2313 2322 2333 4163 
m2821 14 22 44 46 1114 1144 1146 2214 2246 2314 2322 2344 2346 3246 4846 
m798 22 23 30 38 1122 1123 1130 1138 1172 1173 1188 1522 1523 1530 1538 3673 
m1605 45 46 2345 
m1630 22 44 46 1146 2246 2344 2346 4846 
m390 22 38 46 49 1146 1922 1946 1949 2349 2472 2488 2496 
m2040 37 46 2337 2346 4837 4846 
m1827 22 40 46 1140 1146 2046 
m1392 12 14 22 46 622 722 1112 1114 1122 1146 2314 2322 3114 4812 
m397 22 38 40 1140 1922 1938 1940 
m2605 10 32 46 1610 1646 2310 
m1061 40 45 46 2046 2290 2296 4846 
m1086 
m178 14 22 46 722 746 2322 
m16 12 14 27 46 712 746 1362 1364 1396 2312 2346 3246 4812 
m2044 13 45 2263 
m417 45 
m547 13 16 36 40 49 1813 1816 1836 1849 2013 2016 2036 2049 2463 2466 3166 
m2393 22 36 41 49 1136 1149 1841 1849 2072 2086 2091 2099 2486 4336 
m2922 22 37 46 1872 2322 2337 
m992 5 45 46 2255 2296 2305 
m2318 23 30 40 1173 1190 1523 1530 1540 2023 2030 2040 3673 
m891 23 38 45 1195 1923 1945 3673 
m2885 23 28 36 1178 1186 1823 1828 1836 3673 
m981 36 40 46 49 1849 2036 2040 2046 2049 2336 2346 2349 4336 4836 
m784 5 32 36 1605 1636 1805 
m1016 26 46 49 1346 1349 2346 2496 2499 
m1890 37 40 46 2037 2046 4837 
m1755 14 22 1114 
m404 5 37 46 255 287 1855 1887 1896 2305 2337 2346 4837 
m1567 22 36 40 1122 1136 1140 2036 
m2422 5 36 45 46 286 295 1845 2305 2336 2345 4336 
m109 23 26 32 46 1182 1323 1332 1346 2323 2332 
m1947 5 36 41 46 1805 2055 2096 2305 2336 4586 
m1914 37 45 1895 
m478 9 22 46 1109 1146 2309 2346 4846 
m689 5 32 36 45 1605 1805 1845 2255 2282 4332 
m2427 38 46 1946 
m180 13 22 44 46 694 1113 1146 2313 2344 
m2771 14 36 46 49 714 736 746 749 1814 1836 1846 1849 2314 2336 2346 2349 2464 2486 2496 3246 4814 
m1971 22 36 41 46 49 1141 1822 1841 1846 2322 2341 2486 2491 2496 
m1728 5 13 22 33 655 1113 1122 1133 1655 1672 4163 
m696 22 38 45 46 1145 1945 1946 2322 2345 
m236 12 22 23 36 41 46 49 622 623 636 641 649 1123 1136 1141 1191 1822 1823 1841 2322 2323 2336 2341 2349 2472 2473 2486 2491 3136 4323 4336 4812 
m751 2 27 36 40 46 1352 1386 1396 1802 2002 2027 2036 2046 2302 4836 
m1243 5 32 36 46 49 282 286 296 299 1649 1832 1849 2332 2336 2349 2486 4136 4336 
m1800 8 37 46 437 446 4837 
m1768 26 37 46 1337 1346 2337 2346 4837 
m1024 22 36 40 41 1136 1141 1836 1840 2036 2086 4586 
m1701 5 22 37 45 1105 1122 1137 1145 1855 1895 2255 
m1405 22 23 30 46 1122 1123 1130 1146 1180 1523 1530 1546 2330 2346 4823 
m299 13 22 32 36 38 40 672 686 690 1113 1136 1140 1613 1622 1636 1640 1822 1913 1922 1932 1936 1940 2022 2036 2040 3186 4336 
m606 17 22 41 46 872 891 1141 2322 2341 4817 
m2245 26 33 45 1333 1345 1695 
m2895 22 33 46 1122 1133 1146 1672 1683 1696 2322 2333 2346 4833 
m1574 22 23 1122 1123 1172 1173 3673 
m2662 22 30 36 40 41 1136 1141 1522 1536 1540 1541 1822 1836 1840 1841 2022 2036 2040 2041 2086 4336 4586 
m2118 22 36 40 46 1122 1136 1146 1822 2022 2036 2322 2336 2340 2346 4836 
m389 40 46 2046 2340 2346 4846 
m2239 18 918 
m2899 22 44 46 1122 1146 2344 2346 4846 
m2836 23 32 36 40 49 1182 1632 1823 1832 1849 2023 2032 2036 2049 2473 2482 
m1140 36 46 2336 
m1680 45 46 2295 2296 2346 
m115 22 44 46 1144 1146 2344 2346 4846 
m2471 14 714 
m155 12 45 46 645 2312 2345 
m2100 5 13 33 46 263 283 2305 2313 2333 4163 
m416 32 46 1646 2332 2346 
m106 14 714 
m2854 22 44 45 46 1146 2272 2294 2296 2344 2346 4846 
m2406 37 46 2337 
m2186 22 23 1122 1123 1172 
m2207 45 46 2296 
m2491 45 46 2296 
m1428 14 46 714 746 2346 3246 
m1488 13 38 688 1913 1938 
m2580 13 33 36 40 48 698 1698 1813 1833 1848 2013 2033 2036 2048 4163 
m47 26 45 46 2276 2296 2326 
m523 12 23 30 36 41 46 49 630 1180 1812 1830 1846 2062 2073 2080 2086 2096 2323 2330 2462 2473 2486 2491 2496 3123 4323 4812 
m535 22 37 38 45 46 1872 1922 1937 1945 1946 2272 2287 2296 2322 4837 
m2586 14 45 2264 
m2847 22 23 27 36 40 1122 1123 1127 1136 1140 1190 1372 1373 1386 1390 1823 1840 2023 2040 
m2897 14 46 746 2346 3246 
m562 22 23 30 36 41 46 1122 1123 1136 1141 1191 1522 1523 1536 1541 1841 2322 2323 2330 2336 3686 
m802 22 33 38 46 1122 1133 1146 1672 1922 1933 1946 2322 4833 
m490 22 46 1122 1146 2346 
m1586 36 49 1849 2486 2499 
m2596 23 45 46 1195 2323 2345 2346 
m1166 12 23 30 36 41 46 49 630 1180 1812 1830 1846 2062 2073 2080 2086 2096 2323 2330 2462 2473 2486 2491 2496 3123 4323 4812 
m2525 22 23 1123 1173 3673 
m53 14 36 49 736 749 1849 2486 2499 4336 
m303 37 41 46 2087 2096 4837 
m2261 13 20 22 32 36 40 670 686 690 1113 1120 1136 1140 1613 1620 1622 1636 1640 1820 2020 2036 2040 3186 4336 
m2203 45 46 2296 
m1257 22 44 46 1144 1146 2246 2322 2344 2346 4846 
m882 39 
m2849 22 23 36 40 41 46 49 1123 1136 1140 1173 1186 1190 1199 1840 2022 2023 2036 2040 2041 2049 2072 2073 2086 2090 2091 2099 2322 2323 2340 2341 2473 2486 3673 3686 4323 
m1544 11 
m2569 12 36 40 46 49 636 640 649 1836 1849 2036 2049 2336 2340 2349 2499 4812 
m658 11 13 22 38 563 572 688 1113 1138 
m1791 16 36 46 49 1816 1846 2316 2346 2486 2496 
m1709 21 
m203 36 49 1836 1849 2486 2499 4336 
m1415 13 33 36 49 663 683 686 699 1663 1683 1686 1699 1833 1849 2463 2483 2486 3183 
m2871 14 46 2314 2346 4814 
m1602 13 14 22 672 722 3213 
m1071 8 36 46 1808 2308 2336 2346 4836 
m2445 8 
m1085 37 
m1463 32 37 46 1632 1637 1882 2332 2337 
m1379 1 32 36 38 45 46 82 96 1901 1932 1936 1946 2251 2282 2286 2288 2296 2332 2586 4136 4836 
m1592 32 36 38 41 46 1641 1646 1932 1936 1941 1946 2332 2336 2338 2341 2346 4136 4586 
m2603 38 46 1946 
m2048 22 44 46 1144 1146 2222 2246 2322 2344 2346 4846 
m2306 37 46 49 1887 1899 2337 2346 2349 2487 2496 4396 4837 
m630 32 40 45 46 2032 2045 2046 2282 2296 2332 
m1524 5 14 30 46 705 730 1505 2305 2314 2330 2346 4814 
m64 12 23 36 41 46 636 1823 2062 2073 2096 2336 3123 4586 4812 4823 
m2458 36 38 46 48 1836 1838 1848 1936 1938 1948 2336 2338 2348 2436 2438 2448 4336 4836 
m723 
m1879 14 714 
m441 14 32 36 49 714 732 736 749 1636 1649 1849 2482 2486 2499 
m2511 14 
m2012 30 44 45 1545 2230 2245 
m1211 22 36 40 41 1136 1141 2036 2086 2090 
m1296 37 
m379 36 40 45 46 1845 2036 2040 2045 2046 2295 2296 2345 4346 
m705 32 45 1645 
m936 22 44 45 46 1144 1145 1146 2294 2296 2344 2346 
m129 13 22 44 46 694 1113 1122 1144 1146 2313 2344 
m1939 22 36 40 46 1136 1146 1836 1840 1846 2036 2046 2336 2340 2346 4836 
m2733 32 46 2332 2346 
m2574 22 36 41 49 1122 1136 1141 1149 1849 2072 2086 2099 4336 
m649 13 22 45 46 672 2263 2272 2295 2296 2313 2322 2346 4813 
m2407 8 37 46 408 437 446 1858 2308 4396 
m2834 21 36 38 45 1095 1845 1921 1936 1945 3586 
m2447 14 45 745 
m1357 22 44 46 1146 2344 2346 4846 
m2678 14 38 738 
m2770 5 13 33 46 655 1655 2305 2313 2333 4163 
m1460 9 36 46 459 486 496 1809 2309 2336 2346 4836 
m2803 32 45 46 1632 1646 2282 2296 2332 
m1615 32 37 1632 1637 1882 
m419 23 45 46 1195 1196 2296 3673 
m1402 14 32 732 1614 1632 
m1292 22 44 46 1146 2344 2346 4846 
m1331 46 2346 
m2304 22 45 46 49 1146 1149 2272 2296 2299 2349 2472 2495 2496 
m2938 5 23 37 46 49 299 1155 1173 1199 1855 1873 1899 2305 2323 2349 4837 
m2264 13 33 3183 
m2168 36 40 41 46 49 1841 1846 1849 2036 2041 2046 2049 2336 2341 2486 2491 2496 4336 
m1806 36 40 46 48 2036 2040 2046 2048 2336 2346 2348 2436 4836 
m270 12 29 36 46 612 629 636 1812 1829 1836 2312 2329 2336 2346 3136 4336 4812 4836 
m1634 22 44 46 1146 2344 2346 4846 
m2699 22 45 1145 
m2300 22 45 1145 
m124 5 22 44 46 272 296 1144 1146 2205 2246 2305 2322 2344 2346 4846 
m219 13 20 33 36 40 41 670 686 690 691 1033 1036 1040 1041 1686 1690 1691 1840 1841 2036 2041 3183 3536 4336 
m340 22 36 46 49 1149 1822 1836 1846 1849 2322 2349 2472 2486 2499 4836 
m974 37 39 40 46 1890 1987 1990 2340 4396 4496 
m665 22 36 37 40 46 1122 1136 1137 1140 1146 1822 1836 1837 1840 1846 1890 2022 2036 2037 2040 2046 2322 2336 2337 2340 2346 4837 
m527 5 13 33 46 263 283 296 696 2305 2313 2333 2346 3183 
m2180 36 39 40 1836 1839 1840 1986 1990 2036 2039 
m1466 40 45 2045 
m877 13 33 4163 
m1325 34 38 40 46 1734 1934 2034 2038 2040 2046 2334 2338 2346 
m836 13 37 46 1896 2313 4363 
m1047 41 
m600 29 36 41 1486 1829 1836 1841 2079 2086 2091 
m140 46 2346 
m288 3 13 22 23 172 672 1163 1172 2663 3653 
m573 27 45 46 2277 2296 2327 4846 
m985 36 37 40 46 49 1837 1849 1899 2036 2037 2046 2049 2336 2349 4837 
m1215 32 37 45 46 1637 1645 1895 2332 2337 2345 
m2085 36 41 46 2341 4341 4836 
m294 32 37 46 1882 2332 2337 
m1253 10 36 46 1810 2310 2346 4836 
m232 22 44 46 1146 2322 2344 2346 4846 
m1412 22 23 30 36 38 40 1123 1130 1136 1140 1172 1173 1180 1186 1188 1190 1522 1523 1538 1822 1830 1922 1923 1930 1936 1938 1940 2022 2023 2030 2036 2040 3673 4323 
m1814 10 46 2310 2346 
m334 22 23 32 1122 1123 1132 1182 1622 1623 1632 
m2144 20 45 1045 
m2031 14 40 46 2014 2040 2046 2314 2346 4814 
m37 37 46 49 2337 2346 2487 2496 4837 
m2647 23 36 41 49 1186 1199 1823 1836 1849 2073 2086 2099 2473 3673 4323 4586 
m22 18 46 918 946 2318 2346 
m2395 22 36 40 41 49 1122 1136 1141 1149 1841 1849 2022 2036 2041 2049 2486 2491 4336 
m1589 13 14 32 46 664 696 1613 1614 1646 4814 
m488 38 46 1946 
m1185 36 40 46 49 1836 1840 1846 1849 2036 2040 2046 2336 2340 2346 2349 2486 2490 2496 4336 4346 4836 
m2049 22 44 46 1146 2322 2344 2346 4846 
m1889 45 2295 
m604 22 36 40 41 1822 1836 1840 1841 2022 2036 2040 2072 2086 2090 2091 4336 4586 
m128 37 46 2337 2346 4837 
m1756 22 36 37 40 41 46 1122 1136 1137 1140 1141 1146 1822 1837 1840 1846 2022 2036 2037 2040 2041 2046 2072 2086 2087 2090 2096 2322 2336 2340 2341 2346 4396 
m1008 22 36 40 41 1136 1141 1836 1840 2036 2086 2090 4586 
m1944 22 45 46 1122 1145 1146 2272 2295 2296 2345 
m1366 32 37 38 46 1637 1646 1932 1946 2332 2337 2346 4837 
m101 45 46 2295 2345 2346 
m1703 36 
m654 22 30 36 40 46 1122 1130 1136 1140 1146 1536 1540 1546 1836 1840 1846 2022 2030 2036 2040 2046 2322 2330 2336 2340 2346 4346 
m1794 6 23 1156 1173 
m795 45 
m2436 5 13 33 655 663 683 1655 1663 1683 4163 
m338 45 
m1384 33 45 46 1695 2345 4833 
m2312 22 23 49 1122 1123 1173 1199 2473 3673 
m2029 14 40 46 2014 2040 2046 2314 2346 4814 4846 
m1252 22 44 46 1146 2344 2346 4846 
m1333 12 41 45 46 2062 2096 2262 2291 2296 4812 
m2789 22 36 40 41 46 48 1136 1140 1141 1148 1836 1848 2036 2086 2090 2098 2322 2336 2340 2341 2348 4336 
m2377 9 14 22 36 49 709 1109 1114 1136 1149 1809 1814 1836 1849 2459 2464 2486 2499 
m2382 6 42 2842 
m2639 22 33 46 1672 1696 2322 
m1792 5 23 45 46 1155 2255 2273 2305 2345 2346 4823 
m1849 22 37 46 1137 1146 4837 
m393 13 22 1113 1122 
m2500 5 33 45 46 1655 1695 2255 2305 2345 4833 
m2762 22 23 36 40 41 1122 1123 1136 1140 1141 1172 1173 1822 1823 1836 1840 1841 2023 2036 2040 2041 2072 2073 3673 4341 
m1804 45 2295 
m699 
m1930 5 23 36 45 286 295 1155 1186 1195 1845 4336 
m2162 36 46 2336 4836 4846 
m1048 36 49 1836 1849 
m438 21 26 45 46 1321 1345 1346 2271 2321 2345 
m119 23 
m1367 32 36 38 46 1832 1932 1936 1938 1946 2332 2336 2346 4836 
m542 22 27 36 46 49 1127 1136 1146 1149 1386 1396 1399 1827 1849 2322 2327 2336 2346 2349 2477 2486 2496 2499 
m759 
m1004 5 36 40 46 255 1805 1846 2005 2036 2040 2046 2305 2346 4346 
m892 22 30 45 1122 1130 1145 1545 
m185 22 23 30 36 40 1122 1123 1136 1140 1522 1523 1536 1540 1822 1823 1840 2022 2023 2030 2036 2040 4323 4336 
m861 32 36 46 49 1849 2332 2336 2346 2349 2482 4332 
m1083 13 22 33 36 40 47 672 686 690 697 1113 1122 1133 1136 1140 1147 1672 1686 1690 1697 1847 2036 2047 3183 
m1690 26 33 1676 
m682 5 14 36 41 45 255 286 291 295 705 736 741 745 1845 2055 2086 2095 4336 
m2018 14 36 38 46 48 736 746 748 1848 1914 1936 1938 1946 2314 2336 2338 2346 2348 
m2751 36 40 41 1840 1841 2036 2040 2041 4336 
m1564 22 40 44 46 1146 2022 2044 2046 2344 2346 4846 
m2287 30 37 40 46 1537 1540 1546 1890 2340 4396 
m2145 37 40 45 46 1890 2287 2290 2337 2340 2345 
m2679 
m1374 32 36 46 1632 1636 1646 1832 1836 1846 2332 2346 4332 4846 
m2369 
m1017 27 32 38 46 1382 1396 1927 1932 1946 2332 
m1878 32 46 1646 2332 2346 
m277 14 22 32 36 39 40 41 49 722 1614 1622 1639 1641 1814 1822 1832 1836 1839 1841 1849 1972 2014 2022 2036 2041 2049 2064 2072 2082 2089 2091 2482 2486 2491 4464 4586 
m2361 45 46 2295 2296 
m780 5 45 295 
m2441 14 44 46 49 744 746 2344 2464 2494 2496 
m1150 37 
m2102 45 46 2295 2345 
m1659 37 46 4837 
m2442 14 36 40 45 736 740 745 1840 2036 2286 2290 4336 
m2096 22 30 37 46 1130 1137 1146 1880 2322 2330 2337 2346 4837 
m2696 37 
m2468 13 22 46 1113 1122 2322 4813 
m645 12 23 30 36 41 612 630 636 641 1191 1523 1541 1812 1823 1830 1836 1841 2062 2073 2086 2091 3123 
m2256 
m617 36 45 1845 
m228 12 36 40 41 46 49 636 640 641 649 1836 1840 1841 2036 2041 2336 2340 2341 2349 2486 2490 2491 3136 4336 4812 
m1951 30 38 40 45 46 1930 1938 1945 1946 2030 2038 2045 2046 2280 2288 2296 2330 2338 
m678 13 22 32 36 40 672 686 690 1613 1636 1640 1822 1840 2022 2036 2040 4336 
m607 22 45 46 1145 1146 2296 4846 
m1916 22 30 41 46 1130 1146 1522 1546 2072 2080 2096 2322 
m1353 22 33 46 1133 1146 2333 
m1829 14 36 49 749 1814 1849 
m2324 26 39 46 1339 1346 2326 2339 4839 4846 
m103 22 36 37 46 49 1136 1137 1146 1149 1846 1849 1886 1899 2349 4396 
m2364 36 38 40 45 1838 1936 1938 1940 2036 2038 2286 2288 
m922 22 46 49 1122 1146 1149 2349 2472 2496 
m1180 22 23 30 1122 1123 1130 1172 1173 1180 1523 3673 
m1351 22 23 31 36 1123 1131 1136 1172 1173 1573 1822 1823 3673 3686 4086 4323 
m962 22 30 36 40 41 46 1122 1130 1136 1140 1141 1146 1536 1540 1541 1830 1836 1840 1841 2030 2036 2040 2041 2086 2090 2322 2330 2336 2340 2341 
m835 37 39 40 46 1890 1987 1990 2340 4396 4496 
m2273 36 40 46 49 1836 1840 1846 1849 2036 2040 2046 2336 2340 2346 2349 2486 2490 2496 4336 4346 4836 
m225 5 36 37 38 45 46 286 295 1845 1855 1886 1895 1936 1937 1938 1946 2305 2336 2337 2345 4336 
m1912 36 40 48 49 1836 1840 2036 2436 2440 2449 2486 2490 4336 
m1834 22 37 46 1137 1146 4837 
m760 
m2240 41 2091 
m1638 22 36 46 1122 1136 1146 1822 1846 2322 
m652 22 32 45 46 1146 2272 2282 2295 2296 2332 2346 
m865 5 14 30 46 264 296 1505 1514 1546 2305 2314 2330 2346 4814 
m2661 
m2599 13 22 36 49 699 1113 1122 1136 1149 1813 1849 
m1172 22 23 30 38 41 1122 1123 1130 1138 1172 1173 1188 1522 1523 1530 1538 2072 2073 2080 2088 3673 
m1600 37 46 1896 
m1596 32 36 38 41 46 1641 1646 1932 1936 1941 1946 2332 2336 2341 2346 4136 4586 
m2529 
m2940 37 41 46 2087 2341 4837 
m2707 36 40 45 46 1840 1845 2036 2040 2045 2340 2345 4836 
m1767 45 46 2296 2346 4846 
m923 40 41 46 2046 2090 2096 2340 2341 2346 
m2610 38 46 49 1946 1949 2346 2496 2499 
m1173 16 32 46 832 2332 4816 
m2241 23 30 37 46 1180 1880 2323 2330 2337 2346 4373 4823 4837 
m2734 5 45 46 2255 2295 2296 2305 2345 
m1732 37 39 46 1987 4396 4496 
m2566 22 46 1122 1146 2322 2346 
m1164 22 23 36 40 46 49 1172 1822 1823 1836 1840 1849 2022 2023 2036 2040 2046 2049 2322 2323 2336 2349 2473 2486 3686 4336 4346 4836 
m2796 23 36 40 46 49 1836 1849 2036 2046 2323 2336 2349 2473 2486 4323 4336 4836 
m1393 22 36 46 1822 2322 2336 2346 
m1338 26 32 33 46 1332 1333 1346 1682 2332 4833 
m1623 22 23 30 40 41 1130 1140 1180 1523 1530 2022 2023 2030 2072 2090 
m272 23 30 45 46 1195 1523 1545 1546 2295 2345 4823 
m271 37 38 1888 1937 1938 
m366 36 41 44 1841 2086 2091 2094 2236 2241 2244 
m49 13 22 32 38 46 682 1113 1132 1146 1913 1922 1932 1946 2313 2332 
m1668 38 40 46 49 1940 1946 1949 2046 2490 2496 
m595 32 46 48 2332 2348 2432 
m70 38 46 1946 
m1970 22 37 46 1137 2322 4837 
m2224 36 40 45 46 1845 2036 2040 2045 2046 2296 4346 
m521 23 36 45 1186 2273 2286 2295 3673 3686 
m588 36 46 1846 2336 2346 4836 
m266 14 45 745 
m671 14 36 40 46 740 746 1840 2014 2036 2040 2046 2336 2340 2346 3236 4346 4814 
m2409 23 45 1195 2273 2295 
m2392 22 36 40 41 49 1122 1136 1140 1141 1149 1841 1849 2022 2036 2041 2049 2072 2086 2090 2091 2099 2486 2491 4336 
m1790 22 23 36 40 41 46 1122 1123 1136 1140 1141 1146 1190 1191 1822 1823 1836 1840 1841 1846 2022 2023 2036 2040 2041 2046 2323 2336 2340 2341 3673 3686 4323 4336 
m1968 26 32 33 37 1333 1626 1633 1637 1876 1883 
m2635 22 23 36 40 41 46 49 1123 1136 1140 1149 1173 1186 1190 1199 1840 2022 2023 2036 2040 2041 2049 2072 2073 2086 2090 2099 2322 2323 2340 2341 2473 2486 3673 3686 4323 
m2129 22 23 30 39 41 1123 1130 1139 1141 1523 1973 1980 1991 2073 2080 3673 4473 
m2582 22 40 46 1146 2340 
m1675 10 13 22 660 663 672 1110 1113 1122 
m519 26 
m252 7 26 46 1307 1346 2307 2346 
m1308 23 30 46 1173 1180 1196 1523 1530 1546 2323 2330 2346 3696 4823 4846 
m2697 22 23 36 41 1122 1123 1136 1141 1173 1186 1823 2073 3673 3686 4323 4586 
m215 23 36 40 41 46 49 1191 1836 1841 2023 2036 2041 2073 2086 2090 2091 2096 2099 2323 2336 2340 2341 2349 2473 2486 2490 2491 2499 4323 4336 4836 
m2405 13 37 4363 
m209 5 37 45 46 1855 2255 2287 2296 2305 4837 
m1684 14 22 44 46 1114 1144 1146 2214 2246 2314 2322 2344 2346 3246 4846 
m1820 13 33 45 695 1695 4163 
m1694 45 46 2296 2346 
m2050 23 30 45 46 1173 1180 1196 2273 2296 2330 2346 4823 
m2391 22 23 45 1122 1123 1145 1173 2272 2273 2295 3673 
m2824 22 23 36 40 41 1172 1186 1190 1191 1822 1836 1840 1841 2022 2023 2036 2040 2041 2072 2073 2086 2090 2091 3686 4323 4336 4586 
m425 5 13 33 36 46 263 283 1805 1813 1833 2305 2313 2333 4163 4836 
m2174 14 714 
m2516 18 23 1168 
m2257 5 46 2305 
m2260 22 45 46 1146 2272 2296 
m2253 13 22 33 36 40 672 1113 1122 1133 1136 1140 1672 1813 1822 1833 1840 2013 2022 2033 4163 
m1023 32 44 46 1644 1646 2344 
m1416 46 2346 
m1658 45 
m2636 14 22 38 46 738 1114 1138 2314 2322 2338 2346 4814 
m2504 22 23 36 40 46 49 1172 1186 1190 1822 1823 1836 1840 1849 2022 2023 2036 2040 2046 2049 2322 2323 2336 2340 2349 2473 2486 2490 3686 4336 4346 4836 
m1507 5 32 1605 
m1699 17 22 44 46 49 899 1144 1146 2217 2246 2317 2344 2346 2349 3396 4817 4846 
m1407 36 38 41 1838 2088 4341 
m1440 14 37 714 737 1887 3237 
m1718 22 23 36 40 41 1122 1123 1136 1140 1141 1186 1190 1836 1840 2036 2040 2072 2073 2086 2090 3686 
m1922 20 22 23 30 38 1022 1023 1030 1038 1123 1130 1172 1173 1180 1188 1520 1523 1538 1922 1923 1930 1938 3673 
m290 22 44 46 1146 2344 2346 4846 
m489 22 32 37 1622 1872 1882 
m373 38 45 1938 1945 2288 2295 
m349 13 33 45 46 2263 2283 2296 2313 2333 4163 
m1712 5 7 36 46 49 286 296 299 355 386 396 1836 1849 2336 2346 2349 2486 2499 4836 
m77 22 23 30 36 40 1122 1123 1130 1136 1140 1180 1830 2023 2030 2036 4323 
m480 22 40 46 1146 2022 2046 2346 
m2205 26 36 41 46 1826 2076 2096 2326 4346 4586 
m708 9 14 709 
m2139 5 36 45 46 286 295 1845 2305 2336 2345 4336 
m1957 22 36 40 46 48 1136 1140 1146 1848 2036 2040 2046 2336 2340 2346 2348 4336 4836 
m280 5 13 33 36 49 263 283 1805 1813 1833 1849 2455 2463 2483 4163 
m1099 
m594 32 36 41 46 1641 1646 2332 2336 2341 2346 4136 4586 
m1984 14 27 36 46 48 736 746 748 1364 1386 1396 1398 1846 1848 2446 
m2060 45 46 2296 
m2249 10 21 36 46 521 536 546 1821 2321 2346 4836 
m2886 22 36 40 46 1122 1136 1140 1146 1822 1836 1840 1846 2022 2036 2046 2322 2336 2340 2346 4346 4836 
m1250 37 46 1896 
m2375 22 23 30 36 40 41 1123 1136 1140 1141 1173 1180 1823 1830 1836 1840 1841 2023 2030 2036 2040 2041 2073 2080 3673 4586 
m465 21 23 45 1171 2271 2273 
m2073 36 40 46 2036 2046 2340 2346 4836 4846 
m2657 38 40 41 46 49 1941 1946 2090 2340 2341 2488 2491 2496 
m131 14 22 46 722 746 2322 2346 
m2386 36 46 2336 
m318 13 22 33 36 40 1113 1122 1133 1136 1140 1686 1690 1813 2013 2036 4163 
m71 10 30 36 37 46 1510 1536 1546 1810 1860 1880 1886 1896 2310 2346 4836 
m2452 39 45 1995 2289 2295 
m97 11 
m1639 36 38 46 49 1849 1936 1946 1949 2336 2338 2346 2349 2486 2496 
m792 5 37 46 1855 2305 2337 2346 
m181 22 23 30 36 41 46 1122 1123 1130 1136 1141 1146 1172 1522 1523 1530 1536 1546 1822 1823 1830 2073 2080 2096 2322 2330 2336 2346 3696 4346 4586 4823 
m534 46 2346 4846 
m1581 14 22 23 36 723 1114 1123 1136 1186 3236 
m1485 5 14 40 45 46 705 745 2005 2014 2045 2046 2255 2305 2345 4814 
m2254 13 22 46 1113 1122 1146 2322 4813 
m906 13 22 1113 
m1498 5 32 255 1605 1632 
m1730 30 45 46 2280 2296 2330 2346 
m2290 22 23 30 46 1122 1123 1130 1146 1180 1522 1523 1530 1546 2330 4823 
m1492 22 45 46 1145 1146 2345 4846 
m978 26 38 45 46 1338 1345 1346 1938 1945 2288 2338 2345 
m1265 22 44 46 1146 2322 2344 2346 4846 
m909 46 
m806 33 46 2333 2346 4833 
m2764 41 45 2291 
m2903 22 45 46 1145 1146 2345 4846 
m38 36 45 46 1845 2345 4836 
m1063 26 32 36 40 46 49 1336 1340 1346 1349 1632 1636 1649 1849 2032 2036 2040 2046 2332 2336 2340 2346 2349 
m2389 13 36 40 45 686 1813 1840 1845 2013 2036 2045 2263 2286 4336 
m1533 13 22 33 672 1672 3183 
m958 12 32 46 632 2332 4812 
m1479 13 36 40 46 696 1813 2013 2036 2040 2046 4346 
m2684 13 22 38 1113 1122 1138 1913 1938 
m2147 3 26 46 1303 1346 2346 4803 
m1028 23 45 1195 2273 2295 
m2646 
m159 23 30 36 40 46 49 1180 1830 1836 2023 2030 2036 2046 2049 2323 2330 2336 2473 2486 2496 4323 4836 
m160 22 38 44 46 1122 1144 1146 1922 1946 2344 2346 4846 
m2062 14 22 23 30 36 40 41 741 1123 1130 1136 1140 1141 1191 1523 1536 1540 1541 1823 1841 2023 2036 2041 2072 2073 2080 2086 2090 2091 3673 4323 
m2446 8 36 40 46 1808 1836 1840 1846 2008 2036 2040 2046 2308 2336 4336 
m830 45 
m725 45 46 2345 
m2216 23 26 30 36 40 45 49 1173 1186 1190 1195 1323 1330 1336 1345 1349 1523 1526 1530 1536 1545 1549 1836 1840 1845 2036 2045 2473 2486 2495 3686 4323 4336 
m2052 16 38 46 838 2338 4816 
m2641 27 45 46 2277 2296 2327 2346 
m1354 22 44 46 1146 2344 2346 4846 
m848 5 36 46 49 286 296 299 1836 1849 2305 2336 2346 2349 4836 4846 
m1863 46 
m62 22 30 45 1122 1130 1145 1522 2272 2280 
m191 22 37 40 46 1137 1140 1146 1890 2022 2037 2040 2046 2337 2340 2346 4837 
m1100 22 36 40 41 1136 1140 1822 1836 1840 1841 2036 2072 2086 2090 2091 4586 
m2858 34 46 1746 
m268 13 22 36 40 672 686 690 1113 1122 1136 1140 1822 2022 2036 
m825 22 36 40 1122 1136 1140 1822 2022 2036 
m2774 14 36 40 46 49 714 736 740 746 749 1814 1836 1840 1846 1849 2014 2036 2046 2049 2314 2336 2346 2349 2464 2486 2490 2496 3246 4814 
m1041 22 44 46 1146 2344 2346 4846 
m551 13 22 33 36 40 690 1113 1122 1133 1136 1140 1690 1813 1833 1840 2013 2033 4163 
m675 45 2295 
m569 13 22 33 36 40 45 672 686 690 695 1122 1136 1140 1672 1686 1690 1822 2022 2036 2272 2283 2286 2290 3183 
m1997 22 23 30 46 1123 1130 1146 1180 1523 1530 1546 2330 4823 
m788 37 46 2337 
m1420 22 30 36 40 41 46 1122 1130 1136 1140 1141 1146 1536 1540 1546 1846 2022 2030 2036 2040 2046 2072 2090 2340 4346 4846 
m2531 46 
m1390 
m2435 36 46 4836 4846 
m285 45 46 2295 2296 2345 2346 4846 
m940 23 36 40 45 46 49 1190 1195 1836 1840 1845 2036 2045 2323 2336 2340 2345 2473 2486 2496 3686 4323 4336 4836 
m2022 13 46 696 
m2769 37 40 45 46 1890 2287 2290 2296 2340 4396 
m1077 32 46 2332 
m1115 22 36 37 40 46 1137 1146 1822 1837 1846 1872 2022 2036 2046 2322 2337 2346 4346 4837 
m1335 9 14 22 44 46 709 744 746 1109 1114 1122 1144 1146 2209 2246 2309 2322 2344 2346 4814 
m2673 22 23 36 49 1123 1136 1172 1173 1186 1199 1822 1823 1849 2472 2473 2486 3673 4323 4336 
m2359 22 
m1256 22 26 44 46 1146 1346 2344 2346 4846 
m2701 32 36 38 39 46 1832 1839 1936 1939 1946 1982 2332 2336 2339 
m1975 13 36 46 49 1813 2313 2336 2346 2349 2463 2486 2496 4813 
m2936 22 37 40 46 1137 1140 1146 1890 2022 2037 2040 2046 2337 2340 2346 4837 
m2426 46 
m1665 
m1896 33 45 1695 2283 2295 
m1950 13 22 33 36 40 672 686 690 1113 1122 1133 1136 1140 1672 1686 1690 2036 3183 
m2086 32 36 44 46 1644 2236 2332 2336 2344 2346 4136 
m387 22 45 2272 
m347 36 38 40 45 1845 1936 1938 1940 1945 2036 2045 2286 2295 4336 
m2305 22 45 1122 1145 2272 2295 
m838 22 41 1141 
m2385 23 45 46 1195 2296 2345 2346 3696 4823 
m2248 4 42 45 2254 2292 2742 
m2046 8 22 36 45 46 1108 1122 1136 1145 1146 2258 2286 2295 2296 2308 2336 2346 4308 4836 
m1837 40 45 46 2040 2045 2046 2345 
m504 45 46 2296 
m700 5 46 2305 2346 4846 
m1097 22 45 46 1122 1145 1146 2296 2346 
m1573 30 36 38 1530 1536 1538 1830 1836 1838 1930 1936 1938 4036 4330 
m1852 23 32 42 1182 1192 1642 
m405 13 22 38 1113 1913 1922 
m2315 33 37 4383 
m1631 22 30 38 45 46 1130 1145 1146 1922 1930 1945 1946 2280 2296 2330 
m2199 30 46 2330 
m1557 30 45 46 2280 2295 2296 2330 2346 
m1303 32 36 37 46 1832 1882 1886 1896 2332 2336 2346 4836 
m1242 45 
m603 32 1632 
m2794 22 36 41 46 48 1136 1141 1848 2086 2322 2336 2341 2348 4336 
m1381 22 23 30 36 40 41 1122 1123 1130 1136 1140 1141 1180 1186 1190 1522 1523 1536 1540 1541 1822 1830 1836 1840 1841 2022 2023 2030 2036 2041 2080 2086 
m1781 36 40 46 1836 2036 2046 2336 
m1264 22 38 44 46 1146 1922 1944 1946 2344 2346 4846 
m29 37 40 46 2037 2046 4837 
m1777 37 45 46 1895 2337 2345 2346 
m2250 22 23 36 40 46 49 1123 1136 1146 1149 1836 1846 1849 2022 2023 2036 2046 2049 2323 2473 2486 2496 3686 4323 4336 4836 
m1365 11 13 33 39 563 583 589 689 1983 3183 
m1505 37 38 46 1888 2338 4396 
m873 12 38 45 46 645 1912 1946 2345 4812 
m1928 22 23 36 40 46 49 1123 1136 1140 1146 1149 1190 1822 1840 2023 2036 2040 2046 2049 2322 2336 2340 2346 2472 2473 2486 2496 3696 4323 4346 4823 
m1705 5 36 40 46 286 290 296 2036 2046 2305 2340 2346 4346 4836 
m1200 14 40 740 
m1216 14 36 46 736 746 2336 
m1681 45 46 2295 2296 2346 
m1 45 46 2296 2345 2346 
m1123 22 36 40 46 1122 1136 1140 1146 1840 2022 2040 2046 2322 2336 2340 2346 
m513 45 46 2296 2345 4846 
m898 36 37 40 46 48 1848 1886 1890 1896 2036 2040 2046 2048 2336 2340 2346 2348 4396 4836 
m2929 33 44 49 1694 1699 2494 
m2325 5 45 2255 2295 
m1098 23 28 38 1178 1188 1928 1938 
m139 3 22 30 38 172 180 188 1522 1922 1930 1938 
m1874 45 46 2296 
m2157 27 36 40 46 1827 1840 2027 2036 2040 2327 2340 4836 
m646 14 22 36 46 49 722 736 749 1814 1822 1849 2322 2336 2349 2472 4336 4814 
m1502 22 37 46 1122 1146 1872 2322 4396 
m2374 23 36 41 1823 2073 3673 4323 4586 
m3 22 40 45 46 1140 1146 2272 2290 2296 2340 
m2813 19 46 969 996 2319 2346 
m1103 22 36 41 49 1136 1141 1822 1849 2072 2086 2091 2099 2472 2486 4336 
m1974 22 45 46 2272 2296 2322 2346 
m1572 45 46 2295 2296 
m681 12 22 23 36 41 46 49 622 623 636 641 649 1123 1136 1141 1191 1822 1823 1841 2322 2323 2336 2341 2349 2472 2473 2486 2491 3136 4323 4336 4812 
m2713 6 42 4606 
m369 32 36 38 41 46 1641 1646 1932 1936 1941 1946 2332 2336 2341 2346 4136 4586 
m283 22 44 46 1146 2322 2344 2346 4846 
m2153 22 23 30 36 40 1122 1123 1130 1136 1172 1173 1180 1186 1190 1522 1523 1530 1536 1540 1822 1823 1830 1840 2022 2023 2030 3673 
m668 22 23 30 1123 1130 1172 1173 1180 1523 3673 
m1169 22 41 1122 1141 
m1031 14 22 41 714 741 1114 1141 2064 2072 2091 
m2668 22 45 46 1145 1146 2296 
m765 8 36 408 2936 4308 
m249 22 
m1981 47 
m1841 22 37 46 1872 2322 4396 
m364 22 26 44 46 1146 1322 1344 1346 2344 2346 4846 
m853 37 46 2337 
m1998 22 23 30 36 40 41 46 1122 1123 1130 1136 1140 1141 1146 1191 1522 1523 1536 1541 1546 1841 1846 2023 2030 2036 2040 2041 2046 2072 2080 2341 3696 4323 
m2817 14 45 745 
m457 32 46 1632 1646 2332 2346 
m1307 5 32 36 46 49 282 286 296 1632 1636 1649 1849 2305 2332 2336 2346 2349 
m1915 5 26 33 45 1305 1333 1345 1655 1695 2255 
m564 46 
m1036 46 
m2072 40 46 49 2040 2046 2340 2490 2496 
m1347 22 23 30 45 1123 1130 1145 1173 1180 1523 1530 2273 2280 3673 
m1326 32 1632 
m2724 5 26 38 46 1305 1346 1926 1946 2305 2346 
m1867 22 44 46 1146 2246 2344 2346 4846 
m1575 7 45 46 2257 2295 2296 2307 2346 
m1171 44 46 2344 2346 
m1214 45 49 2295 2299 
m1399 23 36 40 41 44 1186 1190 1191 1194 1840 1841 2041 2240 2241 4736 
m2413 6 14 32 314 332 732 
m2687 37 40 46 1890 2037 2040 2046 2337 2340 2346 4396 
m612 12 49 649 2462 
m1258 32 36 45 46 1832 2282 2286 2296 2332 2336 2346 4836 
m2381 17 32 882 1617 1632 
m493 
m32 41 2091 
m633 14 22 722 1114 1122 
m114 26 34 38 46 1326 1334 1346 1734 1926 1938 1946 2334 2346 
m1880 46 2346 
m1744 37 40 46 1890 2037 2046 2340 4396 
m944 23 36 40 45 46 49 1190 1195 1836 1840 1845 2023 2036 2040 2045 2046 2049 2323 2336 2340 2345 2473 2486 2496 3686 4323 4336 4836 
m1986 3 30 45 46 180 195 2280 2296 2330 2345 2346 2696 4803 
m1058 8 46 2308 2346 4846 
m1565 36 46 49 1849 2336 2349 2486 2499 
m2644 36 38 49 1838 1849 1936 1938 1949 
m224 13 22 33 36 40 46 1113 1122 1133 1136 1140 1146 1813 1833 1840 1846 2013 2022 2033 2036 2040 2046 2313 2333 4163 
m1818 14 22 27 40 727 1114 1127 2014 2022 2027 
m554 22 23 30 36 40 41 1123 1130 1136 1140 1172 1173 1180 1186 1190 1523 1822 1823 1830 1836 1840 1841 2022 2023 2030 2036 2041 2072 2073 2086 2090 3673 4323 4336 4586 
m2497 33 37 46 1883 1896 4833 
m971 5 14 26 45 705 745 1305 1314 1345 2255 
m1491 30 40 46 2030 2040 2046 2330 
m1482 12 14 46 2312 2314 2346 3212 4812 4814 
m284 22 44 46 1146 2322 2344 2346 4846 
m1184 13 22 36 40 41 1113 1136 1140 1813 1840 2013 2063 2072 2086 2090 
m25 18 46 2318 2346 
m1743 14 33 40 46 733 740 746 1690 2340 4196 
m2690 46 
m75 26 46 1326 1346 2326 2346 3826 
m1300 22 44 46 1146 2222 2244 2246 2322 2344 2346 4846 
m2362 22 36 40 46 1122 1136 1140 1146 1840 2040 2336 2340 
m1520 5 22 1105 1122 
m528 22 36 40 46 49 1149 1822 1849 2022 2036 2049 2322 2336 2340 2349 
m57 22 30 40 46 1130 2022 2030 2040 2046 2322 2330 2346 
m1541 22 46 48 1146 2348 
m1119 22 30 36 40 46 1130 1136 1140 1146 1536 1540 1546 1840 2030 2036 2040 2046 2330 2336 2340 2346 4346 
m609 27 49 1399 
m221 46 2346 
m170 36 41 46 49 1841 1846 2341 2346 2486 2491 2496 
m315 33 36 46 1686 2333 2336 2346 4833 
m2631 46 49 2346 2349 
m701 10 22 44 46 546 1110 1144 1146 2210 2246 2310 2344 2346 4846 
m450 13 46 4813 
m2455 22 36 41 1136 1141 1822 1841 2072 2086 2091 4336 4586 
m481 22 36 40 46 49 1146 1822 1840 1846 1849 2036 2046 2049 2322 2340 2472 2496 4846 
m201 13 46 2313 
m2578 22 23 36 40 41 46 1122 1123 1136 1140 1186 1190 1836 1840 2036 2040 2072 2073 2086 2090 2322 2323 2336 2340 2341 3686 
m2299 
m2459 41 45 2091 2095 2291 2295 
m2891 36 
m2676 
m2037 22 45 46 1122 1146 2272 2295 2296 2322 2346 4846 
m2383 37 39 40 46 1890 1987 1990 2037 2039 2046 2340 4396 4496 
m1080 22 32 36 37 40 1122 1136 1137 1140 1622 1636 1637 1640 1822 1872 1886 1890 2022 2036 
m2112 14 22 1114 1122 
m1107 22 44 46 1146 2246 2344 2346 4846 
