m1531 22 30 36 37 41 1130 1136 1536 1537 1541 1886 2086 2087 
m2020 38 41 46 1938 1941 1946 2341 
m1271 12 14 45 46 645 712 745 2314 2345 2346 3146 3246 4812 
m2809 22 23 36 38 40 41 1122 1123 1136 1140 1172 1822 1823 1836 1840 1922 1923 1936 1941 2023 2036 2072 2073 2086 2088 2090 2091 3673 4323 4586 
m2942 22 23 36 40 1122 1123 1136 1140 1172 1173 1186 1190 1822 1823 1836 1840 2022 2023 2036 2040 3673 3686 4323 
m1081 22 23 30 36 37 40 46 49 1123 1130 1136 1137 1140 1146 1149 1180 1523 1530 1546 1822 1823 1830 1836 1837 1840 1846 1849 1872 1873 1880 1886 1890 1896 2022 2023 2030 2036 2037 2040 2046 2330 2346 2472 2473 2480 2486 2487 2490 2496 4396 4823 
m977 41 46 2341 
m1032 22 23 30 36 40 41 46 49 1122 1123 1130 1136 1140 1141 1146 1149 1172 1173 1190 1191 1522 1523 1530 1536 1540 1541 1546 1822 1823 1830 1836 1840 1841 1846 1849 2022 2023 2030 2036 2040 2041 2046 2049 2322 2323 2330 2336 2340 2341 2346 2472 2473 2480 2486 2490 2496 3696 4823 
m1198 46 2346 
m1208 36 40 46 49 1836 1840 1846 1849 2036 2040 2046 2049 2336 2340 2346 2349 2486 2490 2496 4346 
m2499 26 32 36 38 46 1332 1336 1346 1832 1926 1932 1936 1946 2332 2336 2346 4836 
m401 11 13 22 33 36 40 563 572 583 586 590 672 686 690 1113 1122 1133 1136 1140 1672 1686 1690 1822 2022 2036 3183 
m2617 14 38 40 46 49 1938 1940 1946 2014 2046 2049 2346 2464 2496 4814 
m2222 13 22 38 49 699 1113 1122 1138 1149 1913 1938 1949 
m86 22 23 24 38 40 46 1123 1146 1190 1222 1240 1246 1923 1924 1938 1940 1946 2022 2023 2024 2040 2046 2340 3696 3723 
m1039 22 23 1123 
m2901 22 32 38 46 1146 1922 1932 1938 1946 2332 2346 
m1321 30 45 46 2280 2296 2330 2345 2346 4846 
m1480 46 
m901 14 22 36 41 46 714 736 1114 1122 1136 1141 1146 1836 2064 2072 2086 2314 2322 2336 2341 3236 4314 4586 4814 
m2009 22 23 41 1122 1123 1141 1172 2073 
m794 23 36 38 49 1186 1923 1936 1938 1949 2473 2486 
m329 14 40 46 2014 2040 2046 2314 2346 4814 4846 
m2475 30 38 40 45 46 1930 1938 1946 2030 2038 2046 2280 2288 2290 2296 2330 
m161 14 22 36 38 41 46 714 736 1114 1136 1836 1914 1922 1936 1941 2064 2072 2086 2314 2322 2336 2338 2341 3236 4314 4586 4814 
m2722 22 40 41 46 1122 1140 1146 2022 2040 2046 2340 
m583 10 26 32 46 526 532 546 1310 1326 1332 1346 1610 1626 1632 1646 2310 2326 2332 2346 
m2746 22 23 36 40 41 1122 1123 1136 1140 1141 1172 1173 1186 1822 1823 1836 1840 1841 2022 2023 2036 2040 2041 2072 2073 2086 2090 3673 4586 
m1560 22 40 46 1140 1146 2046 2322 2340 2346 
m1805 14 26 726 
m2889 46 2346 
m552 5 14 22 23 32 36 37 41 264 282 286 722 737 741 1123 1136 1141 1155 1182 1186 1614 1637 1814 1837 1872 1882 1886 1887 1891 2087 3664 4136 4332 
m1217 46 2346 4846 
m2082 14 33 46 1664 1696 2314 2346 4196 4814 
m1594 12 36 38 41 46 641 1841 1912 1936 1938 1941 1946 2062 2086 2091 2096 2312 2336 2341 4312 
m2626 23 30 46 1523 1530 1546 2346 3696 4823 
m2835 36 46 2336 
m2152 14 45 46 49 2264 2296 2299 2314 2346 2464 2496 4814 
m54 23 30 46 1180 1523 1530 2330 4823 
m2131 30 36 46 49 1549 1830 1846 1849 2330 2336 2346 2349 
m2469 38 45 46 49 1938 1946 1949 2288 2296 2299 2349 
m1925 22 36 37 40 46 1122 1136 1137 1140 1146 1822 1837 1840 1846 1890 2022 2036 2037 2040 2046 2337 2340 2346 4346 4837 
m137 46 2346 
m2193 11 13 33 661 1661 4163 
m1465 22 23 36 41 1122 1123 1136 1141 1191 3686 4586 
m442 33 36 45 46 1686 1695 1845 2333 2345 4836 
m2274 23 38 1923 
m965 23 30 36 40 46 1180 1823 1830 1836 1846 2023 2030 2036 2040 2046 2323 2330 2336 2346 4323 4346 4823 4836 
m172 37 46 1896 2337 2346 4846 
m2055 22 23 30 46 1122 1123 1130 1146 1172 1173 1180 1196 1522 1523 1530 1546 2323 2330 2346 3696 
m424 46 2346 
m2924 5 37 45 46 1855 1895 2255 2305 2337 2345 2346 4837 4846 
m2878 41 46 2091 2096 2341 
m2348 5 23 30 38 40 273 280 290 1190 1523 1530 1540 1905 1923 1930 1940 2023 2030 2040 
m1903 14 46 49 2314 2346 2464 2496 4814 
m2665 22 23 30 36 40 41 46 1122 1123 1130 1136 1140 1141 1146 1172 1173 1180 1186 1190 1191 1523 1536 1540 1541 1841 2023 2036 2041 2073 2080 2086 2090 2091 2322 2323 2330 2341 3673 4323 
m866 23 32 46 1182 2323 2332 2346 3696 4823 
m1114 22 23 30 1122 1123 1130 1173 1523 1530 3673 
m580 22 23 30 41 46 1122 1123 1130 1141 1146 1172 1173 1191 1522 1523 1530 1541 1546 2322 2323 2330 2341 2346 3696 4823 
m133 
m1368 13 38 46 688 1913 1938 1946 2313 2338 2346 3196 
m333 17 40 46 2017 2046 2346 4817 
m1851 22 23 30 1122 1123 1130 1173 1522 1523 3673 
m189 23 30 40 46 1180 2023 2030 2046 2330 2346 4823 
m2316 12 22 23 30 46 612 622 623 630 646 1112 1122 1123 1130 1180 1512 1522 1523 1530 2312 2322 2323 2330 2346 4812 
m2608 12 23 30 46 1162 1196 1512 1523 1530 1546 2346 3696 4812 
m408 32 36 46 1636 2332 2336 2346 4332 4336 4836 
m2457 13 16 22 36 40 672 686 690 822 836 840 1113 1116 1122 1136 1140 1822 2022 2036 3166 
m439 22 23 30 36 40 41 46 49 1122 1123 1130 1136 1140 1141 1146 1172 1173 1180 1186 1190 1196 1523 1530 1536 1540 1546 1822 1823 1830 1836 1840 1841 1846 1849 2022 2023 2030 2036 2040 2041 2046 2049 2072 2073 2080 2086 2090 2096 2330 2346 2472 2473 2486 2490 2491 3696 4336 4346 4823 
m2277 13 38 1913 1938 
m2110 36 40 41 46 1836 1841 1846 2036 2040 2041 2046 2336 2341 2346 4341 4346 4836 4846 
m907 22 46 49 2322 2346 2349 2472 4846 
m1386 22 23 30 46 1122 1123 1130 1146 1523 1530 1546 2330 2346 3696 4823 
m2759 22 23 30 36 39 40 41 1123 1136 1140 1172 1173 1186 1190 1191 1523 1536 1539 1541 1823 1972 1973 1986 1991 2023 2036 2072 2073 2086 2090 3673 4323 4336 4586 
m1168 13 25 38 46 675 1913 1925 1946 2313 2325 
m1770 23 30 36 40 1180 1523 1530 1536 1540 1830 2023 2030 2036 2040 4323 
m2766 36 37 40 46 1840 1886 1890 1896 2036 2037 2040 2046 2336 2337 2340 2346 4346 4387 4396 4837 
m2283 23 30 36 49 1180 1199 1549 1823 1830 1849 2473 2480 2486 
m495 22 45 46 1145 2322 2345 2346 
m1051 38 46 1938 2338 
m2689 22 44 46 1146 2222 2244 2246 2322 2344 2346 4846 
m2539 14 22 38 46 1114 1146 1914 1922 1938 1946 2314 2322 2346 4814 
m1487 22 32 38 46 1132 1146 1632 1646 1922 1932 1938 1946 2332 
m2681 22 23 30 41 1123 1141 1172 1173 1191 1522 1523 1541 2072 2073 2080 2091 3673 
m1274 37 38 46 1888 2338 2346 4396 4837 
m327 23 26 30 46 1176 1323 1326 1330 1346 1523 1526 1546 2326 2330 2346 3696 4823 4846 
m162 23 30 32 46 1182 1523 1532 1546 2323 2332 2346 4823 
m2517 5 23 24 38 40 46 273 274 290 296 1190 1240 1246 1905 1923 1924 1938 1940 1946 2023 2024 2040 2046 2340 3696 3723 
m1163 12 14 23 34 46 712 1162 1164 1196 1712 1714 1723 1734 1746 2314 3114 3214 3664 4812 
m2826 3 32 37 182 187 1882 
m1513 5 14 45 46 705 745 2255 2305 2314 2345 2346 4814 
m1819 32 44 46 1632 1644 1646 2344 
m1621 14 22 40 46 746 1114 1146 2014 2046 2346 
m2677 5 12 41 45 46 296 2055 2062 2096 2255 2291 2296 2341 2345 4812 
m59 22 23 30 36 40 46 49 1122 1123 1130 1136 1140 1146 1149 1172 1173 1180 1186 1190 1199 1522 1523 1530 1536 1540 1546 1549 1823 1840 2022 2023 2030 2036 2040 2046 2322 2330 2336 2340 2346 2349 2472 2473 2480 2486 2496 3696 4823 
m1269 5 23 30 46 273 280 296 1180 1505 1523 1546 2305 2323 2330 2346 4823 
m2141 14 22 46 714 746 1114 1146 2314 2346 3246 4814 
m1672 22 38 46 1138 1146 1922 1938 1946 2322 2338 
m1571 22 23 1122 1123 1172 1173 3673 
m1236 5 22 32 36 46 49 286 299 1605 1622 1636 1646 1649 1805 1822 1846 1849 2305 2322 2332 2336 2346 2349 2472 2486 2499 4136 4336 4836 
m1696 12 13 22 27 36 40 622 636 640 672 686 690 1112 1113 1122 1136 1140 1362 1363 1372 1386 1390 1822 2022 2036 3162 
m703 23 30 38 1180 1188 1523 1530 1538 1938 
m2638 22 23 45 1123 1173 1195 3673 
m1593 23 38 1923 
m132 22 23 30 46 1123 1130 1146 1180 1523 1546 2330 4823 
m1484 32 33 36 1632 1633 1636 1683 1686 1833 1836 4136 4186 4333 4336 
m213 22 30 36 49 1122 1130 1136 1149 1522 1536 1549 1822 1830 1849 2472 4336 
m624 22 40 44 46 1146 2022 2044 2046 2344 2346 4846 
m1327 22 23 30 36 40 41 46 1123 1130 1136 1141 1146 1180 1186 1190 1523 1530 1536 1540 1546 1830 2022 2023 2030 2036 2040 2046 2072 2073 2080 2086 2090 2091 2330 3696 4836 
m1516 26 32 36 38 46 1332 1336 1346 1832 1926 1932 1936 1946 2332 2336 2346 4836 
m590 22 23 30 38 1123 1130 1172 1173 1188 1522 1523 1530 1538 3673 
m1894 22 30 46 1522 1546 2322 4846 
m244 22 23 27 30 36 40 46 49 1122 1123 1130 1136 1140 1146 1149 1172 1173 1180 1186 1190 1199 1372 1373 1380 1386 1399 1522 1523 1530 1536 1540 1546 1549 1822 1823 1830 1836 1840 1846 1849 2022 2023 2027 2030 2036 2040 2046 2322 2327 2330 2336 2340 2346 2349 2472 2473 2480 2486 2496 3696 4823 
m2026 5 17 41 46 255 867 891 2055 2091 2317 2341 2346 4817 
m937 21 46 2321 2346 4846 
m560 22 30 37 41 46 1130 1137 1141 1146 1537 1541 1546 2087 2096 2322 2330 2337 2341 2346 4837 
m381 23 30 36 40 41 49 1190 1523 1530 1540 1541 1823 1830 1836 1840 1841 1849 2073 2080 2090 2473 2480 2486 2490 2491 2499 
m2904 22 23 36 40 41 1122 1123 1136 1140 1141 1172 1173 1822 1823 1836 1840 1841 2022 2023 2036 2040 2041 2072 2073 3673 4586 
m380 22 23 45 1123 1145 1172 1173 2272 2273 3673 
m2420 6 14 23 32 36 314 332 732 1156 1164 1182 1806 1814 1832 3686 
m2209 36 48 49 1848 1849 2486 2498 2499 4336 
m90 22 46 49 1146 1149 2349 2472 2496 
m1199 23 30 36 41 1173 1523 1823 1830 2073 2080 3673 4323 4586 
m2543 23 30 36 40 41 1173 1180 1186 1190 1523 1530 1536 1540 1823 1830 1836 1840 2023 2030 2036 2040 2073 2080 2086 2090 3673 4323 
m731 22 46 1146 2322 2346 
m206 23 26 30 33 40 46 49 1180 1323 1333 1340 1346 1673 1680 1696 2023 2030 2033 2046 2330 2476 2480 2483 2490 2496 4823 
m1359 32 36 41 46 1632 1636 1641 1646 1832 1836 1841 1846 2082 2086 2091 2096 2332 2336 4586 4846 
m812 5 13 22 26 33 46 263 283 672 1305 1313 1322 1333 1346 1672 2305 2313 2322 2333 4163 
m1552 26 46 1346 
m1391 22 23 36 40 46 49 1172 1822 1823 1836 1846 1849 2023 2036 2040 2046 2049 2322 2336 2346 2349 2472 2473 2486 4323 4346 4823 4836 
m1719 5 22 36 38 40 46 49 286 296 299 1136 1138 1140 1146 1149 1836 1846 1849 1905 1936 1938 1946 1949 2036 2038 2046 2049 2346 2349 2455 2486 2496 2499 4836 
m453 38 41 46 1941 1946 2091 2341 
m2462 22 23 32 36 1123 1132 1136 1173 1182 1186 1623 1823 3673 4332 
m501 22 23 36 40 1122 1123 1136 1140 1173 1823 2023 2036 3673 
m2411 12 14 23 30 46 630 723 730 746 1180 1512 1523 1530 1546 2312 2330 3123 3212 4823 
m1737 22 36 40 41 1136 1140 1141 1836 1840 1841 2036 2040 2086 2090 2091 4586 
m2280 30 36 41 46 1830 1836 1841 1846 2080 2330 2336 2341 2346 4586 4836 
m2587 22 27 46 1122 1127 1146 1377 2327 2346 
m1985 22 23 41 1122 1123 1141 1172 2073 
m274 22 23 36 40 41 1122 1123 1136 1140 1141 1172 1173 1822 1823 1836 1840 1841 2022 2023 2036 2040 2041 2073 2086 2090 3673 4586 
m2347 22 37 40 45 46 1146 1872 1887 1890 1895 1896 2022 2037 2046 2287 2290 2295 2296 2322 2337 2340 2346 4396 
m2349 22 30 46 1122 1130 1146 2322 2330 2346 
m2074 20 22 36 41 1022 1120 1122 1136 1141 1820 1822 2070 2072 4586 
m735 23 24 40 46 1190 1240 1246 2023 2024 2040 2046 2323 2324 2340 2346 3696 3723 
m1994 22 23 30 36 40 41 46 1122 1123 1130 1136 1140 1141 1146 1191 1523 1536 1541 1546 1841 1846 2023 2030 2036 2040 2041 2046 2072 2091 2341 3696 4323 
m632 22 23 30 36 40 46 1122 1123 1130 1136 1140 1146 1180 1522 1523 1536 1540 1546 1822 1823 1830 1836 1840 1846 2022 2023 2030 2036 2040 2046 2322 2323 2330 2340 4823 4846 
m1977 23 37 46 49 2323 2473 2487 2496 3687 4837 
m498 2 26 46 126 2302 2326 
m1006 23 36 40 46 49 1190 1823 1840 1846 1849 2323 2340 2349 2473 
m1983 46 
m698 22 23 30 46 1122 1123 1130 1146 1180 1523 1530 1546 2323 2330 3673 4823 
m2653 46 2346 
m531 13 14 22 40 46 672 722 2013 2014 2040 2046 2313 2314 3164 
m1844 12 14 46 712 746 2312 2346 3246 4812 
m1937 41 2091 
m2581 22 23 36 41 1122 1123 1172 1173 1822 1823 1841 2072 2073 2091 3673 4586 
m1238 23 41 46 2073 2323 2341 3673 
m6 4 26 38 226 238 1304 1326 1338 1904 1926 2704 
m1388 13 22 38 49 699 1113 1122 1138 1913 1938 1949 
m507 36 49 1836 1849 2499 
m2298 22 46 1122 1146 
m1469 23 41 1173 1191 2073 3673 
m135 8 23 30 38 46 423 430 1173 1180 1508 1523 1908 1923 1930 1946 2308 2323 2330 3673 
m614 14 22 45 46 722 1114 1145 1146 2264 2272 2296 2314 2322 2345 2346 3246 
m1372 23 26 30 38 40 46 1180 1323 1330 1338 1346 1923 1930 1938 1946 2023 2026 2030 2038 2046 2330 4823 
m790 36 45 1845 
m69 22 36 41 1122 1136 1141 1822 2072 2086 2091 4586 
m964 22 46 1122 1146 2346 
m674 12 15 30 46 1512 1515 1546 2312 3262 4815 
m1082 11 13 22 46 563 572 596 1113 1122 1146 2313 2322 2346 4846 
m968 36 41 1841 
m1237 5 26 36 46 49 50 276 296 300 1346 1350 1805 1826 1846 1849 1850 2305 2326 2346 2349 2350 2455 2476 2496 2500 
m1003 22 23 36 41 1122 1123 1172 1173 1822 1823 2072 2073 3673 4586 
m1049 23 36 40 41 1173 1823 1836 1840 1841 2023 2036 2040 2041 2073 2086 2090 2091 3686 4323 
m2295 22 37 40 46 1137 1140 1146 1890 2022 2037 2040 2046 2322 2337 2340 2346 4396 
m2648 22 23 36 40 41 46 1123 1136 1141 1146 1191 1822 1823 1836 1841 1846 2022 2023 2036 2040 2041 2046 2323 2336 2341 2346 3686 4341 4346 4823 
m2036 22 23 30 36 40 41 46 1122 1123 1130 1136 1140 1141 1146 1180 1522 1523 1536 1540 1546 1822 1823 1830 1836 1840 1846 2022 2023 2030 2036 2040 2046 2072 2086 2090 2322 2323 2330 2340 4823 4846 
m832 22 23 30 1122 1123 1130 1172 1173 1180 1522 1523 1530 3673 
m1334 5 13 26 33 41 46 655 696 1305 1313 1326 1333 1341 1346 1655 1676 1691 1696 2055 2063 2096 2305 4163 
m1920 5 14 36 46 49 264 286 296 299 746 749 1849 2349 2486 2499 3236 4836 
m2330 44 46 2344 2346 
m1514 22 24 1124 
m764 23 36 38 40 41 46 1823 1838 1841 1923 1941 1946 2023 2036 2038 2040 2041 2046 2073 2323 2341 4346 
m642 37 40 46 1890 2037 2040 2046 2337 2340 2346 4396 
m1591 12 36 38 41 46 641 1841 1912 1936 1938 1941 1946 2062 2086 2091 2096 2312 2336 2341 4312 
m1477 22 23 30 36 40 41 46 1122 1123 1130 1136 1140 1141 1146 1173 1186 1190 1522 1523 1536 1540 1541 1823 1836 1840 1841 2023 2036 2040 2041 2073 2086 2090 2322 2323 2330 2336 2340 2341 2346 3673 3686 4323 4336 
m183 22 36 41 46 1136 1146 1846 2072 2096 2322 2336 2341 2346 4586 4836 
m247 36 46 2336 
m1000 22 23 36 40 1122 1123 1136 1140 1173 1822 1823 1840 2022 2023 3673 
m1597 22 23 45 1123 1173 1195 3673 
m2532 16 36 3336 
m2502 22 36 40 41 45 46 1136 1140 1141 1146 2036 2046 2090 2096 2272 2286 2291 2296 4346 4586 
m1454 6 14 32 36 49 706 714 732 736 749 1606 1636 1806 2456 2482 2486 
m1897 12 22 23 36 40 46 49 636 646 649 1172 1186 1196 1199 1822 1836 1840 1846 2022 2036 2322 2336 2346 2349 2486 2496 3123 3146 3686 4336 4823 
m2882 14 23 30 46 1514 1523 1546 2314 2323 2330 2346 3664 4814 4823 
m1860 30 40 46 49 2030 2046 2049 2330 2349 2480 2496 4846 
m2327 22 37 40 46 1872 2022 2037 2040 2046 2322 2337 2340 2346 4396 
m2242 22 23 36 40 1122 1123 1136 1140 1173 1186 1190 1822 1823 1836 1840 2022 2023 2036 2040 3673 4323 
m2195 12 22 23 27 30 41 46 641 1112 1123 1127 1130 1141 1146 1173 1191 1362 1372 1373 1380 1391 1512 1522 1523 1527 1530 1541 2062 2072 2073 2077 2080 2091 2312 2322 2323 2327 2330 2341 3123 3662 4823 
m1030 22 23 30 36 40 41 46 49 1122 1123 1130 1136 1140 1141 1146 1172 1173 1186 1190 1191 1199 1522 1523 1530 1536 1540 1541 1546 1549 1822 1823 1830 1836 1840 1841 1846 1849 2022 2023 2030 2036 2040 2041 2046 2049 2072 2073 2086 2090 2096 2099 2330 2336 2340 2341 2349 2472 2473 2486 2496 3696 4336 4823 
m455 14 36 40 46 740 1814 1840 2014 2036 2040 2046 2336 2340 2346 3246 4346 4814 
m2135 36 40 41 1836 1840 1841 2036 2040 2041 
m1062 22 23 30 46 1123 1130 1146 1180 1523 1546 2322 2323 2330 2346 4823 
m644 22 37 40 46 1137 1140 1146 1890 2022 2037 2046 2322 2337 2340 2346 4396 
m1430 12 14 22 36 45 46 49 645 712 745 1112 1114 1146 1812 1814 1822 1845 1846 1849 2314 2345 2346 2462 2464 2472 2496 3146 3246 4812 
m1518 22 36 40 41 1136 1140 1141 1836 1841 2036 2041 2086 2090 2091 4586 
m157 22 23 1123 1172 1173 3673 
m104 14 22 25 46 725 1114 1146 2325 3246 
m76 8 36 46 2308 4308 4836 
m1530 17 41 46 2067 2096 2341 4817 
m2360 22 23 41 1122 1123 1173 2072 2073 3673 
m1525 14 40 46 2014 2046 2314 2346 4814 
m1395 5 36 46 49 286 296 299 1849 2346 2349 2486 2499 4836 
m51 32 46 2332 
m2286 14 38 46 1914 1946 4814 
m2211 14 23 32 36 49 723 732 736 749 1182 1199 1636 1649 1849 3686 
m1029 22 23 36 40 41 1122 1123 1136 1140 1141 1172 1173 1822 1823 1836 1840 2022 2023 2036 2040 2072 2073 2086 2090 3673 4586 
m1585 3 22 23 36 40 41 46 172 186 190 1122 1136 1140 1146 1191 1822 1823 1836 1840 1841 1846 2022 2023 2036 2040 2041 2046 2323 2336 2341 2346 3686 4336 4341 4346 4823 
m2065 14 22 36 41 46 714 722 736 741 1822 1836 1841 2072 2314 2322 2336 2341 3236 4314 4586 4814 
m429 26 37 46 1326 1337 1346 1876 2326 4396 
m1966 14 46 4814 
m1772 22 37 40 46 1122 1137 1140 1146 1890 2022 2037 2040 2046 2337 2340 2346 4837 
m1906 22 23 30 36 40 1123 1130 1136 1140 1172 1173 1186 1190 1523 1536 1540 1823 2022 2023 2036 3673 4323 
m613 26 36 37 46 49 1826 1837 1846 1849 1876 1899 2326 2476 2496 4396 
m2228 22 37 40 46 1137 1146 2022 2037 2040 2046 2322 2337 2346 4837 
m1687 22 38 46 1138 1146 1938 1946 2338 
m257 23 30 40 46 1180 1523 1530 1546 2023 2030 2046 2323 2330 
m2423 46 
m2473 15 26 46 776 2326 4815 
m1713 26 3826 
m1641 13 23 30 46 696 1163 1173 1180 1196 1513 1523 1530 1546 2313 2323 2330 2346 3196 3663 3696 4823 
m2132 16 26 36 40 46 49 826 1826 2016 2036 2046 2316 2326 2346 2466 2486 2490 2496 3336 3346 4346 4836 
m1642 23 30 41 46 1180 2073 2080 2096 2323 2330 2341 4823 4846 
m2119 22 30 36 40 41 1122 1130 1136 1140 1141 1522 1536 1840 2036 2040 2072 2080 2086 2090 
m2399 22 23 32 38 46 1123 1146 1182 1196 1922 1923 1932 1946 2332 
m763 22 23 30 36 40 45 46 1123 1130 1136 1140 1146 1180 1523 1536 1546 1830 2023 2030 2036 2046 2272 2273 2280 2286 2290 2296 2330 2336 4323 4823 
m2177 17 46 49 896 899 2317 2346 2349 
m537 36 40 46 49 1836 1840 1846 1849 2036 2040 2046 2049 2336 2340 2346 2349 2486 2490 2496 4346 
m1607 23 38 45 46 1196 1923 1945 1946 2273 2296 2323 2346 3696 4823 
m316 13 22 40 46 1113 1140 2013 2313 2322 2340 2346 
m1476 30 38 41 46 1930 1941 1946 2080 2096 2330 2341 2346 
m118 33 46 2333 2346 
m2175 36 46 49 1849 2346 2349 2486 2499 4836 
m960 23 30 41 46 1191 1523 1530 1541 1546 2073 2080 2091 2096 2330 2341 2346 3696 4823 
m1021 22 46 1122 1146 2322 2346 4846 
m1382 22 30 36 40 45 1122 1136 1140 1522 1536 1540 1836 1840 2022 2036 2040 2280 
m11 37 
m1227 26 38 46 1926 1946 2326 
m1158 22 36 40 46 1136 1140 1146 1846 2022 2036 2040 2046 4336 4346 
m1336 22 40 46 1122 1140 1146 2022 2040 2046 2322 
m286 22 32 46 1122 1132 1146 1632 2322 2332 2346 
m2486 15 22 27 38 46 777 1115 1127 1146 1915 1922 1938 1946 2315 2327 2346 
m1887 22 30 36 40 41 46 1122 1130 1136 1140 1141 1146 1830 2022 2030 2036 2040 2046 2072 2090 2096 2330 2336 2340 4836 4846 
m1475 38 46 49 1938 1946 1949 2349 
m20 12 13 22 49 649 699 1112 1113 3162 
m509 32 38 46 1632 1646 1932 1938 1946 2332 2346 
m156 22 
m382 22 23 36 40 1123 1136 1173 1186 1190 1836 1840 2036 3673 3686 
m2523 23 30 36 40 41 1173 1523 1536 1540 1823 1830 1836 1840 2023 2030 2036 2040 2073 2080 2086 2090 3673 4323 4586 
m1285 23 30 38 1188 1523 1538 1923 1930 1938 
m2682 13 38 1913 1938 
m557 22 36 40 44 46 1136 1144 1146 1822 1836 1846 2022 2036 2044 2046 2236 2246 2322 2336 2344 2346 4346 4736 4836 4846 
m1280 14 37 38 46 737 738 746 1888 1896 2338 
m2251 14 23 30 46 730 1180 2314 2323 2330 2346 3223 4814 4823 
m451 46 2346 
m747 14 46 714 746 2314 2346 3246 4814 
m2815 22 23 36 38 41 1122 1123 1136 1141 1172 1822 1823 1922 1923 1936 1941 2072 2073 2086 2088 2091 3673 4323 4586 
m862 36 37 40 46 1837 1846 2036 2037 2040 2046 2337 2346 4346 4837 
m496 23 36 41 46 1836 1841 1846 2073 2086 2323 2341 4323 4836 
m1823 23 30 36 41 1523 1823 1830 2073 2080 3673 4323 4586 
m1988 36 46 49 1849 2346 2349 4836 
m2738 22 23 30 36 49 1123 1130 1136 1149 1522 1523 1530 1822 1823 1830 1836 1849 2472 2473 2480 2486 2499 
m179 5 14 38 46 705 738 746 1905 1914 1938 1946 2305 
m198 22 30 36 40 41 49 1122 1130 1136 1140 1141 1536 1540 1822 1840 1841 2022 2036 2040 2041 2080 2086 2090 2472 2486 2490 
m631 10 26 37 46 1310 1337 1346 1860 1896 2310 2346 4396 
m1891 6 36 42 49 2456 2486 2492 2836 4606 4636 
m1838 22 23 30 1122 1123 1130 1173 1180 1522 1523 1530 
m1812 46 47 2346 2347 
m1700 22 36 46 1136 1146 1846 2322 2336 4846 
m2520 26 39 46 1326 1339 1346 1976 2326 4496 
m934 22 23 36 41 1123 1136 1141 1172 1173 1822 1823 2072 2073 3673 4586 
m2483 15 27 38 41 45 46 777 1938 1941 1946 2065 2077 2088 2096 2288 2291 2296 2315 2327 2346 
m2721 23 30 1523 
m929 40 46 2040 2046 2346 
m138 23 36 41 49 1191 1823 1836 1841 1849 2473 2486 2491 3686 4323 4336 4341 
m2001 22 23 30 36 40 41 46 1122 1123 1130 1136 1140 1141 1146 1191 1523 1536 1541 1546 1841 1846 2023 2030 2036 2040 2041 2046 2072 2341 3696 4323 
m676 38 46 1938 1946 2338 2346 
m988 22 36 40 46 1122 1136 1140 1146 1840 1846 2022 2036 2040 2046 2322 2340 2346 4836 
m1831 22 37 46 49 1137 1146 1899 2346 2349 2496 4396 4837 
m2328 3 14 703 714 
m931 5 37 46 1855 2305 4837 
m2496 32 36 38 46 1832 1932 1936 1946 2332 2336 2346 4836 
m313 22 23 36 40 41 1122 1123 1136 1140 1141 1172 1173 1822 1823 1836 1840 1841 2022 2023 2036 2040 2041 2072 2073 3673 4586 
m2081 36 40 46 2036 2046 2336 2340 2346 4836 4846 
m849 5 36 46 49 286 296 299 1836 1849 2305 2336 2346 2349 2455 2486 2496 4836 4846 
m1096 13 22 46 1113 1122 1146 2313 2322 2346 
m2043 6 42 306 342 2106 2142 2842 4606 
m576 22 23 30 36 40 46 1122 1123 1130 1136 1140 1146 1172 1173 1522 1523 1530 1540 1546 1822 1823 1830 1840 1846 2022 2023 2030 2036 2040 2046 2322 2323 2330 2340 2346 3696 4823 
m2704 22 23 36 40 41 1122 1123 1136 1140 1141 1172 1173 1186 1822 1823 1836 1840 1841 2022 2023 2036 2040 2041 2072 2073 2086 2090 3673 4586 
m1991 23 30 36 38 40 46 1180 1186 1190 1523 1530 1536 1540 1546 1830 1923 1930 1936 1940 1946 2023 2030 2036 2038 2040 2046 2323 2330 2340 4836 
m1426 17 37 46 2337 3387 4817 
m593 22 23 36 40 1122 1123 1136 1140 1173 1186 1190 1822 1823 1836 1840 2022 2023 2036 2040 3673 4323 
m85 22 23 30 46 1122 1123 1130 1146 1523 1530 1546 2330 2346 3696 4823 
m815 22 23 36 40 41 1122 1123 1136 1140 1141 1172 1173 1822 1823 1836 1840 2022 2023 2036 2040 2072 2073 2086 2090 3673 4586 
m66 36 46 2336 2346 4836 
m1802 22 23 30 36 40 41 1122 1123 1130 1136 1140 1141 1172 1173 1186 1190 1191 1522 1523 1536 1541 1840 1841 2023 2036 2041 2072 2073 2086 2090 2091 3673 3686 4323 4336 4586 
m2183 22 23 30 36 40 46 1122 1123 1130 1136 1140 1146 1172 1173 1180 1186 1190 1522 1523 1530 1536 1540 1546 1823 1840 2022 2023 2030 2036 2040 2046 2322 2323 2330 2336 2340 2346 3696 4823 
m2585 36 46 49 1846 1849 2336 2346 2486 2496 4336 4346 4846 
m1527 14 38 46 1914 1946 2314 2346 4814 
m1360 12 30 36 46 49 1512 1530 1546 1812 1830 1836 1846 1849 2346 2480 2496 2499 4812 
m1116 22 36 41 1122 1136 1141 1841 2091 4586 
m2651 23 30 36 41 49 1173 1180 1186 1199 1523 1530 1823 1830 1849 2073 2080 2086 2099 2473 2480 3673 
m823 12 30 38 40 46 630 1912 1930 1946 2012 2030 2038 2040 2046 2312 2330 2346 4812 
m2528 14 26 46 726 746 1314 1326 1346 2326 2346 4814 
m2907 22 23 30 36 41 1123 1130 1136 1141 1186 1191 1523 1536 1841 2073 2080 2091 3673 4323 4586 
m1235 22 38 45 46 1122 1138 1145 1146 1938 1945 1946 2296 2346 
m1286 14 46 2346 3246 4814 
m979 13 22 40 45 46 1122 1140 1145 1146 2013 2040 2046 2272 2290 2296 2313 2346 3196 
m2467 21 22 30 36 40 41 46 1072 1096 1121 1122 1130 1136 1140 1141 1146 1521 1522 1536 1546 1821 1822 1846 2021 2022 2030 2036 2040 2046 2072 2090 2096 2322 2340 4346 4846 
m961 12 36 46 49 646 649 1849 2336 2346 2349 3136 4812 
m2372 23 24 40 46 1190 1240 1246 2023 2024 2040 2046 2323 2324 2340 3696 3723 
m1826 36 46 2336 2346 4836 4846 
m217 46 
m1121 36 46 48 49 1846 1848 1849 2336 2348 2486 2496 2499 4336 
m2188 11 13 33 661 1661 4163 
m19 30 41 46 2080 2096 2330 2341 2346 
m773 22 23 45 1123 1145 1173 2273 3673 
m2329 14 37 3237 
m2719 10 36 46 49 546 1810 1836 1846 1849 2310 2336 2346 2349 2486 2496 2499 
m568 23 45 46 1196 2273 2296 2323 2346 3696 4823 
m1636 36 40 46 1846 2036 2040 2046 
m1182 14 22 38 46 49 722 749 1938 1946 2314 2322 2346 2349 2472 
m1946 5 37 46 1855 2305 2337 2346 4837 
m1458 22 23 30 36 40 46 49 1172 1173 1190 1196 1522 1523 1536 1546 1549 1822 1823 1840 2022 2023 2046 2322 2472 2473 2486 2490 2496 3696 4323 4346 
m469 36 40 46 49 1849 2036 2040 2046 2049 2336 2346 2349 4336 4836 
m2730 22 23 36 37 40 1122 1123 1136 1137 1140 1172 1173 1822 1823 1836 1837 1840 1872 1873 2022 2023 2036 2037 2040 3673 
m2371 6 306 
m58 22 32 36 40 46 49 1136 1140 1146 1149 1640 1646 1832 1836 1840 1846 2032 2036 2040 2046 2049 2332 2336 2340 2346 2349 2486 2496 4136 4346 
m182 22 30 36 49 1122 1136 1522 
m1660 36 37 40 1836 1837 1840 2036 2037 2040 
m1987 22 30 36 40 1122 1136 1140 1522 1536 1540 1822 1836 1840 2022 2036 
m2345 23 24 40 46 1190 1240 1246 2023 2024 2040 2046 2340 3696 3723 
m1757 26 41 46 1341 1346 2341 
m2417 22 23 36 40 41 1122 1140 1141 1173 1186 1190 1823 1836 2022 2023 2036 2040 2041 2073 2086 2090 2091 3686 4323 
m1241 
m1262 22 44 46 1122 1144 1146 2322 2344 2346 4846 
m1871 38 41 46 1938 1941 1946 2341 2346 
m1783 38 46 1946 
m1418 23 36 40 46 49 1190 1823 1836 1840 1846 1849 2023 2036 2040 2046 2336 2340 2346 2349 2473 2486 2490 4323 4346 4823 4836 
m1432 38 46 1946 2338 2346 
m239 30 36 38 46 1830 1936 1946 2330 2336 2346 4836 
m1554 13 22 32 36 40 672 686 690 1113 1122 1136 1140 1613 1622 1636 1640 1822 2022 2036 
m431 8 32 37 38 46 49 408 432 438 446 449 1637 1646 1932 1946 2332 2337 2346 2482 2487 2488 2496 
m1127 5 13 22 26 33 36 40 655 1113 1122 1126 1133 1136 1140 1313 1333 1655 1663 1683 1805 1813 1826 1833 1840 2005 2013 2026 2033 4163 
m2341 14 38 1914 
m2039 12 41 46 2062 2091 2096 2312 2346 4812 
m938 22 23 1123 1173 3673 
m264 22 40 46 1140 1146 2022 2040 2046 2340 2346 
m202 22 40 45 46 49 1145 2046 2272 2295 2322 2345 2346 2490 2496 
m1993 5 13 33 46 655 1655 2305 2313 2333 4163 
m2358 38 46 1938 1946 
m1110 5 14 46 705 2305 2314 
m2645 5 32 46 1605 2305 2332 2346 4846 
m1124 14 22 36 40 46 722 1814 1822 1836 1846 2014 2036 2040 2046 2322 2336 2346 3236 3246 4346 4814 
m539 22 23 46 1122 1123 1146 1196 2323 3673 
m1135 22 46 1146 2346 4846 
m2182 13 38 1913 1938 
m1397 22 26 44 46 1146 1322 1344 1346 2326 2344 2346 4846 
m2568 26 40 46 2026 2040 2046 2326 
m291 15 23 30 40 46 773 1515 1523 1530 1546 2015 2023 2030 2046 2315 4823 
m2115 30 40 46 2030 2040 2046 2330 2340 2346 
m216 22 36 40 46 49 1136 1140 1146 1836 1846 2022 2036 2040 2046 2049 2336 2346 2349 2486 2496 4336 4836 
m2801 13 22 32 36 40 672 686 1113 1122 1136 1140 1613 1622 1636 1822 1836 1840 2022 2036 2040 
m2236 14 46 2314 2346 4814 
m2380 22 36 40 46 48 1136 1140 1146 1822 1840 1846 2022 2036 2040 2046 2048 2322 2336 2340 2346 2348 2422 2436 2440 2446 4346 4836 
m1840 22 23 30 1122 1123 1130 1173 1522 1523 3673 
m1219 22 23 30 36 40 41 1122 1123 1130 1136 1140 1141 1172 1173 1180 1186 1190 1523 1822 1823 1830 1836 2023 2030 2036 2072 2073 3673 4323 4586 
m2732 20 40 48 2020 2420 2440 
m2161 14 20 40 46 720 2014 2046 2320 3246 
m1685 22 36 40 45 1122 1136 1140 1145 1836 1840 1845 2036 2040 2045 2286 2290 
m2723 22 23 30 36 40 46 1122 1123 1130 1136 1140 1146 1180 1522 1523 1536 1540 1546 1822 1823 1830 1836 1840 1846 2022 2023 2030 2036 2040 2046 2322 2323 2330 2340 4823 4846 
m1229 10 37 46 537 546 4396 
m301 22 23 36 40 41 1122 1123 1136 1140 1141 1172 1173 1822 1823 1836 1840 1841 2022 2023 2036 2040 2041 2072 2073 3673 4586 
m618 14 22 46 722 1114 1146 2322 3246 
m2267 36 38 40 41 46 1840 1846 1936 1938 1940 1941 1946 2036 2038 2040 2041 2046 2090 2096 2340 2346 4346 4586 
m2667 22 46 1146 2322 2346 
m2343 22 36 37 40 46 1122 1136 1137 1140 1146 1837 1840 1890 2036 2037 2040 2322 2336 2337 2340 2346 4837 
m2379 22 41 46 1122 1141 1146 2341 
m1893 22 26 44 46 1122 1126 1144 1146 1322 1344 1346 2222 2246 2322 2326 2344 2346 4846 
m174 22 32 36 38 45 46 49 1122 1146 1632 1636 1645 1646 1649 1845 1846 1849 1932 1936 1946 2272 2295 2296 2322 2332 2336 2345 2346 2349 2495 2496 4846 
m1846 22 23 30 46 1122 1123 1130 1146 1180 1523 1530 1546 2330 4823 
m1821 22 23 30 36 41 1123 1130 1523 1822 1823 1830 2072 2073 2080 3673 4323 4586 
m2376 11 38 46 588 596 1911 1938 1946 2338 
m358 5 22 38 46 1122 1146 1905 1922 1938 1946 2305 2346 
m1789 22 23 30 36 41 1123 1130 1141 1191 1523 1541 1822 1823 1830 1841 
m195 32 38 46 1632 1646 1932 1938 1946 2332 
m916 5 46 2305 2346 
m2281 37 41 46 1891 2087 2091 2096 2341 4396 
m2916 23 30 40 1180 1523 1530 2023 2030 
m2099 22 37 1872 
m728 5 36 46 49 286 296 299 1836 1846 1849 2336 2346 2349 2486 2496 4336 4836 
m1309 22 46 1122 1146 2322 2346 
m1761 30 36 38 46 1536 1546 1838 1930 1936 1946 2338 4346 
m2059 22 23 30 36 40 41 46 49 1122 1123 1130 1136 1140 1141 1146 1149 1172 1173 1190 1191 1522 1523 1530 1536 1540 1541 1546 1822 1823 1830 1836 1840 1841 1846 1849 2022 2023 2030 2036 2040 2041 2046 2049 2322 2323 2330 2336 2340 2341 2346 2473 2480 2486 2490 2496 3696 4823 
m707 22 37 46 49 1122 1137 1146 1899 2346 2349 2496 4396 4837 
m1472 13 22 40 690 1113 1122 
m1095 23 31 46 49 1196 1573 1596 2346 2473 2481 2496 2499 
m325 22 36 46 49 1136 1146 1149 1822 1846 2322 2336 2346 2486 2496 
m2368 21 22 23 36 41 1121 1122 1123 1171 1172 1173 1821 1822 1823 2071 2072 2073 3673 4586 
m2765 23 30 36 39 40 41 1173 1180 1186 1190 1191 1523 1823 1830 1836 1973 1986 1990 1991 2023 2030 2036 2041 2073 2080 2086 2091 3673 3686 4323 4586 
m1147 17 38 40 46 888 1917 1946 2017 2038 2046 2338 4817 
m1717 5 13 22 33 36 40 263 272 283 286 290 672 686 690 1113 1122 1133 1136 1140 1672 1686 1690 1822 2022 2036 2040 3183 
m2737 22 23 36 40 41 1122 1123 1136 1140 1141 1172 1173 1822 1823 1836 1840 1841 2022 2023 2036 2040 2041 2072 2073 3673 4586 
m484 13 16 38 46 1913 1916 1946 2313 2316 3313 
m2750 36 40 45 46 1845 2036 2045 2046 2336 2345 4836 4846 
m169 37 40 46 1890 2037 2040 2046 2337 2340 2346 4396 
m598 22 32 33 36 40 1122 1132 1133 1136 1140 1633 1672 1822 1832 1833 1836 1840 2022 2032 2033 2036 4136 4186 
m48 26 32 36 41 46 49 1332 1336 1341 1346 1349 1641 1646 2332 2336 2341 2346 2482 2486 2491 2496 4136 4586 
m2142 5 22 30 37 46 272 280 287 296 1522 1537 1855 1872 1880 1887 1896 2305 2322 2330 2337 2346 4387 4837 
m80 14 46 2314 2346 4814 
m2027 12 13 20 22 36 40 622 636 640 670 672 686 690 1012 1022 1036 1040 1822 1840 2022 2036 3162 3536 4336 
m2284 23 30 36 40 49 1180 1199 1549 1823 1830 1836 1840 1849 2023 2030 2036 2040 2049 2473 2480 2486 2490 
m928 22 23 38 46 49 1122 1123 1146 1149 1199 1922 1923 1938 1946 2323 2346 2349 
m1862 23 1173 3673 
m2323 32 40 45 46 1646 2032 2045 2046 2282 2296 
m2191 8 408 
m2220 13 22 37 672 1872 4363 
m2623 22 23 36 40 41 1122 1123 1136 1140 1141 1172 1173 1186 1190 1191 1823 1840 1841 2023 2040 2041 3673 
m1493 5 13 22 38 263 272 288 663 1105 1113 1122 1138 1905 1913 1922 1938 
m359 12 22 36 38 40 46 612 636 1112 1122 1136 1138 1140 1146 1812 1836 1840 1846 1912 1922 1936 1938 1940 1946 2012 2022 2036 2038 2046 2312 2336 2346 3146 4812 4836 
m44 40 46 2040 2046 2346 
m970 37 46 4396 
m2555 14 37 40 46 737 740 746 1890 2037 2046 2340 4396 
m1723 23 45 1173 2273 3673 
m454 46 2346 
m150 30 38 46 1930 1938 1946 2330 2346 
m1273 12 13 22 27 36 40 627 677 1112 1113 1122 1127 1136 1140 1812 1813 1827 1840 2012 2013 2027 3162 
m2007 36 38 40 46 49 1936 1938 1940 1946 2036 2046 2049 2346 2349 2486 4836 
m558 22 37 38 46 49 1137 1146 1899 1922 1937 1938 1946 1949 2322 2337 2338 2346 2349 4396 
m2772 14 44 46 49 744 746 2344 2464 2494 2496 
m1449 36 40 46 49 1836 1846 1849 2036 2040 2046 2049 2336 2340 2346 2349 4346 4836 4846 
m754 22 37 40 46 1137 1146 1890 2022 2037 2040 2046 2322 2337 2340 2346 4396 
m1992 23 30 36 41 49 1191 1523 1530 1541 1823 1830 1836 1841 1849 2073 2080 2086 2091 2099 2473 2480 2486 2491 2499 
m1133 14 23 36 38 46 49 1164 1814 1823 1838 1846 1849 1914 1923 1946 1949 2323 2464 2473 2496 4814 
m1422 22 36 40 1122 1136 1140 2036 
m154 36 40 46 1840 2036 2040 2336 2340 
m2726 6 17 23 32 36 856 873 882 886 1156 1182 1606 1636 1806 3686 
m629 32 36 46 49 1636 1649 1832 1836 1846 1849 2332 2336 2346 2349 2482 2486 2496 2499 4332 4336 
m1120 22 23 30 36 40 41 46 1122 1123 1130 1136 1140 1141 1146 1172 1173 1180 1186 1190 1191 1523 1536 1540 1541 1841 2023 2036 2041 2072 2073 2080 2086 2090 2091 2096 2322 2323 2330 2341 3673 4323 
m2464 23 30 38 46 1173 1180 1188 1523 1530 1538 1923 1930 1938 2323 2330 2338 2346 3673 4823 
m2843 37 40 46 1890 2037 2040 2046 2337 2340 2346 4396 
m880 45 46 2296 2346 
m125 32 39 46 1632 1639 1646 1989 2339 2346 4496 4839 
m2094 27 38 46 1927 1946 2327 
m872 32 36 46 1832 2332 2336 2346 4836 
m2567 22 36 40 1122 1822 1836 1840 2022 2036 2040 
m2322 13 33 3183 
m2080 14 32 36 38 41 46 1614 1914 1932 1936 1938 1941 1946 2064 2082 2086 2314 2332 2336 2341 4136 4314 
m886 5 21 22 38 46 271 272 288 296 1121 1138 1146 1921 1946 2305 2321 2322 2338 2346 
m993 23 35 46 1773 2335 2346 4823 
m79 14 38 40 46 49 1914 1940 1946 1949 2014 2046 2049 2346 2464 2496 4814 
m1976 26 32 36 46 1332 1336 1346 1832 2332 2336 2346 4836 
m1104 23 26 30 40 46 1173 1180 1323 1330 1346 1523 2023 2026 2030 2046 2323 2330 3673 4823 
m918 5 22 27 46 1146 1355 2305 2327 
m1478 6 14 32 36 49 706 714 732 736 749 1606 1636 1806 2456 2482 2486 
m1625 22 23 30 36 40 46 1122 1123 1130 1136 1140 1146 1172 1173 1180 1186 1190 1522 1523 1530 1536 1540 1546 1823 1840 2023 2036 2040 2322 2323 2330 2336 2340 2346 3696 4823 
m777 36 40 46 1836 1840 1846 2036 2040 2046 2336 2340 4846 
m2091 22 37 40 46 1137 1146 2022 2037 2040 2046 2337 2346 4837 
m1866 22 30 37 46 1130 1137 1146 1880 2330 4396 
m1157 23 36 1173 1186 1823 1836 3673 3686 4323 
m1349 26 37 46 1337 1346 2337 2346 4837 
m2208 22 23 30 46 1123 1130 1146 1172 1173 1180 1196 1523 1546 2330 4823 
m2841 30 38 46 1930 1938 1946 2330 2338 2346 4846 
m910 14 22 33 722 1672 4164 
m1450 14 36 40 46 1814 1846 2014 2036 2040 2046 2314 2346 4346 4814 4846 
m2197 22 36 41 1122 1136 1141 1841 2072 2086 2091 4586 
m2218 12 26 46 612 1312 1346 2312 2346 4812 
m2433 33 38 46 1696 1933 1946 2333 2346 
m908 5 36 46 1805 1846 2305 2336 2346 4346 4836 4846 
m672 23 49 1173 2473 3673 
m2720 22 38 46 1122 1138 1146 1922 1938 1946 2322 2338 2346 
m220 22 37 40 46 1137 1140 1146 1890 2022 2037 2040 2046 2337 2340 2346 4837 
m406 5 13 33 46 263 283 2305 2313 2333 4163 
m2355 26 32 36 46 1326 1332 1336 1346 1832 2332 2336 2346 4836 
m310 22 30 40 46 1122 1130 1140 1146 1530 1546 2022 2030 2040 2046 2322 2330 2340 2346 
m2795 22 23 46 1122 1123 1146 2346 3696 4823 
m2421 14 36 40 46 740 746 1814 1840 1846 2014 2036 2040 2046 2314 2340 2346 3214 3246 4346 4814 
m1536 36 40 41 1836 1840 2036 2086 2090 2091 4586 
m2235 22 23 36 40 41 1122 1123 1136 1140 1141 1172 1173 1822 1823 1836 1840 2022 2023 2036 2040 2072 2073 2086 2090 3673 4586 
m2303 12 14 22 45 46 645 712 745 1112 1114 1146 2314 2345 2346 3146 3246 4812 
m1027 22 23 30 40 41 1140 1190 1523 1530 1540 2022 2023 2030 2072 2090 
m2051 23 30 38 46 1188 1523 1530 1538 1546 1923 1930 1938 1946 2330 2338 2346 3696 4823 
m394 14 46 49 2314 2346 2464 2496 4814 4846 
m211 22 23 30 41 46 1122 1123 1130 1141 1146 1172 1173 1180 1191 1196 1522 1523 1530 1541 1546 2072 2073 2080 2322 2323 2330 2341 2346 3673 3696 4823 
m187 22 23 30 32 36 40 46 1122 1123 1130 1132 1136 1140 1146 1172 1173 1522 1523 1530 1546 1622 1623 1630 1640 1646 1822 1823 1830 1832 1840 1846 2022 2023 2030 2032 2036 2040 2046 2322 2323 2330 2332 2336 2340 2346 3696 4823 
m1931 22 32 36 37 40 1122 1132 1136 1137 1140 1637 1832 1837 1840 2032 2037 
m2156 22 37 40 46 1137 1146 2022 2037 2040 2046 2322 2337 2346 4837 
m2526 22 38 46 1146 1922 1938 1946 2346 
m1815 
m2448 22 23 46 49 1123 1146 1149 1173 2323 2473 2496 3673 4823 
m2620 6 14 32 314 332 732 
m927 23 31 45 46 49 1195 1196 1573 1595 1596 2295 2323 2345 2346 2473 2481 2496 
m1546 36 38 1936 
m2670 23 30 36 40 41 49 1186 1190 1199 1523 1530 1536 1540 1549 1836 1840 1849 2073 2080 2086 2099 2486 2490 2499 3686 4336 
m1306 5 38 46 1905 1946 2305 
m2806 46 
m544 36 37 40 41 1841 1886 1890 1891 2036 2041 2086 2087 2090 2091 
m2288 23 30 46 49 1180 1199 1549 2323 2330 2346 2349 2473 2480 2496 
m1221 14 46 714 3246 
m506 38 41 46 49 1938 1946 1949 2088 2096 2099 2341 2346 2349 
m2607 22 23 36 40 46 1122 1123 1136 1146 1172 1822 1823 1836 2022 2023 2036 2040 2046 2322 2323 4323 4346 4836 
m2527 26 36 40 45 46 1826 1845 1846 2026 2036 2040 2045 2046 2276 2296 2326 2346 4346 4846 
m2893 13 38 46 1913 1938 1946 2313 2346 
m415 22 30 36 40 1130 1136 1140 1522 1536 1540 1822 1830 1836 1840 2030 2036 2040 4336 
m1933 37 38 46 1888 2338 4396 
m2278 22 23 24 40 45 46 1122 1145 1172 1190 1195 1222 1240 1245 1246 2022 2023 2024 2040 2045 2046 2272 2295 2322 2340 2345 3696 3723 
m591 14 22 40 45 46 722 2014 2045 2046 2264 2272 2296 2314 2322 2340 2345 2346 4814 
m1734 26 40 46 2026 2046 2326 
m2768 22 23 36 40 41 1122 1123 1136 1140 1141 1172 1173 1822 1823 1836 1840 2022 2023 2036 2040 2041 2073 2086 2090 3673 4586 
m1195 22 36 37 46 49 1822 1837 1846 1849 1872 2322 2346 2487 2496 4396 4837 
m1167 46 49 2346 2349 4846 
m2226 22 37 40 46 1137 1146 2022 2037 2046 2337 2346 4837 
m2685 32 36 38 40 46 1832 1932 1936 1946 2036 2038 2046 2332 2336 2346 4836 
m113 22 44 46 1146 2344 2346 4846 
m2120 14 22 39 40 46 740 1114 1122 1139 1140 1146 1990 1996 2014 2040 2046 2340 3246 4464 
m915 22 23 30 36 40 46 1122 1123 1130 1136 1140 1146 1180 1522 1523 1536 1540 1546 1822 1823 1830 1836 1840 1846 2022 2023 2030 2036 2040 2046 2322 2323 2330 2340 4823 4846 
m1721 14 20 38 46 49 720 1914 1946 1949 2320 2464 2496 4814 
m2146 12 26 46 626 2326 4812 
m2472 13 46 47 696 2363 2396 
m776 23 30 46 1180 1196 2323 2330 2346 3673 4823 
m775 22 23 30 1123 1130 1180 1530 
m524 23 30 44 46 1194 1523 1544 2330 2344 2346 4823 
m1337 5 30 37 38 46 280 1855 1880 1896 1905 1930 1937 1946 2305 2330 
m1278 23 32 46 1196 1623 1646 2346 
m192 22 23 30 36 40 46 49 1122 1123 1130 1136 1140 1146 1149 1172 1173 1522 1523 1530 1540 1546 1822 1823 1830 1840 1846 2022 2023 2030 2036 2040 2046 2322 2323 2330 2336 2340 2346 2349 2480 2486 2490 2496 3696 4823 
m343 5 32 36 255 282 286 1605 1805 1832 1836 4332 
m819 22 23 41 1123 1173 1191 3673 
m365 6 42 46 2306 2342 2842 
m2807 22 23 30 46 1122 1123 1130 1146 1523 1546 2323 3673 4823 
m1396 22 38 45 46 49 1138 1145 1146 1922 1938 1945 1946 1949 2296 2299 2349 
m2655 22 23 36 40 46 49 1172 1822 1823 1836 1849 2023 2036 2040 2046 2049 2322 2323 2336 2349 2473 2486 3686 4336 4346 4836 
m2338 23 36 40 41 46 1191 1823 1836 1840 1841 1846 2023 2036 2040 2041 2046 2323 2336 2341 2346 3686 4341 4346 4823 
m905 22 46 2322 2346 
m1111 22 23 30 36 40 46 1122 1123 1130 1136 1140 1146 1180 1522 1523 1536 1540 1546 1822 1823 1830 1836 1840 1846 2022 2023 2030 2036 2040 2046 2322 2323 2330 2340 4823 4846 
m370 22 23 36 40 1123 1136 1140 1173 1186 1190 1823 1840 2023 2036 3673 4323 4336 
m321 23 26 46 1176 1346 3696 4846 
m1786 30 38 1930 1938 
m328 30 36 37 40 46 1536 1537 1540 1546 1837 1840 1846 1890 2037 2046 2340 4396 
m1563 22 40 46 1146 2046 2322 2340 2346 
m1515 33 36 38 46 49 1683 1686 1688 1696 1699 1833 1846 1933 1936 1946 1949 2333 2336 2338 2346 2349 2483 2486 2496 4833 
m2333 3 23 30 36 49 180 186 199 1153 1180 1199 1549 1830 1849 3686 
m83 36 40 46 49 1840 1846 1849 2036 2040 2046 2049 2336 2340 2346 2486 2496 4336 4346 4846 
m756 13 22 36 38 40 1113 1122 1136 1138 1140 1813 1840 1913 1936 1940 2013 
m2609 22 23 36 40 46 1122 1123 1136 1140 1146 1196 1823 1836 2022 2023 2036 2040 2046 3686 4346 4836 
m1375 22 26 44 46 1146 1322 1346 2326 2344 2346 4846 
m2163 37 40 46 2037 2046 4396 
m1069 22 23 30 40 46 1122 1123 1130 1140 1146 1172 1173 1180 1190 1196 1522 1523 1530 1540 1546 2023 2046 2323 3673 3696 4823 4846 
m525 22 23 30 41 1122 1123 1130 1141 1173 1191 1522 1523 1541 2073 3673 
m1677 37 40 46 1890 2037 2040 2046 2337 2340 2346 4396 
m1961 14 23 34 36 40 46 734 1184 1734 1814 1823 1834 1840 1846 2014 2023 2034 2036 2040 2046 2314 2323 2334 2346 3664 4346 4814 4823 
m2549 31 36 1581 1586 1831 1836 4086 
m144 22 23 38 46 1122 1123 1138 1146 1172 1922 1923 1938 1946 2322 3696 
m2538 13 22 38 672 1113 1138 1913 1922 
m850 26 46 1346 2346 
m1378 26 32 36 38 46 1332 1336 1346 1832 1926 1932 1936 1946 2332 2336 2346 4836 
m2061 22 46 1122 1146 2346 
m2823 22 33 46 1133 1146 1672 1683 1696 2322 2333 2346 4833 
m984 22 23 36 40 1122 1123 1136 1140 1173 1822 1823 1840 2022 2023 3673 
m1609 22 23 36 38 40 41 46 1136 1138 1140 1146 1923 1936 1940 1946 2022 2023 2036 2038 2046 2072 2090 2323 4323 4836 
m1875 22 23 36 40 41 1122 1123 1136 1140 1141 1172 1173 1822 1823 1836 1840 1841 2022 2023 2036 2040 2041 2072 2073 3673 4586 
m2117 22 30 40 46 1122 1130 1140 1146 2022 2030 2040 2046 2322 2330 2340 2346 
m1785 23 30 36 38 46 49 1173 1180 1186 1188 1196 1199 1523 1530 1536 1538 1546 1549 1823 1830 1838 1846 1849 1923 1930 1936 1946 1949 2323 2330 2336 2338 2346 2349 2473 2480 2486 2488 2496 4823 
m2814 22 23 36 38 41 1122 1123 1136 1141 1172 1822 1823 1922 1923 1936 1941 2072 2073 2086 2088 2091 3673 4323 4586 
m587 22 37 46 1872 1896 2322 2346 4837 
m2400 36 37 40 46 1840 1886 1890 1896 2036 2037 2040 2046 2336 2340 2346 4346 4837 
m1936 33 38 40 46 1690 1696 1933 1938 1940 1946 2333 2338 2340 2346 
m762 13 22 33 36 40 1113 1122 1133 1136 1140 1813 1822 1833 1840 2013 2022 2033 4163 
m1996 5 32 36 38 46 49 282 286 288 296 1632 1638 1646 1838 1846 1932 1936 1946 2332 2338 2346 2455 2482 2486 2488 2496 4136 4332 4836 
m1773 22 32 45 46 1145 1146 2282 2296 2332 
m2518 22 23 30 46 1122 1123 1130 1146 1180 1523 1546 2330 4823 
m732 22 38 46 1138 1146 1922 1938 1946 
m2798 5 32 36 45 46 49 282 286 295 299 1636 1645 1649 1845 1849 2255 2282 2286 2295 2305 2332 2336 2345 2349 2495 4136 4336 
m7 32 36 38 41 46 1638 1646 1838 1846 2082 2096 2332 2336 2338 2341 2346 4332 4586 
m1151 36 40 41 46 1840 2036 2040 2041 2046 2086 2096 2336 2340 2346 4346 4846 
m1035 22 23 30 36 38 40 41 46 1122 1123 1130 1136 1140 1146 1172 1173 1180 1186 1190 1522 1523 1530 1536 1540 1546 1823 1840 1922 1923 1930 1938 1941 1946 2023 2030 2036 2038 2040 2041 2046 2072 2073 2080 2086 2096 2322 2330 2336 2340 2346 3696 4823 
m779 37 46 4837 
m1762 37 40 46 1890 2037 2040 2046 2337 2340 2346 4396 
m711 14 22 46 722 2314 2322 2346 4814 
m2189 13 38 1913 1938 
m739 13 33 40 46 2013 2033 2046 2313 2333 4163 
m1637 5 36 46 49 286 296 299 1836 1849 2336 2346 2349 2486 2496 4836 
m2262 8 10 38 508 1908 1910 
m412 5 23 38 45 46 1155 1945 1946 2255 2273 2305 2323 2345 2346 4823 
m846 22 23 36 40 41 1122 1123 1136 1140 1141 1172 1822 1823 1836 1840 1841 2022 2023 2036 2040 2041 2072 2073 2086 3686 
m540 14 46 49 749 2346 2349 2464 2496 3246 4814 
m2015 13 30 36 46 1513 1536 1546 2313 2330 2336 2346 4313 4813 4836 
m1570 30 36 38 1530 1538 1838 1930 1936 1938 4036 4330 
m2512 14 22 32 732 1114 1132 
m858 22 23 30 41 1123 1130 1141 1172 1173 1180 1191 1522 1523 1541 2072 2073 2080 2091 3673 
m130 13 33 40 690 1690 4163 
m1076 22 36 37 40 46 1122 1136 1140 1146 1822 1836 1837 1840 1846 1872 1896 2022 2036 2037 2040 2046 2322 2337 2346 4387 4396 4837 4846 
m2708 22 23 26 30 36 40 41 1122 1123 1126 1136 1140 1141 1172 1173 1180 1186 1191 1323 1336 1340 1523 1536 1541 1822 1823 1826 1836 1840 1841 2022 2023 2026 2036 2040 2041 2072 2073 2076 2086 2090 3673 4586 
m2404 22 23 41 1123 1141 1173 2073 3673 
m1698 22 23 36 40 41 1122 1123 1136 1140 1141 1173 1823 1836 1840 1841 2023 2036 2040 2041 2072 2073 2086 2090 2091 3686 4323 
m917 16 23 30 38 45 46 830 1180 1516 1523 1530 1546 1930 1945 1946 2266 2273 2280 2296 2316 2323 2330 2345 2346 3323 4823 
m2637 22 37 45 46 1122 1137 1145 1146 1872 2272 2287 2296 2322 4837 
m398 23 36 41 46 1836 1841 1846 2073 2086 2323 2341 4323 4836 
m2311 22 44 46 1146 2344 2346 4846 
m2154 22 46 1122 1146 2322 2346 
m430 32 36 38 46 49 1632 1636 1649 1849 1932 1936 1946 2332 2336 2349 
m2479 44 46 49 2246 2249 2344 2346 2349 
m4 22 23 30 46 1122 1123 1130 1146 1180 1522 1523 1530 1546 2323 2330 
m1652 5 23 30 40 46 1155 1180 1505 1523 1530 1546 2005 2023 2030 2040 2046 2305 2323 2330 2340 4846 
m2301 23 30 49 1180 1199 1549 2473 2480 2499 
m5 22 23 30 46 1122 1123 1130 1146 1180 1523 1546 2330 4823 
m2317 8 41 46 49 408 446 449 2058 2096 2308 2341 2346 2349 2458 2496 
m2880 23 30 36 46 1173 1180 1186 1196 1523 1530 1536 1546 1823 1830 1836 1846 2323 2330 2336 2346 3696 4823 4836 
m952 22 41 1122 1141 2072 
m1344 22 23 38 46 1172 1922 1923 1938 1946 2322 2323 2346 
m447 14 32 49 732 2464 
m538 5 36 38 46 49 255 286 288 296 299 1805 1836 1838 1846 1849 1905 1936 1946 2346 2349 2486 2499 4836 
m2397 22 36 37 40 46 1136 1137 1140 1146 1840 1886 1890 1896 2036 2037 2040 2046 2336 2340 2346 4346 4837 
m1738 5 36 40 46 49 286 296 299 1836 1849 2005 2036 2046 2336 2346 2349 2486 2499 4836 
m2310 23 30 45 46 1523 1545 1546 2273 2296 2345 2346 3696 4823 
m1953 22 23 30 36 37 40 41 46 49 1123 1130 1136 1137 1140 1146 1149 1180 1523 1530 1546 1822 1823 1830 1836 1837 1840 1846 1849 1872 1873 1880 1886 1890 1896 2022 2023 2030 2036 2037 2040 2046 2086 2090 2099 2330 2346 2472 2473 2480 2486 2487 2490 2496 4396 4823 
m1749 23 40 46 2023 2040 2046 2323 2346 4823 
m1963 26 32 36 46 1332 1336 1346 1832 2332 2336 2346 4836 
m841 22 23 36 37 40 1122 1123 1136 1137 1140 1172 1173 1822 1823 1836 1837 1840 1872 1873 1886 1890 2022 2023 2036 2037 2040 3673 
m2881 16 22 36 40 822 836 840 1116 1122 1136 1140 1822 2022 2036 
m2028 22 23 30 36 40 46 1122 1123 1130 1136 1140 1146 1172 1173 1522 1523 1530 1540 1546 1822 1823 1830 1840 1846 2022 2023 2030 2036 2040 2046 2322 2323 2330 2336 2340 2346 3696 4823 
m1371 22 27 46 1146 1372 1377 1396 
m2595 15 22 32 46 782 1115 1122 1132 1146 1615 1622 1632 1646 2315 2322 2332 2346 4815 
m2716 22 23 46 49 1123 1146 1196 2472 2473 2496 
m2776 36 38 40 46 1840 1846 1936 1940 1946 2036 2046 2340 
m357 
m1742 14 46 2346 4814 
m863 22 23 36 40 41 1122 1123 1136 1140 1173 1186 1190 1823 1836 2022 2023 2036 2040 2072 2073 2086 2090 2091 3686 4323 
m2084 14 30 46 730 2314 2330 
m563 36 4336 
m1784 27 46 49 2327 2346 2477 2496 
m2837 12 22 23 36 40 41 46 49 640 641 646 1123 1136 1141 1146 1149 1812 1836 1840 1841 1846 1849 2036 2041 2046 2073 2086 2090 2091 2096 2099 2322 2323 2336 2340 2341 2349 2462 2473 2486 2496 4323 4336 4812 4836 
m1212 23 24 40 46 1190 1240 1246 2023 2024 2040 2046 2340 3696 3723 
m883 26 32 36 41 46 1332 1336 1341 1346 1641 1646 2332 2336 2341 2346 4136 4586 
m740 6 43 46 2306 2343 4656 
m2703 22 23 36 40 1122 1123 1136 1140 1173 1186 1190 1822 1823 1836 1840 2022 2023 2036 2040 3673 4323 
m2910 22 23 30 36 40 46 1122 1123 1130 1136 1140 1146 1172 1173 1522 1523 1530 1540 1546 1822 1823 1830 1840 1846 2022 2023 2030 2036 2040 2046 2322 2323 2330 2340 2346 3696 4823 
m2909 5 36 46 49 286 296 299 1849 2346 2349 2499 4836 
m2508 14 22 23 30 46 49 722 746 1122 1123 1130 1146 1149 1172 1522 1523 1530 2322 2323 2330 2349 2473 2480 3673 4823 4846 
m660 22 23 36 40 1123 1136 1173 1186 1190 1836 1840 2036 3673 3686 
m510 14 38 46 738 2314 2338 2346 4814 
m1159 5 13 38 46 263 296 1905 1913 1938 1946 2305 2313 2346 4813 
m1176 14 26 33 726 1314 1326 1333 1664 1676 1683 3233 
m1070 14 32 36 41 46 1614 2064 2082 2086 2314 2332 2336 2341 4136 4314 
m2872 14 23 30 46 1514 1523 1546 2314 2323 2330 2346 3664 4814 4823 
m2089 23 32 46 1196 1623 1646 2346 
m1013 36 40 41 46 1836 1840 1841 1846 2036 2040 2041 2046 2336 2340 2341 2346 4346 4586 
m1562 22 36 40 41 46 1136 1141 1146 2022 2036 2041 2046 2086 2096 2336 
m2454 22 23 30 36 40 46 1122 1123 1130 1136 1140 1146 1172 1173 1522 1523 1530 1540 1546 1822 1823 1830 1840 1846 2022 2023 2030 2036 2040 2046 2322 2323 2330 2340 2346 3696 4823 
m1952 38 44 45 46 49 1938 1946 2238 2246 2249 2288 2294 2296 2299 2338 2344 2346 2349 
m2712 36 40 41 46 49 1836 1840 1846 1849 2036 2040 2041 2046 2049 2086 2090 2096 2099 2336 2340 2346 2349 2486 2490 2496 4346 4586 4836 
m1376 5 36 46 49 286 296 299 1849 2346 2349 2486 2499 4836 
m1126 17 22 38 46 888 1117 1138 2322 2338 4817 
m1901 22 46 2322 
m422 14 32 46 732 2332 4814 
m2855 14 22 38 46 49 722 749 1914 1938 1946 1949 2314 2322 2338 2346 2349 2472 4814 
m641 22 23 1122 1123 1173 3673 
m2680 36 40 46 1840 1846 2036 2040 2046 2346 4346 
m1342 22 36 40 46 1136 1140 1146 1840 2336 2340 4336 4836 
m1722 37 40 46 1890 2340 4396 
m2282 8 46 49 408 446 449 2349 
m1778 5 11 32 36 37 46 286 287 296 555 586 587 596 1605 1611 1636 1637 1646 1855 1861 1886 1887 1896 2305 2311 2332 2336 2337 2346 4337 4837 
m2478 22 23 30 46 1123 1130 1146 1180 1523 1546 2330 4823 
m8 22 41 46 1141 1146 2091 2341 
m1358 22 44 46 1146 2322 2344 2346 4846 
m1186 26 36 46 1336 1346 2336 2346 4836 
m831 22 30 36 40 46 1122 1136 1146 1522 1536 1822 2022 2030 2036 2322 2330 2336 2340 2346 4836 
m2476 22 23 30 40 46 1122 1123 1130 1140 1146 1180 1523 1530 1546 2022 2023 2030 2046 2330 2346 4823 
m2104 3 30 33 41 46 180 196 1653 1680 2053 2080 2083 2096 2330 4196 
m2069 23 38 46 49 1188 1199 1938 1946 2338 2346 2349 3696 4823 
m2570 23 30 36 41 1173 1180 1186 1191 1523 1536 1541 1823 1830 1836 1841 2073 2080 2086 2091 3673 4323 4586 
m2063 22 46 49 1122 1146 1149 2346 2349 
m2650 22 23 36 40 41 46 1123 1136 1141 1146 1191 1822 1823 1836 1841 1846 2022 2023 2036 2040 2041 2046 2323 2336 2341 2346 3686 4341 4346 4823 
m638 37 40 46 1890 2037 2040 2046 2337 2340 2346 4396 
m2451 22 23 30 36 41 1123 1130 1136 1141 1186 1191 1523 1536 1541 1841 2073 2080 2091 3673 4323 4586 
m2535 46 2346 
m1989 22 23 36 38 41 1122 1123 1136 1138 1141 1922 1923 1936 1938 1941 2073 3686 4586 
m650 46 2346 4846 
m868 14 46 49 2314 2346 2464 2496 4814 
m2729 32 46 2332 
m1179 22 32 40 46 1146 2022 2032 2040 2046 2332 2346 4846 
m1054 33 34 38 40 46 1690 1696 1733 1734 1738 1746 1933 1938 1940 1946 2333 2338 2340 2346 
m2480 26 32 36 38 46 1332 1336 1346 1832 1926 1932 1936 1938 1946 2332 2336 2346 4836 
m1689 22 23 30 41 1122 1123 1130 1172 1173 1180 1522 1523 1530 2072 2073 2080 3673 
m497 36 46 2336 2346 4836 
m92 36 41 1836 1841 2086 2091 4586 
m1796 22 44 46 1144 1146 2246 2344 2346 4846 
m199 22 23 30 36 40 41 46 1130 1146 1541 1546 1836 1841 2023 2036 2041 2073 2086 2323 2336 2340 2341 3686 4323 4591 
m2540 36 41 2086 
m21 14 37 46 49 2314 2337 2346 2496 4364 
m475 13 38 46 1913 1946 2313 
m473 14 26 32 46 1314 1346 1626 1646 2314 2346 4814 
m2791 22 23 36 40 41 1122 1123 1136 1140 1141 1172 1173 1822 1823 1836 1840 1841 2022 2023 2036 2040 2041 2072 2073 2086 2090 3673 4586 
m2169 22 23 30 38 1122 1123 1130 1138 1173 1180 1523 1922 1923 1930 1938 3673 
m1752 23 36 45 46 1186 1196 1836 1846 2273 2286 2296 3686 4836 
m388 14 22 40 46 714 722 740 746 1114 1140 1146 2014 2046 2314 2340 2346 3246 4814 
m463 36 37 38 40 46 49 1836 1838 1840 1846 1849 1886 1890 1936 1937 1938 1940 1946 2036 2037 2038 2040 2046 2336 2337 2338 2340 2346 2486 2488 2490 2496 2499 
m377 22 38 44 46 1146 1922 1946 2344 2346 4846 
m2848 22 36 40 1122 1136 1140 2036 
m1074 3 32 36 41 46 186 191 1603 1641 2303 2332 2336 2341 4136 4586 
m14 22 46 1122 1146 2322 2346 
m1012 22 23 30 36 38 41 1122 1123 1130 1136 1138 1172 1173 1522 1523 1822 1823 1830 1838 1922 1923 1930 2072 2073 2080 2088 3673 4586 
m2825 22 23 46 49 1122 1123 1146 1149 1196 1199 2322 2323 2346 2349 4846 
m2033 13 23 36 46 49 1813 1823 1846 1849 2313 2346 2463 2473 2496 3663 4813 4823 
m2845 13 36 38 686 688 1838 
m190 8 32 37 46 49 408 432 437 446 449 1882 1896 2332 2346 2482 2487 2496 4396 
m12 13 38 688 1913 1938 
m10 30 46 2330 
m1663 26 38 46 1926 1938 1946 2326 
m1177 14 46 714 3246 4814 
m2210 28 36 1828 1836 
m152 23 36 41 49 1191 1823 1836 1841 1849 2473 2486 2491 3686 4323 4336 4341 
m2600 13 17 46 2313 2317 3363 
m420 5 36 38 46 49 1805 1838 1846 1849 1905 1938 1946 1949 2305 2488 2496 
m1259 22 23 36 41 1122 1123 1136 1141 1191 1841 2073 2091 4323 4586 
m2234 14 22 36 41 46 714 722 736 741 1822 1836 1841 2072 2314 2322 2336 2341 3236 4314 4586 4814 
m2879 14 22 23 30 46 722 1172 1514 1522 1523 1546 2314 2322 2323 2330 2346 3664 4814 4823 
m2346 22 37 40 46 1122 1137 1140 1146 2022 2037 2046 2322 2337 2346 4837 
m440 22 23 36 40 41 1123 1136 1140 1141 1173 1186 1190 1823 1836 2023 2036 2040 2072 2073 2086 2090 2091 3686 4323 
m2148 45 46 49 2295 2299 2345 2349 
m640 37 40 46 1890 2037 2040 2046 2337 2340 2346 4396 
m2337 37 46 4837 
m2126 14 40 46 2014 2040 2046 2314 2346 4814 
m2016 14 26 36 40 46 1314 1336 1340 1346 1814 1846 2014 2036 2040 2046 2346 4346 4814 
m1598 26 36 37 46 49 1336 1337 1346 1349 1837 1846 1849 2476 2486 2487 2496 2499 4837 
m2601 22 36 40 46 1146 1822 1846 2022 2036 2040 2046 2346 4346 
m89 12 32 36 40 612 632 636 640 1612 1640 1812 2012 2036 4136 
m2275 13 38 1913 1938 
m2902 22 23 36 40 46 1123 1136 1140 1146 1172 1822 2022 2023 2036 2040 2046 2322 2323 2336 2340 2346 4323 4836 
m782 22 36 37 40 41 1137 1140 1822 1836 1840 1841 2022 2036 2037 2040 2041 2072 2086 2090 2091 4586 
m2487 12 14 40 46 712 2012 2014 2046 2314 2346 3146 3246 4812 
m567 23 30 33 38 46 1180 1523 1530 1533 1546 1680 1923 1930 1933 1946 2323 2330 2333 2346 4173 4823 
m749 22 37 40 46 1137 1146 2022 2037 2046 2337 2346 4837 
m2509 4 204 
m1377 23 30 38 40 46 1180 1923 1930 1946 2023 2038 2046 2330 4823 
m941 22 23 41 46 1123 1141 1146 1173 1191 1196 2073 2323 2341 3673 4823 
m755 37 40 46 1890 2037 2040 2046 2337 2340 2346 4396 
m1034 22 23 1123 1172 1173 3673 
m434 12 45 46 645 2345 4812 
m2763 22 37 40 46 1872 2037 2046 2322 2337 2346 4837 
m2058 22 23 30 46 1123 1130 1146 1180 1523 1530 1546 2330 4823 
m205 37 38 46 1888 1937 1938 1946 2338 4837 
m1578 13 38 1913 1938 
m1240 14 26 46 714 726 746 1314 1326 1346 2314 2326 2346 4814 
m319 27 32 1382 
m2097 9 36 40 46 49 490 496 499 1840 1849 2049 2309 2336 2340 2346 2349 2459 2486 2490 2496 2499 2959 2986 
m1148 22 46 1122 1146 2322 2346 
m242 12 22 36 40 46 49 636 1112 1136 1146 1149 1812 1836 1846 2022 2036 2040 2046 2312 2336 2346 2349 2462 2486 2496 3136 4336 4812 4836 
m1817 22 23 30 36 41 1122 1123 1130 1136 1141 1172 1173 1180 1523 1822 1823 2072 2073 3673 4586 
m1832 22 38 46 49 1146 1946 1949 2322 2346 2349 2472 2496 4846 
m733 21 22 46 1121 1146 2321 4846 
m695 22 23 36 41 1123 1822 1823 2072 2073 3673 4323 4586 
m449 36 41 1841 
m1764 22 26 46 1122 1126 1146 1326 1346 2346 
m842 36 46 2336 2346 4346 4836 
m744 22 23 30 36 40 46 49 1122 1123 1130 1136 1140 1146 1149 1172 1173 1186 1190 1199 1522 1523 1530 1536 1540 1546 1549 1822 1823 1830 1836 1840 1846 1849 2022 2023 2030 2036 2040 2046 2049 2322 2330 2336 2340 2346 2472 2473 2480 2486 2490 2496 3696 4823 
m1363 12 30 45 46 49 645 1512 1530 1545 1546 2295 2345 2346 2480 2496 2499 4812 
m1850 23 40 46 1190 2023 2040 2046 2340 2346 3696 4823 
m2 22 23 41 46 1123 1141 1146 1173 2073 2323 2341 2346 3673 4823 
m890 23 24 40 46 1190 1240 1246 2023 2024 2040 2046 2340 3696 3723 
m464 
m2313 
m2592 5 13 23 30 33 263 273 280 283 673 680 1173 1180 1513 1523 1533 1673 1680 3183 3673 
m2548 22 46 1146 4846 
m2805 22 23 30 41 1122 1123 1130 1173 1523 1530 2072 2073 2080 3673 
m446 23 24 40 46 1190 1240 1246 2023 2024 2040 2046 2323 2324 2340 2346 3696 3723 
m1608 27 36 41 46 1386 1396 1841 2336 2341 2346 4836 
m1670 33 38 46 1688 1933 1938 1946 2338 4196 
m2558 23 1173 3673 
m477 13 38 663 1913 1938 
m1423 23 36 1186 
m565 22 32 36 40 1122 1132 1136 1140 1622 1636 1640 1822 1836 1840 2022 2036 4332 
m1669 36 38 1936 1938 
m151 23 36 41 49 1191 1823 1836 1841 1849 2473 2486 2491 3686 4323 4336 4341 
m2905 22 23 36 41 1123 1136 1141 1172 1173 1186 1822 1823 2072 2073 2086 2091 3673 4586 
m796 14 36 46 714 3236 3246 4814 4836 
m1559 12 13 22 32 36 40 622 636 640 672 686 690 1112 1113 1122 1136 1140 1612 1613 1622 1636 1640 1822 2022 2036 3162 
m2201 14 40 46 49 2014 2040 2046 2314 2346 2464 2490 2496 4814 
m2213 22 26 44 46 1122 1144 1146 1322 1344 1346 2344 2346 
m1747 14 40 45 46 2014 2040 2046 2264 2290 2296 2314 2346 3214 4814 
m1839 13 22 36 38 40 45 1113 1136 1138 1140 1145 1813 1840 1913 1936 1940 2013 2263 2286 2288 2290 
m1556 22 23 30 36 40 46 1122 1123 1130 1136 1140 1146 1172 1173 1522 1523 1530 1540 1546 1822 1823 1830 1840 1846 2022 2023 2030 2036 2040 2046 2322 2323 2330 2340 2346 3696 4823 
m982 26 27 46 1327 1346 1377 2327 
m608 12 22 23 36 40 41 46 49 636 640 641 646 649 1123 1136 1141 1146 1149 1812 1836 1840 1841 1846 1849 2036 2041 2046 2073 2086 2090 2091 2096 2099 2322 2323 2336 2340 2341 2349 2462 2472 2473 2486 2491 2496 2499 4323 4336 4812 4836 
m1731 5 36 46 49 286 296 299 1849 2336 2346 2349 2486 2499 4836 4846 
m165 22 23 36 1123 1136 1172 1173 1186 1822 1823 3673 
m1895 22 30 46 1522 1546 2322 4846 
m1710 13 46 2313 2346 
m697 22 23 30 46 1122 1123 1130 1146 1180 1523 1530 1546 2323 2330 3673 4823 
m2206 36 49 1836 1849 2499 
m435 14 23 30 46 1514 1523 1546 2314 2323 2330 2346 3664 4814 4823 
m1715 14 46 714 746 2314 2346 4814 
m864 17 40 46 890 2340 2346 3396 4817 
m1807 14 30 40 46 1514 1546 2014 2030 2040 2046 2314 2346 4814 
m1443 22 37 46 1122 1137 1146 1896 2346 4837 
m437 22 26 38 46 1122 1146 1322 1338 1346 1922 1938 1946 2322 
m710 5 36 38 46 49 286 296 299 1849 1905 1936 1946 2305 2336 2338 2346 2349 2486 2499 4836 4846 
m2030 22 23 36 46 1122 1123 1136 1146 1173 1822 1823 1846 2323 3673 4823 
m719 6 14 32 36 49 706 714 732 736 749 1606 1636 1806 2456 2482 2486 
m2370 22 37 46 49 1872 2322 2346 2487 2496 4396 4837 
m116 22 23 30 1122 1123 1130 1173 1180 1522 1523 1530 
m2933 37 46 2346 4837 
m2775 22 23 30 1122 1123 1130 1172 1173 1180 1522 1523 1530 
m2659 13 22 32 36 40 672 686 690 1113 1136 1140 1613 1622 1636 1640 1822 2022 2036 2040 3186 4336 
m1433 33 46 49 1696 1699 2349 
m2629 22 23 40 46 1123 1140 1146 1190 2022 2023 2040 2046 2340 2346 3696 4823 
m2912 22 23 36 40 46 49 1172 1822 1836 1840 1846 2022 2023 2036 2040 2046 2049 2322 2323 2336 2340 2346 2349 2473 2486 2490 2496 3696 4323 4346 4823 4836 
m2053 22 30 36 38 40 41 45 46 1130 1136 1138 1140 1141 1145 1146 1522 1536 1540 1541 1822 1836 1840 1945 1946 2022 2036 2040 2086 2090 2272 2296 2322 2330 2336 2341 
m2941 22 36 41 1136 1141 1841 2072 2086 2091 4586 
m1193 22 36 46 1136 1146 2346 4836 
m1154 14 23 30 46 1514 1523 1546 2314 2323 2330 2346 3664 4814 4823 
m2466 36 37 40 46 1840 1886 1890 1896 2036 2037 2040 2046 2336 2340 2346 4346 4837 
m9 22 36 37 40 46 1122 1136 1137 1140 1146 1822 1836 1837 1840 1846 1872 1896 2022 2036 2037 2040 2046 2322 2337 2346 4387 4396 4837 4846 
m2551 
m1888 36 42 46 49 2146 2336 2486 2492 2496 4636 
m2842 6 14 32 36 314 332 732 1806 1814 1832 
m472 22 36 40 46 49 1122 1136 1140 1146 1822 1840 1846 1849 2022 2036 2046 2322 2336 2340 2346 2349 2486 2490 2496 4336 4346 4836 
m1233 13 26 38 40 46 690 1313 1346 1913 1926 1938 1946 2313 2340 2346 
m1645 12 32 36 46 1612 1812 2312 2332 2336 2346 4136 4812 4836 
m278 13 38 688 1913 1938 
m1092 36 37 46 1837 2336 2337 4336 4337 
m1122 29 
m2898 22 44 45 46 1146 2272 2294 2296 2344 2346 4846 
m2745 22 23 36 40 41 1122 1123 1136 1140 1141 1172 1173 1822 1823 1836 1840 1841 2022 2023 2036 2040 2041 2072 2073 2086 2090 3673 4586 
m2577 5 22 36 38 46 49 286 296 299 1136 1138 1146 1149 1836 1846 1849 1905 1936 1938 1946 1949 2346 2349 2455 2486 2496 2499 4836 
m1239 14 40 46 2014 2040 2046 2314 2346 4814 4846 
m2725 32 36 38 46 1832 1932 1936 1938 1946 2332 2336 2346 4836 
m2533 22 26 44 45 46 1144 1145 1146 1322 1345 1346 2294 2296 2344 2346 
m297 22 23 1123 
m2171 22 36 40 41 46 1136 1141 1146 2022 2036 2041 2046 2086 2096 2336 
m214 32 1632 
m2683 32 37 38 44 46 1637 1644 1646 1894 1932 1937 1946 2337 2344 
m2477 14 40 46 714 740 746 2014 2046 2314 2340 2346 4814 
m2024 14 40 46 2014 2040 2046 2314 2346 4814 
m2840 22 30 37 40 46 1130 1137 1146 1537 1540 1546 1890 2340 4396 
m2000 22 23 30 36 40 41 46 1122 1123 1130 1136 1140 1141 1146 1191 1523 1536 1541 1546 1822 1841 1846 2023 2030 2036 2040 2041 2046 2072 2091 2341 3696 4323 4586 
m1400 22 37 46 49 1122 1137 1146 1899 2346 2349 2496 4396 4837 
m385 14 22 32 46 49 732 749 1114 1132 1146 1649 2314 2332 2346 2349 4814 
m1170 22 23 36 41 1122 1123 1172 1173 1822 1823 2072 2073 3673 4586 
m460 14 34 36 40 46 1714 1734 1736 1740 1746 1814 1836 1840 1846 2014 2036 2040 2046 2314 2346 4346 4814 4846 
m1775 36 37 40 41 46 1841 1846 1886 2036 2037 2046 2086 2087 2090 2096 2336 2337 2340 2341 2346 4346 4396 4836 
m462 22 23 30 36 40 41 1122 1123 1130 1136 1140 1141 1172 1173 1186 1190 1191 1522 1523 1536 1541 1840 1841 2023 2036 2041 2072 2073 2086 2090 2091 3673 3686 4323 4336 4586 
m2640 22 37 46 49 1137 1146 1899 2346 2349 2496 4396 4837 
m741 23 
m292 14 22 36 40 41 46 714 722 736 741 1822 1836 1841 2014 2036 2046 2072 2314 2322 2336 2341 3236 4314 4586 4814 
m1651 12 13 20 22 32 36 40 49 632 682 699 1012 1013 1022 1032 1036 1040 1112 1113 1122 1132 1136 1140 1812 1813 1832 1836 1840 1849 2012 2013 2032 2036 2049 2462 2482 2486 3136 3162 3186 
m445 46 2346 
m1118 22 23 30 36 41 1123 1130 1136 1141 1180 1523 1823 1830 2073 2080 3673 4323 4586 
m893 23 36 40 41 1173 1823 1836 1840 2023 2036 2040 2073 2086 2090 3686 4323 
m610 14 714 
m2268 22 23 36 41 1123 1136 1141 1191 1823 1841 2073 2091 3673 4323 4586 
m141 11 23 30 41 1161 1173 1180 1511 1523 1530 2061 2073 2080 3673 
m963 22 37 46 1872 1896 2322 2346 4837 
m2429 
m1427 37 46 4837 
m395 14 22 31 36 46 731 736 1114 1136 1146 1846 2314 2331 2346 3246 4331 4836 
m348 5 38 45 46 255 1905 1938 1945 1946 2255 2305 2345 2346 
m1313 14 23 30 46 730 1180 2314 2323 2330 2346 3223 4814 4823 
m1624 46 
m1724 5 36 46 49 255 286 296 299 1849 2346 2349 2486 2499 4836 
m757 37 40 46 1890 2037 2040 2046 2337 2340 2346 4396 
m2101 22 37 45 46 49 1122 1137 1145 1146 1895 2322 2345 2346 2472 2487 2495 2496 4396 4837 
m1496 22 23 30 36 39 40 41 1123 1130 1136 1140 1172 1173 1180 1186 1190 1523 1536 1540 1822 1823 1830 1836 1840 1972 1973 1980 1986 1990 2022 2023 2030 2036 2072 2073 2080 2086 2089 2090 2091 3673 4323 
m799 12 23 30 38 41 46 641 1191 1512 1523 1541 1546 1912 1923 1930 1941 1946 2341 3662 4812 4823 
m360 38 41 44 46 1941 1944 1946 2094 2096 2344 
m653 14 20 40 46 1014 1040 1046 2014 2046 3246 
m2289 41 46 2091 2096 2341 
m2711 36 40 41 46 49 1841 1846 2036 2041 2046 2336 2340 2341 2346 2349 2486 2490 2491 2496 4346 
m1622 22 23 36 40 41 1123 1136 1140 1141 1173 1186 1190 1823 1836 2023 2036 2040 2072 2073 2086 2090 2091 3686 4323 
m149 22 23 30 36 40 41 1123 1136 1141 1172 1186 1190 1191 1522 1523 1536 1540 1541 2022 2023 2036 2041 2086 3673 3686 4336 4586 
m2927 23 30 36 40 1180 1186 1523 1530 1536 1540 1830 2023 2030 2036 
m2634 22 40 46 1146 2022 2046 2346 4846 
m500 22 23 36 40 1122 1123 1136 1140 1173 1823 2023 2036 3673 
m1861 37 45 46 2287 2296 2337 2346 4837 
m2176 12 41 46 641 2062 2091 2096 2312 2341 2346 
m2831 14 44 46 49 744 746 2344 2464 2494 2496 
m240 14 32 46 714 732 746 1614 1646 4814 
m2035 5 23 24 40 41 46 273 274 290 291 296 1190 1240 1246 2023 2024 2040 2046 2073 2074 2090 2096 2340 3696 3723 
m1494 37 46 2337 2346 
m98 22 32 46 1122 1146 2332 2346 
m1444 37 46 49 2346 2487 2496 4837 
m1317 22 23 30 36 40 41 1122 1123 1130 1136 1140 1173 1522 1523 1536 1822 1823 1830 1836 2022 2023 2030 2036 2072 2073 2080 2086 2090 3673 4323 4586 
m1656 30 36 40 49 1536 1549 1830 1836 1849 2030 2036 2499 4336 
m2232 22 23 36 40 41 1122 1123 1136 1140 1141 1172 1173 1822 1823 1836 1840 1841 2022 2023 2036 2040 2041 2072 2073 3673 4586 
m1510 14 22 38 44 46 744 746 1114 1138 1146 1914 1938 1946 2344 2346 3246 
m2398 36 37 40 46 1836 1837 1840 1846 2036 2037 2040 2046 2337 2346 4346 4837 
m1859 30 36 38 40 46 1830 1930 1936 1940 1946 2030 2036 2046 2330 2336 2340 2346 4836 
m619 8 41 46 49 408 446 449 2058 2096 2099 2349 
m1824 23 30 36 41 1523 1823 1830 2073 2080 3673 4323 4586 
m2742 13 22 33 36 40 672 686 690 1113 1122 1133 1136 1140 1672 1686 1690 1822 2022 2036 3183 
m2078 14 29 31 36 49 729 731 736 1579 1586 1814 1829 1831 1836 1849 2464 2479 2481 2486 3236 4086 4336 
m2913 14 22 23 30 40 45 46 714 746 1114 1145 1146 1164 1172 1190 1195 1196 1514 1522 1523 1530 1540 1545 1546 2014 2022 2023 2030 2040 2045 2046 2264 2296 2314 3664 
m485 22 38 1122 1922 
m852 32 36 38 40 46 49 1632 1636 1649 1849 1932 1936 1946 1949 2032 2036 2038 2046 2332 2336 2338 2340 2346 2349 
m1980 22 23 30 36 40 41 1122 1123 1130 1136 1140 1172 1180 1186 1522 1523 1536 1822 2023 2030 2036 2072 2073 2080 2086 2090 3673 4323 
m1913 30 45 46 49 2280 2296 2299 2330 2480 2496 
m2335 22 23 36 40 41 46 49 1123 1136 1140 1141 1146 1191 1822 1823 1836 1840 1841 1849 2022 2023 2036 2040 2041 2046 2072 2073 2086 2090 2091 2322 2323 2336 2340 2341 2349 2472 2473 2486 2490 2491 4323 4336 4346 4836 
m2198 23 24 40 46 1190 1240 1246 2023 2024 2040 2046 2340 3696 3723 
m1613 22 23 30 36 39 41 1123 1130 1139 1141 1522 1523 1822 1823 1830 1839 1841 1972 1973 1980 1991 2072 2073 2080 2086 2089 2091 3673 4586 
m287 10 26 46 1310 1326 1346 2310 2346 
m1765 14 26 46 49 1314 1346 1349 2346 2464 2496 4814 
m482 14 26 32 46 726 732 746 1314 1326 1332 1346 1626 1646 2326 
m2185 14 46 49 2314 2346 2464 2496 4814 
m1246 30 36 39 40 46 1539 1546 1830 1839 1840 1846 1980 2030 2036 2039 2040 2046 2330 2339 2340 2346 4346 
m2187 13 38 1913 1938 
m173 22 23 30 36 46 49 1122 1123 1130 1146 1149 1172 1173 1180 1199 1522 1523 1530 1549 1822 1823 1830 1846 1849 2322 2323 2330 2349 2472 2473 2480 2496 3673 4823 
m664 14 38 46 49 1914 1946 2314 2464 2488 2496 
m1962 22 23 46 1123 1146 1172 2322 3696 
m354 28 46 1428 2328 2346 
m210 37 40 46 1890 2037 2040 2046 2337 2340 2346 4396 
m690 5 14 22 23 30 41 46 49 273 280 291 705 723 730 741 1123 1130 1172 1173 1180 1522 1523 1530 1541 2072 2073 2080 2305 2323 2330 2341 2346 2464 2496 2499 3673 4814 
m248 22 23 30 36 40 41 46 1122 1123 1130 1136 1140 1141 1146 1191 1523 1536 1541 1546 1841 1846 2023 2030 2036 2040 2041 2046 2072 2341 3696 4323 
m2430 5 23 38 273 1905 1923 
m1864 15 38 46 1915 1938 1946 2315 2338 
m2366 22 30 36 1522 1536 1822 
m1892 11 13 22 36 38 40 563 572 586 588 590 1113 1136 1138 1140 1813 1840 1913 1936 1940 2013 
m954 22 36 40 41 1141 1822 1836 1841 2036 2041 2072 2086 2091 4586 
m2556 22 30 36 40 41 46 49 1122 1130 1136 1140 1141 1146 1149 1522 1536 1546 1822 1846 2022 2030 2036 2040 2046 2049 2072 2090 2322 2472 2480 2486 2496 4346 4846 
m108 12 36 40 41 46 49 636 640 641 649 1836 1840 1841 2036 2041 2336 2340 2341 2349 2486 2490 2491 3136 4336 4812 
m386 14 22 32 46 732 1114 1132 1146 2314 2332 2346 4814 
m1883 5 14 46 264 296 2314 2346 4814 
m2900 22 38 46 49 1946 2322 2346 2349 2472 4846 
m639 22 23 30 41 1122 1123 1130 1141 1172 1173 1180 1191 1522 1523 1530 2072 2073 2080 2091 3673 
m1938 33 36 38 46 49 1833 1846 1938 1946 2333 2336 2346 2349 2483 2486 2496 4833 
m1373 5 13 33 38 46 263 283 1905 1913 1933 1938 1946 2305 2313 2333 3183 
m1758 14 32 42 46 732 2114 2132 2314 2332 2342 
m337 23 30 40 46 1190 1196 1523 1530 1540 1546 2040 2046 2340 
m2923 22 23 36 40 41 46 1122 1123 1136 1140 1141 1146 1190 1836 1840 2022 2023 2036 2040 2041 2046 2073 2086 2090 2096 2322 2323 2336 2340 2341 2346 3673 3686 4323 4823 
m768 13 20 22 33 36 40 670 672 686 690 1022 1033 1036 1040 1672 1686 1690 1822 1840 2022 2036 3183 3536 4336 
m2926 22 26 44 46 1146 1322 1326 1344 1346 2344 2346 4846 
m1972 22 30 36 41 45 1130 1536 1541 2272 2280 4586 
m896 5 13 22 26 33 36 40 263 272 283 286 290 672 686 690 1113 1122 1133 1136 1140 1305 1313 1322 1333 1336 1340 1655 1663 1672 1683 1686 1690 1822 2022 2036 3183 
m231 36 49 1836 1849 2486 2499 
m1811 14 22 45 46 722 746 1146 2264 2296 2346 3246 
m1509 22 46 1122 1146 
m1144 22 23 30 36 40 46 49 1122 1123 1130 1136 1140 1146 1180 1523 1530 1536 1540 1546 1822 1823 1830 1840 1846 2022 2023 2030 2036 2046 2322 2323 2330 2336 2340 2346 2472 2486 2490 2496 4336 4346 4823 4846 
m2530 22 46 1122 1146 2322 2346 4846 
m2550 26 32 36 38 46 1332 1336 1346 1832 1926 1932 1936 1938 1946 2332 2336 2346 4836 
m126 22 44 46 1122 1144 1146 2222 2246 2322 2344 2346 4846 
m344 22 36 40 41 46 49 1136 1140 1146 1149 1822 1840 1846 1849 2022 2046 2072 2086 2090 2096 2322 2336 2340 2346 2349 2490 2496 4336 
m1610 22 23 30 40 41 1123 1130 1140 1180 1522 1523 1530 2022 2023 2030 2072 2090 
m1501 22 46 1122 1146 
m684 36 37 38 46 49 1837 1838 1888 1938 2338 2486 2487 2496 4346 4837 
m1489 32 36 38 46 49 1632 1636 1649 1849 1932 1936 1938 1946 1949 2332 2336 2346 2349 
m102 10 510 
m245 14 36 46 714 736 1836 2314 2336 2346 3236 4814 4836 
m261 13 22 33 49 699 1113 1122 1149 1672 1699 4163 
m421 38 45 46 49 1938 1946 1949 2288 2296 2299 2349 
m2075 5 36 38 46 49 286 296 299 1849 1905 1936 1938 1946 2346 2349 2486 2499 4836 
m235 22 30 38 39 46 1130 1138 1139 1146 1930 1938 1939 1946 1980 2330 2339 2346 4839 
m913 14 22 46 722 2322 3246 
m1590 14 22 41 46 722 2064 2072 2096 2314 2322 2341 2346 4814 
m508 22 23 30 36 40 45 46 1122 1123 1130 1136 1140 1145 1146 1172 1173 1180 1186 1190 1196 1522 1523 1530 1536 1540 1545 1546 1822 1823 1830 1845 2022 2023 2030 2036 2046 2272 2273 2280 2286 2290 2296 2322 2323 2330 2336 2340 2345 2346 3696 4346 4823 
m1065 36 46 49 2486 2496 4836 4846 
m1436 23 36 42 1173 1186 1192 3686 4342 
m411 36 40 41 1836 1840 1841 2036 2040 2041 2086 2090 2091 
m1152 22 36 40 41 1122 1136 1140 1141 1822 1836 1840 1841 2022 2036 2041 2072 2086 2090 2091 
m2541 13 23 49 673 1163 1173 1199 2463 2473 2499 3163 
m1411 22 23 30 36 40 1123 1130 1173 1186 1190 1523 1536 1540 2023 2036 3673 
m2229 22 23 36 41 1122 1123 1136 1141 1172 1173 1186 1191 1822 1823 2072 2073 3673 4586 
m1060 22 46 49 1146 2472 2496 
m2068 38 49 1938 1949 
m2838 13 36 38 40 41 686 690 691 1841 1913 1936 1941 2036 2041 2063 2086 2088 2090 2091 
m1105 22 23 36 40 41 1123 1136 1140 1141 1173 1823 1836 1840 1841 2023 2036 2040 2041 2072 2073 2086 2090 2091 3686 4323 
m1822 23 32 36 46 49 1199 1623 1636 1823 1836 1846 1849 2323 2332 2336 2346 2349 3686 4332 
m2127 22 23 30 36 40 41 1122 1123 1130 1136 1140 1173 1522 1523 1536 1822 1823 1830 1836 2022 2023 2030 2036 2072 2073 2080 2086 2090 2091 3673 4323 4586 
m585 22 32 37 38 46 49 1132 1137 1146 1637 1646 1922 1938 1946 1949 2332 2337 2346 2472 2487 2496 4837 
m461 22 23 45 1122 1123 1172 1173 2272 2273 3673 
m361 22 40 44 46 1146 2022 2046 2344 2346 4846 
m2200 22 23 36 40 1122 1123 1136 1140 1172 1173 1186 1190 1822 1823 1836 1840 2022 2023 2036 2040 3673 4323 
m2410 22 32 46 48 1132 1146 2332 2422 2432 2446 4846 
m1222 22 36 37 40 46 1122 1136 1137 1146 1837 1872 2036 2037 2046 2322 2336 2337 2340 2346 4346 4396 
m300 22 23 30 36 40 46 1122 1123 1130 1136 1140 1146 1180 1523 1530 1536 1546 1830 1846 2022 2023 2030 2036 2040 2046 2330 4323 4823 
m520 22 23 30 36 40 41 46 1122 1123 1130 1136 1140 1141 1146 1180 1522 1523 1536 1540 1546 1822 1823 1830 1836 1840 1846 2022 2023 2030 2036 2040 2046 2072 2086 2090 2322 2323 2330 2340 4823 4846 
m468 22 23 36 41 1123 1136 1141 1173 1186 1191 3673 3686 4341 
m1746 22 30 36 40 41 49 1136 1140 1536 1541 1549 1830 1836 1840 1841 1849 2030 2036 2040 2041 2049 2072 2086 2090 2091 2099 2472 2486 
m1769 37 40 41 46 1891 2037 2041 2046 2087 2090 2091 2096 2337 2340 2341 2346 4396 
m969 22 23 1122 1123 
m402 22 46 1122 1146 2322 2346 
m168 22 33 41 1122 1141 1672 1683 1691 
m1885 30 36 38 40 46 1536 1540 1546 1838 1840 1846 2046 2330 2338 2340 2346 4836 
m1282 11 13 22 33 36 40 661 1113 1122 1133 1136 1140 1661 1811 1813 1833 1840 2011 2013 2033 4163 
m973 23 46 2323 2346 4823 
m444 22 23 24 40 46 1123 1124 1140 1146 1190 1240 1246 2023 2024 2040 2046 2340 3696 3723 
m2594 15 22 27 38 46 777 1115 1127 1146 1915 1922 1938 1946 2315 2327 2346 
m709 36 40 46 1836 1840 1846 2036 2040 2046 2336 2340 2346 4336 4346 
m61 22 23 30 41 46 1122 1123 1130 1141 1146 1522 1541 1546 2072 2073 2322 2323 2341 2346 
m2463 22 44 46 1122 1144 1146 2322 2344 2346 4846 
m1302 22 23 30 45 46 1123 1130 1145 1146 1196 1523 1545 1546 2273 2296 2346 
m2911 13 33 38 1913 1933 1938 4163 
m634 22 37 40 46 1137 1140 1146 1890 2022 2037 2040 2046 2322 2337 2340 2346 4396 
m738 12 41 46 2062 2091 2096 2312 
m255 22 40 46 1140 1146 2040 2046 2340 2346 
m1073 22 23 36 40 1122 1123 1136 1140 1172 1173 1186 1190 1822 1836 1840 2022 2023 2036 2040 3673 4336 
m2034 32 36 38 46 49 1632 1636 1649 1849 1932 1936 1938 1946 1949 2332 2336 2338 2346 2349 
m1661 14 26 38 726 1914 1926 1938 
m2128 22 23 30 36 40 46 1122 1123 1130 1136 1140 1146 1180 1523 1530 1822 1823 1830 1840 1846 2022 2023 2030 2046 2330 4823 
m662 23 36 38 40 41 1823 1840 1923 1936 2023 2036 2073 2086 2088 2090 4323 4336 4586 
m2642 14 36 46 49 736 746 749 1849 2336 2346 2349 4814 4836 
m2850 22 40 46 1122 1140 1146 2340 2346 
m2691 21 22 23 30 36 40 46 1072 1073 1080 1090 1096 1121 1122 1123 1130 1136 1140 1146 1172 1173 1522 1523 1530 1546 1821 1822 1823 1830 1840 1846 2021 2022 2023 2030 2036 2040 2046 2321 2322 2323 2330 2340 2346 3696 4823 
m956 44 46 2344 2346 
m2450 22 36 40 41 1136 1140 1141 1836 1840 2036 2086 2090 4586 
m1055 22 39 45 46 1122 1146 1972 1995 1996 2272 2296 
m2004 26 39 41 1339 1341 1991 2091 
m1635 23 30 36 41 1186 1191 1523 1536 1541 3673 3686 4586 
m2598 12 23 30 46 1162 1196 1512 1523 1530 1546 2312 2330 2346 3696 4812 4823 
m1848 21 23 36 1071 1073 1821 4321 4323 4336 
m499 38 46 2338 2346 4846 
m589 20 40 48 1040 2040 2420 2440 
m1181 22 30 40 46 1130 1146 2022 2030 2046 2322 2330 2346 
m2353 14 36 40 46 1814 1836 1840 1846 2014 2036 2040 2046 2314 2336 2346 3236 4346 4814 4836 
m1323 22 23 36 40 41 1122 1123 1136 1140 1141 1173 1186 1190 1823 1836 1840 1841 2022 2023 2036 2040 2041 2072 2073 2086 2090 2091 3686 4323 
m1686 22 23 30 46 49 1122 1123 1130 1146 1149 1172 1173 1180 1522 1523 1530 1549 2322 2323 2330 2349 2472 2473 2480 3673 4823 
m1503 22 23 30 36 40 41 1122 1123 1136 1140 1141 1172 1173 1186 1190 1191 1522 1523 1536 1541 1840 1841 2023 2036 2041 2072 2073 2086 2090 2091 3673 3686 4323 4336 4586 
m1020 23 30 49 1180 1199 1549 2473 2480 
m2506 12 26 40 46 626 2012 2026 2046 2312 2326 2340 2346 4812 
m1716 36 40 46 49 1840 1846 1849 2036 2040 2046 2049 2340 2346 2486 2490 2496 4336 4346 4846 
m1745 40 45 46 2045 2046 2296 2346 4846 
m1343 11 13 23 30 33 563 573 580 583 673 680 1173 1180 1513 1523 1533 1673 1680 3183 3673 
m1132 14 38 46 49 746 1914 1946 1949 2464 2496 
m256 22 23 38 45 46 1123 1138 1145 1146 1195 1923 1938 1945 1946 2323 2345 
m827 5 23 26 32 46 1155 1182 1323 1332 1346 1605 2305 2332 2346 4823 
m1691 23 24 40 46 1190 1240 1246 2023 2024 2040 2046 2340 3696 3723 
m2915 14 23 30 38 46 723 730 738 746 1180 1523 1546 1923 1930 1946 2323 2330 2338 2346 4823 
m1876 32 36 46 49 1636 1649 1849 2332 2336 2346 2349 2486 2499 4136 4336 
m2025 14 40 46 2014 2040 2046 2314 2346 4814 
m2857 26 36 37 40 46 1346 1837 2036 2037 2040 2336 2337 
m1040 22 30 36 40 41 49 1122 1130 1136 1140 1141 1149 1536 1540 1822 1840 1841 2022 2036 2040 2041 2080 2086 2090 2472 2486 2490 
m1954 36 40 46 49 1836 1846 2036 2040 2046 2049 2336 2346 2349 2486 2496 4336 4836 
