m1356 36 49 1836 1849 2499 
m636 22 23 30 36 40 41 46 49 1122 1123 1130 1136 1140 1141 1146 1149 1172 1173 1190 1191 1522 1523 1530 1536 1540 1541 1546 1822 1823 1830 1836 1840 1841 1846 1849 2022 2023 2030 2036 2040 2041 2046 2049 2322 2323 2330 2336 2340 2341 2346 2472 2473 2480 2486 2490 2496 3696 4823 
m2316 23 36 38 40 41 46 1823 1838 1841 1923 1941 1946 2023 2036 2038 2040 2041 2046 2073 2323 2341 4346 
m1292 22 23 30 36 40 41 1123 1130 1172 1173 1180 1186 1190 1522 1523 1530 1536 1540 1822 1823 1830 1840 2022 2023 2030 2073 2080 2086 3673 
m3265 5 36 45 286 295 1845 2255 2286 2295 4336 
m1433 41 46 49 2341 2491 2496 
m2808 17 41 46 891 2067 2096 2341 4817 
m3013 23 30 36 41 1180 1186 1830 2073 2080 3673 3686 4323 4586 
m292 22 1122 
m1041 22 23 30 41 1122 1123 1130 1172 1173 1180 1522 1523 1530 2072 2073 2080 3673 
m1932 23 36 40 41 46 49 1191 1836 1841 2023 2036 2041 2323 2336 2340 2341 2349 2473 2486 2490 2491 2496 2499 3686 4323 4336 4836 
m2099 36 41 1841 
m2823 22 23 36 40 41 1122 1136 1140 1141 1173 1186 1190 1823 1836 1840 1841 2022 2023 2036 2040 2041 2073 2086 2090 2091 3686 4323 
m2094 22 23 24 40 46 1123 1124 1140 1146 1190 1240 1246 2023 2024 2040 2046 2340 3696 3723 
m787 22 44 46 1122 1144 1146 2322 2344 2346 4846 
m525 32 36 46 1832 2332 2336 2346 4836 
m542 23 36 40 41 1173 1823 1836 1840 2023 2036 2040 2073 2086 2090 3686 4323 
m1488 
m2652 5 32 36 46 49 282 286 296 1632 1636 1649 1849 2305 2332 2336 2346 2349 
m1803 13 38 688 1913 1938 
m920 12 22 23 36 45 46 49 622 645 1122 1145 1172 1195 1812 1822 1845 1846 2272 2295 2322 2345 2462 2473 2486 2496 3662 3696 4323 4812 
m3354 22 37 40 46 1122 1137 1140 1146 2022 2037 2046 2322 2337 2346 4837 
m644 22 30 36 40 41 49 1122 1130 1136 1140 1141 1149 1536 1540 1822 1840 1841 2022 2036 2040 2041 2080 2086 2090 2472 2486 2490 
m256 36 40 41 1836 1840 1841 2036 2040 2041 2086 2090 2091 
m1779 14 22 36 38 46 722 1814 1822 1914 1936 1946 2314 2322 2336 2346 4814 
m2019 22 36 40 41 46 49 1136 1140 1146 1149 1822 1840 1846 1849 2022 2046 2072 2086 2090 2096 2322 2336 2340 2346 2349 2490 2496 4336 
m582 22 36 40 41 1141 1822 1836 1841 2036 2041 2072 2086 2091 4586 
m3666 26 38 46 1926 1938 1946 2326 
m2051 44 46 49 2344 2349 2494 
m1436 22 23 36 40 41 46 49 1122 1123 1136 1140 1141 1191 1822 1823 1836 1840 1841 1849 2022 2023 2036 2040 2041 2046 2072 2073 2086 2090 2091 2322 2323 2336 2340 2341 2349 2472 2473 2486 2490 2491 4323 4336 4346 4836 
m3453 26 39 46 1326 1339 1346 1976 2326 4496 
m1567 12 22 23 30 36 46 622 630 636 1172 1180 1186 1522 1536 1822 2322 2330 2336 3123 3686 4336 4812 4823 
m1515 26 32 36 38 46 1332 1336 1346 1832 1926 1932 1936 1938 1946 2332 2336 2346 4836 
m1140 22 23 30 1122 1123 1130 1173 1522 1523 3673 
m1834 13 22 33 40 690 1113 1122 1133 1140 1690 3183 
m3581 22 37 46 1122 1137 1146 4837 
m1565 14 37 40 46 737 740 746 1890 2037 2046 2340 4396 
m3101 5 32 36 38 46 49 282 286 288 296 1632 1638 1646 1838 1846 1932 1936 1938 1946 2332 2338 2346 2455 2482 2486 2488 2496 4136 4332 4836 
m1024 14 26 38 726 1914 1926 1938 
m1679 22 23 30 36 39 40 41 1123 1136 1140 1172 1173 1186 1190 1191 1523 1536 1539 1541 1823 1972 1973 1986 1991 2023 2036 2072 2073 2086 2090 3673 4323 4336 4586 
m608 22 44 46 1146 2222 2244 2246 2322 2344 2346 4846 
m1244 22 23 30 38 46 1123 1130 1146 1188 1523 1530 1538 1546 2338 3696 
m1992 14 41 46 2064 2091 2096 2314 2346 4814 4846 
m2611 14 46 714 746 2314 2346 4814 
m710 17 38 40 46 888 1917 1946 2017 2038 2046 2338 4817 
m2131 13 16 38 46 1913 1916 1946 2313 2316 3313 
m437 22 37 46 49 1122 1137 1146 1899 2346 2349 2496 4396 4837 
m697 36 46 48 49 1846 1848 1849 2336 2348 2486 2496 2498 2499 4336 
m3072 13 25 38 46 675 1913 1925 1946 2313 2325 
m2437 22 46 1122 1146 2346 
m6 22 41 46 1141 1146 2091 2341 
m2800 26 32 36 38 46 1332 1336 1346 1832 1926 1932 1936 1946 2332 2336 2346 4836 
m810 22 23 30 45 46 1123 1130 1145 1146 1196 1523 1545 1546 2273 2296 2346 
m2503 22 23 30 36 40 1122 1123 1130 1136 1523 1830 2022 2023 2030 2036 4323 
m1420 22 44 46 1146 2344 2346 4846 
m887 22 23 36 40 41 1123 1141 1173 1186 1190 1823 1836 2023 2036 2040 2072 2073 2086 2090 2091 3686 4323 
m965 22 36 40 41 46 1136 1141 1146 2022 2036 2041 2046 2086 2096 2336 
m1879 12 22 36 37 40 41 46 612 622 636 637 640 641 646 1112 1136 1137 1140 1141 1146 1812 1822 1837 1840 1846 1872 1886 1890 1891 2012 2022 2036 2037 2040 2041 2046 2062 2072 2086 2087 2090 2096 2312 2322 2336 2340 2341 4837 
m976 22 23 30 38 41 1122 1123 1130 1172 1173 1180 1188 1523 1538 1541 1922 1923 1930 1938 2072 2073 2080 2088 3673 
m2229 28 36 1428 1436 1828 1836 3936 4328 
m1828 14 22 36 40 46 1114 1136 1140 1146 1814 1846 2014 2036 2046 2346 4346 4814 
m655 26 32 36 40 46 49 1336 1340 1346 1349 1632 1636 1649 1849 2032 2036 2040 2046 2332 2336 2340 2346 2349 
m2812 22 23 30 36 40 41 1123 1130 1136 1140 1141 1172 1173 1180 1186 1190 1523 1822 1823 1830 1836 2023 2030 2036 2073 2086 3673 4323 4586 
m2389 45 46 2296 2346 
m2105 14 36 40 46 740 1814 1840 2014 2036 2040 2046 2336 2340 2346 3246 4346 4814 
m2450 14 22 32 46 722 732 746 1132 1146 2332 4846 
m81 13 33 40 690 1690 4163 
m3251 12 22 23 27 30 41 46 641 1112 1123 1127 1130 1141 1146 1173 1191 1362 1372 1373 1380 1391 1512 1522 1523 1527 1530 1541 2062 2072 2073 2077 2080 2091 2312 2322 2323 2327 2330 2341 3123 3662 4823 
m945 14 38 46 1914 1946 2314 2346 4814 
m2470 22 23 36 40 41 1122 1123 1136 1140 1141 1172 1173 1822 1823 1836 1840 2022 2023 2036 2040 2072 2073 2086 2090 3673 4586 
m1858 10 510 
m3039 11 13 22 36 38 40 563 572 586 588 590 1113 1136 1138 1140 1813 1840 1913 1936 1940 2013 
m2291 12 41 46 2062 2091 2096 2312 
m2673 22 40 46 1122 1140 1146 2022 2040 2046 2322 
m3312 23 36 3686 
m1952 22 40 46 1140 1146 2040 2046 2340 2346 
m680 23 28 38 1178 1188 1928 1938 
m384 21 23 27 38 46 1073 1077 1096 1177 1921 1923 1946 2323 2327 
m3249 8 408 
m1484 22 23 36 40 41 1123 1136 1140 1173 1822 1823 1836 1840 2022 2023 2036 2040 2072 2073 2086 2090 3673 4323 4586 
m135 22 23 30 41 46 1122 1123 1130 1141 1146 1172 1173 1180 1191 1196 1522 1523 1530 1541 1546 2072 2073 2080 2322 2323 2330 2341 2346 3673 3696 4823 
m597 41 46 2341 
m3343 13 22 672 1113 1122 
m123 13 22 36 38 40 672 686 690 1113 1122 1136 1140 1822 1913 1922 1936 2022 2036 
m1886 22 23 38 46 1122 1123 1138 1146 1172 1922 1923 1938 1946 2322 3696 
m2145 22 23 36 40 1122 1123 1136 1140 1173 1823 2023 2036 3673 
m3497 22 37 46 1122 1137 1146 1872 2322 2337 2346 4837 
m3474 22 30 36 40 41 46 49 1122 1130 1136 1140 1141 1146 1149 1522 1536 1546 1822 1830 1836 1840 1846 1849 2022 2030 2036 2040 2046 2049 2072 2090 2322 2472 2480 2486 2490 2496 4346 4846 
m368 14 22 30 38 46 730 1114 1130 1138 1146 1914 1930 1946 2330 3246 
m3236 12 41 46 641 2062 2091 2096 2312 2341 2346 
m1165 22 26 44 46 1122 1126 1144 1146 1322 1344 1346 2222 2246 2322 2326 2344 2346 4846 
m1901 13 46 2313 
m902 36 40 41 46 1841 2036 2041 2086 2090 2091 2336 2340 2341 4336 4836 4846 
m1214 38 44 45 46 49 1938 1946 2238 2246 2249 2288 2294 2296 2299 2338 2344 2346 2349 
m2545 36 40 41 46 1840 2036 2040 2041 2046 2086 2096 2336 2340 2346 4346 4846 
m2076 5 36 38 46 49 1805 1838 1846 1849 1905 1938 1946 1949 2305 2488 2496 
m1860 14 22 25 46 725 1114 1125 1146 2325 3246 
m3285 5 13 22 263 272 1105 1113 1122 
m3449 14 36 46 49 736 746 749 1849 2336 2346 2349 4814 4836 
m265 12 13 22 36 40 622 636 640 672 686 690 1112 1113 1122 1136 1140 1822 2022 2036 3162 
m1898 37 46 2337 2346 
m3721 33 44 49 1694 1699 2494 
m2061 23 31 46 48 49 1196 1573 1596 2346 2423 2431 2446 2473 2481 2496 2498 
m938 21 23 36 40 46 1171 1821 1823 1846 2021 2023 2036 2040 2046 2321 2323 2346 4346 4823 
m571 36 40 49 1836 1840 1849 2036 2040 2049 2486 2490 2499 
m3351 22 30 36 46 1136 1146 1522 1536 1546 1846 2346 
m1838 32 38 46 49 1649 1932 1949 2332 2338 2346 2349 4846 
m2702 22 23 30 36 40 41 1122 1123 1130 1136 1140 1141 1180 1186 1190 1522 1523 1536 1540 1541 1822 1830 1836 1840 1841 2022 2023 2030 2036 2041 2080 2086 
m2036 22 23 36 40 1123 1136 1140 1173 1186 1190 1823 1840 2023 2036 3673 4323 4336 
m568 22 23 36 41 1123 1136 1141 1172 1173 1822 1823 2072 2073 3673 4586 
m2919 46 49 2346 2349 2496 
m2202 32 1632 
m3011 22 23 30 36 40 41 46 1122 1123 1130 1136 1140 1141 1146 1172 1173 1180 1186 1190 1191 1523 1536 1540 1541 1841 2023 2036 2041 2072 2073 2080 2086 2090 2091 2096 2322 2323 2330 2341 2346 3673 4323 
m1925 32 1632 
m1054 5 13 22 33 36 40 263 272 283 286 290 672 686 690 1113 1122 1133 1136 1140 1672 1686 1690 1822 2022 2036 2040 3183 
m2754 23 41 1173 1191 2073 3673 
m868 22 23 36 40 46 1122 1123 1136 1140 1146 1172 1186 1190 1196 1822 1836 2022 2036 2040 2046 2322 3686 4346 
m780 22 23 30 1122 1123 1130 1180 1522 1523 1530 
m2173 23 30 36 41 1523 1536 1823 2073 2080 3673 4323 4586 
m2945 5 38 46 288 296 1946 
m478 36 40 46 1836 1840 1846 2036 2040 2046 2336 2340 4846 
m1847 36 40 46 49 1840 1846 1849 2036 2040 2046 2049 2336 2340 2346 2486 2496 4336 4346 4846 
m1264 14 40 46 2014 2040 2046 2314 2346 4814 
m2658 22 23 30 36 40 41 1122 1123 1130 1136 1140 1173 1522 1523 1536 1822 1823 1830 1836 2022 2023 2030 2036 2072 2073 2080 2086 2090 2091 3673 4323 4586 
m3104 5 32 36 38 45 46 49 282 286 288 295 296 1632 1638 1645 1646 1838 1845 1846 1932 1936 1945 1946 2295 2332 2338 2345 2346 2455 2482 2486 2488 2496 4136 4332 4836 
m2351 22 36 46 49 1822 2322 2336 2346 2349 2486 2496 
m1816 26 38 41 1326 1338 1341 1926 1941 2076 2088 4591 
m2531 22 23 30 1123 1130 1522 1523 1530 
m2283 38 46 1938 1946 2346 
m1647 
m1243 22 23 36 38 41 1122 1123 1136 1138 1141 1922 1923 1936 1938 1941 2073 3686 4586 
m2547 22 36 40 41 1122 1136 1140 1141 1822 1836 1840 1841 2022 2036 2041 2072 2086 2090 2091 
m7 14 38 40 46 49 1914 1938 1940 1946 1949 2014 2046 2049 2346 2464 2496 4814 
m3731 36 40 1836 1840 2036 2040 
m2957 14 26 46 49 1314 1346 1349 2346 2464 2496 4814 
m1998 13 22 37 672 1872 4363 
m129 13 22 44 46 694 1113 1146 2313 2344 
m1259 37 39 40 46 49 1890 1899 1987 1990 1999 2340 2490 2496 4396 4496 
m3256 23 30 36 40 41 49 1186 1190 1199 1523 1530 1536 1540 1549 1836 1840 1849 2073 2080 2086 2090 2099 2490 3686 4336 
m1219 26 32 36 46 1332 1336 1346 1832 2332 2336 2346 4836 
m1547 22 23 1123 1173 3673 
m3559 32 36 38 40 46 1832 1932 1936 1946 2032 2036 2038 2046 2332 2336 2346 4836 
m714 12 36 40 46 49 1812 2012 2036 2046 2049 2336 2346 2462 2486 2496 3146 4346 4812 
m3368 11 38 46 588 596 1911 1938 1946 2338 
m1627 37 40 45 46 49 1895 1899 2037 2040 2045 2046 2340 2345 2346 2349 2495 4387 4396 4837 
m3071 23 31 46 49 1196 1573 1596 2323 2346 2473 2481 2496 
m2373 5 36 46 49 286 296 299 1836 1849 2305 2336 2346 2349 2455 2486 2496 4836 4846 
m99 14 22 36 38 40 46 714 736 1114 1136 1138 1140 1146 1836 1914 1936 1940 2014 2036 2314 2336 2338 2340 3236 4314 4814 
m1320 23 36 41 45 1186 1191 2273 2286 2291 3673 3686 4586 
m2178 
m2048 14 23 30 38 40 730 1180 1514 1523 1530 1540 1914 1923 1930 1940 2014 2023 2030 3223 
m3135 22 36 46 49 1122 1146 1149 1822 1846 1849 2472 2496 
m234 34 36 1734 1736 1834 1836 4236 4334 
m1170 13 20 22 32 36 40 672 686 690 1013 1022 1032 1036 1040 1122 1136 1140 1613 1622 1636 1640 1822 2022 2036 
m3439 15 22 27 38 46 777 1115 1127 1146 1915 1922 1938 1946 2315 2327 2346 
m300 22 23 30 36 40 45 46 1122 1123 1130 1136 1140 1145 1146 1172 1173 1180 1186 1190 1196 1522 1523 1530 1536 1540 1545 1546 1822 1823 1830 1845 2022 2023 2030 2036 2046 2272 2273 2280 2286 2290 2296 2322 2323 2330 2336 2340 2345 2346 3696 4346 4823 
m574 22 23 41 46 1123 1141 1146 1173 1191 1196 2073 2323 2341 3673 4823 
m1541 22 23 30 46 1122 1123 1130 1146 1180 1523 1530 1546 2330 4823 
m2297 22 23 30 36 40 46 49 1122 1123 1130 1136 1140 1146 1149 1172 1173 1186 1190 1199 1522 1523 1530 1536 1540 1546 1549 1822 1823 1830 1836 1840 1846 1849 2022 2023 2030 2036 2040 2046 2049 2322 2330 2336 2340 2346 2472 2473 2480 2486 2490 2496 3696 4823 
m2304 5 32 1605 
m2334 14 22 26 46 714 722 726 746 1114 1122 1126 1146 1314 1322 1346 2314 2322 2326 2346 3246 
m3307 17 40 46 896 2017 2046 2346 3396 
m1267 14 40 46 2014 2046 2314 2346 4814 
m740 22 36 46 1136 1146 2346 4836 
m1274 6 42 306 342 2106 2142 2842 4606 
m969 36 
m2150 36 49 1836 1849 2499 
m1006 22 23 37 1123 1137 1172 1173 1187 1872 1873 3673 
m720 23 30 45 46 1195 1523 1545 1546 2323 2330 2345 2346 3696 4823 4846 
m699 14 22 46 1114 1122 1146 2314 2346 4814 
m365 14 22 40 45 46 722 2014 2045 2046 2264 2272 2296 2314 2322 2340 2345 2346 4814 
m3043 14 46 49 2314 2346 2464 2496 4814 
m771 30 36 46 49 1536 1549 1849 2330 2336 2346 2349 
m498 22 23 41 1123 1173 1191 3673 
m3715 13 22 36 37 40 672 686 690 1113 1122 1136 1137 1140 1822 1872 1886 1890 2022 2036 3187 
m3425 12 14 40 46 646 2012 2014 2046 2314 2346 3114 4812 
m634 22 23 30 36 40 41 46 49 1122 1123 1130 1136 1140 1141 1146 1172 1173 1186 1190 1191 1199 1522 1523 1530 1536 1540 1541 1546 1549 1822 1823 1830 1836 1840 1841 1846 1849 2022 2023 2030 2036 2040 2041 2046 2049 2072 2073 2086 2090 2096 2099 2330 2336 2340 2341 2349 2472 2473 2486 2490 2496 3696 4336 4823 
m1075 40 45 46 2045 2046 2296 2346 4846 
m1156 22 23 36 40 41 1122 1123 1136 1140 1141 1172 1173 1822 1823 1836 1840 1841 2022 2023 2036 2040 2041 2072 2073 3673 4586 
m318 
m1385 22 38 44 46 1138 1144 1146 1944 1946 2344 2346 
m2923 22 36 40 41 1136 1140 1141 1841 2036 2041 4336 4586 
m550 38 41 46 1938 1941 1946 2341 
m2696 26 32 36 46 1332 1336 1346 1832 2332 2336 2346 4836 
m1512 30 38 40 45 46 1930 1938 1946 2030 2038 2046 2280 2288 2290 2296 2330 
m1641 22 26 38 46 1146 1322 1346 1922 1926 1946 2346 
m736 22 23 36 40 41 46 1122 1136 1140 1141 1186 1190 1191 1196 1823 1836 1840 1841 1846 2023 2036 2040 2041 2046 2072 2073 2086 2090 2091 2096 2336 2340 2341 3686 
m2284 22 36 41 49 1122 1136 1141 1149 1841 1849 2486 2491 4336 
m862 13 22 38 49 699 1113 1122 1138 1913 1938 1949 
m1347 14 38 46 49 746 749 1914 1938 1946 1949 2346 2349 
m3263 28 36 1828 1836 
m2042 22 23 45 1123 1145 1172 1173 2272 2273 3673 
m76 32 39 46 1632 1639 1646 1989 2339 2346 4496 4839 
m2161 23 30 44 46 1194 1523 1544 2330 2344 2346 4823 
m42 22 23 36 37 40 1123 1136 1140 1172 1173 1186 1190 1823 1840 1872 1873 1886 1890 2023 2036 2040 3673 3686 4323 4336 
m3504 22 36 40 46 1146 1822 1846 2022 2036 2040 2046 2346 4346 
m3146 22 23 30 46 1122 1123 1130 1146 1172 1173 1180 1196 1522 1523 1530 1546 2323 2330 2346 3696 
m161 22 23 36 40 41 1122 1123 1136 1822 1823 1836 1840 2022 2023 2036 2072 2073 2086 2090 3673 4323 4586 
m3456 22 38 46 1146 1922 1938 1946 2346 
m251 5 13 33 46 263 283 2305 2313 2333 4163 
m2028 5 22 38 46 1122 1146 1905 1922 1938 1946 2305 2346 
m2005 22 23 30 36 1172 1180 1522 1822 1823 1830 
m1221 14 46 4814 
m2940 23 45 1173 2273 3673 
m2171 22 37 38 46 49 1137 1146 1149 1899 1922 1937 1938 1946 1949 2349 4396 
m666 22 26 38 46 1146 1322 1338 1346 1922 1946 2346 
m3109 22 26 46 1146 1322 1326 1346 
m642 23 45 2273 
m1468 22 23 30 36 40 46 1122 1123 1130 1136 1140 1146 1173 1180 1186 1190 1522 1523 1530 1536 1540 1822 1823 1830 1836 1840 1846 2022 2023 2030 2036 2040 2046 2322 2323 2330 2336 3673 4823 
m1778 22 23 37 1122 1123 1172 1173 1872 1873 3673 
m781 30 36 39 40 46 1530 1539 1546 1830 1839 1840 1846 1980 2030 2036 2039 2040 2046 2330 2339 2340 2346 4346 
m646 14 36 40 46 1814 1836 1846 2014 2036 2040 2046 2336 2346 4314 4346 4814 
m219 11 13 46 563 2311 2313 
m3239 22 23 30 36 38 40 46 1123 1130 1136 1140 1172 1173 1180 1186 1188 1190 1196 1523 1538 1546 1822 1830 1922 1923 1936 1940 1946 2022 2023 2030 2036 2040 2322 2323 2330 2336 2340 3673 4323 
m2436 22 37 46 1872 1896 2322 2346 4837 
m751 8 13 32 33 46 49 408 413 432 433 446 449 682 1682 2313 2332 2333 2463 2482 2483 2496 4163 
m1981 22 23 1123 
m1207 5 37 46 1855 2305 2337 2346 4837 
m2885 23 30 41 46 1180 2073 2080 2096 2323 2330 2341 4823 4846 
m2420 30 36 40 46 1830 2030 2036 2330 2336 2340 2346 4836 
m2186 23 45 46 1196 2273 2296 2323 2346 3696 4823 
m2155 45 46 2345 
m2030 12 22 36 38 40 46 612 636 1112 1122 1136 1138 1140 1146 1812 1836 1840 1846 1912 1922 1936 1938 1940 1946 2012 2022 2036 2038 2046 2312 2336 2346 3146 4812 4836 
m1126 6 23 36 46 1156 1186 2306 2323 2336 4306 
m2494 22 23 30 40 46 1122 1123 1130 1140 1146 1172 1173 1180 1190 1196 1522 1523 1530 1540 1546 2023 2046 2323 3673 3696 4823 4846 
m2607 14 40 46 2014 2040 2046 2314 2346 4814 4846 
m1489 5 23 38 273 1905 1923 
m3328 
m3173 22 44 46 1144 1146 2222 2246 2322 2344 2346 4846 
m3279 22 23 36 41 1123 1136 1141 1172 1173 1822 1823 2072 2073 3673 4586 
m1668 13 38 46 1913 1946 4813 
m2597 26 38 46 1926 1946 2326 
m2020 18 45 945 2295 
m2110 22 23 36 41 1123 1136 1141 1173 1186 1191 3673 3686 4341 
m1337 22 30 36 1130 1822 1830 
m1734 45 
m2500 23 31 46 48 49 1196 1573 1596 2346 2423 2431 2446 2449 2473 2481 2496 
m3015 22 23 30 46 1122 1123 1130 1146 1180 1523 1530 1546 2330 4823 
m1690 36 40 41 1836 1840 1841 2036 2041 2086 2091 4336 4586 
m3045 5 38 46 1905 1938 1946 2305 2338 2346 
m3322 26 38 46 1346 1926 1946 2346 
m3512 22 23 24 40 46 1122 1123 1146 1172 1222 1246 2022 2023 2024 2040 2046 2322 3696 3723 
m2074 23 36 38 40 46 1923 1936 1940 1946 2023 2036 2046 2323 3686 4836 
m2246 22 23 36 40 1123 1136 1173 1186 1190 1836 1840 2036 3673 3686 
m1551 22 26 44 45 46 1144 1145 1146 1322 1344 1345 1346 2294 2296 2344 2346 
m3659 3 32 37 182 187 1882 
m192 22 23 38 1123 1138 1923 
m2641 13 38 46 688 1913 1938 1946 2313 2338 
m3017 21 23 36 1071 1073 1821 4321 4323 4336 
m73 46 2346 
m1523 14 22 36 40 41 46 714 722 736 741 1822 1836 1841 2014 2036 2041 2046 2072 2314 2322 2336 2341 3236 4314 4586 4814 
m1513 22 23 30 40 46 1122 1123 1130 1140 1146 1180 1523 1530 1546 2022 2023 2030 2046 2330 2346 4823 
m2726 12 14 22 36 45 46 49 645 712 745 1112 1114 1146 1812 1814 1822 1845 1846 1849 2314 2345 2346 2462 2464 2472 2496 3146 3246 4812 
m347 23 30 33 38 46 1180 1523 1530 1533 1546 1680 1923 1930 1933 1946 2323 2330 2333 2346 4173 4823 
m2602 13 26 38 40 46 690 1313 1346 1913 1926 1938 1946 2313 2340 2346 
m563 22 40 41 46 1122 1140 1141 1146 2041 2046 2341 2346 
m2007 22 23 30 36 40 45 1123 1130 1136 1145 1523 1830 2022 2023 2030 2036 2045 2273 2280 2286 4323 
m606 23 35 46 1773 2335 2346 4823 
m2139 22 45 46 1145 2322 2345 2346 
m1589 15 22 27 38 46 777 1115 1127 1146 1915 1922 1938 1946 2315 2327 2346 
m1032 22 30 36 40 41 46 1122 1140 1141 1146 1522 1536 1540 1822 1840 1841 1846 2022 2036 2040 2041 2046 2072 2096 2322 
m479 37 46 4837 
m719 23 30 36 40 41 1173 1180 1186 1190 1191 1523 1823 1830 1836 1841 2023 2030 2036 2073 2080 2086 2090 2091 3673 4323 4586 
m230 
m103 5 45 2255 
m3698 14 22 32 36 40 45 46 714 722 732 736 740 746 1114 1145 1146 1614 1622 1632 1640 1646 1814 1822 1840 2014 2022 2040 2045 2046 2264 2286 2314 2322 2332 2336 2345 2346 3246 4332 4346 
m3230 22 23 30 1122 1123 1130 1173 1180 1523 3673 
m466 5 13 27 38 46 263 296 1355 1363 1396 1905 1913 1927 1946 2313 2346 4813 
m1417 22 23 46 1123 1172 1173 2322 2323 3673 4823 
m2988 
m2221 22 40 44 46 1146 2022 2044 2046 2344 2346 4846 
m2077 2 40 46 140 146 2046 
m1749 12 46 646 2312 2346 3146 4846 
m2986 46 47 2346 2347 
m1907 23 36 1186 1836 3686 
m1295 9 36 40 46 49 490 496 499 1840 1849 2049 2309 2336 2340 2346 2349 2459 2486 2490 2496 2499 2959 2986 
m2491 22 46 49 1146 2472 2496 
m1812 12 14 46 712 2312 2314 2346 3146 3246 4812 
m268 8 32 37 38 46 49 408 432 438 446 449 1637 1646 1932 1946 2332 2337 2346 2482 2487 2488 2496 
m1125 14 22 45 46 722 746 1146 2264 2296 2346 3246 
m700 17 22 38 46 888 1117 1138 2322 2338 4817 
m212 36 38 1936 
m2064 23 41 1191 2073 3673 
m1010 22 44 46 1146 2344 2346 4846 
m119 23 30 40 46 1180 2023 2030 2046 2330 2346 4823 
m3321 30 36 40 45 46 49 1545 1549 1830 1845 1849 2030 2036 2045 2046 2330 2336 2345 2349 2495 
m3057 23 40 44 46 1173 1194 1196 2023 2040 2046 2323 2344 2346 3696 4823 
m621 22 23 30 36 38 41 1122 1123 1130 1136 1138 1172 1173 1522 1523 1822 1823 1830 1838 1922 1923 1930 2072 2073 2080 2088 3673 4586 
m591 34 45 2284 
m1984 13 22 32 36 38 40 672 686 690 1113 1136 1140 1613 1622 1636 1640 1822 1913 1922 1932 1936 1940 2022 2036 2040 3186 4336 
m354 22 23 30 36 40 46 1122 1123 1130 1136 1140 1146 1172 1173 1522 1523 1530 1540 1546 1822 1823 1830 1840 1846 2022 2023 2030 2036 2040 2046 2322 2323 2330 2340 2346 3696 4823 
m2730 23 36 42 1173 1186 1192 3686 4342 
m898 22 30 38 46 1130 1146 1922 1930 1946 2322 2330 2346 
m3299 14 22 36 40 46 714 1114 1136 1140 1146 1814 2014 2036 2046 3236 3246 4346 4814 
m63 14 32 46 732 2332 4814 
m2400 5 13 22 33 36 38 40 46 263 272 283 286 290 672 686 690 1113 1122 1133 1136 1140 1672 1686 1690 1822 1905 1913 1922 1933 1936 1940 1946 2022 2036 2305 2313 2322 2333 2336 2340 3183 
m668 22 26 38 46 1146 1322 1346 1922 1926 1946 2346 
m1231 22 23 32 36 40 46 49 1122 1123 1132 1136 1140 1146 1149 1172 1173 1182 1186 1190 1196 1199 1622 1623 1632 1636 1640 1646 1822 1823 1832 1836 1840 1846 1849 2022 2023 2032 2036 2046 2049 2322 2323 2332 2336 2346 2349 2472 2473 2482 2486 2490 2496 3673 3686 3696 4323 4346 
m1574 22 36 40 41 1136 1140 1141 1836 1840 1841 2036 2041 2072 2086 2090 2091 4586 
m2090 22 23 36 40 41 1123 1136 1140 1141 1173 1186 1190 1823 1836 2023 2036 2040 2072 2073 2086 2090 2091 3686 4323 
m565 22 23 38 46 49 1122 1123 1146 1149 1199 1922 1923 1938 1946 2323 2346 2349 
m2122 46 2346 
m1908 23 36 1186 1836 3686 
m106 37 40 46 1890 2037 2040 2046 2337 2340 2346 4396 
m761 22 36 37 40 46 1122 1136 1137 1146 1822 1837 1872 2036 2037 2046 2322 2336 2337 2340 2346 4346 4396 
m3470 
m2166 23 30 40 1180 1190 1523 1530 1540 2023 2030 
m813 14 38 46 1914 1946 2346 4814 
m2068 32 36 46 1636 2332 2336 2346 4332 4336 4836 
m2162 22 23 30 41 1122 1123 1130 1141 1173 1191 1522 1523 1541 2073 3673 
m2639 14 22 38 46 738 1114 1146 2338 3246 
m2820 22 23 36 40 41 1122 1136 1140 1141 1173 1186 1190 1823 1836 1840 1841 2022 2023 2036 2040 2041 2073 2086 2090 2091 3686 4323 
m3068 22 23 30 36 40 46 1122 1123 1130 1136 1140 1146 1172 1180 1186 1190 1196 1522 1523 1530 1536 1540 1546 1830 2022 2023 2030 2036 2046 2330 4836 
m276 14 34 36 40 46 1714 1734 1736 1740 1746 1814 1836 1840 1846 2014 2036 2040 2046 2314 2346 4346 4814 4846 
m1554 14 22 38 46 1114 1146 1914 1922 1938 1946 2314 2322 2346 4814 
m980 26 36 37 46 49 1336 1337 1346 1349 1837 1846 1849 2476 2486 2487 2496 2499 4837 
m1053 36 40 46 49 1840 1846 1849 2036 2040 2046 2049 2340 2346 2486 2490 2496 4336 4346 4846 
m1959 22 40 46 1140 1146 2022 2040 2046 2340 2346 
m3369 22 41 46 1122 1141 1146 2341 
m107 5 14 46 705 2305 2314 
m3323 22 46 1122 1146 
m3382 36 37 40 46 1836 1837 1840 1846 2036 2037 2040 2046 2337 2346 4346 4837 
m3611 32 36 40 46 1832 2032 2036 2332 2336 2340 2346 4136 4336 4836 
m662 3 32 36 41 46 186 191 1603 1641 2303 2332 2336 2341 4136 4586 
m3244 13 38 1913 1938 
m3313 13 38 1913 1938 
m2285 12 14 46 712 2314 2346 3146 3246 4812 
m1763 22 23 36 40 46 1123 1136 1140 1146 1186 1190 1840 2023 2036 2040 2323 2336 2340 3673 4323 4336 4836 
m1671 14 36 40 46 740 1814 1836 1840 1846 2014 2036 2040 2046 2314 2340 2346 3246 4314 4346 4836 
m289 22 38 1122 1922 
m827 13 22 32 36 38 40 672 686 690 1113 1122 1136 1140 1613 1622 1636 1640 1822 1913 1922 1932 1936 2022 2036 
m3151 22 46 1122 1146 2346 
m2582 22 23 30 36 40 41 1122 1123 1130 1136 1140 1172 1173 1186 1190 1522 1523 1536 1822 2022 2036 2072 2073 2080 2086 2090 3673 3686 
m2743 6 14 32 36 49 706 714 732 736 749 1606 1636 1806 2456 2482 2486 
m22 22 23 30 46 1122 1123 1130 1146 1180 1523 1530 1546 2330 2346 4823 
m2526 29 
m427 22 23 36 41 1123 1822 1823 2072 2073 3673 4323 4586 
m1918 22 40 45 46 49 1145 2046 2272 2295 2322 2345 2346 2490 2496 
m2330 14 23 38 46 1164 1196 1914 1923 1946 4814 
m2898 14 46 714 746 2314 2346 4814 
m593 41 46 2341 2346 
m643 22 23 1123 
m1456 23 30 46 1523 2323 2330 2346 4823 
m2188 37 49 1899 2487 2499 
m1258 14 26 36 40 46 1314 1336 1340 1346 1814 1846 2014 2036 2040 2046 2346 4346 4814 
m190 22 36 40 41 1136 1140 1141 1822 1836 1840 1841 2036 2041 2072 2086 2090 2091 4586 
m2302 22 37 46 1122 1137 1146 2322 2337 2346 4837 
m1954 10 38 1910 1938 
m937 12 45 46 645 2345 4812 
m614 22 36 40 41 1136 1141 1836 1840 2036 2086 2090 4586 
m321 5 36 38 46 49 255 286 288 296 299 1805 1836 1838 1846 1849 1905 1936 1946 2346 2349 2486 2499 4836 
m2810 23 30 1180 1523 1530 
m1174 22 23 30 46 1122 1123 1130 1146 1180 1523 1530 1546 2330 2346 4823 
m2826 22 23 30 36 40 46 1122 1123 1130 1136 1140 1146 1172 1173 1522 1523 1530 1540 1546 1822 1823 1830 1840 1846 2022 2023 2030 2036 2040 2046 2322 2323 2330 2340 2346 3696 4823 
m513 31 36 38 46 1588 1838 2331 2338 4331 4836 
m3324 12 14 22 45 46 645 712 745 1112 1114 1146 2314 2345 2346 3146 3246 4812 
m1636 36 40 46 1840 1846 2036 2040 2046 2346 4346 
m32 38 46 1938 1946 2346 
m3271 14 26 38 41 741 1314 1341 1914 1926 1941 
m435 14 22 46 722 2314 2322 2346 4814 
m1616 22 23 45 1123 1173 1195 3673 
m2010 34 45 2284 
m3325 22 23 30 36 40 46 1122 1123 1130 1136 1140 1146 1172 1173 1180 1522 1523 1530 1822 1823 1830 1846 2022 2023 2030 2036 2046 2322 2323 2330 3673 4823 
m893 15 16 37 46 1865 2315 2316 2337 2346 3315 4366 
m1380 23 45 46 1195 2295 2345 2346 4823 
m1017 12 32 36 46 1612 1812 2312 2332 2336 2346 4136 4812 4836 
m1450 26 32 36 46 1326 1332 1336 1346 1832 2332 2336 2346 4836 
m449 5 23 24 40 46 273 274 290 296 1190 1240 1246 2023 2024 2040 2046 2340 3696 3723 
m211 17 40 46 2017 2046 2346 4817 
m1590 12 23 30 46 1162 1196 1512 1523 1530 1546 2312 2330 2346 3696 4812 4823 
m145 23 30 46 1180 1523 1530 1546 2330 2346 4823 
m1922 22 36 40 46 49 1122 1136 1146 1149 1822 1836 1840 1846 1849 2022 2036 2040 2046 2049 2349 2472 2486 2490 2496 
m793 5 7 13 22 257 263 272 363 372 1107 1113 1122 
m1873 32 33 36 1632 1633 1636 1683 1686 1833 1836 4136 4186 4333 4336 
m64 13 20 22 33 36 38 40 1013 1022 1033 1036 1038 1040 1113 1122 1133 1136 1138 1140 1813 1833 1838 1840 1913 1933 2013 2033 2038 4163 
m1559 36 38 46 1936 1946 2336 
m490 23 36 38 49 1186 1923 1936 1938 1949 2473 2486 
m1654 14 22 36 40 46 49 722 1814 1822 1846 1849 2014 2036 2046 2322 2336 2349 2464 2472 4336 4814 
m3626 14 36 40 46 49 714 736 740 746 749 1814 1836 1840 1846 1849 2014 2036 2046 2049 2314 2336 2346 2349 2464 2486 2490 2496 3246 4814 
m2442 22 38 46 1138 1146 1922 1938 1946 
m3576 14 22 46 714 722 746 2322 3246 
m2656 14 46 2346 3246 4814 
m2230 22 23 30 41 1122 1123 1130 1141 1172 1173 1180 1191 1522 1523 1530 2072 2073 2080 2091 3673 
m2691 36 49 1836 1849 2499 
m1790 22 36 41 1136 1141 1841 2072 2086 2091 4586 
m3515 6 14 32 36 314 332 732 1806 1814 1832 
m713 14 23 30 46 1514 1523 1546 2314 2323 2330 2346 3664 4814 4823 
m2556 23 26 30 46 1180 1323 1326 1330 1346 1523 1530 2330 2346 4823 
m1049 22 23 36 40 41 1122 1123 1136 1140 1141 1173 1186 1190 1823 1836 2022 2023 2036 2040 2041 2072 2073 2086 2090 2091 3686 4323 
m546 14 22 36 41 46 714 736 1114 1122 1136 1141 1146 1836 2064 2072 2086 2314 2322 2336 2341 3236 4314 4586 4814 
m2785 22 36 40 41 1136 1140 1141 1836 1840 1841 2036 2040 2072 2086 2090 2091 4586 
m68 12 26 46 1312 1346 2346 4812 
m3208 22 36 40 41 1822 1840 2022 2036 2072 2086 2090 4336 4586 
m2159 14 23 30 36 40 46 730 1180 1814 1823 1830 1846 2014 2023 2030 2036 2040 2046 2314 2330 2346 3223 4346 4814 4823 
m2776 22 30 36 38 41 46 48 1122 1138 1141 1146 1830 1848 1930 1936 1941 1946 2080 2086 2088 2091 2096 2098 2330 2336 2348 2430 4336 
m1497 22 23 46 49 1123 1146 1149 1173 2323 2473 2496 3673 4823 
m1531 26 32 36 38 46 1332 1336 1346 1832 1926 1932 1936 1946 2332 2336 2346 4836 
m877 5 36 46 286 296 2305 2336 2346 4836 
m1645 22 23 30 36 40 46 1122 1123 1130 1136 1140 1146 1172 1522 1523 1530 1536 1540 1822 1823 1830 1836 1840 1846 2022 2023 2030 2036 2040 2046 2322 2323 2330 2336 2340 3673 3686 4323 4823 
m1449 22 23 30 1122 1123 1130 1522 1523 
m744 23 30 36 41 1173 1523 1823 1830 2073 2080 3673 4323 4586 
m3613 14 22 23 722 1164 1172 
m494 10 46 2310 
m1631 23 30 36 40 41 49 1186 1190 1199 1523 1530 1536 1540 1549 1836 1840 1849 2073 2080 2086 2090 2099 2486 2490 2499 3686 4336 
m1058 3 14 46 703 2314 2346 2696 3246 4803 
m1171 6 36 43 336 1806 1836 1843 2186 2843 
m1705 5 32 36 45 46 49 282 286 295 299 1636 1645 1649 1845 1849 2255 2282 2286 2295 2305 2332 2336 2345 2349 2495 4136 4336 
m1123 14 22 45 46 722 745 746 1146 2272 2296 2346 3246 
m3267 23 30 36 40 46 1180 1523 1530 1830 2023 2030 2036 2046 2330 4323 4346 4823 
m155 14 36 46 714 736 1836 2314 2336 2346 3236 4814 4836 
m3687 22 36 40 46 49 1136 1140 1146 1822 1840 1846 2022 2036 2040 2046 2049 2322 2336 2340 2346 2349 2472 2486 2490 2496 4836 
m689 46 2346 
m3469 38 40 46 49 1940 1946 2046 2346 2488 2490 2496 
m3724 37 46 2346 4837 
m3600 22 23 30 36 49 1123 1130 1136 1149 1522 1523 1530 1822 1823 1830 1836 1849 2472 2473 2480 2486 2499 
m881 22 23 30 36 40 1123 1130 1173 1186 1190 1523 1536 1540 2023 2036 3673 
m128 22 23 30 36 40 41 46 1130 1146 1541 1546 1836 1841 2023 2036 2041 2073 2086 2323 2336 2340 2341 3686 4323 4591 
m1650 38 1938 
m1092 37 40 41 46 1891 2037 2041 2046 2087 2090 2091 2096 2337 2340 2341 2346 4396 
m2226 37 39 46 1889 4396 4839 
m1659 10 36 46 49 546 1836 1846 1849 2310 2336 2346 2349 2486 2496 2499 
m3479 36 40 46 49 1836 1840 1846 1849 2036 2040 2046 2049 2336 2340 2346 2349 2486 2490 2496 4836 
m151 13 22 41 691 1113 1122 1141 
m630 5 22 23 30 46 255 273 280 296 1105 1122 1123 1130 1146 1180 1505 1523 1530 1546 2330 4823 
m2419 40 46 2040 2046 2346 
m2549 22 37 46 1122 1137 1146 2322 2337 2346 4837 
m426 14 36 46 49 736 746 2336 2346 2349 2464 2486 2496 4814 4836 
m2096 23 24 40 46 1190 1240 1246 2023 2024 2040 2046 2323 2324 2340 2346 3696 3723 
m1291 14 32 36 38 41 46 1614 1914 1932 1936 1938 1941 1946 2064 2082 2086 2314 2332 2336 2341 4136 4314 
m58 22 23 30 46 1122 1123 1130 1146 1523 1530 1546 2330 2346 3696 4823 
m2136 22 46 1122 1146 2346 
m3680 13 22 36 38 40 1113 1122 1136 1138 1140 1813 1840 1913 1936 1940 2013 
m540 23 24 40 46 1190 1240 1246 2023 2024 2040 2046 2340 3696 3723 
m1960 14 22 23 30 40 46 722 723 730 746 1114 1122 1123 1130 1146 1172 1173 1180 1196 1514 1522 1523 1530 1546 2014 2022 2023 2030 2046 2323 2330 2346 3246 3696 4823 
m3519 22 23 36 40 41 1122 1123 1136 1140 1141 1172 1173 1186 1190 1191 1823 1840 1841 2023 2036 2040 2041 3673 
m2104 38 41 46 1941 1946 2091 2341 
m3421 22 40 46 49 2040 2046 2322 2346 2490 2496 
m2157 13 33 38 46 1913 1933 1946 2313 2333 2338 2346 4163 
m393 36 46 2336 2346 4836 4846 
m1617 22 23 36 40 41 46 1122 1123 1136 1140 1141 1146 1191 1822 1823 1836 1841 1846 2022 2023 2036 2040 2041 2046 2323 2336 2341 2346 3686 4341 4346 4823 
m24 22 23 36 40 45 1122 1123 1136 1140 1145 1173 1822 1823 1836 1840 1845 2022 2023 2036 2040 2045 2273 3673 
m185 13 22 33 36 40 672 686 690 1113 1122 1133 1136 1140 1672 1686 1690 1822 2022 2036 3183 
m2412 22 23 30 36 40 46 1122 1123 1130 1136 1140 1146 1180 1522 1523 1530 1536 1540 1546 1822 1823 1830 1836 1840 1846 2022 2023 2030 2036 2040 2046 2322 2323 2330 2340 4823 4846 
m2524 22 36 41 1122 1136 1141 1841 2091 4586 
m947 22 27 36 40 46 1122 1127 1136 1140 1146 1390 1822 1827 1836 1840 1846 2022 2027 2036 2040 2046 2327 2336 2340 
m55 14 46 2314 2346 4814 
m439 5 36 38 46 49 286 296 299 1849 1905 1936 1946 1949 2305 2336 2338 2346 2349 2486 2499 4836 4846 
m1063 5 36 46 49 286 296 299 1849 2336 2346 2349 2486 2499 4836 4846 
m3542 27 40 46 1396 2027 2040 2046 2340 2346 
m262 14 32 46 732 2332 4814 
m3628 46 2346 
m2534 22 46 1122 1146 2346 
m3622 22 23 36 40 41 1122 1123 1136 1140 1141 1172 1173 1822 1823 1836 1840 2022 2023 2036 2040 2041 2073 2086 2090 3673 4586 
m3134 36 38 40 41 1838 1841 1941 2036 2038 2041 
m1340 17 46 49 896 899 2317 2346 2349 
m2929 22 23 1122 1123 1173 3673 
m2528 36 
m310 36 40 41 1841 2036 2041 2086 2090 2091 
m1124 23 36 40 41 1173 1186 1190 1823 1840 2023 2036 2040 2073 2086 2090 3673 
m1220 22 41 46 1122 1141 1146 2341 2346 
m3445 12 26 40 46 626 2012 2026 2046 2312 2326 2340 2346 4812 
m2352 5 23 26 32 46 1155 1182 1305 1323 1332 1346 1605 2305 2332 2346 4823 
m2250 23 30 45 46 1180 1195 1196 2280 2296 2330 2345 2346 3696 4823 
m2833 23 30 36 40 41 49 1186 1190 1199 1523 1530 1536 1540 1549 1823 1836 1840 1849 2073 2080 2086 2090 2099 2490 3686 4336 
m2369 22 36 40 46 49 1136 1140 1146 1149 1836 1840 1846 1849 2036 2040 2046 2049 2336 2340 2346 2349 2486 2490 2496 4346 
m2309 13 22 36 38 40 1113 1122 1136 1138 1140 1813 1840 1913 1936 1940 2013 
m132 23 26 30 33 40 46 49 1180 1323 1330 1333 1340 1346 1673 1680 1696 2023 2030 2033 2046 2330 2476 2480 2483 2490 2496 4823 
m1018 37 40 46 1890 1896 2040 2046 2340 2346 4837 
m1985 22 23 30 36 40 46 1122 1123 1130 1136 1140 1146 1180 1523 1530 1536 1546 1830 1846 2022 2023 2030 2036 2040 2046 2330 4323 4823 
m3634 22 23 30 37 40 46 1122 1123 1130 1137 1146 1172 1187 1522 1523 1530 1537 1546 1872 2022 2023 2030 2037 2040 2046 2322 2323 2330 2346 3696 4396 4837 
m1637 22 23 30 41 1123 1141 1172 1173 1191 1522 1523 1541 2072 2073 2080 2091 3673 
m37 22 23 30 36 40 46 49 1122 1123 1130 1136 1140 1146 1149 1172 1173 1180 1186 1190 1199 1522 1523 1530 1536 1540 1546 1549 1823 1840 2022 2023 2030 2036 2040 2046 2322 2330 2336 2340 2346 2349 2472 2473 2480 2486 2490 2496 3696 4823 
m2584 13 36 38 40 1813 1913 1936 1940 2013 2036 
m216 17 22 46 1117 1122 1146 2346 4817 
m928 22 23 30 36 40 41 1122 1123 1136 1140 1141 1172 1173 1186 1190 1191 1522 1523 1536 1541 1840 1841 2023 2036 2041 2072 2073 2086 2090 2091 3673 3686 4323 4336 4586 
m2314 22 23 36 40 49 1122 1123 1136 1140 1149 1172 1173 1186 1190 1199 1840 2022 2023 2036 2040 2049 2473 2486 2490 3673 3686 4323 
m2481 38 46 1938 2338 
m3314 22 23 24 40 45 46 1122 1145 1172 1190 1195 1222 1240 1245 1246 2022 2023 2024 2040 2045 2046 2272 2295 2322 2340 2345 3696 3723 
m834 37 46 1896 2346 4837 
m2936 14 46 714 746 2314 2346 4814 
m3527 22 40 46 1146 2022 2046 2346 4846 
m2513 13 22 33 36 40 1113 1122 1133 1136 1140 1686 1690 1813 1840 2013 4163 
m886 23 36 40 46 49 1190 1823 1836 1840 1846 1849 2023 2036 2040 2046 2336 2340 2346 2349 2473 2486 2490 4323 4346 4823 4836 
m3199 30 40 46 2030 2040 2046 2330 2340 2346 
m430 22 23 30 46 1122 1123 1130 1146 1180 1523 1530 1546 2323 2330 3673 4823 
m246 14 22 46 714 722 746 1114 1146 2314 2346 3246 4814 
m311 23 38 1923 1938 
m3661 14 44 46 49 744 746 2344 2464 2494 2496 
m3120 38 41 46 1938 1941 1946 2341 
m3353 23 24 40 46 1190 1240 1246 2023 2024 2040 2046 2340 3696 3723 
m526 22 30 36 40 45 46 1122 1130 1136 1140 1145 1146 1536 1540 1836 1840 2036 2040 2272 2296 2322 2330 
m291 22 36 37 40 46 1136 1137 1140 1146 1837 1840 1846 1890 2022 2036 2037 2040 2046 2336 2340 2346 4336 4346 4396 4837 
m2453 23 36 40 46 1186 2023 2036 2040 2046 2323 2336 2340 2346 3696 4346 
m1348 36 
m429 22 23 30 46 1122 1123 1130 1146 1180 1523 1530 1546 2323 2330 3673 4823 
m130 22 37 40 46 1137 1140 1146 1890 2022 2037 2040 2046 2337 2340 2346 4837 
m2384 14 46 49 2314 2346 2464 2496 4814 
m3332 8 41 46 49 408 446 449 2058 2096 2308 2341 2346 2349 2458 2496 
m1704 41 
m415 23 49 1173 2473 3673 
m483 22 36 38 40 41 46 1136 1141 1836 1840 1841 1936 1940 1941 1946 2022 2036 2038 2040 2041 2046 2086 2090 2091 2322 2336 2341 4586 
m1764 22 23 36 40 46 1123 1136 1140 1146 1172 1822 2022 2023 2036 2040 2046 2322 2323 2336 2340 2346 4323 4836 
m1242 36 46 49 1849 2346 2349 4836 
m1459 6 306 
m815 14 23 30 46 730 1180 2314 2323 2330 2346 3223 4814 4823 
m3059 23 24 40 46 1190 1240 1246 2023 2024 2040 2046 2340 3696 3723 
m461 13 33 40 46 2013 2033 2046 2313 2333 4163 
m2170 36 40 46 49 1836 1840 1846 1849 2036 2040 2046 2049 2336 2340 2346 2349 2486 2490 2496 4346 
m1068 26 30 36 44 46 1330 1336 1344 1346 1830 2230 2330 2336 2344 2346 4736 
m1145 14 22 36 40 722 736 740 1114 1122 1136 1140 1822 2022 2036 
m2070 5 23 38 45 46 1155 1945 1946 2255 2273 2305 2323 2345 2346 4823 
m1097 22 37 40 46 1122 1137 1140 1146 1872 2022 2037 2046 2322 2337 2340 2346 4396 
m743 46 2346 
m2724 37 46 4837 
m3366 23 24 40 46 1190 1240 1246 2023 2024 2040 2046 2323 2324 2340 3696 3723 
m2496 6 14 36 46 49 314 706 714 736 746 749 1806 1814 1846 2306 2456 2464 2486 2496 4814 
m3411 46 2346 
m3024 30 40 46 49 2030 2046 2049 2330 2349 2480 2496 4846 
m2201 20 40 48 1040 2040 2420 2440 
m3115 13 30 36 46 1513 1536 1546 2313 2330 2336 2346 4313 4813 4836 
m154 12 22 36 40 46 49 636 1112 1136 1146 1149 1812 1836 1846 2022 2036 2040 2046 2312 2336 2346 2349 2462 2486 2496 3136 4336 4812 4836 
m2527 22 36 41 1122 1136 1141 1841 2091 4586 
m3616 36 40 41 1836 1840 1841 2036 2086 2090 2091 4586 
m873 23 30 36 40 41 1173 1180 1186 1190 1523 1536 1540 1823 1830 1840 2023 2036 2073 2086 3673 4336 
m3703 14 36 40 46 1814 1840 1846 2014 2036 2040 2046 2314 2346 4346 4814 4846 
m1808 22 23 36 38 40 41 1122 1123 1136 1140 1173 1186 1190 1823 1836 1922 1923 1936 1940 1941 2022 2023 2036 2040 2072 2073 2086 2090 3686 4323 
m3084 22 44 46 1146 2222 2244 2246 2322 2344 2346 4846 
m1281 14 22 36 41 46 714 722 736 741 1822 1836 1841 2072 2314 2322 2336 2341 3236 4314 4586 4814 
m3447 14 22 32 732 1114 1132 
m2552 46 2346 
m3169 14 30 46 730 2314 2330 
m879 14 21 40 714 721 740 2014 2021 
m1370 14 30 46 730 746 2314 2330 2346 4814 4846 
m1072 14 46 2346 4814 
m2301 36 46 49 1836 2336 2346 2349 2486 2499 4336 
m1396 23 30 36 49 1180 1199 1549 1823 1830 1849 2473 2480 2486 
m2174 45 46 2296 2345 2346 
m2183 36 4336 
m1491 32 36 4332 
m3096 5 13 33 655 1655 4163 
m2541 22 23 30 36 40 46 49 1122 1123 1130 1136 1140 1146 1180 1523 1530 1536 1540 1546 1822 1823 1830 1840 1846 2022 2023 2030 2036 2046 2322 2323 2330 2336 2340 2346 2472 2486 2490 2496 4336 4346 4823 4846 
m2169 22 36 40 46 49 1822 1836 1840 1846 1849 2022 2036 2040 2046 2049 2322 2336 2340 2346 2349 2486 2490 2496 4346 
m114 22 36 41 46 1136 1146 1846 2072 2096 2322 2336 2341 2346 4586 4836 
m1008 30 40 46 2030 2040 2046 2330 2346 
m2797 5 14 45 46 705 745 2255 2305 2314 2345 2346 4814 
m1184 14 23 30 730 1180 1523 1530 3223 
m1442 14 38 1914 
m3288 33 37 46 49 1883 1896 2333 2346 2483 2487 2496 4833 4837 
m3330 12 22 36 46 622 636 646 1136 1812 1836 1846 2322 2336 2346 4336 4812 4836 
m3643 46 
m2795 14 22 38 44 46 744 746 1114 1138 1144 1146 1914 1938 1944 1946 2344 2346 3246 
m1122 14 26 726 
m3111 22 23 41 1122 1123 1141 1172 2073 
m3316 22 36 40 46 49 1136 1140 1146 1840 1846 2022 2036 2040 2046 2049 2336 2340 2346 2349 2486 4836 
m2439 28 36 46 1828 1836 2328 2336 4846 
m194 22 23 30 46 1122 1123 1130 1146 1196 1523 1546 2346 
m171 32 36 38 40 46 1636 1638 1640 1646 1836 1838 1840 1846 2036 2046 2332 2336 2338 2340 2346 4136 4336 4346 
m425 22 30 38 46 1122 1130 1146 1922 1930 1938 1946 2330 2346 
m303 22 40 1122 1140 
m409 10 13 46 513 546 2310 2313 2346 4813 4846 
m2646 23 36 40 41 1186 1190 1191 1836 1840 1841 2023 2036 2040 2041 2073 2086 2090 2091 3686 4323 4336 4586 
m2680 11 13 23 30 33 563 573 580 583 673 680 1173 1180 1513 1523 1533 1673 1680 3183 3673 
m2006 22 26 44 46 1144 1146 1322 1344 1346 2244 2246 2344 2346 4846 
m3525 22 32 46 1122 1132 1146 1622 1632 1646 2322 2332 2346 4846 
m2590 11 46 2311 
m2015 45 46 2296 2346 
m2662 22 23 30 36 40 41 1122 1123 1130 1136 1140 1173 1522 1523 1536 1822 1823 1830 1836 2022 2023 2030 2036 2072 2073 2080 2086 2090 3673 4323 4586 
m2245 38 46 1938 1946 
m3083 22 23 46 1123 1146 1172 2322 3696 
m722 46 49 2346 2349 4846 
m2180 33 41 48 1691 2433 2441 
m1770 22 23 36 40 46 49 1172 1822 1836 1840 1846 2022 2023 2036 2040 2046 2049 2322 2323 2336 2340 2346 2349 2473 2486 2490 2496 3696 4323 4346 4823 4836 
m731 22 32 40 46 1146 2022 2032 2040 2046 2332 2346 4846 
m2398 5 13 22 26 33 36 40 263 272 283 286 290 672 686 690 1113 1122 1133 1136 1140 1305 1313 1322 1333 1336 1340 1655 1663 1672 1683 1686 1690 1822 2022 2036 3183 
m2519 22 23 30 36 40 46 1122 1123 1130 1136 1140 1146 1180 1522 1523 1530 1536 1540 1546 1822 1823 1830 1836 1840 1846 2022 2023 2030 2036 2040 2046 2322 2323 2330 2340 4823 4846 
m1093 23 30 36 40 1180 1523 1530 1536 1540 1830 2023 2030 2036 2040 4323 
m1620 22 23 36 40 41 46 1123 1136 1141 1146 1191 1822 1823 1836 1841 1846 2022 2023 2036 2040 2041 2046 2323 2336 2341 2346 3686 4341 4346 4823 
m1352 14 36 38 40 46 49 738 1814 1838 1914 1936 1938 1940 1946 1949 2014 2036 2046 2314 2336 2338 2340 2346 2349 2464 2486 2490 2496 3246 4346 
m667 36 41 1836 1841 2086 2091 4586 
m3483 26 40 46 2026 2040 2046 2326 
m2097 14 32 49 732 2464 
m566 5 37 46 1855 2305 4837 
m78 
m3548 14 46 746 4846 
m223 38 41 44 46 1941 1944 1946 2094 2096 2344 
m657 36 46 49 2486 2496 4836 4846 
m671 22 23 30 36 37 40 46 49 1123 1130 1136 1137 1140 1146 1149 1180 1523 1530 1546 1822 1823 1830 1836 1837 1840 1846 1849 1872 1873 1880 1886 1890 1896 2022 2023 2030 2036 2037 2040 2046 2330 2346 2472 2473 2480 2486 2487 2490 2496 4396 4823 
m2102 46 2346 
m3008 22 23 36 41 1123 1136 1823 2072 2073 3673 4323 4586 
m344 23 30 33 46 1180 1523 1530 1533 1546 1680 2323 2330 2333 2346 4173 4823 
m3498 5 13 23 30 33 263 273 280 283 673 680 1173 1180 1513 1523 1533 1673 1680 3183 3673 
m1 22 23 41 46 1123 1141 1146 1173 2073 2323 2341 2346 3673 4823 
m1021 27 36 46 49 1827 1846 1849 2327 2346 2477 2496 
m3664 36 46 2336 
m1694 
m1188 45 
m1618 36 38 49 1838 1849 1936 1938 1949 
m1791 22 23 36 40 1122 1123 1136 1140 1172 1173 1186 1190 1822 1823 1836 1840 2022 2023 2036 2040 3673 3686 4323 
m763 23 45 1195 
m2845 38 46 1946 2346 
m2508 36 37 46 1837 2336 2337 4336 4337 
m1294 27 38 46 1927 1946 2327 
m1675 6 14 36 49 706 714 736 749 1806 2456 2486 
m1127 22 23 30 36 41 1122 1123 1130 1136 1141 1172 1173 1180 1523 1822 1823 2072 2073 3673 4586 
m3669 37 40 46 1890 2037 2040 2046 2337 2340 2346 4396 
m2142 38 46 1938 1946 2338 2346 
m3204 23 36 46 49 1196 1199 1846 1849 2346 2496 3686 
m1317 30 46 2330 2346 4846 
m659 22 44 45 46 1146 2272 2294 2296 2344 2346 4846 
m2895 30 36 40 49 1536 1549 1830 1836 1849 2030 2036 2499 4336 
m1837 26 46 1346 2346 
m1141 45 46 2296 2345 2346 4846 
m1973 13 38 688 1913 1938 
m1652 16 22 23 46 822 846 1122 1146 1172 2322 3323 3696 
m1699 22 23 36 40 41 1122 1123 1136 1140 1141 1172 1173 1822 1823 1836 1840 1841 2022 2023 2036 2040 2041 2072 2073 2086 2090 3673 4586 
m872 22 38 45 46 49 1138 1145 1146 1922 1938 1945 1946 1949 2296 2299 2349 
m1854 22 46 49 1146 1149 2349 2472 2496 
m3495 5 22 36 38 46 49 286 296 299 1105 1136 1138 1146 1849 1905 1936 1946 2346 2349 2486 2499 4836 
m2479 23 36 40 41 1173 1823 1836 1840 1841 2023 2036 2040 2041 2073 2086 2090 2091 3686 4323 
m3335 36 38 40 46 1840 1846 1936 1940 1946 2036 2038 2040 2046 2336 2338 2340 2346 
m2011 26 39 40 46 1339 1340 1346 1990 2339 2340 4496 4846 
m599 13 22 40 45 46 1122 1140 1145 1146 2013 2040 2046 2272 2290 2296 2313 2346 3196 
m1040 3 30 37 46 153 180 187 196 1503 1530 1537 1546 1853 1880 2303 2330 2337 2346 4803 
m1536 4 204 
m907 22 23 30 36 40 46 49 1172 1173 1190 1196 1522 1523 1536 1546 1549 1822 1823 1840 2022 2023 2046 2322 2472 2473 2486 2490 2496 3696 4323 4346 
m1676 13 33 36 38 40 41 686 690 691 1686 1690 1691 1841 1913 1933 1936 1938 1941 2036 2041 2063 2083 2086 2090 2091 3183 
m651 33 34 38 40 46 1690 1696 1733 1734 1738 1746 1933 1938 1940 1946 2333 2338 2340 2346 
m339 22 23 30 36 40 41 1122 1123 1130 1136 1140 1173 1522 1523 1536 1822 1823 1830 1836 2022 2023 2030 2036 2072 2073 2080 2086 2090 2091 3673 4323 4586 
m1179 22 23 30 46 1122 1123 1130 1146 1180 1523 1530 1546 2330 2346 4823 
m51 23 30 36 49 1180 1523 1530 1549 1823 1830 1836 1849 2473 2480 2486 2499 
m3048 13 38 41 691 1913 1938 1941 
m2645 36 38 46 1936 1938 1946 2336 2346 
m2522 22 23 36 40 46 1122 1123 1136 1140 1146 1172 1822 2023 2036 2046 2322 2323 2336 2340 2346 4323 4823 4836 
m2140 23 36 41 46 1836 1841 1846 2073 2086 2323 2341 4323 4836 
m579 22 23 46 1123 1146 1196 
m1688 36 38 40 46 1840 1846 1936 1940 1946 2036 2046 2340 
m198 13 22 33 36 40 1113 1122 1133 1136 1140 1686 1690 1813 2013 2036 4163 
m1947 5 13 22 33 36 40 46 263 272 283 286 290 672 686 690 1113 1122 1133 1136 1140 1672 1686 1690 1822 2022 2036 2305 2313 2322 2333 2336 2340 3183 
m2568 22 26 38 46 1146 1322 1346 1922 1926 1946 2346 
m1465 46 2346 
m638 22 23 1123 1172 1173 3673 
m2315 22 23 30 36 40 45 46 1123 1130 1136 1140 1146 1180 1523 1530 1536 1546 1830 2023 2030 2036 2046 2272 2273 2280 2286 2290 2296 2330 2336 4323 4823 
m410 23 36 38 40 41 1823 1840 1923 1936 2023 2036 2073 2086 2088 2090 4323 4336 4586 
m1916 38 41 1938 1941 2088 2091 
m2199 22 32 37 38 46 49 1132 1137 1146 1637 1646 1922 1938 1946 1949 2332 2337 2346 2472 2487 2496 4837 
m1074 13 16 22 36 40 672 686 690 822 836 840 1113 1116 1122 1136 1140 1822 2022 2036 3166 
m3446 14 22 23 30 46 49 722 746 1122 1123 1130 1146 1149 1172 1522 1523 1530 2322 2323 2330 2349 2473 2480 3673 4823 4846 
m94 36 40 46 1840 2036 2040 2336 2340 
m2112 13 22 36 38 40 672 686 690 1113 1122 1136 1140 1822 1913 1922 1936 2022 2036 
m776 22 23 36 40 41 1123 1136 1140 1172 1822 1823 1836 2023 2036 2072 2073 2086 2090 2091 3673 4323 4586 
m1611 
m2817 36 38 1936 
m759 22 23 30 46 1122 1123 1130 1146 1180 1523 1530 1546 2330 2346 4823 
m2065 23 41 1191 2073 3673 
m1543 23 36 40 46 49 1186 1196 1836 1846 2023 2036 2046 2323 2473 2486 2490 2496 3673 4323 4836 
m2558 12 14 23 34 46 712 1162 1164 1196 1712 1714 1723 1734 1746 2314 3114 3214 3664 4812 
m1624 14 23 38 46 49 1196 1914 1923 1946 1949 2464 2473 2496 3664 4814 
m3175 23 32 46 1196 1623 1646 2346 
m1751 41 46 2091 2096 2341 
m2927 32 46 1646 
m3514 45 46 2345 
m1268 14 45 46 2264 2296 2314 2346 4814 
m222 
m3648 22 23 36 38 41 1122 1123 1136 1141 1172 1822 1823 1922 1923 1936 1941 2072 2073 2086 2088 2091 3673 4323 4586 
m577 12 14 40 46 712 2012 2014 2046 2314 2346 3146 3246 4812 
m56 14 36 40 46 1814 1846 2014 2036 2046 3246 
m1804 22 46 1122 1146 2322 2346 
m2121 13 38 46 1913 1938 1946 2313 
m2082 46 2346 
m1693 22 36 40 41 1136 1141 1836 1840 1841 2036 2041 2072 2086 2090 2091 4586 
m1730 6 14 32 36 314 332 732 1806 1814 1832 
m2654 22 46 1122 1146 2322 2346 
m2337 22 36 40 1122 1136 1140 1822 1836 1840 2022 2036 
m774 14 26 46 714 726 746 1314 1326 1346 2314 2326 2346 4814 
m70 14 46 47 747 2346 2347 4814 
m2062 11 13 22 33 36 40 563 572 583 586 590 672 686 690 1113 1122 1133 1136 1140 1672 1686 1690 1822 2022 2036 3183 
m350 22 23 27 41 45 1122 1123 1127 1141 1145 1195 1372 1391 2073 2095 
m2822 26 46 1346 
m696 22 23 30 36 40 41 46 1122 1123 1130 1136 1140 1141 1146 1172 1173 1180 1186 1190 1191 1523 1536 1540 1541 1841 2023 2036 2041 2072 2073 2080 2086 2090 2091 2096 2322 2323 2330 2341 3673 4323 
m3023 22 46 49 1146 1149 2322 2346 2349 2496 
m3538 46 2346 
m535 13 37 4363 
m1232 22 23 32 36 40 46 49 1122 1123 1132 1136 1140 1146 1149 1172 1173 1182 1186 1190 1196 1199 1622 1623 1632 1636 1640 1646 1822 1823 1832 1836 1840 1846 1849 2022 2023 2032 2036 2046 2049 2322 2323 2332 2336 2346 2349 2472 2473 2482 2486 2490 2496 3673 3686 3696 4323 4346 
m2149 38 41 46 49 1938 1946 1949 2088 2096 2099 2341 2346 2349 
m1392 36 41 46 2096 2336 2341 2346 4586 4836 4846 
m400 14 46 746 2346 
m273 46 2346 
m2196 30 36 37 40 46 1536 1537 1540 1546 1837 1840 1846 1890 2037 2046 2340 4396 
m3688 22 23 30 36 37 40 41 46 49 1123 1130 1137 1141 1146 1190 1191 1523 1537 1540 1541 1546 1822 1823 1830 1836 1837 1840 1846 1873 1890 1891 1896 2022 2030 2036 2037 2040 2041 2046 2086 2091 2099 2340 2341 2346 2486 2490 2496 2499 4396 4823 
m1875 36 46 49 1846 1849 2346 2349 2496 4836 
m3088 22 30 36 41 45 1130 1536 1541 2272 2280 4586 
m688 46 2346 
m3544 13 22 32 36 40 672 686 690 1113 1136 1140 1613 1622 1636 1640 1822 2022 2036 2040 3186 4336 
m2809 22 30 36 37 41 1130 1136 1536 1537 1541 1886 2086 2087 
m61 13 22 36 45 46 49 699 1113 1136 1849 2286 2295 2296 2313 2322 2336 2349 3186 
m36 22 32 36 40 46 49 1136 1140 1146 1149 1640 1646 1832 1836 1840 1846 2032 2036 2040 2046 2049 2332 2336 2340 2346 2349 2486 2490 2496 4136 4346 
m3100 22 23 30 36 40 41 46 1122 1123 1130 1136 1140 1141 1146 1191 1523 1536 1541 1546 1841 1846 2023 2030 2036 2040 2041 2046 2072 2341 3696 4323 
m1687 22 23 30 39 46 1123 1130 1139 1146 1172 1173 1180 1189 1196 1522 1523 1539 1546 1972 1973 1980 1989 1996 2322 2323 2330 2339 2346 3689 3696 4473 4496 4823 
m1653 22 23 26 30 36 40 41 1122 1123 1126 1136 1140 1141 1172 1173 1180 1186 1191 1323 1336 1340 1523 1536 1541 1822 1823 1826 1836 1840 1841 2022 2023 2026 2036 2040 2041 2072 2073 2076 2086 2090 3673 4586 
m3694 46 2346 
m3717 
m2951 22 30 36 40 41 49 1136 1140 1536 1541 1549 1830 1836 1840 1841 1849 2030 2036 2040 2041 2049 2072 2086 2090 2091 2099 2472 2486 
m472 28 36 38 1438 1838 1928 1936 4328 
m2123 13 38 663 1913 1938 
m2736 30 44 45 2230 2245 2280 
m2586 38 46 1938 1946 2338 2346 
m1738 22 46 2322 2346 
m635 14 22 41 714 741 1114 1141 2064 2072 2091 
m952 11 13 22 46 563 572 596 696 1111 1113 1122 1146 
m19 14 30 46 730 2314 2330 
m1776 22 37 46 1122 1137 1146 2322 2337 2346 4837 
m3401 36 46 4836 4846 
m2251 12 22 23 36 40 46 49 636 649 1186 1199 1822 1836 1840 2022 2036 2336 2349 2486 3123 3146 3686 4336 4823 
m661 22 23 36 40 1122 1123 1136 1140 1172 1173 1186 1190 1822 1836 1840 2022 2023 2036 2040 3673 4336 
m2381 32 40 46 1632 1640 1646 2032 2040 2046 2332 2340 2346 
m3517 6 14 32 314 332 732 
m948 33 38 40 46 1690 1696 1933 1938 1940 1946 2333 2338 2340 2346 
m3650 22 23 30 36 40 46 49 1122 1123 1130 1136 1140 1146 1149 1172 1173 1180 1186 1190 1199 1522 1523 1530 1536 1540 1546 1549 1823 1840 2022 2023 2030 2036 2040 2046 2322 2330 2336 2340 2346 2349 2472 2473 2480 2486 2490 2496 3696 4823 
m1902 38 49 1938 1949 2488 2499 
m2681 22 23 38 46 1172 1922 1923 1938 1946 2322 2323 2346 
m2914 26 33 1676 
m588 45 
m65 11 13 22 33 36 40 661 1111 1113 1122 1133 1136 1140 1661 1811 1813 1833 1840 2011 2013 2033 4163 
m912 22 23 36 41 1122 1123 1136 1141 1191 3686 4586 
m3633 30 37 46 1530 1537 1546 1880 2330 2337 2346 
m822 14 22 23 30 40 46 730 746 1114 1122 1123 1130 1146 1180 1514 1523 1530 1546 2014 2022 2023 2030 2046 2330 3223 4823 
m2968 12 14 23 30 41 46 641 723 730 741 1191 1512 1514 1523 1530 1541 2312 2314 2330 2341 3212 3662 4823 
m380 8 41 46 49 408 446 449 2058 2096 2099 2349 
m1152 13 22 32 36 37 40 672 686 690 1113 1122 1136 1137 1140 1613 1622 1636 1637 1822 1872 1886 1890 2022 2036 3187 
m3053 5 13 33 38 263 283 288 655 663 1655 1663 1905 1913 1933 1938 4163 
m686 23 26 30 40 46 1173 1180 1323 1330 1346 1523 2023 2026 2030 2046 2323 2330 3673 4823 
m2303 22 37 40 46 1137 1146 2022 2037 2046 2337 2346 4837 
m2532 13 22 36 40 1113 1122 1136 1140 1813 1840 2013 
m3339 37 46 49 1899 2337 2346 2349 4396 4837 4846 
m18 14 23 30 36 40 46 730 1180 1814 1823 1830 1846 2014 2023 2030 2036 2040 2046 2314 2323 2330 2346 3223 4346 4814 4823 
m1353 22 23 30 36 38 40 41 1123 1136 1140 1141 1172 1173 1180 1186 1188 1190 1191 1830 1922 1923 1936 1940 1941 2022 2023 2030 2036 2038 2040 2041 2073 2080 2086 2090 3673 4323 
m698 22 36 40 46 1122 1136 1140 1146 1840 2022 2040 2046 2322 2336 2340 2346 
m3179 36 
m3009 13 22 36 38 40 45 1113 1136 1138 1140 1145 1813 1840 1913 1936 1940 2013 2263 2286 2288 2290 
m2679 30 38 41 46 1930 1941 1946 2080 2330 2338 2341 2346 
m1323 14 22 46 714 746 1114 1146 2314 2346 3246 4814 
m1180 36 38 1836 1936 1938 
m3708 13 33 38 1913 1933 1938 4163 
m943 14 40 46 2014 2046 2314 2346 4814 
m592 36 41 1841 
m670 22 32 36 37 40 1122 1136 1137 1140 1622 1636 1637 1640 1822 1872 1886 1890 2022 2036 
m2530 22 23 30 46 49 1122 1123 1130 1146 1180 1523 1530 1546 2330 2346 2472 2473 2480 2496 4823 
m3437 15 27 38 41 45 46 777 1915 1938 1941 1946 2065 2077 2088 2096 2288 2291 2296 2315 2327 2346 
m1982 22 37 46 49 1137 1146 2322 2337 2346 2472 2496 4396 4837 
m2606 5 22 32 36 46 49 286 299 1605 1622 1636 1646 1649 1805 1822 1846 1849 2305 2322 2332 2336 2346 2349 2472 2486 2499 4136 4336 4836 
m3253 22 36 41 1122 1136 1141 1841 2072 2086 2091 4586 
m3106 22 23 30 36 40 41 46 1122 1123 1130 1136 1140 1141 1146 1191 1523 1536 1541 1546 1841 1846 2023 2030 2036 2040 2041 2046 2072 2341 3696 4323 
m1736 26 36 37 40 46 1346 1837 2036 2037 2040 2336 2337 
m3606 22 23 36 40 41 1122 1123 1136 1140 1141 1172 1173 1822 1823 1836 1840 1841 2022 2023 2036 2040 2041 2072 2073 2086 2090 3673 4586 
m180 15 23 30 40 46 773 1515 1523 1530 1546 2015 2023 2030 2046 2315 4823 
m1956 13 20 22 33 36 38 40 688 1013 1022 1033 1036 1038 1040 1113 1133 1136 1138 1140 1688 1813 1822 1833 1838 1840 2013 2033 2036 2038 3183 3536 4336 
m1895 22 23 1122 1123 1172 1173 3673 
m196 22 23 36 40 41 1122 1123 1136 1140 1141 1172 1173 1822 1823 1836 1840 1841 2022 2023 2036 2040 2041 2072 2073 3673 4586 
m2222 22 23 27 30 36 40 49 1172 1186 1199 1372 1373 1380 1386 1399 1522 1523 1527 1530 1536 1549 1822 1823 1827 1830 1836 1840 1849 2023 2027 2030 2036 2040 2049 2472 2473 2477 2480 2486 2499 3686 4336 
m1644 14 36 40 46 740 1814 1836 1840 1846 2014 2036 2040 2046 2314 2340 2346 3246 4314 4346 4836 
m419 38 46 1938 1946 2338 2346 
m1457 21 22 23 36 41 1121 1122 1123 1171 1172 1173 1821 1822 1823 2071 2072 2073 3673 4586 
m1599 22 23 36 40 46 1122 1123 1136 1140 1146 1196 1823 1836 2022 2023 2036 2040 2046 3686 4346 4836 
m323 14 46 49 749 2346 2349 2464 2496 3246 4814 
m2630 22 23 30 38 41 1141 1172 1191 1522 1523 1538 1541 1922 1923 1930 1938 1941 
m1628 22 30 36 40 41 1136 1141 1522 1536 1540 1541 1822 1836 1840 1841 2022 2036 2040 2041 2086 4336 4586 
m2441 22 23 1122 1123 
m1038 22 36 40 45 1122 1136 1140 1145 1836 1840 1845 2036 2040 2045 2286 2290 
m1016 22 23 27 30 36 40 49 1123 1130 1136 1172 1173 1177 1180 1186 1190 1199 1372 1373 1380 1386 1522 1523 1527 1530 1536 1540 1549 1822 1823 1827 1830 1836 1849 2023 2027 2030 2036 2040 2049 2472 2473 2477 2480 2486 2499 3686 4336 
m2382 14 46 49 2314 2346 2464 2496 4814 
m1039 22 38 46 1138 1146 1938 1946 2338 
m2461 5 36 38 46 49 286 296 299 1836 1846 1849 1905 1936 1938 1946 1949 2346 2349 2455 2486 2496 2499 4836 
m1728 13 36 38 40 41 686 690 691 1841 1913 1936 1941 2036 2041 2063 2086 2088 2090 2091 
m1447 32 36 46 49 1636 1646 1849 2332 2336 2346 2349 4136 4336 4836 
m3720 12 46 2346 4812 
m728 36 40 41 46 49 1841 2036 2040 2046 2336 2341 2346 2349 2486 2491 2496 4346 4836 4846 
m417 23 30 33 46 1180 1523 1530 1533 1546 1680 2330 2333 4173 4823 
m3553 13 38 1913 1938 
m1241 22 30 36 40 1122 1136 1140 1522 1536 1540 1822 1836 1840 2022 2036 
m1592 13 17 46 2313 2317 3363 
m2287 5 36 46 49 286 296 299 1836 1846 1849 2336 2346 2349 2486 2496 4336 4836 
m1833 23 30 46 1180 1523 1530 2330 4823 
m1569 22 23 30 36 40 41 1122 1123 1130 1136 1140 1141 1173 1522 1523 1536 1822 1823 1830 1836 2022 2023 2030 2036 2072 2073 2080 2086 2090 2091 3673 4323 4586 
m2346 13 22 36 38 40 1113 1122 1136 1138 1140 1813 1840 1913 1936 1940 2013 
m2333 22 23 30 36 40 46 1122 1123 1130 1136 1140 1146 1172 1173 1522 1523 1530 1540 1546 1822 1823 1830 1840 1846 2022 2023 2030 2036 2040 2046 2322 2323 2330 2340 2346 3696 4823 
m204 22 23 30 36 40 46 49 1122 1123 1130 1136 1140 1146 1149 1172 1173 1180 1186 1190 1199 1522 1523 1530 1536 1540 1546 1549 1822 1823 1830 1836 1840 1846 1849 2022 2023 2030 2036 2040 2046 2322 2330 2336 2340 2346 2349 2472 2473 2480 2486 2496 3696 4823 
m1686 5 13 33 38 46 655 1655 1696 1913 1933 1946 2305 2313 4163 
m925 22 23 30 36 39 40 41 1123 1130 1136 1140 1172 1173 1180 1186 1190 1523 1536 1540 1822 1823 1830 1836 1840 1972 1973 1980 1986 1990 2022 2023 2030 2036 2072 2073 2080 2086 2089 2090 2091 3673 4323 
m3599 22 23 36 40 41 1122 1123 1136 1140 1141 1172 1173 1822 1823 1836 1840 1841 2022 2023 2036 2040 2041 2072 2073 3673 4586 
m2781 37 46 2337 2346 
m1830 32 46 2332 
m3649 22 23 36 38 41 1122 1123 1136 1141 1172 1822 1823 1922 1923 1936 1941 2072 2073 2086 2088 2091 3673 4323 4586 
m2844 33 34 38 40 46 1690 1696 1733 1734 1738 1746 1933 1938 1940 1946 2333 2338 2340 2346 
m3732 13 22 23 32 36 40 41 672 673 686 690 691 1122 1123 1136 1140 1141 1186 1190 1191 1613 1622 1623 1636 1823 1840 1841 2023 2041 3673 
m921 32 36 40 46 2032 2036 2040 2046 2332 4332 4836 
m1384 13 20 22 32 36 40 670 686 690 1113 1120 1136 1140 1613 1620 1622 1636 1640 1820 2020 2036 2040 3186 4336 
m30 26 32 36 41 46 49 1332 1336 1341 1346 1349 1641 1646 2332 2336 2341 2346 2482 2486 2491 2496 4136 4586 
m340 22 30 37 41 46 1130 1137 1141 1146 1537 1541 1546 2087 2096 2322 2330 2337 2341 2346 4837 
m1913 30 36 40 46 1830 1836 1840 1846 2030 2036 2040 2046 2330 2336 2340 2346 4336 4346 4836 
m3568 5 22 23 24 40 46 273 274 290 1123 1146 1190 1222 1240 1246 2022 2023 2024 2046 2340 3696 3723 
m1448 14 36 40 46 1814 1836 1840 1846 2014 2036 2040 2046 2314 2336 2346 3236 4346 4814 4836 
m317 13 20 22 33 36 40 672 686 690 1013 1022 1033 1036 1040 1122 1136 1140 1672 1686 1690 1822 2022 2036 3183 
m248 22 46 1122 1146 2322 2346 
m3219 14 46 2314 2346 4814 
m819 14 46 49 2314 2346 2464 2496 4814 
m343 14 30 36 38 46 1514 1530 1536 1538 1814 1830 1836 1838 1914 1938 1946 2314 2330 2336 2346 4036 4330 
m2176 5 14 22 23 32 36 37 41 264 282 286 722 737 741 1105 1114 1123 1136 1137 1141 1155 1182 1186 1614 1637 1814 1837 1872 1882 1886 1887 1891 2087 3664 4136 4332 
m772 5 26 36 46 49 50 276 296 300 1346 1350 1805 1826 1846 1849 1850 2305 2326 2346 2349 2350 2455 2476 2496 2500 
m2876 22 23 30 36 40 46 1122 1123 1130 1136 1140 1146 1172 1173 1180 1186 1190 1522 1523 1530 1536 1540 1546 1823 1840 2023 2036 2040 2322 2323 2330 2336 2340 2346 3696 4823 
m3573 22 23 37 41 1122 1123 1137 1141 1172 1173 1872 1873 2072 2073 2087 3673 
m3131 22 23 30 36 40 41 46 1122 1123 1130 1136 1140 1141 1146 1180 1522 1523 1530 1536 1540 1546 1822 1823 1830 1836 1840 1846 2022 2023 2030 2036 2040 2046 2072 2086 2090 2091 2322 2323 2330 2340 4823 4846 
m2961 36 37 40 41 46 1841 1846 1886 2036 2037 2046 2086 2087 2090 2096 2336 2337 2340 2341 2346 4346 4396 4836 
m3404 3 30 38 46 180 188 196 1903 1930 1938 1946 2330 
m1334 37 40 46 2037 2046 4396 
m1953 22 23 38 45 46 1123 1138 1145 1146 1195 1923 1938 1945 1946 2323 2345 
m392 37 40 46 1890 2037 2040 2046 2337 2340 2346 4396 
m2143 13 22 33 36 40 46 49 672 686 690 1113 1133 1136 1140 1672 1686 1690 1822 2013 2022 2036 2046 2313 2322 2333 2336 2340 2349 2463 2472 2483 2486 2490 3183 
m2485 22 37 39 46 1122 1137 1139 1146 2337 2339 2346 4487 4837 4839 
m1920 5 22 44 46 296 1144 1146 2205 2246 2305 2344 2346 4846 
m3356 5 23 30 38 40 273 280 290 1190 1523 1530 1540 1905 1923 1930 1940 2023 2030 2040 
m1775 5 37 45 46 1855 1895 2255 2305 2337 2345 2346 4837 4846 
m197 22 23 30 36 1123 1130 1136 1172 1180 1522 1822 1823 1830 
m1949 36 46 2336 
m3033 5 14 46 264 296 2314 2346 4814 
m3595 22 23 36 37 40 1122 1123 1136 1137 1140 1172 1173 1822 1823 1836 1837 1840 1872 1873 2022 2023 2036 2037 2040 3673 
m1322 14 22 40 46 714 746 1114 1146 2014 2022 2046 2314 2346 3246 4814 
m977 12 36 38 41 46 641 1841 1912 1936 1938 1941 1946 2062 2086 2091 2096 2312 2336 2341 4312 
m3129 5 23 24 40 41 46 273 274 290 291 296 1190 1240 1246 2023 2024 2040 2046 2073 2074 2090 2096 2340 3696 3723 
m3240 13 38 1913 1938 
m1441 23 46 49 2323 2346 2473 2496 4823 
m3393 12 13 36 46 613 646 2313 2336 2346 3136 4313 4812 4813 
m3549 22 46 1146 2322 2346 
m658 36 46 49 2486 2496 4836 4846 
m900 37 46 49 2346 2487 2496 4837 
m2740 36 40 46 49 1836 1840 1846 1849 2036 2040 2046 2049 2336 2340 2346 2349 4346 4836 4846 
m1793 23 30 46 1180 1523 1530 1546 2330 2346 4823 
m2878 16 23 38 40 46 49 1923 1940 1946 2016 2023 2046 2316 2323 2346 2349 2466 2473 3666 4823 
m1482 
m275 8 32 37 46 49 408 446 449 1608 1646 1649 1858 1882 1896 2308 2332 2346 2349 
m469 14 38 45 46 1914 1938 1945 1946 2264 2314 2338 2345 2346 4814 
m1819 13 25 38 46 675 1913 1925 1946 2313 2325 
m3523 46 49 2346 2349 
m2278 22 36 40 41 45 1122 1136 1140 1141 1145 1822 1836 1840 1845 2022 2036 2040 2045 2072 
m1203 13 33 46 2313 2333 2346 4163 4813 4833 
m3190 22 23 36 40 41 1122 1123 1136 1140 1141 1173 1822 1823 1836 2022 2023 2036 2072 2073 2086 2090 2091 3673 4323 4586 
m375 26 36 37 46 49 1826 1837 1846 1849 1876 1899 2326 2476 2496 4396 
m1557 23 30 36 40 41 1173 1180 1186 1190 1523 1530 1536 1540 1823 1830 1836 1840 2023 2030 2036 2040 2073 2080 2086 2090 3673 4323 
m2760 38 46 49 1938 1946 1949 2349 
m1279 22 46 49 1122 1146 1149 2346 2349 
m1912 22 23 30 32 36 40 46 1122 1123 1130 1132 1136 1140 1146 1172 1173 1522 1523 1530 1546 1622 1623 1630 1640 1646 1822 1823 1830 1832 1840 1846 2022 2023 2030 2032 2036 2040 2046 2322 2323 2330 2332 2336 2340 2346 3696 4823 
m1781 23 30 36 40 1180 1186 1523 1530 1536 1540 1830 2023 2030 2036 
m859 38 40 41 46 1940 1941 1946 2090 2340 2341 
m2721 22 36 40 1122 1136 1140 2036 
m2130 36 49 1836 1849 2499 
m3587 22 23 30 36 40 46 1122 1123 1130 1136 1140 1146 1180 1522 1523 1530 1536 1540 1546 1822 1823 1830 1836 1840 1846 2022 2023 2030 2036 2040 2046 2322 2323 2330 2340 4823 4846 
m1799 4 26 38 226 238 1304 1326 1338 1904 1926 2704 
m2944 26 40 46 2026 2046 2326 
m2254 13 46 2313 
m3464 29 36 49 1829 1836 2479 2486 4336 
m1561 31 36 1581 1586 1831 1836 4086 
m1596 37 41 46 49 1891 2337 2341 2346 2349 2487 2491 2496 4396 
m2238 46 2346 4846 
m1552 22 23 30 46 1122 1123 1130 1146 1180 1523 1530 1546 2330 2346 4823 
m1768 22 23 1122 1123 1173 3673 
m935 22 24 1124 
m1117 22 32 33 36 40 1122 1132 1133 1136 1140 1633 1636 1832 1833 1836 1840 2032 2033 2036 4186 4333 4336 
m1376 13 22 36 40 672 686 690 1113 1122 1136 1140 1822 2022 2036 
m2460 18 23 36 923 936 1186 1836 3686 
m1201 22 23 30 36 40 1123 1130 1173 1186 1190 1523 1530 1536 1823 2023 2036 3673 3686 
m838 14 23 30 36 40 46 730 1180 1814 1823 1830 1846 2014 2023 2030 2036 2040 2046 2314 2330 2346 3223 4346 4814 4823 
m1504 22 23 32 36 1123 1132 1136 1173 1182 1186 1623 1823 3673 4332 
m1249 32 36 40 41 46 1640 1641 1646 1846 2032 2036 2040 2041 2046 2096 2332 2336 2340 2341 2346 4136 4586 
m93 30 38 46 1930 1938 1946 2330 2346 
m1314 30 36 46 49 1549 1830 1846 1849 2330 2336 2346 2349 
m2066 23 41 1191 2073 3673 
m4 22 23 30 46 1122 1123 1130 1146 1180 1523 1530 1546 2330 4823 
m1560 22 46 1146 4846 
m2086 12 45 46 645 2345 4812 
m416 23 30 33 46 1180 1523 1530 1533 1546 1680 2330 2333 4173 4823 
m126 22 23 30 36 40 46 49 1122 1123 1130 1136 1140 1146 1149 1172 1173 1522 1523 1530 1540 1546 1822 1823 1830 1840 1846 2022 2023 2030 2036 2040 2046 2322 2323 2330 2340 2346 2472 2480 2486 2490 2496 3696 4823 
m2362 5 23 24 40 46 273 274 290 296 1190 1240 1246 2023 2024 2040 2046 2340 3696 3723 
m1351 14 40 46 49 2014 2040 2046 2314 2346 2464 2490 2496 4814 
m3311 13 38 1913 1938 
m2374 14 36 38 46 49 714 736 738 746 749 1814 1846 1849 1914 1936 1946 1949 2314 2336 2338 2346 2349 2464 2486 2496 4814 
m3004 23 30 38 1180 1188 1523 1538 1938 3673 
m2992 22 23 30 36 41 1123 1130 1523 1822 1823 1830 2072 2073 2080 3673 4323 4586 
m532 26 32 36 41 46 1332 1336 1341 1346 1641 1646 2332 2336 2341 2346 4136 4586 
m3697 13 38 46 1913 1938 1946 2313 2346 
m2078 38 45 46 49 1938 1946 1949 2288 2296 2299 2349 
m226 22 26 44 46 1146 1322 1344 1346 2344 2346 4846 
m3255 30 46 49 1530 1549 2330 2346 2349 
m1091 23 30 36 40 1180 1523 1530 1536 1540 1830 2023 2030 2036 2040 4323 
m2366 22 23 36 37 40 1122 1123 1136 1137 1140 1172 1173 1822 1823 1836 1837 1840 1872 1873 1886 1890 2022 2023 2036 2037 2040 3673 
m3590 6 17 23 32 36 856 873 882 886 1156 1182 1606 1636 1806 3686 
m2807 23 46 2346 3696 4823 
m1173 22 23 36 40 46 49 1122 1123 1136 1146 1149 1172 1822 1849 2022 2023 2036 2046 2049 2322 2323 2336 2349 2472 2473 2486 4323 4336 4836 
m2225 22 23 30 36 40 46 1122 1123 1130 1136 1140 1146 1180 1522 1523 1530 1536 1540 1546 1822 1823 1830 1836 1840 1846 2022 2023 2030 2036 2040 2046 2322 2323 2330 2340 4823 4846 
m1930 30 38 39 40 46 49 1930 1938 1939 1946 1980 2030 2038 2039 2046 2330 2339 2346 2488 2490 2496 4839 
m933 22 24 1124 
m3396 46 
m3551 23 46 49 2346 2349 2473 4823 
m983 
m2819 22 23 30 32 36 40 41 49 1140 1182 1199 1523 1530 1532 1536 1549 1823 1830 1832 1849 2022 2023 2030 2032 2036 2040 2072 2090 2482 
m1707 5 22 36 38 46 49 286 296 299 1136 1138 1146 1149 1836 1846 1849 1905 1936 1946 2346 2349 2455 2486 2488 2496 4836 
m2636 23 30 38 1188 1523 1538 1923 1930 1938 
m460 23 24 40 46 1190 1240 1246 2023 2024 2040 2046 2323 2324 2340 2346 3696 3723 
m62 22 32 46 1122 1132 1146 2332 2346 
m1132 14 40 45 46 745 2014 2040 2046 2314 2345 2346 3214 4814 
m660 14 32 36 41 46 1614 2064 2082 2086 2314 2332 2336 2341 4136 4314 
m3348 14 46 714 746 2314 2346 4814 
m1545 23 30 36 40 41 1173 1523 1536 1540 1823 1830 1836 1840 2023 2030 2036 2040 2073 2080 2086 2090 3673 4323 4586 
m1391 2 41 141 
m818 30 45 46 2280 2296 2330 2345 2346 4846 
m1720 22 33 46 1133 1146 1672 1683 1696 2322 2333 2346 4833 
m3357 3 26 36 41 186 191 1303 1336 1341 2091 4341 4586 
m253 22 40 44 46 1140 1144 1146 2040 2046 2222 2240 2246 2322 2340 2344 2346 4846 
m3217 14 45 46 49 2264 2296 2299 2314 2346 2464 2496 4814 
m3140 5 23 30 36 46 255 273 280 286 296 1180 1505 1523 1530 1536 1546 1830 1846 2330 4323 4823 
m2477 22 40 46 1146 2022 2040 2046 2346 
m229 22 38 1122 1922 1938 
m2626 12 13 22 27 36 40 627 677 1112 1113 1122 1127 1136 1140 1812 1813 1827 1840 2012 2013 2027 3162 
m683 22 36 38 40 1138 1822 1838 1922 1936 1938 1940 2022 2036 2038 
m2255 12 15 30 46 1512 1515 1546 2312 3262 4815 
m108 22 23 30 36 46 49 1122 1123 1130 1146 1149 1172 1173 1180 1199 1522 1523 1530 1549 1822 1823 1830 1846 1849 2322 2323 2330 2349 2472 2473 2480 2496 3673 4823 
m97 32 36 46 49 1632 1636 1649 1849 2332 2336 2349 
m2144 38 46 2338 2346 4846 
m3123 5 17 41 46 255 867 891 2091 2317 2341 2346 4817 
m703 14 23 36 38 46 49 1164 1814 1823 1838 1846 1849 1914 1923 1946 1949 2323 2464 2473 2496 4814 
m83 22 23 30 46 1123 1130 1146 1180 1523 1530 1546 2330 4823 
m2463 23 30 49 1180 1199 1549 2473 2480 2499 
m1597 22 23 36 40 46 1122 1123 1136 1146 1172 1822 1823 1836 2022 2023 2036 2040 2046 2322 2323 4323 4346 4836 
m2732 22 23 36 40 41 1123 1136 1140 1141 1173 1186 1190 1823 1836 2023 2036 2040 2072 2073 2086 2090 2091 3686 4323 
m1253 36 38 40 46 49 1936 1938 1940 1946 2036 2046 2049 2346 2349 2486 4836 
m1081 23 36 45 46 1186 1196 1836 1846 2273 2286 2296 3686 4836 
m2594 14 46 714 3246 
m46 36 46 2336 2346 4836 
m2701 22 45 46 1145 1146 2296 
m3319 23 36 3686 
m3399 46 
m12 14 37 46 49 2314 2337 2346 2464 2487 2496 4364 
m220 28 46 1428 2328 2346 
m1290 14 29 31 36 49 729 731 736 1579 1586 1814 1829 1831 1836 1849 2464 2479 2481 2486 3236 4086 4336 
m978 12 36 38 41 46 641 1841 1912 1936 1938 1941 1946 2062 2086 2091 2096 2312 2336 2341 4312 
m3529 22 37 46 49 1137 1146 1899 2346 2349 2496 4396 4837 
m1708 21 38 46 1921 1946 2321 2346 4846 
m1864 30 36 39 40 46 1536 1540 1546 1830 1836 1840 1846 1980 1986 1990 1996 2030 2036 2040 2046 2330 2336 2340 2346 4346 4496 4836 
m3063 37 38 46 1888 2338 4396 
m1923 22 36 40 46 1122 1136 1140 1146 1836 1840 2022 2036 2040 2046 2322 2336 2340 2346 4836 
m2179 5 23 32 36 46 273 282 286 1623 2305 2323 2332 2336 2346 4323 4332 4823 4836 
m2197 22 23 30 46 1122 1123 1130 1146 1180 1523 1530 1546 2330 4823 
m3586 23 30 1523 
m2542 22 46 1122 1146 2322 2346 
m792 12 14 45 46 645 712 745 2314 2345 2346 3146 3246 4812 
m2067 23 41 1191 2073 3673 
m1996 22 30 36 38 46 49 1522 1536 1538 1546 1549 1822 1922 1930 1936 1938 1946 1949 2322 2330 2336 2338 2346 2349 2472 2486 2496 
m1153 45 2295 
m3103 22 23 30 36 40 41 46 1122 1123 1130 1136 1140 1141 1146 1191 1522 1523 1536 1541 1546 1841 1846 2023 2030 2036 2040 2041 2046 2072 2080 2341 3696 4323 
m2310 37 40 46 1890 2037 2040 2046 2337 2340 2346 4396 
m2612 14 46 714 746 2314 2346 4814 
m201 23 26 46 1176 1346 3696 4846 
m2741 14 36 40 46 1814 1846 2014 2036 2040 2046 2314 2346 4346 4814 4846 
m1942 28 36 38 1928 1936 1938 4328 
m456 22 46 1146 2322 2346 
m2746 36 40 46 49 1836 1846 2036 2040 2046 2049 2336 2346 2349 2486 2496 4336 4836 
m2763 22 23 30 36 40 41 46 1122 1123 1130 1136 1140 1141 1146 1173 1186 1190 1522 1523 1536 1540 1541 1823 1836 1840 1841 2023 2036 2040 2041 2073 2086 2090 2322 2323 2330 2336 2340 2341 2346 3673 3686 4323 4336 
m1723 12 22 36 40 41 45 46 49 636 640 641 645 649 1145 1822 1836 1840 1841 1845 2012 2022 2036 2040 2041 2045 2046 2049 2072 2095 2272 2295 2336 2340 2349 2486 2490 2491 2495 3136 4336 4812 
m926 30 46 49 2330 2480 2496 
m283 36 38 41 46 1936 1946 2336 2341 2346 4341 4836 4846 
m2984 13 45 46 2263 2295 2296 2313 2346 3196 
m895 22 23 30 46 49 1122 1123 1130 1146 1149 1172 1173 1180 1199 1522 1523 1530 1549 2322 2323 2330 2349 2472 2473 2480 3673 4823 
m398 22 37 40 46 1137 1140 1146 1890 2022 2037 2046 2322 2337 2340 2346 4396 
m1364 29 36 41 1829 1836 2079 2086 4336 
m3389 6 14 32 36 314 332 732 1806 1814 1832 
m2551 22 36 40 46 1136 1140 1146 1846 2022 2036 2040 2046 4336 4346 
m3532 14 36 46 49 736 746 749 1849 2336 2346 2349 4814 4836 
m445 6 14 32 36 49 706 714 732 736 749 1606 1636 1806 2456 2482 2486 
m823 34 38 40 46 1734 1934 2034 2038 2040 2046 2334 2338 2346 
m1481 22 23 45 1123 1173 1195 3673 
m1769 22 23 30 36 40 46 1122 1123 1130 1136 1140 1146 1172 1173 1522 1523 1530 1540 1546 1822 1823 1830 1840 1846 2022 2023 2030 2036 2040 2046 2322 2323 2330 2340 2346 3696 4823 
m2292 6 43 46 2306 2343 4656 
m3160 5 36 38 46 49 286 296 299 1849 1905 1936 1938 1946 2346 2349 2486 2499 4836 
m1265 14 40 46 2014 2040 2046 2314 2346 4814 
m1430 3 14 703 714 
m576 46 
m1729 30 38 46 1930 1938 1946 2330 2338 2346 4846 
m1777 22 23 30 36 40 46 1122 1123 1130 1136 1140 1146 1172 1173 1180 1186 1190 1522 1523 1530 1536 1540 1546 1823 1840 2022 2023 2030 2036 2040 2046 2322 2330 2336 2340 2346 3696 4823 
m1019 6 36 40 43 336 340 1806 1836 1840 1843 2006 2036 2043 2186 2190 2843 
m1011 5 36 46 49 286 296 299 1836 1849 2336 2346 2349 2486 2496 2499 4836 
m870 38 46 1938 1946 2346 
m1663 32 46 2332 
m628 22 46 1122 1146 2322 2346 4846 
m1975 22 44 46 1146 2322 2344 2346 4846 
m1311 22 23 30 36 40 41 1122 1123 1130 1136 1140 1173 1522 1523 1536 1822 1823 1830 1836 2022 2023 2030 2036 2072 2073 2080 2086 2090 2091 3673 4323 4586 
m207 23 26 30 46 1176 1323 1326 1330 1346 1523 1526 1546 2326 2330 2346 3696 4823 4846 
m1826 23 30 46 1173 1180 1196 1523 1530 1546 2323 2330 2346 3696 4823 
m3028 38 41 46 1938 1941 1946 2341 2346 
m358 10 26 32 46 526 532 546 1310 1326 1332 1346 1610 1626 1632 1646 2310 2326 2332 2346 
m209 30 36 37 40 46 1536 1537 1540 1546 1837 1840 1846 1890 2037 2046 2340 4396 
m1634 22 30 36 40 41 1136 1141 1536 1540 1541 1822 1836 1840 1841 2022 2036 2040 2041 2086 4336 4586 
m2055 
m3631 30 38 46 1930 1938 1946 2330 2346 
m3231 22 36 40 41 46 1136 1141 1146 2022 2036 2041 2046 2086 2096 2336 
m3458 14 26 46 726 746 1314 1326 1346 2326 2346 4814 
m2318 30 46 2330 2346 
m796 23 32 46 1196 1623 1646 2346 
m2835 30 36 38 1530 1538 1838 1930 1936 1938 4036 4330 
m3213 12 26 46 626 2326 4812 
m1431 44 46 2344 2346 
m288 33 36 38 40 46 49 1686 1690 1836 1838 1840 1846 1849 1933 1936 1938 1940 1946 2033 2036 2038 2040 2046 2333 2336 2338 2340 2346 2486 2488 2490 2496 
m3019 23 40 46 1190 2023 2040 2046 2340 2346 3696 4823 
m3074 22 23 30 36 37 40 41 46 49 1123 1130 1136 1137 1140 1146 1149 1180 1523 1530 1546 1822 1823 1830 1836 1837 1840 1846 1849 1872 1873 1880 1886 1890 1896 2022 2023 2030 2036 2037 2040 2046 2072 2086 2090 2099 2330 2346 2472 2473 2480 2486 2487 2490 2496 4396 4823 
m237 22 23 36 40 1123 1136 1173 1186 1190 1836 1840 2036 3673 3686 
m3228 22 23 30 38 1122 1123 1130 1138 1173 1180 1523 1922 1923 1930 1938 3673 
m3383 36 37 40 46 1840 1886 1890 1896 2036 2037 2040 2046 2336 2340 2346 4346 4837 
m3621 22 23 36 37 40 1122 1123 1136 1137 1140 1172 1173 1823 1837 1840 1872 1873 2023 2036 2037 2040 3673 
m1369 14 46 2314 2346 4814 
m1106 30 38 1930 1938 
m3182 22 30 37 46 1130 1137 1146 1880 2322 2330 2337 2346 4837 
m2472 
m3709 14 22 23 30 40 45 46 714 746 1114 1145 1146 1164 1172 1190 1195 1196 1514 1522 1523 1530 1540 1545 1546 2014 2022 2023 2030 2040 2045 2046 2264 2296 2314 3664 
m1277 22 30 36 38 40 41 45 46 1130 1136 1138 1140 1141 1145 1146 1522 1536 1540 1541 1822 1836 1840 1922 1945 1946 2022 2036 2040 2086 2090 2272 2296 2322 2330 2336 2341 
m178 10 26 46 1310 1326 1346 2310 2346 
m1042 14 16 23 46 716 723 746 2316 3323 4823 
m3471 
m16 23 46 2323 2346 4823 
m411 14 38 46 49 1914 1946 2314 2464 2488 2496 
m488 34 1734 
m1519 22 30 40 46 1122 1130 1140 1146 2030 2046 2322 2330 2340 2346 
m2294 23 
m3300 8 10 38 508 1908 1910 
m5 32 36 38 41 46 1638 1646 1838 1846 2082 2096 2332 2336 2338 2341 2346 4332 4586 
m1938 36 49 1836 1849 2486 2499 
m1817 46 2346 
m1669 36 37 49 1836 1837 1849 2486 2487 2499 
m1346 14 38 46 49 746 749 1914 1938 1946 1949 2346 2349 
m1146 37 45 46 2287 2296 2337 2346 4837 
m2433 23 30 41 46 1191 1523 1530 1541 1546 2073 2080 2091 2096 2330 2341 2346 3696 4823 
m102 14 36 38 41 46 714 1814 1836 1838 1914 1936 2064 2086 2088 2096 2314 2336 2338 3236 4314 4586 4814 
m2993 23 30 36 41 1523 1823 1830 2073 2080 3673 4323 4586 
m3337 32 40 45 46 1646 2032 2045 2046 2282 2296 
m493 12 23 30 38 41 46 641 1191 1512 1523 1541 1546 1912 1923 1930 1941 1946 2341 3662 4812 4823 
m2134 12 15 26 40 41 626 776 2012 2015 2026 2041 2062 2065 2076 3262 
m3331 12 22 23 30 46 612 622 623 630 646 1112 1122 1123 1130 1180 1512 1522 1523 1530 2312 2322 2323 2330 2346 4812 
m3302 13 38 1913 1938 
m1924 22 30 36 49 1122 1130 1136 1149 1522 1536 1549 1822 1830 1849 2472 4336 
m3127 13 23 36 46 49 1813 1823 1846 1849 2313 2346 2463 2473 2496 3663 4813 4823 
m3277 23 30 46 1180 2323 2330 2346 
m1521 22 23 30 41 46 1123 1130 1146 1172 1522 1523 1530 1546 2072 2073 2080 2096 2322 3696 
m23 22 23 36 40 45 1122 1123 1136 1140 1145 1172 1173 1822 1823 1836 1840 1845 2022 2023 2036 2040 2045 2272 2273 3673 
m2789 22 46 1122 1146 
m1583 22 27 46 1122 1127 1146 1377 2327 2346 
m244 14 22 31 36 46 731 736 1114 1136 1146 1846 2314 2331 2346 3246 4331 4836 
m1509 40 45 46 2290 2296 2340 2346 
m3167 14 33 46 1664 1696 2314 2346 4196 4814 
m2033 14 32 36 46 732 736 1832 2314 2332 4836 
m1510 22 36 41 1122 1136 1141 1841 2072 2086 2091 4586 
m1874 22 26 44 46 1122 1126 1144 1146 1322 1344 1346 2222 2246 2322 2326 2344 2346 4846 
m436 22 36 40 46 49 1136 1146 1149 1836 1840 1846 1849 2022 2036 2040 2046 2049 2336 2340 2346 2349 2472 2486 2490 2496 4346 
m1955 23 30 40 46 1180 1523 1530 1546 2023 2030 2046 2323 2330 
m1046 22 23 36 40 41 1122 1123 1136 1140 1141 1173 1823 1836 1840 1841 2023 2036 2040 2041 2072 2073 2086 2090 2091 3686 4323 
m556 14 22 46 722 2322 3246 
m1877 37 46 2337 2346 4837 
m2855 23 38 1923 
m901 22 23 36 45 1172 1822 2272 2273 2286 4323 
m3484 13 26 46 1313 1346 2313 2326 2346 
m3155 38 49 1938 1949 
m1642 21 22 23 30 36 40 46 1072 1073 1080 1090 1096 1121 1122 1123 1130 1136 1140 1146 1172 1173 1522 1523 1530 1546 1821 1822 1823 1830 1840 1846 2021 2022 2023 2030 2036 2040 2046 2321 2322 2323 2330 2340 2346 3696 4823 
m1266 22 23 30 36 40 46 1122 1123 1130 1136 1140 1146 1172 1173 1522 1523 1530 1540 1546 1822 1823 1830 1840 1846 2022 2023 2030 2036 2040 2046 2322 2323 2330 2336 2340 2346 3696 4823 
m2507 38 46 1938 1946 2346 
m693 40 46 2040 2046 2340 
m3424 23 30 38 46 1173 1180 1188 1523 1530 1538 1923 1930 1938 2323 2330 2338 2346 3673 4823 
m2039 22 23 36 40 46 49 1123 1136 1146 1199 1822 1823 1836 1840 1846 1849 2022 2023 2036 2040 2046 2049 2323 2336 2346 2349 3686 4346 4823 4836 
m2194 13 22 33 36 40 672 686 690 1113 1122 1133 1136 1140 1672 1686 1690 1822 2022 2036 3183 
m3069 36 40 46 49 1840 1846 1849 2036 2040 2046 2049 2340 2346 2486 2490 2496 4336 4346 4846 
m1664 23 30 1173 1180 1523 1530 3673 
m1578 22 23 36 41 1122 1123 1172 1173 1822 1823 1841 2072 2073 2091 3673 4586 
m3223 14 20 40 46 720 2014 2020 2046 2320 3246 
m2120 13 38 46 1913 1946 2313 
m2267 5 14 22 23 30 41 46 49 273 280 291 705 723 730 741 1123 1130 1172 1173 1180 1522 1523 1530 1541 2072 2073 2080 2305 2323 2330 2341 2346 2464 2496 2499 3673 4814 
m188 10 14 27 38 710 1360 1364 1388 1910 1914 1927 1938 
m1086 37 40 46 1890 2037 2040 2046 2337 2340 2346 4396 
m2918 23 24 40 46 1190 1240 1246 2023 2024 2040 2046 2340 3696 3723 
m1390 23 38 1923 
m3689 16 22 36 40 822 836 840 1116 1122 1136 1140 1822 2022 2036 
m2664 32 34 38 46 1632 1646 1732 1734 1746 1932 1934 1946 2332 
m2029 5 13 22 33 36 40 263 272 283 286 290 672 686 690 1122 1136 1140 1672 1686 1690 1822 2022 2036 3183 
m2363 23 36 41 1823 2073 3673 4323 4586 
m1724 36 37 40 46 1840 1886 1890 2036 2037 2046 2340 4346 4396 
m2146 22 23 36 40 1122 1123 1136 1140 1173 1823 2023 2036 3673 
m3561 22 44 46 1146 2222 2244 2246 2322 2344 2346 4846 
m1548 22 23 30 46 1122 1123 1146 1180 2330 2346 4823 
m2623 14 22 46 1114 2314 2322 2346 4814 
m3572 22 23 30 36 40 41 46 1122 1123 1130 1136 1140 1141 1146 1191 1522 1523 1530 1536 1540 1541 1546 1822 1823 1830 1836 1840 1841 1846 2022 2023 2030 2036 2040 2041 2046 2072 2080 2086 2090 2091 2341 3696 4323 
m2391 5 21 22 38 46 271 272 288 296 1121 1138 1146 1921 1946 2305 2321 2322 2338 2346 
m1914 8 32 37 46 49 408 437 446 449 1882 1896 2332 2346 2482 2487 2496 4396 
m3272 13 22 37 672 1872 4363 
m2938 5 22 36 38 40 46 49 286 296 299 1136 1138 1140 1146 1149 1836 1846 1849 1905 1936 1938 1946 1949 2036 2038 2046 2049 2346 2349 2455 2486 2496 2499 4836 
m3168 22 37 49 1122 1137 1149 1872 1899 2472 2487 2499 
m1237 46 
m1401 41 46 2091 2096 2341 
m511 23 36 38 41 46 49 1173 1823 1936 1938 1946 1949 2073 2086 2323 2336 2341 2486 2491 2496 3673 4323 
m3164 36 40 46 2036 2046 2336 2340 2346 4836 4846 
m951 36 40 41 1836 1840 2036 2086 2090 2091 4586 
m1609 22 23 30 46 1122 1123 1130 1146 1172 1173 1180 1196 1522 1523 1530 1546 2322 2323 2330 2346 3673 4823 
m177 22 32 46 1122 1132 1146 1632 2322 2332 2346 
m1030 22 38 46 1138 1146 1922 1938 1946 2322 2338 
m1147 23 1173 3673 
m3625 14 44 46 49 744 746 2344 2464 2494 2496 
m1546 40 45 46 2045 2046 2296 
m2393 23 40 2023 3673 
m2459 5 36 38 46 49 286 296 299 1849 1905 1936 1938 1946 2346 2349 2486 2499 4836 
m3295 
m1362 12 26 46 612 1312 1346 2312 2346 4812 
m127 22 30 36 40 41 49 1122 1130 1136 1140 1141 1536 1540 1822 1840 1841 2022 2036 2040 2041 2080 2086 2090 2472 2486 2490 
m3560 37 40 46 1890 2037 2040 2046 2337 2340 2346 4396 
m144 12 23 36 40 41 46 49 1162 1190 1196 1199 1812 1840 1846 1849 2012 2023 2036 2040 2041 2046 2062 2073 2086 2096 2099 2312 2323 2336 2341 2346 2462 2486 2490 2496 3146 3686 4312 4336 
m3 22 23 30 46 1122 1123 1130 1146 1180 1522 1523 1530 1546 2323 2330 
m1514 22 36 38 48 49 1136 1148 1149 1822 1836 1838 1848 1849 1922 1936 1948 1949 2422 2436 2438 2448 2449 2486 2498 
m2060 23 31 46 49 1196 1573 1596 2346 2473 2481 2496 2499 
m534 36 49 1836 1849 2486 2499 
m3177 22 37 40 46 1137 1146 2022 2037 2040 2046 2337 2346 4837 
m338 22 36 40 44 46 1136 1144 1146 1822 1836 1846 2022 2036 2044 2046 2236 2246 2322 2336 2344 2346 4346 4736 4836 4846 
m3462 46 2346 
m3266 22 26 44 46 1122 1144 1146 1322 1344 1346 2344 2346 
m395 37 40 46 1890 2037 2040 2046 2337 2340 2346 4396 
m3283 14 22 36 41 46 714 722 736 741 1822 1836 1841 2072 2314 2322 2336 2341 3236 4314 4586 4814 
m1424 36 40 46 49 1836 1840 1846 1849 2036 2040 2046 2049 2336 2340 2346 2349 2486 2490 2496 4346 
m2711 22 23 36 40 41 46 49 1123 1136 1141 1146 1191 1822 1823 1836 1840 1841 1849 2022 2023 2036 2040 2041 2046 2072 2073 2086 2090 2091 2322 2323 2336 2340 2341 2349 2472 2473 2486 2490 2491 4323 4336 4346 4836 
m2609 22 23 30 36 40 1122 1123 1130 1136 1140 1180 1830 2023 2030 2036 4323 
m3499 15 22 32 46 782 1115 1122 1132 1146 1615 1622 1632 1646 2315 2322 2332 2346 4815 
m3007 22 23 36 41 1123 1822 1823 2072 2073 3673 4323 4586 
m2569 22 30 40 46 1130 1146 2022 2030 2046 2322 2330 2346 
m3284 22 23 36 40 41 1122 1123 1136 1140 1141 1172 1173 1822 1823 1836 1840 2022 2023 2036 2040 2072 2073 2086 2090 3673 4586 
m2947 5 36 40 46 49 286 296 299 1836 1849 2005 2036 2046 2336 2346 2349 2486 2499 4836 
m1492 33 38 46 1696 1933 1946 2333 2346 
m1788 22 23 30 32 40 41 1140 1182 1523 1530 1532 2022 2023 2030 2032 2040 2072 2090 
m2975 6 23 1156 1173 
m3165 22 26 32 46 1126 1132 1146 1332 1346 1646 2326 2332 2346 
m1458 22 37 46 49 1872 2322 2346 2487 2496 4396 4837 
m3614 28 36 38 1438 1838 1928 1936 4328 
m3540 22 23 36 40 46 49 1172 1822 1823 1836 1849 2022 2023 2036 2040 2046 2049 2322 2323 2336 2349 2473 2486 3686 4336 4346 4836 
m1754 14 23 30 46 1514 1523 1546 2314 2323 2330 2346 3664 4814 4823 
m2465 14 32 38 40 41 46 738 740 741 746 1614 1638 1640 1641 1646 1941 1946 2090 2340 2341 
m3663 21 36 38 45 1095 1845 1921 1936 1945 3586 
m1206 12 13 22 32 36 40 49 632 682 699 1112 1113 1122 1132 1136 1140 1812 1813 1832 1836 1840 1849 2012 2013 2032 2036 2049 2462 2482 2486 3136 3162 3186 
m1383 5 15 38 40 46 755 1905 1915 1938 1940 1946 2005 2015 2038 2040 2046 2305 2315 2346 4815 
m2498 36 49 1836 1849 2499 
m2722 17 37 46 2337 3387 4817 
m2418 22 26 44 46 1122 1126 1144 1146 1346 2222 2226 2246 2322 2326 2344 2346 4846 
m530 5 36 38 46 49 286 296 299 1849 1905 1936 1946 2346 2349 4836 
m1794 14 32 36 44 46 736 1614 2214 2232 2236 2314 2332 2336 2344 4136 4846 
m922 23 26 34 36 46 1176 1184 1186 1196 1726 1746 1826 1846 2326 4334 
m1613 14 22 38 46 738 1114 1138 2314 2322 2338 2346 4814 
m2548 5 36 38 40 46 49 286 296 1805 1836 1838 1846 1849 1905 1936 1938 1946 1949 2036 2038 2046 2049 2346 2349 2455 2486 2496 4836 
m387 10 26 37 46 1310 1337 1346 1860 1896 2310 2346 4396 
m3670 22 36 37 40 49 1136 1137 1822 1836 1837 1840 1849 1886 2022 2036 2037 2040 2472 2486 2487 2490 2499 
m1158 32 46 1646 2332 2346 
m1969 22 23 36 40 41 1122 1123 1136 1140 1141 1172 1173 1822 1823 1836 1840 1841 2022 2023 2036 2040 2041 2073 2086 2090 3673 4586 
m2751 22 23 36 40 46 49 1123 1136 1140 1146 1149 1199 1822 1823 1836 1840 1849 2022 2023 2036 2040 2046 2049 2323 2336 2340 2349 3686 4336 4346 4836 
m2546 14 23 30 38 730 1180 1514 1523 1530 1914 1923 1930 3223 
m1910 22 30 36 49 1122 1136 1522 
m2744 
m2017 22 38 46 49 1122 1146 1149 1922 1938 1946 1949 2322 2346 2349 4846 
m327 36 37 40 41 1841 1886 1890 1891 2036 2041 2086 2087 2090 2091 
m2633 2 13 36 38 40 41 46 113 136 138 140 141 1813 1913 1936 1940 2013 2036 2063 2086 2088 2090 2302 2313 2336 2338 2340 2341 2346 
m632 23 45 1173 2273 3673 
m3557 30 46 49 2330 2349 2480 
m2618 22 23 36 41 1122 1123 1136 1141 1191 1841 2073 2091 4323 4586 
m3454 37 38 46 1937 1946 2337 
m3656 13 22 33 36 40 46 672 686 690 1113 1122 1133 1136 1140 1672 1686 1690 1822 2022 2036 2313 2322 2333 2336 2340 3183 
m3242 14 46 49 2314 2346 2464 2496 4814 
m2443 23 46 2323 2346 4823 
m863 10 36 41 46 536 541 546 1836 1841 2336 2341 4586 4836 
m3594 46 2346 
m2405 14 34 36 40 46 1714 1734 1736 1740 1746 1814 1836 1840 1846 2014 2036 2040 2046 2314 2346 4346 4814 4846 
m860 22 23 30 46 1122 1123 1130 1146 1523 1530 1546 2330 2346 3696 4823 
m115 38 45 1945 
m915 29 36 38 49 1488 1499 1829 1836 1838 1849 1936 1938 1949 2479 2486 2488 2499 
m2637 14 46 2346 3246 4814 
m1033 37 40 46 1890 2037 2040 2046 2337 2340 2346 4396 
m798 14 37 38 46 737 738 746 1888 1896 2338 
m2886 26 38 46 1926 1938 1946 2326 
m1248 30 32 36 46 1630 1830 1846 2330 2332 4332 
m2380 5 14 30 46 264 296 1505 1514 1546 2305 2314 2330 2346 4814 
m1084 26 41 46 1341 1346 2341 
m167 26 38 46 1338 1346 2338 2346 
m1363 13 22 38 49 699 1113 1122 1138 1149 1913 1938 1949 
m2397 32 46 1646 2332 2346 
m3326 23 30 45 46 1523 1545 1546 2273 2296 2345 2346 3696 4823 
m2083 32 36 38 46 49 1632 1636 1649 1849 1932 1936 1946 2332 2336 2349 
m1359 14 23 32 36 49 723 732 736 749 1182 1199 1636 1649 1849 3686 
m3341 14 37 3237 
m2258 22 36 37 40 46 1122 1136 1137 1140 1146 1822 1837 1840 1846 2022 2037 2040 2046 2322 2337 2346 4837 
m3537 22 30 32 36 46 49 1532 1536 1546 1549 1622 1636 1649 1822 1849 2322 2330 2332 2336 2346 2349 2472 4136 4336 4836 
m816 36 1836 
m89 8 23 30 38 46 423 430 1173 1180 1508 1523 1908 1923 1930 1946 2308 2323 2330 3673 
m1405 37 46 49 1899 2346 2349 2496 4396 4837 
m841 12 30 36 46 49 1512 1530 1546 1812 1830 1836 1846 1849 2346 2480 2496 2499 4812 
m2516 23 30 36 41 1173 1180 1186 1191 1523 1530 1536 1541 1823 1830 1836 1841 2073 2080 2091 3673 4323 4586 
m2735 22 37 46 1122 1137 1146 1896 2346 4837 
m3381 22 36 37 40 46 1136 1137 1140 1146 1840 1886 1890 1896 2036 2037 2040 2046 2336 2340 2346 4346 4837 
m1993 22 30 40 46 1122 1130 1140 1146 1530 1546 2022 2030 2040 2046 2322 2330 2340 2346 
m1532 22 36 40 41 45 46 1136 1140 1141 1146 2036 2046 2090 2096 2272 2286 2291 2296 4346 4586 
m1562 26 32 36 38 46 1332 1336 1346 1832 1926 1932 1936 1938 1946 2332 2336 2346 4836 
m1809 12 13 22 49 649 699 1112 1113 1149 3162 
m1239 22 23 41 1122 1123 1141 1172 2073 
m3338 26 39 46 1339 1346 2326 2339 4839 4846 
m1445 22 30 46 1122 1130 1146 2322 2330 2346 
m3705 22 23 36 41 1123 1136 1141 1172 1173 1186 1822 1823 2072 2073 2086 2091 3673 4586 
m1987 22 23 30 38 40 41 1140 1523 1530 1538 1923 1930 2022 2023 2030 2040 2072 2090 
m3107 22 23 36 40 46 49 1122 1123 1136 1146 1149 1199 1849 2022 2023 2036 2046 2336 2346 2349 3686 4823 4836 
m2585 36 40 46 49 1836 1840 1846 1849 2036 2040 2046 2049 2336 2340 2346 2349 2486 2490 2496 4346 
m77 22 44 46 1122 1144 1146 2222 2246 2322 2344 2346 4846 
m3585 22 38 46 1122 1138 1146 1922 1938 1946 2322 2338 2346 
m187 22 23 36 40 41 1122 1123 1136 1140 1141 1172 1173 1822 1823 1836 1840 1841 2022 2023 2036 2040 2041 2072 2073 3673 4586 
m3428 38 45 46 49 1938 1946 1949 2288 2296 2299 2349 
m923 5 13 22 38 263 272 288 663 1105 1113 1122 1138 1905 1913 1922 1938 
m1283 13 22 33 36 37 40 41 683 686 690 1113 1122 1133 1136 1140 1141 1690 1813 1822 1833 1836 1840 1872 1886 1887 2013 2022 2033 2036 2040 2063 2072 2086 
m3541 22 26 33 1122 1126 1133 1676 
m1899 9 23 30 46 1159 1509 1523 1546 2309 2323 2346 4823 
m1215 36 40 46 49 1836 1846 2036 2040 2046 2049 2336 2346 2349 2486 2496 4336 4836 
m1771 5 30 36 46 280 286 1536 1830 1836 2305 2330 2336 4836 
m2417 23 31 45 46 49 1195 1196 1573 1595 1596 2295 2323 2345 2346 2473 2481 2496 
m3589 32 36 38 46 1832 1932 1936 1938 1946 2332 2336 2346 4836 
m2444 22 38 46 1138 1146 1938 1946 
m1339 36 46 49 1849 2346 2349 2486 2499 4836 
m1028 36 38 1936 1938 
m3124 12 13 20 22 36 40 622 636 640 670 672 686 690 1012 1022 1036 1040 1822 1840 2022 2036 3162 3536 4336 
m1193 22 36 37 40 46 1122 1136 1137 1140 1146 1822 1837 1840 1846 1890 2022 2036 2037 2040 2046 2337 2340 2346 4346 4837 
m1055 22 23 30 46 1122 1123 1130 1146 1523 1530 1546 2330 2346 3696 4823 
m1388 40 45 46 2045 2046 2290 2295 2296 2340 2345 2346 
m208 12 32 36 38 46 1612 1646 1812 1912 1932 1936 1946 2312 2332 2336 2346 3146 4136 4346 4812 
m752 23 24 40 46 1190 1240 1246 2023 2024 2040 2046 2340 3696 3723 
m3241 22 23 30 36 40 46 1122 1123 1130 1136 1140 1146 1172 1173 1180 1186 1190 1522 1523 1530 1536 1540 1546 1823 1840 2022 2023 2030 2036 2040 2046 2322 2323 2330 2336 2340 2346 3696 4823 
m2745 6 14 23 32 36 706 723 732 736 1156 1182 1606 1636 1806 3686 
m1196 23 30 46 1180 1523 1530 1546 2330 4823 
m1888 8 46 49 408 446 449 2349 
m2128 33 45 1695 
m773 23 41 46 2073 2323 2341 3673 
m1773 5 37 46 255 1855 1887 1896 2305 2337 2346 4837 
m3536 23 30 36 41 49 1173 1180 1186 1199 1523 1530 1823 1830 1849 2073 2080 2086 2099 2473 2480 3673 
m3143 23 30 38 46 1188 1523 1530 1538 1546 1923 1930 1938 1946 2330 2338 2346 3696 4823 
m304 3 30 36 40 46 180 186 190 196 1830 2030 2036 2046 2330 4836 
m1563 26 32 36 38 46 1332 1336 1346 1832 1926 1936 1946 2332 2336 2346 4836 
m2137 14 46 714 746 2314 2346 4814 
m3304 22 23 36 41 1123 1136 1141 1191 1823 1841 2073 2091 3673 4323 4586 
m829 5 30 37 38 46 280 1855 1880 1896 1905 1930 1937 1946 2305 2330 
m335 26 27 46 1326 1327 1346 1376 1396 2326 
m3210 16 26 36 40 46 49 826 1826 2016 2036 2046 2316 2326 2346 2466 2486 2490 2496 3336 3346 4346 4836 
m2783 36 40 45 46 1836 1840 2036 2040 2046 2286 2290 2296 2340 4346 
m1138 22 23 30 1122 1123 1130 1173 1522 1523 3673 
m2111 36 40 46 49 1849 2036 2040 2046 2049 2336 2346 2349 4336 4836 
m2118 14 26 32 46 1314 1346 1626 1646 2314 2346 4814 
m2275 36 40 46 1836 1840 1846 2036 2040 2046 2336 2340 2346 4336 4346 
m1927 22 36 40 46 49 1136 1140 1146 1836 1846 2022 2036 2040 2046 2049 2336 2346 2349 2486 2496 4336 4836 
m3642 22 23 30 41 1122 1123 1130 1173 1523 1530 2072 2073 2080 3673 
m2164 5 13 33 46 263 283 296 696 2305 2313 2333 2346 3183 
m1078 23 40 46 2023 2040 2046 2323 2346 4823 
m396 22 23 1122 1123 1173 3673 
m2905 38 41 46 49 1938 1946 1949 2088 2096 2349 
m1533 13 22 36 45 46 1113 1136 2263 2286 2295 2296 2313 2322 2336 3186 
m1116 46 2346 4846 
m663 22 36 37 40 46 1122 1136 1140 1146 1822 1836 1837 1840 1846 1872 1896 2022 2036 2037 2040 2046 2322 2337 2346 4387 4396 4837 4846 
m1398 14 38 46 1914 1946 4814 
m3646 22 45 46 1122 1146 2272 2296 2322 2346 4846 
m175 23 30 46 1180 1523 1530 1546 2330 4823 
m3250 11 13 33 661 1661 4163 
m2216 14 714 
m1674 36 40 45 46 1845 2036 2045 2046 2336 2345 4836 4846 
m1128 32 44 46 1632 1644 1646 2344 
m471 8 36 408 2936 4308 
m104 22 23 36 1123 1136 1172 1173 1186 1822 1823 3673 
m1845 14 38 40 46 49 1914 1940 1946 1949 2014 2046 2049 2346 2464 2496 4814 
m3629 
m1622 22 23 36 40 41 46 1123 1136 1141 1146 1191 1822 1823 1836 1841 1846 2022 2023 2036 2040 2041 2046 2323 2336 2341 2346 3686 4341 4346 4823 
m1470 14 46 2314 2346 4814 
m555 14 22 33 722 1672 4164 
m403 22 30 36 40 41 1122 1130 1136 1140 1141 1522 1541 1840 2036 2040 2086 2090 
m1977 3 13 22 23 172 672 1163 1172 2663 3653 
m3262 36 48 49 1848 1849 2486 2498 2499 4336 
m1360 22 23 30 38 41 1123 1172 1173 1188 1522 1523 1530 1538 2072 2073 2080 2088 3673 
m2903 33 38 46 1688 1933 1938 1946 2338 4196 
m1407 22 37 40 46 1137 1140 1146 1890 2022 2037 2040 2046 2322 2337 2340 2346 4396 
m3630 30 40 46 2030 2046 2330 2340 2346 4846 
m2152 14 38 46 738 2314 2338 2346 4814 
m1978 22 23 30 1122 1123 1130 1172 1173 1180 1522 1523 1530 3673 
m1494 13 38 45 46 688 2263 2295 2296 2313 2338 2346 3196 
m2521 22 23 36 40 1122 1123 1136 1140 1173 1186 1190 1823 1836 2022 2023 2036 2040 3686 4323 
m3218 22 46 1122 1146 2322 2346 
m2723 13 20 22 36 38 40 672 686 690 1013 1020 1022 1036 1038 1040 1122 1136 1140 1822 1913 1922 1936 2022 2036 
m2095 46 2346 
m1517 14 32 36 46 732 736 746 1832 2332 2336 2346 3246 4836 
m1302 22 23 36 40 46 49 1172 1822 1823 1836 1849 2022 2023 2036 2040 2046 2049 2322 2323 2336 2349 2473 2486 3686 4336 4346 4836 
m2270 45 
m711 23 46 2346 4823 
m2537 22 1122 
m919 32 33 36 1632 1633 1636 1683 1686 1833 1836 4136 4186 4333 4336 
m2563 44 46 2344 2346 
m1282 38 41 46 49 1938 1946 1949 2088 2096 2099 2341 2346 2349 
m1715 5 45 255 295 2255 2295 
m990 22 23 30 36 39 41 1123 1130 1139 1141 1522 1523 1822 1823 1830 1839 1841 1972 1973 1980 1991 2072 2073 2080 2086 2089 2091 3673 4586 
m3609 22 23 36 40 41 1122 1123 1136 1140 1141 1172 1173 1822 1823 1836 1840 1841 2022 2023 2036 2040 2041 2073 2086 2090 3673 4586 
m3344 23 36 40 41 46 1191 1823 1836 1840 1841 1846 2023 2036 2040 2041 2046 2323 2336 2341 2346 3686 4341 4346 4823 
m989 14 36 714 3236 
m1104 28 
m1429 22 37 40 46 1872 2022 2037 2040 2046 2322 2337 2340 2346 4396 
m3397 20 48 2420 
m3558 13 38 1913 1938 
m2770 14 22 26 37 39 722 737 1314 1322 1337 1339 1872 1964 1972 1987 
m487 36 45 1845 
m1002 14 22 40 46 746 1114 1146 2014 2046 2346 
m3286 22 23 36 40 1122 1123 1136 1140 1173 1186 1190 1822 1823 1836 1840 2022 2023 2036 2040 3673 4323 
m3226 23 30 38 41 1173 1180 1523 1923 1930 1938 1941 2073 2080 2088 2091 3673 
m3706 22 23 30 36 41 1123 1130 1136 1141 1186 1191 1523 1536 1841 2073 2080 2091 3673 4323 4586 
m2671 5 13 26 33 41 46 655 696 1305 1313 1326 1333 1341 1346 1655 1676 1691 1696 2055 2063 2096 2305 4163 
m848 23 26 30 38 40 46 1180 1323 1330 1338 1346 1923 1930 1938 1946 2023 2026 2030 2038 2046 2330 4823 
m2529 5 13 22 26 33 36 40 655 1113 1122 1126 1133 1136 1140 1305 1313 1333 1655 1663 1683 1805 1813 1826 1833 1840 2005 2013 2026 2033 4163 
m346 23 30 33 46 1180 1523 1530 1533 1546 1680 2323 2330 2333 2346 4173 4823 
m2913 22 23 30 46 49 1122 1123 1130 1146 1149 1172 1173 1180 1522 1523 1530 1549 2322 2323 2330 2349 2472 2473 2480 3673 4823 
m69 23 26 32 46 1182 1323 1332 1346 2323 2332 
m2747 5 37 46 287 1855 2305 2337 
m1801 22 36 37 40 46 1122 1136 1137 1140 1146 1822 1836 1837 1840 1846 1872 1896 2022 2036 2037 2040 2046 2322 2337 2346 4387 4396 4837 4846 
m587 23 30 36 40 46 1180 1823 1830 1836 1846 2023 2030 2036 2040 2046 2323 2330 2336 2346 4323 4346 4823 4836 
m3306 23 46 2346 4823 
m1962 13 22 33 36 40 672 1113 1122 1133 1136 1140 1672 1813 1822 1833 1840 2013 2022 2033 4163 
m1199 33 38 40 46 1690 1696 1933 1938 1940 1946 2333 2338 2340 2346 
m961 13 22 33 36 38 40 1113 1122 1133 1136 1138 1140 1813 1833 1838 1840 1913 1933 2013 2033 2038 4163 
m3700 22 44 45 46 1146 2272 2294 2296 2344 2346 4846 
m3254 23 24 40 46 1190 1240 1246 2023 2024 2040 2046 2340 3696 3723 
m1893 23 36 41 49 1191 1823 1836 1841 1849 2473 2486 2491 3686 4323 4336 4341 
m3461 16 36 3336 
m1198 36 37 38 40 46 49 1837 1849 1936 1937 1940 1946 2036 2037 2046 2049 2336 2337 2349 2487 
m3554 
