m1316 37 46 4837 
m2372 14 22 46 1114 2314 2322 2346 4814 
m1679 22 23 24 38 40 46 1123 1146 1190 1222 1240 1246 1923 1924 1938 1940 1946 2022 2023 2024 2040 2046 2340 3696 3723 
m839 22 24 1124 
m430 36 40 46 1836 1840 1846 2036 2040 2046 2336 2340 4846 
m1911 22 23 36 41 1123 1136 1141 1173 1186 1191 3673 3686 4341 
m2953 28 36 1828 1836 
m2925 14 38 40 738 1914 1938 1940 2014 2038 2040 
m1565 22 23 46 49 1122 1123 1146 1149 1196 1199 2322 2323 2346 2349 4846 
m419 5 13 27 38 46 263 296 1355 1363 1396 1905 1913 1927 1946 2313 2346 4813 
m2035 22 23 36 40 1123 1136 1173 1186 1190 1836 1840 2036 3673 3686 
m1034 22 23 30 40 46 1123 1130 1146 1180 1523 1530 1546 2022 2023 2030 2046 2322 2323 2330 2340 2346 4823 
m655 46 49 2346 2349 4846 
m2811 26 39 41 1339 1341 1991 2091 
m1713 23 36 41 49 1191 1823 1836 1841 1849 2473 2486 2491 3686 4323 4336 4341 
m2589 22 23 36 38 40 41 46 1136 1138 1140 1146 1923 1936 1940 1946 2022 2023 2036 2038 2046 2072 2090 2323 4323 4836 
m1055 23 30 46 49 1180 1523 1530 1546 2330 2346 2480 2496 4823 
m472 14 36 41 46 714 736 741 1836 1841 2091 2314 2336 2341 3236 4314 4586 4814 
m2008 14 714 
m754 12 30 45 46 49 645 1512 1530 1545 1546 2295 2345 2346 2480 2496 2499 4812 
m1149 37 39 40 46 49 1890 1899 1987 1990 1999 2340 2490 2496 4396 4496 
m417 14 20 40 46 49 720 2014 2020 2046 2049 2314 2320 2346 2349 2464 2470 2496 4814 
m2281 22 36 41 1122 1136 1141 1841 2091 4586 
m3138 46 2346 
m587 33 34 38 40 46 1690 1696 1733 1734 1738 1746 1933 1938 1940 1946 2333 2338 2340 2346 
m3113 44 46 49 2246 2249 2344 2346 2349 
m1623 22 23 30 36 40 41 46 1122 1123 1130 1136 1140 1141 1146 1190 1522 1523 1530 1536 1540 1546 1840 2023 2036 2040 2072 2073 2080 2086 2090 2096 2323 2330 2340 3686 4836 
m1032 13 38 46 1913 1946 2313 2346 4813 
m540 22 23 36 40 1122 1123 1136 1140 1173 1822 1823 1840 2022 2023 3673 
m428 23 30 46 1180 1196 2323 2330 2346 3673 4823 
m2162 14 46 49 2314 2346 2464 2496 4814 
m2647 32 46 1646 
m901 12 14 46 712 2314 2346 3146 3246 4812 
m2311 22 23 30 46 1122 1123 1130 1146 1180 1523 1530 1546 2330 2346 4823 
m1268 5 15 38 40 46 755 1905 1915 1938 1940 1946 2005 2015 2038 2040 2046 2305 2315 2346 4815 
m784 22 37 46 49 1122 1137 1146 1899 2346 2349 2496 4396 4837 
m3004 37 41 46 1891 2087 2091 2096 2341 4396 
m2577 14 22 41 46 722 2064 2072 2096 2314 2322 2341 2346 4814 
m1912 36 40 46 49 1849 2036 2040 2046 2049 2336 2346 2349 4336 4836 
m478 5 36 38 46 49 286 296 299 1849 1905 1936 1946 2346 2349 4836 
m2995 17 40 46 896 2017 2046 2346 3396 
m1878 37 38 46 1888 1896 2337 2338 2346 
m566 22 46 1122 1146 2322 2346 4846 
m1020 23 32 36 46 49 1199 1623 1636 1649 1823 1836 1846 1849 2323 2332 2336 2346 2349 3686 4332 
m1758 36 49 1836 1849 2486 2499 
m2015 22 23 30 36 40 46 1122 1123 1130 1136 1140 1146 1180 1522 1523 1530 1536 1540 1546 1822 1823 1830 1836 1840 1846 2022 2023 2030 2036 2040 2046 2322 2323 2330 2340 4823 4846 
m2043 13 46 2313 
m1725 37 46 1896 2337 2346 4846 
m983 37 40 46 1890 2037 2040 2046 2337 2340 2346 4396 
m3000 13 38 1913 1938 
m2151 5 36 46 49 286 296 299 1836 1849 2305 2336 2346 2349 2455 2486 2496 4836 4846 
m1380 40 45 46 2290 2296 2340 2346 
m2458 22 36 40 1122 1136 1140 2036 
m3221 13 38 1913 1938 
m1452 37 41 46 49 1891 2337 2341 2346 2349 2487 2491 2496 4396 
m738 34 38 40 46 1734 1934 2034 2038 2040 2046 2334 2338 2346 
m1469 22 30 36 1522 1536 1822 
m1870 11 13 22 33 36 40 563 572 583 586 590 672 686 690 1113 1122 1133 1136 1140 1672 1686 1690 1822 2022 2036 3183 
m2540 46 2346 4846 
m1716 22 23 1122 1123 1172 1173 3673 
m536 41 46 2341 
m1731 22 23 30 32 36 40 46 1122 1123 1130 1132 1136 1140 1146 1172 1173 1522 1523 1530 1546 1622 1623 1630 1640 1646 1822 1823 1830 1832 1840 1846 2022 2023 2030 2032 2036 2040 2046 2322 2323 2330 2332 2336 2340 2346 3696 4823 
m2131 5 23 26 32 46 1155 1182 1305 1323 1332 1346 1605 2305 2332 2346 4823 
m3305 22 23 30 46 1122 1123 1130 1146 1523 1546 2323 3673 4823 
m1308 3 14 703 714 
m470 22 23 36 40 41 1122 1123 1136 1140 1173 1186 1190 1823 1836 2022 2023 2036 2040 2072 2073 2086 2090 2091 3686 4323 
m2193 30 36 40 46 1830 2030 2036 2330 2336 2340 2346 4836 
m1567 12 22 36 40 41 45 46 49 636 640 641 645 649 1145 1822 1836 1840 1841 1845 2012 2022 2036 2040 2041 2045 2046 2049 2072 2095 2272 2295 2336 2340 2349 2486 2490 2491 2495 3136 4336 4812 
m2093 22 37 40 46 1137 1146 1890 2022 2037 2040 2046 2322 2337 2340 2346 4396 
m1449 13 17 46 2313 2317 3363 
m2836 14 23 40 46 49 1196 2014 2023 2046 2049 2464 2473 2496 3664 4814 
m3081 20 48 2420 
m3070 22 36 38 40 46 1136 1140 1146 1838 1946 2036 2038 2040 2046 2336 2338 2340 2346 4346 
m2920 22 23 30 38 1122 1123 1130 1138 1173 1180 1523 1922 1923 1930 1938 3673 
m829 5 13 22 38 263 272 288 663 1105 1113 1122 1138 1905 1913 1922 1938 
m77 22 
m1125 22 23 30 36 40 1122 1123 1130 1136 1140 1172 1173 1180 1186 1190 1522 1523 1536 1540 1822 2022 2023 2036 3673 3686 4323 4336 
m2266 36 37 46 1837 2336 2337 4336 4337 
m850 14 38 46 1914 1946 2314 2346 4814 
m924 14 26 38 726 1914 1926 1938 
m2270 13 22 33 36 40 1113 1122 1133 1136 1140 1686 1690 1813 1840 2013 4163 
m2728 21 23 36 1071 1073 1821 4321 4323 4336 
m3074 6 14 32 36 314 332 732 1806 1814 1832 
m207 14 22 40 46 714 722 740 746 1114 1140 1146 2014 2046 2314 2340 2346 3246 4814 
m1928 33 45 1695 
m1273 22 23 36 40 41 1172 1822 1841 2022 2023 2036 2041 2072 2073 4323 4336 4586 
m1086 22 36 37 40 46 1122 1136 1137 1140 1146 1822 1837 1840 1846 1890 2022 2036 2037 2040 2046 2337 2340 2346 4346 4837 
m3031 13 22 672 1113 1122 
m1334 22 37 46 49 1872 2322 2346 2487 2496 4396 4837 
m75 30 38 46 1930 1938 1946 2330 2346 
m3238 22 23 36 40 41 1122 1123 1136 1140 1141 1172 1173 1186 1822 1823 1836 1840 1841 2022 2023 2036 2040 2041 2072 2073 2086 2090 3673 4586 
m2862 14 33 46 1664 1696 2314 2346 4196 4814 
m1824 34 45 2284 
m1974 5 23 32 36 46 273 282 286 1623 2305 2323 2332 2336 2346 4323 4332 4823 4836 
m185 36 38 1936 
m3030 3 23 30 36 49 180 186 199 1153 1180 1199 1549 1830 1849 3686 
m1939 2 26 46 126 2302 2326 
m5 14 38 40 46 49 1914 1938 1940 1946 1949 2014 2046 2049 2346 2464 2496 4814 
m1991 22 32 37 38 46 49 1132 1137 1146 1637 1646 1922 1938 1946 1949 2332 2337 2346 2472 2487 2496 4837 
m1494 22 26 38 46 1146 1322 1346 1922 1926 1946 2346 
m1173 13 33 663 683 1663 1683 3183 4163 
m2873 36 
m2230 22 23 37 46 1123 1137 1146 2323 2337 3687 4837 4846 
m3271 32 36 40 46 1832 2032 2036 2332 2336 2340 2346 4136 4336 4836 
m2404 45 
m2465 12 14 22 45 46 49 645 712 745 1112 1114 1146 2314 2345 2346 2462 2464 2472 2496 3146 3246 4812 
m1764 30 36 38 46 1830 1930 1936 1946 2330 2336 2346 4836 
m2974 22 23 36 40 1122 1123 1136 1140 1173 1186 1190 1822 1823 1836 1840 2022 2023 2036 2040 3673 4323 
m3111 14 40 46 714 740 746 2014 2046 2314 2340 2346 4814 
m3220 36 41 1836 1841 2086 2091 4586 
m1879 13 46 2313 
m2168 5 21 22 38 46 271 272 288 296 1121 1138 1146 1921 1946 2305 2321 2322 2338 2346 
m2037 22 36 40 41 1122 1136 1140 1141 1822 1836 1840 1841 2022 2036 2040 2041 2072 2086 2090 
m1722 38 49 1938 1949 2488 2499 
m1038 37 45 46 2287 2296 2337 2346 4837 
m66 13 33 40 690 1690 4163 
m467 22 23 30 41 1123 1130 1141 1172 1173 1180 1191 1522 1523 1541 2072 2073 2080 2091 3673 
m2243 39 40 41 46 1990 1991 1996 2040 2046 2090 2096 
m870 22 40 46 1146 2046 2322 2340 2346 
m1516 32 46 2332 
m2211 22 38 46 1138 1146 1922 1938 1946 
m3005 22 36 40 46 49 1136 1140 1146 1840 1846 2022 2036 2040 2046 2049 2336 2340 2346 2349 2486 4836 
m78 32 36 46 49 1632 1636 1649 1849 2332 2336 2349 
m462 23 36 38 41 46 49 1173 1823 1936 1938 1946 1949 2073 2086 2323 2336 2341 2486 2491 2496 3673 4323 
m35 36 46 2336 2346 4836 
m1695 32 33 36 1632 1633 1636 1683 1686 1833 1836 4136 4186 4333 4336 
m1503 38 1938 
m1865 
m871 22 36 40 1122 1136 1140 2036 
m2460 30 38 46 1930 1946 2330 2338 2346 
m866 13 22 33 36 38 40 1113 1122 1133 1136 1138 1140 1813 1833 1838 1840 1913 1933 2013 2033 2038 4163 
m668 22 23 36 40 41 46 1122 1136 1140 1141 1186 1190 1191 1196 1823 1836 1840 1841 1846 2023 2036 2040 2041 2046 2072 2073 2086 2090 2091 2096 2336 2340 2341 3686 
m108 13 22 44 46 694 1113 1146 2313 2344 
m2749 11 13 22 36 38 40 563 572 586 588 590 1113 1136 1138 1140 1813 1840 1913 1936 1940 2013 
m1568 36 37 40 46 1840 1886 1890 2036 2037 2046 2340 4346 4396 
m1976 22 37 38 46 49 1137 1146 1149 1899 1922 1937 1938 1946 1949 2322 2337 2338 2346 2349 4396 
m1122 22 23 32 36 40 46 49 1122 1123 1132 1136 1140 1146 1149 1172 1173 1182 1186 1190 1196 1199 1622 1623 1632 1636 1640 1646 1822 1823 1832 1836 1840 1846 1849 2022 2023 2032 2036 2046 2049 2322 2323 2332 2336 2346 2349 2472 2473 2482 2486 2490 2496 3673 3686 3696 4323 4346 
m1714 23 36 41 49 1191 1823 1836 1841 1849 2473 2486 2491 3686 4323 4336 4341 
m3198 22 37 46 49 1137 1146 1899 2346 2349 2496 4396 4837 
m1780 13 22 33 36 40 672 1113 1122 1133 1136 1140 1672 1813 1822 1833 1840 2013 2022 2033 4163 
m324 36 46 1846 2336 2346 4836 
m1091 36 37 38 40 46 49 1837 1849 1936 1937 1940 1946 2036 2037 2046 2049 2336 2337 2349 2487 
m2269 13 30 680 1530 
m2715 23 30 38 1180 1188 1523 1538 1938 3673 
m2174 5 13 22 26 33 36 40 263 272 283 286 290 672 686 690 1113 1122 1133 1136 1140 1305 1313 1322 1333 1336 1340 1655 1663 1672 1683 1686 1690 1822 2022 2036 3183 
m94 38 45 1945 
m2208 28 36 46 1828 1836 2328 2336 4846 
m771 38 40 41 46 1940 1941 1946 2090 2340 2341 
m2478 14 36 40 46 1814 1846 2014 2036 2040 2046 2314 2346 4346 4814 4846 
m133 22 23 36 41 1123 1136 1141 1186 1823 2072 2073 2086 2091 3673 4586 
m2152 14 36 38 46 49 714 736 738 746 749 1814 1846 1849 1914 1936 1946 1949 2314 2336 2338 2346 2349 2464 2486 2496 4814 
m3358 22 23 30 36 41 1123 1130 1136 1141 1186 1191 1523 1536 1841 2073 2080 2091 3673 4323 4586 
m2298 22 23 30 36 40 46 49 1122 1123 1130 1136 1140 1146 1180 1523 1530 1536 1540 1546 1822 1823 1830 1840 1846 2022 2023 2030 2036 2046 2322 2323 2330 2336 2340 2346 2472 2486 2490 2496 4336 4346 4823 4846 
m2884 22 23 36 40 41 1122 1123 1136 1140 1141 1173 1822 1823 1836 2022 2023 2036 2072 2073 2086 2090 2091 3673 4323 4586 
m1578 45 
m2224 23 36 40 46 49 1190 1823 1840 1846 1849 2323 2340 2349 2473 
m2420 30 38 41 46 1930 1941 1946 2080 2330 2338 2341 2346 
m479 39 
m2697 13 45 46 2263 2295 2296 2313 2346 3196 
m1309 44 46 2344 2346 
m886 
m1812 13 22 40 46 1113 1140 2013 2313 2322 2340 2346 
m2918 23 30 38 41 1173 1180 1523 1923 1930 1938 1941 2073 2080 2088 2091 3673 
m2990 13 38 1913 1938 
m1294 
m2834 36 38 40 41 1838 1841 1941 2036 2038 2041 
m3240 14 22 46 714 722 746 2322 3246 
m3343 22 36 40 46 49 1136 1140 1146 1822 1840 1846 2022 2036 2040 2046 2049 2322 2336 2340 2346 2349 2472 2486 2490 2496 4836 
m581 22 30 36 40 41 49 1122 1136 1140 1141 1149 1536 1540 1822 1840 1841 2022 2036 2040 2041 2080 2086 2090 2472 2486 2490 
m3134 14 26 46 726 746 1314 1326 1346 2326 2346 4814 
m1498 22 23 30 36 40 46 1122 1123 1130 1136 1140 1146 1172 1522 1523 1530 1536 1540 1822 1823 1830 1836 1840 1846 2022 2023 2030 2036 2040 2046 2322 2323 2330 2336 2340 3673 3686 4323 4823 
m1562 14 22 44 46 1114 1144 1146 2214 2246 2314 2322 2344 2346 3246 4846 
m1653 46 2346 
m3080 46 
m1661 22 37 40 46 1122 1137 1146 2022 2037 2040 2046 2322 2337 2346 4837 
m2441 22 45 46 1145 1146 2296 
m739 13 22 32 36 38 40 672 686 690 1113 1122 1136 1140 1613 1622 1636 1640 1822 1913 1922 1932 1936 2022 2036 
m1271 36 38 40 41 46 1840 1846 1936 1938 1940 1941 1946 2036 2038 2040 2041 2046 2090 2096 2340 2346 4346 4586 
m1537 36 38 40 46 1840 1846 1936 1940 1946 2036 2046 2340 
m1366 22 36 40 41 46 1136 1140 1141 1146 1822 1836 1841 2022 2036 2041 2046 2072 2086 2090 2091 2096 2322 2336 2340 2341 2346 4346 4586 4836 
m2212 23 46 2323 2346 4823 
m3129 26 39 46 1326 1339 1346 1976 2326 4496 
m984 32 36 46 49 1832 1849 2332 2336 2346 2349 2482 4332 4336 4836 
m2623 28 36 38 46 1828 1836 1928 1936 1938 1946 2328 2336 
m1426 26 32 36 38 46 1332 1336 1346 1832 1926 1932 1936 1938 1946 2332 2336 2346 4836 
m2719 13 22 36 38 40 45 1113 1136 1138 1140 1145 1813 1840 1913 1936 1940 2013 2263 2286 2288 2290 
m3083 46 
m1158 14 45 46 2264 2296 2314 2346 4814 
m1968 23 30 36 41 1523 1536 1823 2073 2080 3673 4323 4586 
m2186 22 23 30 36 40 46 1122 1123 1130 1136 1140 1146 1180 1522 1523 1530 1536 1540 1546 1822 1823 1830 1836 1840 1846 2022 2023 2030 2036 2040 2046 2322 2323 2330 2340 4823 4846 
m497 14 22 33 722 1672 4164 
m86 26 41 46 1341 1346 2341 
m1243 36 49 1836 1849 2499 
m1495 21 22 23 30 36 40 46 1072 1073 1080 1090 1096 1121 1122 1123 1130 1136 1140 1146 1172 1173 1522 1523 1530 1546 1821 1822 1823 1830 1840 1846 2021 2022 2023 2030 2036 2040 2046 2321 2322 2323 2330 2340 2346 3696 4823 
m1712 22 23 30 36 40 41 1123 1136 1141 1172 1186 1190 1191 1522 1523 1536 1540 1541 2022 2023 2036 2041 2086 3673 3686 4336 4586 
m3012 22 46 1122 1146 
m631 36 46 48 49 1846 1848 1849 2336 2348 2486 2496 2498 2499 4336 
m1752 23 36 40 41 46 49 1191 1836 1841 2023 2036 2041 2323 2336 2340 2341 2349 2473 2486 2490 2491 2496 2499 3686 4323 4336 4836 
m526 23 30 36 40 46 1180 1823 1830 1836 1846 2023 2030 2036 2040 2046 2323 2330 2336 2346 4323 4346 4823 4836 
m2658 23 45 1173 2273 3673 
m1143 36 38 40 46 49 1936 1938 1940 1946 2036 2046 2049 2346 2349 2486 4836 
m2588 27 36 41 46 1386 1391 1396 1841 2336 2341 2346 4836 
m89 22 23 30 36 40 41 1123 1173 1180 1186 1190 1191 1830 2023 2030 2036 2040 2041 2073 2080 2086 2090 3673 4323 
m1858 14 23 30 38 40 730 1180 1514 1523 1530 1540 1914 1923 1930 1940 2014 2023 2030 3223 
m2941 11 13 33 661 1661 4163 
m2606 26 38 46 1926 1938 1946 2326 
m2305 5 36 38 40 46 49 286 296 1805 1836 1838 1846 1849 1905 1936 1938 1946 1949 2036 2038 2046 2049 2346 2349 2455 2486 2496 4836 
m914 36 38 46 49 1849 1936 1946 1949 2336 2338 2346 2349 2486 2496 
m2429 22 44 46 1146 2322 2344 2346 4846 
m1280 8 46 49 408 446 449 2349 
m3295 22 23 30 37 40 46 1122 1123 1130 1137 1146 1172 1187 1522 1523 1530 1537 1546 1872 2022 2023 2030 2037 2040 2046 2322 2323 2330 2346 3696 4396 4837 
m3225 32 36 38 40 46 1832 1932 1936 1946 2032 2036 2038 2046 2332 2336 2346 4836 
m3099 14 46 2314 2346 4814 
m2508 32 36 38 46 49 1632 1636 1649 1849 1932 1936 1938 1946 1949 2332 2336 2346 2349 
m6 37 
m3307 22 45 46 1122 1146 2272 2296 2322 2346 4846 
m2952 36 48 49 1848 1849 2486 2498 2499 4336 
m2798 22 36 40 46 49 1136 1140 1146 1149 1822 1836 1840 1846 1849 2022 2036 2040 2046 2049 2322 2336 2340 2346 2349 2486 2490 2496 4346 
m2081 23 
m548 22 44 46 1146 2222 2244 2246 2344 2346 4846 
m1333 21 22 23 36 41 1121 1122 1123 1171 1172 1173 1821 1822 1823 2071 2072 2073 3673 4586 
m3355 14 36 40 46 1814 1840 1846 2014 2036 2040 2046 2314 2346 4346 4814 4846 
m62 22 44 46 1122 1144 1146 2222 2246 2322 2344 2346 4846 
m1089 23 30 46 1180 1523 1530 1546 2330 4823 
m1745 32 1632 
m1489 36 40 46 1840 1846 2036 2040 2046 2346 4346 
m1211 14 22 46 714 746 1114 1146 2314 2346 3246 4814 
m686 46 2346 4846 
m2075 5 36 46 49 286 296 299 1836 1846 1849 2336 2346 2349 2486 2496 4336 4836 
m2289 13 22 36 40 1113 1122 1136 1140 1813 1840 2013 
m2157 36 37 40 46 1837 1846 2036 2037 2040 2046 2337 2346 4346 4837 
m3116 15 27 38 41 45 46 777 1915 1938 1941 1946 2065 2077 2088 2096 2288 2291 2296 2315 2327 2346 
m188 17 22 46 1117 1122 1146 2346 4817 
m783 23 30 36 40 41 1173 1180 1186 1190 1523 1536 1540 1823 1830 1840 2023 2036 2073 2086 3673 4336 
m3001 23 36 3686 
m2349 14 46 714 3246 
m1139 32 36 40 41 46 1640 1641 1646 1846 2032 2036 2040 2041 2046 2096 2332 2336 2340 2341 2346 4136 4586 
m1957 23 30 44 46 1194 1523 1544 2330 2344 2346 4823 
m104 22 23 36 46 1123 1136 1146 2323 4323 4836 
m1608 5 36 46 49 286 296 299 1849 2346 2349 2499 4836 
m130 12 22 36 40 46 49 636 1112 1136 1146 1149 1812 1836 1846 2022 2036 2040 2046 2312 2336 2346 2349 2462 2486 2496 3136 4336 4812 4836 
m3344 22 23 30 36 37 40 41 46 49 1123 1130 1137 1141 1146 1190 1191 1523 1537 1540 1541 1546 1822 1823 1830 1836 1837 1840 1846 1873 1890 1891 1896 2022 2030 2036 2037 2040 2041 2046 2086 2091 2099 2340 2341 2346 2486 2490 2496 2499 4396 4823 
m1313 22 23 36 40 41 46 49 1122 1123 1136 1140 1141 1191 1822 1823 1836 1840 1841 1849 2022 2023 2036 2040 2041 2046 2072 2073 2086 2090 2091 2322 2323 2336 2340 2341 2349 2472 2473 2486 2490 2491 4323 4336 4346 4836 
m223 14 23 30 46 714 723 730 746 1180 2314 2323 2330 2346 3223 4814 4823 
m1801 22 23 30 38 40 41 1140 1523 1530 1538 1923 1930 2022 2023 2030 2040 2072 2090 
m1680 22 23 46 49 1122 1146 1149 1172 1199 2322 2346 2349 3696 4823 
m1255 14 46 2314 2346 4814 
m398 33 45 46 1695 2283 2295 2333 2345 
m1807 11 13 14 37 563 564 587 737 1863 1864 3213 4363 4387 
m698 22 23 30 36 40 41 1123 1130 1136 1141 1173 1186 1191 1523 1536 1541 1836 2022 2023 2030 2036 2041 2073 2080 2086 2091 3673 3686 4323 4586 
m2357 13 26 38 40 46 690 1313 1346 1913 1926 1938 1946 2313 2340 2346 
m1235 36 
m3246 22 23 46 49 1123 1146 1196 2472 2473 2496 
m3109 38 45 46 49 1938 1946 1949 2288 2296 2299 2349 
m2410 26 46 1346 
m1854 14 22 32 46 49 732 749 1114 1132 1146 1649 2314 2332 2346 2349 4814 
m318 10 26 32 46 526 532 546 1310 1326 1332 1346 1610 1626 1632 1646 2310 2326 2332 2346 
m210 14 22 31 36 46 731 736 1114 1136 1146 1846 2314 2331 2346 3246 4331 4836 
m12 14 23 30 36 40 46 730 1180 1814 1823 1830 1846 2014 2023 2030 2036 2040 2046 2314 2323 2330 2346 3223 4346 4814 4823 
m956 22 23 30 46 1122 1123 1130 1146 1523 1530 1546 2330 2346 3696 4823 
m2945 23 24 40 46 1190 1240 1246 2023 2024 2040 2046 2340 3696 3723 
m2768 22 23 36 40 46 49 1123 1136 1140 1146 1149 1190 1822 1840 2023 2036 2040 2046 2049 2322 2336 2340 2346 2472 2473 2486 2496 3696 4323 4346 4823 
m946 22 36 46 1136 1146 1846 2322 2336 4846 
m3371 33 44 49 1694 1699 2494 
m2072 22 36 41 49 1122 1136 1141 1149 1841 1849 2486 2491 4336 
m2717 22 23 36 41 1123 1822 1823 2072 2073 3673 4323 4586 
m310 22 23 27 41 45 1122 1123 1127 1141 1145 1195 1372 1391 2073 2095 
m1864 14 46 49 2314 2346 2464 2496 4814 4846 
m3330 22 36 37 40 49 1136 1137 1822 1836 1837 1840 1849 1886 2022 2036 2037 2040 2472 2486 2487 2490 2499 
m803 22 23 30 46 49 1122 1123 1130 1146 1149 1172 1173 1180 1199 1522 1523 1530 1549 2322 2323 2330 2349 2472 2473 2480 3673 4823 
m1477 14 23 38 46 49 1196 1914 1923 1946 1949 2464 2473 2496 3664 4814 
m2257 36 49 1836 1849 2499 
m1146 22 23 41 1122 1123 1141 1173 2072 2073 3673 
m2366 14 46 714 746 2314 2346 4814 
m131 14 36 46 714 736 1836 2314 2336 2346 3236 4814 4836 
m2355 36 38 40 46 49 1836 1838 1840 1846 1849 1938 2036 2038 2040 2046 2049 2336 2338 2340 2346 2349 2486 2488 4336 4346 4836 
m2661 26 40 46 2026 2046 2326 
m3311 22 23 30 36 40 46 49 1122 1123 1130 1136 1140 1146 1149 1172 1173 1180 1186 1190 1199 1522 1523 1530 1536 1540 1546 1549 1823 1840 2022 2023 2030 2036 2040 2046 2322 2330 2336 2340 2346 2349 2472 2473 2480 2486 2490 2496 3696 4823 
m661 36 40 41 46 49 1841 2036 2040 2046 2336 2341 2346 2349 2486 2491 2496 4346 4836 4846 
m2923 22 36 40 41 46 1136 1141 1146 2022 2036 2041 2046 2086 2096 2336 
m2832 22 23 30 36 40 41 46 1122 1123 1130 1136 1140 1141 1146 1180 1522 1523 1530 1536 1540 1546 1822 1823 1830 1836 1840 1846 2022 2023 2030 2036 2040 2046 2072 2086 2090 2091 2322 2323 2330 2340 4823 4846 
m2488 22 23 36 40 46 49 1123 1136 1140 1146 1149 1199 1822 1823 1836 1840 1849 2022 2023 2036 2040 2046 2049 2323 2336 2340 2349 3686 4336 4346 4836 
m2525 33 36 38 46 49 1683 1686 1688 1696 1699 1833 1846 1933 1936 1946 1949 2333 2336 2338 2346 2349 2483 2486 2496 4833 
m2913 22 23 46 1123 1146 1196 2322 2323 4846 
m357 37 40 46 1890 2037 2040 2046 2337 2340 2346 4396 
m2495 38 46 49 1938 1946 1949 2349 
m394 5 36 38 46 49 286 296 299 1849 1905 1936 1946 1949 2305 2336 2338 2346 2349 2486 2499 4836 4846 
m3362 14 22 23 30 40 41 46 714 746 1114 1141 1146 1164 1172 1190 1191 1196 1514 1522 1523 1530 1540 1541 1546 2014 2022 2023 2030 2040 2041 2046 2064 2096 2314 3664 
m2279 22 23 36 40 46 1122 1123 1136 1140 1146 1172 1822 2023 2036 2046 2322 2323 2336 2340 2346 4323 4823 4836 
m3038 22 30 36 46 1136 1146 1522 1536 1546 1846 2346 
m3065 36 37 40 46 1837 1846 2036 2037 2040 2046 2337 2346 4346 4837 
m2518 22 46 1122 1146 
m3018 14 22 40 46 722 2014 2046 2314 2322 2346 4814 
m1322 22 30 46 1122 1130 1146 2322 2330 2346 
m2206 22 46 1122 1146 2346 
m3043 22 46 1122 1146 2346 
m2253 22 23 30 40 46 1122 1123 1130 1140 1146 1172 1173 1180 1190 1196 1522 1523 1530 1540 1546 2023 2046 2323 3673 3696 4823 4846 
m569 23 45 1173 2273 3673 
m2287 22 23 30 46 49 1122 1123 1130 1146 1180 1523 1530 1546 2330 2346 2472 2473 2480 2496 4823 
m831 22 23 30 36 39 40 41 1123 1130 1136 1140 1172 1173 1180 1186 1190 1523 1536 1540 1822 1823 1830 1836 1840 1972 1973 1980 1986 1990 2022 2023 2030 2036 2072 2073 2080 2086 2089 2090 2091 3673 4323 
m613 27 44 45 46 1394 2277 2294 2296 2327 2344 
m48 13 22 36 45 46 49 699 1113 1136 1849 2286 2295 2296 2313 2322 2336 2349 3186 
m691 22 36 37 40 46 1122 1136 1137 1146 1822 1837 1872 2036 2037 2046 2322 2336 2337 2340 2346 4346 4396 
m481 13 37 4363 
m692 22 36 37 40 46 1122 1136 1137 1140 1146 1886 1890 2036 2037 2040 2046 2322 2336 2337 2340 2346 4396 
m701 14 26 46 714 726 746 1314 1326 1346 2314 2326 2346 4814 
m2847 22 46 1122 1146 2346 
m3210 22 26 33 1122 1126 1133 1676 
m2956 22 26 44 46 1122 1144 1146 1322 1344 1346 2344 2346 
m2957 23 30 36 40 46 1180 1523 1530 1830 2023 2030 2036 2046 2330 4323 4346 4823 
m1529 22 23 30 36 39 40 41 1123 1136 1140 1172 1173 1186 1190 1191 1523 1536 1539 1541 1823 1972 1973 1986 1991 2023 2036 2072 2073 2086 2090 3673 4323 4336 4586 
m271 36 40 41 1841 2036 2041 2086 2090 2091 
m1419 36 41 2086 
m1899 46 2346 
m1068 22 23 30 46 1122 1123 1130 1146 1180 1523 1530 1546 2330 2346 4823 
m1774 23 30 40 46 1180 1523 1530 1546 2023 2030 2046 2323 2330 
m2219 23 36 40 46 1186 2023 2036 2040 2046 2323 2336 2340 2346 3696 4346 
m198 22 38 1122 1922 1938 
m2557 23 30 36 40 41 49 1186 1190 1199 1523 1530 1536 1540 1549 1823 1836 1840 1849 2073 2080 2086 2090 2099 2490 3686 4336 
m1442 22 27 46 1122 1127 1146 1377 2327 2346 
m1441 36 46 49 1846 1849 2336 2346 2486 2496 4336 4346 4846 
m1718 23 30 32 46 1182 1523 1532 1546 2323 2332 2346 4823 
m1615 22 23 36 40 41 46 1122 1123 1136 1140 1141 1146 1190 1836 1840 2022 2023 2036 2040 2041 2046 2073 2086 2090 2096 2322 2323 2336 2340 2341 2346 3673 3686 4323 4823 
m137 22 32 36 40 46 1122 1132 1136 1140 1622 1632 1636 1640 1840 2040 2322 2332 2336 2346 
m1646 12 13 22 49 649 699 1112 1113 1149 3162 
m270 44 46 2244 2246 2344 2346 4846 
m617 22 36 38 40 1138 1822 1838 1922 1936 1938 1940 2022 2036 2038 
m1312 22 23 36 40 41 46 49 1123 1136 1140 1141 1146 1191 1822 1823 1836 1840 1841 1849 2022 2023 2036 2040 2041 2046 2072 2073 2086 2090 2091 2322 2323 2336 2340 2341 2349 2472 2473 2486 2490 2491 4323 4336 4346 4836 
m1192 23 36 40 41 46 1191 1823 1836 1841 1846 2023 2036 2040 2041 2046 2323 2336 2341 2346 3686 4341 4346 4823 
m1335 6 306 
m800 38 46 1946 2338 2346 
m2442 22 23 30 36 40 41 1122 1123 1130 1136 1140 1141 1180 1186 1190 1522 1523 1536 1540 1541 1822 1830 1836 1840 1841 2022 2023 2030 2036 2041 2080 2086 
m1777 22 40 46 1140 1146 2022 2040 2046 2340 2346 
m643 17 38 40 46 888 1917 1946 2017 2038 2046 2338 4817 
m1180 14 32 36 38 41 46 1614 1914 1932 1936 1938 1941 1946 2064 2082 2086 2314 2332 2336 2341 4136 4314 
m390 23 30 38 1180 1188 1523 1530 1538 1938 
m193 17 38 46 888 2317 2338 2346 3396 
m2387 14 22 38 46 738 1114 1146 2338 3246 
m2699 46 47 2346 2347 
m106 22 30 36 40 41 49 1122 1136 1140 1141 1536 1540 1822 1840 1841 2022 2036 2040 2041 2080 2086 2090 2472 2486 2490 
m2210 22 23 1122 1123 
m92 22 23 30 36 41 46 1122 1123 1130 1136 1141 1146 1172 1522 1523 1530 1536 1546 1822 1823 1830 2072 2073 2080 2096 2322 2330 2336 2346 3696 4346 4586 4823 
m580 22 23 1123 
m1488 5 12 41 45 46 296 2055 2062 2096 2255 2291 2296 2341 2345 4812 
m575 22 23 1123 1172 1173 3673 
m2897 23 36 46 49 1196 1199 1846 1849 2346 2496 3686 
m3262 22 23 30 36 49 1123 1130 1136 1149 1522 1523 1530 1822 1823 1830 1836 1849 2472 2473 2480 2486 2499 
m1500 
m2102 14 40 46 49 2014 2040 2046 2314 2346 2464 2490 2496 4814 
m960 13 20 22 33 36 40 45 672 686 690 1013 1022 1036 1040 1045 1113 1122 1133 1136 1140 1145 1672 1686 1690 1813 1822 1833 1836 1840 2013 2022 2033 2036 2040 2263 2272 2286 2290 2295 3183 
m1507 14 22 36 40 46 49 722 1814 1822 1846 1849 2014 2036 2046 2322 2336 2349 2464 2472 4336 4814 
m1047 22 23 36 40 41 1122 1123 1136 1140 1141 1172 1173 1822 1823 1836 1840 1841 2022 2023 2036 2040 2041 2072 2073 3673 4586 
m539 26 27 46 1327 1346 1377 2327 
m2887 36 40 41 46 1836 1841 1846 2036 2040 2041 2046 2336 2341 2346 4341 4346 4836 4846 
m1545 22 23 36 40 41 1122 1123 1136 1140 1141 1172 1173 1822 1823 1836 1840 1841 2022 2023 2036 2040 2041 2072 2073 2086 2090 3673 4586 
m1178 14 22 23 30 40 45 46 714 746 1114 1145 1146 1164 1172 1190 1195 1196 1514 1522 1523 1530 1540 1545 1546 2014 2022 2023 2030 2040 2045 2046 2264 2296 2314 3664 
m228 14 32 46 732 2332 4814 
m3107 12 14 40 46 646 2012 2014 2046 2314 2346 3114 4812 
m2795 22 23 41 1122 1123 1141 1172 1173 1191 2072 2073 2091 3673 
m3042 5 23 30 38 40 273 280 290 1190 1523 1530 1540 1905 1923 1930 1940 2023 2030 2040 
m471 17 40 46 890 2340 2346 3396 4817 
m941 14 16 23 46 716 723 746 2316 3323 4823 
m733 30 45 46 2280 2296 2330 2345 2346 4846 
m3351 13 38 46 1913 1938 1946 2313 2346 
m1111 26 32 36 46 1332 1336 1346 1832 2332 2336 2346 4836 
m938 22 38 46 1138 1146 1938 1946 2338 
m42 22 37 46 1122 1137 1146 2322 2337 2346 4837 
m2653 26 3826 
m298 22 36 40 44 46 1136 1144 1146 1822 1836 1846 2022 2036 2044 2046 2236 2246 2322 2336 2344 2346 4346 4736 4836 4846 
m1888 46 2346 
m3367 
m1949 14 38 46 738 2314 2338 2346 4814 
m1172 13 22 33 36 37 40 41 683 686 690 1113 1122 1133 1136 1140 1141 1690 1813 1822 1833 1836 1840 1872 1886 1887 2013 2022 2033 2036 2040 2063 2072 2086 
m2473 30 44 45 2230 2245 2280 
m2668 22 30 36 40 41 49 1136 1140 1536 1541 1549 1830 1836 1840 1841 1849 2030 2036 2040 2041 2049 2072 2086 2090 2091 2099 2472 2486 
m2059 45 
m1424 22 46 1146 4846 
m2581 22 23 45 1123 1173 1195 3673 
m869 22 36 40 41 46 1136 1141 1146 2022 2036 2041 2046 2086 2096 2336 
m781 5 36 46 49 286 296 299 1849 2346 2349 2486 2499 4836 
m1325 14 36 40 46 1814 1836 1840 1846 2014 2036 2040 2046 2314 2336 2346 3236 4346 4814 4836 
m1326 22 23 30 1122 1123 1130 1522 1523 
m2406 22 23 30 36 40 41 1122 1123 1130 1136 1140 1173 1522 1523 1536 1822 1823 1830 1836 2022 2023 2030 2036 2072 2073 2080 2086 2090 3673 4323 4586 
m1849 22 23 36 40 1123 1136 1140 1173 1186 1190 1823 1840 2023 2036 3673 4323 4336 
m852 22 27 36 40 46 1122 1127 1136 1140 1146 1390 1822 1827 1836 1840 1846 2022 2027 2036 2040 2046 2327 2336 2340 
m2988 8 10 38 508 1908 1910 
m441 34 1734 
m2973 5 13 22 263 272 1105 1113 1122 
m1709 8 46 49 408 446 449 2349 
m231 12 13 22 36 40 622 636 640 672 686 690 1112 1113 1122 1136 1140 1822 2022 2036 3162 
m3338 13 22 36 38 40 1113 1122 1136 1138 1140 1813 1840 1913 1936 1940 2013 
m1463 22 23 30 46 1122 1123 1130 1146 1172 1173 1180 1196 1522 1523 1530 1546 2322 2323 2330 2346 3673 4823 
m2322 26 37 46 49 1337 1346 1349 1899 2337 2349 2487 2499 4387 
m2555 12 14 40 46 712 2012 2014 2046 2314 2346 3146 3246 4812 
m176 23 26 46 1176 1346 3696 4846 
m1129 22 23 41 1122 1123 1141 1172 2073 
m3185 45 46 2345 
m1399 32 36 41 46 1641 1646 2332 2336 2341 2346 4136 4586 
m171 22 23 36 40 41 1122 1123 1136 1140 1141 1172 1173 1822 1823 1836 1840 1841 2022 2023 2036 2040 2041 2072 2073 3673 4586 
m1362 14 36 40 46 740 746 1814 1840 1846 2014 2036 2040 2046 2314 2340 2346 3214 3246 4346 4814 
m1484 23 30 36 40 41 49 1186 1190 1199 1523 1530 1536 1540 1549 1836 1840 1849 2073 2080 2086 2090 2099 2486 2490 2499 3686 4336 
m579 23 45 2273 
m1624 14 33 37 46 737 746 2333 3233 4383 4837 
m1702 23 36 41 49 1191 1823 1836 1841 1849 2473 2486 2491 3686 4323 4336 4341 
m1610 22 23 30 36 40 46 1122 1123 1130 1136 1140 1146 1172 1173 1522 1523 1530 1540 1546 1822 1823 1830 1840 1846 2022 2023 2030 2036 2040 2046 2322 2323 2330 2340 2346 3696 4823 
m681 8 13 32 33 46 49 408 413 432 433 446 449 682 1682 2313 2332 2333 2463 2482 2483 2496 4163 
m3161 38 46 1946 
m2467 27 38 46 1927 1946 2327 
m1715 22 36 38 46 1822 1936 1946 2322 2336 2346 4836 
m2870 23 32 46 1196 1623 1646 2346 
m1988 30 36 37 40 46 1536 1537 1540 1546 1837 1840 1846 1890 2037 2046 2340 4396 
m1018 22 23 30 36 41 1122 1123 1130 1136 1141 1172 1173 1180 1523 1822 1823 2072 2073 3673 4586 
m703 22 23 36 40 41 1123 1136 1140 1172 1822 1823 1836 2023 2036 2072 2073 2086 2090 2091 3673 4323 4586 
m2159 32 40 46 1632 1640 1646 2032 2040 2046 2332 2340 2346 
m1248 32 46 1632 1646 2332 2346 
m571 22 23 30 36 40 41 46 49 1122 1123 1130 1136 1140 1141 1146 1172 1173 1186 1190 1191 1199 1522 1523 1530 1536 1540 1541 1546 1549 1822 1823 1830 1836 1840 1841 1846 1849 2022 2023 2030 2036 2040 2041 2046 2049 2072 2073 2086 2090 2096 2099 2330 2336 2340 2341 2349 2472 2473 2486 2490 2496 3696 4336 4823 
m284 22 27 36 46 49 1127 1136 1146 1149 1377 1386 1396 1399 1827 1849 2322 2327 2336 2346 2349 2477 2486 2496 2499 
m3045 22 40 46 1122 1140 2322 2340 
m1491 32 37 38 44 46 1637 1644 1646 1894 1932 1937 1944 1946 2337 2344 
m2545 22 23 30 32 36 40 41 49 1140 1182 1199 1523 1530 1532 1536 1549 1823 1830 1832 1849 2022 2023 2030 2032 2036 2040 2072 2090 2482 
m593 36 46 49 2486 2496 4836 4846 
m896 32 37 1632 1637 1882 
m199 
m2020 22 23 30 41 1122 1123 1130 1141 1172 1173 1180 1191 1522 1523 1530 2072 2073 2080 2091 3673 
m1131 22 30 36 40 1122 1136 1140 1522 1536 1540 1822 1836 1840 2022 2036 
m2905 12 26 46 626 2326 4812 
m1093 33 36 38 46 49 1833 1846 1938 1946 2333 2336 2346 2349 2483 2486 2496 4833 
m1669 26 38 46 1338 1346 1946 2346 
m1685 10 510 
m601 36 41 1836 1841 2086 2091 4586 
m672 22 36 37 46 49 1822 1837 1846 1849 1872 2322 2346 2487 2496 4396 4837 
m277 13 20 22 33 36 40 672 686 690 1013 1022 1033 1036 1040 1122 1136 1140 1672 1686 1690 1822 2022 2036 3183 
m825 32 33 36 1632 1633 1636 1683 1686 1833 1836 4136 4186 4333 4336 
m1434 16 22 23 30 46 830 1116 1122 1123 1130 1146 1523 1546 2316 2330 2346 3323 3346 3696 4823 
m2803 22 23 30 36 40 41 46 1122 1123 1130 1136 1140 1141 1146 1191 1523 1536 1541 1546 1841 1846 2023 2030 2036 2040 2041 2046 2072 2341 3696 4323 
m1981 37 49 1899 2487 2499 
m995 12 32 36 46 1612 1646 1812 2336 2346 3146 4136 4346 4812 
m172 22 23 30 36 1123 1130 1136 1172 1180 1522 1822 1823 1830 
m2348 26 40 46 49 2026 2046 2326 2340 2346 2476 2496 
m630 22 23 30 36 40 41 46 1122 1123 1130 1136 1140 1141 1146 1172 1173 1180 1186 1190 1191 1523 1536 1540 1541 1841 2023 2036 2041 2072 2073 2080 2086 2090 2091 2096 2322 2323 2330 2341 3673 4323 
m2792 22 30 36 41 45 1130 1536 1541 2272 2280 4586 
m735 22 23 36 40 41 1122 1123 1136 1140 1141 1173 1186 1190 1823 1836 1840 1841 2022 2023 2036 2040 2041 2072 2073 2086 2090 2091 3686 4323 
m1127 46 
m2274 36 40 46 1836 1840 2036 2040 2336 2340 2346 
m1007 14 36 38 40 738 1838 2014 2036 2038 2040 4314 
m647 12 36 40 46 49 1812 2012 2036 2046 2049 2336 2346 2462 2486 2496 3146 4346 4812 
m2602 36 40 46 1846 2036 2040 2046 
m3143 13 23 49 673 1163 1173 1199 2463 2473 2499 3163 
m369 23 36 38 40 41 1823 1840 1923 1936 2023 2036 2073 2086 2088 2090 4323 4336 4586 
m2247 38 
m3309 22 23 36 38 41 1122 1123 1136 1141 1172 1822 1823 1922 1923 1936 1941 2072 2073 2086 2088 2091 3673 4323 4586 
m822 29 36 38 49 1488 1499 1829 1836 1838 1849 1936 1938 1949 2479 2486 2488 2499 
m3002 13 38 1913 1938 
m1074 36 38 1836 1936 1938 
m953 22 36 40 46 1822 1840 1846 2022 2036 2040 2046 2322 2336 2340 2346 4336 4346 4836 
m2523 3 30 38 46 180 1530 1903 1930 1938 1946 2330 4803 
m2910 22 46 1122 1146 2322 2346 
m436 22 36 38 40 41 46 1136 1141 1836 1840 1841 1936 1940 1941 1946 2022 2036 2038 2040 2041 2046 2086 2090 2091 2322 2336 2341 4586 
m3332 22 40 46 1122 1140 1146 2340 2346 
m2399 22 46 1122 1146 2322 2346 
m162 22 23 36 40 41 1122 1123 1136 1140 1141 1172 1173 1822 1823 1836 1840 1841 2022 2023 2036 2040 2041 2072 2073 3673 4586 
m2141 5 23 24 40 46 273 274 290 296 1190 1240 1246 2023 2024 2040 2046 2340 3696 3723 
m3003 22 23 24 40 45 46 1122 1145 1172 1190 1195 1222 1240 1245 1246 2022 2023 2024 2040 2045 2046 2272 2295 2322 2340 2345 3696 3723 
m3137 16 36 3336 
m1138 30 32 36 46 1630 1830 1846 2330 2332 4332 
m2721 22 23 30 36 40 41 46 1122 1123 1130 1136 1140 1141 1146 1172 1173 1180 1186 1190 1191 1523 1536 1540 1541 1841 2023 2036 2041 2072 2073 2080 2086 2090 2091 2096 2322 2323 2330 2341 2346 3673 4323 
m1430 12 22 23 30 36 46 622 630 636 1172 1180 1186 1522 1536 1822 2322 2330 2336 3123 3686 4336 4812 4823 
m1750 30 38 39 40 46 49 1930 1938 1939 1946 1980 2030 2038 2039 2046 2330 2339 2346 2488 2490 2496 4839 
m918 22 23 27 30 36 40 49 1123 1130 1136 1172 1173 1177 1180 1186 1190 1199 1372 1373 1380 1386 1522 1523 1527 1530 1536 1540 1549 1822 1823 1827 1830 1836 1849 2023 2027 2030 2036 2040 2049 2472 2473 2477 2480 2486 2499 3686 4336 
m1641 22 46 1122 1146 2322 2346 
m3316 13 22 33 36 40 46 672 686 690 1113 1122 1133 1136 1140 1672 1686 1690 1822 2022 2036 2313 2322 2333 2336 2340 3183 
m644 23 46 2346 4823 
m974 14 40 45 46 2014 2040 2046 2264 2290 2296 2314 2346 3214 4814 
m3167 5 22 36 38 46 49 286 296 299 1105 1136 1138 1146 1849 1905 1936 1946 2346 2349 2486 2499 4836 
m2622 33 38 46 1688 1933 1938 1946 2338 4196 
m3067 36 37 40 46 1836 1837 1840 1846 2036 2037 2040 2046 2337 2346 4346 4837 
m671 22 36 46 1136 1146 2346 4836 
m2103 30 46 2330 2346 
m235 22 23 30 36 40 41 46 49 1122 1123 1130 1136 1140 1141 1146 1172 1173 1180 1186 1190 1196 1523 1530 1536 1540 1546 1822 1823 1830 1836 1840 1841 1846 1849 2022 2023 2030 2036 2040 2041 2046 2049 2072 2073 2080 2086 2090 2096 2330 2346 2472 2473 2486 2490 2491 3696 4336 4346 4823 
m3249 23 30 1523 
m714 5 7 13 22 257 263 272 363 372 1107 1113 1122 
m2562 23 30 36 40 41 1523 1536 1540 1830 1836 1840 2023 2036 2073 2080 2086 2090 3686 4323 4586 
m1229 13 26 38 46 1313 1346 1913 1926 1946 2313 
m863 27 32 38 46 1382 1388 1396 1638 1646 1946 
m195 38 41 44 46 1941 1944 1946 2094 2096 2344 
m1039 23 1173 3673 
m3310 22 23 36 38 41 1122 1123 1136 1141 1172 1822 1823 1922 1923 1936 1941 2072 2073 2086 2088 2091 3673 4323 4586 
m713 12 14 45 46 645 712 745 2314 2345 2346 3146 3246 4812 
m2786 14 23 34 36 40 46 734 1184 1734 1814 1823 1834 1840 1846 2014 2023 2034 2036 2040 2046 2314 2323 2334 2346 3664 4346 4814 4823 
m600 22 26 38 46 1146 1322 1338 1346 1922 1946 2346 
m1720 22 33 41 1122 1141 1672 1683 1691 
m403 5 23 24 40 46 273 274 290 296 1190 1240 1246 2023 2024 2040 2046 2340 3696 3723 
m3258 20 40 48 2020 2420 2440 
m1304 36 40 46 49 1836 1840 1846 1849 2036 2040 2046 2049 2336 2340 2346 2349 2486 2490 2496 4346 
m2111 14 36 46 714 3236 3246 4814 4836 
m889 23 30 38 46 1180 1523 1530 1538 1546 1923 1930 1938 1946 2330 4823 
m2710 22 37 46 49 1137 1146 1899 2346 2349 2496 4396 4837 
m2223 22 23 36 41 1122 1123 1172 1173 1822 1823 2072 2073 3673 4586 
m1620 14 22 36 38 46 722 1814 1822 1914 1936 1946 2314 2322 2336 2346 4814 
m2496 30 38 41 46 1930 1941 1946 2080 2096 2330 2341 2346 
m52 11 13 22 33 36 40 661 1111 1113 1122 1133 1136 1140 1661 1811 1813 1833 1840 2011 2013 2033 4163 
m2972 22 23 36 40 41 1122 1123 1136 1140 1141 1172 1173 1822 1823 1836 1840 2022 2023 2036 2040 2072 2073 2086 2090 3673 4586 
m2506 22 32 38 46 1132 1146 1632 1646 1922 1932 1938 1946 2332 
m2434 14 36 40 41 46 714 736 2014 2036 2046 2064 2086 2090 2096 3246 4314 4346 4814 
m1152 32 36 37 46 1646 1882 1896 4136 4346 4386 
m2449 22 23 36 40 41 46 49 1123 1136 1141 1146 1191 1822 1823 1836 1840 1841 1849 2022 2023 2036 2040 2041 2046 2072 2073 2086 2090 2091 2322 2323 2336 2340 2341 2349 2472 2473 2486 2490 2491 4323 4336 4346 4836 
m717 23 32 46 1196 1623 1646 2346 
m2099 36 38 46 1838 1846 2338 2346 4836 
m3158 23 30 36 41 1173 1180 1186 1191 1523 1530 1536 1541 1823 1830 1836 1841 2073 2080 2086 2091 3673 4323 4586 
m2470 22 23 36 40 41 1123 1136 1140 1141 1173 1186 1190 1823 1836 2023 2036 2040 2072 2073 2086 2090 2091 3686 4323 
m150 23 30 46 1180 1523 1530 1546 2330 4823 
m772 22 23 30 46 1122 1123 1130 1146 1523 1530 1546 2330 2346 3696 4823 
m1889 32 36 38 46 49 1632 1636 1649 1849 1932 1936 1946 2332 2336 2349 
m3288 22 48 1122 1148 
m573 22 23 30 36 40 41 46 49 1122 1123 1130 1136 1140 1141 1146 1149 1172 1173 1190 1191 1522 1523 1530 1536 1540 1541 1546 1822 1823 1830 1836 1840 1841 1846 1849 2022 2023 2030 2036 2040 2041 2046 2049 2322 2323 2330 2336 2340 2341 2346 2472 2473 2480 2486 2490 2496 3696 4823 
m880 12 36 38 41 46 641 1841 1912 1936 1938 1941 1946 2062 2086 2091 2096 2312 2336 2341 4312 
m1859 14 23 30 40 730 1180 1514 1523 1530 1540 2014 2023 2030 3223 
m365 5 14 22 23 32 36 37 41 264 282 286 722 737 741 1122 1123 1137 1141 1155 1182 1186 1614 1637 1814 1837 1872 1882 1886 1887 1891 2087 3664 4136 4332 
m1735 38 41 1938 1941 2088 2091 
m1964 22 36 40 46 49 1822 1836 1840 1846 1849 2022 2036 2040 2046 2049 2322 2336 2340 2346 2349 2486 2490 2496 4346 
m737 14 22 23 30 40 46 730 746 1114 1122 1123 1130 1146 1180 1514 1523 1530 1546 2014 2022 2023 2030 2046 2330 3223 4823 
m1210 14 22 40 46 714 746 1114 1146 2014 2022 2046 2314 2346 3246 4814 
m10 23 46 2323 2346 4823 
m1301 22 23 30 36 40 41 1122 1123 1130 1136 1140 1172 1173 1180 1186 1190 1523 1822 1823 1830 1836 2023 2030 2036 2072 2073 3673 4323 4586 
m440 36 45 1845 
m306 23 30 33 46 1180 1523 1530 1533 1546 1680 2323 2330 2333 2346 4173 4823 
m190 22 36 40 41 45 1122 1136 1140 1836 1840 2036 2040 2072 2086 2272 2286 2291 
m3190 22 23 36 40 41 1122 1123 1136 1140 1141 1172 1173 1186 1190 1191 1823 1840 1841 2023 2036 2040 2041 3673 
m3016 22 23 49 1122 1123 1173 1199 2473 3673 
m227 23 45 46 1195 1196 2296 3673 
m484 23 24 40 46 1190 1240 1246 2023 2024 2040 2046 2340 3696 3723 
m999 30 38 1930 1938 
m944 36 38 41 46 1841 1936 1941 1946 2086 2091 2336 2341 
m2225 5 36 38 46 49 286 296 299 1849 1905 1936 1938 1946 2346 2349 2486 2499 4836 
m422 14 38 45 46 1914 1938 1945 1946 2264 2314 2338 2345 2346 4814 
m3152 36 40 46 49 1836 1840 1846 1849 2036 2040 2046 2049 2336 2340 2346 2349 2486 2490 2496 4836 
m3206 22 30 32 36 46 49 1532 1536 1546 1549 1622 1636 1649 1822 1849 2322 2330 2332 2336 2346 2349 2472 4136 4336 4836 
m1825 26 39 40 46 1339 1340 1346 1990 2339 2340 4496 4846 
m2231 14 32 38 40 41 46 738 740 741 746 1614 1638 1640 1641 1646 1941 1946 2090 2340 2341 
m1687 14 22 25 46 725 1114 1125 1146 2325 3246 
m2337 22 23 30 36 40 41 1122 1123 1130 1136 1140 1172 1173 1186 1190 1522 1523 1536 1822 2022 2036 2072 2073 2080 2086 2090 3673 3686 
m2510 22 23 36 37 40 41 1122 1123 1136 1137 1140 1141 1823 1836 1873 1886 1890 2023 2036 2073 2086 2087 2090 3673 4323 4373 4586 
m682 23 24 40 46 1190 1240 1246 2023 2024 2040 2046 2340 3696 3723 
m1170 14 22 36 41 46 714 722 736 741 1822 1836 1841 2072 2314 2322 2336 2341 3236 4314 4586 4814 
m1761 22 30 38 39 46 1130 1138 1139 1146 1930 1938 1939 1946 1980 2330 2339 2346 4839 
m1700 22 23 38 46 1123 1138 1146 1172 1173 1922 1923 1938 1946 2322 2323 3673 4823 
m49 22 32 46 1122 1132 1146 2332 2346 
m432 22 36 37 40 41 1137 1140 1822 1836 1840 1841 2022 2036 2037 2040 2041 2072 2086 2090 2091 4586 
m1014 14 22 45 46 722 745 746 1146 2272 2296 2346 3246 
m461 22 36 37 40 1122 1136 1137 1140 1822 1872 1886 1890 2022 2036 
m1627 22 36 41 1136 1141 1841 2072 2086 2091 4586 
m1021 22 23 46 1123 1146 1172 1173 2322 2323 3673 4823 
m1524 36 40 45 46 1845 2036 2045 2046 2336 2345 4836 4846 
m1238 14 40 46 49 2014 2040 2046 2314 2346 2464 2490 2496 4814 
m1155 14 40 46 2014 2040 2046 2314 2346 4814 
m1291 22 37 40 46 1137 1140 1146 1890 2022 2037 2040 2046 2322 2337 2340 2346 4396 
m319 37 46 1896 2346 4837 
m2352 26 38 46 1926 1946 2326 
m987 23 30 36 40 1180 1523 1530 1536 1540 1830 2023 2030 2036 2040 4323 
m788 14 21 40 714 721 740 2014 2021 
m2484 5 37 46 287 1855 2305 2337 
m3254 27 32 1382 
m239 8 32 37 46 49 408 446 449 1608 1646 1649 1858 1882 1896 2308 2332 2346 2349 
m2138 37 39 40 46 1890 1987 1990 2340 4396 4496 
m790 22 23 30 36 40 1123 1130 1173 1186 1190 1523 1536 1540 2023 2036 3673 
m628 40 46 2040 2046 2340 
m2638 23 24 40 46 1190 1240 1246 2023 2024 2040 2046 2340 3696 3723 
m3124 14 22 23 30 46 49 722 746 1122 1123 1130 1146 1149 1172 1522 1523 1530 2322 2323 2330 2349 2473 2480 3673 4823 4846 
m216 5 13 33 46 263 283 2305 2313 2333 4163 
m234 14 23 30 46 1514 1523 1546 2314 2323 2330 2346 3664 4814 4823 
m139 30 36 40 46 1830 2030 2036 2046 2330 2336 2340 2346 4836 
m1367 13 38 45 46 688 2263 2295 2296 2313 2338 2346 3196 
m2431 11 13 33 563 583 4163 
m517 12 14 40 46 712 2012 2014 2046 2314 2346 3146 3246 4812 
m2351 14 40 46 2014 2040 2046 2314 2346 4814 
m2401 14 46 2346 3246 4814 
m1971 5 14 22 23 32 36 37 41 264 282 286 722 737 741 1105 1114 1123 1136 1137 1141 1155 1182 1186 1614 1637 1814 1837 1872 1882 1886 1887 1891 2087 3664 4136 4332 
m638 12 38 40 45 46 1912 1945 1946 2012 2038 2045 2046 2262 2296 2312 2346 4812 
m2595 46 
m3223 30 46 49 2330 2349 2480 
m2771 37 38 46 1888 2338 4396 
m2711 22 38 46 49 1146 1946 1949 2322 2346 2349 2472 2496 4846 
m1374 13 16 22 36 40 672 686 690 822 836 840 1113 1116 1122 1136 1140 1822 2022 2036 3166 
m1892 12 45 46 645 2345 4812 
m3053 23 24 40 46 1190 1240 1246 2023 2024 2040 2046 2323 2324 2340 3696 3723 
m1809 22 30 36 38 46 49 1522 1536 1538 1546 1549 1822 1922 1930 1936 1938 1946 1949 2322 2330 2336 2338 2346 2349 2472 2486 2496 
m2283 29 
m1486 26 31 36 37 46 1576 1587 1596 1826 1831 1837 1846 1876 1896 2326 
m297 12 36 38 41 46 641 1841 1912 1936 1938 1941 1946 2062 2086 2091 2096 2312 2336 2341 4312 
m1246 14 23 32 36 49 723 732 736 749 1182 1199 1636 1649 1849 3686 
m2976 33 37 46 49 1883 1896 2333 2346 2483 2487 2496 4833 4837 
m3117 14 36 40 46 2014 2036 2040 2046 2336 4314 4814 
m990 22 37 40 46 1122 1137 1140 1146 1872 2022 2037 2046 2322 2337 2340 2346 4396 
m464 31 36 38 46 1588 1838 2331 2338 4331 4836 
m2846 22 23 30 36 40 41 46 49 1122 1123 1130 1136 1140 1141 1146 1149 1172 1173 1190 1191 1522 1523 1530 1536 1540 1541 1546 1822 1823 1830 1836 1840 1846 1849 2022 2023 2030 2036 2040 2041 2046 2049 2322 2323 2330 2336 2340 2341 2346 2473 2480 2486 2490 2496 3696 4823 
m180 23 26 30 46 1176 1323 1326 1330 1346 1523 1526 1546 2326 2330 2346 3696 4823 4846 
m1967 27 1377 
m2119 22 36 40 1122 1136 1140 1822 1836 1840 2022 2036 
m2089 22 37 40 46 1137 1146 2022 2037 2046 2337 2346 4837 
m637 14 23 36 38 46 49 1164 1814 1823 1838 1846 1849 1914 1923 1946 1949 2323 2464 2473 2496 4814 
m2067 22 36 40 41 45 1122 1136 1140 1141 1145 1822 1836 1840 1845 2022 2036 2040 2045 2072 
m2202 23 30 41 46 1191 1523 1530 1541 1546 2073 2080 2091 2096 2330 2341 2346 3696 4823 
m69 
m2938 13 32 36 40 41 686 690 691 1613 1636 1641 1841 2036 2041 2063 2082 2086 2090 2091 
m776 22 23 36 40 46 49 1172 1822 1823 1836 1846 1849 2023 2036 2040 2046 2049 2322 2336 2346 2349 2472 2473 2486 4323 4346 4823 4836 
m1061 12 22 23 36 40 46 49 636 646 649 1186 1196 1199 1822 1836 1840 1846 2022 2036 2322 2336 2346 2349 2486 2496 3123 3146 3686 4336 4823 
m1631 14 32 36 44 46 736 1614 2214 2232 2236 2314 2332 2336 2344 4136 4846 
m2994 23 46 2346 4823 
m1756 37 
m201 34 36 1734 1736 1834 1836 4236 4334 
m3146 
m1289 37 46 49 1899 2346 2349 2496 4396 4837 
m1526 13 33 36 38 40 41 686 690 691 1686 1690 1691 1841 1913 1933 1936 1938 1941 2036 2041 2063 2083 2086 2090 2091 3183 
m2800 5 13 33 655 1655 4163 
m2436 32 36 38 46 1832 1932 1936 1938 1946 2332 2336 2346 4836 
m2967 22 23 36 41 1123 1136 1141 1172 1173 1822 1823 2072 2073 3673 4586 
m167 22 23 38 1123 1138 1923 
m2818 13 30 36 46 1513 1536 1546 2313 2330 2336 2346 4313 4813 4836 
m1884 2 40 46 140 146 2046 
m117 5 45 46 2255 2296 2305 2346 
m3157 13 26 46 1313 1346 2313 2326 2346 
m778 22 23 36 40 46 1122 1123 1136 1140 1146 1172 1186 1190 1196 1822 1836 2022 2036 2040 2046 2322 3686 4346 
m1092 33 38 40 46 1690 1696 1933 1938 1940 1946 2333 2338 2340 2346 
m1898 22 23 24 40 46 1123 1124 1140 1146 1190 1240 1246 2023 2024 2040 2046 2340 3696 3723 
m224 22 30 36 40 1130 1136 1140 1522 1530 1536 1540 1822 1830 1836 1840 2030 2036 2040 4336 
m3128 5 36 46 255 286 2305 2336 2346 
m2205 22 37 46 1872 1896 2322 2346 4837 
m82 14 22 36 38 41 46 714 736 1114 1136 1836 1914 1922 1936 1941 2064 2072 2086 2314 2322 2336 2338 2341 3236 4314 4586 4814 
m1797 23 26 30 46 1180 1323 1330 1346 1523 1530 2330 4823 
m1966 22 37 38 46 49 1137 1146 1149 1899 1922 1937 1938 1946 1949 2349 4396 
m2548 22 23 36 40 41 1122 1136 1140 1141 1173 1186 1190 1823 1836 1840 1841 2022 2023 2036 2040 2041 2073 2086 2090 2091 3686 4323 
m1632 22 38 46 49 1122 1138 1146 1149 1922 1938 1946 1949 2322 2346 2349 
m1164 6 42 306 342 2106 2142 2842 4606 
m455 23 46 2323 2346 4823 
m2360 14 22 46 722 746 2322 2346 
m489 14 22 36 41 46 714 736 1114 1122 1136 1141 1146 1836 2064 2072 2086 2314 2322 2336 2341 3236 4314 4586 4814 
m913 5 36 46 49 286 296 299 1836 1849 2336 2346 2349 2486 2496 2499 4836 
m1877 5 23 38 45 46 1155 1945 1946 2255 2273 2305 2323 2345 2346 4823 
m2730 23 40 46 1190 2023 2040 2046 2340 2346 3696 4823 
m3321 14 44 46 49 744 746 2344 2464 2494 2496 
m1204 36 40 41 1836 1840 1841 2036 2040 2041 
m1261 14 23 30 46 730 1180 2314 2323 2330 2346 3223 4814 4823 
m1505 16 22 23 46 822 846 1122 1146 1172 2322 3323 3696 
m386 22 23 36 41 1123 1822 1823 2072 2073 3673 4323 4586 
m1521 36 37 49 1836 1837 1849 2486 2487 2499 
m1282 23 30 36 40 49 1180 1199 1549 1823 1830 1836 1840 1849 2023 2030 2036 2040 2049 2473 2480 2486 2490 
m2915 14 20 40 46 720 2014 2020 2046 2320 3246 
m1990 22 37 46 1122 1137 1146 2322 2337 2346 4837 
m674 46 2346 
m2683 23 30 36 38 46 49 1173 1180 1186 1188 1196 1199 1523 1530 1536 1538 1546 1549 1823 1830 1838 1846 1849 1923 1930 1936 1946 1949 2323 2330 2336 2338 2346 2349 2473 2480 2486 2488 2496 4823 
m2120 22 23 36 40 46 49 1172 1822 1823 1836 1840 1849 2022 2023 2036 2040 2046 2322 2323 2336 2340 2349 2473 2486 2490 4323 4336 4346 4836 
m2137 11 32 561 582 
m2430 32 36 41 46 1632 1636 1641 1646 1832 1836 1841 1846 2082 2086 2091 2096 2332 2336 4586 4846 
m807 37 46 49 2346 2487 2496 4837 
m1284 23 30 46 49 1180 1199 1549 2323 2330 2346 2349 2473 2480 2496 
m3317 22 23 37 1122 1123 1172 1173 1872 1873 3673 
m1572 13 36 38 40 41 686 690 691 1841 1913 1936 1941 2036 2041 2063 2086 2088 2090 2091 
m1548 22 23 46 1122 1123 1146 2346 3696 4823 
m2605 23 30 41 46 1180 2073 2080 2096 2323 2330 2341 4823 4846 
m295 26 27 46 1326 1327 1346 1376 1396 2326 
m862 11 
m2649 22 23 1122 1123 1173 3673 
m826 12 22 23 36 45 46 49 622 645 1122 1145 1172 1195 1812 1822 1845 1846 2272 2295 2322 2345 2462 2473 2486 2496 3662 3696 4323 4812 
m688 22 23 30 36 40 41 1122 1123 1130 1136 1140 1141 1172 1173 1180 1186 1190 1523 1822 1823 1830 1836 2023 2030 2036 2072 2073 3673 4323 4586 
m443 23 36 38 49 1186 1923 1936 1938 1949 2473 2486 
m2044 12 15 30 46 1512 1515 1546 2312 3262 4815 
m3027 26 39 46 1339 1346 2326 2339 4839 4846 
m1927 14 26 32 46 726 732 746 1314 1326 1332 1346 1626 1646 2326 
m1167 22 30 36 38 40 41 45 46 1130 1136 1138 1140 1141 1145 1146 1522 1536 1540 1541 1822 1836 1840 1922 1945 1946 2022 2036 2040 2086 2090 2272 2296 2322 2330 2336 2341 
m1921 13 38 46 1913 1946 2313 
m143 46 2346 
m1603 22 32 38 46 1146 1922 1932 1938 1946 2332 2346 
m1458 22 36 37 40 46 1136 1137 1140 1146 1837 1840 1846 1890 2022 2036 2037 2040 2046 2336 2340 2346 4336 4346 4396 4837 
m2303 14 23 30 38 730 1180 1514 1523 1530 1914 1923 1930 3223 
m1157 14 40 46 2014 2046 2314 2346 4814 
m2276 22 23 30 36 40 46 1122 1123 1130 1136 1140 1146 1180 1522 1523 1530 1536 1540 1546 1822 1823 1830 1836 1840 1846 2022 2023 2030 2036 2040 2046 2322 2323 2330 2340 4823 4846 
m1423 36 38 46 1936 1946 2336 
m1841 8 408 
m1398 32 36 38 46 1832 1932 1936 1946 2332 2336 2346 4836 
m2156 46 2346 
m2743 5 14 46 264 296 2314 2346 4814 
m2481 
m2146 36 46 2336 2346 4346 4836 
m988 23 30 36 40 1180 1523 1530 1536 1540 1830 2023 2030 2036 2040 4323 
m1381 22 36 41 1122 1136 1141 1841 2072 2086 2091 4586 
m111 23 26 30 33 40 46 49 1180 1330 1333 1340 1346 1673 1680 1696 2023 2030 2033 2046 2330 2476 2480 2483 2490 2496 4823 
m2319 22 23 36 41 1122 1123 1172 1173 1822 1823 2072 2073 3673 4586 
m1411 23 30 36 40 41 1173 1523 1536 1540 1823 1830 1836 1840 2023 2030 2036 2040 2073 2080 2086 2090 3673 4323 4586 
m2625 22 23 36 40 1123 1136 1173 1186 1190 1836 1840 2036 3673 3686 
m1806 22 30 40 46 1122 1130 1140 1146 1530 1546 2022 2030 2040 2046 2322 2330 2340 2346 
m531 41 46 2341 2346 
m2288 22 23 30 1123 1130 1522 1523 1530 
m1535 5 13 33 38 46 655 1655 1696 1913 1933 1946 2305 2313 4163 
m1156 22 23 30 36 40 46 1122 1123 1130 1136 1140 1146 1172 1173 1522 1523 1530 1540 1546 1822 1823 1830 1840 1846 2022 2023 2030 2036 2040 2046 2322 2323 2330 2336 2340 2346 3696 4823 
m2733 22 46 49 1146 1149 2322 2346 2349 2496 
m3242 36 40 41 46 49 1841 1846 2036 2041 2046 2336 2340 2341 2346 2349 2486 2490 2491 2496 4346 
m1626 22 41 1122 1141 
m3261 22 23 36 40 41 1122 1123 1136 1140 1141 1172 1173 1822 1823 1836 1840 1841 2022 2023 2036 2040 2041 2072 2073 3673 4586 
m3218 22 46 1146 2322 2346 
m1135 23 30 36 41 49 1191 1523 1530 1541 1823 1830 1836 1841 1849 2073 2080 2086 2091 2099 2473 2480 2486 2491 2499 
m3360 13 33 38 1913 1933 1938 4163 
m1792 3 13 22 23 172 672 1163 1172 2663 3653 
m3236 22 23 30 36 40 41 46 1122 1123 1130 1136 1140 1141 1146 1191 1522 1523 1530 1536 1540 1541 1546 1822 1823 1830 1836 1840 1841 1846 2022 2023 2030 2036 2040 2041 2046 2072 2080 2086 2090 2091 2341 3696 4323 
m3209 22 23 36 40 46 49 1172 1822 1823 1836 1849 2022 2023 2036 2040 2046 2049 2322 2323 2336 2349 2473 2486 3686 4336 4346 4836 
m3306 22 23 36 38 40 41 1122 1123 1136 1140 1172 1822 1823 1836 1840 1922 1923 1936 1941 2023 2036 2072 2073 2086 2088 2090 2091 3673 4323 4586 
m2961 14 26 38 41 741 1314 1341 1914 1926 1941 
m1557 36 38 46 1936 1946 2336 2338 2346 4836 
m2291 22 46 1122 1146 2346 
m1940 38 46 1938 1946 2338 2346 
m2282 22 23 30 36 41 1123 1130 1136 1141 1180 1523 1823 1830 2073 2080 3673 4323 4586 
m868 22 40 46 1140 1146 2022 2046 2322 2340 2346 
m2674 14 26 46 49 1314 1346 1349 2346 2464 2496 4814 
m3068 36 37 40 46 1840 1886 1890 1896 2036 2037 2040 2046 2336 2340 2346 4346 4837 
m583 14 36 40 46 1814 1836 1846 2014 2036 2040 2046 2336 2346 4314 4346 4814 
m3085 36 46 4836 4846 
m105 22 23 30 36 40 46 49 1122 1123 1130 1136 1140 1146 1149 1172 1173 1522 1523 1530 1540 1546 1822 1823 1830 1840 1846 2022 2023 2030 2036 2040 2046 2322 2323 2330 2340 2346 2472 2480 2486 2490 2496 3696 4823 
m2955 5 36 45 286 295 1845 2255 2286 2295 4336 
m2415 22 40 46 1122 1140 1146 2022 2040 2046 2322 
m1383 30 38 40 45 46 1930 1938 1946 2030 2038 2046 2280 2288 2290 2296 2330 
m1036 30 36 38 40 46 1830 1930 1936 1940 1946 2030 2036 2046 2330 2336 2340 2346 4836 
m1744 22 30 36 49 1122 1130 1136 1149 1522 1536 1549 1822 1830 1849 2472 4336 
m2788 23 38 45 1923 2273 2288 
m1189 31 36 37 40 46 1587 1590 1596 1831 1837 1840 1846 1890 1896 2340 
m3086 5 13 33 655 663 683 1655 1663 1683 4163 
m304 23 30 33 46 1180 1523 1530 1533 1546 1680 2323 2330 2333 2346 4173 4823 
m3163 5 22 36 38 46 49 286 296 299 1136 1138 1146 1149 1836 1846 1849 1905 1936 1938 1946 1949 2346 2349 2455 2486 2496 2499 4836 
m1658 23 36 38 40 41 1173 1186 1188 1190 1923 1936 1938 1940 2023 2036 2073 2086 2088 3673 3686 4323 4336 
m253 22 38 1122 1922 
m1819 22 23 30 36 1172 1180 1522 1822 1823 1830 
m2865 37 46 4837 
m2071 38 46 1938 1946 2346 
m586 46 2346 
m67 22 23 30 46 1123 1130 1146 1180 1523 1530 1546 2330 4823 
m1321 22 37 40 45 46 1146 1872 1887 1890 1895 1896 2022 2037 2046 2287 2290 2295 2296 2322 2337 2340 2346 4396 
m1345 14 46 2314 2346 4814 
m1897 14 32 36 49 714 732 736 749 1636 1649 1849 2482 2486 2499 
m2285 36 
m1199 22 23 30 36 40 41 1122 1123 1130 1136 1140 1173 1522 1523 1536 1822 1823 1830 1836 2022 2023 2030 2036 2072 2073 2080 2086 2090 2091 3673 4323 4586 
m339 14 22 46 722 1114 1146 2322 3246 
m1404 4 204 
m2688 13 22 25 46 1113 1125 1146 1263 1296 2313 
m1872 23 41 1191 2073 3673 
m3105 22 23 30 36 40 41 1122 1123 1130 1136 1140 1173 1522 1523 1536 1822 1823 1830 1836 2022 2023 2030 2036 2072 2073 2080 2086 2090 2091 3673 4323 4586 
m3171 15 22 32 46 782 1115 1122 1132 1146 1615 1622 1632 1646 2315 2322 2332 2346 4815 
m3132 22 38 46 1146 1922 1938 1946 2346 
m2687 16 36 46 49 1816 1846 2316 2346 2486 2496 
m250 14 26 32 726 1614 1626 
m505 22 40 41 46 1122 1140 1141 1146 2041 2046 2341 2346 
m2724 12 14 46 712 746 2312 2346 3246 4812 
m706 22 23 30 1122 1123 1130 1180 1522 1523 1530 
m1256 14 30 46 730 746 2314 2330 2346 4814 4846 
m588 22 23 1123 1173 3673 
m979 23 30 46 1180 2323 2330 2346 
m2738 38 41 46 1938 1941 1946 2341 2346 
m1726 22 32 36 38 45 46 49 1122 1146 1632 1636 1645 1646 1649 1845 1846 1849 1932 1936 1946 2272 2295 2296 2322 2332 2336 2345 2346 2349 2495 2496 4846 
m2498 22 23 30 36 40 41 46 1122 1123 1130 1136 1140 1141 1146 1173 1186 1190 1522 1523 1536 1540 1541 1823 1836 1840 1841 2023 2036 2040 2041 2073 2086 2090 2322 2323 2330 2336 2340 2341 2346 3673 3686 4323 4336 
m300 22 30 37 41 46 1130 1137 1141 1146 1537 1541 1546 2087 2096 2322 2330 2337 2341 2346 4837 
m2394 23 36 40 41 1186 1190 1191 1836 1840 1841 2023 2036 2040 2041 2073 2086 2090 2091 3686 4323 4336 4586 
m1389 22 30 40 46 1122 1130 1140 1146 2030 2046 2322 2330 2340 2346 
m1671 22 36 41 1122 1136 1141 1822 2072 2086 2091 4586 
m152 22 32 46 1122 1132 1146 1632 2322 2332 2346 
m1742 22 36 40 46 49 1122 1136 1146 1149 1822 1836 1840 1846 1849 2022 2036 2040 2046 2049 2349 2472 2486 2490 2496 
m700 23 41 46 2073 2323 2341 3673 
m418 12 13 22 27 36 40 622 636 640 672 686 690 1112 1113 1122 1136 1140 1362 1363 1372 1386 1390 1822 2022 2036 3162 
m2480 6 14 32 36 49 706 714 732 736 749 1606 1636 1806 2456 2482 2486 
m2176 5 13 22 33 36 38 40 46 263 272 283 286 290 672 686 690 1113 1122 1133 1136 1140 1672 1686 1690 1822 1905 1913 1922 1933 1936 1940 1946 2022 2036 2305 2313 2322 2333 2336 2340 3183 
m695 10 37 46 537 546 4396 
m431 37 46 4837 
m511 36 40 49 1836 1840 1849 2036 2040 2049 2486 2490 2499 
m1023 14 40 45 46 745 2014 2040 2046 2314 2345 2346 3214 4814 
m87 37 40 46 1890 2037 2040 2046 2337 2340 2346 4396 
m31 22 23 36 37 40 1123 1136 1140 1172 1173 1186 1190 1823 1840 1872 1873 1886 1890 2023 2036 2040 3673 3686 4323 4336 
m847 22 40 46 1146 2340 
m2271 40 46 48 2040 2046 2340 2346 2348 2440 2446 
m3268 22 23 36 40 41 1122 1123 1136 1140 1141 1172 1173 1186 1822 1823 1836 1840 1841 2022 2023 2036 2040 2041 2072 2073 2086 2090 3673 4586 
m2702 14 22 27 40 727 1114 1127 2014 2022 2027 
m1905 46 2346 
m3103 22 40 46 49 2040 2046 2322 2346 2490 2496 
m1831 22 38 46 49 1122 1146 1149 1922 1938 1946 1949 2322 2346 2349 4846 
m2526 26 32 36 38 46 1332 1336 1346 1832 1926 1932 1936 1946 2332 2336 2346 4836 
m3164 
m2490 23 41 1173 1191 2073 3673 
m2278 22 23 36 40 1122 1123 1136 1140 1173 1186 1190 1823 1836 2022 2023 2036 2040 3686 4323 
m1499 37 
m1995 22 23 36 40 1122 1123 1136 1140 1173 1186 1190 1822 1823 1836 1840 2022 2023 2036 2040 3673 4323 
m213 22 46 1122 1146 2322 2346 
m2413 5 13 26 33 41 46 655 696 1305 1313 1326 1333 1341 1346 1655 1676 1691 1696 2055 2063 2096 2305 4163 
m2459 17 37 46 2337 3387 4817 
m1530 22 23 36 40 41 1122 1123 1136 1140 1141 1172 1173 1822 1823 1836 1840 1841 2023 2036 2040 2041 2072 2073 3673 4341 
m3118 15 22 27 38 46 777 1115 1127 1146 1915 1922 1938 1946 2315 2327 2346 
m1407 5 23 24 38 40 46 273 274 290 296 1190 1240 1246 1905 1923 1924 1938 1946 2023 2024 2040 2046 2340 3696 3723 
m3040 23 24 40 46 1190 1240 1246 2023 2024 2040 2046 2340 3696 3723 
m1727 23 36 1186 1836 3686 
m1305 22 23 30 36 40 46 48 1122 1123 1130 1136 1140 1146 1148 1172 1173 1522 1523 1530 1540 1546 1822 1823 1830 1840 1846 2022 2023 2030 2036 2040 2046 2322 2323 2330 2340 2346 2430 2436 2440 2446 3696 4823 
m2678 36 37 40 41 46 1841 1846 1886 2036 2037 2046 2086 2087 2090 2096 2336 2337 2340 2341 2346 4346 4396 4836 
m2928 12 41 46 641 2062 2091 2096 2312 2341 2346 
m2543 36 38 1936 
m317 26 27 46 1327 1346 2327 2346 
m1134 22 23 30 38 46 1123 1130 1146 1188 1523 1530 1538 1546 2338 3696 
m2901 22 36 40 41 1822 1840 2022 2036 2072 2086 2090 4336 4586 
m2239 22 40 46 1146 2022 2040 2046 2346 
m2667 5 13 22 33 36 40 263 272 283 286 290 672 686 690 1113 1122 1133 1136 1140 1672 1686 1690 1822 2022 2036 3183 
m3224 13 38 1913 1938 
m1688 12 36 40 41 46 49 636 640 641 649 1836 1840 1841 2036 2041 2336 2340 2341 2349 2486 2490 2491 3136 4336 4812 
m2881 22 37 45 46 49 1122 1137 1145 1146 1895 2322 2345 2346 2472 2487 2495 2496 4396 4837 
m47 22 23 30 46 1122 1123 1130 1146 1523 1530 1546 2330 2346 3696 4823 
m931 22 30 36 40 41 46 1122 1140 1141 1146 1522 1536 1540 1822 1840 1841 1846 2022 2036 2040 2041 2046 2072 2096 2322 
m1844 12 22 36 38 40 46 612 636 1112 1122 1136 1138 1140 1146 1812 1836 1840 1846 1912 1922 1936 1938 1940 1946 2012 2022 2036 2038 2046 2312 2336 2346 3146 4812 4836 
m1064 13 20 22 32 36 40 672 686 690 1013 1022 1032 1036 1040 1122 1136 1140 1613 1622 1636 1640 1822 2022 2036 
m2142 23 36 41 1823 2073 3673 4323 4586 
m2330 22 23 37 41 1123 1172 1173 1187 1191 1872 1873 2072 2073 2087 2091 3673 
m1319 14 38 1914 
m1330 22 23 41 1122 1123 1173 2072 2073 3673 
m1947 36 49 1836 1849 2499 
m23 32 37 1882 
m1869 23 31 46 48 49 1196 1573 1596 2346 2423 2431 2446 2473 2481 2496 2498 
m392 22 37 46 49 1122 1137 1146 1899 2346 2349 2496 4396 4837 
m1106 38 44 45 46 49 1938 1946 2238 2246 2249 2288 2294 2296 2299 2338 2344 2346 2349 
m1065 6 36 43 336 1806 1836 1843 2186 2843 
m2160 14 46 49 2314 2346 2464 2496 4814 
m194 
m1191 3 30 33 41 46 180 196 1653 1680 2053 2080 2083 2096 2330 4196 
m2996 34 45 2284 
m3346 22 23 30 36 37 40 46 49 1122 1123 1130 1136 1137 1140 1146 1149 1180 1523 1530 1546 1822 1823 1830 1836 1837 1840 1846 1872 1873 1880 1886 1890 1896 2022 2023 2030 2036 2037 2040 2046 2330 2346 2472 2473 2480 2486 2487 2490 2496 4396 4823 
m1837 5 38 45 46 255 1905 1938 1945 1946 2255 2305 2345 2346 
m1080 23 32 46 1196 1623 1646 2346 
m879 22 23 30 38 41 1122 1123 1130 1172 1173 1180 1188 1523 1538 1541 1922 1923 1930 1938 2072 2073 2080 2088 3673 
m241 22 23 45 1122 1123 1172 1173 2272 2273 3673 
m2569 36 46 2336 2346 4836 
m2217 14 22 32 46 722 732 746 1132 1146 2332 4846 
m948 22 23 36 40 41 1122 1123 1136 1140 1141 1173 1186 1190 1823 1836 2022 2023 2036 2040 2041 2072 2073 2086 2090 2091 3686 4323 
m153 10 26 46 1310 1326 1346 2310 2346 
m834 22 23 30 36 40 41 1122 1123 1136 1140 1141 1172 1173 1186 1190 1191 1522 1523 1536 1541 1840 1841 2023 2036 2041 2072 2073 2086 2090 2091 3673 3686 4323 4336 4586 
m1740 5 22 44 46 296 1144 1146 2205 2246 2305 2344 2346 4846 
m3323 21 36 38 45 1095 1845 1921 1936 1945 3586 
m3061 13 22 33 36 40 672 686 690 1113 1133 1136 1140 1672 1686 1690 1822 2022 2036 3183 
m3036 22 23 30 36 40 41 46 49 1122 1123 1130 1136 1140 1141 1146 1149 1172 1173 1186 1190 1191 1199 1522 1523 1530 1536 1541 1546 1549 1823 1840 2023 2036 2040 2072 2073 2086 2090 2096 2099 2322 2330 2336 2340 2341 2346 2349 2472 2473 2486 2490 2496 3696 4823 
m2769 22 32 36 37 40 1122 1132 1136 1137 1140 1637 1832 1837 1840 2032 2037 
m1901 14 32 49 732 2464 
m501 16 23 30 38 45 46 830 1180 1516 1523 1530 1546 1916 1930 1945 1946 2266 2273 2280 2296 2316 2323 2330 2345 2346 3323 4823 
m127 13 22 41 691 1113 1122 1141 
m3130 37 38 46 1937 1946 2337 
m244 
m375 23 30 33 46 1180 1523 1530 1533 1546 1680 2330 2333 4173 4823 
m634 17 22 38 46 888 1117 1138 2322 2338 4817 
m3300 13 22 32 36 40 672 686 1113 1122 1136 1140 1613 1622 1636 1822 1836 1840 2022 2036 2040 
m2409 22 23 30 36 40 41 46 1123 1130 1136 1141 1146 1180 1186 1190 1523 1530 1536 1540 1546 1830 2022 2023 2030 2036 2040 2046 2072 2073 2080 2086 2090 2091 2330 3696 4836 
m626 22 23 30 1122 1123 1130 1173 1523 1530 3673 
m2536 23 30 1180 1523 1530 
m2233 14 32 41 741 1614 1641 
m2437 26 32 36 46 1332 1336 1346 1832 2332 2336 2346 4836 
m2240 23 36 40 41 1173 1823 1836 1840 1841 2023 2036 2040 2041 2073 2086 2090 2091 3686 4323 
m2472 13 38 46 1913 1938 1946 2313 
m1791 14 22 36 45 46 714 746 1114 1122 1136 1145 1146 1846 2264 2286 2296 3236 3246 4314 
m1920 
m70 14 40 46 2014 2040 2046 2314 2346 4814 
m3203 5 32 46 1605 2305 2332 2346 4846 
m2839 5 23 30 36 46 255 273 280 286 296 1180 1505 1523 1530 1536 1546 1830 1846 2330 4323 4823 
m1327 26 32 36 46 1326 1332 1336 1346 1832 2332 2336 2346 4836 
m916 13 23 30 46 696 1163 1173 1180 1196 1513 1523 1530 1546 2313 2323 2330 2346 3196 3663 3696 4823 
m1263 13 22 36 40 672 686 690 1113 1122 1136 1140 1822 2022 2036 
m3276 36 40 41 1836 1840 1841 2036 2086 2090 2091 4586 
m1048 32 46 1646 2332 2346 
m2469 27 38 46 1927 1946 2327 
m3017 
m2493 6 14 23 32 36 706 723 732 736 1156 1182 1606 1636 1806 3686 
m1427 26 32 36 38 46 1332 1336 1346 1832 1926 1936 1946 2332 2336 2346 4836 
m2535 22 30 36 37 41 1130 1136 1536 1537 1541 1886 2086 2087 
m1989 22 23 30 46 1122 1123 1130 1146 1180 1523 1530 1546 2330 4823 
m1564 22 33 46 1133 1146 1672 1683 1696 2322 2333 2346 4833 
m1811 13 22 37 672 1872 4363 
m3050 22 30 36 1522 1536 1822 
m2592 22 23 30 36 40 46 1122 1123 1130 1136 1140 1146 1172 1173 1180 1186 1190 1522 1523 1530 1536 1540 1546 1823 1840 2023 2036 2040 2322 2323 2330 2336 2340 2346 3696 4823 
m971 14 46 2346 4814 
m1707 22 23 38 46 1122 1123 1138 1146 1172 1922 1923 1938 1946 2322 3696 
m1551 5 32 36 45 46 49 282 286 295 299 1636 1645 1649 1845 1849 2255 2282 2286 2295 2305 2332 2336 2345 2349 2495 4136 4336 
m1667 13 22 33 40 690 1113 1122 1133 1140 1690 3183 
m1673 8 36 46 2308 4308 4836 
m986 22 26 46 1122 1126 1146 1326 1346 2346 
m3381 36 40 1836 1840 2036 2040 
m1913 13 22 36 38 40 672 686 690 1113 1122 1136 1140 1822 1913 1922 1936 2022 2036 
m3097 22 36 40 41 1136 1140 1141 1836 1840 2036 2086 2090 4586 
m560 22 23 30 36 38 41 1122 1123 1130 1136 1138 1172 1173 1522 1523 1822 1823 1830 1838 1922 1923 1930 2072 2073 2080 2088 3673 4586 
m474 32 36 46 1832 2332 2336 2346 4836 
m1896 22 23 36 40 41 1123 1136 1140 1141 1173 1186 1190 1823 1836 2023 2036 2040 2072 2073 2086 2090 2091 3686 4323 
m2514 37 46 2337 2346 
m414 13 33 40 46 2013 2033 2046 2313 2333 4163 
m2 22 23 30 46 1122 1123 1130 1146 1180 1523 1530 1546 2330 4823 
m347 10 26 37 46 1310 1337 1346 1860 1896 2310 2346 4396 
m1045 45 2295 
m84 5 45 2255 
m922 12 13 20 22 32 36 40 49 632 682 699 1012 1013 1022 1032 1036 1040 1112 1113 1122 1132 1136 1140 1812 1813 1832 1836 1840 1849 2012 2013 2032 2036 2049 2462 2482 2486 3136 3162 3186 
m2385 23 30 38 1188 1523 1538 1923 1930 1938 
m632 22 36 40 46 1122 1136 1140 1146 1840 2022 2040 2046 2322 2336 2340 2346 
m939 3 30 37 46 153 180 187 196 1503 1530 1537 1546 1853 1880 2303 2330 2337 2346 4803 
m2924 36 38 41 46 1838 2096 2338 4346 4586 
m1153 14 40 46 2014 2040 2046 2314 2346 4814 
m3024 36 38 40 46 1840 1846 1936 1940 1946 2036 2038 2040 2046 2336 2338 2340 2346 
m2132 22 23 30 40 46 1122 1123 1130 1140 1146 1180 1196 1523 1530 1546 2022 2023 2030 2046 2330 3673 4823 
m1337 22 23 30 36 40 41 1123 1136 1140 1141 1173 1180 1823 1830 1836 1840 1841 2023 2036 2040 2041 2073 2080 3673 4586 
m2966 22 23 36 41 1122 1123 1136 1141 1172 1173 1186 1191 1822 1823 2072 2073 3673 4586 
m450 22 23 41 1123 1173 1191 3673 
m1590 12 46 646 2312 2346 3146 4846 
m2987 14 22 36 40 46 714 1114 1136 1140 1146 1814 2014 2036 2046 3236 3246 4346 4814 
m1253 13 22 30 680 1113 1122 1130 
m1468 22 37 45 46 1122 1137 1145 1146 1872 2272 2287 2296 2322 4837 
m1359 
m2370 22 23 36 41 1122 1123 1136 1141 1191 1841 2073 2091 4323 4586 
m355 37 40 46 1890 2037 2040 2046 2337 2340 2346 4396 
m259 36 46 2336 2346 4836 
m1453 22 23 36 40 46 1122 1123 1136 1146 1172 1822 1823 1836 2022 2023 2036 2040 2046 2322 2323 4323 4346 4836 
m1024 30 46 2330 2346 4846 
m1783 12 14 46 712 2314 2346 3146 3246 4812 
m122 12 23 36 40 41 46 49 1162 1190 1196 1199 1812 1840 1846 1849 2012 2023 2036 2040 2041 2046 2062 2073 2086 2096 2099 2312 2323 2336 2341 2346 2462 2486 2490 2496 3146 3686 4312 4336 
m1251 29 36 41 1829 1836 2079 2086 4336 
m4 22 41 46 1141 1146 2091 2341 
m1802 36 37 40 46 1837 1846 2036 2037 2040 2046 2337 2346 4346 
m1942 22 23 36 40 1122 1123 1136 1140 1173 1823 2023 2036 3673 
m764 23 30 38 40 46 1180 1923 1930 1946 2023 2038 2046 2330 4823 
m2659 5 36 46 49 255 286 296 299 1849 2346 2349 2486 2499 4836 
m3184 14 38 40 46 49 1938 1940 1946 2014 2046 2049 2346 2464 2496 4814 
m976 23 40 46 2023 2040 2046 2323 2346 4823 
m410 22 38 46 1138 1146 1922 1938 1946 
m2777 36 40 46 49 1840 1846 1849 2036 2040 2046 2049 2340 2346 2486 2490 2496 4336 4346 4846 
m2383 14 22 23 30 46 730 746 1114 1122 1123 1130 1146 1180 1514 1523 1530 1546 2330 3223 4823 
m1771 22 23 30 36 40 41 46 1122 1123 1130 1136 1140 1141 1146 1180 1522 1523 1530 1536 1540 1546 1822 1823 1830 1836 1840 1841 1846 2022 2023 2030 2036 2040 2041 2046 2072 2086 2090 2322 2323 2330 2340 4823 4846 
m2617 14 46 714 746 2314 2346 4814 
m767 26 32 36 46 1332 1336 1346 1832 2332 2336 2346 4836 
m2457 22 23 30 45 1123 1173 1180 1523 2272 2273 3673 
m1270 22 38 44 46 1138 1144 1146 1944 1946 2344 2346 
m1677 5 23 24 40 46 273 274 290 1190 1240 1246 2023 2024 2040 2046 2340 3696 3723 
m1501 32 36 38 39 46 1832 1839 1936 1939 1946 1982 2332 2336 2339 
m2601 23 30 36 41 1186 1191 1523 1536 1541 3673 3686 4586 
m2550 36 40 41 1836 1840 1841 2036 2041 2086 2090 2091 4586 
m1868 23 31 46 49 1196 1573 1596 2346 2473 2481 2496 2499 
m1772 22 40 46 1140 1146 2040 2046 2340 2346 
m2685 22 23 30 36 41 1123 1130 1141 1191 1523 1541 1822 1823 1830 1841 
m229 46 2346 
m3008 23 36 3686 
m899 13 22 45 695 1113 1122 1145 
m372 22 23 30 1123 1130 1172 1173 1180 1523 3673 
m2476 23 30 36 39 40 41 1173 1186 1190 1191 1523 1539 1541 1823 1973 1986 1991 2023 2036 2073 2086 2090 2091 3673 4323 4336 4586 
m1370 22 23 46 49 1123 1146 1149 1173 2323 2473 2496 3673 4823 
m2262 22 23 30 36 40 1122 1123 1130 1136 1523 1830 2022 2023 2030 2036 4323 
m1979 23 45 46 1196 2273 2296 2323 2346 3696 4823 
m936 14 40 46 2014 2040 2046 2314 2346 3214 4814 
m1224 22 30 36 1130 1822 1830 
m16 22 23 36 40 45 1122 1123 1136 1140 1145 1173 1822 1823 1836 1840 1845 2022 2023 2036 2040 2045 2273 3673 
m2869 46 2346 
m942 21 22 23 1072 1073 1171 1172 1173 
m1420 14 30 46 730 746 1530 2330 
m1077 14 23 30 730 1180 1523 1530 3223 
m3326 26 38 46 1926 1938 1946 2326 
m1208 23 36 41 45 1186 1191 2273 2286 2291 3673 3686 4586 
m2026 13 22 45 46 672 2263 2295 2296 2313 2322 2346 4813 
m1591 41 46 2091 2096 2341 
m650 5 13 38 46 263 296 1905 1913 1938 1946 2305 2313 2346 4813 
m2716 45 46 2345 2346 
m2509 22 30 36 38 41 46 48 1122 1138 1141 1146 1830 1848 1930 1936 1941 1946 2080 2086 2088 2091 2096 2098 2330 2336 2348 2430 4336 
m2701 
m527 45 
m1222 37 40 46 2037 2046 4396 
m608 14 36 46 714 736 1836 2314 2336 2346 3236 4814 4836 
m64 13 22 44 46 694 1113 1122 1144 1146 2313 2344 
m3361 14 22 23 30 40 45 46 714 746 1114 1145 1146 1164 1172 1190 1195 1196 1514 1522 1523 1530 1540 1545 1546 2014 2022 2023 2030 2040 2045 2046 2264 2296 2314 3664 
m675 23 30 36 41 1173 1523 1823 1830 2073 2080 3673 4323 4586 
m1009 22 32 33 36 40 1122 1132 1133 1136 1140 1633 1636 1832 1833 1836 1840 2032 2033 2036 4186 4333 4336 
m1853 22 23 45 1123 1145 1172 1173 2272 2273 3673 
m516 46 
m2295 22 1122 
m3077 22 23 36 40 41 1122 1140 1141 1173 1186 1190 1823 1836 2022 2023 2036 2040 2041 2073 2086 2090 2091 3686 4323 
m1538 36 40 41 1836 1840 1841 2036 2041 2086 2091 4336 4586 
m3026 32 40 45 46 1646 2032 2045 2046 2282 2296 
m618 22 32 46 49 1122 1132 1146 1622 1646 1649 2322 2332 2346 2349 2472 2482 2496 4846 
m299 22 23 30 36 40 41 1122 1123 1130 1136 1140 1173 1522 1523 1536 1822 1823 1830 1836 2022 2023 2030 2036 2072 2073 2080 2086 2090 2091 3673 4323 4586 
m1613 23 30 40 1180 1523 1530 2023 2030 
m3170 5 13 23 30 33 263 273 280 283 673 680 1173 1180 1513 1523 1533 1673 1680 3183 3673 
m903 38 46 1946 
m402 
m795 22 23 36 40 41 1123 1141 1173 1186 1190 1823 1836 2023 2036 2040 2072 2073 2086 2090 2091 3686 4323 
m2804 5 32 36 38 46 49 282 286 288 296 1632 1638 1646 1838 1846 1932 1936 1938 1946 2332 2338 2346 2455 2482 2486 2488 2496 4136 4332 4836 
m1053 30 36 38 40 46 1536 1540 1546 1838 1840 1846 2046 2330 2338 2340 2346 4836 
m2359 22 38 45 46 1122 1138 1145 1146 1938 1945 1946 2296 2346 
m2323 14 26 33 726 1314 1326 1333 1664 1676 1683 3233 
m782 22 38 45 46 49 1138 1145 1146 1922 1938 1945 1946 1949 2296 2299 2349 
m2380 22 23 30 38 41 1141 1172 1191 1522 1523 1538 1541 1922 1923 1930 1938 1941 
m2810 22 23 36 40 46 49 1122 1123 1136 1146 1149 1199 1849 2022 2023 2036 2046 2336 2346 2349 3686 4823 4836 
m378 38 46 1938 1946 2338 2346 
m1977 36 4336 
m1907 14 36 40 46 740 1814 1840 2014 2036 2040 2046 2336 2340 2346 3246 4346 4814 
m814 22 23 30 36 40 46 49 1172 1173 1190 1196 1522 1523 1536 1546 1549 1822 1823 1840 2022 2023 2046 2322 2472 2473 2486 2490 2496 3696 4323 4346 
m851 14 37 46 2314 2337 2346 4364 4814 
m1357 12 14 23 30 46 630 723 730 746 1180 1512 1523 1530 1546 2312 2330 3123 3212 4823 
m107 22 23 30 36 40 41 46 1130 1146 1541 1546 1836 1841 2023 2036 2041 2073 2086 2323 2336 2340 2341 3686 4323 4591 
m553 22 36 40 41 1136 1141 1836 1840 2036 2086 2090 4586 
m128 14 32 46 714 732 746 1614 1646 4814 
m1250 13 22 38 49 699 1113 1122 1138 1149 1913 1938 1949 
m1236 30 46 2330 
m2095 13 22 36 38 40 1113 1122 1136 1138 1140 1813 1840 1913 1936 1940 2013 
m1196 22 40 46 1146 2046 2322 2340 2346 
m693 23 45 1195 
m752 12 30 36 46 49 1512 1530 1546 1812 1830 1836 1846 1849 2346 2480 2496 2499 4812 
m1183 9 36 40 46 49 490 496 499 1840 1849 2049 2309 2336 2340 2346 2349 2459 2486 2490 2496 2499 2959 2986 
m3028 37 46 49 1899 2337 2346 2349 4396 4837 4846 
m3256 46 2346 
m281 5 36 38 46 49 286 288 296 299 1805 1836 1838 1846 1849 1905 1936 1946 2346 2349 2486 2499 4836 
m1566 36 40 46 1840 2036 2040 2046 2340 4346 
m3041 12 26 46 626 1312 1326 1346 2326 4812 
m322 22 37 46 1872 1896 2322 2346 4837 
m1239 14 36 38 40 46 49 738 1814 1838 1914 1936 1938 1940 1946 1949 2014 2036 2046 2314 2336 2338 2340 2346 2349 2464 2486 2490 2496 3246 4346 
m412 30 46 1546 2330 4846 
m1148 14 26 36 40 46 1314 1336 1340 1346 1814 1846 2014 2036 2040 2046 2346 4346 4814 
m1099 12 13 22 32 36 40 49 632 682 699 1112 1113 1122 1132 1136 1140 1812 1813 1832 1836 1840 1849 2012 2013 2032 2036 2049 2462 2482 2486 3136 3162 3186 
m538 13 22 40 45 46 1122 1140 1145 1146 2013 2040 2046 2272 2290 2296 2313 2346 3196 
m2558 30 36 38 1530 1538 1838 1930 1936 1938 4036 4330 
m2830 5 23 24 40 41 46 273 274 290 291 296 1190 1240 1246 2023 2024 2040 2046 2073 2074 2090 2096 2340 3696 3723 
m2090 5 32 1605 
m1105 30 38 40 45 46 1930 1938 1945 1946 2030 2038 2045 2046 2280 2288 2296 2330 2338 
m865 13 33 4163 
m1833 22 36 40 41 46 49 1136 1140 1146 1149 1822 1840 1846 1849 2022 2046 2072 2086 2090 2096 2322 2336 2340 2346 2349 2490 2496 4336 
m1058 22 37 46 49 1872 2322 2346 2487 2496 4396 4837 
m2781 22 23 30 36 37 40 41 46 49 1123 1130 1136 1137 1140 1146 1149 1180 1523 1530 1546 1822 1823 1830 1836 1837 1840 1846 1849 1872 1873 1880 1886 1890 1896 2022 2023 2030 2036 2037 2040 2046 2072 2086 2090 2099 2330 2346 2472 2473 2480 2486 2487 2490 2496 4396 4823 
m1559 5 45 255 295 2255 2295 
m2019 28 36 1428 1436 1828 1836 3936 4328 
m1162 12 41 46 2062 2091 2096 2312 2346 4812 
m63 
m2808 22 23 30 36 40 41 46 1122 1123 1130 1136 1140 1141 1146 1191 1523 1536 1541 1546 1822 1830 1841 1846 2023 2030 2036 2040 2041 2046 2072 2091 2341 3696 4323 4586 
m191 11 13 46 563 2311 2313 
m2753 14 46 49 2314 2346 2464 2496 4814 
m1969 45 46 2296 2345 2346 
m2012 22 23 27 30 36 40 49 1172 1186 1199 1372 1373 1380 1386 1399 1522 1523 1527 1530 1536 1549 1822 1823 1827 1830 1836 1840 1849 2023 2027 2030 2036 2040 2049 2472 2473 2477 2480 2486 2499 3686 4336 
m1037 14 22 36 40 722 736 740 1114 1122 1136 1140 1822 2022 2036 
m368 10 13 46 513 546 2310 2313 2346 4813 4846 
m2087 36 46 49 1836 2336 2346 2349 2486 2499 4336 
m780 38 46 1938 1946 2346 
m3207 46 2346 
m1660 23 30 46 1173 1180 1196 1523 1530 1546 2323 2330 2346 3696 4823 
m2630 46 2346 
m2831 32 36 46 49 1632 1636 1649 1849 2332 2336 2346 2349 
m522 22 32 46 1122 1132 1146 2322 2332 2346 4846 
m1922 13 38 46 1913 1938 1946 2313 
m2315 12 14 23 34 46 712 1162 1164 1196 1712 1714 1723 1734 1746 2314 3114 3214 3664 4812 
m853 33 38 40 46 1690 1696 1933 1938 1940 1946 2333 2338 2340 2346 
m1029 22 23 30 1122 1123 1130 1173 1522 1523 3673 
m621 23 26 30 40 46 1173 1180 1323 1330 1346 1523 2023 2026 2030 2046 2323 2330 3673 4823 
m3106 23 30 38 46 1173 1180 1188 1523 1530 1538 1923 1930 1938 2323 2330 2338 2346 3673 4823 
m3156 26 40 46 2026 2040 2046 2326 
m1510 36 40 41 46 49 1836 1840 1846 1849 2036 2040 2041 2046 2049 2086 2090 2096 2099 2336 2340 2346 2349 2486 2490 2496 4346 4586 4836 
m173 13 22 33 36 40 1113 1122 1133 1136 1140 1686 1690 1813 2013 2036 4163 
m2492 13 22 40 690 1113 1122 
m509 22 23 36 41 1123 1136 1141 1172 1173 1822 1823 2072 2073 3673 4586 
m2308 22 36 40 46 1136 1140 1146 1846 2022 2036 2040 2046 4336 4346 
m385 14 36 46 49 736 746 2336 2346 2349 2464 2486 2496 4814 4836 
m3201 14 36 46 49 736 746 749 1849 2336 2346 2349 4814 4836 
m1205 30 46 2330 2346 4846 
m3275 36 41 1841 2086 2091 4586 
m2477 36 40 46 49 1836 1840 1846 1849 2036 2040 2046 2049 2336 2340 2346 2349 4346 4836 4846 
m1514 45 2295 
m3245 22 37 46 1122 1137 1146 4837 
m110 37 38 46 1888 1937 1938 1946 2338 4837 
m2216 22 30 40 46 1130 1140 1146 2022 2030 2040 2046 2322 2330 2340 2346 
m2940 8 408 
m356 22 23 1122 1123 1173 3673 
m2801 5 13 22 33 46 655 1113 1133 1146 1655 1696 2305 2313 4163 
m1786 22 23 36 40 41 1122 1123 1136 1140 1141 1172 1173 1822 1823 1836 1840 1841 2022 2023 2036 2040 2041 2073 2086 2090 3673 4586 
m2173 32 46 1646 2332 2346 
m3168 46 
m919 12 32 36 46 1612 1812 2312 2332 2336 2346 4136 4812 4836 
m731 36 1836 
m435 22 23 30 32 36 46 49 1122 1123 1130 1146 1149 1172 1173 1180 1522 1523 1530 1549 1622 1623 1630 1632 1636 1646 1649 1822 1823 1830 1846 1849 2322 2323 2330 2349 2472 2473 2480 2486 2496 2499 3673 4823 
m2521 14 22 38 44 46 744 746 1114 1138 1144 1146 1914 1938 1944 1946 2344 2346 3246 
m728 14 38 46 1914 1946 2346 4814 
m136 22 23 36 40 41 1122 1123 1136 1822 1823 1836 1840 2022 2023 2036 2072 2073 2086 2090 3673 4323 4586 
m1790 13 38 688 1913 1938 
m3269 22 23 36 40 41 1122 1123 1136 1140 1141 1172 1173 1822 1823 1836 1840 1841 2022 2023 2036 2040 2041 2073 2086 2090 3673 4586 
m1266 
m1181 22 23 30 36 40 41 1123 1130 1172 1173 1180 1186 1190 1522 1523 1530 1536 1540 1822 1823 1830 1840 2022 2023 2030 2073 2080 2086 3673 
m2403 22 23 30 36 40 41 1122 1123 1130 1136 1140 1173 1522 1523 1536 1822 1823 1830 1836 2022 2023 2030 2036 2072 2073 2080 2086 2090 2091 3673 4323 4586 
m242 22 23 30 36 40 41 1122 1123 1130 1136 1140 1141 1172 1173 1186 1190 1191 1522 1523 1536 1541 1840 1841 2023 2036 2041 2072 2073 2086 2090 2091 3673 3686 4323 4336 4586 
m1611 22 23 36 40 46 49 1172 1822 1836 1840 1846 2022 2023 2036 2040 2046 2049 2322 2323 2336 2340 2346 2349 2473 2486 2490 2496 3696 4323 4346 4823 4836 
m1832 5 32 36 255 282 286 1605 1805 1832 1836 4332 
m2864 14 30 46 730 2314 2330 
m1435 22 36 40 41 1136 1140 1141 1836 1840 1841 2036 2041 2072 2086 2090 2091 4586 
m109 22 37 40 46 1137 1140 1146 1890 2022 2037 2040 2046 2337 2340 2346 4837 
m3176 22 36 40 46 1146 1822 1846 2022 2036 2040 2046 2346 4346 
m1237 22 23 36 40 1122 1123 1136 1140 1172 1173 1186 1190 1822 1823 1836 1840 2022 2023 2036 2040 3673 4323 
m3325 12 22 23 36 40 41 46 49 640 641 646 1112 1123 1136 1141 1146 1149 1812 1836 1840 1841 1846 1849 2036 2041 2046 2073 2086 2090 2091 2096 2099 2322 2323 2336 2340 2341 2349 2462 2473 2486 2491 2496 4323 4336 4812 4836 
m3292 30 38 46 1930 1938 1946 2330 2346 
m2962 13 22 37 672 1872 4363 
m114 22 23 30 41 46 1122 1123 1130 1141 1146 1172 1173 1180 1191 1196 1522 1523 1530 1541 1546 2072 2073 2080 2322 2323 2330 2341 2346 3673 3696 4823 
m2827 14 40 46 2014 2040 2046 2314 2346 4814 4846 
m2025 22 44 46 1122 1144 1146 2222 2246 2322 2344 2346 
m2255 6 14 36 46 49 314 706 714 736 746 749 1806 1814 1846 2306 2456 2464 2486 2496 4814 
m429 22 46 1122 1146 
m994 5 11 32 36 37 46 286 287 296 555 586 587 596 1605 1611 1636 1637 1646 1855 1861 1886 1887 1896 2305 2311 2332 2336 2337 2346 4337 4837 
m2871 22 37 40 46 1137 1146 2022 2037 2040 2046 2337 2346 4837 
m278 46 2346 4846 
m83 14 36 38 41 46 714 1814 1836 1838 1914 1936 2064 2086 2088 2096 2314 2336 2338 3236 4314 4586 4814 
m183 14 40 46 2014 2040 2046 2314 2346 4814 4846 
m1299 22 23 46 1123 1172 1173 2322 2323 3673 4823 
m1813 27 32 1382 
m203 23 30 36 40 41 49 1190 1523 1530 1540 1541 1823 1830 1836 1840 1841 1849 2073 2080 2090 2473 2480 2486 2490 2491 2499 
m2354 23 36 40 46 48 1190 1823 1836 1840 1846 1848 2023 2036 2040 2046 2048 2336 2340 2346 2423 2436 2446 3686 3696 4323 4346 4823 4836 
m1175 14 36 40 46 1814 1846 2014 2036 2040 2046 2346 4346 4814 
m1112 22 41 46 1122 1141 1146 2341 2346 
m1397 14 32 40 46 732 1632 1646 2014 2032 2046 2332 3246 
m490 
m1272 40 45 46 2045 2046 2290 2295 2296 2340 2345 2346 
m757 13 38 46 688 1913 1938 1946 2313 2338 2346 3196 
m3267 22 23 36 40 41 1122 1123 1136 1140 1141 1172 1173 1822 1823 1836 1840 1841 2022 2023 2036 2040 2041 2072 2073 2086 2090 3673 4586 
m2094 37 40 46 1890 2037 2040 2046 2337 2340 2346 4396 
m1042 22 30 36 46 1130 1136 1146 1536 1546 1822 1830 1836 1846 2322 2330 2336 2346 4836 
m3021 8 41 46 49 408 446 449 2058 2096 2308 2341 2346 2349 2458 2496 
m2969 22 23 36 40 41 1122 1123 1136 1140 1141 1172 1173 1822 1823 1836 1840 1841 2022 2023 2036 2040 2041 2072 2073 3673 4586 
m1341 36 38 40 41 1841 1941 2036 2041 2086 2090 2091 
m1141 22 36 38 40 1122 1136 1138 1140 1836 1838 1840 1936 1938 2036 2038 2040 
m3032 23 36 40 41 46 1191 1823 1836 1840 1841 1846 2023 2036 2040 2041 2046 2323 2336 2341 2346 3686 4341 4346 4823 
m1244 22 23 30 46 1123 1130 1146 1172 1173 1180 1196 1523 1530 1546 2330 4823 
m726 22 23 30 45 46 1123 1130 1145 1146 1196 1523 1545 1546 2273 2296 2346 
m340 8 41 46 49 408 446 449 2058 2096 2099 2349 
m1674 14 38 40 46 49 1914 1940 1946 1949 2014 2046 2049 2346 2464 2496 4814 
m1177 20 22 36 41 1022 1120 1122 1136 1141 1820 1822 2070 2072 4586 
m2883 22 23 36 40 41 1122 1123 1136 1140 1173 1822 1823 1836 2022 2023 2036 2072 2073 2086 2090 3673 4323 4586 
m3073 22 32 46 48 1132 1146 2332 2422 2432 2446 4846 
m3216 22 23 30 36 40 41 46 1122 1123 1130 1136 1140 1141 1146 1172 1173 1180 1186 1190 1191 1523 1536 1540 1541 1841 2023 2036 2041 2073 2080 2086 2090 2091 2322 2323 2330 2341 3673 4323 
m2378 27 38 46 1927 1938 1946 2327 
m1962 23 30 40 1180 1190 1523 1530 1540 2023 2030 
m40 23 30 36 49 1180 1523 1530 1549 1823 1830 1836 1849 2473 2480 2486 2499 
m955 5 13 22 33 36 40 263 272 283 286 290 672 686 690 1113 1122 1133 1136 1140 1672 1686 1690 1822 2022 2036 2040 3183 
m1948 32 38 46 1632 1646 1932 1938 1946 2332 2346 
m967 26 30 36 44 46 1330 1336 1344 1346 1830 2230 2330 2336 2344 2346 4736 
m2273 23 30 36 41 1173 1180 1186 1191 1523 1530 1536 1541 1823 1830 1836 1841 2073 2080 2091 3673 4323 4586 
m1234 14 38 46 49 746 749 1914 1938 1946 1949 2346 2349 
m2079 12 41 46 2062 2091 2096 2312 
m1044 13 22 32 36 37 40 672 686 690 1113 1122 1136 1137 1140 1613 1622 1636 1637 1822 1872 1886 1890 2022 2036 3187 
m2611 5 23 30 40 46 1155 1180 1505 1523 1530 1546 2005 2023 2030 2040 2046 2305 2323 2330 2340 4846 
m326 14 22 40 45 46 722 2014 2045 2046 2264 2272 2296 2314 2322 2340 2345 2346 4814 
m2614 30 36 40 49 1536 1549 1830 1836 1849 2030 2036 2499 4336 
m1935 22 46 1122 1146 2346 
m1721 13 46 2313 
m2989 14 23 30 46 1196 1514 1523 1546 2314 2323 2330 2346 3664 4814 4823 
m1051 30 36 38 40 46 1830 1930 1936 1940 1946 2030 2036 2046 2330 2336 2340 2346 4836 
m446 12 23 30 38 41 46 641 1191 1512 1523 1541 1546 1912 1923 1930 1941 1946 2341 3662 4812 4823 
m1689 30 36 39 40 46 1536 1540 1546 1830 1836 1840 1846 1980 1986 1990 1996 2030 2036 2040 2046 2330 2336 2340 2346 4346 4496 4836 
m2482 6 14 23 32 36 706 723 732 736 1156 1182 1606 1636 1806 3686 
m376 23 30 33 46 1180 1523 1530 1533 1546 1680 2330 2333 4173 4823 
m996 46 2346 
m1910 30 38 39 1930 1980 1988 
m3213 13 22 32 36 40 672 686 690 1113 1136 1140 1613 1622 1636 1640 1822 2022 2036 2040 3186 4336 
m2634 26 33 1676 
m2235 22 23 36 40 41 1122 1123 1136 1140 1141 1172 1173 1822 1823 1836 1840 2022 2023 2036 2040 2072 2073 2086 2090 3673 4586 
m1574 6 14 32 36 314 332 732 1806 1814 1832 
m1444 22 23 30 1122 1123 1130 1172 1173 1180 1522 1523 1530 3673 
m2802 23 30 36 38 40 46 1180 1186 1190 1523 1530 1536 1540 1546 1830 1923 1930 1936 1940 1946 2023 2030 2036 2038 2040 2046 2323 2330 2340 4836 
m3165 36 
m1946 38 41 46 49 1938 1946 1949 2088 2096 2099 2341 2346 2349 
m2499 6 14 32 36 49 706 714 732 736 749 1606 1636 1806 2456 2482 2486 
m181 12 32 36 38 46 1612 1646 1812 1912 1932 1936 1946 2312 2332 2336 2346 3146 4136 4346 4812 
m2691 22 23 36 41 1122 1123 1136 1822 1823 2072 2073 3673 4323 4586 
m169 22 23 30 46 1122 1123 1130 1146 1196 1523 1546 2346 
m1054 22 30 36 40 41 46 1122 1130 1136 1140 1141 1146 1830 2022 2030 2036 2040 2046 2072 2090 2096 2330 2336 2340 4836 4846 
m1855 14 22 32 46 732 1114 1132 1146 2314 2332 2346 4814 
m1820 22 26 44 46 1144 1146 1322 1344 1346 2244 2246 2344 2346 4846 
m2902 22 23 30 36 40 46 1122 1123 1130 1136 1140 1146 1180 1523 1530 1822 1823 1830 1840 1846 2022 2023 2030 2046 2330 4823 
m3014 22 23 30 36 40 46 1122 1123 1130 1136 1140 1146 1172 1173 1180 1522 1523 1530 1822 1823 1830 1846 2022 2023 2030 2036 2046 2322 2323 2330 3673 4823 
m3333 38 45 46 1938 1945 1946 2345 
m2999 13 38 1913 1938 
m263 22 23 30 36 40 45 46 1122 1123 1130 1136 1140 1145 1146 1172 1173 1180 1186 1190 1196 1522 1523 1530 1536 1540 1545 1546 1822 1823 1830 1845 2022 2023 2030 2036 2046 2272 2273 2280 2286 2290 2296 2322 2323 2330 2336 2340 2345 2346 3696 4346 4823 
m387 22 23 30 46 1122 1123 1130 1146 1180 1523 1530 1546 2323 2330 3673 4823 
m2014 32 36 46 49 1636 1649 1832 1836 1846 1849 2332 2336 2346 2349 2482 2486 2496 2499 4332 4336 
m1073 22 23 30 46 1122 1123 1130 1146 1180 1523 1530 1546 2330 2346 4823 
m1666 23 30 46 1180 1523 1530 2330 4823 
m73 11 23 30 41 1161 1173 1180 1511 1523 1530 2061 2073 2080 3673 
m3010 30 36 40 45 46 49 1545 1549 1830 1845 1849 2030 2036 2045 2046 2330 2336 2345 2349 2495 
m3294 30 37 46 1530 1537 1546 1880 2330 2337 2346 
m1871 23 41 1191 2073 3673 
m598 22 36 37 40 46 1122 1136 1140 1146 1822 1836 1837 1840 1846 1872 1896 2022 2036 2037 2040 2046 2322 2337 2346 4387 4396 4837 4846 
m819 22 23 36 41 1122 1123 1136 1141 1191 3686 4586 
m2101 22 23 30 36 40 45 46 1123 1130 1136 1140 1146 1180 1523 1530 1536 1546 1830 2023 2030 2036 2046 2272 2273 2280 2286 2290 2296 2330 2336 4323 4823 
m556 22 36 40 41 1136 1141 1836 1840 2036 2086 2090 4586 
m2684 12 14 23 30 41 46 641 723 730 741 1191 1512 1514 1523 1530 1541 2312 2314 2330 2341 3212 3662 4823 
m856 36 40 41 1836 1840 2036 2086 2090 2091 4586 
m773 13 22 38 49 699 1113 1122 1138 1913 1938 1949 
m2690 12 13 46 662 696 2312 2346 3196 4812 
m768 22 30 36 40 45 1122 1136 1140 1522 1536 1540 1836 1840 2022 2036 2040 2272 2280 2286 
m2726 22 23 30 46 1122 1123 1130 1146 1180 1523 1530 1546 2330 4823 
m1015 23 36 40 41 1173 1186 1190 1823 1840 2023 2036 2040 2073 2086 2090 3673 
m3193 38 46 1946 2346 
m1171 38 41 46 49 1938 1946 1949 2088 2096 2099 2341 2346 2349 
m2895 38 46 1938 1946 2346 
m353 36 46 2336 2346 4836 4846 
m2135 22 30 36 40 46 1122 1130 1136 1146 1522 1536 1822 2022 2030 2036 2322 2330 2336 2340 2346 4836 
m1789 13 38 688 1913 1938 
m3 32 36 38 41 46 1638 1646 1838 1846 2082 2096 2332 2336 2338 2341 2346 4332 4586 
m1906 38 41 46 1941 1946 2091 2341 
m2053 36 37 41 46 49 1837 1841 2087 2341 2486 2487 2491 2496 4336 4346 4837 
m1454 12 23 30 46 1162 1196 1512 1523 1530 1546 2346 3696 4812 
m449 22 23 36 40 41 1122 1123 1136 1140 1141 1172 1173 1822 1823 1836 1840 2022 2023 2036 2040 2072 2073 2086 2090 3673 4586 
m3205 23 30 36 41 49 1173 1180 1186 1199 1523 1530 1823 1830 1849 2073 2080 2086 2099 2473 2480 3673 
m2942 12 22 23 27 30 41 46 641 1112 1123 1127 1130 1141 1146 1173 1191 1362 1372 1373 1380 1391 1512 1522 1523 1527 1530 1541 2062 2072 2073 2077 2080 2091 2312 2322 2323 2327 2330 2341 3123 3662 4823 
m2196 44 46 2246 2344 2346 4846 
m492 46 
m2069 33 38 41 46 1691 1933 1941 1946 2341 4833 
m2563 13 38 1913 1938 
m502 5 22 27 46 1146 1355 2305 2327 
m3341 21 36 40 46 1090 1096 1840 1846 2321 2336 2340 2346 4321 
m2398 5 32 36 46 49 282 286 296 1632 1636 1649 1849 2305 2332 2336 2346 2349 
m1307 22 37 40 46 1872 2022 2037 2040 2046 2322 2337 2340 2346 4396 
m2933 14 46 49 2314 2346 2464 2496 4814 
m1798 13 22 32 36 38 40 672 686 690 1113 1136 1140 1613 1622 1636 1640 1822 1913 1922 1932 1936 1940 2022 2036 2040 3186 4336 
m1987 22 23 30 41 46 1122 1123 1130 1141 1146 1172 1173 1191 1522 1523 1530 1541 1546 2322 2323 2330 2341 2346 3696 4823 
m3352 14 22 32 36 40 45 46 714 722 732 736 740 746 1114 1145 1146 1614 1622 1632 1640 1646 1814 1822 1840 2014 2022 2040 2045 2046 2264 2286 2314 2322 2332 2336 2345 2346 3246 4332 4346 
m329 14 22 30 38 46 730 1114 1130 1138 1146 1914 1930 1946 2330 3246 
m3194 22 32 46 1122 1132 1146 1622 1632 1646 2322 2332 2346 4846 
m3057 22 36 40 46 48 1136 1140 1146 1822 1836 1840 1846 2022 2036 2040 2046 2048 2322 2336 2340 2346 2348 2422 2436 2440 2446 4346 4836 
m2464 12 14 22 36 45 46 49 645 712 745 1112 1114 1146 1812 1814 1822 1845 1846 1849 2314 2345 2346 2462 2464 2472 2496 3146 3246 4812 
m59 46 2346 
m3281 22 23 36 40 41 1122 1123 1136 1140 1141 1172 1173 1822 1823 1836 1840 2022 2023 2036 2040 2041 2073 2086 2090 3673 4586 
m2517 32 36 40 41 46 1641 1646 2036 2041 2046 2332 2336 2341 2346 4136 4586 
m275 13 14 22 40 46 672 722 2013 2014 2040 2046 2313 2314 3164 
m3147 
m544 32 36 41 46 1641 1646 2332 2336 2341 2346 4136 4586 
m498 14 22 46 722 2322 3246 
m2483 36 40 46 49 1836 1846 2036 2040 2046 2049 2336 2346 2349 2486 2496 4336 4836 
m1842 5 22 38 46 1122 1146 1905 1922 1938 1946 2305 2346 
m1973 
m2229 23 30 49 1180 1199 1549 2473 2480 2499 
m3366 5 36 37 46 49 286 296 299 1849 1855 1886 1896 1899 2305 2336 2346 2349 4836 4837 
m3188 6 14 32 314 332 732 
m3133 26 36 40 45 46 1826 1845 1846 2026 2036 2040 2045 2046 2276 2296 2326 2346 4346 4846 
m1681 12 32 36 40 612 632 636 640 1612 1640 1812 2012 2036 4136 
m200 29 34 36 1484 1486 1729 1734 1736 1829 1834 1836 4236 4334 
m1479 14 36 40 46 1814 1840 1846 2014 2036 2040 2046 2314 2346 4346 4814 4846 
m3339 22 37 46 49 1137 1146 1899 2346 2349 2496 4396 4837 
m1873 23 41 1191 2073 3673 
m2656 5 22 36 38 40 46 49 286 296 299 1136 1138 1140 1146 1149 1836 1846 1849 1905 1936 1938 1946 1949 2036 2038 2046 2049 2346 2349 2455 2486 2496 2499 4836 
m2237 
m2860 22 26 32 46 1126 1132 1146 1332 1346 1646 2326 2332 2346 
m1287 22 23 30 46 1122 1123 1130 1146 1180 1522 1523 1530 1546 2330 4823 
m2203 12 36 46 49 646 649 1849 2336 2346 2349 3136 4812 
m2776 22 23 30 36 40 46 1122 1123 1130 1136 1140 1146 1172 1180 1186 1190 1196 1522 1523 1530 1536 1540 1546 1830 2022 2023 2030 2036 2046 2330 4836 
m163 10 14 27 38 710 1360 1364 1388 1910 1914 1927 1938 
m184 17 40 46 2017 2046 2346 4817 
m325 22 23 30 38 1123 1130 1172 1173 1188 1522 1523 1530 1538 3673 
m1057 22 26 44 46 1122 1126 1144 1146 1322 1344 1346 2222 2246 2322 2326 2344 2346 4846 
m623 46 2346 
m2855 5 36 38 46 49 286 296 299 1849 1905 1936 1938 1946 2346 2349 2486 2499 4836 
m2166 45 46 2296 2346 
m981 26 41 46 1341 1346 2341 
m551 22 23 36 40 1122 1123 1136 1140 1173 1822 1823 1840 2022 2023 3673 
m1474 22 23 36 40 41 46 1123 1136 1141 1146 1191 1822 1823 1836 1841 1846 2022 2023 2036 2040 2041 2046 2323 2336 2341 2346 3686 4341 4346 4823 
m1119 26 32 36 46 1332 1336 1346 1832 2332 2336 2346 4836 
m2686 23 38 45 1923 2273 2288 
m2073 12 14 46 712 2314 2346 3146 3246 4812 
m423 8 36 408 2936 4308 
m2412 22 23 30 38 46 1123 1130 1146 1180 1523 1530 1546 1922 1923 1930 1938 1946 2330 4823 
m883 26 36 37 46 49 1336 1337 1346 1349 1837 1846 1849 2476 2486 2487 2496 2499 4837 
m633 14 22 46 1114 1122 1146 2314 2346 4814 
m530 36 41 1841 
m2829 32 36 38 46 49 1632 1636 1649 1849 1932 1936 1938 1946 1949 2332 2336 2338 2346 2349 
m973 13 16 22 36 40 672 686 690 822 836 840 1113 1116 1122 1136 1140 1822 2022 2036 3166 
m1890 26 41 46 1341 1346 2096 
m3125 14 22 32 732 1114 1132 
m2742 5 13 14 33 655 705 713 1655 1664 4163 
m1060 22 30 46 1522 1546 2322 4846 
m1418 14 22 38 46 1114 1146 1914 1922 1938 1946 2314 2322 2346 4814 
m2390 32 38 45 46 49 1638 1646 1938 1946 1949 2282 2288 2296 2299 2332 2338 2346 2349 
m1376 22 23 32 36 1123 1132 1136 1173 1182 1186 1623 1823 3673 4332 
m1123 22 23 32 36 40 46 49 1122 1123 1132 1136 1140 1146 1149 1172 1173 1182 1186 1190 1196 1199 1622 1623 1632 1636 1640 1646 1822 1823 1832 1836 1840 1846 1849 2022 2023 2032 2036 2046 2049 2322 2323 2332 2336 2346 2349 2472 2473 2482 2486 2490 2496 3673 3686 3696 4323 4346 
m72 8 23 30 38 46 423 430 1173 1180 1508 1523 1908 1923 1930 1946 2308 2323 2330 3673 
m1843 5 13 22 33 36 40 263 272 283 286 290 672 686 690 1122 1136 1140 1672 1686 1690 1822 2022 2036 3183 
m2704 23 30 36 41 1523 1823 1830 2073 2080 3673 4323 4586 
m3196 22 40 46 1146 2022 2046 2346 4846 
m146 32 36 38 40 46 1636 1638 1640 1646 1836 1838 1840 1846 2036 2046 2332 2336 2338 2340 2346 4136 4336 4346 
m208 14 22 46 714 722 746 2314 2322 2346 3246 4814 
m801 15 16 37 46 1865 2315 2316 2337 2346 3315 4366 
m1799 22 23 30 36 40 46 1122 1123 1130 1136 1140 1146 1180 1523 1530 1536 1546 1830 1846 2022 2023 2030 2036 2040 2046 2330 4323 4823 
m1056 6 36 42 49 2456 2486 2492 2836 4606 4636 
m1281 23 30 36 49 1180 1199 1549 1823 1830 1849 2473 2480 2486 
m1285 41 46 2091 2096 2341 
m314 22 23 30 36 40 46 1122 1123 1130 1136 1140 1146 1172 1173 1522 1523 1530 1540 1546 1822 1823 1830 1840 1846 2022 2023 2030 2036 2040 2046 2322 2323 2330 2340 2346 3696 4823 
m1393 14 22 36 40 41 46 714 722 736 741 1822 1836 1841 2014 2036 2041 2046 2072 2314 2322 2336 2341 3236 4314 4586 4814 
m1929 23 38 1173 1188 1923 
m33 22 26 33 36 49 1322 1333 1349 1672 1822 1826 1833 1849 2472 2483 
m2763 5 14 36 46 49 264 286 296 299 746 749 1849 2349 2486 2499 3236 4836 
m568 5 22 23 30 46 255 273 280 296 1105 1122 1123 1130 1146 1180 1505 1523 1530 1546 2330 4823 
m2408 32 34 38 46 1632 1646 1732 1734 1746 1932 1934 1946 2332 
m1154 14 40 46 2014 2040 2046 2314 2346 4814 
m861 22 23 36 40 46 49 1122 1123 1136 1172 1822 1823 1836 1849 2022 2023 2036 2040 2046 2049 2322 2323 2336 2349 2472 2473 2486 4323 4336 4346 4836 
m2774 41 2091 
m1536 22 23 30 39 46 1123 1130 1139 1146 1172 1173 1180 1189 1196 1522 1523 1539 1546 1972 1973 1980 1989 1996 2322 2323 2330 2339 2346 3689 3696 4473 4496 4823 
m2519 22 32 46 1122 1132 1146 2332 2346 
m2828 13 23 36 46 49 1813 1823 1846 1849 2313 2346 2463 2473 2496 3663 4813 4823 
m160 13 22 33 36 40 672 686 690 1113 1122 1133 1136 1140 1672 1686 1690 1822 2022 2036 3183 
m1318 23 46 49 2323 2346 2473 2496 4823 
m145 22 
m56 14 46 47 747 2346 2347 4814 
m519 22 23 46 1123 1146 1196 
m1254 23 30 37 39 1180 1523 1530 1537 1539 1880 1980 1987 4373 4473 
m407 22 23 30 36 40 41 46 49 1122 1123 1130 1136 1140 1141 1146 1172 1173 1186 1190 1191 1199 1522 1523 1530 1536 1540 1541 1546 1549 1822 1823 1830 1836 1840 1841 1846 1849 2022 2023 2030 2036 2040 2041 2046 2049 2072 2073 2086 2090 2096 2099 2330 2336 2340 2341 2349 2472 2473 2486 2490 2496 3696 4823 
m2778 23 31 46 49 1196 1573 1596 2323 2346 2473 2481 2496 
m3088 3 30 38 46 180 188 196 1903 1930 1938 1946 2330 
m749 14 23 30 36 40 46 730 1180 1814 1823 1830 1846 2014 2023 2030 2036 2040 2046 2314 2330 2346 3223 4346 4814 4823 
m1421 23 30 36 40 41 1173 1180 1186 1190 1523 1530 1536 1540 1823 1830 1836 1840 2023 2030 2036 2040 2073 2080 2086 2090 3673 4323 
m2532 23 46 2346 3696 4823 
m2154 32 36 38 40 46 49 1632 1636 1649 1849 1932 1936 1946 1949 2032 2036 2038 2046 2332 2336 2338 2340 2346 2349 
m1821 22 23 30 36 40 45 1123 1130 1136 1145 1523 1830 2022 2023 2030 2036 2045 2273 2280 2286 4323 
m1179 14 29 31 36 49 729 731 736 1579 1586 1814 1829 1831 1836 1849 2464 2479 2481 2486 3236 4086 4336 
m542 22 44 46 2222 2246 2322 2344 2346 4846 
m2944 22 36 41 1122 1136 1141 1841 2072 2086 2091 4586 
m2853 22 23 30 1172 1522 1523 
m1277 6 43 4656 
m2705 23 30 36 41 1523 1823 1830 2073 2080 3673 4323 4586 
m2896 22 30 36 40 41 1122 1130 1136 1140 1141 1522 1536 1840 2036 2040 2072 2080 2086 
m1201 40 41 46 2046 2090 2096 2340 
m1550 41 
m1652 26 38 41 1326 1338 1341 1926 1941 2076 2088 4591 
m1265 5 23 27 41 273 291 1355 1373 1391 2073 3673 
m929 22 38 46 1138 1146 1922 1938 1946 2322 2338 
m1136 23 38 45 1923 2273 2288 
m2856 46 
m312 28 36 40 1428 1828 1836 2028 2036 3936 4328 
m32 
m2341 38 46 1938 1946 2338 2346 
m1264 14 23 30 46 730 1180 2314 2323 2330 2346 3223 4814 4823 
m2123 26 46 1346 
m591 26 32 36 40 46 49 1336 1340 1346 1349 1632 1636 1649 1849 2032 2036 2040 2046 2332 2336 2340 2346 2349 
m3365 13 22 36 37 40 672 686 690 1113 1122 1136 1137 1140 1822 1872 1886 1890 2022 2036 3187 
m3232 5 22 23 24 40 46 273 274 290 1123 1146 1190 1222 1240 1246 2022 2023 2024 2046 2340 3696 3723 
m959 3 14 46 703 2314 2346 2696 3246 4803 
m1676 36 40 46 49 1840 1846 1849 2036 2040 2046 2049 2336 2340 2346 2486 2496 4336 4346 4846 
m2213 22 38 46 1138 1146 1938 1946 
m2643 22 36 40 41 1136 1140 1141 1841 2036 2041 4336 4586 
m745 37 46 1896 2346 4837 
m1958 22 23 30 41 1122 1123 1130 1141 1173 1191 1522 1523 1541 2073 3673 
m1655 13 25 38 46 675 1913 1925 1946 2313 2325 
m2951 41 44 45 2241 2245 2291 
m9 14 37 46 49 2314 2337 2346 2464 2487 2496 4364 
m3287 22 23 30 1122 1123 1130 1172 1173 1180 1522 1523 1530 
m1628 22 23 36 40 1122 1123 1136 1140 1172 1173 1186 1190 1822 1823 1836 1840 2022 2023 2036 2040 3673 3686 4323 
m1446 15 22 27 38 46 777 1115 1127 1146 1915 1922 1938 1946 2315 2327 2346 
m2696 14 30 40 46 1514 1546 2014 2030 2040 2046 2314 2346 4814 
m1432 22 23 30 36 40 41 1122 1123 1130 1136 1140 1141 1173 1522 1523 1536 1822 1823 1830 1836 2022 2023 2030 2036 2072 2073 2080 2086 2090 2091 3673 4323 4586 
m1762 28 36 38 1928 1936 1938 4328 
m2779 13 25 38 46 675 1913 1925 1946 2313 2325 
m3348 46 2346 
