m3643 22 45 1122 1145 2272 2295 
m2503 13 22 38 672 1113 1138 1913 1922 
m1751 5 30 36 46 280 286 1536 1830 1836 2305 2330 2336 4836 
m2421 30 36 40 45 46 1830 1845 2030 2036 2040 2045 2046 2280 2330 2345 4346 
m1307 20 45 1045 
m2525 22 23 36 40 46 49 1172 1822 1823 1836 1840 1849 2022 2023 2036 2040 2046 2049 2322 2323 2336 2349 2473 2486 3686 4336 4346 4836 
m1696 22 26 41 46 1141 1146 1322 1341 1346 2341 
m2327 45 
m342 12 36 40 41 46 636 640 641 1836 1840 1841 2036 2041 2336 2340 2341 3136 4336 4812 
m1453 22 36 40 41 49 1122 1136 1141 1149 1841 1849 2022 2036 2041 2049 2486 2491 4336 
m2295 5 45 295 
m246 36 38 46 1936 1946 4836 
m2642 14 30 46 730 746 2330 
m1818 36 40 45 1845 2036 2045 
m2026 44 46 49 2344 2349 2494 
m45 23 30 36 40 46 1173 1190 1196 1523 1536 1540 1546 1823 1840 2023 2046 2340 3696 4323 4346 
m1923 23 45 1195 2273 2295 
m1553 5 31 36 255 281 286 1555 1581 1586 1805 1831 1836 
m2155 36 40 46 1840 2336 2340 
m640 26 32 36 40 46 49 1336 1340 1346 1349 1632 1636 1649 1849 2032 2036 2040 2046 2332 2336 2340 2346 2349 
m2650 22 44 46 1146 2344 2346 4846 
m1325 32 33 40 46 1633 2032 2033 2040 2046 2332 2333 
m609 37 45 1895 
m1494 22 23 30 38 41 1123 1130 1172 1173 1188 1522 1523 1530 1538 2072 2073 2080 3673 
m345 13 33 46 1663 1683 2313 2333 4163 4833 
m3513 37 41 46 2087 2096 4837 
m2100 14 26 32 46 726 732 746 1314 1326 1332 1346 1626 1646 2326 
m2791 14 22 45 745 1114 1145 
m678 22 36 37 40 46 1137 1146 1822 1837 1846 1872 2022 2036 2046 2322 2337 2346 4346 4837 
m449 14 46 714 746 2314 2346 3246 4814 
m3006 5 26 33 45 1305 1333 1345 1655 1695 2255 
m1342 22 23 30 38 41 1123 1172 1173 1188 1522 1523 1530 1538 2072 2073 2080 2088 3673 
m3356 14 36 40 45 736 740 745 1840 2036 2286 2290 4336 
m3022 22 36 40 46 1136 1146 1836 1840 1846 2036 2046 2336 2340 2346 4836 
m1244 13 46 696 
m3104 22 44 46 1146 2344 2346 4846 
m2610 22 44 46 1146 2344 2346 4846 
m1273 36 41 46 2341 4341 4836 
m371 22 37 39 1137 1139 1987 
m2888 14 45 2264 3214 
m3603 45 46 2296 2345 4846 
m155 22 32 36 40 46 1122 1132 1136 1140 1622 1632 1636 1640 1840 2040 2322 2332 2336 2346 
m1795 22 46 1146 
m1934 45 46 2345 2346 
m3025 22 45 46 1122 1145 1146 2272 2295 2296 2345 
m1353 41 2091 
m236 45 46 2345 
m2360 13 22 32 45 682 1113 1132 1145 2263 2282 
m1025 17 22 44 46 49 899 1144 1146 2217 2246 2317 2344 2346 2349 3396 4817 4846 
m1990 28 36 1828 1836 
m676 22 46 1146 2346 
m2930 16 36 46 49 1816 1846 2316 2346 2486 2496 
m960 22 23 36 40 46 1122 1123 1136 1140 1146 1172 1822 2022 2023 2036 2040 2046 2322 2323 2336 2340 2346 4323 4823 
m2891 26 3826 
m1862 14 23 30 38 730 1180 1514 1523 1530 1538 1914 1923 1930 1938 3223 
m90 12 45 46 645 2312 2345 
m2376 11 13 33 563 583 3183 
m1022 45 46 2296 2346 
m3432 12 36 40 46 49 636 640 649 1836 1849 2036 2049 2336 2340 2349 2499 4812 
m2988 26 36 46 1826 2326 2336 2346 4346 
m1115 46 2346 
m1161 23 30 46 1180 1523 1530 1546 2330 2346 4823 
m788 22 44 46 1146 2222 2244 2246 2322 2344 2346 4846 
m2455 8 46 2308 2346 4846 
m1981 22 26 44 46 1144 1146 1322 1344 1346 2244 2246 2344 2346 4846 
m626 14 30 37 714 730 737 1880 3237 
m331 22 23 30 36 41 46 1122 1123 1136 1141 1191 1522 1523 1536 1841 2322 2323 2330 2336 3686 
m2288 14 40 46 49 2014 2040 2046 2314 2346 2464 2490 2496 4814 
m2269 14 22 23 46 1114 1123 1146 1196 2314 3664 
m2788 30 45 46 2280 2295 2296 2330 2346 
m2778 37 38 41 46 1937 1938 1941 1946 2087 2096 4837 
m1250 14 45 46 2264 2296 2314 2346 4814 
m2230 12 22 23 36 41 46 49 622 623 636 641 649 1123 1136 1141 1191 1822 1823 1841 2322 2323 2336 2341 2349 2472 2473 2486 2491 3136 4323 4336 4812 
m3346 5 36 45 46 286 295 1845 2305 2336 2345 4336 
m856 38 46 1946 2338 2346 
m544 16 23 30 38 45 46 830 1180 1516 1523 1530 1546 1916 1930 1945 1946 2266 2273 2280 2296 2316 2323 2330 2345 2346 3323 4823 
m848 12 14 22 46 622 722 1112 1114 1122 1146 2314 2322 3114 4812 
m2749 32 36 40 41 46 1641 1646 2036 2041 2046 2332 2336 2341 2346 4136 4586 
m1649 13 38 46 1913 1946 4813 
m1825 45 46 2296 
m2545 40 45 2045 
m630 44 46 49 2246 2494 2496 
m1281 45 46 2295 2345 
m379 13 36 40 49 2013 2036 2463 2486 2490 4313 
m2987 32 36 46 49 1636 1649 1849 2332 2336 2346 2349 2486 2499 4136 4336 
m2801 13 46 2313 2346 4813 
m779 22 44 46 1146 2344 2346 4846 
m1261 5 45 46 2255 2305 2345 2346 
m1224 3 30 45 46 180 195 2280 2296 2330 2345 2346 2696 4803 
m2902 5 38 46 288 296 1946 
m129 36 45 49 1849 2286 2299 
m2679 44 46 49 2246 2494 2496 
m1969 13 22 46 1113 2313 2322 
m2962 45 46 2345 2346 
m3370 36 38 46 48 1836 1838 1848 1936 1938 1948 2336 2338 2348 2436 2438 2448 4336 4836 
m103 22 23 30 36 46 49 1122 1123 1130 1146 1149 1172 1173 1180 1199 1522 1523 1530 1549 1822 1823 1830 1846 1849 2322 2323 2330 2349 2472 2473 2480 2496 3673 4823 
m1037 37 41 46 2087 2096 4837 
m2215 12 22 23 36 41 46 49 622 623 636 641 649 1123 1136 1141 1191 1822 1823 1841 2322 2323 2336 2341 2349 2472 2473 2486 2491 3136 4323 4336 4812 
m370 26 37 38 46 1876 1926 1937 1946 2326 4396 
m460 22 23 30 1123 1130 1180 1530 
m3551 26 36 46 49 1326 1336 1346 1349 1826 1846 1849 2326 2476 2496 
m879 32 45 1645 
m2054 5 45 46 2255 2305 2345 
m2882 22 46 1146 
m2554 12 45 46 645 2345 4812 
m2832 22 23 30 40 41 1130 1140 1180 1523 1530 2022 2023 2030 2072 2090 
m2910 14 22 1114 
m2412 36 40 46 49 1849 2036 2040 2046 2049 2336 2346 2349 4336 4836 
m1060 23 40 46 49 1196 2023 2040 2046 2473 2490 2496 
m2283 
m2138 16 
m1704 33 45 48 1695 1698 2298 
m1676 22 36 40 41 46 49 1136 1140 1141 1836 1849 2036 2049 2086 2090 2099 2322 2336 2340 2341 2349 4336 
m1454 22 23 32 38 46 1123 1132 1146 1182 1196 1922 1923 1932 1946 2332 
m1293 22 23 30 39 41 1123 1130 1139 1141 1523 1973 1980 1991 2073 2080 3673 4473 
m3314 22 30 36 1522 1536 1822 
m3144 45 46 2295 2296 2345 
m1212 16 32 40 44 46 832 844 1644 2016 2032 2044 2046 2316 2332 2344 
m3103 28 37 38 39 46 1878 1928 1937 1938 1939 1946 1978 1987 2328 4396 4496 
m1641 22 40 41 46 1122 1140 1146 2022 2040 2046 2340 
m2802 22 32 36 37 40 1622 1636 1637 1640 1822 1840 1872 1886 1890 2022 2036 2040 4336 
m3156 14 36 49 1814 1849 2464 
m2851 3 46 2303 2346 4803 4846 
m3134 5 22 46 1105 1146 2305 
m341 28 36 40 1428 1828 1836 2028 2036 3936 4328 
m3437 12 26 34 45 46 634 645 1312 1334 1345 1346 1734 2284 2334 2345 4812 
m2812 14 22 41 46 722 2064 2072 2096 2314 2322 2341 2346 4814 
m1763 38 46 1946 
m1323 22 45 1122 1145 2272 
m1815 17 46 2317 2346 4817 
m1671 9 13 33 38 463 483 488 688 1688 4163 
m3447 23 45 46 1195 2323 2345 2346 
m1892 23 36 40 41 1186 1190 1191 1840 1841 2036 2040 2041 
m340 13 22 33 36 40 1113 1122 1133 1136 1140 1813 1833 1840 2013 2033 4163 
m2597 40 46 2046 2346 
m2878 3 30 153 180 1503 1530 
m3502 
m2355 5 46 2305 
m2595 16 23 36 1186 1816 3666 
m1458 8 37 46 408 437 446 1858 2308 4396 
m962 14 46 746 
m3245 22 23 36 40 46 49 1123 1136 1146 1149 1836 1846 1849 2022 2023 2036 2046 2049 2323 2473 2486 2496 3686 4323 4336 4836 
m916 23 36 3686 
m2071 22 44 46 1144 1146 2246 2344 2346 4846 
m467 11 13 33 45 563 583 595 2263 2283 3183 
m3042 22 36 41 46 49 1141 1822 1841 1846 2322 2341 2486 2491 2496 
m3642 37 45 1895 
m471 37 46 2337 
m2922 38 46 1946 
m1517 14 39 1964 
m2073 13 17 22 45 46 672 872 2263 2267 2295 2296 2313 2317 2322 3363 
m2616 32 36 46 1832 2332 2336 2346 4836 
m787 18 45 945 
m760 5 32 46 255 282 2305 2332 
m2239 40 44 46 49 2044 2046 2049 2344 2349 2494 
m218 32 45 1645 
m2208 22 44 46 1122 1144 1146 2222 2246 2322 2344 2346 
m2911 14 22 40 46 722 746 2014 2022 2046 2322 
m3228 26 46 50 1326 1346 1350 2350 
m3338 28 38 1928 1938 
m3588 32 45 46 1632 1646 2282 2296 2332 
m1491 13 46 47 696 2363 2396 
m1621 13 22 38 1113 1122 1138 1913 1938 
m877 26 46 1346 
m2272 36 46 49 1836 2336 2346 2349 2486 2499 4336 
m1195 22 23 30 36 46 1172 1522 1523 1536 1822 2322 2330 2336 2346 3686 4823 4836 
m470 13 33 45 2263 2283 3183 
m1849 22 26 44 46 1122 1144 1146 1322 1326 1344 1346 2344 2346 4846 
m1234 36 38 45 48 1838 1845 1848 1936 1938 1945 1948 2295 2436 2438 2445 2448 4336 
m3624 30 40 45 46 2045 2046 2280 2296 2330 2345 4846 
m3137 22 40 45 46 1140 1145 1146 2045 2046 2345 
m603 23 30 46 1523 1546 2323 
m3210 45 46 2296 
m1117 36 
m1200 26 44 46 1346 2226 2246 2326 2344 2346 
m992 32 36 38 41 46 1641 1646 1936 1941 1946 2332 2336 2341 2346 4136 4586 
m1400 22 44 46 1146 2344 2346 4846 
m1674 22 36 40 41 46 49 1136 1140 1141 1149 1836 1849 2036 2049 2086 2090 2099 2322 2336 2340 2341 2349 4336 
m2129 22 23 30 36 40 46 1122 1123 1130 1136 1140 1146 1172 1173 1522 1523 1530 1540 1546 1822 1823 1830 1840 1846 2022 2023 2030 2036 2040 2046 2322 2323 2330 2340 2346 3696 4823 
m1267 36 40 46 2036 2046 2340 2346 4836 4846 
m13 18 46 918 946 2318 2346 
m1798 41 2091 
m1503 23 30 38 41 46 49 1173 1523 1930 1938 1941 1946 1949 2073 2080 2323 2330 2341 2473 2480 2491 2496 3673 
m3019 16 23 36 46 1186 1816 2316 2323 2336 3666 
m210 3 45 153 2253 
m549 12 17 46 612 2312 2317 2346 3117 4812 
m894 22 33 46 1122 1133 1146 1696 2333 2346 4196 
m2641 23 38 45 46 1195 1923 1945 1946 2323 2345 
m2997 33 45 1695 2283 2295 
m2773 16 45 46 845 2345 4816 
m1132 22 44 46 1146 2246 2344 2346 4846 
m1222 37 
m1100 32 36 4332 
m1507 45 46 2296 
m1820 38 46 1946 
m563 22 30 36 40 1136 1140 1522 1536 1540 1822 1830 1836 1840 2022 2030 2036 2040 4336 
m2162 27 45 46 2277 2296 2327 4846 
m1395 22 45 46 49 1146 1149 2272 2296 2299 2349 2472 2495 2496 
m2247 36 40 46 1836 1840 1846 2036 2040 2046 2336 2340 2346 4336 4346 
m1778 34 46 2334 
m3127 26 46 1346 
m55 5 32 45 46 1605 1645 1646 2255 2305 2345 
m2442 18 45 945 
m2204 
m670 30 45 1530 2280 
m1058 23 41 46 1173 2073 2323 2341 3673 
m3368 20 23 1020 1023 1170 
m1835 11 
m3266 22 23 24 40 45 46 1122 1145 1172 1190 1195 1222 1240 1245 1246 2022 2023 2024 2040 2045 2046 2272 2295 2322 2340 2345 3696 3723 
m337 13 22 33 36 40 45 672 686 690 695 1122 1136 1140 1672 1686 1690 1822 2022 2036 2272 2283 2286 2290 3183 
m1898 13 22 26 33 36 40 672 686 690 1113 1122 1133 1136 1140 1313 1322 1333 1336 1340 1663 1672 1683 1686 1690 1822 2022 2036 3183 
m2799 22 23 1122 1123 1172 1173 3673 
m1417 36 46 49 1849 2336 2349 4336 
m783 22 40 44 46 1146 2044 2046 2246 2344 2346 4846 
m2927 30 36 46 49 1830 2330 2336 2480 2486 2496 
m890 14 33 4164 
m1541 49 
m827 36 46 48 2436 2446 4836 
m1285 23 36 40 41 46 1191 1823 1836 1841 1846 2023 2036 2040 2041 2046 2323 2336 2341 2346 3686 4341 4346 4823 
m1092 22 44 46 1144 1146 2246 2322 2344 2346 4846 
m2808 36 49 1849 2486 2499 
m863 22 23 30 36 38 40 1123 1130 1136 1140 1172 1173 1180 1186 1188 1190 1522 1523 1538 1822 1830 1922 1923 1930 1936 1938 1940 2022 2023 2030 2036 2040 3673 4323 
m361 45 
m433 
m3428 22 46 1122 1146 2322 2346 
m21 23 30 36 40 1173 1180 1190 1523 1530 1536 1540 1823 1830 1836 1840 2023 2030 2036 2040 3686 4323 4336 
m1196 13 22 33 36 40 672 686 690 1113 1122 1133 1136 1140 1672 1686 1690 2036 3183 
m1094 44 46 2246 2344 2346 4846 
m3589 32 46 1632 1646 2332 
m2848 22 23 36 40 41 1123 1136 1140 1173 1186 1190 1191 1823 1836 1840 1841 2023 2036 2040 2041 2073 2086 3673 3686 4323 4586 
m3415 22 36 40 46 1122 1136 1140 1146 1840 2040 2336 2340 
m2713 32 36 38 41 46 49 1641 1646 1938 1941 1946 1949 2332 2336 2341 2346 2482 2486 2491 2496 4136 4586 
m1175 36 
m1076 22 32 45 46 1132 1145 1146 2282 2296 2332 
m1209 22 37 46 1137 2322 4837 
m2164 36 
m3673 22 36 45 1136 1145 1845 
m2948 13 33 45 695 1695 4163 
m111 22 23 30 36 40 41 46 1122 1123 1130 1136 1140 1141 1146 1191 1523 1536 1541 1546 1841 1846 2023 2030 2036 2040 2041 2046 2072 2073 2091 2341 3696 4323 
m57 37 46 1896 2337 2346 4837 
m2237 5 32 36 45 1605 1805 1845 2255 2282 4332 
m710 16 32 46 832 2332 4816 
m2900 5 13 22 33 655 1113 1122 1133 1655 1672 4163 
m3656 14 22 23 30 40 45 46 714 746 1114 1145 1146 1164 1172 1190 1195 1196 1514 1522 1523 1530 1540 1545 1546 2014 2022 2023 2030 2040 2045 2046 2264 2296 2314 3664 
m3414 13 23 49 673 1163 1173 1199 2463 2473 2499 3163 
m2879 14 22 36 49 749 1114 1136 1149 1814 1849 
m3213 45 46 2296 
m3336 22 36 38 40 46 1136 1138 1140 1146 1838 1946 2036 2038 2040 2046 2336 2338 2340 2346 4346 
m3632 22 46 1146 
m3242 10 36 40 49 536 1810 1836 1849 2010 2036 2049 2460 2486 
m2016 36 40 45 46 1845 2036 2040 2045 2046 2295 2296 2345 4346 
m39 12 23 36 41 46 636 1823 2062 2073 2096 2336 3123 4586 4812 4823 
m3033 22 23 45 1123 1145 1172 1195 3673 
m149 22 
m1845 22 44 46 1146 2344 2346 4846 
m2293 23 30 45 1195 1523 1545 
m352 33 44 49 1694 1699 2494 
m2580 14 38 40 45 46 740 745 1914 1938 1940 1945 1946 2290 2340 2345 3246 
m317 36 38 46 49 1849 1936 1946 2336 2346 2349 4836 
m3190 14 714 
m2984 23 30 36 1180 1530 1823 1830 
m3411 33 36 41 1686 2083 4586 
m1163 22 23 30 46 1122 1123 1130 1146 1180 1523 1530 1546 2330 2346 4823 
m3587 13 22 32 36 40 672 686 1113 1122 1136 1140 1613 1622 1636 1822 1836 1840 2022 2036 2040 
m3657 13 33 49 2463 2483 4163 
m1525 22 23 31 36 46 1172 1181 1186 1196 1596 1822 1846 2322 3686 4086 4331 4336 4346 
m1571 14 45 46 745 746 2345 
m2270 46 2346 4846 
m1739 13 22 36 45 46 672 1822 2263 2272 2286 2296 2313 2322 2336 4313 
m2244 32 45 1645 
m3013 22 27 36 40 1122 1127 1136 1140 1390 1827 1836 1840 2027 2036 2040 
m2441 22 45 46 1145 1146 2345 
m929 22 46 1146 
m3034 14 49 2464 
m482 33 46 2333 2346 4833 
m1042 30 45 46 2280 2296 2330 2346 
m2276 38 45 46 1945 1946 2296 
m3365 15 22 46 772 2322 4815 
m1305 5 22 30 37 46 272 280 287 296 1522 1537 1855 1872 1880 1887 1896 2305 2322 2330 2337 2346 4387 4837 
m2111 
m1459 23 45 1195 2273 2295 
m34 22 30 40 46 1130 2022 2030 2040 2046 2322 2330 2346 
m2358 12 38 45 46 645 1912 1946 2345 4812 
m1768 5 23 37 46 49 299 1155 1173 1199 1855 1873 1899 2305 2323 2349 4837 
m3240 23 30 46 1180 2330 2346 4823 
m1171 37 45 46 1895 2345 4837 
m1116 22 23 30 1122 1123 1130 1173 1180 1522 1523 1530 
m1984 22 23 32 1122 1123 1132 1182 1622 1623 1632 
m2789 22 32 46 1122 1132 1146 1622 1632 1646 2322 2332 2346 
m1477 8 
m126 5 37 45 46 1855 2255 2287 2296 2305 4837 
m3359 14 36 40 45 736 740 745 1840 2036 2286 2290 4336 
m1909 13 22 33 36 40 46 1113 1122 1133 1136 1140 1146 1813 1833 1840 1846 2013 2022 2033 2036 2040 2046 2313 2333 4163 
m2648 22 44 46 1146 2322 2344 2346 4846 
m2671 22 26 44 46 1146 1322 1344 1346 2326 2344 2346 4846 
m1452 22 36 41 49 1136 1149 1841 1849 2072 2086 2091 2099 2486 2491 4336 
m172 22 44 46 1146 2344 2346 4846 
m2729 13 33 36 38 40 688 1688 1813 1833 1838 2013 2033 2036 2038 4163 
m3323 6 42 2842 
m284 26 32 46 1626 1646 2326 
m2136 26 37 41 46 1337 1341 1346 1891 2341 4837 
m2242 
m2567 13 22 36 40 1113 1122 1136 1140 1813 1840 2013 
m3363 8 36 40 46 1808 1836 1840 1846 2008 2036 2040 2046 2308 2336 4336 
m2336 12 23 36 46 49 636 649 1199 1849 2336 2349 3123 3686 4812 4823 
m142 22 32 46 1122 1132 1146 2332 2346 4846 
m2468 37 
m1944 22 45 46 1146 2272 2296 4846 
m2781 5 36 44 46 49 286 296 299 1849 2205 2236 2246 2249 2346 2349 2455 2486 2494 2496 4836 
m1977 27 32 1382 
m709 23 30 46 1196 1523 1530 1546 2323 2330 2346 3696 4823 
m1988 45 
m1685 26 37 46 1337 1346 1896 2346 
m2342 22 23 36 40 41 1122 1123 1136 1140 1141 1172 1822 1823 1836 1840 1841 2022 2023 2036 2040 2041 2072 2073 2086 3686 
m87 23 38 1923 3673 
m1625 22 23 36 45 1122 1123 1136 1172 1173 1186 2272 2273 3673 
m3548 30 45 46 2280 2296 2330 2346 4846 
m987 30 40 46 2030 2040 2046 2330 2346 
m1660 37 46 1887 1896 2337 2346 
m2627 22 40 46 2046 2322 2346 
m1425 14 45 46 714 745 746 2345 4814 
m3069 30 44 45 1545 2230 2245 
m132 13 46 2313 
m1448 36 46 2336 
m2157 46 
m41 
m1080 37 45 46 1895 2337 2345 2346 
m1737 23 28 36 1178 1186 1823 1828 1836 3673 
m684 22 36 40 46 1122 1136 1140 1146 1840 2022 2040 2046 2322 2336 2340 2346 
m1607 38 46 1946 
m1521 14 
m3154 23 30 36 41 1523 1823 1830 2073 2080 3673 4323 4586 
m1336 36 
m730 32 36 46 2332 2336 2346 4332 4836 
m196 14 32 36 46 746 1614 1632 1636 1646 1814 1832 1836 1846 2314 2332 2336 2346 4332 
m586 13 36 38 46 49 699 1849 1913 1936 1946 1949 2313 2349 3186 4836 
m296 26 
m3455 22 23 30 46 1122 1123 1130 1146 1180 1523 1530 1546 2330 2346 4823 
m1996 30 37 46 1880 2330 4837 
m93 22 46 1146 2322 2346 
m443 22 40 46 1140 1146 2046 
m3543 22 23 36 40 41 46 49 1122 1123 1136 1140 1141 1149 1173 1186 1190 1822 1823 1836 1841 1849 2022 2023 2036 2040 2046 2072 2073 2086 2322 2323 2336 2341 2349 2472 2473 2486 2491 3673 3686 4323 4336 
m1570 22 24 1124 
m2874 22 46 49 1149 2322 2346 2349 
m2978 5 13 14 33 655 705 713 1655 1664 4163 
m315 22 27 36 46 49 1127 1136 1146 1149 1377 1386 1396 1399 1827 1849 2322 2327 2336 2346 2349 2477 2486 2496 2499 
m3675 23 30 1523 
m2821 22 23 36 40 49 1122 1123 1136 1140 1149 1173 1186 1190 1822 1823 1836 1849 2023 2036 2472 2473 2486 3673 3686 4323 4336 
m2451 22 39 45 46 1122 1146 1972 1995 1996 2272 2296 
m3560 28 36 38 1438 1838 1928 1936 4328 
m2741 22 45 46 1145 1146 2345 4846 
m3423 45 46 2295 2345 
m396 11 13 22 38 563 572 588 688 1113 1138 
m3217 22 26 33 1126 1133 1676 
m980 3 38 153 188 1903 
m780 22 37 46 1872 2322 2337 
m319 22 37 41 46 1137 1141 1146 2087 2096 4837 
m2318 13 22 36 38 40 1113 1122 1136 1138 1140 1813 1840 1913 1936 1940 2013 
m3618 22 26 36 45 46 1126 1136 1146 1336 1345 1346 1845 2336 2345 2346 4836 
m2875 38 
m392 36 
m475 5 13 14 33 263 283 705 713 733 4163 
m2408 16 44 49 844 849 2494 
m650 13 22 38 1113 1122 1138 1913 
m2655 22 23 30 1122 1123 1130 1172 1173 1180 1522 1523 1530 3673 
m231 23 45 1195 
m2396 5 36 41 45 46 286 291 1836 1841 2286 2291 2296 2305 2336 2341 4836 
m3599 22 23 36 40 41 1122 1123 1136 1140 1141 1172 1822 1823 1836 1840 2023 2036 2072 2073 2086 2090 2091 3673 4323 4586 
m1233 32 36 40 41 46 1640 1641 1646 1846 2032 2036 2040 2041 2046 2096 2332 2336 2340 2341 2346 4136 4586 
m3342 33 45 46 2283 2296 2333 2346 4833 4846 
m175 13 22 45 695 1113 1145 2263 2272 2295 
m3457 30 32 36 40 46 1630 1640 1646 1830 1840 2030 2330 2332 2336 2340 2346 4136 
m2471 45 
m306 37 40 41 46 1890 2037 2046 2087 2090 2096 2340 4396 
m3585 22 26 33 40 1126 1133 1676 2022 2026 2033 
m1013 14 22 36 40 46 722 1814 1822 1836 1840 1846 2014 2022 2036 2040 2046 2314 2322 2340 2346 3246 4314 4346 4836 
m655 22 32 36 37 40 1122 1136 1137 1140 1622 1636 1637 1640 1822 1872 1886 1890 2022 2036 
m2673 22 23 30 45 46 1122 1123 1130 1145 1146 1195 1522 1523 1530 1545 1546 2273 2280 2295 2296 2322 2330 2345 2346 3696 4823 
m174 38 45 2288 
m2499 14 38 46 49 746 1914 1946 1949 2464 2496 
m2660 32 36 46 1632 1636 1646 1832 1836 1846 2332 2346 4332 4846 
m2579 37 46 1896 
m1803 23 36 38 40 41 1173 1186 1188 1190 1923 1936 1938 1940 2023 2036 2073 2086 2088 3673 3686 4323 4336 
m2954 22 40 46 1140 1146 2046 
m2986 26 37 46 1876 2326 2337 
m2873 21 23 46 1171 2321 2323 
m235 22 38 46 49 1146 1149 1922 1946 1949 2349 2472 2488 2496 
m3139 28 36 38 46 1928 1936 1946 2328 2336 2346 4328 4836 
m2190 22 36 40 49 1149 1822 1849 2022 2036 2049 
m3481 23 36 41 49 1186 1199 1823 1836 1849 2073 2086 2099 2473 3673 4323 4586 
m318 23 45 1173 1195 2273 2295 
m1884 23 36 1186 1836 3686 
m488 26 33 47 1333 1347 1697 
m3398 22 23 36 41 45 1122 1123 1136 1141 1145 1173 1186 1195 1845 2073 2095 3673 3686 4323 4586 
m2302 36 40 41 46 1841 2036 2040 2041 2046 2086 2090 2091 2096 2336 2340 2341 2346 
m2961 23 30 38 1180 1188 1523 1538 1938 3673 
m1135 22 30 36 41 1122 1130 1136 1530 1536 1541 1830 2080 4586 
m1651 36 45 46 49 1846 1849 2286 2296 2299 2349 
m1363 5 46 2305 
m3427 36 46 49 1849 2336 2346 2349 4836 
m110 6 36 40 42 46 49 2006 2036 2042 2046 2049 2306 2336 2342 2349 2456 2486 2492 4306 4342 4606 
m949 45 46 2295 2296 
m1194 22 44 46 1146 2344 2346 4846 
m353 36 46 1846 2336 2346 4836 
m1975 23 45 1195 2295 
m3574 22 23 30 1122 1123 1130 1172 1173 1180 1522 1523 1530 
m1356 4 42 45 2254 2292 2742 
m2140 13 22 33 36 40 48 672 686 690 1113 1122 1133 1136 1140 1672 1686 1690 1822 2022 2036 2413 2422 2433 2436 2440 3183 
m3142 22 46 1146 
m264 38 45 1938 1945 
m2629 32 1632 
m2606 14 21 46 721 746 1096 
m1155 13 20 22 32 36 40 672 686 690 1013 1022 1032 1036 1040 1122 1136 1140 1613 1622 1636 1640 1822 2022 2036 
m79 44 46 49 2246 2494 2496 
m2470 36 48 1836 1848 2436 2448 4336 
m2030 13 36 46 49 699 1849 2313 2349 4313 4836 
m1639 6 42 4606 
m1255 37 46 2337 2346 4837 4846 
m1201 30 36 40 46 49 1549 1830 1836 1846 1849 2030 2036 2040 2046 2049 2330 2349 2480 2499 
m1364 5 15 38 40 46 755 1905 1915 1938 1940 1946 2005 2015 2038 2040 2046 2305 2315 2346 4815 
m845 22 36 46 1122 1136 1146 1822 1846 2322 
m2663 22 45 46 1146 2272 2296 
m426 11 45 595 
m1253 37 46 1887 1896 2337 2346 4837 
m1078 12 14 33 46 712 746 2333 3133 3233 4812 
m1689 36 45 46 1845 2286 2295 2345 4836 
m825 11 13 33 39 563 583 589 689 1983 3183 
m249 22 40 44 46 1140 1144 1146 2022 2040 2044 2046 2222 2240 2246 2322 2340 2344 2346 4846 
m982 22 44 46 1146 2222 2246 2344 2346 4846 
m1188 37 38 46 1896 1937 1946 
m3091 22 30 39 1130 1139 1980 
m888 5 14 36 264 286 4314 
m533 23 30 46 1173 1180 1196 1523 1530 1546 2323 2330 2346 3696 4823 
m253 3 32 36 41 46 186 191 1603 1641 2303 2332 2336 2341 4136 4586 
m1886 13 22 44 46 694 1113 1146 2313 2344 
m3053 23 30 36 38 40 46 1180 1186 1190 1523 1530 1536 1540 1546 1830 1923 1930 1936 1940 1946 2023 2030 2036 2038 2040 2046 2323 2330 2340 4836 
m716 22 23 30 1122 1123 1130 1172 1173 1180 1522 1523 3673 
m3476 27 45 46 2277 2296 2327 2346 
m627 23 45 2273 
m2378 22 47 2372 2397 
m2085 13 22 36 38 40 672 686 690 1113 1122 1136 1140 1822 1913 1922 1936 2022 2036 
m2 10 30 46 530 2310 2330 
m2397 45 2295 
m2842 22 40 46 1122 1140 1146 2340 
m654 14 
m775 38 46 1938 1946 
m3391 5 33 45 46 1655 1695 2255 2305 2345 4833 
m2598 11 13 22 33 36 40 661 1111 1113 1122 1133 1136 1140 1661 1811 1813 1833 1840 2011 2013 2033 4163 
m3070 12 22 36 41 46 49 622 641 1141 1812 1822 1841 2322 2336 2341 2462 2472 2486 2491 2496 3136 4312 4336 4812 
m1817 26 46 1346 2346 
m3129 22 44 46 1144 1146 2222 2246 2322 2344 2346 4846 
m104 13 33 45 1695 2263 4163 
m127 37 40 46 1890 2037 2040 2046 2337 2340 2346 4396 
m1721 44 46 2344 2346 
m1166 36 40 48 49 1836 1840 2036 2436 2440 2449 2486 2490 4336 
m784 13 32 38 46 682 1913 1932 1946 2313 2332 
m1168 37 45 1895 
m2688 14 46 714 746 2346 3246 
m1331 30 46 2330 
m2855 37 46 4837 
m1567 6 36 42 45 306 345 1845 2106 2145 2836 4306 4606 4636 
m1483 22 36 40 41 46 1122 1136 1140 1141 1146 1822 1836 1841 2036 2041 2046 2072 2086 2090 2091 2096 2322 2336 2340 2341 2346 4346 4586 4836 
m885 37 38 46 49 1887 1888 1899 1937 1946 2337 2338 2346 2349 4396 4837 
m2144 22 37 38 46 49 1137 1146 1149 1899 1922 1937 1938 1946 1949 2349 4396 
m517 39 
m1299 5 41 2055 
m1162 17 45 895 2267 2295 
m1584 22 37 46 1137 1146 2337 2346 4837 
m376 14 22 722 1114 1122 
m2536 37 40 46 49 1899 2037 2046 2049 2337 2340 2346 2349 4396 
m2728 13 36 40 46 696 1813 2013 2036 2040 2046 4346 
m439 22 30 36 39 41 1136 1139 1522 1536 1539 1541 1986 2072 2089 4586 
m2061 22 26 38 46 1122 1146 1322 1338 1346 1922 1938 1946 2322 
m951 9 36 1809 1836 2959 4309 4336 
m338 37 
m1690 22 23 30 1122 1123 1130 1172 1173 1180 1522 1523 1530 3673 
m20 22 41 44 46 49 1146 1149 2072 2094 2096 2099 2344 2349 2494 
m3004 14 49 2464 
m1257 13 45 2263 
m786 37 
m1461 12 14 23 30 46 630 723 730 746 1180 1512 1523 1530 1546 2312 2330 3123 3212 4823 
m1280 8 22 23 30 46 408 422 423 430 446 1122 1123 1130 1146 1180 1523 1530 1546 2330 4823 
m3150 22 36 41 46 49 1136 1141 1849 2086 2099 2322 2336 2341 2349 4336 
m1309 37 40 41 46 2037 2046 2087 2090 2096 4837 
m560 26 45 46 1345 1346 2345 
m2947 14 22 27 40 727 1114 1127 2014 2022 2027 
m816 22 33 46 1133 1146 2333 
m3623 22 44 45 46 1146 2272 2294 2296 2344 2346 4846 
m1511 14 32 40 46 732 1632 1646 2014 2032 2046 2332 3246 
m287 32 49 1632 2482 
m1608 14 36 40 46 1814 1840 1846 2014 2036 2040 2046 2314 2346 4346 4814 4846 
m2340 36 
m2632 18 45 2268 
m1396 22 45 1122 1145 2272 2295 
m1594 22 23 36 40 41 46 49 1123 1136 1140 1149 1173 1186 1190 1199 1840 2022 2023 2036 2040 2041 2049 2072 2073 2086 2090 2099 2322 2323 2340 2341 2473 2486 3673 3686 4323 
m1903 23 36 40 41 46 49 1191 1836 1841 2023 2036 2041 2073 2086 2090 2091 2096 2099 2323 2336 2340 2341 2349 2473 2486 2490 2491 2499 4323 4336 4836 
m2297 5 32 36 1605 1636 1805 
m1725 14 46 2314 2346 4814 
m3441 14 45 2264 
m1140 14 714 
m1995 18 45 945 2295 
m2449 39 40 41 46 1990 1991 1996 2040 2046 2090 2096 
m1907 46 2346 
m2326 23 30 36 49 1180 1199 1549 1823 1830 1849 
m3205 5 45 46 2255 2296 2305 
m3468 22 23 30 1122 1123 1130 1172 1173 1522 1523 3673 
m2291 29 
m42 22 26 33 36 49 1322 1333 1349 1672 1822 1826 1833 1849 2472 2483 
m2926 27 36 46 49 1827 2327 2336 2486 2496 
m324 17 46 4817 
m1001 45 
m207 45 
m850 22 23 36 38 40 1123 1136 1138 1140 1173 1922 1923 1936 1938 1940 2023 2036 2038 3686 
m3119 22 36 41 46 1822 2072 2096 2322 4586 4836 
m3361 21 36 46 49 1086 1099 1849 2321 2336 2346 2349 
m390 14 46 746 2346 
m2989 5 13 14 33 655 705 713 1655 1664 4163 
m2137 5 13 33 46 263 283 296 696 2305 2313 2333 2346 3183 
m3328 13 36 40 45 686 1813 1840 1845 2013 2036 2045 2263 2286 4336 
m415 22 38 45 46 1145 1922 1945 1946 2322 2345 
m804 23 38 45 1188 1195 1945 2288 2295 
m2565 23 36 40 46 48 1190 1823 1836 1840 1846 1848 2023 2036 2040 2046 2048 2336 2340 2346 2423 2436 2446 3686 3696 4323 4346 4823 4836 
m1812 14 36 49 736 749 1849 2486 2499 4336 
m2543 5 14 26 33 45 264 276 283 726 1676 2255 2264 2276 2283 3233 
m2753 5 32 1605 
m3101 22 44 46 1146 2344 2346 4846 
m3620 46 
m3600 22 36 40 1122 1136 1140 2022 2036 2040 
m2252 33 38 41 46 1691 1933 1941 1946 2341 4833 
m1202 37 46 4837 
m2395 23 36 40 45 46 49 1190 1195 1836 1840 1845 2023 2036 2040 2045 2046 2049 2323 2336 2340 2345 2473 2486 2495 2496 3686 4323 4336 4836 
m893 40 45 2045 
m3040 46 4846 
m3407 
m1922 22 44 46 1144 1146 2222 2244 2246 2322 2344 2346 4846 
m750 22 30 32 36 40 41 46 49 1122 1130 1132 1136 1140 1141 1146 1522 1532 1536 1546 1622 1646 1822 1830 1832 1836 1840 1846 1849 2022 2030 2032 2036 2040 2046 2049 2072 2090 2096 2322 2472 2480 2482 2486 2490 2496 4346 4846 
m2374 13 22 1113 
m411 33 45 1695 
m2633 46 2346 
m2760 23 45 46 1195 2323 2345 4823 4846 
m232 3 23 30 41 46 180 1180 2053 2073 2080 2096 2303 2330 2673 4823 
m2846 32 36 46 49 1632 1636 1649 1849 2332 2336 2346 2349 
m2786 12 32 612 1612 
m148 22 36 40 41 49 1136 1140 1141 1822 1836 1840 1841 2036 2072 2086 2090 2091 2472 2486 2491 4336 
m1738 36 
m2825 22 23 36 40 1122 1123 1136 1140 1173 1823 1840 2023 2040 3673 
m1264 13 22 33 36 37 40 41 683 686 690 1113 1122 1133 1136 1140 1141 1690 1813 1822 1833 1836 1840 1872 1886 1887 2013 2022 2033 2036 2040 2063 2072 2086 
m737 32 37 45 46 1637 1645 1895 2332 2337 2345 
m1529 40 45 46 2045 2046 2296 
m2909 14 22 1114 
m344 22 23 41 1122 1123 1141 1172 1173 1191 3673 
m1376 30 36 41 46 1830 1836 1841 1846 2080 2330 2336 2341 2346 4586 4836 
m3539 9 36 46 49 459 486 496 499 1809 1846 1849 2309 2336 2346 2349 2459 2486 2496 2499 4336 
m547 40 41 46 2046 2090 2096 2340 2341 2346 
m1397 37 46 49 1887 1899 2337 2346 2349 2487 2496 4396 4837 
m1501 26 32 36 46 1332 1336 1346 1832 2332 2336 2346 4836 
m1522 18 23 1168 
m1278 22 23 36 40 41 1122 1123 1136 1140 1141 1172 1173 1186 1190 1191 1822 1823 1836 1840 1841 2023 2036 2041 2072 2073 2086 2090 2091 3673 3686 4323 4586 
m781 22 30 36 40 41 49 1130 1136 1141 1536 1540 1541 1830 1836 1840 1841 2036 2072 2080 2086 2090 2091 2472 2480 2486 2491 
m68 26 34 38 46 1326 1334 1346 1734 1926 1938 1946 2334 2346 
m3381 14 22 36 40 722 736 740 1114 1122 1136 1140 1822 2022 2036 
m301 23 38 1923 1938 
m1160 36 
m740 
m682 22 23 30 36 40 41 46 1122 1123 1130 1136 1140 1141 1146 1172 1173 1180 1186 1190 1191 1523 1536 1540 1541 1841 2023 2036 2041 2072 2073 2080 2086 2090 2091 2096 2322 2323 2330 2341 3673 4323 
m834 26 32 36 38 46 1332 1336 1346 1832 1926 1932 1936 1946 2332 2336 2346 4836 
m2304 22 23 30 36 40 46 1122 1123 1130 1136 1140 1146 1172 1173 1522 1523 1530 1540 1546 1822 1823 1830 1840 1846 2022 2023 2030 2036 2040 2046 2322 2323 2330 2340 2346 3696 4823 
m1478 14 45 745 
m3184 12 22 23 30 36 40 46 612 622 623 630 636 640 646 1112 1123 1136 1140 1146 1162 1173 1512 1523 1536 1546 1812 1822 1823 1830 1836 1846 2012 2022 2023 2030 2036 2046 2312 2322 2323 2330 2336 2346 3123 3686 4346 4812 
m2463 22 44 46 1144 1146 2222 2244 2246 2322 2344 2346 4846 
m423 9 14 709 
m2076 13 16 49 699 849 3166 
m594 23 30 40 45 46 1173 1180 1523 2023 2030 2046 2273 2280 2290 2296 2323 2330 3673 4823 
m2422 37 46 2346 4396 4837 
m519 14 20 22 720 1114 1120 
m2871 22 23 30 46 49 1122 1123 1130 1146 1149 1172 1173 1180 1522 1523 1530 1549 2322 2323 2330 2349 2472 2473 2480 3673 4823 
m2214 22 30 36 40 46 1122 1130 1136 1140 1146 1536 1540 1546 1836 1840 1846 2022 2030 2036 2040 2046 2322 2330 2336 2340 2346 4346 
m713 5 13 22 45 46 655 1113 1145 1146 2255 2263 2296 2305 2313 
m732 36 40 46 49 1836 1840 1846 2036 2040 2046 2049 2336 2346 2349 2486 4346 4836 
m797 34 38 46 1734 1934 2334 2338 2346 
m1443 9 14 36 49 709 1809 1814 1836 1849 2459 2464 2486 2499 
m1314 22 23 36 41 1122 1123 1136 1141 2073 3686 4586 
m1510 28 
m3327 27 36 48 49 1386 1398 1399 1827 1848 1849 2486 2498 2499 4336 
m1978 22 40 1140 
m1782 30 46 2330 
m738 14 36 46 736 746 2336 
m612 36 46 1836 1846 4836 
m545 22 38 45 46 1145 1146 1922 1945 1946 2345 
m2838 22 45 46 1122 1145 1146 2345 
m85 11 23 30 41 1161 1173 1180 1511 1523 1530 2061 2073 2080 3673 
m3394 22 23 36 40 46 49 1172 1186 1190 1822 1823 1836 1840 1849 2022 2023 2036 2040 2046 2049 2322 2323 2336 2340 2349 2473 2486 2490 3686 4336 4346 4836 
m769 8 22 36 46 1122 1136 1146 2308 2336 2346 4308 4836 
m1601 
m566 36 41 45 1845 2095 2295 4586 
m1410 22 37 40 46 1872 2022 2037 2040 2046 2322 2337 2340 2346 4396 
m3283 8 41 46 49 408 446 449 2058 2096 2308 2341 2346 2349 2458 2496 
m970 12 14 32 37 46 614 632 732 737 1882 2314 2332 2337 3137 4812 
m1143 
m2507 12 40 45 46 645 2012 2045 2046 2312 2340 2345 2346 4812 
m1296 36 40 1836 1840 2036 2040 
m1138 36 1836 
m304 36 40 45 1845 2036 2045 2286 2290 2295 
m1806 23 30 46 1173 1180 1196 1523 1530 1546 2323 2330 2346 3696 4823 
m3324 5 13 30 33 46 655 680 1505 1655 1680 2305 2313 2330 2333 4163 
m480 10 46 2310 
m2621 22 44 46 1146 2222 2246 2322 2344 2346 4846 
m3654 36 45 46 1845 2336 2345 2346 4836 
m1157 22 46 2322 
m2015 22 44 45 46 1146 2272 2294 2296 2344 2346 4846 
m2955 14 36 49 749 1814 1849 
m2028 13 22 1113 1122 
m2546 22 37 46 1122 1137 1146 1872 2322 2346 4387 4396 4837 
m298 44 46 2244 2246 2344 2346 
m1515 22 36 40 41 45 46 1136 1140 1141 1146 2036 2046 2090 2096 2272 2286 2291 2296 4346 4586 
m919 14 40 46 2014 2046 2314 2346 4814 
m1490 13 22 33 36 49 1113 1133 1136 1149 1813 1833 1849 2463 2483 2486 2499 4163 
m452 2 27 36 40 46 1352 1386 1396 1802 2002 2027 2036 2046 2302 4836 
m1420 22 33 44 49 1133 1144 1694 1699 2494 
m198 
m1719 13 22 33 1113 1672 4163 
m3088 22 45 46 1122 1146 2272 2295 2296 2322 2346 4846 
m998 6 36 40 43 336 340 1806 1836 1840 1843 2006 2036 2043 2186 2190 2843 
m2912 12 45 46 645 2345 4812 
m1469 46 
m2585 45 46 2296 
m2975 22 37 46 1137 1146 4837 
m3008 23 32 39 49 1173 1639 1973 2482 2489 3673 
m1657 13 33 36 40 47 686 690 697 1686 1690 1697 1840 1847 2036 2040 2047 3183 4336 
m1554 23 30 36 49 1180 1823 1830 1836 1849 2473 2480 2486 2499 
m139 22 44 46 1146 2344 2346 4846 
m1351 36 40 46 49 1836 1840 1846 1849 2036 2046 2049 2336 2340 2346 2349 2486 2490 2496 4346 4836 4846 
m2938 27 36 46 48 1827 2327 2336 2436 2446 
m2398 45 46 2296 2346 
m2797 22 23 1122 1123 1172 1173 3673 
m1360 13 22 46 1113 1122 1146 2322 4813 
m747 22 44 46 1146 2246 2344 2346 4846 
m3115 40 46 49 2040 2046 2340 2490 2496 
m3595 19 46 969 996 2319 2346 
m1787 17 46 2317 2346 4817 
m3193 36 39 40 1836 1839 1840 1986 1990 2036 2039 2040 
m1911 22 23 36 40 41 46 49 1123 1136 1141 1191 1836 1841 2022 2023 2036 2041 2322 2323 2336 2340 2341 2349 2472 2473 2486 2490 2491 2499 4323 4336 4836 
m2399 22 26 46 1146 1322 1346 
m1349 14 46 2314 2346 4814 
m3201 13 38 1913 1938 
m1074 5 13 33 45 263 283 2255 2263 2283 3183 
m2179 32 36 41 46 1641 1646 2332 2336 2341 2346 4136 4586 
m158 36 38 1838 1936 1938 
m2465 23 45 46 1195 2323 2345 
m3434 14 21 45 46 721 745 2271 2321 2345 4814 
m2158 30 38 45 46 1945 1946 2280 2296 2330 2338 2345 2346 4846 
m714 30 45 46 2280 2295 2296 2330 2346 
m3638 22 36 40 46 1122 1136 1140 1146 1822 1836 1840 1846 2022 2036 2046 2322 2336 2340 2346 4346 4836 
m2705 30 36 46 1536 1546 2330 2336 2346 4836 
m494 8 45 46 2258 2296 2308 
m3098 23 30 45 46 1173 1180 1196 2273 2296 2330 2346 4823 
m1392 
m1896 36 49 1836 1849 2486 2499 4336 
m3511 13 14 22 46 672 722 1113 1114 2313 2322 3213 4814 
m2213 22 32 45 46 1146 2272 2282 2295 2296 2332 2346 
m3556 36 40 41 1840 1841 2036 2040 2041 4336 
m3374 23 30 38 46 1173 1180 1188 1523 1530 1538 1923 1930 1938 2323 2330 2338 2346 3673 4823 
m1238 22 23 30 41 1123 1130 1141 1522 1523 2073 2080 3673 
m3472 22 37 40 46 1137 1146 2022 2037 2046 4837 
m2148 13 22 33 36 40 690 1113 1122 1133 1136 1140 1690 1813 1833 1840 2013 2033 4163 
m2854 45 46 2345 
m2669 22 36 46 1822 2322 2336 2346 
m796 36 1836 
m3640 13 22 45 695 1113 1145 
m842 22 38 46 1146 1922 1946 
m2681 5 36 45 46 49 286 296 299 1836 1846 1849 2255 2286 2296 2299 2336 2349 
m1945 22 23 30 39 1123 1522 1523 1972 1973 1980 3673 
m32 
m1777 22 40 45 46 1140 1146 2272 2290 2296 2340 
m705 22 23 30 46 1122 1123 1130 1146 1180 1523 1530 1546 2330 2346 4823 
m1801 36 45 46 1845 2345 4836 
m1560 13 33 36 40 48 698 1698 1813 1833 1848 2013 2033 2036 2048 4163 
m138 22 44 46 1146 2322 2344 2346 4846 
m1451 22 36 40 41 49 1122 1136 1140 1141 1149 1841 1849 2022 2036 2041 2049 2072 2086 2090 2091 2099 2486 2491 4336 
m3509 46 
m2384 46 4846 
m1979 5 32 45 1605 1645 2255 
m333 23 30 33 46 1180 1523 1530 1533 1546 1680 2323 2330 2333 2346 4173 4823 
m3530 30 36 46 1830 2330 2336 2346 4336 
m765 22 44 46 1144 1146 2246 2322 2344 2346 4846 
m2013 10 32 46 1610 1632 1646 2310 2346 
m1675 22 36 40 41 1822 1836 1841 2036 2041 2072 2086 2090 2091 4586 
m3512 22 23 36 41 1122 1123 1136 1141 1173 1186 1823 2073 3673 3686 4323 4586 
m994 12 36 40 45 46 640 645 1845 2036 2045 2336 2340 2345 3136 4812 
m3547 12 26 45 46 645 1312 1345 1346 2345 4812 
m1997 36 38 40 45 1845 1936 1938 1940 1945 2036 2045 2286 2295 4336 
m1767 22 37 40 46 1137 1140 1146 1890 2022 2037 2040 2046 2337 2340 2346 4837 
m1505 23 45 46 1195 2323 2345 3673 
m2992 36 42 46 49 2146 2336 2486 2492 2496 4636 
m1374 6 43 4656 
m3118 22 30 36 40 46 1122 1130 1136 1140 1146 1822 1830 1840 1846 2022 2030 2040 2046 2322 2330 2340 2346 
m733 32 46 2332 2346 
m1365 13 20 22 32 36 40 670 686 690 1113 1120 1136 1140 1613 1620 1622 1636 1640 1820 2020 2036 2040 3186 4336 
m1839 38 46 1946 
m1311 22 23 30 36 40 1122 1123 1130 1136 1172 1173 1180 1186 1190 1522 1523 1530 1536 1540 1822 1823 1830 1840 2022 2023 2030 3673 
m1913 33 45 1695 
m1052 23 36 40 1823 1836 1840 2023 2036 2040 3686 
m2516 30 46 2330 
m1391 32 36 1832 
m3192 5 30 32 36 46 280 1605 1630 1646 1805 1830 1846 2305 2330 4332 
m2823 45 46 2345 
m1600 36 38 49 1838 1849 1936 1938 1949 
m3009 5 14 36 46 49 264 286 296 299 746 749 1849 2349 2486 2499 3236 4836 
m1794 5 36 45 286 295 1845 4336 
m2427 18 23 36 923 936 1186 1836 3686 
m1564 22 37 1122 1137 1872 1887 
m3646 22 33 46 1122 1133 1146 1672 1683 1696 2322 2333 2346 4833 
m1692 36 38 46 1936 1946 2336 2338 2346 4836 
m3017 40 44 46 2044 2046 2344 
m694 22 23 36 40 46 49 1172 1822 1836 1849 2022 2023 2036 2046 2049 2322 2323 2336 2349 2472 2473 2486 4323 4336 4836 
m1230 23 38 45 1923 2273 2288 
m1014 45 46 2295 2296 2346 
m2320 23 30 38 46 1188 1523 1530 1538 1923 1930 1946 2323 2330 2338 2346 
m1720 46 48 2348 
m1320 
m2521 21 1071 
m2966 22 37 46 1872 2322 4396 
m5 32 36 38 41 46 1638 1646 1838 1846 2082 2096 2332 2336 2338 2341 2346 4332 4586 
m592 14 32 36 41 46 736 741 1614 1641 2314 2332 2336 2341 4136 4586 
m3299 14 46 714 746 2314 2346 4814 
m2086 13 22 1113 1122 
m2759 5 14 45 46 705 745 2255 2305 2314 2345 2346 4814 
m3036 23 38 45 1923 2273 2288 
m2903 22 36 41 49 1122 1136 1141 1149 1822 1841 1849 2072 2086 2091 2099 2472 2486 2491 4336 
m1693 14 45 745 
m3464 14 23 36 40 46 1814 1823 1846 2014 2023 2036 2040 2046 2314 2323 2346 3664 4346 4814 4823 
m3062 22 23 30 36 40 41 46 1122 1123 1130 1136 1140 1141 1146 1191 1523 1536 1541 1546 1841 1846 2023 2030 2036 2040 2041 2046 2072 2341 3696 4323 
m2675 8 408 
m2121 45 46 2296 
m3140 22 37 1872 
m1881 22 36 40 1122 1136 2022 2036 2040 
m321 22 37 46 1122 1137 1146 1872 2322 4837 
m3044 22 37 46 1872 2322 4837 
m2184 29 36 41 1486 1829 1836 1841 2079 2086 2091 
m2843 13 36 40 41 686 690 691 1841 2036 2041 2063 2086 2090 2091 
m815 22 23 31 36 1123 1131 1136 1172 1173 1573 1822 1823 3673 3686 4086 4323 
m2209 18 36 40 1818 2018 2036 
m1723 36 39 42 1986 2139 4636 
m1799 13 25 38 46 675 1913 1925 1946 2313 2325 
m112 22 23 30 36 40 1122 1123 1136 1140 1522 1523 1536 1540 1822 1823 1840 2022 2023 2030 2036 2040 4323 4336 
m2127 45 46 2296 2345 4846 
m1688 23 
m3089 38 45 46 1945 2288 2295 2296 2338 2345 
m30 13 22 32 38 46 682 1113 1132 1146 1913 1922 1932 1946 2313 2332 
m2120 30 46 2330 2346 
m3229 36 40 45 46 1845 2036 2040 2045 2046 2296 4346 
m688 30 38 45 46 1930 1945 1946 2280 2296 2330 
m1823 8 36 46 2308 4308 4836 
m2581 10 36 46 1810 2310 2346 4836 
m466 14 45 745 2264 2295 
m2196 22 23 31 46 49 1123 1146 1196 1572 1573 1596 2323 2346 2473 2481 2496 4846 
m2048 22 36 46 49 1136 1146 1846 1849 2349 
m75 22 23 30 38 1122 1123 1130 1138 1172 1173 1188 1522 1523 1530 1538 3673 
m1717 22 23 38 46 49 1122 1123 1138 1146 1199 1923 1938 1946 1949 2323 2346 2349 
m3337 13 37 4363 
m2775 22 23 1123 1173 3673 
m485 22 36 41 49 1141 1849 2086 2091 2099 4336 
m3626 22 44 46 1146 2222 2244 2246 2344 2346 4846 
m1648 5 45 46 2255 2295 2296 2305 2345 
m1455 18 45 2268 
m638 8 408 
m2555 22 36 40 41 1136 1141 2036 2086 2090 
m2667 23 
m2527 22 23 30 41 1122 1123 1130 1172 1173 1180 1522 1523 1541 2072 2073 2080 3673 
m2820 13 14 22 672 722 3213 
m721 22 23 36 40 46 48 1123 1136 1140 1146 1148 1190 1840 2022 2023 2036 2046 2048 2336 2340 2346 2423 2436 2440 2446 3696 4323 4346 4823 
m2829 23 36 41 1186 1191 1823 1836 1841 2073 2086 2091 4341 4586 
m1556 14 30 714 730 
m928 13 22 33 672 1672 3183 
m1287 23 45 1195 2273 2295 
m2037 5 37 46 255 287 1855 1887 1896 2305 2337 2346 4837 
m2389 22 28 1422 
m74 13 22 44 46 694 1113 1122 1144 1146 2313 2344 
m1949 22 44 46 1146 2322 2344 2346 4846 
m114 22 23 30 38 1122 1123 1130 1138 1172 1173 1188 1522 1523 1530 1538 1922 1923 3673 
m2087 37 40 46 49 1899 2037 2046 2049 2337 2340 2346 2349 4396 
m1002 36 37 40 1836 1837 1840 2036 2037 2040 
m2414 36 37 40 46 49 1837 1849 1899 2036 2037 2046 2049 2336 2349 4837 
m1258 8 22 36 45 46 1108 1122 1136 1145 1146 2258 2286 2295 2296 2308 2336 2346 4308 4836 
m722 45 46 2295 2345 2346 
m2310 5 13 22 26 33 46 263 283 672 1305 1313 1333 1346 1672 2305 2313 2322 2333 4163 
m1430 32 36 38 41 46 1641 1646 1932 1936 1941 1946 2332 2336 2341 2346 4136 4586 
m748 22 44 46 1146 2222 2244 2246 2322 2344 2346 4846 
m135 46 
m687 22 23 36 40 46 49 1172 1822 1836 1849 2022 2023 2036 2040 2046 2049 2322 2323 2336 2349 2472 2473 2486 4323 4336 4836 
m2747 22 46 1122 1146 
m3135 36 
m3050 14 27 36 46 48 736 746 748 1364 1386 1396 1398 1846 1848 2446 
m2813 13 16 38 688 838 3313 
m2774 46 2346 4846 
m886 45 49 2295 2299 
m2250 36 49 1849 2486 2499 
m2533 14 46 714 3246 4814 
m130 22 37 40 46 1137 1140 1146 1890 2022 2037 2040 2046 2337 2340 2346 4837 
m1772 22 23 36 40 41 46 1123 1136 1140 1141 1146 1190 1822 1823 1836 1840 1841 2023 2036 2040 2041 2046 2072 2073 2086 2096 2322 2323 2336 2340 2341 2346 3673 3686 4323 4346 4823 
m280 45 
m2266 22 34 36 1134 1136 1834 
m3180 13 22 32 46 682 1113 1122 1132 1146 2313 2322 2332 
m2501 5 26 30 37 46 1330 1337 1346 1505 1855 1880 2305 2330 2337 2346 4837 4846 
m2382 42 45 2145 
m3369 22 36 41 1136 1141 1822 1841 2072 2086 2091 4336 4586 
m3212 26 36 41 46 1826 2076 2096 2326 4346 4586 
m782 22 44 46 1146 2246 2344 2346 4846 
m1177 45 2295 
m527 23 38 45 1195 1923 1945 3673 
m1755 22 23 36 40 41 46 1122 1123 1136 1140 1141 1146 1190 1836 1840 2022 2023 2036 2040 2041 2046 2073 2086 2090 2096 2322 2323 2336 2340 2341 2346 3673 3686 4323 4823 
m2586 22 38 44 46 1146 1922 1944 1946 2344 2346 4846 
m3418 
m3015 22 23 36 40 46 49 1123 1136 1140 1146 1149 1190 1822 1840 2023 2036 2040 2046 2049 2322 2336 2340 2346 2472 2473 2486 2496 3696 4323 4346 4823 
m2915 45 46 2295 2296 2346 
m2225 14 36 40 46 740 746 1840 2014 2036 2040 2046 2336 2340 2346 3236 4346 4814 
m2810 
m2925 12 14 23 30 41 46 641 723 730 741 1191 1512 1514 1523 1530 1541 2312 2314 2330 2341 3212 3662 4823 
m1603 14 22 32 46 1114 1132 1146 1614 2314 2332 
m3128 32 36 44 46 1644 2236 2332 2336 2344 2346 4136 
m922 5 14 30 46 705 730 1505 2305 2314 2330 2346 4814 
m3452 38 46 1946 
m2056 32 36 38 46 49 1632 1636 1649 1849 1932 1936 1946 2332 2336 2349 
m2636 9 14 22 44 46 709 744 746 1109 1114 1122 1144 1146 2209 2246 2309 2322 2344 2346 4814 
m791 23 30 38 45 46 1180 1923 1930 1946 2273 2280 2288 2296 2323 2330 2338 2346 4823 
m3649 22 44 46 1122 1146 2344 2346 4846 
m1359 5 23 27 41 273 291 1355 1373 1391 2073 3673 
m1457 37 46 2337 
m1326 14 22 36 1114 1136 4314 
m3330 13 33 46 2313 2333 4163 
m1434 13 33 46 1696 2313 4163 
m2187 22 45 46 1145 1146 2296 4846 
m751 13 20 22 33 36 37 40 672 686 690 1013 1020 1022 1033 1036 1040 1120 1122 1136 1140 1672 1686 1690 1813 1820 1822 1836 1840 1870 1872 1886 1890 2013 2020 2022 2036 3183 
m1963 22 1122 
m1243 22 23 30 46 1122 1123 1130 1146 1196 1523 1530 1546 2322 2323 2330 2346 3696 4823 
m2344 5 36 46 49 286 296 299 1836 1849 2305 2336 2346 2349 4836 4846 
m2959 40 46 2046 
m1207 45 2295 
m3113 23 36 40 46 49 1836 1840 1846 1849 2023 2036 2040 2046 2049 2323 2336 2473 2486 2490 2496 3686 4323 4336 4836 
m2423 38 46 1946 2346 
m3081 14 40 46 2014 2040 2046 2314 2346 4814 4846 
m3661 26 46 2326 2346 
m278 29 34 36 1484 1734 1829 1834 1836 
m1098 22 38 46 1138 1146 1946 
m2923 27 46 49 2327 2346 2477 2496 
m2615 
m1413 22 23 45 1172 1173 2272 2273 3673 
m38 22 30 45 1122 1130 1145 1522 2272 2280 
m1499 12 33 37 46 1862 2333 2337 4162 4383 4812 
m2332 13 37 46 1896 2313 4363 
m3565 41 45 2291 
m1576 26 46 1346 2346 
m2359 14 46 49 2314 2346 2464 2496 4814 
m2847 30 36 40 46 1536 1540 1546 2036 2340 4836 
m1728 14 23 30 46 1514 1523 1546 2314 2323 2330 2346 3664 4814 4823 
m1699 22 33 46 1133 1146 1672 1683 1696 2322 2333 2346 4833 
m3031 41 
m2294 12 36 45 46 636 645 1845 2312 2336 2345 2346 4812 4836 
m1450 22 36 38 41 49 1136 1138 1141 1149 1822 1838 1841 1849 1922 1936 1941 2072 2086 2088 2099 2472 2486 2488 2491 4336 
m2564 22 26 44 46 1146 1322 1344 1346 2344 2346 4846 
m641 17 33 38 45 895 1695 1917 1933 1938 1945 3383 
m2090 14 22 46 722 746 2322 2346 
m3094 11 13 33 563 583 661 1661 4163 
m3510 12 36 46 49 649 1812 1849 2336 2349 4812 
m896 32 49 1649 
m1837 22 36 37 46 49 1136 1137 1146 1149 1846 1849 1886 1899 2349 4396 
m2731 22 23 36 49 1123 1136 1149 1173 1186 2473 2486 3673 4323 
m898 12 14 46 2312 2314 2346 3212 4812 4814 
m2601 32 36 44 46 1832 1836 1844 2232 2236 2332 2336 2344 2346 4332 4336 4736 4836 
m1486 14 49 2464 
m2474 29 36 48 1486 1829 1836 1848 2429 2436 2448 4336 
m3392 15 45 795 
m1578 10 32 46 1610 1646 2310 
m1386 36 45 46 49 1845 2336 2345 2346 2349 2486 2495 2496 
m436 45 46 2345 
m2097 14 22 46 722 746 2322 2346 
m2372 14 22 30 36 40 722 730 736 1114 1122 1130 1136 1140 1522 1536 1540 1822 1840 2022 2040 
m2944 10 46 2310 2346 
m3550 45 46 2295 2296 2345 4846 
m3538 31 36 1581 1586 1836 4086 
m662 14 45 745 2264 2295 
m988 22 44 46 1146 2222 2244 2246 2344 2346 4846 
m608 36 45 46 2286 2295 2296 2336 2346 4836 
m2998 41 
m119 22 23 36 46 1123 1136 1146 2323 4323 4836 
m2939 36 40 46 48 2036 2040 2046 2048 2336 2346 2348 2436 4836 
m3315 38 40 45 46 1946 2038 2046 2288 2290 2296 
m50 22 36 41 1122 1136 1141 1822 2072 4586 
m2435 14 32 41 741 1614 1641 
m24 40 46 2040 2046 2346 
m1070 45 46 2296 2346 4846 
m3353 5 13 33 655 663 683 1655 1663 1683 4163 
m2009 36 41 44 1841 2086 2091 2094 2236 2241 2244 
m2718 5 14 38 45 46 705 745 1905 1914 1945 1946 2255 2305 2345 4814 
m292 14 40 46 740 2014 2040 2046 2340 2346 3246 4814 
m3045 22 45 46 2272 2296 2322 2346 
m2899 22 36 37 40 46 1122 1136 1137 1140 1146 1822 1837 1840 1846 1872 2022 2037 2046 2322 2336 2340 2346 4396 4837 
m69 22 23 30 1122 1123 1130 1173 1180 1522 1523 1530 
m2066 22 38 44 45 46 1146 1922 1944 1946 2272 2288 2294 2296 2344 2346 4846 
m1031 22 37 1122 1137 
m496 22 36 37 40 1122 1136 1137 1140 1822 1872 1886 1890 2022 2036 
m440 26 45 46 1345 1346 2295 2345 
m2670 22 45 46 1145 1146 2296 
m3117 46 
m2678 22 30 36 40 46 1136 1140 1522 1536 1540 1840 2036 2040 2322 2330 2336 2340 2346 4836 
m2538 13 22 36 40 41 1113 1136 1140 1813 1840 2013 2063 2072 2086 2090 
m538 46 
m360 13 22 33 36 38 40 1113 1122 1133 1136 1138 1140 1813 1833 1838 1840 1913 1933 2013 2033 2038 4163 
m133 
m936 11 
m3291 5 45 2255 2295 
m1473 13 22 45 695 1113 1122 1145 
m395 14 46 2346 4814 
m2440 22 44 46 1146 2344 2346 4846 
m964 23 30 38 46 1180 1523 1530 1538 1546 1923 1930 1938 1946 2330 4823 
m3176 23 32 46 1173 1182 1196 1623 1632 1646 2323 2332 2346 4823 
m555 22 36 40 46 1122 1136 1140 1822 2022 2036 2040 2322 2336 2340 4336 
m3390 33 37 46 1883 1896 4833 
m866 46 2346 
m3037 23 38 45 1923 2273 2288 
m2860 
m3549 13 22 33 36 40 672 686 690 1113 1122 1133 1136 1140 1672 1686 1690 1822 2022 2036 3183 
m2730 46 
m2133 12 23 30 36 41 46 49 630 1180 1812 1830 1846 2062 2073 2080 2086 2096 2323 2330 2462 2473 2480 2486 2491 2496 3123 4323 4812 
m2461 8 36 46 1808 2308 2336 2346 4836 
m2906 14 33 40 46 733 740 746 1690 2340 4196 
m3376 36 37 40 46 1840 1886 1890 1896 2036 2037 2040 2046 2336 2340 2346 4346 4837 
m2453 38 
m2591 22 44 46 1146 2344 2346 4846 
m1780 22 23 36 40 41 1122 1123 1136 1140 1141 1172 1173 1186 1190 1191 1822 1823 1836 1840 1841 2023 2036 2041 2072 2073 2086 2090 2091 3673 3686 4323 4336 4586 
m259 22 36 40 46 49 1822 1846 1849 2022 2036 2040 2046 2049 2322 2472 2496 
m934 22 38 45 46 1122 1146 1922 1938 1945 1946 2272 2288 2295 2296 2346 
m3527 22 32 36 40 46 49 1622 1646 1822 1832 1836 1840 1846 1849 2032 2036 2046 2322 2482 2486 2490 2496 4332 
m3301 22 36 37 40 46 1122 1136 1137 1140 1146 1837 1840 1890 2036 2037 2040 2322 2336 2337 2340 2346 4837 
m1746 5 13 38 45 46 263 296 1905 1913 1946 2255 2263 2288 2296 2313 
m1472 45 2295 
m2859 38 45 46 1945 2338 2345 2346 
m86 43 
m2362 36 37 38 40 46 1836 1837 1840 1846 1886 1890 1936 1937 1940 1946 2036 2037 2038 2040 2046 2336 2340 4336 4837 
m954 22 23 30 38 41 1122 1123 1130 1172 1173 1180 1188 1523 1538 1541 1922 1923 1930 1938 2072 2073 2080 2088 3673 
m374 32 40 45 46 2032 2045 2046 2282 2296 2332 
m3474 22 33 46 1672 1696 2322 
m3233 40 46 49 2340 2346 2490 2496 
m3422 36 45 1845 2286 2295 
m1308 37 40 45 46 1890 2287 2290 2337 2340 2345 
m695 22 23 36 46 49 1123 1136 1146 1149 1836 1846 1849 2323 2336 2473 2486 2496 3686 4323 4336 4836 
m707 13 25 38 46 675 1913 1925 1946 2313 2325 
m3679 13 22 23 32 36 40 41 672 673 686 690 691 1122 1123 1136 1140 1141 1186 1190 1191 1613 1622 1623 1636 1823 1840 1841 2023 2041 3673 
m156 37 46 4396 
m1440 26 46 1326 1346 2346 
m1574 13 22 36 49 699 1113 1122 1136 1149 1813 1849 
m2622 22 44 46 1146 2322 2344 2346 4846 
m303 22 32 36 46 49 1622 1649 1822 1832 1849 2322 2332 2336 2346 2349 2472 4136 4336 4836 
m635 46 2346 
m2150 22 23 30 36 40 41 1123 1130 1136 1140 1172 1173 1180 1186 1190 1523 1822 1823 1830 1836 1840 1841 2022 2023 2030 2036 2041 2072 2073 2086 2090 3673 4323 4336 4586 
m378 18 37 46 1868 2318 4837 
m3564 22 37 40 46 1872 2037 2046 2322 2337 2346 4837 
m2454 11 13 33 45 563 583 595 695 1695 3183 
m1027 5 22 37 45 1105 1122 1137 1145 1855 1895 2255 
m1776 45 46 2296 2345 2346 
m1695 12 36 46 612 636 646 1812 1836 1846 2312 2336 2346 
m3678 36 40 1836 1840 2036 2040 
m700 22 41 1122 1141 2072 
m2315 26 46 1346 
m876 45 2295 
m1665 5 13 33 46 655 1655 2305 2313 2333 4163 
m2979 23 30 36 41 1523 1823 1830 2073 2080 3673 4323 4586 
m1481 39 45 1995 2289 2295 
m2012 38 45 1938 1945 2288 2295 
m1269 14 22 23 30 40 45 46 714 746 1114 1145 1146 1164 1172 1190 1195 1196 1514 1522 1523 1530 1540 1545 1546 2014 2022 2023 2030 2040 2045 2046 2264 2296 2314 3664 
m1403 33 37 4383 
m297 23 36 45 1186 2273 2286 2295 3673 3686 
m2186 32 1632 
m920 23 32 36 40 46 48 1182 1186 1190 1196 1198 1632 1636 1646 1648 1846 1848 2032 2036 2046 2048 2446 
m3020 13 23 36 1186 1813 3663 
m3032 22 36 40 46 48 1136 1140 1146 1848 2036 2040 2046 2336 2340 2346 2348 4336 4836 
m1121 45 46 2296 2345 2346 4846 
m2298 5 37 46 1855 2305 2337 2346 
m2419 14 36 49 749 1814 1849 
m1046 22 30 38 1130 1922 1930 1938 
m2290 23 32 38 46 1182 1188 1196 1923 1932 1938 1946 2332 2338 2346 3696 4823 
m3676 40 45 46 2040 2045 2046 2345 4846 
m48 10 30 36 37 46 1510 1536 1546 1810 1860 1880 1886 1896 2310 2346 4836 
m3039 22 44 46 1146 2222 2244 2246 2322 2344 2346 4846 
m699 14 23 30 46 1514 1523 1546 2314 2323 2330 2346 3664 4814 4823 
m2210 13 22 45 46 672 2263 2295 2296 2313 2322 2346 4813 
m2977 23 32 42 1182 1192 1642 
m372 8 45 46 49 408 446 449 2258 2296 2299 2349 
m3052 5 13 22 33 46 655 1113 1133 1146 1655 1696 2305 2313 4163 
m2941 13 45 46 2263 2295 2296 2313 2346 3196 
m572 23 30 36 40 46 1180 1823 1830 1836 1846 2023 2030 2036 2040 2046 2323 2330 2336 2346 4323 4346 4823 4836 
m3109 10 45 46 2295 2296 2310 2346 
m1277 30 41 46 2080 2330 2341 2346 
m2200 
m3572 31 45 2281 
m3393 15 45 795 
m1361 23 45 46 1195 2295 2345 2346 4823 
m1614 22 23 36 49 1123 1136 1172 1173 1186 1199 1822 1823 1849 2472 2473 2486 3673 4323 4336 
m3055 22 23 30 36 40 41 46 1122 1123 1130 1136 1140 1141 1146 1191 1523 1536 1541 1546 1841 1846 2023 2030 2036 2040 2041 2046 2072 2073 2091 2341 3696 4323 
m1643 22 23 30 36 40 41 46 1122 1123 1130 1136 1140 1141 1146 1191 1523 1536 1541 1546 1841 1846 2023 2030 2036 2040 2041 2046 2072 2073 2091 2341 3696 4323 
m3058 22 23 30 46 1123 1130 1146 1180 1523 1530 1546 2330 4823 
m2757 14 45 745 
m723 13 22 41 691 1113 1122 1141 
m2467 14 32 46 1614 2314 2332 
m3629 22 23 41 1141 1172 1173 1191 
m1141 46 2346 
m238 5 14 32 705 1605 1614 
m2321 12 45 645 2295 
m3269 5 22 36 38 46 49 272 286 296 299 1149 1822 1849 1905 1936 1946 2322 2346 2349 4836 
m2701 22 23 30 1122 1123 1130 1172 1173 1180 1522 1523 1530 3673 
m1860 46 2346 
m3625 34 46 1746 
m3329 22 23 45 1122 1123 1145 1173 2272 2273 2295 3673 
m1057 14 40 45 46 2014 2040 2046 2264 2290 2296 2314 2346 3214 4814 
m2365 22 30 45 1122 1130 1145 1545 
m708 22 41 1122 1141 
m576 34 45 2284 
m3257 22 32 36 1622 1822 4136 
m276 9 22 46 1109 1146 2309 2346 4846 
m1286 38 46 1938 1946 
m1029 13 25 38 46 1263 1296 1913 1925 1946 2313 
m3558 45 46 2296 
m2000 8 33 46 433 446 4833 
m2510 13 37 4363 
m2403 22 30 36 40 41 46 1122 1130 1136 1140 1141 1146 1536 1540 1541 1830 1836 1840 1841 2030 2036 2040 2041 2086 2090 2322 2330 2336 2340 2341 
m254 23 45 46 1195 1196 2296 3673 
m2795 23 30 45 1180 1195 1523 1530 1545 2273 2280 2295 3673 
m2883 36 
m1251 30 40 45 46 2030 2040 2045 2046 2280 2290 2296 2330 2340 2346 
m2476 22 45 46 1122 1145 1146 2296 2346 
m366 5 45 295 
m386 22 37 40 46 1137 1140 1146 1890 2022 2037 2046 2322 2337 2340 2346 4396 
m2666 13 37 4363 
m2872 26 33 1676 
m350 21 36 41 1821 2071 4341 
m400 5 45 46 2255 2296 2305 
m134 5 36 37 38 45 46 286 295 1845 1855 1886 1895 1936 1937 1938 1946 2305 2336 2337 4336 
m683 36 46 48 49 1846 1848 1849 2336 2348 2486 2496 2498 2499 4336 
m1631 5 45 295 2255 2295 
m409 13 22 36 40 672 686 690 1822 1840 2022 2036 2040 4336 
m2958 13 37 4363 
m2128 45 46 2345 
m3674 23 30 36 39 40 41 1173 1186 1189 1190 1191 1523 1536 1539 1541 1823 1973 1986 1990 1991 2023 2036 2073 2086 2089 2090 2091 3686 4336 4586 
m1442 9 14 22 36 49 709 1109 1114 1136 1149 1809 1814 1836 1849 2459 2464 2486 2499 
m3261 36 40 46 49 1836 1840 1846 1849 2036 2040 2046 2336 2340 2346 2349 2486 2490 2496 4336 4346 4836 
m1888 36 37 40 41 46 1837 1840 1846 1890 2087 2090 2096 2340 4396 4586 
m1404 30 46 2330 
m838 22 30 36 40 41 46 1136 1141 1146 1541 1822 1830 1841 2022 2046 2086 2096 2336 
m410 5 37 46 1855 2305 4837 
m1041 13 20 22 33 36 40 45 672 686 690 1013 1022 1036 1040 1045 1113 1122 1133 1136 1140 1145 1672 1686 1690 1813 1822 1833 1836 1840 2013 2022 2033 2036 2040 2263 2272 2286 2290 2295 3183 
m1079 12 13 33 46 662 696 2333 3133 3183 4812 
m912 32 1632 
m2963 40 45 46 2040 2045 2046 2345 
m2857 26 
m1367 13 33 3183 
m241 6 42 4606 
m2531 26 37 46 49 1337 1346 1349 1899 2337 2349 2487 2499 4387 
m764 36 40 41 46 49 1836 1841 1846 1849 2036 2040 2041 2046 2086 2096 2099 2336 2346 2349 4346 4586 4836 
m1917 22 44 46 1146 2244 2246 2344 2346 4846 
m1189 46 4846 
m1176 33 38 46 1688 1938 1946 2338 4196 
m2814 32 36 38 41 46 1641 1646 1932 1936 1941 1946 2332 2336 2338 2341 2346 4136 4586 
m703 30 44 45 1530 1544 1545 2230 2244 2245 2280 2294 2295 
m25 37 45 46 1895 2337 2345 2346 4396 
m108 22 23 30 36 41 46 1122 1123 1130 1136 1141 1146 1172 1522 1523 1530 1536 1546 1822 1823 1830 2072 2073 2080 2096 2322 2330 2336 2346 3696 4346 4586 4823 
m2719 22 45 1145 
m3141 26 46 1346 2346 
m70 36 48 1836 1848 2436 2448 
m2010 32 36 38 41 46 1641 1646 1932 1936 1941 1946 2332 2336 2341 2346 4136 4586 
m835 1 32 36 38 45 46 82 96 1901 1932 1936 1946 2251 2282 2286 2288 2296 2332 2586 4136 4836 
m1802 17 38 46 896 1917 1938 1946 2317 2338 2346 3396 4817 4846 
m719 26 36 46 1336 1346 2336 2346 4836 
m1471 5 23 38 273 1905 1923 
m3047 48 2448 
m226 22 38 44 46 1146 1922 1944 1946 2344 2346 4846 
m639 13 22 36 38 40 41 1113 1136 1138 1140 1141 1813 1840 1913 1922 1936 1938 1940 1941 2013 2063 2086 2088 2090 
m27 26 45 46 2276 2296 2326 
m1375 22 38 45 46 1138 1145 1146 1938 1945 1946 2345 
m3524 36 40 45 46 1840 1845 2036 2040 2045 2340 2345 4836 
m2370 36 37 40 46 48 1848 1886 1890 1896 2036 2040 2046 2048 2336 2340 2346 2348 4396 4836 
m1841 6 42 46 346 2146 2842 
m2942 40 46 2046 
m1337 32 36 41 46 1641 2332 2336 2341 2346 4136 4341 
m820 13 37 38 46 1913 1937 1946 2313 2337 4363 
m3149 14 36 49 1814 1849 2464 
m605 37 1887 
m2481 22 44 46 1146 2246 2344 2346 4846 
m2946 40 45 46 2046 2290 2296 
m3403 22 23 36 40 1122 1123 1136 1140 1173 1822 1823 1840 2022 2023 2040 3673 
m208 22 36 46 49 1149 1822 1836 1846 1849 2322 2349 2472 2486 2499 4836 
m3672 5 13 22 38 46 655 696 1113 1146 1905 1913 1922 1946 2305 
m447 46 50 2546 
m3669 20 37 46 1870 2320 2337 
m1983 22 46 1146 
m1193 22 23 30 36 40 41 1122 1123 1130 1136 1140 1172 1180 1186 1522 1523 1536 1822 2023 2030 2036 2072 2073 2080 2086 2090 3673 4323 
m402 30 38 46 1930 1946 2330 
m1950 22 44 46 1146 2322 2344 2346 4846 
m364 12 49 649 2462 2499 
m1843 23 36 40 41 45 1186 1190 1823 1836 1840 2023 2036 2040 2073 2086 2090 2291 
m883 16 23 36 40 41 46 836 840 841 1186 1190 1191 1841 2023 2036 2040 2041 2046 2066 2073 2086 2090 2091 2096 2316 2336 2340 2341 3666 4823 
m456 8 36 408 2936 4308 
m2027 12 30 45 630 2262 2280 
m211 22 36 40 41 45 1122 1136 1140 1836 1840 2036 2040 2072 2086 2272 2286 2291 
m1632 38 1938 
m743 14 40 46 740 746 2014 2040 2046 2314 2340 2346 4814 
m282 22 1122 
m3360 7 45 2257 
m1915 22 23 30 41 46 1122 1141 1146 1191 1523 1530 1541 1546 2073 2080 2091 2096 2322 2323 2330 2341 2346 
m2447 12 46 49 2349 2462 4812 
m1733 23 30 36 46 1173 1180 1186 1196 1523 1530 1536 1546 1823 1830 1836 1846 2323 2330 2336 2346 3696 4823 4836 
m9 11 13 22 45 563 572 595 695 1113 1145 
m3462 13 22 38 1113 1138 1913 
m2809 26 40 46 49 1340 1346 1349 2046 2490 2496 
m3041 36 40 46 1840 2336 2340 
m977 30 37 46 1530 1537 1546 1880 2330 2337 2346 
m571 22 46 1122 1146 2322 2346 
m1091 22 44 46 1144 1146 2246 2344 2346 4846 
m1999 13 33 45 46 2263 2283 2296 2313 2333 4163 
m2429 28 36 1828 1836 
m1099 22 23 30 36 40 41 1122 1123 1130 1136 1140 1141 1172 1173 1186 1190 1191 1522 1523 1536 1541 1840 1841 2023 2036 2041 2072 2073 2086 2090 2091 3673 3686 4323 4336 4586 
m1920 44 46 49 2344 2349 2494 
m2219 23 36 40 41 1173 1186 1190 1191 1823 1840 2023 2036 2073 2086 2090 3673 4323 4336 4586 
m601 37 1887 
m2377 22 36 41 49 1136 1141 1822 1841 1849 2072 2086 2091 2099 2472 2486 2491 4336 
m2160 23 30 38 45 46 1180 1923 1930 1946 2273 2280 2288 2296 2330 2346 4823 
m265 22 30 46 1130 1146 2330 
m3631 22 45 46 1145 2322 2345 
m891 22 23 30 41 49 1123 1130 1173 1523 2072 2073 2080 2472 2473 2480 2491 3673 
m1422 23 33 44 49 1183 1194 1199 1694 1699 2494 
m43 9 36 45 46 486 495 496 1845 2309 2336 2345 2346 
m152 7 26 46 1307 1346 2307 2346 
m910 22 46 1122 1146 
m3316 
m777 26 46 1326 1346 
m1464 5 45 295 
m1217 22 23 32 36 40 46 49 1122 1123 1132 1136 1146 1149 1172 1173 1182 1186 1190 1196 1199 1622 1623 1632 1636 1640 1646 1822 1823 1832 1836 1840 1846 1849 2022 2023 2032 2036 2046 2322 2323 2332 2336 2346 2349 2472 2473 2482 2486 2490 2496 3673 3686 3696 4323 4346 
m1680 22 36 41 46 48 1136 1141 1848 2086 2098 2322 2336 2341 2348 4336 
m763 22 44 46 1146 2344 2346 4846 
m3011 20 22 23 30 38 1022 1023 1030 1038 1123 1130 1172 1173 1180 1188 1520 1523 1538 1922 1923 1930 1938 3673 
m2369 22 36 40 41 49 1122 1136 1140 1141 1149 1841 1849 2022 2036 2041 2049 2486 2491 4336 
m326 11 45 595 
m3666 23 46 1173 1196 3696 
m1012 45 46 2295 2296 2346 
m2264 30 36 41 46 49 1536 1541 1841 2080 2086 2091 2096 2099 2330 2336 2341 2346 2349 2480 2486 2491 
m1174 17 46 2317 2346 3396 4817 
m431 36 45 46 1845 2336 2345 
m1724 10 30 36 46 1510 1536 1546 1810 1846 2310 2346 
m2940 14 30 40 46 1514 1546 2014 2030 2040 2046 2314 2346 4814 
m3489 22 23 30 40 46 1122 1123 1130 1140 1146 1180 1523 1530 1546 2022 2023 2030 2046 2330 2346 4823 
m3461 6 14 32 36 314 332 732 1806 1814 1832 
m2267 46 
m3583 5 13 14 38 46 655 705 746 1913 1914 1946 2305 2313 3213 
m973 13 16 3313 
m3523 14 22 46 714 722 746 2322 3246 
m839 33 45 46 1695 2345 4833 
m731 11 
m2886 23 30 38 1180 1523 1530 1538 1923 1930 1938 
m993 13 23 30 46 696 1163 1173 1180 1196 1513 1523 1530 1546 2313 2323 2330 2346 3196 3663 3696 4823 
m2662 32 1632 
m1585 12 13 22 36 40 622 636 640 672 686 690 1112 1113 1122 1136 1140 1822 2022 2036 3162 
m54 14 36 40 46 1814 1846 2014 2036 2046 3246 
m481 22 45 1145 
m3477 14 40 46 740 746 2014 2040 2046 2314 2340 2346 3214 3246 4814 
m1288 14 22 39 40 46 740 1114 1122 1139 1140 1146 1990 1996 2014 2040 2046 2340 3246 4464 
m2570 22 38 45 46 1122 1138 1145 1146 1938 1945 1946 2296 2346 
m1089 22 23 36 40 41 46 1122 1123 1136 1140 1141 1146 1190 1191 1822 1823 1836 1840 1841 1846 2022 2023 2036 2040 2041 2046 2323 2336 2340 2341 3673 3686 4323 4336 
m1381 30 37 40 46 1537 1540 1546 1890 2340 4396 
m1357 13 22 36 40 672 686 690 1113 1122 1136 1140 1822 2022 2036 
m242 13 22 38 1113 1913 1922 
m2392 23 36 40 45 46 49 1190 1195 1836 1840 1845 2036 2045 2323 2336 2340 2345 2473 2486 2495 2496 3686 4323 4336 4836 
m2711 36 37 40 46 1886 1896 2036 2037 2046 2336 2346 4836 4837 
m29 26 32 36 41 46 49 1332 1336 1341 1346 1349 1641 1646 2332 2336 2341 2346 2482 2486 2491 2496 4136 4586 
m3358 14 36 40 45 736 740 745 1840 2036 2286 2290 4336 
m865 26 33 46 49 1333 1346 1349 2349 2483 4833 
m1409 32 45 46 2282 2296 2332 
m220 6 42 46 2306 2342 2842 
m2459 23 30 38 46 1180 1923 1930 1946 2330 4823 
m3095 22 44 46 1144 1146 2222 2246 2322 2344 2346 4846 
m1662 12 40 46 2012 2046 4812 
m2792 22 40 44 46 1146 2022 2044 2046 2344 2346 4846 
m1192 5 36 41 46 1805 2055 2096 2305 2336 4586 
m1790 26 46 1346 
m2934 22 23 36 41 1122 1123 1136 1822 1823 2072 2073 3673 4323 4586 
m3399 8 36 46 49 1808 1846 2308 2336 2458 2486 2496 4336 
m3122 40 46 2040 2046 
m1147 6 36 42 49 2456 2486 2492 2836 4606 4636 
m2089 30 40 46 49 1540 1546 1549 2030 2040 2046 2330 2340 2346 2349 2490 2496 
m2180 36 
m159 37 38 1888 1937 1938 
m1485 41 45 2091 2095 2291 2295 
m1653 5 45 46 2255 2296 2305 
m831 30 36 46 49 1536 1549 1849 2330 2336 2346 2349 
m3132 22 38 44 46 1146 1922 1946 2344 2346 4846 
m692 36 46 2336 
m458 2 45 46 2252 2296 2302 
m2668 22 23 30 38 41 1122 1123 1130 1138 1172 1173 1188 1522 1523 1530 1538 2072 2073 2080 3673 
m2733 5 14 40 45 46 705 745 2005 2014 2045 2046 2255 2305 2345 4814 
m2329 22 23 30 1122 1123 1130 1172 1173 1180 1522 1523 1530 3673 
m774 8 
m3627 13 22 36 38 40 1113 1122 1136 1138 1140 1813 1840 1913 1936 1940 2013 
m2105 37 1887 
