m321 36 38 46 49 1849 1936 1946 2336 2346 2349 4836 
m1754 14 23 30 39 46 1189 1514 1523 1539 1546 1964 2314 2323 2330 2339 2346 3664 4814 4823 
m1577 22 37 1122 1137 1887 
m438 
m201 
m3489 14 46 714 746 2314 2346 4814 
m2203 36 
m2864 22 23 30 40 41 1130 1140 1180 1523 1530 2022 2023 2030 2072 2090 
m237 22 38 46 49 1146 1149 1922 1946 1949 2349 2472 2488 2496 
m3686 22 45 1122 1145 2272 2295 
m30 13 22 32 38 46 682 1113 1132 1146 1913 1922 1932 1946 2313 2332 
m3417 14 714 
m2760 5 14 40 45 46 705 745 2005 2014 2045 2046 2255 2305 2345 4814 
m1792 22 23 36 40 41 46 1123 1136 1140 1141 1146 1190 1822 1823 1836 1840 1841 2023 2036 2040 2041 2046 2072 2073 2086 2096 2322 2323 2336 2340 2341 2346 3673 3686 4323 4346 4823 
m3386 38 46 1946 
m1581 6 36 42 45 306 345 1845 2106 2145 2836 4306 4606 4636 
m2943 12 45 46 645 2345 4812 
m1759 13 22 36 45 46 672 1822 2263 2272 2286 2296 2313 2322 2336 4313 
m804 22 44 46 1146 2222 2244 2246 2322 2344 2346 4846 
m2697 22 45 46 1145 1146 2296 
m1058 37 39 46 1987 4396 4496 
m2874 22 40 46 1122 1140 1146 2340 
m2934 22 36 41 49 1122 1136 1141 1149 1822 1841 1849 2072 2086 2091 2099 2472 2486 2491 4336 
m809 14 38 46 1914 1946 2346 4814 
m346 13 22 33 36 40 1113 1122 1133 1136 1140 1813 1833 1840 2013 2033 4163 
m735 45 46 2295 2345 2346 
m2571 40 45 2045 
m2689 22 26 44 46 1146 1322 1344 1346 2326 2344 2346 4846 
m1609 22 23 36 40 41 46 49 1123 1136 1140 1149 1173 1186 1190 1199 1840 2022 2023 2036 2040 2041 2049 2072 2073 2086 2090 2099 2322 2323 2340 2341 2473 2486 3673 3686 4323 
m2204 22 44 46 1146 2344 2346 4846 
m2252 45 2295 
m1028 14 40 46 2014 2040 2046 2314 2346 3214 4814 
m78 13 22 44 46 694 1113 1122 1144 1146 2313 2344 
m1956 45 46 2345 2346 
m3267 36 40 45 46 1845 2036 2040 2045 2046 2296 4346 
m2337 46 
m3365 13 36 40 45 686 1813 1840 1845 2013 2036 2045 2263 2286 4336 
m2694 13 37 4363 
m1059 22 30 38 1130 1922 1930 1938 
m1726 14 22 38 738 1114 1138 1914 1922 1938 
m827 22 23 30 45 1123 1130 1145 1173 1180 1523 1530 2273 2280 3673 
m3108 14 36 38 46 48 736 746 748 1848 1914 1936 1938 1946 1948 2314 2336 2338 2346 2348 
m849 1 32 36 38 45 46 82 96 1901 1932 1936 1946 2251 2282 2286 2288 2296 2332 2586 4136 4836 
m1105 22 44 46 1144 1146 2246 2344 2346 4846 
m455 30 46 1546 2330 4846 
m2941 14 22 1114 
m673 14 45 745 2264 2295 
m3518 27 45 46 2277 2296 2327 2346 
m2631 30 36 40 46 49 1549 1830 1836 1846 1849 2036 2040 2046 2049 2330 2349 2480 2499 
m3039 5 26 33 45 1305 1333 1345 1655 1695 2255 
m3410 8 46 408 446 2308 2346 
m3356 11 38 46 588 596 1911 1938 1946 2338 
m3178 45 46 2295 2296 2345 
m2405 26 40 45 46 1340 1346 2026 2040 2045 2046 2276 2290 2296 2340 
m460 14 46 714 746 2314 2346 3246 4814 
m142 22 44 46 1146 2322 2344 2346 4846 
m161 37 46 4396 
m1669 46 
m2950 36 45 46 1845 2336 2345 2346 4836 
m2838 36 49 1849 2486 2499 
m1073 41 46 2341 
m1395 30 37 40 46 1537 1540 1546 1890 2340 4396 
m2210 22 45 46 1145 1146 2296 4846 
m2327 22 33 38 46 1122 1133 1146 1672 1922 1933 1946 2322 4833 
m2245 22 36 37 40 46 1122 1136 1137 1140 1146 1822 1836 1837 1840 1846 1890 2022 2036 2037 2040 2046 2322 2336 2337 2340 2346 4837 
m1474 23 45 1195 2273 2295 
m1993 13 22 46 1113 2313 2322 
m877 26 33 46 49 1333 1346 1349 2349 2483 4833 
m2189 20 22 36 40 1120 1122 1136 1140 1820 1840 2020 
m1043 5 36 40 46 286 290 296 2036 2046 2305 2340 2346 4346 4836 
m143 22 44 46 1146 2344 2346 4846 
m3451 33 36 41 1686 2083 4586 
m2294 14 22 23 46 1114 1123 1146 1196 2314 3664 
m717 22 23 30 46 1122 1123 1130 1146 1180 1523 1530 1546 2330 2346 4823 
m2374 5 14 30 46 264 296 1505 1514 1546 2305 2314 2330 2346 4814 
m2461 26 46 1346 2346 
m3394 14 44 46 49 744 746 2344 2464 2494 2496 
m683 14 32 714 732 
m1418 33 37 4383 
m3183 14 36 49 1814 1849 2464 
m3592 45 46 2295 2296 2345 4846 
m1466 22 36 40 41 49 1122 1136 1140 1141 1149 1841 1849 2022 2036 2041 2049 2072 2086 2090 2091 2099 2486 2491 4336 
m1496 39 45 1995 2289 2295 
m2909 14 22 36 49 749 1114 1136 1149 1814 1849 
m2464 22 45 46 1145 1146 2345 
m1245 36 38 45 48 1838 1845 1848 1936 1938 1945 1948 2295 2436 2438 2445 2448 4336 
m156 5 13 14 33 263 283 705 713 733 4163 
m3593 26 36 46 49 1326 1336 1346 1349 1826 1846 1849 2326 2476 2496 
m2880 22 23 36 40 41 1123 1136 1173 1186 1190 1191 1823 1836 1840 1841 2023 2036 2040 2041 2073 2086 3673 3686 4323 4586 
m3605 36 45 2286 
m1796 45 46 2296 2345 2346 
m536 45 2295 
m2403 46 
m302 23 36 45 1186 2273 2286 2295 3673 3686 
m2918 14 45 2264 3214 
m1711 14 45 745 
m3383 5 36 45 46 286 295 1845 2305 2336 2345 4336 
m3402 15 22 46 772 2322 4815 
m81 14 22 46 722 746 2322 2346 
m2406 42 45 2145 
m3555 37 41 46 2087 2096 4837 
m482 13 33 45 2263 2283 3183 
m2549 22 23 36 40 1122 1123 1136 1140 1173 1186 1190 1822 1823 1836 1840 2022 2023 2036 2040 3673 3686 
m44 9 36 45 46 486 495 496 1845 2309 2336 2345 2346 
m1230 47 
m2641 
m1863 23 36 40 41 45 1186 1190 1823 1836 1840 2023 2036 2040 2073 2086 2090 2291 
m2966 22 23 30 36 41 1123 1130 1136 1523 1823 1830 2072 2073 2080 3673 4323 4586 
m779 22 44 46 1146 2344 2346 4846 
m1302 14 22 39 40 46 740 1114 1122 1139 1140 1146 1990 1996 2014 2040 2046 2340 3246 4464 
m34 22 30 40 46 1130 2022 2030 2040 2046 2322 2330 2346 
m3436 22 23 36 41 45 1122 1123 1136 1141 1145 1173 1186 1195 1845 2073 2095 3673 3686 4323 4586 
m2444 30 36 40 45 46 1830 1845 2030 2036 2040 2045 2046 2280 2330 2345 4346 
m2496 14 22 36 46 722 736 1822 2314 2322 4836 
m2008 22 23 32 1122 1123 1132 1182 1622 1623 1632 
m1550 14 37 40 46 737 740 746 2037 2046 4837 
m2472 41 46 2091 2096 2341 
m1916 36 49 1836 1849 2486 2499 4336 
m2259 27 36 37 46 49 1387 1827 1837 2327 2477 2486 2487 2496 4336 4346 4837 
m1022 10 13 22 660 663 672 1110 1113 1122 
m1495 5 13 22 255 263 272 1105 1113 1122 
m2359 12 23 36 46 49 636 649 1199 1849 2336 2349 3123 3686 4812 4823 
m200 22 23 30 36 40 46 49 1122 1123 1130 1136 1140 1146 1149 1172 1173 1180 1186 1190 1199 1522 1523 1530 1536 1540 1546 1549 1822 1823 1830 1836 1840 1846 1849 2022 2023 2030 2036 2040 2046 2322 2330 2336 2340 2346 2349 2472 2473 2480 2486 2496 3696 4823 
m2797 36 40 46 1836 1840 1846 2036 2046 2336 2340 2346 
m157 7 26 46 1307 1346 2307 2346 
m1524 28 
m1785 38 45 1938 1945 2288 2295 
m256 23 45 46 1195 1196 2296 3673 
m800 13 32 38 46 682 1913 1932 1946 2313 2332 
m852 22 30 36 40 41 46 1136 1141 1146 1541 1822 1830 1841 2022 2046 2086 2096 2336 
m2593 13 22 36 40 1113 1122 1136 1140 1813 1840 2013 
m2469 12 46 49 2349 2462 4812 
m1407 22 45 1145 
m932 14 40 46 2014 2046 2314 2346 4814 
m2511 45 
m3571 30 36 46 1830 2330 2336 2346 4336 
m1965 12 29 36 46 612 629 636 1812 1829 1836 2312 2329 2336 2346 3136 4336 4812 4836 
m296 40 45 46 49 2045 2046 2299 2345 2349 
m856 22 38 46 1146 1922 1946 
m575 22 30 36 40 1136 1140 1522 1536 1540 1822 1830 1836 1840 2022 2030 2036 2040 4336 
m1744 14 46 2314 2346 4814 
m3689 22 33 46 1122 1133 1146 1672 1683 1696 2322 2333 2346 4833 
m3145 14 22 23 30 36 40 41 741 1123 1130 1136 1140 1141 1191 1523 1536 1540 1541 1823 1841 2023 2036 2041 2072 2073 2080 2086 2090 2091 3673 4323 
m450 22 30 36 39 41 1136 1139 1522 1536 1539 1541 1986 2072 2089 4586 
m2706 44 46 49 2246 2494 2496 
m3499 30 32 36 40 46 1630 1640 1646 1830 1840 2030 2330 2332 2336 2340 2346 4136 
m15 18 46 2318 2346 
m1266 37 46 1887 1896 2337 2346 4837 
m1127 22 37 46 1137 1146 4837 
m2423 22 23 30 36 40 45 46 1122 1123 1130 1136 1140 1145 1146 1172 1173 1180 1190 1196 1522 1523 1536 1540 1545 1546 1822 1823 1830 1836 1840 1845 1846 2022 2023 2030 2036 2040 2045 2046 2272 2273 2280 2286 2290 2296 2322 2323 2330 2336 2340 2345 2346 4823 
m3336 13 33 45 2263 2283 4163 
m451 26 45 46 1345 1346 2295 2345 
m1682 5 13 33 46 655 1655 2305 2313 2333 4163 
m790 8 
m3428 33 37 46 1883 1896 4833 
m1653 26 46 49 1326 1346 1349 2349 
m622 26 46 49 1346 1349 2346 2496 2499 
m2920 5 36 38 41 46 286 291 296 1905 1936 1938 1941 1946 2341 4341 4836 
m2826 22 23 1122 1123 1172 1173 3673 
m2665 26 32 33 46 1332 1333 1346 1682 2332 4833 
m3007 22 37 46 1137 1146 4837 
m2475 38 
m2676 22 44 46 1146 2322 2344 2346 4846 
m2818 22 32 46 1122 1132 1146 1622 1632 1646 2322 2332 2346 
m3251 45 46 2296 
m2715 14 46 714 746 2346 3246 
m698 30 38 45 46 1930 1945 1946 2280 2296 2330 
m595 26 38 45 46 1338 1345 1346 1938 1945 2288 2338 2345 
m337 22 23 30 36 41 46 1122 1123 1136 1141 1191 1522 1523 1536 1841 2322 2323 2330 2336 3686 
m3078 22 37 46 1872 2322 4837 
m1459 9 14 36 49 709 1809 1814 1836 1849 2459 2464 2486 2499 
m1389 22 38 45 46 1138 1145 1146 1938 1945 1946 2345 
m2364 22 23 36 40 41 1122 1123 1136 1140 1141 1172 1822 1823 1836 1840 1841 2022 2023 2036 2040 2041 2072 2073 2086 3686 
m1185 37 45 46 1895 2345 4837 
m2331 22 23 36 41 1123 1136 1141 1191 3686 4341 
m2473 22 39 45 46 1122 1146 1972 1995 1996 2272 2296 
m1597 45 2295 
m1601 
m566 22 44 45 46 1144 1145 1146 2294 2296 2344 2346 
m541 12 22 30 622 1512 1522 
m2300 38 45 46 1945 1946 2296 
m2499 29 36 48 1486 1829 1836 1848 2429 2436 2448 4336 
m289 26 32 46 1626 1646 2326 
m2567 46 
m2380 12 38 45 46 645 1912 1946 2345 4812 
m3408 36 38 46 48 1836 1838 1848 1936 1938 1948 2336 2338 2348 2436 2438 2448 4336 4836 
m2459 23 45 1195 2273 2295 
m1152 36 1836 
m1044 22 37 1122 1137 
m545 23 30 46 1173 1180 1196 1523 1530 1546 2323 2330 2346 3696 4823 
m968 22 23 30 38 41 1122 1123 1130 1172 1173 1180 1188 1523 1538 1541 1922 1923 1930 1938 2072 2073 2080 2088 3673 
m1679 12 40 46 2012 2046 4812 
m2856 28 32 36 38 40 46 1628 1632 1636 1640 1646 1828 1832 1836 1932 1936 1940 1946 2028 2032 2036 2040 2046 2328 2332 2336 4136 4332 4836 
m1415 22 44 46 1146 2344 2346 4846 
m2983 13 37 4363 
m1755 5 13 33 45 655 1655 1695 2255 2263 4163 
m378 22 37 39 1137 1139 1987 
m2180 46 
m2319 5 45 295 
m1959 26 38 40 46 1338 1340 1346 1946 2340 
m3572 44 46 2246 2344 2346 
m973 37 46 1896 
m3174 22 37 1872 
m3628 36 37 39 40 41 46 49 1837 1839 1840 1841 1846 1849 1889 2037 2039 2046 2087 2089 2090 2096 2487 2490 2491 4396 4839 
m2745 5 14 38 45 46 705 745 1905 1914 1945 1946 2255 2305 2345 4814 
m3036 14 49 2464 
m2417 44 46 2246 2344 2346 4846 
m424 22 38 45 46 1145 1922 1945 1946 2322 2345 
m53 29 
m3029 33 45 1695 2283 2295 
m1082 32 46 1632 1646 2332 
m2257 22 23 30 36 40 46 1122 1123 1130 1136 1140 1146 1172 1186 1190 1522 1523 1536 1540 1546 1822 2022 2036 2322 2336 2340 2346 4823 
m3652 23 36 40 46 49 1836 1840 1846 1849 2023 2036 2040 2046 2049 2323 2336 2473 2486 2490 2496 3686 4323 4336 4836 
m1167 26 46 1346 2346 
m384 14 22 722 1114 1122 
m1831 23 30 46 1196 1523 1530 1546 2323 2330 2346 3696 4823 
m3339 22 36 37 40 46 1122 1136 1137 1140 1146 1837 1840 1890 2036 2037 2040 2322 2336 2337 2340 2346 4837 
m439 26 38 46 1926 1946 2326 
m801 12 22 36 40 41 45 46 49 636 640 641 645 649 1145 1822 1836 1840 1841 1845 2012 2022 2036 2040 2041 2045 2046 2049 2072 2095 2272 2295 2336 2340 2349 2486 2490 2491 2495 3136 4336 4812 
m1973 22 44 46 1146 2322 2344 2346 4846 
m245 13 22 38 1113 1913 1922 
m1667 36 45 46 49 1846 1849 2286 2296 2299 2349 
m2647 22 44 46 1146 2222 2246 2322 2344 2346 4846 
m538 23 38 45 1195 1923 1945 3673 
m282 29 34 36 1484 1734 1829 1834 1836 
m3047 22 27 36 40 1122 1127 1136 1140 1390 1827 1836 1840 2027 2036 2040 
m2827 30 36 38 1530 1536 1538 1830 1836 1838 1930 1936 1938 4036 4330 
m2269 32 45 1645 
m1758 22 28 38 46 1128 1138 1146 1928 1938 2328 2338 
m1113 22 23 30 36 40 41 1122 1123 1130 1136 1140 1141 1172 1173 1186 1190 1191 1523 1536 1541 1840 1841 2023 2036 2041 2072 2073 2086 2090 2091 3673 3686 4323 4336 4586 
m2526 5 26 30 37 46 1330 1337 1346 1505 1855 1880 2305 2330 2337 2346 4837 4846 
m743 32 36 46 2332 2336 2346 4332 4836 
m2372 46 2346 
m3070 23 38 45 1923 2273 2288 
m2213 22 36 40 49 1149 1822 1849 2022 2036 2049 
m1018 38 40 46 49 1940 1946 1949 2046 2490 2496 
m2041 36 40 45 46 1845 2036 2040 2045 2046 2295 2296 2345 4346 
m1655 6 42 4606 
m1724 23 32 36 40 49 1182 1632 1823 1832 1849 2023 2032 2036 2049 2473 2482 
m971 26 40 46 1326 1340 1346 2026 2046 2326 3826 
m2339 45 46 2296 
m3468 36 46 49 1849 2336 2346 2349 4836 
m1458 9 14 22 36 49 709 1109 1114 1136 1149 1809 1814 1836 1849 2459 2464 2486 2499 
m1129 22 23 30 1122 1123 1130 1173 1180 1522 1523 1530 
m546 46 
m1618 14 22 32 46 1114 1132 1146 1614 2314 2332 
m848 26 32 36 38 46 1332 1336 1346 1832 1926 1932 1936 1946 2332 2336 2346 4836 
m470 2 45 46 2252 2296 2302 
m2275 36 49 1849 2486 2499 
m557 22 38 45 46 1145 1146 1922 1945 1946 2345 
m2205 22 23 30 38 1122 1123 1130 1138 1172 1173 1188 1522 1523 1530 1538 1922 1923 3673 
m1409 22 37 40 46 1872 2037 2040 2046 2322 2337 2346 4837 
m2990 40 46 2046 
m2708 5 36 45 46 49 286 296 299 1836 1846 1849 2255 2286 2296 2299 2336 2349 
m2969 27 36 46 48 1827 2327 2336 2436 2446 
m1629 22 23 36 49 1123 1136 1172 1173 1186 1199 1822 1823 1849 2472 2473 2486 3673 4323 4336 
m1252 13 25 38 46 675 1913 1925 1946 2313 2325 
m3476 22 36 41 49 1122 1136 1141 1149 1849 2072 2086 2099 4336 
m3637 19 46 969 996 2319 2346 
m3353 
m773 5 32 36 46 49 282 286 296 299 1649 1832 1849 2332 2336 2349 2486 4136 4336 
m1807 17 46 2317 2346 4817 
m2395 30 45 46 2280 2296 2330 2346 
m1307 22 23 30 39 41 1123 1130 1139 1141 1523 1973 1980 1991 2073 2080 3673 4473 
m799 22 40 44 46 1146 2044 2046 2246 2344 2346 4846 
m3104 12 22 36 41 46 49 622 641 1141 1812 1822 1841 2322 2336 2341 2462 2472 2486 2491 2496 3136 4312 4336 4812 
m761 22 44 46 1146 2246 2344 2346 4846 
m3009 23 32 42 1182 1192 1642 
m778 22 44 46 1146 2344 2346 4846 
m1752 23 30 36 46 1173 1180 1186 1196 1523 1530 1536 1546 1823 1830 1836 1846 2323 2330 2336 2346 3696 4823 4836 
m1088 5 13 33 45 263 283 2255 2263 2283 3183 
m2265 44 46 49 2344 2349 2494 
m2416 23 36 40 45 46 49 1190 1195 1836 1840 1845 2036 2045 2323 2336 2340 2345 2473 2486 2495 2496 3686 4323 4336 4836 
m833 36 40 41 1836 1840 1841 2036 2041 2086 2091 4336 4341 4586 
m2379 46 
m1893 23 30 36 40 46 49 1180 1830 1836 2023 2030 2036 2046 2049 2323 2330 2336 2473 2480 2486 2496 4323 4836 
m3665 45 49 2295 2299 
m3553 13 14 22 46 672 722 1113 1114 2313 2322 3213 4814 
m620 36 45 46 2286 2295 2296 2336 2346 4836 
m2233 13 22 45 46 672 2263 2295 2296 2313 2322 2346 4813 
m2236 23 36 40 1190 1840 3686 4336 
m2046 22 45 2272 
m2256 5 14 36 41 45 255 286 291 295 705 736 741 745 1845 2055 2086 2095 4336 
m503 22 41 1141 
m2171 13 22 33 36 40 690 1113 1122 1133 1136 1140 1690 1813 1833 1840 2013 2033 4163 
m297 14 40 46 740 2014 2040 2046 2340 2346 3246 4814 
m1570 14 30 714 730 
m2151 45 46 2296 2345 4846 
m23 22 23 36 40 45 1122 1123 1136 1140 1145 1172 1173 1822 1823 1836 1840 1845 2022 2023 2036 2040 2045 2272 2273 3673 
m2633 14 21 46 721 746 1096 
m14 13 22 32 33 36 40 46 690 696 1113 1122 1132 1133 1136 1140 1146 1613 1633 1636 1640 1646 1690 1813 1833 1840 1846 2013 2033 2046 2333 2340 3183 
m28 26 45 46 2276 2296 2326 
m189 22 36 41 1122 1136 1141 1822 2072 4586 
m533 27 36 46 49 1827 2327 2336 2486 2496 
m1410 22 45 46 49 1146 1149 2272 2296 2299 2349 2472 2495 2496 
m1937 22 23 30 1122 1123 1130 1172 1173 1180 1522 1523 1530 3673 
m26 37 45 46 1895 2337 2345 2346 4396 
m1349 36 
m661 13 22 38 1113 1122 1138 1913 
m2394 36 37 40 46 48 1848 1886 1890 1896 2036 2040 2046 2048 2336 2340 2346 2348 4396 4836 
m1220 45 2295 
m373 5 45 295 
m1402 22 26 44 46 1146 1322 1344 1346 2344 2346 4846 
m1886 13 22 33 36 40 686 690 1113 1133 1136 1140 1686 1690 1840 3183 
m2249 14 36 40 46 740 746 1840 2014 2036 2040 2046 2336 2340 2346 3236 4346 4814 
m963 45 46 2295 2296 
m3226 14 714 
m1468 22 36 40 41 49 1122 1136 1141 1149 1841 1849 2022 2036 2041 2049 2486 2491 4336 
m38 22 30 45 1122 1130 1145 1522 2272 2280 
m2043 45 46 48 2345 2445 2446 
m2769 22 45 46 1145 1146 2345 4846 
m942 13 22 33 672 1672 3183 
m3519 14 40 46 740 746 2014 2040 2046 2314 2340 2346 3214 3246 4814 
m3668 34 46 1746 
m1273 45 46 2296 
m1092 12 14 33 46 712 746 2333 3133 3233 4812 
m3066 22 36 40 46 48 1136 1140 1146 1848 2036 2040 2046 2336 2340 2346 2348 4336 4836 
m2575 23 41 1191 2073 2091 
m1869 13 38 46 688 1913 1946 2338 4813 
m3469 22 46 1122 1146 2322 2346 
m3181 22 23 30 44 46 1130 1144 1146 1180 1523 1530 1546 2223 2230 2246 2323 2330 2344 2346 4823 4846 
m875 22 23 30 36 38 40 1123 1130 1136 1140 1172 1173 1180 1186 1188 1190 1522 1523 1538 1822 1830 1922 1923 1930 1936 1938 1940 2022 2023 2030 2036 2040 3673 4323 
m3054 13 23 36 1186 1813 3663 
m602 32 36 41 46 1641 1646 2332 2336 2341 2346 4136 4586 
m1366 18 918 
m1961 14 45 745 
m3666 22 44 45 46 1146 2272 2294 2296 2344 2346 4846 
m1430 13 38 46 663 696 1913 1946 
m417 13 22 36 40 672 686 690 1822 1840 2022 2036 2040 4336 
m1461 37 39 40 46 1890 1987 1990 2037 2039 2046 2340 4396 4496 
m785 8 22 36 46 1122 1136 1146 2308 2336 2346 4308 4836 
m3391 5 45 46 2255 2296 2305 2345 4846 
m2104 14 36 40 46 1814 1846 2014 2036 2040 2046 2346 4346 4814 
m49 10 30 36 37 46 1510 1536 1546 1810 1860 1880 1886 1896 2310 2346 4836 
m1130 36 
m1568 23 30 36 49 1180 1823 1830 1836 1849 2473 2480 2486 2499 
m374 36 45 1845 
m2951 14 40 46 714 746 2014 2040 2046 2314 2340 2346 3246 4814 
m1605 22 37 45 46 49 1137 1146 2272 2287 2296 2299 2472 2487 2496 4837 
m873 46 2346 
m1235 3 30 45 46 180 195 2280 2296 2330 2345 2346 2696 4803 
m2967 8 37 46 437 446 4837 
m1549 34 1734 
m2776 22 26 44 46 1146 1322 1344 1346 2344 2346 4846 
m3361 5 13 30 33 46 655 680 1505 1655 1680 2305 2313 2330 2333 4163 
m3644 23 30 41 45 1180 1191 1541 2273 2280 2291 
m2292 46 
m1190 45 2295 
m325 13 16 36 40 49 1813 1816 1836 1849 2013 2016 2036 2049 2463 2466 3166 
m3510 22 23 30 1122 1123 1130 1172 1173 1522 1523 3673 
m2562 37 40 46 49 1899 2037 2046 2049 2337 2340 2346 2349 4396 
m344 37 
m1192 22 23 30 36 40 46 49 1122 1123 1130 1136 1140 1146 1172 1173 1180 1186 1190 1522 1523 1530 1536 1540 1546 1822 1823 1830 1840 1846 1849 2022 2023 2030 2036 2040 2046 2049 2322 2323 2330 2336 2340 2346 2349 2472 2473 2480 2496 3696 4823 
m2106 21 23 45 1171 2271 2273 
m3672 22 23 41 1141 1172 1173 1191 
m781 22 44 46 1144 1146 2246 2322 2344 2346 4846 
m367 45 
m1289 30 36 40 46 48 1830 1848 2030 2036 2046 2330 2336 2346 2348 2430 
m2088 21 26 45 46 1321 1345 1346 2271 2321 2345 
m1573 7 22 46 1107 1122 1146 2307 2346 
m2878 32 36 46 49 1632 1636 1649 1849 2332 2336 2346 2349 
m1747 14 23 30 46 1514 1523 1546 2314 2323 2330 2346 3664 4814 4823 
m2442 14 36 49 749 1814 1849 
m3360 6 42 2842 
m3495 38 46 49 1946 1949 2346 2496 2499 
m1882 14 23 30 38 730 1180 1514 1523 1530 1538 1914 1923 1930 1938 3223 
m2485 8 36 46 1808 2308 2336 2346 4836 
m2802 16 45 46 845 2345 4816 
m933 23 32 36 40 46 48 1182 1186 1190 1196 1198 1632 1636 1646 1648 1846 1848 2032 2036 2046 2048 2446 
m3521 26 45 46 1326 1345 1346 2276 2296 2326 
m3109 10 14 46 710 746 2310 2346 
m2699 23 36 40 41 44 1186 1190 1191 1194 1840 1841 2041 2240 2241 4736 
m2295 46 2346 4846 
m1534 22 45 46 1145 1146 2296 
m1941 44 46 49 2344 2349 2494 
m2973 40 46 2046 
m3663 46 
m3197 23 36 40 46 49 1836 1840 1846 1849 2023 2036 2046 2049 2323 2336 2473 2486 2490 2496 3686 4323 4336 4836 
m2651 22 44 46 1144 1146 2246 2344 2346 4846 
m2884 22 40 46 1140 1146 2340 
m592 37 39 40 46 1890 1987 1990 2340 4396 4496 
m1209 13 22 33 36 40 672 686 690 1113 1122 1133 1136 1140 1672 1686 1690 2036 3183 
m2755 13 33 36 38 40 688 1688 1813 1833 1838 2013 2033 2036 2038 4163 
m976 14 46 746 
m2727 22 23 30 1122 1123 1130 1172 1173 1180 1522 1523 1530 3673 
m1821 36 45 46 1845 2345 4836 
m170 5 13 33 36 49 263 283 1805 1813 1833 1849 2455 2463 2483 4163 
m249 36 38 46 1936 1946 4836 
m2607 10 36 46 1810 2310 2346 4836 
m1107 22 44 46 1122 1144 1146 2222 2246 2322 2344 2346 4846 
m686 22 46 1146 2346 
m2267 
m1374 13 22 46 1113 1122 1146 2322 4813 
m2223 
m1479 5 45 295 
m356 21 36 41 1821 2071 4341 
m572 26 45 46 1345 1346 2345 
m2728 22 23 30 1122 1123 1130 1172 1173 1180 1522 1523 1530 3673 
m3280 26 33 45 1333 1345 1695 
m1798 34 46 2334 
m1171 22 46 2322 
m782 32 36 45 46 1832 2282 2286 2296 2332 2336 2346 4836 
m3107 22 23 30 38 1122 1123 1130 1138 1172 1173 1188 1522 1523 1530 1538 3673 
m1741 12 22 23 36 40 45 46 49 622 623 636 640 645 649 1123 1136 1140 1145 1195 1822 1823 1840 1845 1849 2012 2023 2036 2045 2046 2049 2322 2323 2336 2340 2345 2349 2472 2473 2486 2490 2495 3136 4323 4336 4812 
m1268 37 46 2337 2346 4837 4846 
m1279 13 33 663 683 1663 1683 3183 4163 
m2821 22 40 44 46 1146 2022 2044 2046 2344 2346 4846 
m2476 11 13 33 45 563 583 595 695 1695 3183 
m2890 26 
m3674 22 45 46 1145 2322 2345 
m478 14 45 745 2264 2295 
m2852 22 23 36 40 49 1122 1123 1136 1140 1149 1173 1186 1190 1822 1823 1836 1849 2023 2036 2472 2473 2486 3673 3686 4323 4336 
m1932 12 36 40 41 46 49 636 640 641 649 1836 1840 1841 2036 2041 2336 2340 2341 2349 2486 2490 2491 3136 4336 4812 
m986 13 16 3313 
m2536 37 
m3397 7 45 2257 
m830 22 33 46 1133 1146 2333 
m220 32 45 1645 
m2022 36 38 40 45 1845 1936 1938 1940 1945 2036 2045 2286 2295 4336 
m479 11 13 33 45 563 583 595 2263 2283 3183 
m1275 5 45 46 2255 2305 2345 2346 
m3309 3 36 48 49 186 198 1803 1848 1849 2453 2486 2498 2499 4336 
m2113 22 36 40 46 49 1122 1136 1140 1146 1822 1840 1846 1849 2022 2036 2046 2322 2336 2340 2346 2349 2486 2490 2496 4336 4346 4836 
m3153 22 30 36 40 46 1122 1130 1136 1140 1146 1822 1830 1840 1846 2022 2030 2040 2046 2322 2330 2340 2346 
m2002 22 40 1140 
m2960 23 38 45 1923 2273 2288 
m2784 14 45 745 
m2815 12 32 612 1612 
m2426 22 30 36 40 41 46 1122 1130 1136 1140 1141 1146 1536 1540 1541 1830 1836 1840 1841 2030 2036 2040 2041 2086 2090 2322 2330 2336 2340 2341 
m3379 33 45 46 2283 2296 2333 2346 4833 4846 
m1241 23 38 45 1923 2273 2288 
m1377 5 46 2305 
m2642 32 36 46 1832 2332 2336 2346 4836 
m2590 22 26 44 46 1146 1322 1344 1346 2344 2346 4846 
m1281 14 36 40 46 1814 1846 2014 2036 2040 2046 2346 4346 4814 
m307 22 36 40 46 49 1149 1822 1849 2022 2036 2049 2322 2336 2340 2349 
m681 22 36 41 49 1136 1141 1822 1849 2072 2086 2091 2099 2472 2486 4336 
m3718 40 45 46 2040 2045 2046 2345 4846 
m2738 36 37 40 46 1886 1896 2036 2037 2046 2336 2346 4836 4837 
m2086 32 36 37 1632 1637 1882 1886 1887 4136 4332 
m3475 14 21 45 46 721 745 2271 2321 2345 4814 
m3429 5 33 45 46 1655 1695 2255 2305 2345 4833 
m897 16 23 36 40 41 46 836 840 841 1186 1190 1191 1841 2023 2036 2041 2046 2066 2073 2086 2090 2091 2096 2316 2336 2340 2341 3666 4823 
m1855 11 
m626 22 36 40 41 1136 1141 1836 1840 2036 2086 2090 4586 
m1070 14 40 45 46 2014 2040 2046 2264 2290 2296 2314 2346 3214 4814 
m2047 40 46 2046 2340 2346 4846 
m3716 23 30 36 39 40 41 1173 1186 1189 1190 1191 1523 1536 1539 1541 1823 1973 1986 1990 1991 2023 2036 2073 2086 2089 2090 2091 3686 4336 4586 
m820 23 38 45 1188 1195 1945 2288 2295 
m2352 22 23 30 1122 1123 1130 1172 1173 1180 1522 1523 1530 3673 
m1207 22 44 46 1146 2344 2346 4846 
m2422 45 46 2296 2346 
m311 37 40 41 46 1890 2037 2046 2087 2090 2096 2340 4396 
m1938 22 44 46 1146 2244 2246 2344 2346 4846 
m2636 22 44 46 1146 2344 2346 4846 
m1416 22 44 46 1146 2344 2346 4846 
m2360 22 36 46 49 1136 1146 1149 1849 2336 2346 2349 
m3271 40 46 49 2340 2346 2490 2496 
m966 22 23 36 1123 1136 3686 
m2952 36 40 46 1836 2036 2046 2336 
m2542 30 46 2330 
m2123 37 46 4837 
m876 46 2346 
m608 22 23 36 40 1122 1123 1136 1140 1173 1822 1823 1840 2022 2023 3673 
m1359 22 37 40 46 1137 1146 2022 2037 2046 2337 2346 4837 
m2072 45 
m368 17 22 41 46 872 891 1141 2322 2341 4817 
m690 33 37 46 1883 1896 4833 
m2703 30 39 1980 
m3164 22 44 46 1144 1146 2222 2246 2322 2344 2346 4846 
m1296 45 46 2295 2345 
m1365 36 40 46 49 1836 1840 1846 1849 2036 2046 2049 2336 2340 2346 2349 2486 2490 2496 4346 4836 4846 
m871 22 23 30 46 1122 1123 1130 1146 1180 1523 1530 1546 2330 2346 4823 
m2097 22 44 46 1144 1146 2246 2344 2346 4846 
m458 46 50 2546 
m213 3 45 153 2253 
m1055 30 45 46 2280 2296 2330 2346 
m1541 14 36 40 49 749 1814 1849 2014 2036 
m1585 14 45 46 745 746 2345 
m2841 13 33 4163 
m1500 41 45 2091 2095 2291 2295 
m1565 22 36 41 49 1122 1136 1141 1149 1822 1841 2072 2086 2091 2099 2472 2486 2491 4336 
m2839 26 40 46 49 1340 1346 1349 2046 2490 2496 
m1310 36 40 1836 1840 2036 2040 
m2605 37 46 1896 
m3473 12 36 40 46 49 636 640 649 1836 1849 2036 2049 2336 2340 2349 2499 4812 
m1539 22 23 31 36 46 1172 1181 1186 1196 1596 1822 1846 2322 3686 4086 4331 4336 4346 
m3329 5 45 2255 2295 
m2994 40 45 46 2040 2045 2046 2345 
m1177 22 23 30 46 1122 1123 1130 1146 1180 1523 1530 1546 2330 2346 4823 
m1199 13 22 40 46 1113 1122 1146 2013 2022 2046 2313 
m1424 32 45 46 2282 2296 2332 
m1071 23 41 46 1173 2073 2323 2341 3673 
m2854 45 46 2345 
m658 3 32 36 41 46 186 191 1603 1641 2303 2332 2336 2341 4136 4586 
m2178 36 40 46 1840 2336 2340 
m920 22 37 46 1122 1146 1872 2322 4396 
m2908 3 30 153 180 1503 1530 
m1040 5 22 37 45 1105 1122 1137 1145 1855 1895 2255 
m2317 23 30 45 1195 1523 1545 
m3708 22 37 46 1872 2322 2337 
m3455 13 23 49 673 1163 1173 1199 2463 2473 2499 3163 
m1736 22 23 38 46 49 1122 1123 1138 1146 1199 1923 1938 1946 1949 2323 2346 2349 
m1813 14 36 40 45 46 736 740 745 1840 1845 1846 2036 2045 2046 2286 2296 2336 3246 4336 
m382 32 40 45 46 2032 2045 2046 2282 2296 2332 
m2398 13 22 1113 
m1231 5 26 45 46 276 296 1305 1326 1346 2255 2276 2296 2326 
m1733 22 23 36 40 41 46 49 1123 1136 1140 1173 1186 1190 1199 1840 2022 2023 2036 2040 2041 2049 2072 2073 2086 2090 2091 2099 2322 2323 2340 2341 2473 2486 3673 3686 4323 
m3488 23 45 46 1195 2323 2345 2346 
m2130 37 1887 
m3266 26 46 50 1326 1346 1350 2350 
m1149 22 30 36 41 1122 1130 1136 1530 1536 1541 1830 2080 4586 
m21 23 30 36 40 1173 1180 1190 1523 1530 1536 1540 1823 1830 1836 1840 2023 2030 2036 2040 3686 4323 4336 
m3067 22 23 45 1123 1145 1172 1195 3673 
m901 5 14 36 264 286 4314 
m556 16 23 30 38 45 46 830 1180 1516 1523 1530 1546 1916 1930 1945 1946 2266 2273 2280 2296 2316 2323 2330 2345 2346 3323 4823 
m2581 22 36 40 41 1136 1141 2036 2086 2090 
m2528 13 22 38 672 1113 1138 1913 1922 
m266 38 45 1938 1945 
m1976 22 23 30 1122 1123 1130 1172 1173 1180 1522 1523 1530 3673 
m2272 36 40 46 1836 1840 1846 2036 2040 2046 2336 2340 2346 4336 4346 
m1870 22 26 44 46 1122 1144 1146 1322 1326 1344 1346 2344 2346 4846 
m745 11 
m3162 26 46 1346 
m2211 12 22 23 36 40 41 46 49 636 640 641 646 649 1123 1136 1141 1146 1149 1812 1836 1840 1841 1846 1849 2036 2041 2046 2073 2086 2090 2091 2096 2099 2322 2323 2336 2340 2341 2349 2462 2472 2473 2486 2491 2496 2499 4323 4336 4812 4836 
m2957 27 36 46 49 1827 2327 2336 2486 2496 
m3589 12 26 45 46 645 1312 1345 1346 2345 4812 
m1077 22 36 37 40 41 46 1122 1136 1137 1140 1141 1146 1822 1837 1840 1846 2022 2036 2037 2040 2041 2046 2072 2086 2087 2090 2096 2322 2336 2340 2341 2346 4396 
m3255 22 26 33 1126 1133 1676 
m1989 2 36 45 46 145 1845 2252 2286 2295 2302 2345 2636 4836 
m178 13 22 45 695 1113 1145 2263 2272 2295 
m1467 22 36 41 49 1136 1149 1841 1849 2072 2086 2091 2099 2486 2491 4336 
m144 22 44 46 1146 2246 2344 2346 4846 
m582 12 32 46 632 2332 4812 
m991 38 46 1946 
m3645 45 46 2296 2345 4846 
m1875 37 46 2337 2346 4837 
m2803 46 2346 4846 
m3172 22 40 45 46 1140 1145 1146 2045 2046 2345 
m863 22 23 36 38 40 1123 1136 1138 1140 1173 1922 1923 1936 1938 1940 2023 2036 2038 3686 
m974 22 23 36 40 46 1122 1123 1136 1140 1146 1172 1822 2022 2023 2036 2040 2046 2322 2323 2336 2340 2346 4323 4823 
m2609 22 26 44 46 1146 1346 2344 2346 4846 
m3175 26 46 1346 2346 
m408 5 45 46 2255 2296 2305 
m711 22 41 1122 1141 2072 
m1536 18 23 1168 
m534 32 36 41 46 1636 1641 1841 2332 2336 2341 4136 4336 4341 4836 4846 
m1136 22 37 45 49 1122 1137 1145 1149 1899 2287 2299 
m2456 32 44 46 1644 1646 2344 
m1636 13 22 38 1113 1122 1138 1913 1938 
m2612 45 46 2296 
m1713 12 36 46 612 636 646 1812 1836 1846 2312 2336 2346 
m3504 13 22 38 1113 1138 1913 
m3023 45 46 2295 2296 2346 
m1132 22 30 46 1130 1146 2322 2330 2346 
m2013 45 
m496 22 36 41 49 1141 1849 2086 2091 2099 4336 
m1219 22 41 46 1141 1146 2341 
m2400 11 13 33 563 583 3183 
m2413 22 28 1422 
m752 14 36 46 736 746 2336 
m2235 12 23 30 36 41 612 630 636 641 1191 1523 1541 1812 1823 1830 1836 1841 2062 2073 2086 3123 
m813 34 38 46 1734 1934 2334 2338 2346 
m1027 45 46 2295 2296 2346 
m2356 18 46 2318 
m2879 30 36 40 46 1536 1540 1546 2036 2340 4836 
m2936 23 
m798 22 44 46 1146 2246 2344 2346 4846 
m1738 13 22 33 1113 1672 4163 
m3075 36 40 46 1840 2336 2340 
m3239 13 38 1913 1938 
m730 8 25 46 49 408 446 449 1258 1296 2349 
m1265 14 40 46 2014 2040 2046 2314 2346 4814 
m315 22 37 38 45 46 1872 1922 1937 1945 1946 2272 2287 2296 2322 4837 
m2383 36 37 38 40 46 1836 1837 1840 1846 1886 1890 1936 1937 1940 1946 2036 2037 2038 2040 2046 2336 2340 4336 4837 
m2597 14 22 46 722 746 2322 2346 
m2746 22 45 1145 
m2921 5 7 36 46 49 286 296 299 355 386 396 1836 1849 2336 2346 2349 2486 2499 4836 
m303 44 46 2244 2246 2344 2346 
m2381 14 46 49 2314 2346 2464 2496 4814 
m606 23 30 40 45 46 1173 1180 1523 2023 2030 2046 2273 2280 2290 2296 2323 2330 3673 4823 
m1448 7 38 46 1907 1946 2307 2338 2346 
m1473 8 37 46 408 437 446 1858 2308 4396 
m1857 22 36 37 46 49 1136 1137 1146 1149 1846 1849 1886 1899 2349 4396 
m805 36 41 46 1841 2341 4836 
m952 13 33 4163 
m3236 5 36 38 286 1905 1936 
m2187 36 
m314 46 2346 4846 
m674 13 22 46 1113 1122 1146 2313 2322 2346 
m1368 23 30 37 46 1180 1880 2323 2330 2337 2346 4373 4823 4837 
m290 14 34 46 734 746 2334 
m2847 46 
m583 22 46 1122 1146 2322 2346 
m3211 27 36 40 46 1827 1840 2027 2036 2040 2327 2340 4836 
m255 32 46 1646 2332 2346 
m3278 23 30 46 1180 2330 2346 4823 
m1746 17 22 1117 
m1643 37 
m652 17 33 38 45 895 1695 1917 1933 1938 1945 3383 
m850 26 32 36 46 1332 1336 1346 1832 2332 2336 2346 4836 
m2291 22 34 36 1134 1136 1834 
m1646 5 45 295 2255 2295 
m3122 22 45 46 1122 1146 2272 2295 2296 2322 2346 4846 
m817 22 23 30 1122 1123 1130 1172 1173 1180 1522 1523 1530 3673 
m410 30 38 46 1930 1946 2330 
m331 11 45 595 
m276 5 14 32 705 1605 1614 
m437 11 45 595 
m2848 32 36 38 41 46 1641 1646 1932 1936 1941 1946 2332 2336 2341 2346 4136 4586 
m1323 13 17 22 672 872 3363 
m858 22 36 46 1122 1136 1146 1822 1846 2322 
m1574 13 33 36 40 48 698 1698 1813 1833 1848 2013 2033 2036 2048 4163 
m996 36 42 4636 
m542 17 36 46 49 1817 1846 1849 2349 2467 4817 
m1766 5 13 38 45 46 263 296 1905 1913 1946 2255 2263 2288 2296 2313 
m586 36 41 1841 2086 
m1202 46 4846 
m3281 10 36 40 49 536 1810 1836 1849 2010 2036 2049 2460 2486 
m786 22 44 46 1146 2322 2344 2346 4846 
m2034 36 41 44 1841 2086 2091 2094 2236 2241 2244 
m2805 22 23 36 41 46 49 1141 1172 1191 1822 1823 1841 1846 2322 2323 2341 2472 2473 2486 2491 2496 
m2219 22 23 31 46 49 1123 1146 1196 1572 1573 1596 2323 2346 2473 2481 2496 4846 
m2763 13 38 688 1913 1938 
m369 27 49 1399 
m548 22 46 2322 2346 
m2255 12 22 23 36 41 46 49 622 623 636 641 649 1123 1136 1141 1191 1822 1823 1841 2322 2323 2336 2341 2349 2472 2473 2486 2491 3136 4323 4336 4812 
m2016 22 36 41 46 1122 1136 1141 1146 1822 1836 2072 2086 2091 2322 2336 2341 4586 
m390 46 
m644 41 
m1154 14 714 
m3683 13 22 45 695 1113 1145 
m3133 23 30 45 46 1173 1180 1196 2273 2296 2330 2346 4823 
m2503 
m834 13 37 38 46 1913 1937 1946 2313 2337 4363 
m1483 14 36 49 736 749 1849 
m2705 22 30 36 40 46 1136 1140 1522 1536 1540 1840 2036 2040 2322 2330 2336 2340 2346 4836 
m3228 5 30 32 36 46 280 1605 1630 1646 1805 1830 1846 2305 2330 4332 
m1320 20 45 1045 
m1716 40 46 2340 
m65 45 46 2295 2345 2346 
m1966 23 30 45 46 1195 1523 1545 1546 2295 2345 4823 
m1933 33 45 1695 
m697 22 23 36 40 46 49 1172 1822 1836 1849 2022 2023 2036 2040 2046 2049 2322 2323 2336 2349 2472 2473 2486 4323 4336 4836 
m1065 23 36 40 1823 1836 1840 2023 2036 2040 3686 
m1695 22 36 40 41 46 48 1136 1140 1141 1148 1836 1848 2036 2048 2086 2090 2098 2322 2336 2340 2341 2348 4336 
m2793 37 40 46 2037 2046 2337 4837 4846 
m624 36 46 1836 1846 4836 
m3322 23 30 40 1173 1190 1523 1530 1540 2023 2030 2040 3673 
m609 36 38 48 1838 1848 1936 1948 2436 2438 2448 
m210 45 
m1734 14 22 38 46 49 722 749 1914 1938 1946 1949 2314 2322 2338 2346 2349 2472 4814 
m98 22 38 44 46 1122 1144 1146 1922 1944 1946 2344 2346 4846 
m884 22 23 36 41 46 49 1123 1136 1146 1149 1191 1836 1841 2323 2336 2341 2473 2486 2491 2496 4323 4336 4836 
m780 36 40 41 46 49 1836 1841 1846 1849 2036 2040 2041 2046 2086 2096 2099 2336 2346 2349 4346 4586 4836 
m1143 46 
m3273 46 2346 
m2229 14 22 36 46 49 722 736 749 1814 1822 1849 2322 2336 2349 2472 4336 4814 
m145 12 22 23 36 41 46 49 622 623 636 641 649 1123 1136 1141 1191 1822 1823 1841 2322 2323 2336 2341 2349 2472 2473 2486 2491 3136 4323 4336 4812 
m3704 26 46 2326 2346 
m2428 12 36 46 49 649 1849 2336 2349 3136 4812 
m285 45 
m2857 22 23 36 40 1122 1123 1136 1140 1173 1823 1840 2023 2040 3673 
m3395 14 36 40 45 736 740 745 1840 2036 2286 2290 4336 
m762 22 44 46 1146 2222 2244 2246 2322 2344 2346 4846 
m3284 22 23 36 40 46 49 1123 1136 1146 1149 1836 1846 1849 2022 2023 2036 2046 2049 2323 2473 2486 2496 3686 4323 4336 4836 
m3138 28 37 38 39 46 1878 1928 1937 1938 1939 1946 1978 1987 2328 4396 4496 
m1923 23 36 40 41 46 49 1191 1836 1841 2023 2036 2041 2073 2086 2090 2091 2096 2099 2323 2336 2340 2341 2349 2473 2486 2490 2491 2499 4323 4336 4836 
m3627 22 26 33 40 1126 1133 1676 2022 2026 2033 
m1986 36 37 40 46 1837 1846 2036 2037 2040 2046 2337 2346 4346 
m2791 15 46 2315 
m2985 22 40 46 1140 1146 2046 
m1929 13 22 33 36 40 46 1113 1122 1133 1136 1140 1146 1813 1833 1840 1846 2013 2022 2033 2036 2040 2046 2313 2333 4163 
m603 5 45 46 2255 2296 2305 
m2387 22 30 45 1122 1130 1145 1545 
m252 22 40 44 46 1140 1144 1146 2022 2040 2044 2046 2222 2240 2246 2322 2340 2344 2346 4846 
m502 22 37 46 1872 2322 4837 
m853 33 45 46 1695 2345 4833 
m3366 22 23 45 1122 1123 1145 1173 2272 2273 2295 3673 
m1419 30 46 2330 
m3076 22 36 41 46 49 1141 1822 1841 1846 2322 2341 2486 2491 2496 
m3051 40 44 46 2044 2046 2344 
m3249 36 40 46 2036 2046 2336 
m1815 22 46 1146 
m714 30 44 45 1530 1544 1545 2230 2244 2245 2280 2294 2295 
m3139 22 44 46 1146 2344 2346 4846 
m645 36 49 1836 1849 
m672 32 36 41 46 1641 1646 2332 2336 2341 2346 4136 4586 
m3675 22 46 1146 
m590 37 46 4396 
m2114 30 40 46 49 1540 1546 1549 2030 2040 2046 2330 2340 2346 2349 2490 2496 
m1414 17 46 2317 2346 4817 
m3607 41 45 2291 
m3692 22 44 46 1122 1146 2344 2346 4846 
m1572 22 23 36 40 41 46 1122 1123 1136 1140 1186 1190 1836 1840 2036 2040 2072 2073 2086 2090 2322 2323 2336 2340 2341 3686 
m2111 13 22 1113 1122 
m443 37 45 46 1895 2345 4837 
m3396 14 36 40 45 736 740 745 1840 2036 2286 2290 4336 
m149 22 46 1146 
m2611 22 38 44 46 1146 1922 1944 1946 2344 2346 4846 
m1355 22 23 30 38 41 1123 1172 1173 1188 1522 1523 1530 1538 2072 2073 2080 2088 3673 
m623 27 32 38 46 1382 1396 1927 1932 1946 2332 
m1295 8 22 23 30 46 408 422 423 430 446 1122 1123 1130 1146 1180 1523 1530 1546 2330 4823 
m732 26 36 46 1336 1346 2336 2346 4836 
m1835 26 46 1346 2346 
m1146 22 44 46 1146 2246 2344 2346 4846 
m2653 22 26 33 36 49 1126 1133 1676 1822 1826 1833 1849 2472 2476 2483 
m3585 22 23 36 40 41 46 49 1122 1123 1136 1140 1141 1149 1173 1186 1190 1822 1823 1836 1841 1849 2022 2023 2036 2040 2046 2072 2073 2086 2322 2323 2336 2341 2349 2472 2473 2486 2491 3673 3686 4323 4336 
m2232 18 36 40 1818 2018 2036 
m2388 22 36 41 49 1136 1141 1149 1841 1849 2072 2086 2091 2099 2486 2491 4336 
m2463 22 44 46 1146 2344 2346 4846 
m1353 32 37 1632 1637 1882 
m2853 13 22 46 672 2322 4813 
m879 46 2346 
m2231 22 44 46 1122 1144 1146 2222 2246 2322 2344 2346 
m2695 23 
m2452 28 36 1828 1836 
m2569 5 14 26 33 45 264 276 283 726 1676 2255 2264 2276 2283 3233 
m3130 22 44 46 1144 1146 2222 2246 2322 2344 2346 4846 
m154 22 
m2698 22 26 44 46 1146 1322 1344 1346 2326 2344 2346 4846 
m1588 13 22 36 49 699 1113 1122 1136 1149 1813 1849 
m3261 36 
m1590 26 46 1346 2346 
m3650 26 44 46 49 1344 1346 2246 2476 2494 2496 
m17 37 40 46 2037 2046 4837 
m578 36 41 45 1845 2095 2295 4586 
m2239 12 22 23 36 41 46 49 622 623 636 641 649 1123 1136 1141 1191 1822 1823 1841 2322 2323 2336 2341 2349 2472 2473 2486 2491 3136 4323 4336 4812 
m2382 13 22 32 45 682 1113 1132 1145 2263 2282 
m2870 22 45 46 1122 1145 1146 2345 
m888 38 46 1946 2338 2346 
m2495 45 
m1531 14 39 1964 
m379 8 45 46 49 408 446 449 2258 2296 2299 2349 
m3440 5 13 14 33 263 283 705 713 733 3183 
m2173 22 23 30 36 40 41 1123 1130 1136 1140 1172 1173 1180 1186 1190 1523 1822 1823 1830 1836 1840 1841 2022 2023 2030 2036 2041 2072 2073 2086 2090 3673 4323 4336 4586 
m787 37 41 46 2087 2096 4837 
m350 22 23 41 1122 1123 1141 1172 1173 1191 3673 
m1692 22 36 40 41 46 49 1136 1140 1141 1149 1836 1849 2036 2049 2086 2090 2099 2322 2336 2340 2341 2349 4336 
m2600 45 
m1670 5 45 46 2255 2296 2305 
m3390 5 13 33 655 663 683 1655 1663 1683 4163 
m2183 23 30 38 45 46 1180 1923 1930 1946 2273 2280 2288 2296 2330 2346 4823 
m2401 22 36 41 49 1136 1141 1822 1841 1849 2072 2086 2091 2099 2472 2486 2491 4336 
m2025 8 33 46 433 446 4833 
m954 22 38 40 45 46 1138 1146 1938 1940 1946 2272 2288 2290 2296 2340 2346 
m937 17 23 46 2317 2323 2346 3667 4817 4823 4846 
m1847 23 32 45 46 1182 2273 2282 2296 2323 2332 2346 4823 
m1999 23 45 1195 2295 
m1859 38 46 1946 
m74 36 48 1836 1848 2436 2448 
m2038 10 32 46 1610 1632 1646 2310 2346 
m3401 32 36 1832 
m999 22 30 38 45 46 1130 1145 1146 1922 1930 1945 1946 2280 2296 2330 
m2209 32 1632 
m2436 5 32 36 45 1605 1805 2255 2282 2286 4332 
m2956 12 14 23 30 41 46 641 723 730 741 1191 1512 1514 1523 1530 1541 2312 2314 2330 2341 3212 3662 4823 
m2780 5 32 1605 
m2978 14 22 27 40 727 1114 1127 2014 2022 2027 
m2408 46 4846 
m839 11 13 33 39 563 583 589 689 1983 3183 
m3283 10 21 36 46 521 536 546 1821 2321 2346 4836 
m1433 36 46 49 1849 2336 2349 4336 
m3551 46 
m1749 17 22 1117 
m2723 14 37 714 737 1887 3237 
m3100 36 
m1820 37 46 49 2337 2346 2487 2496 4837 
m1350 32 36 41 46 1641 2332 2336 2341 2346 4136 4341 
m1523 32 36 46 1832 2332 2336 2346 4836 
m3126 22 30 39 1130 1139 1980 
m2820 14 22 45 745 1114 1145 
m3642 22 36 40 1122 1136 1140 2022 2036 2040 
m1301 23 45 1195 2273 2295 
m2124 22 40 46 1146 2022 2046 2346 
m301 26 
m511 22 46 49 2322 2346 2472 2496 
m2328 22 23 30 36 40 46 1122 1123 1130 1136 1140 1146 1172 1173 1522 1523 1530 1540 1546 1822 1823 1830 1840 1846 2022 2023 2030 2036 2040 2046 2322 2323 2330 2340 2346 3696 4823 
m3641 22 23 36 40 41 1122 1123 1136 1140 1141 1172 1822 1823 1836 1840 2023 2036 2072 2073 2086 2090 2091 3673 4323 4586 
m1094 37 45 46 1895 2337 2345 2346 
m2112 37 40 46 49 1899 2037 2046 2049 2337 2340 2346 2349 4396 
m985 11 45 595 
m943 22 46 1146 
m2792 5 22 1105 1122 
m988 37 
m793 26 46 1326 1346 
m1447 32 36 38 41 46 1641 1646 1932 1936 1941 1946 2332 2336 2341 2346 4136 4586 
m599 13 36 38 46 49 699 1849 1913 1936 1946 1949 2313 2349 3186 4836 
m398 14 46 746 2346 
m1927 46 2346 
m904 22 23 30 41 49 1123 1130 1173 1523 2072 2073 2080 2472 2473 2480 2491 3673 
m947 22 46 48 1146 1148 2348 
m58 37 46 1896 2337 2346 4837 
m2583 22 23 36 40 46 1122 1123 1136 1140 1146 1172 1186 1190 1196 1822 1836 2022 2036 2040 2046 2322 3686 4346 
m744 23 38 46 1188 1923 1938 1946 2338 2346 3696 4823 
m1314 12 14 45 46 645 712 745 2312 2314 2345 2346 4814 
m46 23 30 36 40 46 1173 1190 1196 1523 1536 1540 1546 1823 1840 2023 2046 2340 3696 4323 4346 
m300 30 36 39 40 46 1830 1980 1986 1990 1996 2030 2036 2046 2330 4836 
m2704 36 38 41 1838 2088 4341 
m797 22 30 36 40 41 49 1130 1136 1141 1536 1540 1541 1830 1836 1840 1841 2036 2072 2080 2086 2090 2091 2472 2480 2486 2491 
m2942 14 22 40 46 722 746 2014 2022 2046 2322 
m649 8 408 
m3325 13 33 3183 
m1774 5 36 45 46 286 295 1845 2255 2286 2295 2305 2336 2345 4336 
m925 32 1632 
m2639 22 44 46 1144 1146 2344 2346 
m3213 23 32 46 1173 1182 1196 1623 1632 1646 2323 2332 2346 4823 
m2551 22 23 36 40 46 49 1172 1822 1823 1836 1840 1849 2022 2023 2036 2040 2046 2049 2322 2323 2336 2349 2473 2486 3686 4336 4346 4836 
m3466 36 46 49 2336 2349 2486 
m890 45 2295 
m3448 46 
m2532 12 40 45 46 645 2012 2045 2046 2312 2340 2345 2346 4812 
m775 5 32 46 255 282 2305 2332 
m2161 16 
m2344 12 45 645 2295 
m506 13 36 38 46 49 663 686 688 696 699 1813 1836 1838 1846 1849 1913 1936 1946 2336 2338 2346 2349 2463 2486 2496 3196 4813 
m2215 45 46 2296 
m118 22 23 30 36 40 46 49 1122 1123 1130 1136 1140 1146 1149 1172 1173 1522 1523 1530 1540 1546 1822 1823 1830 1840 1846 2022 2023 2030 2036 2040 2046 2322 2323 2330 2336 2340 2346 2349 2480 2486 2490 2496 3696 4823 
m3015 13 33 1663 1683 4163 
m2993 45 46 2345 2346 
m2021 30 37 46 1880 2330 4837 
m2634 32 38 45 46 49 1638 1646 1938 1946 1949 2282 2288 2296 2299 2332 2338 2346 2349 
m1017 12 45 46 645 2345 4812 
m1880 46 2346 
m3717 23 30 1523 
m1946 16 22 44 49 844 849 1116 1144 2494 
m1543 40 45 46 2045 2046 2296 
m3011 23 30 36 41 1523 1823 1830 2073 2080 3673 4323 4586 
m209 3 38 45 195 1903 1938 1945 
m1978 32 37 46 1882 2332 2337 
m1112 22 38 46 1138 1146 1946 
m2458 14 32 41 741 1614 1641 
m292 32 49 1632 2482 
m1714 22 26 41 46 1141 1146 1322 1341 1346 2341 
m397 22 23 32 46 1123 1132 1146 1182 1196 2332 
m2261 37 38 46 1888 1938 2338 4837 
m1406 
m3264 22 37 41 46 1122 1137 1141 1146 1891 2341 4837 
m1016 26 33 37 44 46 1333 1337 1344 1346 2233 2237 2333 2337 2344 2346 4383 
m3590 30 45 46 2280 2296 2330 2346 4846 
m324 22 37 41 46 1137 1141 1146 2087 2096 4837 
m1138 22 23 30 1123 1173 1522 1523 3673 
m2015 28 36 1828 1836 
m386 18 37 46 1868 2318 4837 
m859 
m2238 22 30 36 40 46 1122 1130 1136 1140 1146 1536 1540 1546 1836 1840 1846 2022 2030 2036 2040 2046 2322 2330 2336 2340 2346 4346 
m907 22 33 46 1122 1133 1146 1696 2333 2346 4196 
m499 26 33 47 1333 1347 1697 
m2237 22 32 45 46 1146 2272 2282 2295 2296 2332 2346 
m419 33 45 1695 
m1042 13 25 38 46 1263 1296 1913 1925 1946 2313 
m2354 37 39 40 46 1890 1987 1990 2340 4396 4496 
m521 46 2346 4846 
m2573 22 26 44 46 1146 1346 2344 2346 4846 
m3135 16 38 46 838 2338 4816 
m1969 22 23 30 39 1123 1522 1523 1972 1973 1980 3673 
m108 14 22 46 722 746 2322 
m267 22 30 46 1130 1146 2330 
m351 13 33 46 1663 1683 2313 2333 4163 4833 
m2873 22 36 46 1122 1136 1146 1822 1846 2322 
m898 37 38 46 49 1887 1888 1899 1937 1946 2337 2338 2346 2349 4396 4837 
m115 22 23 30 36 40 1122 1123 1136 1140 1522 1523 1536 1540 1822 1823 1840 2022 2023 2030 2036 2040 4323 4336 
m2844 13 16 38 688 838 3313 
m886 38 46 1946 2338 2346 
m869 14 32 732 1614 1632 
m2186 22 46 1122 1146 
m1519 23 45 46 1195 2323 2345 3673 
m1225 16 32 40 44 46 832 844 1644 2016 2032 2044 2046 2316 2332 2344 
m2446 38 46 1946 2346 
m3217 13 22 32 46 682 1113 1122 1132 1146 2313 2322 2332 
m2828 22 23 1122 1123 1172 1173 3673 
m1647 38 1938 
m1522 23 45 46 1195 2323 2345 3673 
m1620 38 40 41 46 49 1941 1946 2090 2340 2341 2488 2491 2496 
m3112 14 40 46 2014 2040 2046 2314 2346 4814 
m1053 38 40 45 46 1938 1945 1946 2290 2340 2345 
m2306 
m130 37 40 46 1890 2037 2040 2046 2337 2340 2346 4396 
m240 5 14 32 705 1605 1614 
m2842 13 14 32 46 664 696 1613 1614 1646 4814 
m979 41 46 2341 
m381 11 13 45 563 595 695 
m1722 33 45 48 1695 1698 2298 
m3184 22 36 41 46 49 1136 1141 1849 2086 2099 2322 2336 2341 2349 4336 
m1413 22 23 46 1123 1172 1173 2322 2323 3673 4823 
m3456 22 36 40 46 1122 1136 1140 1146 1840 2040 2336 2340 
m3568 22 32 36 40 46 49 1622 1646 1822 1832 1836 1840 1846 1849 2032 2036 2046 2322 2482 2486 2490 2496 4332 
m3216 32 37 1882 
m1255 22 23 30 46 1122 1123 1130 1146 1196 1523 1530 1546 2322 2323 2330 2346 3696 4823 
m1214 30 36 40 46 49 1549 1830 1836 1846 1849 2030 2036 2040 2046 2049 2330 2349 2480 2499 
m3625 5 13 14 38 46 655 705 746 1913 1914 1946 2305 2313 3213 
m70 26 34 38 46 1326 1334 1346 1734 1926 1938 1946 2334 2346 
m3031 20 1020 
m1114 32 36 4332 
m1506 13 46 47 696 2363 2396 
m747 32 46 2332 2346 
m3337 14 46 714 746 2314 2346 4814 
m2285 38 45 46 49 1946 2299 2345 2346 2349 
m2207 29 36 41 1486 1829 1836 1841 2079 2086 2091 
m505 8 45 46 2258 2296 2308 
m105 22 23 30 36 46 49 1122 1123 1130 1146 1149 1172 1173 1180 1199 1522 1523 1530 1549 1822 1823 1830 1846 1849 2322 2323 2330 2349 2472 2473 2480 2496 3673 4823 
m1463 36 46 2336 
m3554 22 23 36 41 1122 1123 1136 1141 1173 1186 1823 2073 3673 3686 4323 4586 
m214 22 36 40 41 45 1122 1136 1140 1836 1840 2036 2040 2072 2086 2272 2286 2291 
m3543 14 38 738 
m1090 22 32 45 46 1132 1145 1146 2282 2296 2332 
m199 14 32 36 46 746 1614 1632 1636 1646 1814 1832 1836 1846 2314 2332 2336 2346 4332 
m3334 33 1683 
m2678 22 44 46 1146 2344 2346 4846 
m742 14 40 740 
m1484 46 
m3424 22 36 40 46 48 1822 2022 2036 2322 2336 2340 2436 2440 2446 
m3250 26 36 41 46 1826 2076 2096 2326 4346 4586 
m404 11 13 22 38 563 572 588 688 1113 1138 
m3669 22 44 46 1146 2222 2244 2246 2344 2346 4846 
m2336 5 13 22 26 33 46 263 283 672 1305 1313 1322 1333 1346 1672 2305 2313 2322 2333 4163 
m3167 22 38 44 46 1146 1922 1946 2344 2346 4846 
m2105 22 35 46 1135 1146 2322 2335 2346 
m2307 
m1067 37 40 46 1890 2037 2046 2340 4396 
m1222 22 37 46 1137 2322 4837 
m110 22 23 30 36 41 46 1122 1123 1130 1136 1141 1146 1172 1522 1523 1530 1536 1546 1822 1823 1830 2072 2073 2080 2096 2322 2330 2336 2346 3696 4346 4586 4823 
m261 22 36 40 46 49 1822 1846 1849 2022 2036 2040 2046 2049 2322 2472 2496 
m90 43 
m1270 13 45 2263 
m2556 22 23 30 38 41 1122 1123 1130 1138 1172 1173 1188 1522 1523 1530 1538 2072 2073 2080 3673 
m1050 37 41 46 2087 2096 4837 
m634 36 
m2635 14 36 40 46 1846 2014 2036 2040 2046 4314 4814 
m160 22 32 36 40 46 1122 1132 1136 1140 1622 1632 1636 1640 1840 2040 2322 2332 2336 2346 
m483 37 46 2337 
m1472 37 46 2337 
m3018 26 37 46 1876 2326 2337 
m1322 37 40 41 46 2037 2046 2087 2090 2096 4837 
m2977 40 45 46 2046 2290 2296 
m2892 38 45 46 1945 2338 2345 2346 
m3182 22 26 44 46 1146 1322 1344 1346 2326 2344 2346 4846 
m137 
m993 3 38 153 188 1903 
m3099 22 26 46 1146 1322 1326 1346 
m1481 12 45 46 645 2345 4812 
m641 44 46 49 2246 2494 2496 
m774 22 44 46 1144 1146 2246 2322 2344 2346 4846 
m1509 22 23 30 38 41 1123 1130 1172 1173 1188 1522 1523 1530 1538 2072 2073 2080 3673 
m1797 22 40 45 46 1140 1146 2272 2290 2296 2340 
m723 5 32 36 255 282 286 1805 1832 
m3414 36 37 40 46 1840 1886 1890 1896 2036 2037 2040 2046 2336 2340 2346 4346 4837 
m1184 22 30 41 46 1130 1146 1522 1546 2072 2080 2096 2322 
m136 13 46 2313 
m3676 46 
m948 22 38 45 46 1122 1146 1922 1938 1945 1946 2272 2288 2295 2296 2346 
m1005 32 36 38 41 46 1641 1646 1936 1941 1946 2332 2336 2341 2346 4136 4586 
m757 14 40 46 740 746 2014 2040 2046 2314 2340 2346 4814 
m2228 12 23 30 36 41 612 630 636 641 1191 1523 1541 1812 1823 1830 1836 1841 2062 2073 2086 3123 
m1330 13 33 4163 
m3025 45 2295 
m821 18 46 2318 
m2477 8 46 2308 2346 4846 
m2000 22 23 30 41 1122 1123 1130 1172 1173 1180 1191 1522 1523 1541 2072 2073 2080 3673 
m3523 23 36 41 49 1186 1199 1823 1836 1849 2073 2086 2099 2473 3673 4323 4586 
m3406 20 23 1020 1023 1170 
m1195 5 23 36 45 286 295 1155 1186 1195 1845 4336 
m1213 26 44 46 1346 2226 2246 2326 2344 2346 
m2419 23 36 40 45 46 49 1190 1195 1836 1840 1845 2023 2036 2040 2045 2046 2049 2323 2336 2340 2345 2473 2486 2495 2496 3686 4323 4336 4836 
m79 22 23 30 38 1122 1123 1130 1138 1172 1173 1188 1522 1523 1530 1538 3673 
m703 8 37 408 437 
m1694 22 36 40 41 46 49 1136 1140 1141 1836 1849 2036 2049 2086 2090 2099 2322 2336 2340 2341 2349 4336 
m3335 22 23 30 46 1122 1123 1130 1146 1180 1523 1530 1546 2330 2346 4823 
m3059 22 45 46 1122 1145 1146 2272 2295 2296 2345 
m1826 23 30 46 1173 1180 1196 1523 1530 1546 2323 2330 2346 3696 4823 
m2466 38 41 46 1941 1946 2341 
m3005 23 27 32 42 1182 1192 1373 1382 1392 1642 
m3187 14 22 1114 1122 
m612 12 22 23 36 40 41 46 49 640 1123 1136 1141 1149 1162 1186 1190 1196 1199 1812 1840 1846 1849 2062 2073 2086 2090 2096 2099 2340 2462 2486 2496 3146 3686 4312 4336 
m2160 5 13 33 46 263 283 296 696 2305 2313 2333 2346 3183 
m883 22 46 1122 1146 
m637 46 
m702 36 46 2336 
m182 14 32 46 732 2314 2332 2346 4814 
m1442 14 45 46 714 745 746 2345 4814 
m2282 45 46 2345 2346 
m277 13 22 33 36 40 1113 1122 1133 1136 1140 1813 1833 1840 2013 2033 4163 
m2385 46 
m2420 5 36 41 45 46 286 291 1836 1841 2286 2291 2296 2305 2336 2341 4836 
m3132 22 44 46 1146 2322 2344 2346 4846 
m3355 23 36 41 1823 2073 3673 4323 4586 
m2333 5 13 22 26 33 46 263 283 672 1305 1313 1333 1346 1672 2305 2313 2322 2333 4163 
m250 22 44 46 1144 1146 2222 2246 2322 2344 2346 4846 
m309 36 40 45 1845 2036 2045 2286 2290 2295 
m716 23 30 45 46 1195 1523 1545 1546 2323 2330 2345 2346 3696 4823 4846 
m2045 14 22 32 46 732 1114 1132 1146 2314 2332 2346 4814 
m1099 45 49 2295 2299 
m2188 22 23 30 41 46 1122 1123 1130 1146 1172 1173 1180 1191 1522 1523 2072 2073 2080 2322 2323 2330 2341 3673 
m2435 36 40 46 49 1849 2036 2040 2046 2049 2336 2346 2349 4336 4836 
m3346 22 40 46 1122 1140 2322 2340 
m1333 
m2003 5 32 45 1605 1645 2255 
m1935 22 23 30 41 46 1122 1141 1146 1191 1523 1530 1541 1546 2073 2080 2091 2096 2322 2323 2330 2341 2346 
m1865 22 44 46 1146 2344 2346 4846 
m2845 32 36 38 41 46 1641 1646 1932 1936 1941 1946 2332 2336 2338 2341 2346 4136 4586 
m1578 22 37 1122 1137 1872 1887 
m1378 5 15 38 40 46 755 1905 1915 1938 1940 1946 2005 2015 2038 2040 2046 2305 2315 2346 4815 
m3531 22 23 30 40 46 1122 1123 1130 1140 1146 1180 1523 1530 1546 2022 2023 2030 2046 2330 2346 4823 
m87 15 22 46 772 2315 2322 
m836 22 32 46 1132 1146 2332 
m3103 30 44 45 1545 2230 2245 
m2125 14 26 32 46 726 732 746 1314 1326 1332 1346 1626 1646 2326 
m355 30 46 2330 
m2663 9 14 22 44 46 709 744 746 1109 1114 1122 1144 1146 2209 2246 2309 2322 2344 2346 4814 
m601 20 22 23 46 1023 1120 1123 1146 1173 2320 2323 3673 4823 
m1168 5 13 33 263 283 3183 
m3463 36 45 1845 2286 2295 
m1879 3 22 30 38 172 180 188 1522 1922 1930 1938 
m2430 16 44 49 844 849 2494 
m2268 22 41 44 46 1146 2072 2094 2096 2344 2346 4846 
m3074 46 4846 
m803 18 45 945 
m1974 22 44 46 1146 2322 2344 2346 4846 
m1659 22 23 30 36 40 41 46 1122 1123 1130 1136 1140 1141 1146 1191 1523 1536 1541 1546 1841 1846 2023 2030 2036 2040 2041 2046 2072 2073 2091 2341 3696 4323 
m2514 27 46 49 2327 2346 2477 2496 
m2833 14 22 23 36 723 1114 1123 1136 1186 3236 
m1493 14 45 745 
m442 36 45 46 1845 2336 2345 
m3364 27 36 48 49 1386 1398 1399 1827 1848 1849 2486 2498 2499 4336 
m2301 22 37 40 46 1137 1140 1146 1890 2037 2040 2046 2337 2340 2346 4396 
m3714 5 13 22 38 46 655 696 1113 1146 1905 1913 1922 1946 2305 
m66 14 714 
m3129 11 13 33 563 583 661 1661 4163 
m2007 22 46 1146 
m1104 5 23 45 46 1155 2255 2273 2305 2345 2346 4823 
m551 41 45 46 2095 2096 2345 
m3516 22 33 46 1672 1696 2322 
m962 13 22 33 36 40 1113 1133 1136 1140 1813 1833 1840 2013 2033 4163 
m1339 14 22 36 1114 1136 4314 
m1844 45 46 2296 
m1006 13 23 30 46 696 1163 1173 1180 1196 1513 1523 1530 1546 2313 2323 2330 2346 3196 3663 3696 4823 
m959 36 46 49 1849 2336 2349 2486 2499 
m2051 44 46 49 2344 2349 2494 
m1292 30 41 46 2080 2330 2341 2346 
m1824 5 22 37 46 255 1105 1137 1146 1855 1887 1896 2305 2322 2337 2346 4837 
m159 22 36 49 1149 1822 1836 1849 2472 2486 2499 
m922 37 38 46 1888 2338 4396 
m1422 36 40 41 1836 1840 2036 2086 2090 2091 4586 
m1944 23 45 1195 2273 2295 
m2570 14 36 1814 4314 4336 
m628 22 45 46 1145 1146 2296 
m1233 37 
m721 23 30 46 1196 1523 1530 1546 2323 2330 2346 3696 4823 
m2940 14 22 1114 
m3586 37 
m2606 14 38 40 45 46 740 745 1914 1938 1940 1945 1946 2290 2340 2345 3246 
m2700 22 23 30 45 46 1122 1123 1130 1145 1146 1195 1522 1523 1530 1545 1546 2273 2280 2295 2296 2322 2330 2345 2346 3696 4823 
m1318 5 22 30 37 46 272 280 287 296 1522 1537 1855 1872 1880 1887 1896 2305 2322 2330 2337 2346 4387 4837 
m3630 32 45 46 1632 1646 2282 2296 2332 
m3332 13 22 672 1113 1122 
m1914 13 46 2313 
m280 22 36 40 46 49 1146 1822 1840 1846 1849 2036 2046 2049 2322 2340 2472 2496 4846 
m138 5 36 37 38 45 46 286 295 1845 1855 1886 1895 1936 1937 1938 1946 2305 2336 2337 4336 
m882 23 36 1186 
m3552 12 36 46 49 649 1812 1849 2336 2349 4812 
m3170 36 
m3065 41 
m3432 22 23 36 40 46 49 1172 1186 1190 1822 1823 1836 1840 1849 2022 2023 2036 2040 2046 2049 2322 2323 2336 2340 2349 2473 2486 2490 3686 4336 4346 4836 
m233 23 45 1195 
m1327 22 23 36 41 1122 1123 1136 1141 2073 3686 4586 
m3190 14 36 49 1814 1849 2464 
m323 23 45 1173 1195 2273 2295 
m2355 13 37 46 1896 2313 4363 
m1546 22 30 36 1136 1536 
m1035 45 46 2296 2346 
m3171 13 22 33 36 40 46 672 686 690 1113 1122 1133 1136 1140 1672 1686 1690 1822 2022 2036 2313 2322 2333 2336 2340 3183 
m525 13 33 4163 
m2494 36 48 1836 1848 2436 2448 4336 
m2614 22 38 44 46 1146 1922 1944 1946 2344 2346 4846 
m2905 38 
m358 33 44 49 1694 1699 2494 
m3219 22 23 30 32 36 40 46 1122 1123 1130 1132 1136 1140 1146 1172 1173 1522 1523 1530 1532 1540 1546 1623 1630 1646 1822 1823 1830 1832 1840 1846 2022 2023 2030 2032 2036 2040 2046 2322 2323 2330 2332 2340 2346 3696 4823 
m3265 22 36 46 49 1822 1846 1849 2322 2346 2472 2496 
m1535 14 
m650 13 22 36 38 40 41 1113 1136 1138 1140 1141 1813 1840 1913 1922 1936 1938 1940 1941 2013 2063 2086 2088 2090 
m700 12 38 40 45 46 1912 1945 1946 2012 2038 2045 2046 2262 2296 2312 2346 4812 
m2861 23 36 41 1186 1191 1823 1836 1841 2073 2086 2091 4341 4586 
m176 22 44 46 1146 2344 2346 4846 
m3229 36 39 40 1836 1839 1840 1986 1990 2036 2039 2040 
m2115 14 22 46 722 746 2322 2346 
m831 22 23 30 36 40 41 1122 1123 1130 1136 1140 1141 1172 1173 1180 1186 1190 1191 1523 1530 1536 1540 1541 1823 1836 1840 1841 2022 2023 2030 2036 2041 2072 2073 2080 2086 2090 2091 3673 3686 4323 4336 4586 
m3154 22 36 41 46 1822 2072 2096 2322 4586 4836 
m3506 14 23 36 40 46 1814 1823 1846 2014 2023 2036 2040 2046 2314 2323 2346 3664 4346 4814 4823 
m1157 
m709 14 23 30 46 1514 1523 1546 2314 2323 2330 2346 3664 4814 4823 
m3558 22 45 1145 
m2491 14 32 46 1614 2314 2332 
m2527 22 36 40 1136 1140 1840 2036 2040 
m2742 32 37 46 1632 1637 1882 2332 2337 
m3248 45 46 2296 
m2855 46 
m117 22 23 30 38 1122 1123 1130 1138 1172 1173 1188 1522 1523 1530 1538 1922 1923 3673 
m2253 12 14 36 40 41 46 636 640 641 736 740 741 1841 2036 2041 2314 2336 2340 2341 3114 3236 4336 4812 
m1901 22 36 40 1122 1136 2022 2036 2040 
m1221 26 32 33 37 1333 1626 1633 1637 1876 1883 
m20 22 41 44 46 49 1146 1149 2072 2094 2096 2099 2344 2349 2494 
m878 46 2346 
m3375 28 38 1928 1938 
m3053 16 23 36 46 1186 1816 2316 2323 2336 3666 
m2883 3 46 2303 2346 4803 4846 
m3169 5 22 46 1105 1146 2305 
m2696 22 36 46 1822 2322 2336 2346 
m434 9 14 709 
m1925 46 
m3464 45 46 2295 2345 
m2773 5 32 255 1605 1632 
m348 12 36 40 41 46 636 640 641 1836 1840 1841 2036 2041 2336 2340 2341 3136 4336 4812 
m1412 37 46 49 1887 1899 2337 2346 2349 2487 2496 4396 4837 
m3082 22 23 30 36 40 41 1122 1123 1130 1136 1140 1172 1180 1186 1522 1523 1536 1822 2023 2030 2036 2072 2073 2080 2086 2090 3673 4323 
m810 14 23 30 46 1514 1523 1546 2314 2323 2330 2346 3664 4814 4823 
m326 22 37 46 1122 1137 1146 1872 2322 4837 
m429 36 42 4636 
m3292 14 23 30 46 1196 1514 1523 1546 2314 2323 2330 2346 3664 4814 4823 
m1423 5 13 14 23 33 655 705 713 1155 1163 1164 1183 1655 1664 4163 
m2925 22 23 36 40 41 1122 1123 1136 1140 1141 1186 1190 1836 1840 2036 2040 2072 2073 2086 2090 3686 
m2998 22 37 46 1872 2322 4396 
m2885 
m2591 23 36 40 46 48 1190 1823 1836 1840 1846 1848 2023 2036 2040 2046 2048 2336 2340 2346 2423 2436 2446 3686 3696 4323 4346 4823 4836 
m1675 8 408 
m234 3 23 30 41 46 180 1180 2053 2073 2080 2096 2303 2330 2673 4823 
m2553 22 23 30 41 1122 1123 1130 1172 1173 1180 1522 1523 1541 2072 2073 2080 3673 
m51 22 36 41 1122 1136 1141 1822 2072 4586 
m617 37 1887 
m3000 16 23 40 46 840 846 1190 2016 2023 2040 2046 2340 3323 3696 
m3136 22 44 46 1146 2344 2346 4846 
m2053 13 22 1113 1122 
m751 32 37 45 46 1637 1645 1895 2332 2337 2345 
m47 36 46 2336 2346 4836 
m2099 13 46 4813 
m293 13 22 36 38 40 672 686 690 1113 1122 1136 1140 1822 1913 1922 1936 1940 2022 2036 
m1400 36 45 46 49 1845 2336 2345 2346 2349 2486 2495 2496 
m2677 22 44 46 1146 2322 2344 2346 4846 
m567 22 36 40 46 1122 1136 1140 1822 2022 2036 2040 2322 2336 2340 4336 
m226 22 38 44 46 1146 1922 1944 1946 2344 2346 4846 
m2321 5 32 36 1605 1636 1805 
m1411 22 45 1122 1145 2272 2295 
m1338 32 33 40 46 1633 2032 2033 2040 2046 2332 2333 
m2481 40 45 46 2046 2290 2296 4846 
m899 45 49 2295 2299 
m3697 36 45 46 1845 2336 2345 2346 4836 
m2156 12 23 30 36 41 46 49 630 1180 1812 1830 1846 2062 2073 2080 2086 2096 2323 2330 2462 2473 2480 2486 2491 2496 3123 4323 4812 
m177 38 45 2288 
m841 36 46 48 2436 2446 4836 
m230 22 27 40 46 1127 1140 1146 2027 2046 2327 
m638 14 30 37 714 730 737 1880 3237 
m3685 37 45 1895 
m2580 12 45 46 645 2345 4812 
m1862 30 36 39 40 46 1536 1540 1546 1830 1836 1840 1846 1980 1986 1990 1996 2030 2036 2040 2046 2330 2336 2340 2346 4346 4496 4836 
m1280 26 33 46 1676 1696 2326 2333 2346 
m3600 45 46 2296 
m129 5 37 45 46 1855 2255 2287 2296 2305 4837 
m1056 36 
m3123 38 45 46 1945 2288 2295 2296 2338 2345 
m3092 22 23 30 46 1123 1130 1146 1180 1523 1530 1546 2330 4823 
m1739 46 48 2348 
m1723 13 22 30 47 680 697 1113 1122 1130 1147 2380 
m1145 22 30 36 46 1130 1136 1146 1536 1546 1822 1830 1836 1846 2322 2330 2336 2346 4836 
