m2299 22 37 40 46 1137 1140 1146 1890 2037 2040 2046 2337 2340 2346 4396 
m2545 22 23 30 46 1122 1123 1130 1146 1180 1523 1530 1546 2330 2346 4823 
m1365 18 918 
m788 38 46 1938 1946 
m2360 36 
m732 45 46 2295 2345 2346 
m1996 23 45 1195 2295 
m729 26 36 46 1336 1346 2336 2346 4836 
m1483 46 
m1480 12 45 46 645 2345 4812 
m3453 36 45 1845 2286 2295 
m1105 22 44 46 1144 1146 2246 2322 2344 2346 4846 
m2426 22 30 36 40 41 46 1122 1130 1136 1140 1141 1146 1536 1540 1541 1830 1836 1840 1841 2030 2036 2040 2041 2086 2090 2322 2330 2336 2340 2341 
m3704 22 36 45 1136 1145 1845 
m3206 27 36 40 46 1827 1840 2027 2036 2040 2327 2340 4836 
m1143 46 
m2976 13 33 45 695 1695 4163 
m3614 5 13 14 38 46 655 705 746 1913 1914 1946 2305 2313 3213 
m2945 14 27 38 727 1914 1927 
m2689 13 37 4363 
m174 45 46 2295 2296 2345 2346 4846 
m48 36 46 2336 2346 4836 
m133 36 45 49 1849 2286 2299 
m1992 33 36 46 1686 2333 2336 2346 4833 
m2752 11 13 33 36 40 661 1661 1811 1813 1833 2011 2013 2033 2036 4163 
m1622 38 40 41 46 49 1941 1946 2090 2340 2341 2488 2491 2496 
m3244 36 40 46 2036 2046 2336 
m363 22 23 30 38 1123 1130 1172 1173 1188 1522 1523 1530 1538 3673 
m3072 22 36 41 46 49 1141 1822 1841 1846 2322 2341 2486 2491 2496 
m974 
m838 11 13 33 39 563 583 589 689 1983 3183 
m380 26 37 38 46 1876 1926 1937 1946 2326 4396 
m3707 40 45 46 2040 2045 2046 2345 4846 
m2489 23 45 46 1195 2323 2345 
m2771 22 26 44 46 1146 1322 1344 1346 2344 2346 4846 
m3522 
m1331 
m2879 
m1567 22 36 41 49 1122 1136 1141 1149 1822 1841 2072 2086 2091 2099 2472 2486 2491 4336 
m1175 17 45 895 2267 2295 
m1222 22 37 46 1137 2322 4837 
m794 22 30 36 40 41 49 1130 1136 1141 1536 1540 1541 1830 1836 1840 1841 2036 2072 2080 2086 2090 2091 2472 2480 2486 2491 
m405 14 46 2346 4814 
m1971 22 44 46 1146 2322 2344 2346 4846 
m985 11 45 595 
m1790 23 30 46 1180 1523 1530 1546 2330 2346 4823 
m1320 37 40 41 46 2037 2046 2087 2090 2096 4837 
m874 22 23 30 36 38 40 1123 1130 1136 1140 1172 1173 1180 1186 1188 1190 1522 1523 1538 1822 1830 1922 1923 1930 1936 1938 1940 2022 2023 2030 2036 2040 3673 4323 
m1448 22 36 40 46 1122 1136 1140 1146 1840 2040 2336 2340 
m3303 3 36 48 49 186 198 1803 1848 1849 2453 2486 2498 2499 4336 
m1751 14 23 30 39 46 1189 1514 1523 1539 1546 1964 2314 2323 2330 2339 2346 3664 4814 4823 
m2035 10 32 46 1610 1632 1646 2310 2346 
m2416 44 46 2246 2344 2346 4846 
m1762 5 13 38 45 46 263 296 1905 1913 1946 2255 2263 2288 2296 2313 
m2454 22 23 37 46 1123 1137 1146 2323 2337 3687 4837 4846 
m3594 36 45 2286 
m529 14 20 22 720 1114 1120 
m1694 22 36 40 41 46 48 1136 1140 1141 1148 1836 1848 2036 2048 2086 2090 2098 2322 2336 2340 2341 2348 4336 
m2043 22 45 2272 
m2363 14 22 36 40 46 722 740 746 1140 1146 1822 1840 2014 2036 2040 2046 2322 2336 2340 2346 3236 4346 4814 
m3336 22 37 46 1122 1137 1146 2322 2337 2346 4837 
m640 22 30 40 46 1122 1130 1146 2022 2030 2046 2330 
m778 22 44 46 1144 1146 2246 2322 2344 2346 4846 
m65 45 46 2295 2345 2346 
m2334 46 
m2404 26 40 45 46 1340 1346 2026 2040 2045 2046 2276 2290 2296 2340 
m384 11 13 45 563 595 695 
m2681 32 37 38 46 1637 1646 1932 1937 1946 2332 2337 2346 4837 
m1016 12 45 46 645 2345 4812 
m946 22 46 48 1146 1148 2348 
m31 13 22 32 38 46 682 1113 1132 1146 1913 1922 1932 1946 2313 2332 
m1662 22 23 30 1122 1123 1130 1172 1173 1180 1522 1523 1530 3673 
m1721 13 22 30 47 680 697 1113 1122 1130 1147 2380 
m655 3 32 36 41 46 186 191 1603 1641 2303 2332 2336 2341 4136 4586 
m993 3 38 153 188 1903 
m3167 22 40 45 46 1140 1145 1146 2045 2046 2345 
m463 2 27 36 40 46 1352 1386 1396 1802 2002 2027 2036 2046 2302 4836 
m1505 13 46 47 696 2363 2396 
m1997 22 23 30 41 1122 1123 1130 1172 1173 1180 1191 1522 1523 1541 2072 2073 2080 3673 
m1264 37 46 1887 1896 2337 2346 4837 
m1087 5 13 33 45 263 283 2255 2263 2283 3183 
m2974 40 45 46 2046 2290 2296 
m2249 45 2295 
m21 23 30 36 40 1173 1180 1190 1523 1530 1536 1540 1823 1830 1836 1840 2023 2030 2036 2040 3686 4323 4336 
m3107 14 40 46 2014 2040 2046 2314 2346 4814 
m1285 30 36 40 46 48 1830 1848 2030 2036 2046 2330 2336 2346 2348 2430 
m2170 13 22 33 36 40 690 1113 1122 1133 1136 1140 1690 1813 1833 1840 2013 2033 4163 
m1164 22 30 46 1522 1546 2322 4846 
m1720 33 45 48 1695 1698 2298 
m2922 22 23 36 40 41 1122 1123 1136 1140 1141 1186 1190 1836 1840 2036 2040 2072 2073 2086 2090 3686 
m1647 5 45 295 2255 2295 
m3180 22 36 41 46 49 1136 1141 1849 2086 2099 2322 2336 2341 2349 4336 
m2382 36 37 38 40 46 1836 1837 1840 1846 1886 1890 1936 1937 1940 1946 2036 2037 2038 2040 2046 2336 2340 4336 4837 
m1648 38 1938 
m2684 32 36 46 1632 1636 1646 1832 1836 1846 2332 2346 4332 4846 
m829 22 33 46 1133 1146 2333 
m2397 13 22 1113 
m990 30 37 46 1530 1537 1546 1880 2330 2337 2346 
m2711 14 46 714 746 2346 3246 
m2666 23 38 45 46 1195 1923 1945 1946 2323 2345 
m95 22 46 1146 2322 2346 
m20 22 41 44 46 49 1146 1149 2072 2094 2096 2099 2344 2349 2494 
m2855 23 36 41 1186 1191 1823 1836 1841 2073 2086 2091 4341 4586 
m3343 22 30 36 40 46 1122 1130 1136 1146 1522 1536 1822 2022 2030 2036 2322 2330 2336 2340 2346 4836 
m2031 36 41 44 1841 2086 2091 2094 2236 2241 2244 
m2939 14 22 40 46 722 746 2014 2022 2046 2322 
m696 30 38 45 46 1930 1945 1946 2280 2296 2330 
m2902 38 
m983 12 14 32 37 46 614 632 732 737 1882 2314 2332 2337 3137 4812 
m611 22 36 40 41 1136 1141 1836 1840 2036 2086 2090 4586 
m2405 42 45 2145 
m310 22 36 40 46 49 1149 1822 1849 2022 2036 2049 2322 2336 2340 2349 
m2089 22 38 44 45 46 1146 1922 1944 1946 2272 2288 2294 2296 2344 2346 4846 
m1925 46 2346 
m2848 45 46 2345 
m1730 22 23 36 40 41 46 49 1123 1136 1140 1173 1186 1190 1199 1840 2022 2023 2036 2040 2041 2049 2072 2073 2086 2090 2091 2099 2322 2323 2340 2341 2473 2486 3673 3686 4323 
m2362 22 23 36 40 41 1122 1123 1136 1140 1141 1172 1822 1823 1836 1840 1841 2022 2023 2036 2040 2041 2072 2073 2086 3686 
m3639 26 44 46 49 1344 1346 2246 2476 2494 2496 
m2657 18 45 2268 
m1215 37 46 4837 
m2847 13 22 46 672 2322 4813 
m3472 14 45 2264 
m1731 14 22 38 46 49 722 749 1914 1938 1946 1949 2314 2322 2338 2346 2349 2472 4814 
m1803 17 46 2317 2346 4817 
m2330 5 13 22 26 33 46 263 283 672 1305 1313 1333 1346 1672 2305 2313 2322 2333 4163 
m1911 13 14 33 38 40 46 49 664 690 696 699 749 1664 1690 1696 1913 1933 2014 2046 2049 2314 2349 2464 2496 4163 
m3123 22 36 46 1822 1846 2322 4846 
m180 13 22 45 695 1113 1145 2263 2272 2295 
m2706 22 30 36 40 41 46 1122 1130 1136 1140 1141 1146 1536 1540 1546 1846 2022 2030 2036 2040 2046 2072 2090 2340 4346 4846 
m2690 23 
m1970 22 44 46 1146 2322 2344 2346 4846 
m2606 22 26 44 46 1146 1346 2344 2346 4846 
m2608 22 38 44 46 1146 1922 1944 1946 2344 2346 4846 
m1985 13 22 36 38 40 1113 1122 1136 1138 1140 1813 1840 1913 1936 1940 2013 
m3611 46 4846 
m783 22 44 46 1146 2322 2344 2346 4846 
m2230 13 22 45 46 672 2263 2295 2296 2313 2322 2346 4813 
m2208 22 45 46 1145 1146 2296 4846 
m2265 22 41 44 46 1146 2072 2094 2096 2344 2346 4846 
m1058 22 30 38 1130 1922 1930 1938 
m1524 28 
m2786 15 46 2315 
m1890 23 30 36 40 46 49 1180 1830 1836 2023 2030 2036 2046 2049 2323 2330 2336 2473 2480 2486 2496 4323 4836 
m3362 13 33 46 2313 2333 4163 
m3013 23 30 36 1180 1530 1823 1830 
m2315 23 30 45 1195 1523 1545 
m2494 36 48 1836 1848 2436 2448 4336 
m3148 22 30 36 40 46 1122 1130 1136 1140 1146 1822 1830 1840 1846 2022 2030 2040 2046 2322 2330 2340 2346 
m2938 14 22 1114 
m1688 9 13 33 38 463 483 488 688 1688 4163 
m2724 22 23 30 1122 1123 1130 1172 1173 1180 1522 1523 1530 3673 
m2338 13 22 36 38 40 1113 1122 1136 1138 1140 1813 1840 1913 1936 1940 2013 
m3454 45 46 2295 2345 
m1167 26 46 1346 2346 
m296 13 22 36 38 40 672 686 690 1113 1122 1136 1140 1822 1913 1922 1936 1940 2022 2036 
m2172 22 23 30 36 40 41 1123 1130 1136 1140 1172 1173 1180 1186 1190 1523 1822 1823 1830 1836 1840 1841 2022 2023 2030 2036 2041 2072 2073 2086 2090 3673 4323 4336 4586 
m2590 13 22 36 40 1113 1122 1136 1140 1813 1840 2013 
m2605 22 26 44 46 1146 1322 1344 1346 2344 2346 4846 
m695 22 23 36 40 46 49 1172 1822 1836 1849 2022 2023 2036 2040 2046 2049 2322 2323 2336 2349 2472 2473 2486 4323 4336 4836 
m1292 45 46 2295 2345 
m2184 27 45 46 2277 2296 2327 4846 
m1128 46 2346 
m2143 45 46 2296 
m726 14 22 38 46 49 722 749 1938 1946 2314 2322 2346 2349 2472 
m547 46 
m324 40 45 46 2046 2290 2296 2346 
m2200 32 36 41 46 1641 1646 2332 2336 2341 2346 4136 4586 
m1519 23 45 46 1195 2323 2345 3673 
m2957 23 38 45 1923 2273 2288 
m3368 28 38 1928 1938 
m3571 9 36 46 49 459 486 496 499 1809 1846 1849 2309 2336 2346 2349 2459 2486 2496 2499 4336 
m2328 22 23 36 41 1123 1136 1141 1191 3686 4341 
m441 36 45 46 1845 2336 2345 
m692 22 36 40 46 1122 1136 1140 1146 1840 2022 2040 2046 2322 2336 2340 2346 
m3363 36 37 40 46 1837 1846 2036 2037 2040 2046 2337 2346 4346 4837 
m1225 16 32 40 44 46 832 844 1644 2016 2032 2044 2046 2316 2332 2344 
m2913 23 30 38 1180 1523 1530 1538 1923 1930 1938 
m305 23 36 45 1186 2273 2286 2295 3673 3686 
m3121 22 30 39 1130 1139 1980 
m449 22 30 36 39 41 1136 1139 1522 1536 1539 1541 1986 2072 2089 4586 
m932 23 32 36 40 46 48 1182 1186 1190 1196 1198 1632 1636 1646 1648 1846 1848 2032 2036 2046 2048 2446 
m3705 23 30 36 39 40 41 1173 1186 1189 1190 1191 1523 1536 1539 1541 1823 1973 1986 1990 1991 2023 2036 2073 2086 2089 2090 2091 3686 4336 4586 
m138 
m1245 36 38 45 48 1838 1845 1848 1936 1938 1945 1948 2295 2436 2438 2445 2448 4336 
m889 26 46 1346 
m3569 31 36 1581 1586 1836 4086 
m1927 13 22 33 36 40 46 1113 1122 1133 1136 1140 1146 1813 1833 1840 1846 2013 2022 2033 2036 2040 2046 2313 2333 4163 
m3006 23 32 42 1182 1192 1642 
m2755 5 14 40 45 46 705 745 2005 2014 2045 2046 2255 2305 2345 4814 
m2292 46 2346 4846 
m3531 
m2691 22 23 30 38 41 1122 1123 1130 1138 1172 1173 1188 1522 1523 1530 1538 2072 2073 2080 3673 
m2468 12 46 612 2312 2346 4812 
m3383 5 45 46 2255 2296 2305 2345 4846 
m3658 22 44 46 1146 2222 2244 2246 2344 2346 4846 
m2266 32 45 1645 
m1674 13 33 36 40 47 686 690 697 1686 1690 1697 1840 1847 2036 2040 2047 3183 4336 
m830 22 23 30 36 40 41 1122 1123 1130 1136 1140 1141 1172 1173 1180 1186 1190 1191 1523 1530 1536 1540 1541 1823 1836 1840 1841 2022 2023 2030 2036 2041 2072 2073 2080 2086 2090 2091 3673 3686 4323 4336 4586 
m1157 
m595 13 36 38 46 49 699 1849 1913 1936 1946 1949 2313 2349 3186 4836 
m1421 32 45 46 2282 2296 2332 
m1194 5 23 36 45 286 295 1155 1186 1195 1845 4336 
m3678 22 33 46 1122 1133 1146 1672 1683 1696 2322 2333 2346 4833 
m3392 8 36 40 46 1808 1836 1840 1846 2008 2036 2040 2046 2308 2336 4336 
m2620 40 46 2046 2346 
m1138 22 23 30 1123 1173 1522 1523 3673 
m2076 22 36 45 1136 1145 1845 
m703 22 23 36 46 49 1123 1136 1146 1149 1836 1846 1849 2323 2336 2473 2486 2496 3686 4323 4336 4836 
m361 33 44 49 1694 1699 2494 
m2782 23 45 46 1195 2323 2345 4823 4846 
m1411 17 46 2317 2346 4817 
m3661 22 23 41 1141 1172 1173 1191 
m97 22 38 44 46 1122 1144 1146 1922 1944 1946 2344 2346 4846 
m3361 22 23 45 1122 1123 1145 1173 2272 2273 2295 3673 
m1938 44 46 49 2344 2349 2494 
m602 22 44 46 1146 2222 2244 2246 2322 2344 2346 4846 
m714 23 30 45 46 1195 1523 1545 1546 2323 2330 2345 2346 3696 4823 4846 
m2205 29 36 41 1486 1829 1836 1841 2079 2086 2091 
m3378 38 46 1946 
m1603 
m1322 22 23 30 36 40 1122 1123 1130 1136 1172 1173 1180 1186 1190 1522 1523 1530 1536 1540 1822 1823 1830 1840 2022 2023 2030 3673 
m2499 29 36 48 1486 1829 1836 1848 2429 2436 2448 4336 
m1794 34 46 2334 
m2104 21 23 45 1171 2271 2273 
m56 5 32 45 46 1605 1645 1646 2255 2305 2345 
m1153 32 46 1646 2332 2346 
m569 26 45 46 1345 1346 2345 
m1645 37 
m1454 22 36 45 46 49 1145 1822 1845 2322 2336 2345 2472 2486 2495 2496 
m3331 13 33 45 2263 2283 4163 
m428 36 42 4636 
m1149 22 30 36 41 1122 1130 1136 1530 1536 1541 1830 2080 4586 
m2443 14 36 49 749 1814 1849 
m2234 22 32 45 46 1146 2272 2282 2295 2296 2332 2346 
m1594 10 32 46 1610 1646 2310 
m2253 5 14 36 41 45 255 286 291 295 705 736 741 745 1845 2055 2086 2095 4336 
m3558 22 32 36 40 46 49 1622 1646 1822 1832 1836 1840 1846 1849 2032 2036 2046 2322 2482 2486 2490 2496 4332 
m1575 7 22 46 1107 1122 1146 2307 2346 
m881 22 46 1122 1146 
m715 22 23 30 46 1122 1123 1130 1146 1180 1523 1530 1546 2330 2346 4823 
m949 11 
m2646 22 44 46 1146 2322 2344 2346 4846 
m2258 37 38 46 1888 1938 2338 4837 
m223 32 45 1645 
m614 37 1887 
m3506 22 33 46 1672 1696 2322 
m2734 36 37 40 46 1886 1896 2036 2037 2046 2336 2346 4836 4837 
m3224 5 30 32 36 46 280 1605 1630 1646 1805 1830 1846 2305 2330 4332 
m832 36 40 41 1836 1840 1841 2036 2041 2086 2091 4336 4341 4586 
m2077 5 45 46 2255 2305 2345 
m1973 22 23 30 1122 1123 1130 1172 1173 1180 1522 1523 1530 3673 
m700 36 46 2336 
m2395 14 22 30 36 40 722 730 736 1114 1122 1130 1136 1140 1522 1536 1540 1822 1840 2022 2040 
m2252 12 22 23 36 41 46 49 622 623 636 641 649 1123 1136 1141 1191 1822 1823 1841 2322 2323 2336 2341 2349 2472 2473 2486 2491 3136 4323 4336 4812 
m377 36 45 1845 
m979 41 46 2341 
m702 22 23 36 40 46 49 1172 1822 1836 1849 2022 2023 2036 2046 2049 2322 2323 2336 2349 2472 2473 2486 4323 4336 4836 
m2624 32 36 44 46 1832 1836 1844 2232 2236 2332 2336 2344 2346 4332 4336 4736 4836 
m1209 13 22 33 36 40 672 686 690 1113 1122 1133 1136 1140 1672 1686 1690 2036 3183 
m1427 13 38 46 663 696 1913 1946 
m2430 28 36 46 1828 1836 2328 2336 4846 
m3022 45 2295 
m2236 12 22 23 36 41 46 49 622 623 636 641 649 1123 1136 1141 1191 1822 1823 1841 2322 2323 2336 2341 2349 2472 2473 2486 2491 3136 4323 4336 4812 
m2359 36 46 2336 2346 4346 4836 
m2944 26 37 46 1337 1346 2337 2346 4837 
m2069 45 
m409 5 45 46 2255 2296 2305 
m2677 11 13 33 563 583 4163 
m3441 33 36 41 1686 2083 4586 
m646 8 408 
m2298 38 45 46 1945 1946 2296 
m1714 40 46 2340 
m1351 32 37 1632 1637 1882 
m382 8 45 46 49 408 446 449 2258 2296 2299 2349 
m1924 13 20 33 36 40 41 670 686 690 691 1033 1036 1040 1041 1686 1690 1691 1840 1841 2036 2041 3183 3536 4336 
m3158 32 36 44 46 1644 2236 2332 2336 2344 2346 4136 
m1039 5 22 37 45 1105 1122 1137 1145 1855 1895 2255 
m1255 13 46 696 
m2470 12 46 49 2349 2462 4812 
m2693 22 45 46 1145 1146 2296 
m2592 14 22 46 722 746 2322 2346 
m41 12 23 36 41 46 636 1823 2062 2073 2096 2336 3123 4586 4812 4823 
m229 22 38 44 46 1146 1922 1944 1946 2344 2346 4846 
m616 36 40 41 46 1836 1840 1841 1846 2036 2040 2041 2046 2336 2340 2341 2346 4346 4586 
m1741 14 46 2314 2346 4814 
m1319 37 40 45 46 1890 2287 2290 2337 2340 2345 
m249 45 
m2288 22 34 36 1134 1136 1834 
m976 17 46 2317 2346 4817 
m2474 22 39 45 46 1122 1146 1972 1995 1996 2272 2296 
m3183 14 22 1114 1122 
m622 22 36 40 41 1136 1141 1836 1840 2036 2086 2090 4586 
m2160 16 
m3697 22 37 46 1872 2322 2337 
m809 36 1836 
m1532 14 714 
m69 26 34 38 46 1326 1334 1346 1734 1926 1938 1946 2334 2346 
m1953 45 46 2345 2346 
m2418 23 36 40 45 46 49 1190 1195 1836 1840 1845 2023 2036 2040 2045 2046 2049 2323 2336 2340 2345 2473 2486 2495 2496 3686 4323 4336 4836 
m3346 36 38 40 45 1838 1936 1938 1940 2036 2038 2286 2288 
m1408 22 45 46 49 1146 1149 2272 2296 2299 2349 2472 2495 2496 
m3589 45 46 2296 
m358 30 46 2330 
m3334 22 36 37 40 46 1122 1136 1137 1140 1146 1837 1840 1890 2036 2037 2040 2322 2336 2337 2340 2346 4837 
m1824 22 36 40 46 1122 1136 1140 1146 1840 2036 2040 2336 2340 
m2910 36 
m2213 45 46 2296 
m35 22 30 40 46 1130 2022 2030 2040 2046 2322 2330 2346 
m2102 14 36 40 46 1814 1846 2014 2036 2040 2046 2346 4346 4814 
m282 9 22 46 1109 1146 2309 2346 4846 
m2235 22 30 36 40 46 1122 1130 1136 1140 1146 1536 1540 1546 1836 1840 1846 2022 2030 2036 2040 2046 2322 2330 2336 2340 2346 4346 
m3179 14 36 49 1814 1849 2464 
m1840 45 46 2296 
m972 37 46 1896 
m1409 22 45 1122 1145 2272 2295 
m1806 26 46 1346 
m2422 22 26 46 1146 1322 1346 
m3021 36 42 46 49 2146 2336 2486 2492 2496 4636 
m3445 13 23 49 673 1163 1173 1199 2463 2473 2499 3163 
m392 36 46 2336 2346 4836 4846 
m1471 37 46 2337 
m318 22 37 38 45 46 1872 1922 1937 1945 1946 2272 2287 2296 2322 4837 
m1593 22 23 36 40 41 46 49 1136 1140 1146 1172 1186 1190 1196 1199 1822 1823 1836 1840 1846 1849 2022 2023 2036 2040 2046 2049 2072 2073 2086 2099 2322 2323 2336 2340 2341 2346 2349 2472 2473 2486 2490 2496 3686 4323 4336 4836 
m373 12 49 649 2462 2499 
m303 30 36 39 40 46 1830 1980 1986 1990 1996 2030 2036 2046 2330 4836 
m790 26 46 1326 1346 
m554 22 38 45 46 1145 1146 1922 1945 1946 2345 
m1465 22 36 40 41 49 1122 1136 1140 1141 1149 1841 1849 2022 2036 2041 2049 2072 2086 2090 2091 2099 2486 2491 4336 
m161 37 46 4396 
m3002 23 27 32 42 1182 1192 1373 1382 1392 1642 
m3437 
m3184 23 30 36 41 1523 1823 1830 2073 2080 3673 4323 4586 
m996 22 44 46 1146 2246 2344 2346 4846 
m2704 5 36 45 46 49 286 296 299 1836 1846 1849 2255 2286 2296 2299 2336 2349 
m706 13 22 33 1113 1133 4163 
m1929 12 36 40 41 46 49 636 640 641 649 1836 1840 1841 2036 2041 2336 2340 2341 2349 2486 2490 2491 3136 4336 4812 
m131 37 40 46 1890 2037 2040 2046 2337 2340 2346 4396 
m558 12 17 46 612 2312 2317 2346 3117 4812 
m334 26 27 46 1326 1327 1346 1376 1396 2326 
m2882 37 46 4837 
m1307 36 40 1836 1840 2036 2040 
m1430 36 46 49 1849 2336 2349 4336 
m1898 22 36 40 1122 1136 2022 2036 2040 
m3622 46 
m2335 26 46 1346 
m3266 40 46 49 2340 2346 2490 2496 
m170 14 22 32 36 39 40 41 49 722 1614 1622 1639 1641 1814 1822 1832 1836 1839 1841 1849 1972 2014 2036 2041 2049 2064 2072 2082 2089 2091 2482 2486 2489 2491 4464 4586 
m3139 10 45 46 2295 2296 2310 2346 
m3533 
m2021 13 33 45 46 2263 2283 2296 2313 2333 4163 
m1476 5 36 46 49 255 286 1805 1836 1846 1849 2305 2336 2455 2486 2496 
m1230 22 23 32 36 40 46 49 1122 1123 1132 1136 1146 1149 1172 1173 1182 1186 1190 1196 1199 1622 1623 1632 1636 1640 1646 1822 1823 1832 1836 1840 1846 1849 2022 2023 2032 2036 2046 2322 2323 2332 2336 2346 2349 2472 2473 2482 2486 2490 2496 3673 3686 3696 4323 4346 
m553 16 23 30 38 45 46 830 1180 1516 1523 1530 1546 1916 1930 1945 1946 2266 2273 2280 2296 2316 2323 2330 2345 2346 3323 4823 
m535 45 2295 
m3465 14 21 45 46 721 745 2271 2321 2345 4814 
m2967 36 40 46 48 2036 2040 2046 2048 2336 2346 2348 2436 4836 
m3063 22 36 40 46 48 1136 1140 1146 1848 2036 2040 2046 2336 2340 2346 2348 4336 4836 
m2650 22 26 33 36 49 1126 1133 1676 1822 1826 1833 1849 2472 2476 2483 
m3708 37 41 46 2087 2341 4837 
m3542 13 14 22 46 672 722 1113 1114 2313 2322 3213 4814 
m1653 26 46 49 1326 1346 1349 2349 
m1232 47 
m2901 22 46 49 1149 2322 2346 2349 
m1057 37 39 46 1987 4396 4496 
m1569 5 31 36 255 281 286 1555 1581 1586 1805 1831 1836 
m1580 22 37 1122 1137 1872 1887 
m3400 36 38 46 48 1836 1838 1848 1936 1938 1948 2336 2338 2348 2436 2438 2448 4336 4836 
m3166 13 22 33 36 40 46 672 686 690 1113 1122 1133 1136 1140 1672 1686 1690 1822 2022 2036 2313 2322 2333 2336 2340 3183 
m1455 26 46 1326 1346 2346 
m376 5 45 295 
m304 26 
m438 26 38 46 1926 1946 2326 
m2780 14 45 745 
m1809 14 36 40 45 46 736 740 745 1840 1845 1846 2036 2045 2046 2286 2296 2336 3246 4336 
m2457 40 46 2046 
m1527 32 36 41 46 1641 1646 2332 2336 2341 2346 4136 4586 
m108 14 22 46 722 746 2322 
m3243 45 46 2296 
m1070 23 41 46 1173 2073 2323 2341 3673 
m776 22 44 46 1146 2344 2346 4846 
m2023 22 23 30 41 46 1122 1123 1130 1146 1180 1523 1530 1546 2072 2073 2080 2091 2096 2330 4823 
m847 1 32 36 38 45 46 82 96 1901 1932 1936 1946 2251 2282 2286 2288 2296 2332 2586 4136 4836 
m596 22 44 46 2222 2246 2322 2344 2346 4846 
m3706 23 30 1523 
m3657 34 46 1746 
m2353 18 46 2318 
m1291 8 22 23 30 46 408 422 423 430 446 1122 1123 1130 1146 1180 1523 1530 1546 2330 4823 
m2496 14 22 36 46 722 736 1822 2314 2322 4836 
m1313 5 40 45 46 2005 2045 2046 2255 2296 2305 
m698 12 38 40 45 46 1912 1945 1946 2012 2038 2045 2046 2262 2296 2312 2346 4812 
m2351 37 39 40 46 1890 1987 1990 2340 4396 4496 
m389 18 37 46 1868 2318 4837 
m2491 14 32 46 1614 2314 2332 
m748 32 37 45 46 1637 1645 1895 2332 2337 2345 
m3062 41 
m1535 14 
m171 5 13 33 36 49 263 283 1805 1813 1833 1849 2455 2463 2483 4163 
m2400 22 36 41 49 1136 1141 1822 1841 1849 2072 2086 2091 2099 2472 2486 2491 4336 
m3520 22 23 30 40 46 1122 1123 1130 1140 1146 1180 1523 1530 1546 2022 2023 2030 2046 2330 2346 4823 
m910 12 14 46 2312 2314 2346 3212 4812 4814 
m3686 36 45 46 1845 2336 2345 2346 4836 
m3071 36 40 46 1840 2336 2340 
m1173 36 
m225 6 42 46 2306 2342 2842 
m609 12 22 23 36 40 41 46 49 640 1123 1136 1141 1149 1162 1186 1190 1196 1199 1812 1840 1846 1849 2062 2073 2086 2090 2096 2099 2340 2462 2486 2496 3146 3686 4312 4336 
m2803 37 38 41 46 1937 1938 1941 1946 2087 2096 4837 
m1107 44 46 2246 2344 2346 4846 
m177 22 44 46 1146 2344 2346 4846 
m3065 14 49 2464 
m2049 13 22 1113 1122 
m2240 23 36 40 41 1173 1186 1190 1191 1823 1840 2023 2036 2073 2086 2090 3673 4323 4336 4586 
m527 39 
m3654 45 49 2295 2299 
m2444 23 36 40 46 1186 2023 2036 2040 2046 2323 2336 2340 2346 3696 4346 
m3595 22 37 40 46 1872 2037 2046 2322 2337 2346 4837 
m2851 22 23 36 40 1122 1123 1136 1140 1173 1823 1840 2023 2040 3673 
m1755 22 28 38 46 1128 1138 1146 1928 1938 2328 2338 
m3468 12 26 34 45 46 634 645 1312 1334 1345 1346 1734 2284 2334 2345 4812 
m998 22 30 38 45 46 1130 1145 1146 1922 1930 1945 1946 2280 2296 2330 
m71 32 36 46 1632 1636 1646 1832 1836 1846 2332 2336 2346 4332 
m521 46 2346 4846 
m3028 20 1020 
m2217 22 23 31 46 49 1123 1146 1196 1572 1573 1596 2323 2346 2473 2481 2496 4846 
m3024 37 40 46 2037 2046 4837 
m861 22 23 36 38 40 1123 1136 1138 1140 1173 1922 1923 1936 1938 1940 2023 2036 2038 3686 
m1334 22 45 1122 1145 2272 
m1998 27 32 1382 
m150 22 46 1146 
m2749 13 36 40 46 696 1813 2013 2036 2040 2046 4346 
m499 26 33 47 1333 1347 1697 
m3278 22 23 36 40 46 49 1123 1136 1146 1149 1836 1846 1849 2022 2023 2036 2046 2049 2323 2473 2486 2496 3686 4323 4336 4836 
m2122 14 26 32 46 726 732 746 1314 1326 1332 1346 1626 1646 2326 
m2556 26 37 46 49 1337 1346 1349 1899 2337 2349 2487 2499 4387 
m1712 22 26 41 46 1141 1146 1322 1341 1346 2341 
m2378 12 38 45 46 645 1912 1946 2345 4812 
m1624 38 46 1946 
m130 5 37 45 46 1855 2255 2287 2296 2305 4837 
m214 17 22 46 1117 1122 1146 2346 4817 
m2836 13 14 32 46 664 696 1613 1614 1646 4814 
m3504 22 37 40 46 1137 1146 2022 2037 2046 4837 
m1986 2 36 45 46 145 1845 2252 2286 2295 2302 2345 2636 4836 
m2162 13 22 33 36 40 48 672 686 690 1113 1122 1133 1136 1140 1672 1686 1690 1822 2022 2036 2413 2422 2433 2436 2440 3183 
m3081 5 13 22 33 46 655 1113 1133 1146 1655 1696 2305 2313 4163 
m3456 36 46 49 2336 2349 2486 
m423 22 38 45 46 1145 1922 1945 1946 2322 2345 
m482 37 46 2337 
m2018 30 37 46 1880 2330 4837 
m1838 8 36 46 2308 4308 4836 
m1705 36 45 46 1845 2286 2295 2345 4836 
m1499 41 45 2091 2095 2291 2295 
m3246 45 46 2296 
m397 14 46 746 2346 
m1460 36 38 40 41 1841 1941 2036 2041 2086 2090 2091 
m967 22 23 30 38 41 1122 1123 1130 1172 1173 1180 1188 1523 1538 1541 1922 1923 1930 1938 2072 2073 2080 2088 3673 
m1326 36 46 2336 4836 4846 
m3517 9 14 36 49 709 1809 1814 1836 1849 2459 2464 2486 2499 
m2182 23 30 38 45 46 1180 1923 1930 1946 2273 2280 2288 2296 2330 2346 4823 
m3415 22 36 40 46 48 1822 2022 2036 2322 2336 2340 2436 2440 2446 
m1578 22 40 46 1146 2340 
m2059 5 37 46 255 287 1855 1887 1896 2305 2337 2346 4837 
m77 22 23 30 38 1122 1123 1130 1138 1172 1173 1188 1522 1523 1530 1538 3673 
m3050 16 23 36 46 1186 1816 2316 2323 2336 3666 
m2636 22 44 46 1144 1146 2344 2346 
m2963 22 23 30 36 41 1123 1130 1136 1523 1823 1830 2072 2073 2080 3673 4323 4586 
m2431 16 44 49 844 849 2494 
m2940 12 45 46 645 2345 4812 
m1145 22 30 36 46 1130 1136 1146 1536 1546 1822 1830 1836 1846 2322 2330 2336 2346 4836 
m2437 5 32 36 45 1605 1805 2255 2282 2286 4332 
m1708 36 38 46 1936 1946 2336 2338 2346 4836 
m1348 32 36 41 46 1641 2332 2336 2341 2346 4136 4341 
m2886 38 45 46 1945 2338 2345 2346 
m3221 32 36 1832 4336 
m312 36 40 45 1845 2036 2045 2286 2290 2295 
m1042 5 36 40 46 286 290 296 2036 2046 2305 2340 2346 4346 4836 
m1347 36 
m556 40 41 46 2046 2090 2096 2340 2341 2346 
m317 46 2346 4846 
m2574 23 41 1191 2073 2091 
m1522 23 45 46 1195 2323 2345 3673 
m354 13 33 46 1663 1683 2313 2333 4163 4833 
m3238 5 45 46 2255 2296 2305 
m2546 21 1071 
m613 23 46 2323 2346 3696 4823 4846 
m3674 37 45 1895 
m905 40 45 2045 
m1962 12 29 36 46 612 629 636 1812 1829 1836 2312 2329 2336 2346 3136 4336 4812 4836 
m2429 12 36 46 49 649 1849 2336 2349 3136 4812 
m492 22 45 1145 
m800 18 45 945 
m1975 32 37 46 1882 2332 2337 
m731 22 23 36 40 46 48 1123 1136 1140 1146 1148 1190 1840 2022 2023 2036 2046 2048 2336 2340 2346 2423 2436 2440 2446 3696 4323 4346 4823 
m961 13 22 33 36 40 1113 1133 1136 1140 1813 1833 1840 2013 2033 4163 
m3646 32 1632 
m381 22 37 39 1137 1139 1987 
m2811 12 32 612 1612 
m712 30 44 45 1530 1544 1545 2230 2244 2245 2280 2294 2295 
m2980 13 37 4363 
m270 22 30 46 1130 1146 2330 
m2211 22 36 40 49 1149 1822 1849 2022 2036 2049 
m291 14 34 46 734 746 2334 
m933 22 40 46 1146 2340 
m1419 36 40 41 1836 1840 2036 2086 2090 2091 4586 
m886 38 46 1946 2338 2346 
m2964 8 37 46 437 446 4837 
m916 22 23 36 41 49 1123 1136 1141 1172 1173 1186 1191 1199 1822 1823 1841 1849 2072 2073 2086 2091 2099 2472 2473 2486 2491 3673 3686 4323 4336 
m1192 22 46 1146 
m3655 22 44 45 46 1146 2272 2294 2296 2344 2346 4846 
m3140 14 22 23 30 36 40 41 741 1123 1130 1136 1140 1141 1191 1523 1536 1540 1541 1823 1841 2023 2036 2041 2072 2073 2080 2086 2090 2091 3673 4323 
m2246 14 36 40 46 740 746 1840 2014 2036 2040 2046 2336 2340 2346 3236 4346 4814 
m3256 36 
m1826 14 36 49 736 749 1849 2486 2499 4336 
m782 8 22 36 46 1122 1136 1146 2308 2336 2346 4308 4836 
m1491 8 
m1324 45 46 2345 
m630 36 
m3675 22 45 1122 1145 2272 2295 
m2313 29 
m2272 36 49 1849 2486 2499 
m3152 40 46 2040 2046 
m3367 13 37 4363 
m3286 14 23 30 46 1196 1514 1523 1546 2314 2323 2330 2346 3664 4814 4823 
m1298 23 45 1195 2273 2295 
m2047 44 46 49 2344 2349 2494 
m436 11 45 595 
m1463 36 46 2336 
m2770 22 46 1122 1146 
m1693 22 36 40 41 46 49 1136 1140 1141 1836 1849 2036 2049 2086 2090 2099 2322 2336 2340 2341 2349 4336 
m1317 14 22 49 749 1114 1149 2464 2472 2499 
m154 22 
m853 22 38 46 1146 1922 1946 
m1114 45 2295 
m3650 22 26 36 45 46 1126 1136 1146 1336 1345 1346 1845 2336 2345 2346 4836 
m638 44 46 49 2246 2494 2496 
m3273 23 30 46 1180 2330 2346 4823 
m2884 26 
m1436 23 33 44 49 1183 1194 1199 1694 1699 2494 
m1802 12 14 27 46 712 746 1362 1364 1396 2312 2346 3246 4812 
m144 22 44 46 1146 2344 2346 4846 
m1909 23 36 40 41 1186 1190 1191 1840 1841 2036 2040 2041 
m2738 22 23 1122 1123 1173 3673 
m2688 22 23 30 36 40 41 1122 1123 1130 1136 1140 1141 1180 1186 1190 1522 1523 1536 1540 1541 1822 1830 1836 1840 1841 2022 2023 2030 2036 2041 2080 2086 
m2327 14 32 48 732 2414 2432 
m3672 13 22 45 695 1113 1145 
m2872 32 36 46 49 1632 1636 1649 1849 2332 2336 2346 2349 
m1564 22 23 1122 1123 1172 
m3692 13 33 4163 
m1811 22 46 1146 
m934 5 14 30 46 705 730 1505 2305 2314 2330 2346 4814 
m2452 28 36 1828 1836 
m72 36 48 1836 1848 2436 2448 
m1611 22 23 36 40 41 46 49 1123 1136 1140 1149 1173 1186 1190 1199 1840 2022 2023 2036 2040 2041 2049 2072 2073 2086 2090 2099 2322 2323 2340 2341 2473 2486 3673 3686 4323 
m3053 22 36 40 46 1136 1146 1836 1840 1846 2036 2046 2336 2340 2346 4836 
m427 10 22 44 46 546 1110 1144 1146 2210 2246 2310 2344 2346 4846 
m684 22 46 1146 2346 
m2485 8 36 46 1808 2308 2336 2346 4836 
m1592 26 46 1346 2346 
m1914 36 49 1836 1849 2486 2499 4336 
m2392 5 13 22 33 36 38 40 46 263 272 283 286 290 672 686 690 1113 1122 1133 1136 1140 1672 1686 1690 1822 1905 1913 1922 1933 1936 1940 1946 2022 2036 2305 2313 2322 2333 2336 2340 3183 
m17 37 40 46 2037 2046 4837 
m1492 14 45 745 
m3390 21 36 46 49 1086 1099 1849 2321 2336 2346 2349 
m722 5 13 22 45 46 655 1113 1145 1146 2255 2263 2296 2305 2313 
m2022 8 33 46 433 446 4833 
m1289 22 23 36 40 41 1122 1123 1136 1140 1141 1172 1173 1186 1190 1191 1822 1823 1836 1840 1841 2023 2036 2041 2072 2073 2086 2090 2091 3673 3686 4323 4586 
m66 14 714 
m3348 38 40 45 46 1946 2038 2046 2288 2290 2296 
m2369 36 37 38 46 1837 1838 1888 1938 2338 4346 4837 
m2421 45 46 2296 2346 
m991 38 46 1946 
m2817 22 40 44 46 1146 2022 2044 2046 2344 2346 4846 
m258 3 32 36 41 46 186 191 1603 1641 2303 2332 2336 2341 4136 4586 
m1599 45 2295 
m3369 22 32 46 48 1132 1146 2332 2422 2432 2446 4846 
m1373 13 22 46 1113 1122 1146 2322 4813 
m3626 19 46 969 996 2319 2346 
m239 22 38 46 49 1146 1149 1922 1946 1949 2349 2472 2488 2496 
m1835 38 46 1946 
m1206 22 23 30 36 40 41 1122 1123 1130 1136 1140 1172 1180 1186 1522 1523 1536 1822 2023 2030 2036 2072 2073 2080 2086 2090 3673 4323 
m2188 20 22 36 40 1120 1122 1136 1140 1820 1840 2020 
m1539 22 23 31 36 46 1172 1181 1186 1196 1596 1822 1846 2322 3686 4086 4331 4336 4346 
m802 36 41 46 1841 2341 4836 
m1233 5 26 45 46 276 296 1305 1326 1346 2255 2276 2296 2326 
m2552 22 23 30 41 1122 1123 1130 1172 1173 1180 1522 1523 1541 2072 2073 2080 3673 
m2446 37 46 2346 4396 4837 
m2661 9 14 22 44 46 709 744 746 1109 1114 1122 1144 1146 2209 2246 2309 2322 2344 2346 4814 
m2900 21 23 46 1171 2321 2323 
m1534 22 45 46 1145 1146 2296 
m1733 22 23 38 46 49 1122 1123 1138 1146 1199 1923 1938 1946 1949 2323 2346 2349 
m2548 22 23 36 40 1122 1123 1136 1140 1173 1186 1190 1822 1823 1836 1840 2022 2023 2036 2040 3673 3686 
m3420 5 33 45 46 1655 1695 2255 2305 2345 4833 
m1398 36 45 46 49 1845 2336 2345 2346 2349 2486 2495 2496 
m2245 36 49 1849 
m3110 14 40 46 2014 2040 2046 2314 2346 4814 4846 
m2838 13 16 38 688 838 3313 
m1981 37 41 46 2087 2096 4837 
m1012 45 
m821 12 41 45 46 2062 2096 2262 2291 2296 4812 
m610 37 1887 
m2000 5 32 45 1605 1645 2255 
m398 14 46 746 2346 
m540 17 36 46 49 1817 1846 1849 2349 2467 4817 
m2652 22 40 46 2046 2322 2346 
m1963 23 30 45 46 1195 1523 1545 1546 2295 2345 4823 
m2569 14 36 1814 4314 4336 
m1336 32 33 40 46 1633 2032 2033 2040 2046 2332 2333 
m2325 22 23 30 36 40 46 1122 1123 1130 1136 1140 1146 1172 1173 1522 1523 1530 1540 1546 1822 1823 1830 1840 1846 2022 2023 2030 2036 2040 2046 2322 2323 2330 2340 2346 3696 4823 
m753 14 40 46 740 746 2014 2040 2046 2314 2340 2346 4814 
m1072 41 46 2341 
m1189 45 2295 
m2264 
m3011 22 30 37 46 1130 1137 1146 1880 2330 4396 
m2209 12 22 23 36 40 41 46 49 636 640 641 646 649 1123 1136 1141 1146 1149 1812 1836 1840 1841 1846 1849 2036 2041 2046 2073 2086 2090 2091 2096 2099 2322 2323 2336 2340 2341 2349 2462 2472 2473 2486 2491 2496 2499 4323 4336 4812 4836 
m2407 46 4846 
m2387 22 36 41 49 1136 1141 1149 1841 1849 2072 2086 2091 2099 2486 2491 4336 
m2700 36 38 41 1838 2088 4341 
m509 37 46 2337 
m796 22 40 44 46 1146 2044 2046 2246 2344 2346 4846 
m1958 14 45 745 
m371 17 22 41 46 872 891 1141 2322 2341 4817 
m2788 37 40 46 2037 2046 2337 4837 4846 
m2588 23 36 40 46 48 1190 1823 1836 1840 1846 1848 2023 2036 2040 2046 2048 2336 2340 2346 2423 2436 2446 3686 3696 4323 4346 4823 4836 
m107 22 23 30 36 40 41 1123 1173 1180 1186 1190 1191 1830 2023 2030 2036 2040 2041 2073 2080 2086 2090 3673 4323 
m418 33 45 1695 
m143 22 44 46 1146 2322 2344 2346 4846 
m1830 26 38 46 1338 1346 1946 2346 
m1655 6 42 4606 
m1667 36 45 46 49 1846 1849 2286 2296 2299 2349 
m159 22 36 49 1149 1822 1836 1849 2472 2486 2499 
m2262 44 46 49 2344 2349 2494 
m456 13 33 40 46 2013 2033 2046 2313 2333 4163 
m3499 14 22 722 1114 1122 
m3455 22 23 30 36 40 41 46 1122 1123 1130 1136 1140 1141 1146 1180 1522 1523 1530 1536 1540 1546 1822 1823 1830 1836 1840 1841 1846 2022 2023 2030 2036 2040 2041 2046 2072 2086 2090 2322 2323 2330 2340 4823 4846 
m3481 36 40 1836 1840 2036 2040 4336 
m1001 22 44 46 1146 2344 2346 4846 
m2463 22 44 46 1146 2344 2346 4846 
m2085 21 26 45 46 1321 1345 1346 2271 2321 2345 
m3117 22 45 46 1122 1146 2272 2295 2296 2322 2346 4846 
m1106 22 44 46 1122 1144 1146 2222 2246 2322 2344 2346 4846 
m1871 37 46 2337 2346 4837 
m1328 13 33 4163 
m2966 27 36 46 48 1827 2327 2336 2436 2446 
m2918 5 7 36 46 49 286 296 299 355 386 396 1836 1849 2336 2346 2349 2486 2499 4836 
m3547 22 45 1145 
m81 44 46 49 2246 2494 2496 
m606 36 38 48 1838 1848 1936 1948 2436 2438 2448 
m2570 40 45 2045 
m1631 22 23 36 49 1123 1136 1172 1173 1186 1199 1822 1823 1849 2472 2473 2486 3673 4323 4336 
m1600 22 37 46 1137 1146 2337 2346 4837 
m2456 32 44 46 1644 1646 2344 
m236 23 45 1195 
m1208 22 23 30 36 46 1172 1522 1523 1536 1822 2322 2330 2336 2346 3686 4823 4836 
m489 22 23 30 38 1122 1123 1130 1138 1172 1173 1188 1522 1523 1530 1538 3673 
m244 22 38 40 1140 1922 1938 1940 
m1829 17 46 2317 2346 4817 
m1697 22 36 41 46 48 1136 1141 1848 2086 2098 2322 2336 2341 2348 4336 
m903 22 23 30 41 49 1123 1130 1173 1523 2072 2073 2080 2472 2473 2480 2491 3673 
m1682 5 13 33 46 655 1655 2305 2313 2333 4163 
m3693 26 46 2326 2346 
m2377 46 
m1310 5 41 2055 
m2028 26 32 36 46 1332 1336 1346 1832 2332 2336 2346 4836 
m3664 22 46 1146 
m2764 22 45 46 1145 1146 2345 4846 
m3070 22 44 46 1146 2222 2244 2246 2322 2344 2346 4846 
m3079 14 27 36 46 48 736 746 748 1364 1386 1396 1398 1846 1848 2446 
m3585 14 36 49 1814 2464 2486 4314 4336 
m2127 37 1887 
m325 36 38 46 49 1849 1936 1946 2336 2346 2349 4836 
m3463 12 36 40 46 49 636 640 649 1836 1849 2036 2049 2336 2340 2349 2499 4812 
m1752 5 13 33 45 655 1655 1695 2255 2263 4163 
m663 22 32 36 37 40 1122 1136 1137 1140 1622 1636 1637 1640 1822 1872 1886 1890 2022 2036 
m603 23 30 40 45 46 1173 1180 1523 2023 2030 2046 2273 2280 2290 2296 2323 2330 3673 4823 
m806 14 38 46 1914 1946 2346 4814 
m2791 23 46 2346 3696 4823 
m1130 36 
m191 22 36 41 1122 1136 1141 1822 2072 4586 
m264 22 36 40 46 49 1822 1846 1849 2022 2036 2040 2046 2049 2322 2472 2496 
m923 27 28 36 46 1378 1386 1396 1828 2327 2328 2336 2346 4836 
m198 38 45 46 1938 1945 1946 2345 
m2933 23 
m647 13 22 36 38 40 41 1113 1136 1138 1140 1141 1813 1840 1913 1922 1936 1938 1940 1941 2013 2063 2086 2088 2090 
m1677 37 46 1887 1896 2337 2346 
m532 27 36 46 49 1827 2327 2336 2486 2496 
m29 26 46 1346 
m2242 22 36 37 40 46 1122 1136 1137 1140 1146 1822 1836 1837 1840 1846 1890 2022 2036 2037 2040 2046 2322 2336 2337 2340 2346 4837 
m2029 36 41 44 1841 2086 2091 2094 2236 2241 2244 
m539 46 
m1796 22 23 36 40 41 1122 1123 1136 1140 1141 1172 1173 1186 1190 1191 1822 1823 1836 1840 1841 2023 2036 2041 2072 2073 2086 2090 2091 3673 3686 4323 4336 4586 
m2813 30 45 46 2280 2295 2296 2330 2346 
m1940 22 44 46 1144 1146 2222 2244 2246 2322 2344 2346 4846 
m514 32 37 46 1632 1637 1646 2332 2337 2346 4837 
m2686 22 45 46 1146 2272 2296 
m2814 22 32 46 1122 1132 1146 1622 1632 1646 2322 2332 2346 
m633 46 
m2869 13 36 40 41 686 690 691 1841 2036 2041 2063 2086 2090 2091 
m2412 22 28 1422 
m1486 45 2295 
m1500 14 49 2464 
m1793 22 40 45 46 1140 1146 2272 2290 2296 2340 
m353 22 23 41 1122 1123 1141 1172 1173 1191 3673 
m1220 45 2295 
m2674 22 44 46 1146 2322 2344 2346 4846 
m3020 45 46 2295 2296 2346 
m2261 40 44 46 49 2044 2046 2049 2344 2349 2494 
m528 26 32 36 41 46 1332 1336 1341 1346 1641 1646 2332 2336 2341 2346 4136 4586 
m1550 34 1734 
m3541 12 36 46 49 649 1812 1849 2336 2349 4812 
m2667 14 30 46 730 746 2330 
m2562 45 46 2345 
m1551 14 37 40 46 737 740 746 2037 2046 4837 
m454 30 46 1546 2330 4846 
m1136 22 37 45 49 1122 1137 1145 1149 1899 2287 2299 
m2346 23 30 36 49 1180 1199 1549 1823 1830 1849 
m1444 32 36 38 41 46 1641 1646 1932 1936 1941 1946 2332 2336 2341 2346 4136 4586 
m3544 37 41 46 2087 2096 4837 
m589 5 14 26 45 705 745 1305 1314 1345 2255 
m1879 14 23 30 38 730 1180 1514 1523 1530 1538 1914 1923 1930 1938 3223 
m825 22 23 30 45 1123 1130 1145 1173 1180 1523 1530 2273 2280 3673 
m2568 5 14 26 33 45 264 276 283 726 1676 2255 2264 2276 2283 3233 
m2534 13 37 4363 
m1849 13 22 45 46 696 1113 1146 2263 2272 2296 
m1024 45 46 2295 2296 2346 
m755 22 36 37 40 46 1122 1136 1137 1140 1146 1886 1890 2036 2037 2040 2046 2322 2336 2337 2340 2346 4396 
m2857 22 23 36 41 46 49 1141 1172 1191 1822 1823 1841 1846 2322 2323 2341 2472 2473 2486 2491 2496 
m3103 14 36 38 46 48 736 746 748 1848 1914 1936 1938 1946 1948 2314 2336 2338 2346 2348 
m503 22 41 1141 
m283 22 36 40 46 49 1146 1822 1840 1846 1849 2036 2046 2049 2322 2340 2472 2496 4846 
m3300 37 41 46 1891 2087 2091 2096 2341 4396 
m673 23 28 38 1178 1188 1928 1938 
m740 32 36 46 2332 2336 2346 4332 4836 
m3365 41 
m2478 8 46 2308 2346 4846 
m2551 12 23 30 36 41 46 49 630 1180 1812 1830 1846 2062 2073 2080 2086 2096 2323 2330 2462 2473 2480 2486 2491 2496 3123 4323 4812 
m1102 22 23 36 40 41 46 1122 1123 1136 1140 1141 1146 1190 1191 1822 1823 1836 1840 1841 1846 2022 2023 2036 2040 2041 2046 2323 2336 2340 2341 3673 3686 4323 4336 
m2158 26 37 41 46 1337 1341 1346 1891 2341 4837 
m3344 22 
m3133 28 37 38 39 46 1878 1928 1937 1938 1939 1946 1978 1987 2328 4396 4496 
m1576 13 33 36 40 48 698 1698 1813 1833 1848 2013 2033 2036 2048 4163 
m1367 23 30 37 46 1180 1880 2323 2330 2337 2346 4373 4823 4837 
m3634 45 46 2296 2345 4846 
m965 22 23 36 1123 1136 3686 
m506 13 36 38 46 49 663 686 688 696 699 1813 1836 1838 1846 1849 1913 1936 1946 1949 2336 2338 2346 2349 2463 2486 2496 3196 4813 
m1526 32 36 38 46 1832 1932 1936 1946 2332 2336 2346 4836 
m1325 22 23 36 41 1122 1123 1136 1141 2073 3686 4586 
m3385 14 36 40 45 736 740 745 1840 2036 2286 2290 4336 
m3357 5 13 30 33 46 655 680 1505 1655 1680 2305 2313 2330 2333 4163 
m1403 32 36 1832 
m1179 36 40 48 49 1836 1840 2036 2436 2440 2449 2486 2490 4336 
m1376 5 46 2305 
m2892 40 46 2046 2346 
m3094 22 26 46 1146 1322 1326 1346 
m857 
m2318 18 
m3214 22 23 30 32 36 40 46 1122 1123 1130 1132 1136 1140 1146 1172 1173 1522 1523 1530 1532 1540 1546 1623 1630 1646 1822 1823 1830 1832 1840 1846 2022 2023 2030 2032 2036 2040 2046 2322 2323 2330 2332 2340 2346 3696 4823 
m2304 
m1742 14 23 30 46 1514 1523 1546 2314 2323 2330 2346 3664 4814 4823 
m1213 26 44 46 1346 2226 2246 2326 2344 2346 
m89 23 38 1923 3673 
m1420 5 13 14 23 33 655 705 713 1155 1163 1164 1183 1655 1664 4163 
m718 22 41 1122 1141 
m3496 14 23 36 40 46 1814 1823 1846 2014 2023 2036 2040 2046 2314 2323 2346 3664 4346 4814 4823 
m115 22 23 30 36 40 1122 1123 1136 1140 1522 1523 1536 1540 1822 1823 1840 2022 2023 2030 2036 2040 4323 4336 
m2947 36 45 46 1845 2336 2345 2346 4836 
m2342 22 36 40 1122 1136 1140 1822 2022 2036 
m2436 36 40 46 49 1849 2036 2040 2046 2049 2336 2346 2349 4336 4836 
m1226 14 32 46 714 732 2314 2332 2346 4814 
m1999 22 40 1140 
m2822 22 23 1122 1123 1172 1173 3673 
m40 12 23 36 41 46 636 1823 2062 2073 2096 2336 3123 4586 4812 4823 
m259 23 45 46 1195 1196 2296 3673 
m280 13 22 33 36 40 1113 1122 1133 1136 1140 1813 1833 1840 2013 2033 4163 
m2149 45 46 2296 2345 4846 
m995 22 44 46 1146 2222 2246 2344 2346 4846 
m936 17 23 46 2317 2323 2346 3667 4817 4823 4846 
m3508 27 45 46 2277 2296 2327 2346 
m3317 8 41 46 49 408 446 449 2058 2096 2308 2341 2346 2349 2458 2496 
m1517 23 30 38 41 46 49 1173 1523 1930 1938 1941 1946 1949 2073 2080 2323 2330 2341 2473 2480 2491 2496 3673 
m1928 22 23 36 40 41 46 49 1123 1136 1141 1191 1836 1841 2022 2023 2036 2041 2322 2323 2336 2340 2341 2349 2472 2473 2486 2490 2491 2499 4323 4336 4836 
m1837 26 46 1326 1346 2326 2346 3826 
m2948 14 40 46 714 746 2014 2040 2046 2314 2340 2346 3246 4814 
m1278 36 40 46 2036 2046 2340 2346 4836 4846 
m349 13 22 33 36 40 1113 1122 1133 1136 1140 1813 1833 1840 2013 2033 4163 
m2975 14 22 27 40 727 1114 1127 2014 2022 2027 
m2621 11 13 22 33 36 40 661 1111 1113 1122 1133 1136 1140 1661 1811 1813 1833 1840 2011 2013 2033 4163 
m33 
m2083 32 36 37 1632 1637 1882 1886 1887 4136 4332 
m1093 37 45 46 1895 2337 2345 2346 
m919 22 37 46 1122 1146 1872 2322 4396 
m3543 22 23 36 41 1122 1123 1136 1141 1173 1186 1823 2073 3673 3686 4323 4586 
m3426 22 23 36 41 45 1122 1123 1136 1141 1145 1173 1186 1195 1845 2073 2095 3673 3686 4323 4586 
m23 22 23 36 40 45 1122 1123 1136 1140 1145 1172 1173 1822 1823 1836 1840 1845 2022 2023 2036 2040 2045 2272 2273 3673 
m3681 22 44 46 1122 1146 2344 2346 4846 
m3700 20 37 46 1870 2320 2337 
m1629 22 45 46 1145 1146 2296 
m2905 3 30 153 180 1503 1530 
m2571 22 37 46 1122 1137 1146 1872 2322 2346 4387 4396 4837 
m2555 22 23 30 38 41 1122 1123 1130 1138 1172 1173 1188 1522 1523 1530 1538 2072 2073 2080 3673 
m941 13 22 33 672 1672 3183 
m247 13 22 38 1113 1913 1922 
m2530 22 23 30 36 40 46 49 1122 1123 1130 1136 1140 1146 1172 1173 1180 1186 1190 1196 1523 1530 1536 1540 1546 1822 1823 1830 1840 1846 2022 2023 2030 2036 2040 2046 2330 2346 2472 2473 2486 2490 3696 4336 4346 4823 
m3600 37 40 45 46 1890 2287 2290 2296 2340 4396 
m163 36 38 1838 1936 1938 
m537 23 38 45 1195 1923 1945 3673 
m1572 14 30 714 730 
m1049 37 41 46 2087 2096 4837 
m709 22 41 1122 1141 2072 
m898 45 49 2295 2299 
m1249 14 45 714 745 2264 2295 
m1100 14 40 46 49 2014 2046 2314 2346 2464 2490 2496 4814 
m483 22 36 40 41 45 46 49 1122 1136 1140 1146 1149 1836 1841 1846 2036 2041 2046 2272 2286 2290 2295 2296 2299 2336 2341 2346 2472 2486 2490 2496 2499 4341 4836 
m2438 36 37 40 46 49 1837 1849 1899 2036 2037 2046 2049 2336 2349 4837 
m2827 13 46 2313 2346 4813 
m725 22 23 30 1122 1123 1130 1172 1173 1180 1522 1523 3673 
m79 14 22 46 722 746 2322 2346 
m1461 37 39 40 46 1890 1987 1990 2037 2039 2046 2340 4396 4496 
m1323 22 37 40 46 1137 1146 2022 2037 2040 2046 2322 2337 2346 4837 
m2931 22 36 41 49 1122 1136 1141 1149 1822 1841 1849 2072 2086 2091 2099 2472 2486 2491 4336 
m543 46 
m3051 13 23 36 1186 1813 3663 
m3048 40 44 46 2044 2046 2344 
m2201 36 
m2627 30 36 40 46 49 1549 1830 1836 1846 1849 2036 2040 2046 2049 2330 2349 2480 2499 
m134 36 40 46 49 1846 1849 2036 2046 2349 
m1207 22 44 46 1146 2344 2346 4846 
m2370 46 2346 
m2638 
m3680 26 46 1346 2346 
m1727 22 23 27 36 40 1122 1123 1127 1136 1140 1190 1372 1373 1386 1390 1823 1840 2023 2040 
m3074 22 37 46 1872 2322 4837 
m670 14 45 745 2264 2295 
m3097 22 23 36 40 41 46 49 1123 1136 1141 1149 1836 1849 2022 2036 2041 2046 2049 2073 2086 2091 2099 2322 2323 2336 2341 2349 2472 2473 2486 2491 4323 4336 4836 
m2415 23 36 40 45 46 49 1190 1195 1836 1840 1845 2036 2045 2323 2336 2340 2345 2473 2486 2495 2496 3686 4323 4336 4836 
m1638 13 22 38 1113 1122 1138 1913 1938 
m524 3 45 195 2295 
m3548 9 17 40 46 49 859 896 2009 2017 2046 2049 2309 2346 2459 2467 2496 3396 
m3616 22 26 33 40 1126 1133 1676 2022 2026 2033 
m3580 13 22 33 36 40 672 686 690 1113 1122 1133 1136 1140 1672 1686 1690 1822 2022 2036 3183 
m1416 30 46 2330 
m3325 5 45 2255 2295 
m1321 13 17 22 672 872 3363 
m3421 15 45 795 
m2841 46 
m3405 36 37 40 46 1840 1886 1890 1896 2036 2037 2040 2046 2336 2340 2346 4346 4837 
m2798 16 45 46 845 2345 4816 
m833 13 37 38 46 1913 1937 1946 2313 2337 4363 
m3342 22 40 46 1122 1140 2322 2340 
m240 45 46 2345 
m2741 22 45 1145 
m1374 23 45 46 1195 2295 2345 2346 4823 
m678 30 45 1530 2280 
m1495 39 45 1995 2289 2295 
m3199 5 36 45 46 286 295 1845 2305 2336 2345 4336 
m1358 22 37 40 46 1137 1146 2022 2037 2046 2337 2346 4837 
m1817 17 38 46 896 1917 1938 1946 2317 2338 2346 3396 4817 4846 
m772 5 32 46 255 282 2305 2332 
m3641 23 36 40 46 49 1836 1840 1846 1849 2023 2036 2040 2046 2049 2323 2336 2473 2486 2490 2496 3686 4323 4336 4836 
m1005 13 23 30 46 696 1163 1173 1180 1196 1513 1523 1530 1546 2313 2323 2330 2346 3196 3663 3696 4823 
m2237 13 22 33 36 40 672 686 690 1113 1122 1133 1136 1140 1672 1686 1690 1822 2022 2036 3183 
m3076 48 2448 
m3332 14 46 714 746 2314 2346 4814 
m1129 22 23 30 1122 1123 1130 1173 1180 1522 1523 1530 
m1168 5 13 33 263 283 3183 
m2535 37 
m1525 14 32 40 46 732 1632 1646 2014 2032 2046 2332 3246 
m1789 22 23 36 40 41 46 1123 1136 1140 1141 1146 1190 1822 1823 1836 1840 1841 2023 2036 2040 2041 2046 2072 2073 2086 2096 2322 2323 2336 2340 2341 2346 3673 3686 4323 4346 4823 
m1415 33 37 4383 
m1983 36 37 40 46 1837 1846 2036 2037 2040 2046 2337 2346 4346 
m1930 33 45 1695 
m2254 22 23 30 36 40 46 1122 1123 1130 1136 1140 1146 1172 1186 1190 1522 1523 1536 1540 1546 1822 2022 2036 2322 2336 2340 2346 4823 
m3387 14 36 40 45 736 740 745 1840 2036 2286 2290 4336 
m1433 22 33 44 49 1133 1144 1694 1699 2494 
m1691 22 36 40 41 46 49 1136 1140 1141 1149 1836 1849 2036 2049 2086 2090 2099 2322 2336 2340 2341 2349 4336 
m2849 46 
m3638 3 32 37 182 187 1882 
m411 30 38 46 1930 1946 2330 
m1366 41 2091 
m828 22 23 31 36 1123 1131 1136 1172 1173 1573 1822 1823 3673 3686 4086 4323 
m817 23 38 45 1188 1195 1945 2288 2295 
m819 18 46 2318 
m2503 
m577 22 32 46 1122 1132 1146 2322 2332 2346 4846 
m618 37 45 1895 
m3143 23 36 40 46 49 1836 1840 1846 1849 2023 2036 2040 2046 2049 2323 2336 2473 2486 2490 2496 3686 4323 4336 4836 
m3389 7 45 2257 
m39 22 30 45 1122 1130 1145 1522 2272 2280 
m13 18 46 918 946 2318 2346 
m2052 13 36 46 49 699 1849 2313 2349 4313 4836 
m723 30 45 46 2280 2295 2296 2330 2346 
m1458 9 14 36 49 709 1809 1814 1836 1849 2459 2464 2486 2499 
m884 38 46 1946 2338 2346 
m2119 14 22 46 722 746 2322 2346 
m2685 22 26 44 46 1146 1322 1344 1346 2326 2344 2346 4846 
m2701 22 30 36 40 46 1136 1140 1522 1536 1540 1840 2036 2040 2322 2330 2336 2340 2346 4836 
m2124 23 38 1173 1188 1923 
m157 7 26 46 1307 1346 2307 2346 
m2632 14 36 40 46 1846 2014 2036 2040 2046 4314 4814 
m3619 32 45 46 1632 1646 2282 2296 2332 
m567 46 
m505 8 45 46 2258 2296 2308 
m1816 36 45 46 1845 2345 4836 
m966 23 30 38 46 1180 1923 1930 1946 2330 2346 4823 
m3670 22 36 40 46 1122 1136 1140 1146 1822 1836 1840 1846 2022 2036 2046 2322 2336 2340 2346 4346 4836 
m3359 27 36 48 49 1386 1398 1399 1827 1848 1849 2486 2498 2499 4336 
m1004 32 36 38 41 46 1641 1646 1936 1941 1946 2332 2336 2341 2346 4136 4586 
m1380 13 33 3183 
m2229 18 36 40 1818 2018 2036 
m2618 16 23 36 1186 1816 3666 
m1952 13 22 33 49 699 1113 1122 1149 1672 1699 4163 
m2282 38 45 46 49 1946 2299 2345 2346 2349 
m433 9 14 709 
m184 14 32 46 732 2314 2332 2346 4814 
m1170 22 46 2322 
m328 22 37 41 46 1137 1141 1146 2087 2096 4837 
m2081 37 45 1887 1895 
m92 12 45 46 645 2312 2345 
m1297 38 46 1938 1946 
m355 26 27 46 1327 1346 2327 2346 
m751 
m2341 12 45 645 2295 
m749 14 36 46 736 746 2336 
m534 27 36 46 48 1827 2327 2336 2436 2446 
m1978 23 26 30 46 1180 1323 1330 1346 1523 1530 2330 4823 
m2850 28 32 36 38 40 46 1628 1632 1636 1640 1646 1828 1832 1836 1932 1936 1940 1946 2028 2032 2036 2040 2046 2328 2332 2336 4136 4332 4836 
m3007 5 13 14 33 655 705 713 1655 1664 4163 
m2949 36 40 46 1836 2036 2046 2336 
m2495 45 
m2459 23 45 1195 2273 2295 
m824 5 13 22 33 36 40 655 1105 1113 1122 1133 1136 1140 1655 1805 1813 1833 1840 2013 2033 3183 
m679 22 36 41 49 1136 1141 1822 1849 2072 2086 2091 2099 2472 2486 4336 
m156 5 13 14 33 263 283 705 713 733 4163 
m2349 22 23 30 1122 1123 1130 1172 1173 1180 1522 1523 1530 3673 
m1612 14 22 38 46 738 1114 1138 2314 2322 2338 2346 4814 
m372 27 49 1399 
m747 45 49 2295 2299 
m3487 22 23 30 46 1122 1123 1130 1146 1180 1523 1530 1546 2330 2346 4823 
m164 37 38 1888 1937 1938 
m3380 13 20 22 32 36 40 46 672 686 690 1013 1022 1032 1036 1040 1122 1136 1140 1613 1622 1636 1640 1822 2022 2036 2313 2320 2322 2332 2336 2340 
m891 32 45 1645 
m1990 13 22 46 1113 2313 2322 
m1405 22 45 1145 
m3458 36 46 49 1849 2336 2346 2349 4836 
m2766 5 36 38 46 286 296 1905 1936 1946 4836 
m3349 
m215 3 45 153 2253 
m3174 45 46 2295 2296 2345 
m1242 23 38 45 1923 2273 2288 
m1431 17 38 46 867 896 1917 1946 
m1541 14 36 40 49 749 1814 1849 2014 2036 
m604 37 38 40 46 1890 1937 1938 1946 2340 4837 
m1439 14 45 46 714 745 746 2345 4814 
m3355 17 32 882 1617 1632 
m3403 23 30 38 46 1173 1180 1188 1523 1530 1538 1923 1930 1938 2323 2330 2338 2346 3673 4823 
m2692 22 36 46 1822 2322 2336 2346 
m2476 38 
m2118 13 38 663 1913 1938 
m3259 22 37 41 46 1122 1137 1141 1146 1891 2341 4837 
m1876 3 22 30 38 172 180 188 1522 1922 1930 1938 
m1870 5 22 44 46 272 294 296 1144 1146 2205 2246 2305 2322 2344 2346 4846 
m3208 23 32 46 1173 1182 1196 1623 1632 1646 2323 2332 2346 4823 
m1276 13 33 663 683 1663 1683 3183 4163 
m2572 22 26 44 46 1146 1346 2344 2346 4846 
m3068 23 38 45 1923 2273 2288 
m1288 30 41 46 2080 2330 2341 2346 
m3164 5 22 46 1105 1146 2305 
m2616 37 38 46 1888 2338 2346 4396 4837 
m1515 26 32 36 46 1332 1336 1346 1832 2332 2336 2346 4836 
m1639 5 14 22 33 36 40 264 272 283 286 290 722 736 740 1122 1136 1140 1672 1686 1690 1822 2022 2036 3233 
m210 36 38 1936 
m300 14 40 46 740 2014 2040 2046 2340 2346 3246 4814 
m2844 45 2295 
m2899 26 33 1676 
m459 14 46 714 746 2314 2346 3246 4814 
m3351 23 36 41 1823 2073 3673 4323 4586 
m3478 23 45 46 1195 2323 2345 2346 
m784 37 41 46 2087 2096 4837 
m1857 6 42 46 346 2146 2842 
m2384 46 
m1457 9 14 22 36 49 709 1109 1114 1136 1149 1809 1814 1836 1849 2459 2464 2486 2499 
m1181 37 45 1895 
m3232 5 36 38 286 1905 1936 
m2875 30 37 40 46 1880 1890 2030 2046 2330 4396 
m3430 5 13 14 33 263 283 705 713 733 3183 
m1865 13 38 46 688 1913 1946 2338 4813 
m2295 22 37 46 1122 1137 1146 2322 2337 2346 4837 
m365 9 36 49 1809 2459 2486 2499 2959 4309 4336 
m3511 26 45 46 1326 1345 1346 2276 2296 2326 
m1150 45 46 2296 
m1757 14 46 746 2346 3246 
m370 45 
m2663 26 32 33 46 1332 1333 1346 1682 2332 4833 
m964 9 36 1809 1836 2959 4309 4336 
m359 21 36 41 1821 2071 4341 
m2528 13 22 38 672 1113 1138 1913 1922 
m1113 32 36 4332 
m106 13 33 45 1695 2263 4163 
m2511 45 
m2207 32 1632 
m641 41 
m1252 13 25 38 46 675 1913 1925 1946 2313 2325 
m2012 28 36 1828 1836 
m2111 30 40 46 49 1540 1546 1549 2030 2040 2046 2330 2340 2346 2349 2490 2496 
m1815 37 46 49 2337 2346 2487 2496 4837 
m1083 45 46 2296 2346 4846 
m2990 45 46 2345 2346 
m481 13 33 45 2263 2283 3183 
m2604 10 36 46 1810 2310 2346 4836 
m3318 23 30 40 1173 1190 1523 1530 1540 2023 2030 2040 3673 
m1833 36 40 45 1845 2036 2045 
m2644 22 44 46 1146 2222 2246 2322 2344 2346 4846 
m2088 33 36 45 46 1686 1695 1845 2333 2345 4836 
m201 14 32 36 46 746 1614 1632 1636 1646 1814 1832 1836 1846 2314 2332 2336 2346 4332 
m804 23 30 38 45 46 1180 1923 1930 1946 2273 2280 2288 2296 2323 2330 2338 2346 4823 
m3428 8 36 46 49 1808 1846 2308 2336 2458 2486 2496 4336 
m2291 14 22 23 46 1114 1123 1146 1196 2314 3664 
m868 14 32 732 1614 1632 
m1081 32 46 1632 1646 2332 
m295 32 49 1632 2482 
m2582 22 23 36 40 46 1122 1123 1136 1140 1146 1172 1186 1190 1196 1822 1836 2022 2036 2040 2046 2322 3686 4346 
m3486 13 33 46 696 2333 3183 
m924 32 1632 
m771 22 44 46 1144 1146 2246 2322 2344 2346 4846 
m211 3 38 45 195 1903 1938 1945 
m2550 22 23 36 40 46 49 1172 1822 1823 1836 1840 1849 2022 2023 2036 2040 2046 2049 2322 2323 2336 2349 2473 2486 3686 4336 4346 4836 
m1410 37 46 49 1887 1899 2337 2346 2349 2487 2496 4396 4837 
m2629 14 21 46 721 746 1096 
m3633 23 30 41 45 1180 1191 1541 2273 2280 2291 
m2094 22 44 46 1144 1146 2246 2344 2346 4846 
m1469 18 45 2268 
m2531 22 44 46 1146 2322 2344 2346 4846 
m619 26 46 49 1346 1349 2346 2496 2499 
m1152 36 1836 
m3008 23 30 36 41 1523 1823 1830 2073 2080 3673 4323 4586 
m2099 13 16 49 699 849 3166 
m3033 14 49 2464 
m1740 10 30 36 46 1510 1536 1546 1810 1846 2310 2346 
m2227 22 44 46 1144 1146 2246 2344 2346 4846 
m1601 12 13 22 36 40 622 636 640 672 686 690 1112 1113 1122 1136 1140 1822 2022 2036 3162 
m2597 45 
m1820 5 30 45 46 280 2255 2280 2296 2305 2330 
m1711 12 36 46 612 636 646 1812 1836 1846 2312 2336 2346 
m908 32 49 1649 
m2695 23 36 40 41 44 1186 1190 1191 1194 1840 1841 2041 2240 2241 4736 
m2842 32 36 38 41 46 1641 1646 1932 1936 1941 1946 2332 2336 2341 2346 4136 4586 
m1706 22 23 30 1122 1123 1130 1172 1173 1180 1522 1523 1530 3673 
m388 22 37 40 46 1137 1140 1146 1890 2022 2037 2040 2046 2322 2337 2340 2346 4396 
m3489 30 32 36 40 46 1630 1640 1646 1830 1840 2030 2330 2332 2336 2340 2346 4136 
m3596 41 45 2291 
m3283 22 45 46 1146 2272 2296 
m2602 37 46 1896 
m504 37 38 39 46 49 1899 1937 1946 1987 1988 1996 1999 2337 2346 2349 4496 4837 
m2750 13 33 36 38 40 688 1688 1813 1833 1838 2013 2033 2036 2038 4163 
m741 23 38 46 1188 1923 1938 1946 2338 2346 3696 4823 
m1562 13 33 36 40 46 690 1813 1833 1840 2033 2313 2333 3183 4836 
m727 8 25 46 49 408 446 449 1258 1296 2349 
m47 23 30 36 40 46 1173 1190 1196 1523 1536 1540 1546 1823 1840 2023 2046 2340 3696 4323 4346 
m2509 5 14 46 705 2305 2314 
m9 11 13 22 45 563 572 595 695 1113 1145 
m1091 12 14 33 46 712 746 2333 3133 3233 4812 
m2696 22 23 30 45 46 1122 1123 1130 1145 1146 1195 1522 1523 1530 1545 1546 2273 2280 2295 2296 2322 2330 2345 2346 3696 4823 
m3689 13 33 49 2463 2483 4163 
m1746 17 22 1117 
m2835 13 33 4163 
m3709 36 40 1836 1840 2036 2040 
m850 33 45 46 1695 2345 4833 
m3372 33 45 46 2283 2296 2333 2346 4833 4846 
m1154 14 714 
m814 22 23 30 1122 1123 1130 1172 1173 1180 1522 1523 1530 3673 
m2839 32 36 38 41 46 1641 1646 1932 1936 1941 1946 2332 2336 2338 2341 2346 4136 4586 
m3479 14 46 714 746 2314 2346 4814 
m701 8 37 408 437 
m1861 22 44 46 1146 2344 2346 4846 
m3090 22 23 30 36 40 41 46 1122 1123 1130 1136 1140 1141 1146 1191 1523 1536 1541 1546 1822 1830 1841 1846 2023 2030 2036 2040 2041 2046 2072 2091 2341 3696 4323 4586 
m591 26 38 45 46 1338 1345 1346 1938 1945 2288 2338 2345 
m1112 22 23 30 36 40 41 1122 1123 1130 1136 1140 1141 1172 1173 1186 1190 1191 1522 1523 1536 1541 1840 1841 2023 2036 2041 2072 2073 2086 2090 2091 3673 3686 4323 4336 4586 
m1556 49 
m15 18 46 2318 2346 
m2075 37 46 4837 
m3169 28 36 38 46 1928 1936 1946 2328 2336 2346 4328 4836 
m2187 22 23 30 41 46 1122 1123 1130 1141 1146 1172 1173 1180 1191 1522 1523 2072 2073 2080 2322 2323 2330 2341 3673 
m3498 45 46 2345 2346 
m496 22 36 41 49 1141 1849 2086 2091 2099 4336 
m1487 32 36 4332 
m2779 14 22 38 44 46 744 746 1114 1138 1144 1146 1914 1938 1944 1946 2344 2346 3246 
m572 22 30 36 40 1136 1140 1522 1536 1540 1822 1830 1836 1840 2022 2030 2036 2040 4336 
m1941 23 45 1195 2273 2295 
m743 36 40 46 49 1836 1840 1846 2036 2040 2046 2049 2336 2346 2349 2486 4346 4836 
m1504 13 22 33 36 49 1113 1133 1136 1149 1813 1833 1849 2463 2483 2486 2499 4163 
m2097 13 46 4813 
m1916 13 22 26 33 36 40 672 686 690 1113 1122 1133 1136 1140 1313 1322 1333 1336 1340 1663 1672 1683 1686 1690 1822 2022 2036 3183 
m2694 22 26 44 46 1146 1322 1344 1346 2326 2344 2346 4846 
m588 37 46 4396 
m2654 32 1632 
m1127 22 37 46 1137 1146 4837 
m2658 46 2346 
m3466 22 36 41 49 1122 1136 1141 1149 1849 2072 2086 2099 4336 
m1855 38 46 1946 
m3290 22 32 36 1622 1822 4136 
m160 22 32 36 40 46 1122 1132 1136 1140 1622 1632 1636 1640 1840 2040 2322 2332 2336 2346 
m1019 23 30 40 41 1180 1190 1523 1530 1540 2023 2030 2040 
m895 16 23 36 40 41 46 836 840 841 1186 1190 1191 1841 2023 2036 2040 2041 2046 2066 2073 2086 2090 2091 2096 2316 2336 2340 2341 3666 4823 
m3118 38 45 46 1945 2288 2295 2296 2338 2345 
m3665 46 
m419 15 38 46 1915 2315 2338 
m3419 33 37 46 1883 1896 4833 
m2911 36 38 49 1849 1936 1949 2486 2488 2499 
m1709 14 45 745 
m1523 32 36 46 1832 2332 2336 2346 4836 
m2927 22 36 37 40 46 1122 1136 1137 1140 1146 1822 1837 1840 1846 1872 2022 2037 2046 2322 2336 2340 2346 4396 4837 
m2642 23 30 46 1173 1180 1196 1523 1530 1546 2323 2330 2346 3696 4823 4846 
m2991 40 45 46 2040 2045 2046 2345 
m3555 36 40 45 46 1840 1845 2036 2040 2045 2340 2345 4836 
m254 22 40 44 46 1140 1144 1146 2022 2040 2044 2046 2222 2240 2246 2322 2340 2344 2346 4846 
m2580 22 36 40 41 1136 1141 2036 2086 2090 
m733 13 22 41 691 1113 1122 1141 
m45 9 36 45 46 486 495 496 1845 2309 2336 2345 2346 
m2357 22 36 46 49 1136 1146 1149 1849 2336 2346 2349 
m1111 22 38 46 1138 1146 1946 
m3134 22 44 46 1146 2344 2346 4846 
m32 38 46 1938 1946 2346 
m2352 13 37 46 1896 2313 4363 
m872 46 2346 
m469 2 45 46 2252 2296 2302 
m3494 13 22 38 1113 1138 1913 
m2787 5 22 1105 1122 
m2492 37 
m145 22 44 46 1146 2246 2344 2346 4846 
m770 5 32 36 46 49 282 286 296 299 1649 1832 1849 2332 2336 2349 2486 4136 4336 
m612 23 30 46 1523 1546 2323 
m2096 13 17 22 45 46 672 872 2263 2267 2295 2296 2313 2317 2322 3363 
m2286 30 36 41 46 49 1536 1541 1841 2080 2086 2091 2096 2099 2330 2336 2341 2346 2349 2480 2486 2491 
m2833 36 49 1849 2486 2499 
m252 22 44 46 1144 1146 2222 2246 2322 2344 2346 4846 
m2324 22 33 38 46 1122 1133 1146 1672 1922 1933 1946 2322 4833 
m2740 5 14 38 45 46 705 745 1905 1914 1945 1946 2255 2305 2345 4814 
m2037 22 44 45 46 1146 2272 2294 2296 2344 2346 4846 
m1184 37 45 46 1895 2345 4837 
m3360 13 36 40 45 686 1813 1840 1845 2013 2036 2045 2263 2286 4336 
m1670 5 45 46 2255 2296 2305 
m1984 22 1122 
m3578 12 26 45 46 645 1312 1345 1346 2345 4812 
m2458 14 32 41 741 1614 1641 
m3098 30 44 45 1545 2230 2245 
m1749 23 30 36 46 1173 1180 1186 1196 1523 1530 1536 1546 1823 1830 1836 1846 2323 2330 2336 2346 3696 4823 4836 
m801 22 44 46 1146 2222 2244 2246 2322 2344 2346 4846 
m758 22 44 46 1146 2222 2244 2246 2322 2344 2346 4846 
m2845 13 14 22 672 722 3213 
m1089 22 32 45 46 1132 1145 1146 2282 2296 2332 
m3683 22 45 46 1145 1146 2345 4846 
m1221 26 32 33 37 1333 1626 1633 1637 1876 1883 
m139 5 36 37 38 45 46 286 295 1845 1855 1886 1895 1936 1937 1938 1946 2305 2336 2337 4336 
m2198 32 36 41 46 1641 1646 2332 2336 2341 2346 4136 4586 
m1214 30 36 40 46 49 1549 1830 1836 1846 1849 2030 2036 2040 2046 2049 2330 2349 2480 2499 
m2982 22 40 46 1140 1146 2046 
m1959 13 22 36 40 672 686 690 1113 1122 1136 1140 1822 2022 2036 
m1092 12 13 33 46 662 696 2333 3133 3183 4812 
m2480 13 22 33 36 40 672 686 690 1113 1122 1133 1136 1140 1672 1686 1690 1822 1840 2022 3183 
m1536 18 23 1168 
m975 14 46 746 
m2180 30 38 45 46 1945 1946 2280 2296 2330 2338 2345 2346 4846 
m2401 22 47 2372 2397 
m563 22 44 45 46 1144 1145 1146 2294 2296 2344 2346 
m2233 23 36 40 1190 1840 3686 4336 
m2032 32 36 38 41 46 1641 1646 1932 1936 1941 1946 2332 2336 2341 2346 4136 4586 
m3211 32 37 1882 
m335 11 45 595 
m327 23 45 1173 1195 2273 2295 
m2379 14 46 49 2314 2346 2464 2496 4814 
m1318 20 45 1045 
m1076 22 36 37 40 41 46 1122 1136 1137 1140 1141 1146 1822 1837 1840 1846 2022 2036 2037 2040 2041 2046 2072 2086 2087 2090 2096 2322 2336 2340 2341 2346 4396 
m2319 5 32 36 1605 1636 1805 
m1369 4 42 45 2254 2292 2742 
m2399 11 13 33 563 583 3183 
m2631 32 38 45 46 49 1638 1646 1938 1946 1949 2282 2288 2296 2299 2332 2338 2346 2349 
m473 22 46 1122 1146 
m3275 26 33 45 1333 1345 1695 
m3438 46 
m1587 14 45 46 745 746 2345 
m3393 32 36 1832 
m251 36 38 46 1936 1946 4836 
m1777 22 26 44 46 1146 1322 1326 1344 1346 2344 2346 4846 
m477 14 45 745 2264 2295 
m288 45 
m2040 45 46 48 2345 2445 2446 
m565 36 40 49 1836 1840 1849 2036 2040 2049 2486 2490 2499 
m1607 22 37 45 46 49 1137 1146 2272 2287 2296 2299 2472 2487 2496 4837 
m118 22 37 40 46 1137 1140 1146 1890 2022 2037 2040 2046 2337 2340 2346 4837 
m3104 10 14 46 710 746 2310 2346 
m739 14 40 740 
m2772 32 36 40 41 46 1641 1646 2036 2041 2046 2332 2336 2341 2346 4136 4586 
m406 11 13 22 38 563 572 588 688 1113 1138 
m1735 13 22 33 1113 1672 4163 
m2 10 30 46 530 2310 2330 
m3356 6 42 2842 
m2673 22 44 46 1146 2344 2346 4846 
m3406 13 22 46 1113 1122 2322 4813 
m2801 22 23 36 41 46 49 1141 1172 1191 1822 1823 1841 1846 2322 2323 2341 2472 2473 2486 2491 2496 
m3261 26 46 50 1326 1346 1350 2350 
m2465 18 45 945 
m1531 14 39 1964 
