m2092 23 24 40 46 1190 1240 1246 2023 2024 2040 2046 2323 2324 2340 2346 3696 3723 
m1546 22 46 1122 1146 2322 2346 4846 
m1724 30 38 46 1930 1938 1946 2330 2338 2346 4846 
m2093 14 32 49 732 2464 
m3431 26 39 46 1326 1339 1346 1976 2326 4496 
m980 23 45 1173 2273 3673 
m2713 12 14 22 45 46 49 645 712 745 1112 1114 1146 2314 2345 2346 2462 2464 2472 2496 3146 3246 4812 
m1792 22 38 46 49 1122 1138 1146 1149 1922 1938 1946 1949 2322 2346 2349 
m677 22 32 46 49 1122 1132 1146 1622 1646 1649 2322 2332 2346 2349 2472 2482 2496 4846 
m1660 32 46 2332 
m2500 23 31 46 49 1196 1573 1596 2346 2473 2481 2496 2499 
m1728 22 36 40 1122 1136 1140 2036 
m2131 22 46 1122 1146 2346 
m2202 22 44 46 1146 2344 2346 4846 
m413 23 30 33 46 1180 1523 1530 1533 1546 1680 2330 2333 4173 4823 
m1391 23 30 36 49 1180 1199 1549 1823 1830 1849 2473 2480 2486 
m1303 22 23 30 36 40 41 1122 1123 1130 1136 1140 1173 1522 1523 1536 1822 1823 1830 1836 2022 2023 2030 2036 2072 2073 2080 2086 2090 2091 3673 4323 4586 
m1096 46 2346 
m1568 22 23 30 36 40 41 1122 1123 1130 1136 1140 1141 1173 1522 1523 1536 1822 1823 1830 1836 2022 2023 2030 2036 2072 2073 2080 2086 2090 2091 3673 4323 4586 
m2745 38 46 49 1938 1946 1949 2349 
m2815 12 14 40 46 712 2012 2014 2046 2314 2346 3146 3246 4812 
m1228 22 23 32 36 40 46 49 1122 1123 1132 1136 1140 1146 1149 1172 1173 1182 1186 1190 1196 1199 1622 1623 1632 1636 1640 1646 1822 1823 1832 1836 1840 1846 1849 2022 2023 2032 2036 2046 2049 2322 2323 2332 2336 2346 2349 2472 2473 2482 2486 2490 2496 3673 3686 3696 4323 4346 
m1553 36 41 2086 
m3637 22 23 36 40 41 1172 1186 1190 1191 1822 1836 1840 1841 2022 2023 2036 2040 2041 2072 2073 2086 2090 2091 3686 4323 4336 4586 
m2821 30 36 38 1530 1538 1838 1930 1936 1938 4036 4330 
m1672 6 14 36 49 706 714 736 749 1806 2456 2486 
m1003 36 38 46 49 1849 1936 1946 1949 2336 2338 2346 2349 2486 2496 
m1610 
m1180 30 45 46 49 2280 2296 2299 2330 2480 2496 
m2296 22 37 40 46 1137 1146 2022 2037 2046 2337 2346 4837 
m1759 22 32 38 46 1146 1922 1932 1938 1946 2332 2346 
m1867 32 33 36 1632 1633 1636 1683 1686 1833 1836 4136 4186 4333 4336 
m2992 22 23 36 41 1123 1822 1823 2072 2073 3673 4323 4586 
m682 46 2346 
m403 5 14 22 23 32 36 37 41 264 282 286 722 737 741 1122 1123 1137 1141 1155 1182 1186 1614 1637 1814 1837 1872 1882 1886 1887 1891 2087 3664 4136 4332 
m1124 36 46 2336 2346 4836 4846 
m1931 37 
m343 23 30 33 46 1180 1523 1530 1533 1546 1680 2323 2330 2333 2346 4173 4823 
m600 23 35 46 1773 2335 2346 4823 
m1565 14 37 40 46 737 740 746 2037 2046 4837 
m3288 13 38 1913 1938 
m3218 22 36 40 41 46 1136 1141 1146 2022 2036 2041 2046 2086 2096 2336 
m2601 14 46 714 746 2314 2346 4814 
m2832 3 22 23 36 40 41 46 172 186 190 196 1122 1136 1140 1146 1191 1822 1823 1836 1840 1841 1846 2022 2023 2036 2040 2041 2046 2323 2336 2341 2346 3686 4336 4341 4346 4823 
m2536 36 40 41 46 1840 2036 2040 2041 2046 2086 2096 2336 2340 2346 4346 4846 
m1256 32 36 37 46 1646 1882 1896 4136 4346 4386 
m2564 23 36 37 40 41 1173 1186 1187 1190 1823 1873 1886 1890 2023 2036 2073 2086 2087 3673 4323 
m1162 22 26 44 46 1122 1126 1144 1146 1322 1344 1346 2222 2246 2322 2326 2344 2346 4846 
m185 22 23 36 40 41 1122 1123 1136 1140 1141 1172 1173 1822 1823 1836 1840 1841 2022 2023 2036 2040 2041 2072 2073 3673 4586 
m1577 22 23 36 41 1122 1123 1172 1173 1822 1823 1841 2072 2073 2091 3673 4586 
m429 23 30 38 1180 1188 1523 1530 1538 1938 
m3350 23 24 40 46 1190 1240 1246 2023 2024 2040 2046 2323 2324 2340 3696 3723 
m114 22 23 30 36 40 41 46 1122 1123 1130 1136 1140 1141 1146 1191 1523 1536 1541 1546 1841 1846 2023 2030 2036 2040 2041 2046 2072 2073 2091 2341 3696 4323 
m3066 14 23 34 36 40 46 734 1184 1734 1814 1823 1834 1840 1846 2014 2023 2034 2036 2040 2046 2314 2323 2334 2346 3664 4346 4814 4823 
m2979 23 30 36 41 1523 1823 1830 2073 2080 3673 4323 4586 
m3662 21 36 40 46 1090 1096 1840 1846 2321 2336 2340 2346 4321 
m1147 13 22 32 36 37 40 672 686 690 1113 1122 1136 1137 1140 1613 1622 1636 1637 1822 1872 1886 1890 2022 2036 3187 
m584 12 13 22 36 40 622 636 640 672 686 690 1112 1113 1122 1136 1140 1822 2022 2036 3162 
m256 22 30 36 40 1130 1136 1140 1522 1530 1536 1540 1822 1830 1836 1840 2030 2036 2040 4336 
m2350 11 32 561 582 
m7 14 38 40 46 49 1914 1938 1940 1946 1949 2014 2046 2049 2346 2464 2496 4814 
m519 14 36 41 46 714 736 741 1836 1841 2091 2314 2336 2341 3236 4314 4586 4814 
m2651 22 23 30 36 40 41 1122 1123 1130 1136 1140 1173 1522 1523 1536 1822 1823 1830 1836 2022 2023 2030 2036 2072 2073 2080 2086 2090 3673 4323 4586 
m1178 36 38 1836 1936 1938 
m1768 23 30 40 1180 1523 1530 2023 2030 
m1425 22 23 45 1172 1173 2272 2273 3673 
m1633 22 30 36 40 41 1136 1141 1536 1540 1541 1822 1836 1840 1841 2022 2036 2040 2041 2086 4336 4586 
m3564 23 30 1523 
m2853 22 23 36 38 40 41 46 1136 1138 1140 1146 1923 1936 1940 1946 2022 2023 2036 2038 2046 2072 2090 2323 4323 4836 
m1634 5 12 41 45 46 296 2055 2062 2096 2255 2291 2296 2341 2345 4812 
m3093 26 39 41 1339 1341 1991 2091 
m2087 14 32 36 49 714 732 736 749 1636 1649 1849 2482 2486 2499 
m2079 32 36 38 46 49 1632 1636 1649 1849 1932 1936 1946 2332 2336 2349 
m3407 38 45 46 49 1938 1946 1949 2288 2296 2299 2349 
m1028 22 36 40 45 1122 1136 1140 1145 1836 1840 1845 2036 2040 2045 2286 2290 
m2866 36 40 46 1846 2036 2040 2046 
m3682 14 36 40 46 1814 1840 1846 2014 2036 2040 2046 2314 2346 4346 4814 4846 
m1312 23 36 41 45 1186 1191 2273 2286 2291 3673 3686 4586 
m711 5 13 38 46 263 296 1905 1913 1938 1946 2305 2313 2346 4813 
m3495 6 14 32 314 332 732 
m2756 22 32 38 46 1132 1146 1632 1646 1922 1932 1938 1946 2332 
m1588 15 22 27 38 46 777 1115 1127 1146 1915 1922 1938 1946 2315 2327 2346 
m707 14 23 30 46 1514 1523 1546 2314 2323 2330 2346 3664 4814 4823 
m2722 30 44 45 2230 2245 2280 
m121 32 38 46 1632 1646 1932 1938 1946 2332 
m1848 22 46 49 1146 1149 2349 2472 2496 
m452 22 38 46 1138 1146 1922 1938 1946 
m1116 14 22 45 46 722 745 746 1146 2272 2296 2346 3246 
m1936 22 30 38 39 46 1130 1138 1139 1146 1930 1938 1939 1946 1980 2330 2339 2346 4839 
m1442 22 23 30 1122 1123 1130 1522 1523 
m525 22 23 46 49 1122 1123 1146 1149 1199 2323 2346 2349 
m2733 5 37 46 287 1855 2305 2337 
m126 13 22 44 46 694 1113 1146 2313 2344 
m2665 12 14 46 712 2314 2346 3146 3246 4812 
m2965 22 30 32 36 40 41 46 49 1122 1130 1132 1136 1140 1141 1146 1522 1532 1536 1546 1622 1646 1822 1830 1832 1836 1840 1846 1849 2022 2030 2032 2036 2040 2046 2049 2072 2090 2096 2322 2472 2480 2482 2486 2490 2496 4346 4846 
m2033 22 23 36 40 1123 1136 1140 1173 1186 1190 1823 1840 2023 2036 3673 4323 4336 
m44 22 26 33 36 49 1322 1333 1349 1672 1822 1826 1833 1849 2472 2483 
m3254 13 17 45 46 49 2263 2267 2295 2296 2313 2317 2349 2463 2467 3363 
m2161 23 30 40 1180 1190 1523 1530 1540 2023 2030 
m2783 33 36 38 46 49 1683 1686 1688 1696 1699 1833 1846 1933 1936 1946 1949 2333 2336 2338 2346 2349 2483 2486 2496 4833 
m1046 36 40 46 49 1840 1846 1849 2036 2040 2046 2049 2340 2346 2486 2490 2496 4336 4346 4846 
m1187 17 46 2317 2346 3396 4817 
m2323 14 23 38 46 1164 1196 1914 1923 1946 4814 
m3503 22 32 46 1122 1132 1146 1622 1632 1646 2322 2332 2346 4846 
m136 5 45 46 2255 2296 2305 2346 
m1123 22 23 46 1123 1146 1172 1173 2322 2323 3673 4823 
m664 22 23 30 36 37 40 46 49 1123 1130 1136 1137 1140 1146 1149 1180 1523 1530 1546 1822 1823 1830 1836 1837 1840 1846 1849 1872 1873 1880 1886 1890 1896 2022 2023 2030 2036 2037 2040 2046 2330 2346 2472 2473 2480 2486 2487 2490 2496 4396 4823 
m3523 36 46 2336 2346 4836 4846 
m1882 8 46 49 408 446 449 2349 
m1375 
m2729 6 14 32 36 49 706 714 732 736 749 1606 1636 1806 2456 2482 2486 
m930 21 23 36 40 46 1171 1821 1823 1846 2021 2023 2036 2040 2046 2321 2323 2346 4346 4823 
m2599 32 46 2332 
m2068 13 46 2313 
m608 22 36 40 41 1136 1141 1836 1840 2036 2086 2090 4586 
m2628 14 22 38 46 738 1114 1146 2338 3246 
m2248 12 15 30 46 1512 1515 1546 2312 3262 4815 
m1477 
m1845 22 23 24 38 40 46 1123 1146 1190 1222 1240 1246 1923 1924 1938 1940 1946 2022 2023 2024 2040 2046 2340 3696 3723 
m1029 22 38 46 1138 1146 1938 1946 2338 
m1944 36 46 2336 
m1894 22 33 41 1122 1141 1672 1683 1691 
m1786 22 41 1122 1141 
m2993 22 23 36 41 1123 1136 1823 2072 2073 3673 4323 4586 
m3126 5 23 30 36 46 255 273 280 286 296 1180 1505 1523 1530 1536 1546 1830 1846 2330 4323 4823 
m2985 22 38 46 49 1146 1946 1949 2322 2346 2349 2472 2496 4846 
m2215 22 40 44 46 1146 2022 2044 2046 2344 2346 4846 
m2524 14 38 46 49 746 1914 1946 1949 2464 2496 
m235 22 23 36 40 1123 1136 1173 1186 1190 1836 1840 2036 3673 3686 
m2635 23 36 40 41 1186 1190 1191 1836 1840 1841 2023 2036 2040 2041 2073 2086 2090 2091 3686 4323 4336 4586 
m2575 13 36 38 40 1813 1913 1936 1940 2013 2036 
m1156 30 36 38 40 46 1830 1930 1936 1940 1946 2030 2036 2046 2330 2336 2340 2346 4836 
m3694 13 22 36 37 40 672 686 690 1113 1122 1136 1137 1140 1822 1872 1886 1890 2022 2036 3187 
m2529 22 1122 
m1910 38 41 1938 1941 2088 2091 
m1747 41 46 2091 2096 2341 
m1769 5 37 46 255 1855 1887 1896 2305 2337 2346 4837 
m2999 12 14 46 712 746 2312 2346 3246 4812 
m2725 23 30 36 39 40 41 1173 1186 1190 1191 1523 1539 1541 1823 1973 1986 1991 2023 2036 2073 2086 2090 2091 3673 4323 4336 4586 
m168 22 
m217 11 13 46 563 2311 2313 
m2714 33 46 49 1696 1699 2349 
m175 22 32 46 1122 1132 1146 1632 2322 2332 2346 
m2746 30 38 41 46 1930 1941 1946 2080 2096 2330 2341 2346 
m1 22 23 41 46 1123 1141 1146 1173 2073 2323 2341 2346 3673 4823 
m2785 22 36 40 41 1136 1140 1141 1836 1841 2036 2041 2086 2090 2091 4586 
m1805 12 13 22 49 649 699 1112 1113 1149 3162 
m3469 5 22 36 38 46 49 286 296 299 1136 1138 1146 1149 1836 1846 1849 1905 1936 1938 1946 1949 2346 2349 2455 2486 2496 2499 4836 
m224 22 26 44 46 1146 1322 1344 1346 2344 2346 4846 
m925 22 24 1124 
m27 14 23 36 40 46 49 749 1814 1823 1846 1849 2014 2023 2036 2046 2314 2323 2336 2346 2349 2473 3223 4814 4823 
m3640 14 44 46 49 744 746 2344 2464 2494 2496 
m298 22 23 30 36 40 45 46 1122 1123 1130 1136 1140 1145 1146 1172 1173 1180 1186 1190 1196 1522 1523 1530 1536 1540 1545 1546 1822 1823 1830 1845 2022 2023 2030 2036 2046 2272 2273 2280 2286 2290 2296 2322 2323 2330 2336 2340 2345 2346 3696 4346 4823 
m1933 36 49 1836 1849 2486 2499 
m3203 14 45 46 49 2264 2296 2299 2314 2346 2464 2496 4814 
m2717 27 38 46 1927 1946 2327 
m2297 5 32 1605 
m2355 23 36 41 1823 2073 3673 4323 4586 
m484 36 45 1845 
m2435 22 38 46 1138 1146 1938 1946 
m5 32 36 38 41 46 1638 1646 1838 1846 2082 2096 2332 2336 2338 2341 2346 4332 4586 
m764 30 36 46 49 1536 1549 1849 2330 2336 2346 2349 
m3209 5 45 295 
m2451 5 36 38 46 49 286 296 299 1836 1846 1849 1905 1936 1938 1946 1949 2346 2349 2455 2486 2496 2499 4836 
m3624 22 23 36 38 40 41 1122 1123 1136 1140 1172 1822 1823 1836 1840 1922 1923 1936 1941 2023 2036 2072 2073 2086 2088 2090 2091 3673 4323 4586 
m263 12 13 22 36 40 622 636 640 672 686 690 1112 1113 1122 1136 1140 1822 2022 2036 3162 
m3604 14 36 40 46 49 714 736 740 746 749 1814 1836 1840 1846 1849 2014 2036 2046 2049 2314 2336 2346 2349 2464 2486 2490 2496 3246 4814 
m952 13 22 33 36 38 40 1113 1122 1133 1136 1138 1140 1813 1833 1838 1840 1913 1933 2013 2033 2038 4163 
m3593 36 40 41 1836 1840 1841 2036 2086 2090 2091 4586 
m468 28 36 38 1438 1838 1928 1936 4328 
m1082 22 26 46 1122 1126 1146 1326 1346 2346 
m3160 46 2346 
m1371 14 23 30 46 730 1180 2314 2323 2330 2346 3223 4814 4823 
m2137 38 46 1938 1946 2338 2346 
m208 14 40 46 2014 2040 2046 2314 2346 4814 4846 
m568 22 23 41 46 1123 1141 1146 1173 1191 1196 2073 2323 2341 3673 4823 
m49 38 46 1938 1946 
m1507 22 36 41 1122 1136 1141 1841 2072 2086 2091 4586 
m3295 13 38 1913 1938 
m2381 45 46 2296 2346 
m2888 33 38 46 1688 1933 1938 1946 2338 4196 
m1995 27 32 1382 
m887 22 23 30 46 49 1122 1123 1130 1146 1149 1172 1173 1180 1199 1522 1523 1530 1549 2322 2323 2330 2349 2472 2473 2480 3673 4823 
m3267 22 23 36 40 41 1122 1123 1136 1140 1141 1172 1173 1822 1823 1836 1840 1841 2022 2023 2036 2040 2041 2072 2073 3673 4586 
m827 37 46 1896 2346 4837 
m2260 5 14 22 23 30 41 46 49 273 280 291 705 723 730 741 1123 1130 1172 1173 1180 1522 1523 1530 1541 2072 2073 2080 2305 2323 2330 2341 2346 2464 2496 2499 3673 4814 
m1614 22 30 36 1522 1536 1822 
m2123 33 45 1695 
m2173 
m2560 22 30 40 46 1130 1146 2022 2030 2046 2322 2330 2346 
m3227 22 23 30 36 40 46 1122 1123 1130 1136 1140 1146 1172 1173 1180 1186 1190 1522 1523 1530 1536 1540 1546 1823 1840 2022 2023 2030 2036 2040 2046 2322 2323 2330 2336 2340 2346 3696 4823 
m2904 46 49 2346 2349 2496 
m1813 46 2346 
m2396 14 34 36 40 46 1714 1734 1736 1740 1746 1814 1836 1840 1846 2014 2036 2040 2046 2314 2346 4346 4814 4846 
m1109 46 2346 4846 
m2576 36 40 46 49 1836 1840 1846 1849 2036 2040 2046 2049 2336 2340 2346 2349 2486 2490 2496 4346 
m3049 37 38 46 1888 2338 4396 
m667 14 36 46 714 736 1836 2314 2336 2346 3236 4814 4836 
m3427 14 36 46 49 736 746 749 1849 2336 2346 2349 4814 4836 
m1715 22 33 46 1133 1146 1672 1683 1696 2322 2333 2346 4833 
m2668 30 38 41 46 1930 1941 1946 2080 2330 2338 2341 2346 
m2482 22 23 30 46 1123 1130 1146 1180 1523 1530 1546 2322 2323 2330 2346 4823 
m879 22 23 36 40 41 1123 1141 1173 1186 1190 1823 1836 2023 2036 2040 2072 2073 2086 2090 2091 3686 4323 
m2863 16 23 38 40 46 49 1923 1940 1946 2016 2023 2046 2316 2323 2346 2349 2466 2473 3666 4823 
m1120 22 23 30 36 41 1122 1123 1130 1136 1141 1172 1173 1180 1523 1822 1823 2072 2073 3673 4586 
m844 30 36 46 49 1536 1549 1849 2330 2336 2346 2349 
m2050 14 46 49 2314 2346 2464 2496 4814 4846 
m3100 13 30 36 46 1513 1536 1546 2313 2330 2336 2346 4313 4813 4836 
m3258 13 22 37 672 1872 4363 
m3269 14 22 36 41 46 714 722 736 741 1822 1836 1841 2072 2314 2322 2336 2341 3236 4314 4586 4814 
m2510 22 23 30 36 40 46 1122 1123 1130 1136 1140 1146 1180 1522 1523 1530 1536 1540 1546 1822 1823 1830 1836 1840 1846 2022 2023 2030 2036 2040 2046 2322 2323 2330 2340 4823 4846 
m2823 30 36 38 1530 1536 1538 1830 1836 1838 1930 1936 1938 4036 4330 
m1825 32 46 2332 
m538 23 36 40 41 1173 1823 1836 1840 2023 2036 2040 2073 2086 2090 3686 4323 
m3274 33 37 46 49 1883 1896 2333 2346 2483 2487 2496 4833 4837 
m1528 26 32 36 38 46 1332 1336 1346 1832 1926 1932 1936 1946 2332 2336 2346 4836 
m745 8 13 32 33 46 49 408 413 432 433 446 449 682 1682 2313 2332 2333 2463 2482 2483 2496 4163 
m2403 22 23 30 36 40 46 1122 1123 1130 1136 1140 1146 1180 1522 1523 1530 1536 1540 1546 1822 1823 1830 1836 1840 1846 2022 2023 2030 2036 2040 2046 2322 2323 2330 2340 4823 4846 
m3477 15 22 32 46 782 1115 1122 1132 1146 1615 1622 1632 1646 2315 2322 2332 2346 4815 
m593 26 27 46 1327 1346 1377 2327 
m111 22 36 41 46 1136 1146 1846 2072 2096 2322 2336 2341 2346 4586 4836 
m515 22 1122 
m2303 37 40 46 1890 2037 2040 2046 2337 2340 2346 4396 
m851 38 40 41 46 1940 1941 1946 2090 2340 2341 
m578 44 46 2344 2346 
m1101 23 45 1195 
m1144 15 38 46 1915 1938 1946 2315 2338 
m3501 46 49 2346 2349 
m2011 45 46 2296 2346 
m2502 13 30 680 1530 
m248 5 13 33 46 263 283 2305 2313 2333 4163 
m213 22 36 46 49 1149 1822 1836 1846 1849 2322 2349 2472 2486 2499 4836 
m2447 38 46 1946 2346 
m3085 22 23 30 36 40 41 46 1122 1123 1130 1136 1140 1141 1146 1191 1523 1536 1541 1546 1841 1846 2023 2030 2036 2040 2041 2046 2072 2341 3696 4323 
m1163 22 37 46 49 1872 2322 2346 2487 2496 4396 4837 
m1960 12 14 46 712 2314 2346 3146 3246 4812 
m2721 22 37 46 1122 1137 1146 1896 2346 4837 
m3226 13 38 1913 1938 
m3039 5 13 33 38 263 283 288 655 663 1655 1663 1905 1913 1933 1938 4163 
m3111 22 23 36 46 1122 1123 1136 1146 1173 1822 1823 1846 2323 3673 4823 
m2078 46 2346 
m1438 22 30 46 1122 1130 1146 2322 2330 2346 
m839 13 38 46 688 1913 1938 1946 2313 2338 2346 3196 
m431 22 36 40 46 49 1136 1146 1149 1836 1840 1846 1849 2022 2036 2040 2046 2049 2336 2340 2346 2349 2472 2486 2490 2496 4346 
m1061 26 30 36 44 46 1330 1336 1344 1346 1830 2230 2330 2336 2344 2346 4736 
m2385 23 40 2023 3673 
m1989 11 13 14 37 563 564 587 737 1863 1864 3213 4363 4387 
m1850 36 41 1836 1841 2086 2091 4586 
m3354 22 36 40 46 48 1136 1140 1146 1822 1836 1840 1846 2022 2036 2040 2046 2048 2322 2336 2340 2346 2348 2422 2436 2440 2446 4346 4836 
m1702 26 37 46 1337 1346 1896 2346 
m2533 22 46 1122 1146 2322 2346 
m2856 22 23 30 36 40 46 1122 1123 1130 1136 1140 1146 1172 1173 1180 1186 1190 1522 1523 1530 1536 1540 1546 1823 1840 2023 2036 2040 2322 2323 2330 2336 2340 2346 3696 4823 
m652 22 44 45 46 1146 2272 2294 2296 2344 2346 4846 
m3182 22 23 30 36 41 1122 1123 1130 1136 1172 1173 1522 1523 1822 1823 1830 2072 2073 2080 3673 4586 
m1623 14 23 38 46 49 1196 1914 1923 1946 1949 2464 2473 2496 3664 4814 
m342 14 30 36 38 46 1514 1530 1536 1538 1814 1830 1836 1838 1914 1938 1946 2314 2330 2336 2346 4036 4330 
m510 31 36 38 46 1588 1838 2331 2338 4331 4836 
m929 12 45 46 645 2345 4812 
m1854 14 22 25 46 725 1114 1125 1146 2325 3246 
m1186 45 
m1295 3 30 33 41 46 180 196 1653 1680 2053 2080 2083 2096 2330 4196 
m1330 22 30 36 1130 1822 1830 
m3607 46 2346 
m2333 5 13 22 26 33 46 263 283 672 1305 1313 1322 1333 1346 1672 2305 2313 2322 2333 4163 
m3171 26 46 1346 2346 
m78 13 33 40 690 1690 4163 
m901 22 23 36 39 41 1123 1136 1972 1973 1986 1991 2072 2073 3673 4323 4586 
m1864 23 
m581 23 30 36 40 46 1180 1823 1830 1836 1846 2023 2030 2036 2040 2046 2323 2330 2336 2346 4323 4346 4823 4836 
m594 22 23 36 40 1122 1123 1136 1140 1173 1822 1823 1840 2022 2023 3673 
m2345 22 23 30 40 46 1122 1123 1130 1140 1146 1180 1196 1523 1530 1546 2022 2023 2030 2046 2330 3673 4823 
m2027 12 22 36 38 40 46 612 636 1112 1122 1136 1138 1140 1146 1812 1836 1840 1846 1912 1922 1936 1938 1940 1946 2012 2022 2036 2038 2046 2312 2336 2346 3146 4812 4836 
m2320 5 37 46 1855 2305 2337 2346 
m1165 22 30 46 1522 1546 2322 4846 
m2659 22 23 30 38 46 1123 1130 1146 1180 1523 1530 1546 1922 1923 1930 1938 1946 2330 4823 
m683 46 2346 
m2302 13 22 36 38 40 1113 1122 1136 1138 1140 1813 1840 1913 1936 1940 2013 
m2743 6 14 23 32 36 706 723 732 736 1156 1182 1606 1636 1806 3686 
m3379 46 
m3046 22 23 36 40 46 49 1123 1136 1140 1146 1149 1190 1822 1840 2023 2036 2040 2046 2049 2322 2336 2340 2346 2472 2473 2486 2496 3696 4323 4346 4823 
m287 22 38 1122 1922 
m1646 
m46 36 46 2336 2346 4836 
m1108 14 36 38 40 738 1838 2014 2036 2038 2040 4314 
m1650 16 22 23 46 822 846 1122 1146 1172 2322 3323 3696 
m2895 45 2295 
m551 16 46 816 846 2346 3346 
m1684 36 38 40 46 1840 1846 1936 1940 1946 2036 2046 2340 
m30 26 32 36 41 46 49 1332 1336 1341 1346 1349 1641 1646 2332 2336 2341 2346 2482 2486 2491 2496 4136 4586 
m2455 14 32 38 40 41 46 738 740 741 746 1614 1638 1640 1641 1646 1941 1946 2090 2340 2341 
m773 22 23 30 1122 1123 1130 1180 1522 1523 1530 
m151 12 22 36 40 46 49 636 1112 1136 1146 1149 1812 1836 1846 2022 2036 2040 2046 2312 2336 2346 2349 2462 2486 2496 3136 4336 4812 4836 
m1585 22 23 30 1122 1123 1130 1172 1173 1180 1522 1523 1530 3673 
m3628 22 23 36 38 41 1122 1123 1136 1141 1172 1822 1823 1922 1923 1936 1941 2072 2073 2086 2088 2091 3673 4323 4586 
m2448 22 23 36 41 1122 1123 1172 1173 1822 1823 2072 2073 3673 4586 
m2086 22 23 36 40 41 1123 1136 1140 1141 1173 1186 1190 1823 1836 2023 2036 2040 2072 2073 2086 2090 2091 3686 4323 
m728 36 40 46 49 1836 1840 1846 1849 2036 2040 2046 2336 2340 2346 2349 2486 2490 2496 4336 4346 4836 
m3116 22 23 30 36 40 41 46 1122 1123 1130 1136 1140 1141 1146 1180 1522 1523 1530 1536 1540 1546 1822 1823 1830 1836 1840 1846 2022 2023 2030 2036 2040 2046 2072 2086 2090 2091 2322 2323 2330 2340 4823 4846 
m3642 21 36 38 45 1095 1845 1921 1936 1945 3586 
m268 22 23 30 36 40 41 46 49 1122 1123 1130 1136 1140 1141 1146 1172 1173 1180 1186 1190 1196 1523 1530 1536 1540 1546 1822 1823 1830 1836 1840 1841 1846 1849 2022 2023 2030 2036 2040 2041 2046 2049 2072 2073 2080 2086 2090 2096 2330 2346 2472 2473 2486 2490 2491 3696 4336 4346 4823 
m3677 14 22 32 36 40 45 46 714 722 732 736 740 746 1114 1145 1146 1614 1622 1632 1640 1646 1814 1822 1840 2014 2022 2040 2045 2046 2264 2286 2314 2322 2332 2336 2345 2346 3246 4332 4346 
m632 22 23 30 36 38 40 41 46 1122 1123 1130 1136 1140 1146 1172 1173 1180 1186 1190 1522 1523 1530 1536 1540 1546 1823 1840 1922 1923 1930 1938 1941 1946 2023 2030 2036 2038 2040 2041 2046 2072 2073 2080 2086 2096 2322 2330 2336 2340 2346 3696 4823 
m2682 32 36 38 46 1832 1932 1936 1938 1946 2332 2336 2346 4836 
m3248 36 48 49 1848 1849 2486 2498 2499 4336 
m2998 23 30 36 41 1180 1186 1830 2073 2080 3673 3686 4323 4586 
m3086 5 32 36 38 46 49 282 286 288 296 1632 1638 1646 1838 1846 1932 1936 1938 1946 2332 2338 2346 2455 2482 2486 2488 2496 4136 4332 4836 
m2593 22 38 45 46 1122 1138 1145 1146 1938 1945 1946 2296 2346 
m36 22 32 36 40 46 49 1136 1140 1146 1149 1640 1646 1832 1836 1840 1846 2032 2036 2040 2046 2049 2332 2336 2340 2346 2349 2486 2490 2496 4136 4346 
m2101 14 36 40 46 740 1814 1840 2014 2036 2040 2046 2336 2340 2346 3246 4346 4814 
m938 14 37 46 2314 2337 2346 4364 4814 
m2753 22 23 36 49 1123 1136 1149 1173 1186 2473 2486 3673 4323 
m194 22 23 36 40 41 1122 1123 1136 1140 1141 1172 1173 1822 1823 1836 1840 1841 2022 2023 2036 2040 2041 2072 2073 3673 4586 
m1596 22 23 36 40 46 1122 1123 1136 1146 1172 1822 1823 1836 2022 2023 2036 2040 2046 2322 2323 4323 4346 4836 
m3563 22 38 46 1122 1138 1146 1922 1938 1946 2322 2338 2346 
m2512 22 23 36 40 1122 1123 1136 1140 1173 1186 1190 1823 1836 2022 2023 2036 2040 3686 4323 
m1045 22 36 40 46 1822 1840 1846 2022 2036 2040 2046 2322 2336 2340 2346 4336 4346 4836 
m1699 23 36 40 46 49 1836 1849 2036 2046 2323 2336 2349 2473 2486 4323 4336 4836 
m68 14 46 47 747 2346 2347 4814 
m1902 23 36 1186 1836 3686 
m3377 20 48 2420 
m2968 14 30 40 46 1514 1546 2014 2030 2040 2046 2314 2346 4814 
m3588 32 36 40 46 1832 2032 2036 2332 2336 2340 2346 4136 4336 4836 
m3565 22 23 30 36 40 46 1122 1123 1130 1136 1140 1146 1180 1522 1523 1530 1536 1540 1546 1822 1823 1830 1836 1840 1846 2022 2023 2030 2036 2040 2046 2322 2323 2330 2340 4823 4846 
m1808 12 14 46 712 2312 2314 2346 3146 3246 4812 
m1032 14 16 23 46 716 723 746 2316 3323 4823 
m2626 14 46 2346 3246 4814 
m2276 38 46 1938 1946 2346 
m2662 22 40 46 1122 1140 1146 2022 2040 2046 2322 
m3040 5 14 36 46 49 264 286 296 299 746 749 1849 2349 2486 2499 3236 4836 
m977 23 30 38 46 1180 1523 1530 1538 1546 1923 1930 1938 1946 2330 4823 
m1604 22 46 1146 2346 
m3163 22 37 40 46 1137 1146 2022 2037 2040 2046 2337 2346 4837 
m1538 22 23 30 46 1122 1123 1130 1146 1180 1523 1530 1546 2330 4823 
m3432 37 38 46 1937 1946 2337 
m1301 5 36 38 46 49 286 296 299 1905 1936 1946 2346 2349 2486 4836 
m896 16 23 36 40 41 46 836 840 841 1186 1190 1191 1841 2023 2036 2041 2046 2066 2073 2086 2090 2091 2096 2316 2336 2340 2341 3666 4823 
m571 12 14 40 46 712 2012 2014 2046 2314 2346 3146 3246 4812 
m80 22 23 30 46 1123 1130 1146 1180 1523 1530 1546 2330 4823 
m2525 22 46 1122 1146 2346 
m2410 40 46 2040 2046 2346 
m3583 22 23 36 40 41 1122 1123 1136 1140 1141 1172 1173 1822 1823 1836 1840 1841 2022 2023 2036 2040 2041 2072 2073 2086 2090 3673 4586 
m3515 22 30 32 36 46 49 1532 1536 1546 1549 1622 1636 1649 1822 1849 2322 2330 2332 2336 2346 2349 2472 4136 4336 4836 
m3192 23 30 1173 1180 1523 1530 
m590 41 46 2341 
m2504 13 22 33 36 40 1113 1122 1133 1136 1140 1686 1690 1813 1840 2013 4163 
m1462 22 23 30 36 40 46 1122 1123 1130 1136 1140 1146 1173 1180 1186 1190 1522 1523 1530 1536 1540 1822 1823 1830 1836 1840 1846 2022 2023 2030 2036 2040 2046 2322 2323 2330 2336 3673 4823 
m3695 5 36 37 46 49 286 296 299 1849 1855 1886 1896 1899 2305 2336 2346 2349 4836 4837 
m1300 22 40 46 1146 2046 2322 2340 2346 
m1584 22 23 36 40 1122 1123 1136 1140 1190 1822 1823 1836 1840 2022 2023 2036 2040 
m2802 36 38 1936 
m2263 45 
m480 22 36 38 40 41 46 1136 1141 1836 1840 1841 1936 1940 1941 1946 2022 2036 2038 2040 2041 2046 2086 2090 2091 2322 2336 2341 4586 
m3488 22 23 24 40 46 1122 1123 1124 1146 1190 1222 1240 1246 2022 2023 2024 2046 2340 3696 3723 
m1595 37 41 46 49 1891 2337 2341 2346 2349 2487 2491 2496 4396 
m1681 23 30 36 39 40 41 1173 1180 1186 1190 1191 1523 1823 1830 1836 1973 1986 1990 1991 2023 2030 2036 2041 2073 2080 2086 2091 3673 3686 4323 4586 
m3476 5 13 23 30 33 263 273 280 283 673 680 1173 1180 1513 1523 1533 1673 1680 3183 3673 
m2598 22 23 30 36 40 1122 1123 1130 1136 1140 1180 1830 2023 2030 2036 4323 
m195 22 23 30 36 1123 1130 1136 1172 1180 1522 1822 1823 1830 
m1678 22 23 36 40 41 1122 1123 1136 1140 1141 1172 1173 1822 1823 1836 1840 1841 2023 2036 2040 2041 2072 2073 3673 4341 
m3122 14 23 40 46 49 1196 2014 2023 2046 2049 2464 2473 2496 3664 4814 
m1450 23 30 46 1523 2323 2330 2346 4823 
m2306 36 38 46 1838 1846 2338 2346 4836 
m1948 22 23 38 45 46 1123 1138 1145 1146 1195 1923 1938 1945 1946 2323 2345 
m59 22 38 44 46 1146 1922 1938 1944 1946 2344 2346 4846 
m2080 26 41 46 1341 1346 2096 
m3435 26 36 40 45 46 1826 1845 1846 2026 2036 2040 2045 2046 2276 2296 2326 2346 4346 4846 
m1919 22 30 36 49 1122 1130 1136 1149 1522 1536 1549 1822 1830 1849 2472 4336 
m3019 5 14 46 264 296 2314 2346 4814 
m3150 36 40 46 2036 2046 2336 2340 2346 4836 4846 
m2271 22 36 40 41 45 1122 1136 1140 1141 1145 1822 1836 1840 1845 2022 2036 2040 2045 2072 
m2903 23 24 40 46 1190 1240 1246 2023 2024 2040 2046 2340 3696 3723 
m768 
m455 23 24 40 46 1190 1240 1246 2023 2024 2040 2046 2323 2324 2340 2346 3696 3723 
m1665 13 38 46 1913 1946 4813 
m999 30 40 46 2030 2040 2046 2330 2346 
m1169 13 20 22 32 36 40 672 686 690 1013 1022 1032 1036 1040 1122 1136 1140 1613 1622 1636 1640 1822 2022 2036 
m1964 22 23 36 40 41 1122 1123 1136 1140 1141 1172 1173 1822 1823 1836 1840 1841 2022 2023 2036 2040 2041 2073 2086 2090 3673 4586 
m3556 36 40 41 46 49 1841 1846 2036 2041 2046 2336 2340 2341 2346 2349 2486 2490 2491 2496 4346 
m2731 6 14 23 32 36 706 723 732 736 1156 1182 1606 1636 1806 3686 
m2308 22 23 30 36 40 45 46 1123 1130 1136 1140 1146 1180 1523 1530 1536 1546 1830 2023 2030 2036 2046 2272 2273 2280 2286 2290 2296 2330 2336 4323 4823 
m181 13 22 32 36 40 41 672 686 690 1122 1136 1140 1613 1622 1636 1640 1822 2022 2036 2063 2072 2082 2086 
m1827 23 30 46 1180 1523 1530 2330 4823 
m237 3 23 30 41 46 180 1180 2053 2073 2080 2096 2303 2330 2673 4823 
m2064 32 36 46 1636 2332 2336 2346 4332 4336 4836 
m982 22 23 30 36 39 41 1123 1130 1139 1141 1522 1523 1822 1823 1830 1839 1841 1972 1973 1980 1991 2072 2073 2080 2086 2089 2091 3673 4586 
m1308 36 40 41 1836 1840 1841 2036 2040 2041 
m3590 14 22 23 722 1164 1172 
m422 22 23 36 41 1123 1822 1823 2072 2073 3673 4323 4586 
m2108 13 22 36 38 40 672 686 690 1113 1122 1136 1140 1822 1913 1922 1936 2022 2036 
m199 23 26 46 1176 1346 3696 4846 
m1395 23 30 46 49 1180 1199 1549 2323 2330 2346 2349 2473 2480 2496 
m1370 13 22 36 40 672 686 690 1113 1122 1136 1140 1822 2022 2036 
m2321 14 36 46 714 3236 3246 4814 4836 
m2287 23 
m552 5 46 2305 2346 
m1340 14 38 46 49 746 749 1914 1938 1946 1949 2346 2349 
m631 22 23 1123 1172 1173 3673 
m780 22 44 46 1122 1144 1146 2322 2344 2346 4846 
m495 22 23 41 1123 1173 1191 3673 
m2105 30 38 39 1930 1980 1988 
m3340 5 23 30 38 40 273 280 290 1190 1523 1530 1540 1905 1923 1930 1940 2023 2030 2040 
m2450 18 23 36 923 936 1186 1836 3686 
m645 22 23 1123 1173 3673 
m2698 8 408 
m1493 22 23 46 49 1123 1146 1149 1173 2323 2473 2496 3673 4823 
m1428 22 23 36 40 41 46 49 1123 1136 1140 1141 1146 1191 1822 1823 1836 1840 1841 1849 2022 2023 2036 2040 2041 2046 2072 2073 2086 2090 2091 2322 2323 2336 2340 2341 2349 2472 2473 2486 2490 2491 4323 4336 4346 4836 
m3264 22 23 36 41 1122 1123 1136 1141 1172 1173 1186 1191 1822 1823 2072 2073 3673 4586 
m425 22 23 30 46 1122 1123 1130 1146 1180 1523 1530 1546 2323 2330 3673 4823 
m1051 3 14 46 703 2314 2346 2696 3246 4803 
m204 22 36 46 49 1136 1146 1149 1822 1846 2322 2336 2346 2472 2486 2496 
m2519 36 
m336 12 36 38 41 46 641 1841 1912 1936 1938 1941 1946 2062 2086 2091 2096 2312 2336 2341 4312 
m2280 5 36 46 49 286 296 299 1836 1846 1849 2336 2346 2349 2486 2496 4336 4836 
m2138 13 22 33 36 40 46 49 672 686 690 1113 1133 1136 1140 1672 1686 1690 1822 2013 2022 2036 2046 2313 2322 2333 2336 2340 2349 2463 2472 2483 2486 2490 3183 
m2735 9 36 46 459 486 496 1809 2309 2336 2346 4836 
m997 22 23 37 1123 1137 1172 1173 1187 1872 1873 3673 
m2344 5 23 26 32 46 1155 1182 1305 1323 1332 1346 1605 2305 2332 2346 4823 
m1657 22 40 41 46 1122 1140 1146 2022 2040 2046 2340 
m2962 22 23 36 41 1122 1123 1136 1822 1823 2072 2073 3673 4323 4586 
m2135 23 36 41 46 1836 1841 1846 2073 2086 2323 2341 4323 4836 
m192 22 23 30 46 1122 1123 1130 1146 1196 1523 1546 2346 
m2577 38 46 1938 1946 2338 2346 
m3696 
m1260 14 40 46 2014 2046 2314 2346 4814 
m3643 36 46 2336 
m1900 22 32 36 38 45 46 49 1122 1146 1632 1636 1645 1646 1649 1845 1846 1849 1932 1936 1946 2272 2295 2296 2322 2332 2336 2345 2346 2349 2495 2496 4846 
m1265 12 41 46 2062 2091 2096 2312 2346 4812 
m2475 22 37 39 46 1122 1137 1139 1146 2337 2339 2346 4487 4837 4839 
m1159 22 30 36 40 41 46 1122 1130 1136 1140 1141 1146 1830 2022 2030 2036 2040 2046 2072 2090 2096 2330 2336 2340 4836 4846 
m3230 13 38 1913 1938 
m1506 40 45 46 2290 2296 2340 2346 
m2763 30 40 46 2030 2040 2046 2330 
m1041 13 25 38 46 1263 1296 1913 1925 1946 2313 
m2057 23 31 46 48 49 1196 1573 1596 2346 2423 2431 2446 2473 2481 2496 2498 
m1686 36 40 41 1836 1840 1841 2036 2041 2086 2091 4336 4586 
m1968 13 38 688 1913 1938 
m3106 14 36 48 714 736 748 1836 1848 2448 
m3373 22 23 36 40 41 1122 1140 1141 1173 1186 1190 1823 1836 2022 2023 2036 2040 2041 2073 2086 2090 2091 3686 4323 
m447 6 36 42 46 49 2306 2336 2342 2456 2486 2492 2496 2836 4606 4636 
m1676 22 23 30 36 39 40 41 1123 1136 1140 1172 1173 1186 1190 1191 1523 1536 1539 1541 1823 1972 1973 1986 1991 2023 2036 2072 2073 2086 2090 3673 4323 4336 4586 
m3189 38 46 1938 1946 2346 
m2113 14 26 32 46 1314 1346 1626 1646 2314 2346 4814 
m3023 14 714 
m1362 14 46 2314 2346 4814 
m848 22 30 36 40 45 1122 1136 1140 1522 1536 1540 1836 1840 2022 2036 2040 2272 2280 2286 
m813 22 23 36 40 41 1122 1123 1136 1140 1141 1173 1186 1190 1823 1836 1840 1841 2022 2023 2036 2040 2041 2072 2073 2086 2090 2091 3686 4323 
m1766 22 23 36 40 46 49 1172 1822 1836 1840 1846 2022 2023 2036 2040 2046 2049 2322 2323 2336 2340 2346 2349 2473 2486 2490 2496 3696 4323 4346 4823 4836 
m1651 22 23 26 30 36 40 41 1122 1123 1126 1136 1140 1141 1172 1173 1180 1186 1191 1323 1336 1340 1523 1536 1541 1822 1823 1826 1836 1840 1841 2022 2023 2026 2036 2040 2041 2072 2073 2076 2086 2090 3673 4586 
m394 22 23 1122 1123 1173 3673 
m2001 22 23 30 36 1172 1180 1522 1822 1823 1830 
m3059 36 46 49 1849 2336 2346 2349 2486 2496 2499 4336 4836 
m3418 15 22 27 38 46 777 1115 1127 1146 1915 1922 1938 1946 2315 2327 2346 
m735 22 36 37 46 49 1822 1837 1846 1849 1872 2322 2346 2487 2496 4396 4837 
m323 22 27 36 46 49 1127 1136 1146 1149 1377 1386 1396 1399 1827 1849 2322 2327 2336 2346 2349 2477 2486 2496 2499 
m3128 23 30 45 46 1173 1180 1196 2273 2296 2330 2346 4823 
m3202 45 46 49 2295 2299 2345 2349 
m1248 36 38 40 46 49 1936 1938 1940 1946 2036 2046 2049 2346 2349 2486 4836 
m3043 23 40 44 46 1173 1194 1196 2023 2040 2046 2323 2344 2346 3696 4823 
m2994 13 22 36 38 40 45 1113 1136 1138 1140 1145 1813 1840 1913 1936 1940 2013 2263 2286 2288 2290 
m3402 22 23 30 36 40 41 1122 1123 1130 1136 1140 1173 1522 1523 1536 1822 1823 1830 1836 2022 2023 2030 2036 2072 2073 2080 2086 2090 2091 3673 4323 4586 
m1719 36 37 40 46 1840 1886 1890 2036 2037 2046 2340 4346 4396 
m1435 14 38 1914 
m2671 14 40 46 714 740 746 2014 2046 2314 2340 2346 4814 
m2774 22 32 46 1122 1132 1146 2332 2346 
m2425 12 36 46 49 646 649 1849 2336 2346 2349 3136 4812 
m1554 14 30 46 730 746 1530 2330 
m954 12 13 22 32 36 40 622 636 640 672 686 690 1112 1113 1122 1136 1140 1612 1613 1622 1636 1640 1822 2022 2036 3162 
m2269 36 40 46 1836 1840 1846 2036 2040 2046 2336 2340 2346 4336 4346 
m1765 22 23 30 36 40 46 1122 1123 1130 1136 1140 1146 1172 1173 1522 1523 1530 1540 1546 1822 1823 1830 1840 1846 2022 2023 2030 2036 2040 2046 2322 2323 2330 2340 2346 3696 4823 
m704 17 38 40 46 888 1917 1946 2017 2038 2046 2338 4817 
m1839 14 38 40 46 49 1914 1940 1946 1949 2014 2046 2049 2346 2464 2496 4814 
m3263 23 30 46 1180 2323 2330 2346 
m1939 30 36 38 46 1830 1930 1936 1946 2330 2336 2346 4836 
m84 
m1211 38 44 45 46 49 1938 1946 2238 2246 2249 2288 2294 2296 2299 2338 2344 2346 2349 
m1969 14 22 36 45 46 714 746 1114 1122 1136 1145 1146 1846 2264 2286 2296 3236 3246 4314 
m3247 41 44 45 2241 2245 2291 
m1306 30 36 46 49 1549 1830 1846 1849 2330 2336 2346 2349 
m1753 23 28 36 1178 1186 1823 1828 1836 3673 
m1117 23 36 40 41 1173 1186 1190 1823 1840 2023 2036 2040 2073 2086 2090 3673 
m2441 14 22 32 46 722 732 746 1132 1146 2332 4846 
m261 46 2346 
m3310 22 23 30 36 40 46 1122 1123 1130 1136 1140 1146 1172 1173 1180 1522 1523 1530 1822 1823 1830 1846 2022 2023 2030 2036 2046 2322 2323 2330 3673 4823 
m2505 40 46 48 2040 2046 2340 2346 2348 2440 2446 
m3205 14 46 2314 2346 4814 
m1470 22 23 41 1123 1141 1173 2073 3673 
m1758 22 38 46 49 1946 2322 2346 2349 2472 4846 
m2595 5 22 32 36 46 49 286 299 1605 1622 1636 1646 1649 1805 1822 1846 1849 2305 2322 2332 2336 2346 2349 2472 2486 2499 4136 4336 4836 
m1030 3 30 37 46 153 180 187 196 1503 1530 1537 1546 1853 1880 2303 2330 2337 2346 4803 
m2739 23 41 1173 1191 2073 3673 
m587 41 46 2341 2346 
m1791 14 32 36 44 46 736 1614 2214 2232 2236 2314 2332 2336 2344 4136 4846 
m3551 22 23 37 41 1122 1123 1137 1141 1172 1173 1872 1873 2072 2073 2087 3673 
m3699 33 44 49 1694 1699 2494 
m1561 26 32 36 38 46 1332 1336 1346 1832 1926 1936 1946 2332 2336 2346 4836 
m1010 12 13 20 22 32 36 40 49 632 682 699 1012 1013 1022 1032 1036 1040 1112 1113 1122 1132 1136 1140 1812 1813 1832 1836 1840 1849 2012 2013 2032 2036 2049 2462 2482 2486 3136 3162 3186 
m1198 22 23 30 36 40 1123 1130 1173 1186 1190 1523 1530 1536 1823 2023 2036 3673 3686 
m1022 22 30 36 40 41 46 1122 1140 1141 1146 1522 1536 1540 1822 1840 1841 1846 2022 2036 2040 2041 2046 2072 2096 2322 
m309 23 38 1923 1938 
m621 22 46 1122 1146 2322 2346 4846 
m162 30 36 40 46 1830 2030 2036 2046 2330 2336 2340 2346 4836 
m2329 22 36 40 1122 1136 1140 1822 1836 1840 2022 2036 
m2784 26 32 36 38 46 1332 1336 1346 1832 1926 1932 1936 1946 2332 2336 2346 4836 
m1009 6 36 40 43 336 340 1806 1836 1840 1843 2006 2036 2043 2186 2190 2843 
m2653 32 34 38 46 1632 1646 1732 1734 1746 1932 1934 1946 2332 
m1243 22 23 38 41 46 1123 1172 1173 1923 1938 1941 1946 2072 2073 2096 2322 2323 3673 4823 
m1717 36 40 46 1840 2036 2040 2046 2340 4346 
m1533 4 204 
m2898 22 23 30 46 49 1122 1123 1130 1146 1149 1172 1173 1180 1522 1523 1530 1549 2322 2323 2330 2349 2472 2473 2480 3673 4823 
m3411 14 40 46 714 740 746 2014 2046 2314 2340 2346 4814 
m1190 22 36 37 40 46 1122 1136 1137 1140 1146 1822 1837 1840 1846 1890 2022 2036 2037 2040 2046 2337 2340 2346 4346 4837 
m3645 26 38 46 1926 1938 1946 2326 
m2819 23 30 36 40 41 49 1186 1190 1199 1523 1530 1536 1540 1549 1823 1836 1840 1849 2073 2080 2086 2090 2099 2490 3686 4336 
m561 13 38 1913 1938 
m3570 27 32 1382 
m2547 23 26 30 46 1180 1323 1326 1330 1346 1523 1530 2330 2346 4823 
m1957 13 22 33 36 40 672 1113 1122 1133 1136 1140 1672 1813 1822 1833 1840 2013 2022 2033 4163 
m2539 5 36 38 40 46 49 286 296 1805 1836 1838 1846 1849 1905 1936 1938 1946 1949 2036 2038 2046 2049 2346 2349 2455 2486 2496 4836 
m2523 13 22 36 40 1113 1122 1136 1140 1813 1840 2013 
m88 43 
m3327 3 23 30 36 49 180 186 199 1153 1180 1199 1549 1830 1849 3686 
m1563 14 37 40 46 737 740 746 1890 2037 2046 2340 4396 
m1195 36 37 38 40 46 49 1837 1849 1936 1937 1940 1946 2036 2037 2046 2049 2336 2337 2349 2487 
m2907 12 13 22 27 36 40 622 636 640 672 686 690 1112 1113 1122 1136 1140 1362 1363 1372 1386 1390 1822 2022 2036 3162 
m3474 46 
m1891 23 30 32 46 1182 1523 1532 1546 2323 2332 2346 4823 
m808 14 23 30 46 730 1180 2314 2323 2330 2346 3223 4814 4823 
m843 5 13 33 38 46 263 283 1905 1913 1933 1938 1946 2305 2313 2333 3183 
m1118 14 22 45 46 722 746 1146 2264 2296 2346 3246 
m22 22 23 30 46 1122 1123 1130 1146 1180 1523 1530 1546 2330 2346 4823 
m3287 13 38 1913 1938 
m1079 37 40 46 1890 2037 2040 2046 2337 2340 2346 4396 
m3659 13 22 36 38 40 1113 1122 1136 1138 1140 1813 1840 1913 1936 1940 2013 
m2409 22 26 44 46 1122 1126 1144 1146 1346 2222 2226 2246 2322 2326 2344 2346 4846 
m3434 22 38 46 1146 1922 1938 1946 2346 
m3109 12 13 20 22 36 40 622 636 640 670 672 686 690 1012 1022 1036 1040 1822 1840 2022 2036 3162 3536 4336 
m937 14 38 46 1914 1946 2314 2346 4814 
m3401 22 40 46 49 2040 2046 2322 2346 2490 2496 
m173 23 30 46 1180 1523 1530 1546 2330 4823 
m426 5 46 2305 2346 4846 
m1571 16 22 23 30 46 830 1116 1122 1123 1130 1146 1523 1546 2316 2330 2346 3323 3346 3696 4823 
m1007 12 32 36 46 1612 1812 2312 2332 2336 2346 4136 4812 4836 
m1666 36 37 49 1836 1837 1849 2486 2487 2499 
m2107 36 40 46 49 1849 2036 2040 2046 2049 2336 2346 2349 4336 4836 
m1062 36 40 41 1836 1840 2036 2086 2090 2091 4586 
m2432 22 23 1122 1123 
m2427 22 37 46 1872 1896 2322 2346 4837 
m1018 36 38 1936 1938 
m1695 22 23 36 40 41 1122 1123 1136 1140 1141 1172 1173 1822 1823 1836 1840 1841 2022 2023 2036 2040 2041 2072 2073 2086 2090 3673 4586 
m2826 13 38 1913 1938 
m3069 22 23 46 1123 1146 1172 2322 3696 
m3538 12 36 46 49 612 636 646 649 1812 1849 2312 2336 2346 2349 2462 2486 2496 2499 4812 
m1823 14 22 36 40 46 1114 1136 1140 1146 1814 1846 2014 2036 2046 2346 4346 4814 
m1126 30 46 2330 2346 4846 
m1131 22 23 30 1122 1123 1130 1173 1522 1523 3673 
m769 22 23 36 40 41 1123 1136 1140 1172 1822 1823 1836 2023 2036 2072 2073 2086 2090 2091 3673 4323 4586 
m1378 13 20 22 32 36 40 670 686 690 1113 1120 1136 1140 1613 1620 1622 1636 1640 1820 2020 2036 2040 3186 4336 
m2707 22 36 40 1122 1136 1140 2036 
m485 34 1734 
m675 22 36 40 41 1136 1140 1822 1836 1840 1841 2036 2072 2086 2090 2091 4586 
m3175 22 23 36 40 41 1122 1123 1136 1140 1173 1822 1823 1836 2022 2023 2036 2072 2073 2086 2090 3673 4323 4586 
m24 22 23 36 40 45 1122 1123 1136 1140 1145 1173 1822 1823 1836 1840 1845 2022 2023 2036 2040 2045 2273 3673 
m3173 22 37 45 46 49 1122 1137 1145 1146 1895 2322 2345 2346 2472 2487 2495 2496 4396 4837 
m2751 46 
m3605 22 23 30 1122 1123 1130 1172 1173 1180 1522 1523 1530 
m2331 22 23 36 40 46 49 1172 1822 1823 1836 1840 1849 2022 2023 2036 2040 2046 2049 2322 2323 2336 2340 2349 2473 2486 2490 4323 4336 4346 4836 
m500 23 46 2323 2346 4823 
m1294 22 23 36 40 46 49 1172 1822 1823 1836 1849 2022 2023 2036 2040 2046 2049 2322 2323 2336 2349 2473 2486 3686 4336 4346 4836 
m1332 36 46 49 1849 2346 2349 2486 2499 4836 
m2166 22 37 38 46 49 1137 1146 1149 1899 1922 1937 1938 1946 1949 2349 4396 
m1795 4 26 38 226 238 1304 1326 1338 1904 1926 2704 
m1423 3 14 703 714 
m2154 14 23 30 36 40 46 730 1180 1814 1823 1830 1846 2014 2023 2030 2036 2040 2046 2314 2330 2346 3223 4346 4814 4823 
m2114 
m1636 22 23 30 41 1123 1141 1172 1173 1191 1522 1523 1541 2072 2073 2080 2091 3673 
m1703 5 22 36 38 46 49 286 296 299 1136 1138 1146 1149 1836 1846 1849 1905 1936 1946 2346 2349 2455 2486 2488 2496 4836 
m2941 30 36 38 46 1536 1546 1838 1930 1936 1946 2338 4346 
m412 23 49 1173 2473 3673 
m3078 22 36 40 46 49 1136 1140 1146 1149 1822 1836 1840 1846 1849 2022 2036 2040 2046 2049 2322 2336 2340 2346 2349 2486 2490 2496 4346 
m2453 23 30 49 1180 1199 1549 2473 2480 2499 
m1327 37 40 46 2037 2046 4396 
m1399 37 46 49 1899 2346 2349 2496 4396 4837 
m2596 14 40 46 2014 2040 2046 2314 2346 4814 4846 
m3635 13 22 33 36 40 46 672 686 690 1113 1122 1133 1136 1140 1672 1686 1690 1822 2022 2036 2313 2322 2333 2336 2340 3183 
m1281 14 29 31 36 49 729 731 736 1579 1586 1814 1829 1831 1836 1849 2464 2479 2481 2486 3236 4086 4336 
m1386 36 41 46 2096 2336 2341 2346 4586 4836 4846 
m479 22 23 30 32 36 46 49 1122 1123 1130 1146 1149 1172 1173 1180 1522 1523 1530 1549 1622 1623 1630 1632 1636 1646 1649 1822 1823 1830 1846 1849 2322 2323 2330 2349 2472 2473 2480 2486 2496 2499 3673 4823 
m3119 36 38 40 41 1838 1841 1941 2036 2038 2041 
m2174 5 23 32 36 46 273 282 286 1623 2305 2323 2332 2336 2346 4323 4332 4823 4836 
m2859 46 
m271 46 2346 
m2513 22 23 36 40 46 1122 1123 1136 1140 1146 1172 1822 2023 2036 2046 2322 2323 2336 2340 2346 4323 4823 4836 
m3653 38 45 46 1938 1945 1946 2345 
m1474 22 23 45 1123 1173 1195 3673 
m2142 30 46 2330 2346 
m1490 13 38 45 46 688 2263 2295 2296 2313 2338 2346 3196 
m3621 22 23 30 41 1122 1123 1130 1173 1523 1530 2072 2073 2080 3673 
m1828 13 22 33 40 690 1113 1122 1133 1140 1690 3183 
m3352 11 38 46 588 596 1911 1938 1946 2338 
m2152 13 33 38 46 1913 1933 1946 2313 2333 2338 2346 4163 
m2442 29 46 2329 2346 
m205 23 26 30 46 1176 1323 1326 1330 1346 1523 1526 1546 2326 2330 2346 3696 4823 4846 
m1547 22 30 36 1136 1536 
m3404 12 14 40 46 646 2012 2014 2046 2314 2346 3114 4812 
m957 22 40 46 1146 2046 2322 2340 2346 
m2072 5 36 38 46 49 1805 1838 1846 1849 1905 1938 1946 1949 2305 2488 2496 
m98 14 22 36 38 41 46 714 736 1114 1136 1836 1914 1922 1936 1941 2064 2072 2086 2314 2322 2336 2338 2341 3236 4314 4586 4814 
m1496 22 23 30 36 40 46 1122 1123 1130 1136 1140 1146 1172 1173 1522 1523 1530 1540 1546 1822 1823 1830 1840 1846 2022 2023 2030 2036 2040 2046 2322 2323 2330 2340 2346 3696 4823 
m626 22 23 30 40 41 1123 1130 1140 1190 1523 1530 1540 2022 2023 2030 2072 2090 
m1231 22 23 30 36 40 1122 1123 1130 1136 1140 1172 1173 1180 1186 1190 1522 1523 1536 1540 1822 2022 2023 2036 3673 3686 4323 4336 
m1874 46 2346 
m1006 22 23 27 30 36 40 49 1123 1130 1136 1172 1173 1177 1180 1186 1190 1199 1372 1373 1380 1386 1522 1523 1527 1530 1536 1540 1549 1822 1823 1827 1830 1836 1849 2023 2027 2030 2036 2040 2049 2472 2473 2477 2480 2486 2499 3686 4336 
m1259 22 23 30 36 40 46 1122 1123 1130 1136 1140 1146 1172 1173 1522 1523 1530 1540 1546 1822 1823 1830 1840 1846 2022 2023 2030 2036 2040 2046 2322 2323 2330 2336 2340 2346 3696 4823 
m1068 40 45 46 2045 2046 2296 2346 4846 
m3304 23 36 3686 
m152 14 36 46 714 736 1836 2314 2336 2346 3236 4814 4836 
m1659 22 23 30 36 40 41 46 1122 1123 1130 1136 1140 1141 1146 1191 1523 1536 1541 1546 1841 1846 2023 2030 2036 2040 2041 2046 2072 2073 2091 2341 3696 4323 
m958 36 46 49 1849 2336 2349 2486 2499 
m805 5 38 46 1905 1946 2305 
m2247 13 46 2313 
m542 
m94 32 36 46 49 1632 1636 1649 1849 2332 2336 2349 
m186 10 14 27 38 710 1360 1364 1388 1910 1914 1927 1938 
m1831 26 46 1346 2346 
m2840 23 38 1923 
m3151 22 26 32 46 1126 1132 1146 1332 1346 1646 2326 2332 2346 
m566 22 23 1123 1173 3673 
m1456 22 23 30 36 40 41 1123 1136 1140 1141 1173 1180 1823 1830 1836 1840 1841 2023 2036 2040 2041 2073 2080 3673 4586 
m1673 13 33 36 38 40 41 686 690 691 1686 1690 1691 1841 1913 1933 1936 1938 1941 2036 2041 2063 2083 2086 2090 2091 3183 
m2098 46 2346 
m3052 41 2091 
m3333 22 23 30 36 40 41 46 49 1122 1123 1130 1136 1140 1141 1146 1149 1172 1173 1186 1190 1191 1199 1522 1523 1530 1536 1541 1546 1549 1823 1840 2023 2036 2040 2072 2073 2086 2090 2096 2099 2322 2330 2336 2340 2341 2346 2349 2472 2473 2486 2490 2496 3696 4823 
m316 
m705 23 46 2346 4823 
m1582 22 27 46 1122 1127 1146 1377 2327 2346 
m939 22 27 36 40 46 1122 1127 1136 1140 1146 1390 1822 1827 1836 1840 1846 2022 2027 2036 2040 2046 2327 2336 2340 
m3601 14 36 46 49 714 736 746 749 1814 1836 1846 1849 2314 2336 2346 2349 2464 2486 2496 3246 4814 
m37 22 23 30 36 40 46 49 1122 1123 1130 1136 1140 1146 1149 1172 1173 1180 1186 1190 1199 1522 1523 1530 1536 1540 1546 1549 1823 1840 2022 2023 2030 2036 2040 2046 2322 2330 2336 2340 2346 2349 2472 2473 2480 2486 2490 2496 3696 4823 
m3252 22 26 44 46 1122 1144 1146 1322 1344 1346 2344 2346 
m2978 23 30 36 41 1523 1823 1830 2073 2080 3673 4323 4586 
m2612 14 22 46 1114 2314 2322 2346 4814 
m2150 45 46 2345 
m1537 5 23 24 38 40 46 273 274 290 296 1190 1240 1246 1905 1923 1924 1938 1946 2023 2024 2040 2046 2340 3696 3723 
m3482 22 36 40 46 1146 1822 1846 2022 2036 2040 2046 2346 4346 
m1946 22 23 30 36 40 41 46 1122 1123 1130 1136 1140 1141 1146 1180 1522 1523 1530 1536 1540 1546 1822 1823 1830 1836 1840 1841 1846 2022 2023 2030 2036 2040 2041 2046 2072 2086 2090 2322 2323 2330 2340 4823 4846 
m1193 23 30 46 1180 1523 1530 1546 2330 4823 
m93 22 
m2070 23 36 38 40 46 1923 1936 1940 1946 2023 2036 2046 2323 3686 4836 
m1774 22 23 30 36 40 46 1122 1123 1130 1136 1140 1146 1172 1173 1180 1186 1190 1522 1523 1530 1536 1540 1546 1823 1840 2022 2023 2030 2036 2040 2046 2322 2330 2336 2340 2346 3696 4823 
m2977 22 23 30 36 41 1123 1130 1523 1822 1823 1830 2072 2073 2080 3673 4323 4586 
m2058 11 13 22 33 36 40 563 572 583 586 590 672 686 690 1113 1122 1133 1136 1140 1672 1686 1690 1822 2022 2036 3183 
m2715 27 38 46 1927 1946 2327 
m2623 14 22 23 30 46 730 746 1114 1122 1123 1130 1146 1180 1514 1523 1530 1546 2330 3223 4823 
m19 14 30 46 730 2314 2330 
m3529 36 41 1836 1841 2086 2091 4586 
m2373 32 40 46 1632 1640 1646 2032 2040 2046 2332 2340 2346 
m2439 22 36 40 46 1122 1136 1140 1146 1840 1846 2022 2036 2040 2046 2322 2340 2346 4836 
m272 32 46 1632 1646 2332 2346 
m3001 22 23 30 46 1122 1123 1130 1146 1180 1523 1530 1546 2330 4823 
m1352 14 23 32 36 49 723 732 736 749 1182 1199 1636 1649 1849 3686 
m2912 32 46 1646 
m864 22 38 45 46 49 1138 1145 1146 1922 1938 1945 1946 1949 2296 2299 2349 
m1412 22 44 46 1146 2344 2346 4846 
m1011 27 36 46 49 1827 1846 1849 2327 2346 2477 2496 
m1273 14 22 36 41 46 714 722 736 741 1822 1836 1841 2072 2314 2322 2336 2341 3236 4314 4586 4814 
m2206 37 46 49 1899 2346 2349 4396 4837 
m421 14 36 46 49 736 746 2336 2346 2349 2464 2486 2496 4814 4836 
m2919 26 3826 
m3460 22 36 40 1122 1822 1836 1840 2022 2036 2040 
m3231 11 13 33 661 1661 4163 
m1401 22 37 40 46 1137 1140 1146 1890 2022 2037 2040 2046 2322 2337 2340 2346 4396 
m2277 22 36 41 49 1122 1136 1141 1149 1841 1849 2486 2491 4336 
m2567 22 23 36 37 40 41 1123 1137 1173 1186 1187 1190 1823 1873 1886 1890 2023 2036 2072 2073 2086 2087 3673 4323 
m2090 22 23 24 40 46 1123 1124 1140 1146 1190 1240 1246 2023 2024 2040 2046 2340 3696 3723 
m230 29 34 36 1484 1486 1729 1734 1736 1829 1834 1836 4236 4334 
m281 36 38 41 46 1936 1946 2336 2341 2346 4341 4836 4846 
m1573 22 36 40 41 1136 1140 1141 1836 1840 1841 2036 2041 2072 2086 2090 2091 4586 
m1895 13 46 2313 
m1685 5 36 40 46 49 286 296 299 2005 2036 2046 2346 2349 2486 4836 
m1658 45 2295 
m3575 22 23 36 40 41 46 49 1122 1123 1136 1140 1141 1149 1173 1186 1190 1822 1823 1836 1841 1849 2022 2023 2036 2040 2046 2072 2073 2086 2322 2323 2336 2341 2349 2472 2473 2486 2491 3673 3686 4323 4336 
m1182 14 23 30 730 1180 1523 1530 3223 
m220 
m517 22 23 36 40 41 1122 1123 1136 1140 1173 1186 1190 1823 1836 2022 2023 2036 2040 2072 2073 2086 2090 2091 3686 4323 
m2581 11 46 2311 
m1383 22 23 36 40 41 1172 1822 1841 2022 2023 2036 2041 2072 2073 4323 4336 4586 
m2214 5 32 33 46 283 296 1605 1633 1646 2333 
m1858 30 36 39 40 46 1536 1540 1546 1830 1836 1840 1846 1980 1986 1990 1996 2030 2036 2040 2046 2330 2336 2340 2346 4346 4496 4836 
m516 32 36 46 49 1849 2332 2336 2346 2349 2482 4332 
m3353 22 41 46 1122 1141 1146 2341 
m3461 26 40 46 2026 2040 2046 2326 
m1955 14 22 23 30 40 46 722 723 730 746 1114 1122 1123 1130 1146 1172 1173 1180 1196 1514 1522 1523 1530 1546 2014 2022 2023 2030 2046 2323 2330 2346 3246 3696 4823 
m2193 22 32 37 38 46 49 1132 1137 1146 1637 1646 1922 1938 1946 1949 2332 2337 2346 2472 2487 2496 4837 
m1449 13 33 46 1696 2313 4163 
m2709 13 20 22 36 38 40 672 686 690 1013 1020 1022 1036 1038 1040 1122 1136 1140 1822 1913 1922 1936 2022 2036 
m811 30 45 46 2280 2296 2330 2345 2346 4846 
m2554 44 46 2344 2346 
m555 22 46 49 1122 1146 1149 2349 2472 2496 
m860 22 23 36 40 46 1122 1123 1136 1140 1146 1172 1186 1190 1196 1822 1836 2022 2036 2040 2046 2322 3686 4346 
m1511 22 36 38 48 49 1136 1148 1149 1822 1836 1838 1848 1849 1922 1936 1948 1949 2422 2436 2438 2448 2449 2486 2498 
m64 11 13 22 33 36 40 661 1111 1113 1122 1133 1136 1140 1661 1811 1813 1833 1840 2011 2013 2033 4163 
m440 6 14 32 36 49 706 714 732 736 749 1606 1636 1806 2456 2482 2486 
m865 23 30 36 40 41 1173 1180 1186 1190 1523 1536 1540 1823 1830 1840 2023 2036 2073 2086 3673 4336 
m2281 21 22 46 1121 1146 2321 4846 
m1097 28 
m3196 22 23 30 36 40 46 1122 1123 1130 1136 1140 1146 1180 1523 1530 1822 1823 1830 1840 1846 2022 2023 2030 2046 2330 4823 
m3329 23 36 40 41 46 1191 1823 1836 1840 1841 1846 2023 2036 2040 2041 2046 2323 2336 2341 2346 3686 4341 4346 4823 
m834 12 30 36 46 49 1512 1530 1546 1812 1830 1836 1846 1849 2346 2480 2496 2499 4812 
m2025 5 22 38 46 1122 1146 1905 1922 1938 1946 2305 2346 
m234 23 30 36 40 41 49 1190 1523 1530 1540 1541 1823 1830 1836 1840 1841 1849 2073 2080 2090 2473 2480 2486 2490 2491 2499 
m2424 23 30 41 46 1191 1523 1530 1541 1546 2073 2080 2091 2096 2330 2341 2346 3696 4823 
m3337 23 24 40 46 1190 1240 1246 2023 2024 2040 2046 2340 3696 3723 
m120 13 22 36 38 40 672 686 690 1113 1122 1136 1140 1822 1913 1922 1936 2022 2036 
m2708 17 37 46 2337 3387 4817 
m1050 37 40 46 1890 2340 4396 
m141 12 23 36 40 41 46 49 1162 1190 1196 1199 1812 1840 1846 1849 2012 2023 2036 2040 2041 2046 2062 2073 2086 2096 2099 2312 2323 2336 2341 2346 2462 2486 2490 2496 3146 3686 4312 4336 
m2100 38 41 46 1941 1946 2091 2341 
m267 14 23 30 46 1514 1523 1546 2314 2323 2330 2346 3664 4814 4823 
m1907 30 36 40 46 1830 1836 1840 1846 2030 2036 2040 2046 2330 2336 2340 2346 4336 4346 4836 
m2757 6 36 40 1806 2006 2036 
m1269 22 30 36 38 40 41 45 46 1130 1136 1138 1140 1141 1145 1146 1522 1536 1540 1541 1822 1836 1840 1922 1945 1946 2022 2036 2040 2086 2090 2272 2296 2322 2330 2336 2341 
m687 40 46 2040 2046 2340 
m439 33 45 46 1695 2283 2295 2333 2345 
m1994 13 22 40 46 1113 1140 2013 2313 2322 2340 2346 
m432 22 37 46 49 1122 1137 1146 1899 2346 2349 2496 4396 4837 
m1253 14 26 36 40 46 1314 1336 1340 1346 1814 1846 2014 2036 2040 2046 2346 4346 4814 
m1635 36 40 46 1840 1846 2036 2040 2046 2346 4346 
m2804 22 23 30 32 36 40 41 49 1140 1182 1199 1523 1530 1532 1536 1549 1823 1830 1832 1849 2022 2023 2030 2032 2036 2040 2072 2090 2482 
m2984 22 37 46 49 1137 1146 1899 2346 2349 2496 4396 4837 
m3644 12 22 23 36 40 41 46 49 640 641 646 1112 1123 1136 1141 1146 1149 1812 1836 1840 1841 1846 1849 2036 2041 2046 2073 2086 2090 2091 2096 2099 2322 2323 2336 2340 2341 2349 2462 2473 2486 2491 2496 4323 4336 4812 4836 
m2860 22 40 41 46 1140 1141 2022 2040 2041 2046 2072 2090 2091 2096 2341 
m2831 36 46 2336 2346 4836 
m644 33 34 38 40 46 1690 1696 1733 1734 1738 1746 1933 1938 1940 1946 2333 2338 2340 2346 
m2830 38 46 1946 2346 
m2914 22 23 1122 1123 1173 3673 
m1945 22 23 30 36 40 41 46 1122 1123 1130 1136 1140 1141 1146 1191 1523 1536 1541 1546 1841 1846 2023 2030 2036 2040 2041 2046 2072 2341 3696 4323 
m1763 5 36 46 49 286 296 299 1849 2346 2349 2499 4836 
m2493 22 23 30 36 40 1122 1123 1130 1136 1523 1830 2022 2023 2030 2036 4323 
m1151 22 23 36 40 41 1122 1123 1136 1140 1141 1172 1173 1822 1823 1836 1840 1841 2022 2023 2036 2040 2041 2072 2073 3673 4586 
m3436 14 26 46 726 746 1314 1326 1346 2326 2346 4814 
m8 37 
m3632 36 46 4836 
m1115 14 26 726 
m1402 22 36 40 46 1136 1140 1146 1840 2336 2340 4336 4836 
m1798 30 46 2330 
m2136 2 26 46 126 2302 2326 
m1379 22 38 44 46 1138 1144 1146 1944 1946 2344 2346 
m917 22 23 30 36 39 40 41 1123 1130 1136 1140 1172 1173 1180 1186 1190 1523 1536 1540 1822 1823 1830 1836 1840 1972 1973 1980 1986 1990 2022 2023 2030 2036 2072 2073 2080 2086 2089 2090 2091 3673 4323 
m2497 38 46 1938 1946 2346 
m3321 13 33 3183 
m266 8 32 37 38 46 49 408 432 438 446 449 1637 1646 1932 1946 2332 2337 2346 2482 2487 2488 2496 
m607 5 36 40 46 255 1805 1846 2005 2036 2040 2046 2305 2346 4346 
m273 8 32 37 46 49 408 446 449 1608 1646 1649 1858 1882 1896 2308 2332 2346 2349 
m3087 22 23 30 46 1123 1130 1146 1180 1523 1530 1546 2330 4823 
m3597 36 37 40 46 1840 1886 1890 1896 2036 2037 2040 2046 2336 2337 2340 2346 4346 4387 4396 4837 
m2797 22 23 30 36 40 41 1123 1130 1136 1140 1141 1172 1173 1180 1186 1190 1523 1822 1823 1830 1836 2023 2030 2036 2073 2086 3673 4323 4586 
m713 23 30 36 40 41 1173 1180 1186 1190 1191 1523 1823 1830 1836 1841 2023 2030 2036 2073 2080 2086 2090 2091 3673 4323 4586 
m1073 23 40 46 49 1196 2023 2040 2046 2473 2490 2496 
m798 12 22 36 40 41 45 46 49 636 640 641 645 649 1145 1822 1836 1840 1841 1845 2012 2022 2036 2040 2041 2045 2046 2049 2072 2095 2272 2295 2336 2340 2349 2486 2490 2491 2495 3136 4336 4812 
m1446 38 46 1938 1946 
m2989 23 30 38 1180 1188 1523 1538 1938 3673 
m1972 3 13 22 23 172 672 1163 1172 2663 3653 
m3510 14 36 46 49 736 746 749 1849 2336 2346 2349 4814 4836 
m2428 22 46 1122 1146 2346 
m2951 27 46 49 2327 2346 2477 2496 
m3190 22 30 36 40 41 1122 1130 1136 1140 1141 1522 1536 1840 2036 2040 2072 2080 2086 
m2916 13 46 2313 2346 
m2936 22 30 36 40 41 49 1136 1140 1536 1541 1549 1830 1836 1840 1841 1849 2030 2036 2040 2041 2049 2072 2086 2090 2091 2099 2472 2486 
m3132 22 23 30 46 1122 1123 1130 1146 1172 1173 1180 1196 1522 1523 1530 1546 2323 2330 2346 3696 
m680 23 26 30 40 46 1173 1180 1323 1330 1346 1523 2023 2026 2030 2046 2323 2330 3673 4823 
m3507 22 37 46 49 1137 1146 1899 2346 2349 2496 4396 4837 
m57 22 23 30 46 1122 1123 1130 1146 1523 1530 1546 2330 2346 3696 4823 
m3586 22 23 36 40 41 1122 1123 1136 1140 1141 1172 1173 1822 1823 1836 1840 1841 2022 2023 2036 2040 2041 2073 2086 2090 3673 4586 
m1397 22 23 30 46 1122 1123 1130 1146 1180 1522 1523 1530 1546 2330 4823 
m148 13 22 41 691 1113 1122 1141 
m1729 45 
m2669 11 13 23 30 33 563 573 580 583 673 680 1173 1180 1513 1523 1533 1673 1680 3183 3673 
m971 26 36 37 46 49 1336 1337 1346 1349 1837 1846 1849 2476 2486 2487 2496 2499 4837 
m2006 34 45 2284 
m3603 31 45 2281 
m2498 36 37 46 1837 2336 2337 4336 4337 
m1544 22 23 1123 1173 3673 
m2310 14 40 46 49 2014 2040 2046 2314 2346 2464 2490 2496 4814 
m294 36 46 2336 2346 4836 
m2794 22 30 36 37 41 1130 1136 1536 1537 1541 1886 2086 2087 
m2169 45 46 2296 2345 2346 
m3299 22 23 24 40 45 46 1122 1145 1172 1190 1195 1222 1240 1245 1246 2022 2023 2024 2040 2045 2046 2272 2295 2322 2340 2345 3696 3723 
m2769 22 36 40 41 1136 1140 1141 1836 1840 1841 2036 2040 2072 2086 2090 2091 4586 
m1485 5 23 38 273 1905 1923 
m1385 2 41 141 
m3 22 23 30 46 1122 1123 1130 1146 1180 1522 1523 1530 1546 2323 2330 
m2793 17 41 46 891 2067 2096 2341 4817 
m395 37 40 46 1890 2037 2040 2046 2337 2340 2346 4396 
m3225 22 23 30 36 38 40 46 1123 1130 1136 1140 1172 1173 1180 1186 1188 1190 1196 1523 1538 1546 1822 1830 1922 1923 1936 1940 1946 2022 2023 2030 2036 2040 2322 2323 2330 2336 2340 3673 4323 
m1239 22 23 36 38 41 1122 1123 1136 1138 1141 1922 1923 1936 1938 1941 2073 3686 4586 
m1920 32 1632 
m103 37 40 46 1890 2037 2040 2046 2337 2340 2346 4396 
m374 26 36 37 46 49 1826 1837 1846 1849 1876 1899 2326 2476 2496 4396 
m3228 14 46 49 2314 2346 2464 2496 4814 
m379 8 41 46 49 408 446 449 2058 2096 2099 2349 
m3584 22 23 36 40 41 1122 1123 1136 1140 1141 1172 1173 1186 1822 1823 1836 1840 1841 2022 2023 2036 2040 2041 2072 2073 2086 2090 3673 4586 
m1812 26 38 41 1326 1338 1341 1926 1941 2076 2088 4591 
m3512 5 32 46 1605 2305 2332 2346 4846 
m1987 14 41 46 2064 2091 2096 2314 2346 4814 4846 
m3215 22 23 30 38 1122 1123 1130 1138 1173 1180 1523 1922 1923 1930 1938 3673 
m3521 13 22 32 36 40 672 686 690 1113 1136 1140 1613 1622 1636 1640 1822 2022 2036 2040 3186 4336 
m278 
m2622 2 13 36 38 40 41 46 113 136 138 140 141 1813 1913 1936 1940 2013 2036 2063 2086 2088 2090 2302 2313 2336 2338 2340 2341 2346 
m407 23 36 38 40 41 1823 1840 1923 1936 2023 2036 2073 2086 2088 2090 4323 4336 4586 
m2868 22 40 46 1122 1140 1146 2340 
m3550 22 23 30 36 40 41 46 1122 1123 1130 1136 1140 1141 1146 1191 1522 1523 1530 1536 1540 1541 1546 1822 1823 1830 1836 1840 1841 1846 2022 2023 2030 2036 2040 2041 2046 2072 2080 2086 2090 2091 2341 3696 4323 
m2515 22 36 41 1122 1136 1141 1841 2091 4586 
m1896 38 49 1938 1949 2488 2499 
m1748 14 22 23 30 46 722 1172 1514 1522 1523 1546 2314 2322 2323 2330 2346 3664 4814 4823 
m3235 8 408 
m2183 37 49 1899 2487 2499 
m2301 37 40 46 1890 2037 2040 2046 2337 2340 2346 4396 
m1025 14 22 36 40 46 722 1814 1822 1836 1840 1846 2014 2022 2036 2040 2046 2314 2322 2340 2346 3246 4314 4346 4836 
m627 22 23 30 36 40 41 46 49 1122 1123 1130 1136 1140 1141 1146 1172 1173 1186 1190 1191 1199 1522 1523 1530 1536 1540 1541 1546 1549 1822 1823 1830 1836 1840 1841 1846 1849 2022 2023 2030 2036 2040 2041 2046 2049 2072 2073 2086 2090 2096 2099 2330 2336 2340 2341 2349 2472 2473 2486 2490 2496 3696 4336 4823 
m2781 5 14 45 46 705 745 2255 2305 2314 2345 2346 4814 
m1305 40 41 46 2046 2090 2096 2340 
m3516 46 2346 
m1797 22 36 37 40 46 1122 1136 1137 1140 1146 1822 1836 1837 1840 1846 1872 1896 2022 2036 2037 2040 2046 2322 2337 2346 4387 4396 4837 4846 
m3249 28 36 1828 1836 
m3212 13 22 32 46 682 1113 1122 1132 1146 2313 2322 2332 
m1846 22 23 46 49 1122 1146 1149 1172 1199 2322 2346 2349 3696 4823 
m1177 22 23 30 46 1122 1123 1130 1146 1180 1523 1530 1546 2330 2346 4823 
m2020 5 38 45 46 255 1905 1938 1945 1946 2255 2305 2345 2346 
m1121 32 44 46 1632 1644 1646 2344 
m2268 36 40 46 1836 1840 1846 2036 2040 2046 2336 2340 2346 4336 4346 
m3535 13 38 1913 1938 
m1872 22 23 38 46 1123 1138 1146 1172 1173 1922 1923 1938 1946 2322 2323 3673 4823 
m3313 
m1954 22 40 46 1140 1146 2022 2040 2046 2340 2346 
m3568 6 17 23 32 36 856 873 882 886 1156 1182 1606 1636 1806 3686 
m1434 23 46 49 2323 2346 2473 2496 4823 
m221 38 41 44 46 1941 1944 1946 2094 2096 2344 
m2164 22 36 40 46 49 1822 1836 1840 1846 1849 2022 2036 2040 2046 2049 2322 2336 2340 2346 2349 2486 2490 2496 4346 
m2664 14 36 40 46 740 1814 1836 1840 1846 2014 2036 2040 2046 2314 2340 2346 3246 4314 4346 4836 
m574 22 41 1122 1141 2072 
m724 22 32 40 46 1146 2022 2032 2040 2046 2332 2346 4846 
m3293 14 20 38 46 49 720 1914 1946 2320 2349 2464 2470 4814 
m116 23 30 40 46 1180 2023 2030 2046 2330 2346 4823 
m101 22 23 36 1123 1136 1172 1173 1186 1822 1823 3673 
m1283 22 23 30 36 40 41 1123 1130 1172 1173 1180 1186 1190 1522 1523 1530 1536 1540 1822 1823 1830 1840 2022 2023 2030 2073 2080 2086 3673 
m3161 23 32 46 1196 1623 1646 2346 
m1679 12 40 46 2012 2046 4812 
m1238 36 46 49 1849 2346 2349 4836 
m3629 22 23 30 36 40 46 49 1122 1123 1130 1136 1140 1146 1149 1172 1173 1180 1186 1190 1199 1522 1523 1530 1536 1540 1546 1549 1823 1840 2022 2023 2030 2036 2040 2046 2322 2330 2336 2340 2346 2349 2472 2473 2480 2486 2490 2496 3696 4823 
m969 12 36 38 41 46 641 1841 1912 1936 1938 1941 1946 2062 2086 2091 2096 2312 2336 2341 4312 
m3088 22 23 30 36 40 41 46 1122 1123 1130 1136 1140 1141 1146 1191 1522 1523 1536 1541 1546 1841 1846 2023 2030 2036 2040 2041 2046 2072 2080 2341 3696 4323 
m1254 37 39 40 46 49 1890 1899 1987 1990 1999 2340 2490 2496 4396 4496 
m3010 30 40 46 49 2030 2046 2049 2330 2349 2480 2496 4846 
m1949 10 38 1910 1938 
m12 14 37 46 49 2314 2337 2346 2464 2487 2496 4364 
m2030 14 32 36 46 732 736 1832 2314 2332 4836 
m3690 14 22 23 30 40 41 46 714 746 1114 1141 1146 1164 1172 1190 1191 1196 1514 1522 1523 1530 1540 1541 1546 2014 2022 2023 2030 2040 2041 2046 2064 2096 2314 3664 
m2244 12 22 23 36 40 46 49 636 649 1186 1199 1822 1836 1840 2022 2036 2336 2349 2486 3123 3146 3686 4336 4823 
m643 46 2346 
m25 40 46 2040 2046 2346 
m63 13 20 22 33 36 38 40 1013 1022 1033 1036 1038 1040 1113 1122 1133 1136 1138 1140 1813 1833 1838 1840 1913 1933 2013 2033 2038 4163 
m661 22 26 38 46 1146 1322 1346 1922 1926 1946 2346 
m3057 23 31 46 49 1196 1573 1596 2323 2346 2473 2481 2496 
m605 22 23 36 40 1122 1123 1136 1140 1173 1822 1823 1840 2022 2023 3673 
m1389 30 36 41 46 1830 1836 1841 1846 2080 2330 2336 2341 2346 4586 4836 
m2471 38 46 1938 2338 
m1654 36 40 41 46 49 1836 1840 1846 1849 2036 2040 2041 2046 2049 2086 2090 2096 2099 2336 2340 2346 2349 2486 2490 2496 4346 4586 4836 
m356 10 26 32 46 526 532 546 1310 1326 1332 1346 1610 1626 1632 1646 2310 2326 2332 2346 
m750 46 2346 4846 
m1440 32 36 46 49 1636 1646 1849 2332 2336 2346 2349 4136 4336 4836 
m1832 32 38 46 49 1649 1932 1949 2332 2338 2346 2349 4846 
m826 26 37 46 1337 1346 2337 2346 4837 
m585 34 45 2284 
m3016 32 36 46 49 1636 1649 1849 2332 2336 2346 2349 2486 2499 4136 4336 
m3647 22 30 37 40 46 1130 1137 1146 1537 1540 1546 1890 2340 4396 
m1632 26 31 36 37 46 1576 1587 1596 1826 1831 1837 1846 1876 1896 2326 
m2228 22 44 46 1122 1144 1146 2222 2246 2322 2344 2346 
m1414 22 23 30 36 40 41 1122 1123 1130 1136 1140 1172 1173 1180 1186 1190 1523 1822 1823 1830 1836 2023 2030 2036 2072 2073 3673 4323 4586 
m3187 22 30 40 46 1122 1130 1140 1146 2022 2030 2040 2046 2322 2330 2340 2346 
m332 22 23 1123 1173 3673 
m842 23 26 30 38 40 46 1180 1323 1330 1338 1346 1923 1930 1938 1946 2023 2026 2030 2038 2046 2330 4823 
m3610 30 38 46 1930 1938 1946 2330 2346 
m1002 5 36 46 49 286 296 299 1836 1849 2336 2346 2349 2486 2496 2499 4836 
m918 30 46 49 2330 2480 2496 
m286 33 36 38 40 46 49 1686 1690 1836 1838 1840 1846 1849 1933 1936 1938 1940 1946 2033 2036 2038 2040 2046 2333 2336 2338 2340 2346 2486 2488 2490 2496 
m1548 22 26 44 45 46 1144 1145 1146 1322 1344 1345 1346 2294 2296 2344 2346 
m1015 26 33 37 44 46 1333 1337 1344 1346 2233 2237 2333 2337 2344 2346 4383 
m1036 22 23 36 40 41 1122 1123 1136 1140 1141 1173 1823 1836 1840 1841 2023 2036 2040 2041 2072 2073 2086 2090 2091 3686 4323 
m182 26 38 46 1326 1346 1926 1946 2326 4846 
m862 38 46 1938 1946 2346 
m3530 13 38 1913 1938 
m1342 30 46 2330 
m1892 37 46 2337 2346 
m960 36 
m904 22 23 36 41 1122 1123 1136 1141 1191 3686 4586 
m3155 14 30 46 730 2314 2330 
m2408 23 31 45 46 49 1195 1196 1573 1595 1596 2295 2323 2345 2346 2473 2481 2496 
m122 22 23 36 46 1123 1136 1146 2323 4323 4836 
m1687 22 36 41 1136 1141 1841 2072 2086 2091 4586 
m218 28 46 1428 2328 2346 
m445 14 22 46 722 746 2322 2346 
m2720 13 38 46 1913 1938 1946 2313 
m2742 13 22 40 690 1113 1122 
m2481 22 46 49 1146 2472 2496 
m689 22 30 36 40 46 1130 1136 1140 1146 1536 1540 1546 1840 2030 2036 2040 2046 2330 2336 2340 2346 4346 
m243 14 22 46 714 722 746 1114 1146 2314 2346 3246 4814 
m674 23 27 1173 1177 1373 1377 
m2890 38 41 46 49 1938 1946 1949 2088 2096 2349 
m1516 22 30 40 46 1122 1130 1140 1146 2030 2046 2322 2330 2340 2346 
m2728 30 36 46 1536 1546 2330 2336 2346 4836 
m1396 41 46 2091 2096 2341 
m2799 46 2346 4846 
m637 22 30 36 40 41 49 1122 1130 1136 1140 1141 1149 1536 1540 1822 1840 1841 2022 2036 2040 2041 2080 2086 2090 2472 2486 2490 
m158 22 23 36 40 41 1122 1123 1136 1822 1823 1836 1840 2022 2023 2036 2072 2073 2086 2090 3673 4323 4586 
m671 13 22 46 1113 1122 1146 2313 2322 2346 
m1224 26 32 36 46 1332 1336 1346 1832 2332 2336 2346 4836 
m2930 5 38 46 288 296 1946 
m2196 32 1632 
m1350 22 23 30 46 1123 1130 1146 1172 1173 1180 1196 1523 1530 1546 2330 4823 
m730 22 23 36 40 41 46 1122 1136 1140 1141 1186 1190 1191 1196 1823 1836 1840 1841 1846 2023 2036 2040 2041 2046 2072 2073 2086 2090 2091 2096 2336 2340 2341 3686 
m128 37 38 46 1888 1937 1938 1946 2338 4837 
m1204 5 37 46 1855 2305 2337 2346 4837 
m3471 36 
m1885 22 23 30 36 40 41 1123 1136 1141 1172 1186 1190 1191 1522 1523 1536 1540 1541 2022 2023 2036 2041 2086 3673 3686 4336 4586 
m1710 5 45 255 295 2255 2295 
m781 22 44 46 1122 1144 1146 2322 2344 2346 4846 
m1488 33 38 46 1696 1933 1946 2333 2346 
m2587 26 38 46 1926 1946 2326 
m716 46 49 2346 2349 4846 
m3381 36 46 4836 4846 
m82 
m2647 22 23 30 36 40 41 1122 1123 1130 1136 1140 1173 1522 1523 1536 1822 1823 1830 1836 2022 2023 2030 2036 2072 2073 2080 2086 2090 2091 3673 4323 4586 
m2067 37 38 46 1888 1896 2337 2338 2346 
m765 5 26 36 46 49 50 276 296 300 1346 1350 1805 1826 1846 1849 1850 2305 2326 2346 2349 2350 2455 2476 2496 2500 
m2891 22 23 36 40 1123 1136 1173 1186 1190 1836 1840 2036 3673 3686 
m2348 22 30 36 40 46 1122 1130 1136 1146 1522 1536 1822 2022 2030 2036 2322 2330 2336 2340 2346 4836 
m1017 38 40 46 49 1940 1946 1949 2046 2490 2496 
m1095 12 32 36 46 1612 1646 1812 2336 2346 3146 4136 4346 4812 
m2361 22 36 40 46 49 1136 1140 1146 1149 1836 1840 1846 1849 2036 2040 2046 2049 2336 2340 2346 2349 2486 2490 2496 4346 
m1279 20 22 36 41 1022 1120 1122 1136 1141 1820 1822 2070 2072 4586 
m1873 12 22 36 37 40 41 46 612 622 636 637 640 641 646 1112 1136 1137 1140 1141 1146 1812 1822 1837 1840 1846 1872 1886 1890 1891 2012 2022 2036 2037 2040 2041 2046 2062 2072 2086 2087 2090 2096 2312 2322 2336 2340 2341 4837 
m2876 5 23 30 40 46 1155 1180 1505 1523 1530 1546 2005 2023 2030 2040 2046 2305 2323 2330 2340 4846 
m3710 13 22 23 32 36 40 41 672 673 686 690 691 1122 1123 1136 1140 1141 1186 1190 1191 1613 1622 1623 1636 1823 1840 1841 2023 2041 3673 
m2960 6 23 1156 1173 
m320 5 36 38 46 49 255 286 288 296 299 1805 1836 1838 1846 1849 1905 1936 1946 2346 2349 2486 2499 4836 
m1257 14 40 46 2014 2040 2046 2314 2346 4814 
m2356 12 23 36 46 49 636 649 1199 1849 2336 2349 3123 3686 4812 4823 
m3014 38 41 46 1938 1941 1946 2341 2346 
m3567 32 36 38 46 1832 1932 1936 1938 1946 2332 2336 2346 4836 
m494 22 23 36 40 41 1122 1123 1136 1140 1141 1172 1173 1822 1823 1836 1840 2022 2023 2036 2040 2072 2073 2086 2090 3673 4586 
m3271 5 13 22 263 272 1105 1113 1122 
m2507 23 30 36 41 1173 1180 1186 1191 1523 1530 1536 1541 1823 1830 1836 1841 2073 2080 2091 3673 4323 4586 
m3241 30 46 49 1530 1549 2330 2346 2349 
m878 23 36 40 46 49 1190 1823 1836 1840 1846 1849 2023 2036 2040 2046 2336 2340 2346 2349 2473 2486 2490 4323 4346 4823 4836 
m470 13 20 22 33 36 40 670 672 686 690 1022 1033 1036 1040 1672 1686 1690 1822 1840 2022 2036 3183 3536 4336 
m3701 5 13 38 46 263 288 296 696 1913 1938 1946 2305 2313 2338 2346 
m1690 
m721 36 40 41 46 49 1841 2036 2040 2046 2336 2341 2346 2349 2486 2491 2496 4346 4836 4846 
m1099 30 38 1930 1938 
m1661 23 30 1173 1180 1523 1530 3673 
m3197 16 26 36 40 46 49 826 1826 2016 2036 2046 2316 2326 2346 2466 2486 2490 2496 3336 3346 4346 4836 
m1110 22 32 33 36 40 1122 1132 1133 1136 1140 1633 1636 1832 1833 1836 1840 2032 2033 2036 4186 4333 4336 
m2795 23 30 1180 1523 1530 
m1216 26 32 36 46 1332 1336 1346 1832 2332 2336 2346 4836 
m1240 22 23 30 38 46 1123 1130 1146 1188 1523 1530 1538 1546 2338 3696 
m1031 22 23 30 41 1122 1123 1130 1172 1173 1180 1522 1523 1530 2072 2073 2080 3673 
m576 22 36 40 41 1141 1822 1836 1841 2036 2041 2072 2086 2091 4586 
m3668 16 22 36 40 822 836 840 1116 1122 1136 1140 1822 2022 2036 
m1479 22 23 36 40 41 1123 1136 1140 1173 1822 1823 1836 1840 2022 2023 2036 2040 2072 2073 2086 2090 3673 4323 4586 
m1261 14 45 46 2264 2296 2314 2346 4814 
m1059 14 22 40 46 1114 1140 1146 2014 2040 2046 2314 2346 4814 4846 
m3528 23 46 49 2346 2349 2473 4823 
m863 5 36 46 49 286 296 299 1849 2346 2349 2486 2499 4836 
m3366 22 36 38 40 46 1136 1138 1140 1146 1838 1946 2036 2038 2040 2046 2336 2338 2340 2346 4346 
m1775 22 23 37 1122 1123 1172 1173 1872 1873 3673 
m899 22 23 30 36 40 46 49 1172 1173 1190 1196 1522 1523 1536 1546 1549 1822 1823 1840 2022 2023 2046 2322 2472 2473 2486 2490 2496 3696 4323 4346 
m3307 26 38 46 1346 1926 1946 2346 
m3602 14 44 46 49 744 746 2344 2464 2494 2496 
m2680 14 36 40 41 46 714 736 2014 2036 2046 2064 2086 2090 2096 3246 4314 4346 4814 
m1630 23 30 36 40 41 49 1186 1190 1199 1523 1530 1536 1540 1549 1836 1840 1849 2073 2080 2086 2090 2099 2486 2490 2499 3686 4336 
m1133 22 23 30 1122 1123 1130 1173 1522 1523 3673 
m2956 22 23 30 36 41 1123 1130 1141 1191 1523 1541 1822 1823 1830 1841 
m871 14 21 40 714 721 740 2014 2021 
m1982 22 23 30 38 40 41 1140 1523 1530 1538 1923 1930 2022 2023 2030 2040 2072 2090 
m3546 5 22 23 24 40 46 273 274 290 1123 1146 1190 1222 1240 1246 2022 2023 2024 2046 2340 3696 3723 
m430 14 22 46 722 2314 2322 2346 4814 
m2165 36 40 46 49 1836 1840 1846 1849 2036 2040 2046 2049 2336 2340 2346 2349 2486 2490 2496 4346 
m2063 23 41 1191 2073 3673 
m1134 45 46 2296 2345 2346 4846 
m1447 22 23 41 1122 1123 1173 2072 2073 3673 
m3236 11 13 33 661 1661 4163 
m1788 22 23 36 40 1122 1123 1136 1140 1172 1173 1186 1190 1822 1823 1836 1840 2022 2023 2036 2040 3673 3686 4323 
m3305 26 40 46 1346 2026 2046 2346 
m2146 32 38 46 1632 1646 1932 1938 1946 2332 2346 
m1602 22 36 37 40 46 1136 1137 1140 1146 1837 1840 1846 1890 2022 2036 2037 2040 2046 2336 2340 2346 4336 4346 4396 4837 
m2549 12 14 23 34 46 712 1162 1164 1196 1712 1714 1723 1734 1746 2314 3114 3214 3664 4812 
m2372 5 14 30 46 264 296 1505 1514 1546 2305 2314 2330 2346 4814 
m789 23 32 46 1196 1623 1646 2346 
m3592 36 41 1841 2086 2091 4586 
m2460 22 23 36 40 41 1122 1123 1136 1140 1141 1172 1173 1822 1823 1836 1840 2022 2023 2036 2040 2072 2073 2086 2090 3673 4586 
m1841 36 40 46 49 1840 1846 1849 2036 2040 2046 2049 2336 2340 2346 2486 2496 4336 4346 4846 
m1671 36 40 45 46 1845 2036 2045 2046 2336 2345 4836 4846 
m2613 5 23 30 46 273 280 296 1180 1505 1523 1530 1546 2305 2323 2330 2346 4823 
m2147 14 38 46 738 2314 2338 2346 4814 
m513 22 23 30 41 1123 1130 1141 1172 1173 1180 1191 1522 1523 1541 2072 2073 2080 2091 3673 
m124 22 30 36 40 41 49 1122 1130 1136 1140 1141 1536 1540 1822 1840 1841 2022 2036 2040 2041 2080 2086 2090 2472 2486 2490 
m3339 12 26 46 626 1312 1326 1346 2326 4812 
m3272 22 23 36 40 1122 1123 1136 1140 1173 1186 1190 1822 1823 1836 1840 2022 2023 2036 2040 3673 4323 
m913 32 36 40 46 2032 2036 2040 2046 2332 4332 4836 
m2243 23 30 45 46 1180 1195 1196 2280 2296 2330 2345 2346 3696 4823 
m3316 12 22 23 30 46 612 622 623 630 646 1112 1122 1123 1130 1180 1512 1522 1523 1530 2312 2322 2323 2330 2346 4812 
m1518 22 23 30 41 46 1123 1130 1146 1172 1522 1523 1530 1546 2072 2073 2080 2096 2322 3696 
m348 22 23 27 41 45 1122 1123 1127 1141 1145 1195 1372 1391 2073 2095 
m458 46 2346 
m1893 9 23 30 46 1159 1509 1523 1546 2309 2323 2346 4823 
m623 5 22 23 30 46 255 273 280 296 1105 1122 1123 1130 1146 1180 1505 1523 1530 1546 2330 4823 
m2641 5 32 36 46 49 282 286 296 1632 1636 1649 1849 2305 2332 2336 2346 2349 
m1203 12 13 22 32 36 40 49 632 682 699 1112 1113 1122 1132 1136 1140 1812 1813 1832 1836 1840 1849 2012 2013 2032 2036 2049 2462 2482 2486 3136 3162 3186 
m935 14 40 46 2014 2046 2314 2346 4814 
m2376 14 46 49 2314 2346 2464 2496 4814 
m2189 13 22 33 36 40 672 686 690 1113 1122 1133 1136 1140 1672 1686 1690 1822 2022 2036 3183 
m2825 23 30 36 40 41 1523 1536 1540 1830 1836 1840 2023 2036 2073 2080 2086 2090 3686 4323 4586 
m1613 22 37 45 46 1122 1137 1145 1146 1872 2272 2287 2296 2322 4837 
m2865 23 30 36 41 1186 1191 1523 1536 1541 3673 3686 4586 
m2747 22 23 30 36 40 41 46 1122 1123 1130 1136 1140 1141 1146 1173 1186 1190 1522 1523 1536 1540 1541 1823 1836 1840 1841 2023 2036 2040 2041 2073 2086 2090 2322 2323 2330 2336 2340 2341 2346 3673 3686 4323 4336 
m460 14 20 40 46 49 720 2014 2020 2046 2049 2314 2320 2346 2349 2464 2470 2496 4814 
m762 13 20 22 33 36 37 40 672 686 690 1013 1020 1022 1033 1036 1040 1120 1122 1136 1140 1672 1686 1690 1813 1820 1822 1836 1840 1870 1872 1886 1890 2013 2020 2022 2036 3183 
m984 32 37 1632 1637 1882 
m448 22 23 30 36 40 41 46 49 1122 1123 1130 1136 1140 1141 1146 1172 1173 1186 1190 1191 1199 1522 1523 1530 1536 1540 1541 1546 1549 1822 1823 1830 1836 1840 1841 1846 1849 2022 2023 2030 2036 2040 2041 2046 2049 2072 2073 2086 2090 2096 2099 2330 2336 2340 2341 2349 2472 2473 2486 2490 2496 3696 4823 
m3037 2 22 36 40 41 122 136 140 1136 1140 1141 1822 1836 1840 1841 2036 2041 2636 
m2191 30 36 37 40 46 1536 1537 1540 1546 1837 1840 1846 1890 2037 2046 2340 4396 
m2748 6 14 32 36 49 706 714 732 736 749 1606 1636 1806 2456 2482 2486 
m2290 22 23 30 36 40 46 49 1122 1123 1130 1136 1140 1146 1149 1172 1173 1186 1190 1199 1522 1523 1530 1536 1540 1546 1549 1822 1823 1830 1836 1840 1846 1849 2022 2023 2030 2036 2040 2046 2049 2322 2330 2336 2340 2346 2472 2473 2480 2486 2490 2496 3696 4823 
m2952 23 30 36 38 46 49 1173 1180 1186 1188 1196 1199 1523 1530 1536 1538 1546 1549 1823 1830 1838 1846 1849 1923 1930 1936 1946 1949 2323 2330 2336 2338 2346 2349 2473 2480 2486 2488 2496 4823 
m476 22 36 37 40 41 1137 1140 1822 1836 1840 1841 2022 2036 2037 2040 2041 2072 2086 2090 2091 4586 
m1818 23 36 38 40 41 1173 1186 1188 1190 1923 1936 1938 1940 2023 2036 2073 2086 2088 3673 3686 4323 4336 
m1559 31 36 1581 1586 1831 1836 4086 
m3029 14 46 49 2314 2346 2464 2496 4814 
m920 22 23 30 36 40 41 1122 1123 1136 1140 1141 1172 1173 1186 1190 1191 1522 1523 1536 1541 1840 1841 2023 2036 2041 2072 2073 2086 2090 2091 3673 3686 4323 4336 4586 
m2589 36 38 40 46 49 1836 1838 1840 1846 1849 1938 2036 2038 2040 2046 2049 2336 2338 2340 2346 2349 2486 2488 4336 4346 4836 
m893 22 23 36 45 1172 1822 2272 2273 2286 4323 
m3417 14 36 40 46 2014 2036 2040 2046 2336 4314 4814 
m2368 32 36 38 40 46 49 1632 1636 1649 1849 1932 1936 1946 1949 2032 2036 2038 2046 2332 2336 2338 2340 2346 2349 
m1475 12 14 23 30 46 630 723 730 746 1180 1512 1523 1530 1546 2312 2330 3123 3212 4823 
m51 23 30 36 49 1180 1523 1530 1549 1823 1830 1836 1849 2473 2480 2486 2499 
m2015 5 32 36 255 282 286 1605 1805 1832 1836 4332 
m1048 22 23 30 46 1122 1123 1130 1146 1523 1530 1546 2330 2346 3696 4823 
m308 36 40 41 1841 2036 2041 2086 2090 2091 
m2726 36 40 46 49 1836 1840 1846 1849 2036 2040 2046 2049 2336 2340 2346 2349 4346 4836 4846 
m337 22 36 40 44 46 1136 1144 1146 1822 1836 1846 2022 2036 2044 2046 2236 2246 2322 2336 2344 2346 4346 4736 4836 4846 
m3032 22 23 30 36 40 1123 1130 1136 1140 1172 1173 1186 1190 1523 1536 1540 1823 2022 2023 2036 3673 4323 
m586 36 41 1841 
m43 
m3451 23 1173 3673 
m1084 23 30 36 40 1180 1523 1530 1536 1540 1830 2023 2030 2036 2040 4323 
m845 5 36 46 49 286 296 299 1849 2346 2349 2486 2499 4836 
m2014 22 38 46 49 1122 1146 1149 1922 1938 1946 1949 2322 2346 2349 4846 
m1942 5 13 22 33 36 40 46 263 272 283 286 290 672 686 690 1113 1122 1133 1136 1140 1672 1686 1690 1822 2022 2036 2305 2313 2322 2333 2336 2340 3183 
m1800 22 46 1122 1146 2322 2346 
m2371 36 37 40 46 1837 1846 2036 2037 2040 2046 2337 2346 4346 4837 
m91 36 40 46 1840 2036 2040 2336 2340 
m557 22 40 41 46 1122 1140 1141 1146 2041 2046 2341 2346 
m2106 22 23 36 41 1123 1136 1141 1173 1186 1191 3673 3686 4341 
m1437 22 37 40 45 46 1146 1872 1887 1890 1895 1896 2022 2037 2046 2287 2290 2295 2296 2322 2337 2340 2346 4396 
m1785 22 23 30 32 40 41 1140 1182 1523 1530 1532 2022 2023 2030 2032 2040 2072 2090 
m2678 36 49 1836 1849 2499 
m2727 14 36 40 46 1814 1846 2014 2036 2040 2046 2314 2346 4346 4814 4846 
m1656 10 36 46 49 546 1836 1846 1849 2310 2336 2346 2349 2486 2496 2499 
m1339 14 38 46 49 746 749 1914 1938 1946 1949 2346 2349 
m598 32 36 41 46 1641 1646 2332 2336 2341 2346 4136 4586 
m3651 22 40 46 1122 1140 1146 2340 2346 
m1836 26 36 46 1336 1346 4836 4846 
m823 22 36 40 46 1136 1140 1146 1840 2336 2340 4336 4836 
m3326 14 37 3237 
m3213 23 30 38 41 1173 1180 1523 1923 1930 1938 1941 2073 2080 2088 2091 3673 
m3311 23 30 45 46 1523 1545 1546 2273 2296 2345 2346 3696 4823 
m2634 36 38 46 1936 1938 1946 2336 2346 
m302 3 30 36 40 46 180 186 190 196 1830 2030 2036 2046 2330 4836 
m364 14 22 40 45 46 722 2014 2045 2046 2264 2272 2296 2314 2322 2340 2345 2346 4814 
m3284 14 22 36 40 46 714 1114 1136 1140 1146 1814 2014 2036 2046 3236 3246 4346 4814 
m3195 22 36 40 41 1822 1840 2022 2036 2072 2086 2090 4336 4586 
m1980 22 23 30 36 40 46 1122 1123 1130 1136 1140 1146 1180 1523 1530 1536 1546 1830 1846 2022 2023 2030 2036 2040 2046 2330 4323 4823 
m786 5 7 13 22 257 263 272 363 372 1107 1113 1122 
m410 22 23 30 1123 1130 1172 1173 1180 1523 3673 
m2466 38 41 46 1941 1946 2341 
m2181 23 45 46 1196 2273 2296 2323 2346 3696 4823 
m226 30 38 40 45 46 1930 2030 2038 2045 2046 2280 2288 2296 2330 2338 
m2364 5 36 46 49 286 296 299 1836 1849 2305 2336 2346 2349 4836 4846 
m948 22 23 36 40 46 49 1122 1123 1136 1172 1822 1823 1836 1849 2022 2023 2036 2040 2046 2049 2322 2323 2336 2349 2472 2473 2486 4323 4336 4346 4836 
m2210 14 714 
m1274 38 41 46 49 1938 1946 1949 2088 2096 2099 2341 2346 2349 
m812 14 46 49 2314 2346 2464 2496 4814 
m3200 12 26 46 626 2326 4812 
m2732 36 40 46 49 1836 1846 2036 2040 2046 2049 2336 2346 2349 2486 2496 4336 4836 
m1290 5 13 33 46 263 283 2305 2313 2333 4163 
m3491 14 38 40 46 49 1938 1940 1946 2014 2046 2049 2346 2464 2496 4814 
m2537 14 23 30 38 730 1180 1514 1523 1530 1914 1923 1930 3223 
m944 11 13 22 46 563 572 596 696 1111 1113 1122 1146 
m1338 7 16 36 46 386 807 2307 2316 2336 3336 
m2300 22 37 40 46 1137 1146 1890 2022 2037 2040 2046 2322 2337 2340 2346 4396 
m1951 13 20 22 33 36 38 40 688 1013 1022 1033 1036 1038 1040 1113 1133 1136 1138 1140 1688 1813 1822 1833 1838 1840 2013 2033 2036 2038 3183 3536 4336 
m615 22 23 30 36 38 41 1122 1123 1130 1136 1138 1172 1173 1522 1523 1822 1823 1830 1838 1922 1923 1930 2072 2073 2080 2088 3673 4586 
m3285 8 10 38 508 1908 1910 
m2924 14 20 38 46 49 720 1914 1946 1949 2320 2464 2470 2496 4814 
m2923 5 22 36 38 40 46 49 286 296 299 1136 1138 1140 1146 1149 1836 1846 1849 1905 1936 1938 1946 1949 2036 2038 2046 2049 2346 2349 2455 2486 2496 2499 4836 
m754 22 36 37 40 46 1122 1136 1137 1146 1822 1837 1872 2036 2037 2046 2322 2336 2337 2340 2346 4346 4396 
m2810 36 40 41 1836 1840 1841 2036 2041 2086 2090 2091 4586 
m313 13 14 22 40 46 672 722 2013 2014 2040 2046 2313 2314 3164 
m1725 6 14 32 36 314 332 732 1806 1814 1832 
m1148 45 2295 
m1263 14 40 46 2014 2040 2046 2314 2346 4814 
m357 37 46 1896 2346 4837 
m2285 6 43 46 2306 2343 4656 
m1668 14 36 40 46 740 1814 1836 1840 1846 2014 2036 2040 2046 2314 2340 2346 3246 4314 4346 4836 
m420 22 30 38 46 1122 1130 1146 1922 1930 1938 1946 2330 2346 
m654 22 23 36 40 1122 1123 1136 1140 1172 1173 1186 1190 1822 1836 1840 2022 2023 2036 2040 3673 4336 
m2585 14 46 714 3246 
m149 14 32 46 714 732 746 1614 1646 4814 
m222 22 40 44 46 1146 2022 2044 2046 2344 2346 4846 
m1140 14 22 36 40 722 736 740 1114 1122 1136 1140 1822 2022 2036 
m311 22 32 36 46 49 1622 1649 1822 1832 1849 2322 2332 2336 2346 2349 2472 4136 4336 4836 
m3120 22 36 46 49 1122 1146 1149 1822 1846 1849 2472 2496 
m3526 22 46 1146 2322 2346 
m2394 12 23 36 40 41 46 49 623 636 640 641 649 1191 1823 1840 1841 2012 2023 2036 2040 2041 2046 2073 2086 2090 2091 2099 2312 2323 2336 2341 2346 2349 2473 2486 2490 2491 3136 4323 4336 4812 
m196 13 22 33 36 40 1113 1122 1133 1136 1140 1686 1690 1813 2013 2036 4163 
m3146 5 36 38 46 49 286 296 299 1849 1905 1936 1938 1946 2346 2349 2486 2499 4836 
m1185 23 32 46 1196 1623 1646 2346 
m2710 37 46 4837 
m129 23 26 30 33 40 46 49 1180 1323 1330 1333 1340 1346 1673 1680 1696 2023 2030 2033 2046 2330 2476 2480 2483 2490 2496 4823 
m2744 22 36 40 41 1122 1136 1140 1141 1836 1840 1841 2036 2040 2086 2090 2091 4586 
m1453 6 306 
m2929 26 40 46 2026 2046 2326 
m3625 22 45 46 1122 1146 2272 2296 2322 2346 4846 
m2390 5 13 22 26 33 36 40 263 272 283 286 290 672 686 690 1113 1122 1133 1136 1140 1305 1313 1322 1333 1336 1340 1655 1663 1672 1683 1686 1690 1822 2022 2036 3183 
m1771 22 23 36 40 41 46 1122 1123 1136 1140 1141 1146 1190 1836 1840 2022 2023 2036 2040 2041 2046 2073 2086 2090 2096 2322 2323 2336 2340 2341 2346 3673 3686 4323 4823 
m1142 23 1173 3673 
m761 22 30 32 36 40 41 46 49 1122 1130 1132 1136 1140 1141 1146 1522 1532 1536 1546 1622 1646 1822 1830 1832 1836 1840 1846 1849 2022 2030 2032 2036 2040 2046 2049 2072 2090 2096 2322 2472 2480 2482 2486 2490 2496 4346 4846 
m3527 22 23 30 36 40 46 1122 1123 1130 1136 1140 1146 1172 1173 1522 1523 1530 1540 1546 1822 1823 1830 1840 1846 2022 2023 2030 2036 2040 2046 2322 2323 2330 2340 2346 3696 4823 
m2619 22 23 30 38 41 1141 1172 1191 1522 1523 1538 1541 1922 1923 1930 1938 1941 
m1088 22 37 40 46 1122 1137 1140 1146 1890 2022 2037 2040 2046 2337 2340 2346 4837 
m2932 5 36 40 46 49 286 296 299 1836 1849 2005 2036 2046 2336 2346 2349 2486 2499 4836 
m2469 23 36 40 41 1173 1823 1836 1840 1841 2023 2036 2040 2041 2073 2086 2090 2091 3686 4323 
m660 36 41 1836 1841 2086 2091 4586 
m1615 22 23 45 1123 1173 1195 3673 
m1246 22 36 38 40 1122 1136 1138 1140 1836 1838 1840 1936 1938 2036 2038 2040 
m3688 14 22 23 30 40 45 46 714 746 1114 1145 1146 1164 1172 1190 1195 1196 1514 1522 1523 1530 1540 1545 1546 2014 2022 2023 2030 2040 2045 2046 2264 2296 2314 3664 
m3440 46 2346 
m1589 12 23 30 46 1162 1196 1512 1523 1530 1546 2312 2330 2346 3696 4812 4823 
m3424 14 22 23 30 46 49 722 746 1122 1123 1130 1146 1149 1172 1522 1523 1530 2322 2323 2330 2349 2473 2480 3673 4823 4846 
m1844 22 23 30 46 1122 1123 1130 1146 1523 1530 1546 2330 2346 3696 4823 
m1627 22 30 36 40 41 1136 1141 1522 1536 1540 1541 1822 1836 1840 1841 2022 2036 2040 2041 2086 4336 4586 
m1906 22 23 30 32 36 40 46 1122 1123 1130 1132 1136 1140 1146 1172 1173 1522 1523 1530 1546 1622 1623 1630 1640 1646 1822 1823 1830 1832 1840 1846 2022 2023 2030 2032 2036 2040 2046 2322 2323 2330 2332 2336 2340 2346 3696 4823 
m526 5 36 38 46 49 286 296 299 1849 1905 1936 1946 2346 2349 4836 
m1804 22 23 36 38 40 41 1122 1123 1136 1140 1173 1186 1190 1823 1836 1922 1923 1936 1940 1941 2022 2023 2036 2040 2072 2073 2086 2090 3686 4323 
m894 36 40 41 46 1841 2036 2041 2086 2090 2091 2336 2340 2341 4336 4836 4846 
m472 23 30 46 1180 1196 2323 2330 2346 3673 4823 
m1641 21 22 23 30 36 40 46 1072 1073 1080 1090 1096 1121 1122 1123 1130 1136 1140 1146 1172 1173 1522 1523 1530 1546 1821 1822 1823 1830 1840 1846 2021 2022 2023 2030 2036 2040 2046 2321 2322 2323 2330 2340 2346 3696 4823 
m1074 23 36 45 46 1186 1196 1836 1846 2273 2286 2296 3686 4836 
m685 22 23 30 1122 1123 1130 1173 1523 1530 3673 
m2241 22 36 40 41 1122 1136 1140 1141 1822 1836 1840 1841 2022 2036 2040 2041 2072 2086 2090 
m54 14 46 2314 2346 4814 
m3443 46 4846 
m1510 22 23 30 40 46 1122 1123 1130 1140 1146 1180 1523 1530 1546 2022 2023 2030 2046 2330 2346 4823 
m2007 26 39 40 46 1339 1340 1346 1990 2339 2340 4496 4846 
m321 22 23 46 1122 1123 1146 1196 2323 3673 
m507 22 36 37 40 1122 1136 1137 1140 1822 1872 1886 1890 2022 2036 
m1918 22 36 40 46 1122 1136 1140 1146 1836 1840 2022 2036 2040 2046 2322 2336 2340 2346 4836 
m651 36 46 49 2486 2496 4836 4846 
m1349 36 49 1836 1849 2499 
m2190 22 23 30 41 46 1122 1123 1130 1141 1146 1172 1173 1191 1522 1523 1530 1541 1546 2322 2323 2330 2341 2346 3696 4823 
m2643 22 46 1122 1146 2322 2346 
m3191 23 36 46 49 1196 1199 1846 1849 2346 2496 3686 
m2889 28 36 38 46 1828 1836 1928 1936 1938 1946 2328 2336 
m3312 22 23 49 1122 1123 1173 1199 2473 3673 
m341 22 23 30 36 41 46 1122 1123 1136 1141 1191 1522 1523 1536 1841 2322 2323 2330 2336 3686 
m2151 22 23 30 36 40 46 1122 1123 1130 1136 1140 1146 1172 1173 1522 1523 1530 1540 1546 1822 1823 1830 1840 1846 2022 2023 2030 2036 2040 2046 2322 2323 2330 2340 2346 3696 4823 
m2218 32 36 46 49 1636 1649 1832 1836 1846 1849 2332 2336 2346 2349 2482 2486 2496 2499 4332 4336 
m1090 22 37 40 46 1122 1137 1140 1146 1872 2022 2037 2046 2322 2337 2340 2346 4396 
m2398 5 36 46 1805 1846 2305 2336 2346 4346 4836 4846 
m3462 13 26 46 1313 1346 2313 2326 2346 
m1027 14 40 46 2014 2040 2046 2314 2346 3214 4814 
m592 13 22 40 45 46 1122 1140 1145 1146 2013 2040 2046 2272 2290 2296 2313 2346 3196 
m55 14 36 40 46 1814 1846 2014 2036 2046 3246 
m2024 8 408 
m1196 33 38 40 46 1690 1696 1933 1938 1940 1946 2333 2338 2340 2346 
m3045 23 24 40 46 1190 1240 1246 2023 2024 2040 2046 2340 3696 3723 
m697 14 23 36 38 46 49 1164 1814 1823 1838 1846 1849 1914 1923 1946 1949 2323 2464 2473 2496 4814 
m708 12 36 40 46 49 1812 2012 2036 2046 2049 2336 2346 2462 2486 2496 3146 4346 4812 
m1445 7 38 46 1907 1946 2307 2338 2346 
m1392 23 30 36 40 49 1180 1199 1549 1823 1830 1836 1840 1849 2023 2030 2036 2040 2049 2473 2480 2486 2490 
m90 30 38 46 1930 1938 1946 2330 2346 
m883 21 32 33 46 1082 1083 1096 1633 2321 2332 2333 2346 4833 
m1223 13 36 46 49 1813 2313 2336 2346 2349 2463 2486 2496 4813 
m178 15 23 30 40 46 773 1515 1523 1530 1546 2015 2023 2030 2046 2315 4823 
m2885 26 38 46 1926 1938 1946 2326 
m927 22 24 1124 
m1481 14 36 40 46 740 746 1814 1840 1846 2014 2036 2040 2046 2314 2340 2346 3214 3246 4346 4814 
m3080 5 13 33 655 1655 4163 
m3447 38 40 46 49 1940 1946 2046 2346 2488 2490 2496 
m3505 22 40 46 1146 2022 2046 2346 4846 
m2660 5 13 26 33 41 46 655 696 1305 1313 1326 1333 1341 1346 1655 1676 1691 1696 2055 2063 2096 2305 4163 
m2314 22 23 45 1123 1145 1173 2273 3673 
m1713 14 22 44 46 1114 1144 1146 2214 2246 2314 2322 2344 2346 3246 4846 
m3328 13 22 672 1113 1122 
m1125 14 40 45 46 745 2014 2040 2046 2314 2345 2346 3214 4814 
m1503 21 22 30 36 40 41 46 1072 1096 1121 1122 1130 1136 1140 1141 1146 1521 1522 1536 1546 1821 1822 1846 2021 2022 2030 2036 2040 2046 2072 2090 2096 2321 2322 2340 4346 4846 
m522 32 36 46 1832 2332 2336 2346 4836 
m738 23 30 36 41 1173 1523 1823 1830 2073 2080 3673 4323 4586 
m2176 22 37 38 46 49 1137 1146 1149 1899 1922 1937 1938 1946 1949 2322 2337 2338 2346 2349 4396 
m42 22 23 36 37 40 1123 1136 1140 1172 1173 1186 1190 1823 1840 1872 1873 1886 1890 2023 2036 2040 3673 3686 4323 4336 
m650 36 46 49 2486 2496 4836 4846 
m2145 36 49 1836 1849 2499 
m1979 13 22 32 36 38 40 672 686 690 1113 1136 1140 1613 1622 1636 1640 1822 1913 1922 1932 1936 1940 2022 2036 2040 3186 4336 
m219 17 38 46 888 2317 2338 2346 3396 
m1782 14 33 37 46 737 746 2333 3233 4383 4837 
m1359 13 22 30 680 1113 1122 1130 
m3649 22 36 37 40 49 1136 1137 1822 1836 1837 1840 1849 1886 2022 2036 2037 2040 2472 2486 2487 2490 2499 
m366 12 14 46 712 2314 2346 3146 3246 4812 
m1390 8 46 49 408 446 449 2349 
m1287 9 36 40 46 49 490 496 499 1840 1849 2049 2309 2336 2340 2346 2349 2459 2486 2490 2496 2499 2959 2986 
m1605 23 30 46 1523 1530 1546 2346 3696 4823 
m3414 22 46 1122 1146 2322 2346 4846 
m2676 32 36 41 46 1632 1636 1641 1646 1832 1836 1841 1846 2082 2086 2091 2096 2332 2336 4586 4846 
m2153 22 23 30 36 40 41 46 1122 1123 1130 1136 1140 1141 1146 1180 1522 1523 1530 1536 1540 1546 1822 1823 1830 1836 1840 1846 2022 2023 2030 2036 2040 2046 2072 2086 2090 2091 2322 2323 2330 2340 4823 4846 
m1974 14 22 36 40 41 46 714 722 736 741 1822 1836 1841 2014 2036 2046 2072 2314 2322 2336 2341 3236 4314 4586 4814 
m2759 32 36 38 46 49 1632 1636 1649 1849 1932 1936 1938 1946 1949 2332 2336 2346 2349 
m1947 22 40 46 1140 1146 2040 2046 2340 2346 
m1191 22 23 30 36 40 46 49 1122 1123 1130 1136 1140 1146 1172 1173 1180 1186 1190 1522 1523 1530 1536 1540 1546 1822 1823 1830 1840 1846 1849 2022 2023 2030 2036 2040 2046 2049 2322 2323 2330 2336 2340 2346 2349 2472 2473 2480 2496 3696 4823 
m3058 13 25 38 46 675 1913 1925 1946 2313 2325 
m945 32 46 1632 1646 2332 2346 4846 
m852 22 23 30 46 1122 1123 1130 1146 1523 1530 1546 2330 2346 3696 4823 
m2121 22 40 46 1146 2022 2046 2346 
m338 22 23 30 36 40 41 1122 1123 1130 1136 1140 1173 1522 1523 1536 1822 1823 1830 1836 2022 2023 2030 2036 2072 2073 2080 2086 2090 2091 3673 4323 4586 
m1822 22 37 40 46 1122 1137 1146 2022 2037 2040 2046 2322 2337 2346 4837 
m1880 22 23 38 46 1122 1123 1138 1146 1172 1922 1923 1938 1946 2322 3696 
m869 5 36 46 286 296 2305 2336 2346 4836 
m3237 12 22 23 27 30 41 46 641 1112 1123 1127 1130 1141 1146 1173 1191 1362 1372 1373 1380 1391 1512 1522 1523 1527 1530 1541 2062 2072 2073 2077 2080 2091 2312 2322 2323 2327 2330 2341 3123 3662 4823 
m635 23 45 2273 
m75 
m34 32 37 1882 
m2132 14 46 714 746 2314 2346 4814 
m3153 14 33 46 1664 1696 2314 2346 4196 4814 
m1745 12 46 646 2312 2346 3146 4846 
m315 13 20 22 33 36 40 672 686 690 1013 1022 1033 1036 1040 1122 1136 1140 1672 1686 1690 1822 2022 2036 3183 
m3055 36 40 46 49 1840 1846 1849 2036 2040 2046 2049 2340 2346 2486 2490 2496 4336 4346 4846 
m518 17 40 46 890 2340 2346 3396 4817 
m3034 13 38 41 691 1913 1938 1941 
m560 5 37 46 1855 2305 4837 
m3395 22 36 40 41 1136 1140 1141 1836 1840 2036 2086 2090 4586 
m1628 22 23 36 49 1123 1136 1173 1186 1199 1823 1849 2473 2486 3673 4323 4336 
m2332 6 36 42 46 49 2306 2336 2342 2456 2486 2492 2496 2836 4606 4636 
m172 17 23 26 30 46 880 896 1180 1317 1323 1330 1346 1517 1523 1530 1546 2330 3373 4823 
m1066 37 40 46 1890 2037 2046 2340 4396 
m2703 13 33 36 49 663 683 686 699 1663 1683 1686 1699 1833 1849 2463 2483 2486 3183 
m2055 36 43 49 1849 2186 2199 
m3025 11 13 22 36 38 40 563 572 586 588 590 1113 1136 1138 1140 1813 1840 1913 1936 1940 2013 
m1200 13 33 46 2313 2333 2346 4163 4813 4833 
m3490 22 23 24 40 46 1122 1123 1146 1172 1222 1246 2022 2023 2024 2040 2046 2322 3696 3723 
m3047 22 32 36 37 40 1122 1132 1136 1137 1140 1637 1832 1837 1840 2032 2037 
m2843 22 23 45 1123 1173 1195 3673 
m112 38 45 1945 
m2961 12 13 46 662 696 2312 2346 3196 4812 
m451 22 46 1146 2322 2346 
m1886 23 36 41 49 1191 1823 1836 1841 1849 2473 2486 2491 3686 4323 4336 4341 
m462 5 13 27 38 46 263 296 1355 1363 1396 1905 1913 1927 1946 2313 2346 4813 
m815 14 22 23 30 40 46 730 746 1114 1122 1123 1130 1146 1180 1514 1523 1530 1546 2014 2022 2023 2030 2046 2330 3223 4823 
m2871 26 38 46 1926 1938 1946 2326 
m854 13 22 38 49 699 1113 1122 1138 1913 1938 1949 
m1899 37 46 1896 2337 2346 4846 
m1355 12 26 46 612 1312 1346 2312 2346 4812 
m2655 22 23 30 36 40 41 46 1123 1130 1136 1141 1146 1180 1186 1190 1523 1530 1536 1540 1546 1830 2022 2023 2030 2036 2040 2046 2072 2073 2080 2086 2090 2091 2330 3696 4836 
m2212 14 22 45 46 722 1114 1145 1146 2264 2272 2296 2314 2322 2345 2346 3246 
m1621 22 23 36 40 41 46 1123 1136 1141 1146 1191 1822 1823 1836 1841 1846 2022 2023 2036 2040 2041 2046 2323 2336 2341 2346 3686 4341 4346 4823 
m659 22 26 38 46 1146 1322 1338 1346 1922 1946 2346 
m3270 22 23 36 40 41 1122 1123 1136 1140 1141 1172 1173 1822 1823 1836 1840 2022 2023 2036 2040 2072 2073 2086 2090 3673 4586 
m1889 22 23 1122 1123 1172 1173 3673 
m2760 22 30 36 38 41 46 48 1122 1138 1141 1146 1830 1848 1930 1936 1941 1946 2080 2086 2088 2091 2096 2098 2330 2336 2348 2430 4336 
m1597 12 23 30 46 1162 1196 1512 1523 1530 1546 2346 3696 4812 
m2116 13 38 46 1913 1938 1946 2313 
m2278 12 14 46 712 2314 2346 3146 3246 4812 
m3473 5 22 36 38 46 49 286 296 299 1105 1136 1138 1146 1849 1905 1936 1946 2346 2349 2486 2499 4836 
m3539 22 44 46 1146 2222 2244 2246 2322 2344 2346 4846 
m1643 14 36 40 46 740 1814 1836 1840 1846 2014 2036 2040 2046 2314 2340 2346 3246 4314 4346 4836 
m1514 14 32 36 46 732 736 746 1832 2332 2336 2346 3246 4836 
m146 12 22 23 36 41 46 49 622 623 636 641 649 1123 1136 1141 1191 1822 1823 1841 2322 2323 2336 2341 2349 2472 2473 2486 2491 3136 4323 4336 4812 
m2274 33 38 41 46 1691 1933 1941 1946 2341 4833 
m73 32 39 46 1632 1639 1646 1989 2339 2346 4496 4839 
m3364 22 36 37 40 46 1136 1137 1140 1146 1840 1886 1890 1896 2036 2037 2040 2046 2336 2340 2346 4346 4837 
m3156 37 46 4837 
m3439 16 36 3336 
m1901 23 36 1186 1836 3686 
m2054 30 36 46 49 1530 1536 1546 1549 1849 2330 2336 2346 2349 
m2056 23 31 46 49 1196 1573 1596 2346 2473 2481 2496 2499 
m2216 22 23 27 30 36 40 49 1172 1186 1199 1372 1373 1380 1386 1399 1522 1523 1527 1530 1536 1549 1822 1823 1827 1830 1836 1840 1849 2023 2027 2030 2036 2040 2049 2472 2473 2477 2480 2486 2499 3686 4336 
m2197 22 23 36 40 1122 1123 1136 1140 1173 1186 1190 1822 1823 1836 1840 2022 2023 2036 2040 3673 4323 
m3613 22 23 30 37 40 46 1122 1123 1130 1137 1146 1172 1187 1522 1523 1530 1537 1546 1872 2022 2023 2030 2037 2040 2046 2322 2323 2330 2346 3696 4396 4837 
m307 44 46 2244 2246 2344 2346 4846 
m3242 23 30 36 40 41 49 1186 1190 1199 1523 1530 1536 1540 1549 1836 1840 1849 2073 2080 2086 2090 2099 2490 3686 4336 
m2484 22 23 30 40 46 1122 1123 1130 1140 1146 1172 1173 1180 1190 1196 1522 1523 1530 1540 1546 2023 2046 2323 3673 3696 4823 4846 
m155 22 23 36 41 1123 1136 1141 1186 1823 2072 2073 2086 2091 3673 4586 
m873 22 23 30 36 40 1123 1130 1173 1186 1190 1523 1536 1540 2023 2036 3673 
m1935 22 44 46 1146 2244 2246 2344 2346 4846 
m1704 21 38 46 1921 1946 2321 2346 4846 
m228 
m1432 37 46 4837 
m3374 6 14 23 32 36 314 332 732 1156 1164 1182 1806 1814 1832 3686 
m2920 22 44 46 1122 1144 1146 2344 2346 4846 
m2656 26 46 1346 
m3320 36 38 40 46 1840 1846 1936 1940 1946 2036 2038 2040 2046 2336 2338 2340 2346 
m1915 5 22 44 46 296 1144 1146 2205 2246 2305 2344 2346 4846 
m1122 23 32 36 46 49 1199 1623 1636 1649 1823 1836 1846 1849 2323 2332 2336 2346 2349 3686 4332 
m3217 22 23 30 1122 1123 1130 1173 1180 1523 3673 
m2045 14 23 30 38 40 730 1180 1514 1523 1530 1540 1914 1923 1930 1940 2014 2023 2030 3223 
m3323 26 39 46 1339 1346 2326 2339 4839 4846 
m275 22 23 45 1122 1123 1172 1173 2272 2273 3673 
m3030 13 23 36 46 49 1813 1823 1846 1849 2313 2346 2463 2473 2486 2496 2499 3663 4813 4823 
m2003 22 23 30 36 40 45 1123 1130 1136 1145 1523 1830 2022 2023 2030 2036 2045 2273 2280 2286 4323 
m2808 22 23 36 40 41 1122 1136 1140 1141 1173 1186 1190 1823 1836 1840 1841 2022 2023 2036 2040 2041 2073 2086 2090 2091 3686 4323 
m921 37 38 46 1888 2338 4396 
m2148 22 38 45 46 1138 1145 1146 1938 1945 1946 2345 
m3598 22 23 36 37 40 1122 1123 1136 1137 1140 1172 1173 1823 1837 1840 1872 1873 2023 2036 2037 2040 3673 
m867 38 46 1946 2338 2346 
m2540 22 37 46 1122 1137 1146 2322 2337 2346 4837 
m3397 14 46 2314 2346 4814 
m2219 22 23 30 36 40 46 1122 1123 1130 1136 1140 1146 1180 1522 1523 1530 1536 1540 1546 1822 1823 1830 1836 1840 1846 2022 2023 2030 2036 2040 2046 2322 2323 2330 2340 4823 4846 
m1937 28 36 38 1928 1936 1938 4328 
m1060 22 36 40 41 1136 1140 1141 1836 1840 1841 2036 2040 2086 2090 2091 4586 
m559 22 23 38 46 49 1122 1123 1146 1149 1199 1922 1923 1938 1946 2323 2346 2349 
m803 22 23 30 45 46 1123 1130 1145 1146 1196 1523 1545 1546 2273 2296 2346 
m2231 46 2346 4846 
m2583 22 23 36 40 46 1122 1123 1136 1140 1146 1172 1186 1190 1196 1822 1836 2022 2036 2040 2046 2322 3686 4346 
m3324 37 46 49 1899 2337 2346 2349 4396 4837 4846 
m1441 14 36 40 46 1814 1836 1840 1846 2014 2036 2040 2046 2314 2336 2346 3236 4346 4814 4836 
m2716 23 36 42 1173 1186 1192 3686 4342 
m1520 14 22 36 40 41 46 714 722 736 741 1822 1836 1841 2014 2036 2041 2046 2072 2314 2322 2336 2341 3236 4314 4586 4814 
m3009 22 46 49 1146 1149 2322 2346 2349 2496 
m1424 44 46 2344 2346 
m1868 22 26 44 46 1122 1126 1144 1146 1322 1344 1346 2222 2246 2322 2326 2344 2346 4846 
m2273 23 30 36 40 41 1173 1186 1191 1523 1530 1536 1540 1541 1836 1841 2023 2030 2036 2041 3673 3686 4323 4341 
m2082 12 45 46 645 2345 4812 
m912 12 22 23 36 45 46 49 622 645 1122 1145 1172 1195 1812 1822 1845 1846 2272 2295 2322 2345 2462 2473 2486 2496 3662 3696 4323 4812 
m3210 14 20 40 46 720 2014 2020 2046 2320 3246 
m2226 14 22 36 46 49 722 736 749 1814 1822 1849 2322 2336 2349 2472 4336 4814 
m3391 46 2346 
m2374 14 46 49 2314 2346 2464 2496 4814 
m1368 14 23 30 46 730 1180 2314 2323 2330 2346 3223 4814 4823 
m968 12 36 38 41 46 641 1841 1912 1936 1938 1941 1946 2062 2086 2091 2096 2312 2336 2341 4312 
m3091 22 23 30 36 40 41 46 1122 1123 1130 1136 1140 1141 1146 1191 1523 1536 1541 1546 1841 1846 2023 2030 2036 2040 2041 2046 2072 2341 3696 4323 
m3000 22 45 1145 2272 2295 
m3265 22 23 36 41 1123 1136 1141 1172 1173 1822 1823 2072 2073 3673 4586 
m3204 22 46 1122 1146 2322 2346 
m2630 13 38 46 688 1913 1938 1946 2313 2338 
m1821 23 30 46 1173 1180 1196 1523 1530 1546 2323 2330 2346 3696 4823 
m699 22 46 1146 2346 4846 
m3282 22 23 30 41 1123 1130 1172 1173 1180 1191 1522 1523 1530 1541 2072 2073 2080 
m3467 38 46 1946 
m3457 36 40 46 49 1836 1840 1846 1849 2036 2040 2046 2049 2336 2340 2346 2349 2486 2490 2496 4836 
m2433 22 38 46 1138 1146 1922 1938 1946 
m3376 46 
m1689 22 36 40 41 1136 1141 1836 1840 1841 2036 2041 2072 2086 2090 2091 4586 
m3660 22 37 46 49 1137 1146 1899 2346 2349 2496 4396 4837 
m1137 22 23 30 40 46 1123 1130 1146 1180 1523 1530 1546 2022 2023 2030 2046 2322 2323 2330 2340 2346 4823 
m3576 22 23 36 40 41 1122 1123 1136 1140 1141 1172 1173 1822 1823 1836 1840 1841 2022 2023 2036 2040 2041 2072 2073 3673 4586 
m86 8 23 30 38 46 423 430 1173 1180 1508 1523 1908 1923 1930 1946 2308 2323 2330 3673 
m3154 22 37 49 1122 1137 1149 1872 1899 2472 2487 2499 
m3691 14 23 30 38 46 723 730 738 746 1180 1523 1530 1546 1923 1930 1946 2323 2330 2338 2346 4823 
m928 23 36 3686 
m1726 13 36 38 686 688 1838 
m2284 12 41 46 2062 2091 2096 2312 
m2854 22 23 30 40 41 1123 1130 1140 1180 1522 1523 1530 2022 2023 2030 2072 2090 
m3319 36 41 46 2336 2341 2346 4586 4846 
m2672 5 13 26 33 41 46 655 696 1305 1313 1326 1346 1655 1676 1696 2055 2063 2076 2083 2096 2305 4163 
m1637 32 37 38 44 46 1637 1644 1646 1894 1932 1937 1944 1946 2337 2344 
m582 45 
m892 37 46 49 2346 2487 2496 4837 
m167 12 26 46 1312 1326 1346 2312 2346 4812 
m206 12 32 36 38 46 1612 1646 1812 1912 1932 1936 1946 2312 2332 2336 2346 3146 4136 4346 4812 
m1509 30 38 40 45 46 1930 1938 1946 2030 2038 2046 2280 2288 2290 2296 2330 
m2073 2 40 46 140 146 2046 
m2586 14 40 46 2014 2040 2046 2314 2346 4814 
m2807 26 46 1346 
m691 36 46 48 49 1846 1848 1849 2336 2348 2486 2496 2498 2499 4336 
m3335 22 30 36 46 1136 1146 1522 1536 1546 1846 2346 
m822 5 30 37 38 46 280 1855 1880 1896 1905 1930 1937 1946 2305 2330 
m1489 22 36 40 41 46 1136 1140 1141 1146 1822 1836 1841 2022 2036 2041 2046 2072 2086 2090 2091 2096 2322 2336 2340 2341 2346 4346 4586 4836 
m1014 14 26 38 726 1914 1926 1938 
m2591 13 26 38 40 46 690 1313 1346 1913 1926 1938 1946 2313 2340 2346 
m3092 22 23 36 40 46 49 1122 1123 1136 1146 1149 1199 1849 2022 2023 2036 2046 2336 2346 2349 3686 4823 4836 
m2417 22 44 46 1122 1144 1146 2322 2344 2346 4846 
m2309 23 36 38 40 41 46 1823 1838 1841 1923 1941 1946 2023 2036 2038 2040 2041 2046 2073 2323 2341 4346 
m100 5 45 2255 
m3298 13 38 1913 1938 
m2837 14 22 41 46 722 2064 2072 2096 2314 2322 2341 2346 4814 
m2488 36 49 1836 1849 2499 
m3577 22 23 30 36 49 1123 1130 1136 1149 1522 1523 1530 1822 1823 1830 1836 1849 2472 2473 2480 2486 2499 
m3483 38 46 1946 
m858 22 23 36 40 46 49 1172 1822 1823 1836 1846 1849 2023 2036 2040 2046 2049 2322 2336 2346 2349 2472 2473 2486 4323 4346 4823 4836 
m1904 22 30 36 49 1122 1136 1522 
