m2810 22 23 36 40 41 1123 1136 1140 1173 1186 1190 1191 1823 1836 1840 1841 2023 2036 2040 2041 2073 2086 3673 3686 4323 4586 
m480 22 45 1145 
m2311 5 36 46 49 286 296 299 1836 1849 2305 2336 2346 2349 4836 4846 
m2069 30 40 46 49 1540 1546 1549 2030 2040 2046 2330 2340 2346 2349 2490 2496 
m1306 22 23 36 41 1122 1123 1136 1141 2073 3686 4586 
m1261 36 40 46 2036 2046 2340 2346 4836 4846 
m1156 23 30 46 1180 1523 1530 1546 2330 2346 4823 
m809 23 38 45 1188 1195 1945 2288 2295 
m2577 22 23 30 45 46 1123 1130 1145 1146 1196 1523 1545 1546 2273 2280 2295 2296 2323 2346 4823 4846 
m2075 13 38 663 1913 1938 
m522 27 36 46 48 1827 2327 2336 2436 2446 
m154 5 13 14 33 263 283 705 713 733 4163 
m821 22 33 46 1133 1146 2333 
m1236 22 23 30 46 1122 1123 1130 1146 1196 1523 1530 1546 2322 2323 2330 2346 3696 4823 
m3603 22 37 46 1872 2322 2337 
m1468 14 45 745 
m862 22 23 30 46 1122 1123 1130 1146 1180 1523 1530 1546 2330 2346 4823 
m2349 46 
m3405 22 23 30 46 1122 1123 1130 1146 1180 1523 1530 1546 2330 2346 4823 
m2509 14 36 1814 4314 4336 
m2397 28 36 1828 1836 
m2615 22 44 46 1146 2344 2346 4846 
m511 3 45 195 2295 
m712 23 30 46 1196 1523 1530 1546 2323 2330 2346 3696 4823 
m2630 22 23 30 36 40 41 1122 1123 1130 1136 1140 1141 1180 1186 1190 1522 1523 1536 1540 1541 1822 1830 1836 1840 1841 2022 2023 2030 2036 2041 2080 2086 
m2561 11 13 22 33 36 40 661 1111 1113 1122 1133 1136 1140 1661 1811 1813 1833 1840 2011 2013 2033 4163 
m1714 5 13 33 45 655 1655 1695 2255 2263 4163 
m3525 46 4846 
m62 45 46 2295 2345 2346 
m287 32 49 1632 2482 
m1257 13 22 33 36 37 40 41 683 686 690 1113 1122 1133 1136 1140 1141 1690 1813 1822 1833 1836 1840 1872 1886 1887 2013 2022 2033 2036 2040 2063 2072 2086 
m473 22 36 40 41 45 46 49 1122 1136 1140 1146 1149 1836 1841 1846 2036 2041 2046 2272 2286 2290 2295 2296 2299 2336 2341 2346 2472 2486 2490 2496 2499 4341 4836 
m1702 10 30 36 46 1510 1536 1546 1810 1846 2310 2346 
m1539 23 30 36 49 1180 1823 1830 1836 1849 2473 2480 2486 2499 
m2275 22 23 30 36 40 46 1122 1123 1130 1136 1140 1146 1172 1173 1522 1523 1530 1540 1546 1822 1823 1830 1840 1846 2022 2023 2030 2036 2040 2046 2322 2323 2330 2340 2346 3696 4823 
m849 22 36 46 1122 1136 1146 1822 1846 2322 
m1698 13 22 33 1113 1672 4163 
m493 13 36 38 46 49 663 686 688 696 699 1813 1836 1838 1846 1849 1913 1936 1946 1949 2336 2338 2346 2349 2463 2486 2496 3196 4813 
m2560 40 46 2046 2346 
m2470 22 23 30 36 40 46 49 1122 1123 1130 1136 1140 1146 1172 1173 1180 1186 1190 1196 1523 1530 1536 1540 1546 1822 1823 1830 1840 1846 2022 2023 2030 2036 2040 2046 2330 2346 2472 2473 2486 2490 3696 4336 4346 4823 
m3542 22 23 36 40 41 1122 1123 1136 1140 1141 1172 1822 1823 1836 1840 2023 2036 2072 2073 2086 2090 2091 3673 4323 4586 
m3377 22 23 30 36 40 41 46 1122 1123 1130 1136 1140 1141 1146 1180 1522 1523 1530 1536 1540 1546 1822 1823 1830 1836 1840 1841 1846 2022 2023 2030 2036 2040 2041 2046 2072 2086 2090 2322 2323 2330 2340 4823 4846 
m3561 22 26 36 45 46 1126 1136 1146 1336 1345 1346 1845 2336 2345 2346 4836 
m3025 30 44 45 1545 2230 2245 
m749 22 36 37 40 46 1122 1136 1137 1140 1146 1886 1890 2036 2037 2040 2046 2322 2336 2337 2340 2346 4396 
m2995 22 44 46 1146 2222 2244 2246 2322 2344 2346 4846 
m2947 45 46 2295 2296 2346 
m1339 22 37 40 46 1137 1146 2022 2037 2046 2337 2346 4837 
m1706 14 23 30 46 1514 1523 1546 2314 2323 2330 2346 3664 4814 4823 
m3392 14 45 2264 
m476 5 13 14 33 263 283 705 713 733 4163 
m3159 13 38 1913 1938 
m2273 36 40 41 46 1841 2036 2040 2041 2046 2086 2090 2091 2096 2336 2340 2341 2346 
m229 3 23 30 41 46 180 1180 2053 2073 2080 2096 2303 2330 2673 4823 
m1612 38 1938 
m379 18 37 46 1868 2318 4837 
m2870 14 22 1114 
m579 5 14 26 45 705 745 1305 1314 1345 2255 
m1401 32 45 46 2282 2296 2332 
m580 37 39 40 46 1890 1987 1990 2340 4396 4496 
m2837 38 
m2171 22 23 31 46 49 1123 1146 1196 1572 1573 1596 2323 2346 2473 2481 2496 4846 
m1131 45 46 2296 
m2348 22 47 2372 2397 
m973 11 45 595 
m2916 13 37 4363 
m308 46 2346 4846 
m1299 14 22 49 749 1114 1149 2464 2472 2499 
m2190 12 22 23 36 41 46 49 622 623 636 641 649 1123 1136 1141 1191 1822 1823 1841 2322 2323 2336 2341 2349 2472 2473 2486 2491 3136 4323 4336 4812 
m3459 46 
m993 13 23 30 46 696 1163 1173 1180 1196 1513 1523 1530 1546 2313 2323 2330 2346 3196 3663 3696 4823 
m2911 
m1441 22 36 38 41 49 1136 1138 1141 1149 1822 1838 1841 1849 1922 1936 1941 2072 2086 2088 2099 2472 2486 2488 2491 4336 
m1560 22 23 36 40 41 46 49 1136 1140 1146 1172 1186 1190 1196 1199 1822 1823 1836 1840 1846 1849 2022 2023 2036 2040 2046 2049 2072 2073 2086 2099 2322 2323 2336 2341 2346 2349 2472 2473 2486 2490 2496 3686 4323 4336 4836 
m2326 14 46 49 2314 2346 2464 2496 4814 
m1188 22 44 46 1146 2344 2346 4846 
m1458 14 36 49 736 749 1849 
m3467 9 17 40 46 49 859 896 2009 2017 2046 2049 2309 2346 2459 2467 2496 3396 
m1013 45 46 2295 2296 2346 
m1450 23 45 1195 2273 2295 
m1733 5 36 45 46 286 295 1845 2255 2286 2295 2305 2336 2345 4336 
m1930 22 44 46 1146 2322 2344 2346 4846 
m517 14 20 22 720 1114 1120 
m2520 22 36 40 41 1141 2036 2086 2090 
m1431 22 36 45 46 49 1145 1822 1845 2322 2336 2345 2472 2486 2495 2496 
m951 45 46 2295 2296 
m1548 22 37 1122 1137 1872 1887 
m2184 18 36 40 1818 2018 2036 
m1246 37 46 1887 1896 2337 2346 4837 
m1205 16 32 40 44 46 832 844 1644 2016 2032 2044 2046 2316 2332 2344 
m1442 22 36 40 41 49 1122 1136 1140 1141 1149 1841 1849 2022 2036 2041 2049 2072 2086 2090 2091 2099 2486 2491 4336 
m842 22 30 36 40 41 46 1136 1141 1146 1541 1822 1830 1841 2022 2046 2086 2096 2336 
m1991 38 45 1938 1945 2288 2295 
m2618 11 13 33 563 583 4163 
m410 5 37 46 1855 2305 4837 
m939 27 32 38 46 1382 1388 1396 1638 1646 1946 
m992 32 36 38 41 46 1641 1646 1936 1941 1946 2332 2336 2341 2346 4136 4586 
m967 41 46 2341 
m135 13 46 2313 
m2852 5 36 38 41 46 286 291 296 1905 1936 1938 1941 1946 2341 4341 4836 
m3343 33 37 46 1883 1896 4833 
m3424 22 33 46 1672 1696 2322 
m2598 46 2346 
m3022 36 
m2907 13 33 45 695 1695 4163 
m2679 22 45 1145 
m2548 22 38 44 46 1146 1922 1944 1946 2344 2346 4846 
m953 9 36 1809 1836 2959 4309 4336 
m983 36 42 4636 
m2438 14 22 36 46 722 736 1822 2314 2322 4836 
m71 36 48 1836 1848 2436 2448 
m2905 40 45 46 2046 2290 2296 
m3105 14 36 49 1814 1849 2464 
m2155 32 36 41 46 1641 1646 2332 2336 2341 2346 4136 4586 
m3488 9 36 46 49 459 486 496 499 1809 1846 1849 2309 2336 2346 2349 2459 2486 2496 2499 4336 
m1099 45 2295 
m1345 36 40 46 49 1836 1840 1846 1849 2036 2046 2049 2336 2340 2346 2349 2486 2490 2496 4346 4836 4846 
m3200 26 33 45 1333 1345 1695 
m3352 8 36 46 49 1808 1846 2308 2336 2458 2486 2496 4336 
m115 22 23 30 38 1122 1123 1130 1138 1172 1173 1188 1522 1523 1530 1538 1922 1923 3673 
m1992 10 32 46 1610 1632 1646 2310 2346 
m2293 22 36 46 49 1822 2322 2336 2346 2349 2486 2496 
m723 26 36 46 1336 1346 2336 2346 4836 
m2440 29 36 48 1486 1829 1836 1848 2429 2436 2448 4336 
m490 22 41 1141 
m827 22 32 46 1132 1146 2332 
m693 36 46 2336 
m49 22 36 41 1122 1136 1141 1822 2072 4586 
m2866 23 
m262 22 30 46 1130 1146 2330 
m751 22 44 46 1146 2246 2344 2346 4846 
m1449 8 37 46 408 437 446 1858 2308 4396 
m3608 5 13 38 46 263 288 296 696 1913 1938 1946 2305 2313 2338 2346 
m3043 22 45 46 1122 1146 2272 2295 2296 2322 2346 4846 
m1699 46 48 2348 
m2899 36 40 46 48 2036 2040 2046 2048 2336 2346 2348 2436 4836 
m2467 22 36 40 1136 1140 1840 2036 2040 
m3458 22 44 46 1146 2222 2244 2246 2322 2344 2346 4846 
m3006 14 27 36 46 48 736 746 748 1364 1386 1396 1398 1846 1848 2446 
m529 17 36 46 49 1817 1846 1849 2349 2467 4817 
m2416 39 40 41 46 1990 1991 1996 2040 2046 2090 2096 
m2495 22 23 30 38 41 1122 1123 1130 1138 1172 1173 1188 1522 1523 1530 1538 2072 2073 2080 3673 
m344 22 23 41 1122 1123 1141 1172 1173 1191 3673 
m763 5 32 36 46 49 282 286 296 299 1649 1832 1849 2332 2336 2349 2486 4136 4336 
m2351 42 45 2145 
m220 22 38 1122 1922 1938 
m3611 22 36 45 1136 1145 1845 
m2234 38 45 46 49 1946 2299 2345 2346 2349 
m1111 22 37 46 1137 1146 4837 
m2612 22 44 46 1146 2344 2346 4846 
m2522 22 23 36 40 46 1122 1123 1136 1140 1146 1172 1186 1190 1196 1822 1836 2022 2036 2040 2046 2322 3686 4346 
m2818 37 46 4837 
m2412 12 46 612 2312 2346 4812 
m3574 46 
m1001 45 
m345 13 33 46 1663 1683 2313 2333 4163 4833 
m2238 30 36 41 46 49 1536 1541 1841 2080 2086 2091 2096 2099 2330 2336 2341 2346 2349 2480 2486 2491 
m1015 45 46 2295 2296 2346 
m984 22 44 46 1146 2246 2344 2346 4846 
m2871 14 22 1114 
m2126 13 22 33 36 40 690 1113 1122 1133 1136 1140 1690 1813 1833 1840 2013 2033 4163 
m245 22 44 46 1144 1146 2222 2246 2322 2344 2346 4846 
m1138 
m1626 32 46 2332 2346 
m271 5 14 32 705 1605 1614 
m607 36 45 46 2286 2295 2296 2336 2346 4836 
m96 22 38 44 46 1122 1144 1146 1922 1944 1946 2344 2346 4846 
m931 22 46 1146 
m520 27 36 46 49 1827 2327 2336 2486 2496 
m2284 46 
m3114 22 36 40 46 1122 1136 1146 1822 2022 2036 2322 2336 2340 2346 4836 
m1097 22 23 30 36 40 41 1122 1123 1130 1136 1140 1141 1172 1173 1186 1190 1191 1522 1523 1536 1541 1840 1841 2023 2036 2041 2072 2073 2086 2090 2091 3673 3686 4323 4336 4586 
m1785 5 30 45 46 280 2255 2280 2296 2305 2330 
m2048 22 38 44 45 46 1146 1922 1944 1946 2272 2288 2294 2296 2344 2346 4846 
m1437 36 38 40 41 1841 1941 2036 2041 2086 2090 2091 
m1929 22 44 46 1146 2322 2344 2346 4846 
m604 37 1887 
m2643 44 46 49 2246 2494 2496 
m1500 32 36 41 46 1641 1646 2332 2336 2341 2346 4136 4586 
m2836 22 46 49 1149 2322 2346 2349 
m947 36 46 49 1849 2336 2349 2486 2499 
m860 14 32 732 1614 1632 
m2879 36 45 46 1845 2336 2345 2346 4836 
m2047 33 36 45 46 1686 1695 1845 2333 2345 4836 
m433 36 45 46 1845 2336 2345 
m3071 40 46 49 2040 2046 2340 2490 2496 
m17 37 40 46 2037 2046 4837 
m15 18 46 2318 2346 
m2537 45 
m2389 30 36 40 45 46 1830 1845 2030 2036 2040 2045 2046 2280 2330 2345 4346 
m3033 14 40 46 2014 2040 2046 2314 2346 4814 
m966 23 30 38 46 1180 1523 1530 1538 1546 1923 1930 1938 1946 2330 4823 
m3598 13 33 4163 
m2705 5 32 255 1605 1632 
m1668 36 45 46 1845 2286 2295 2345 4836 
m611 36 46 1836 1846 4836 
m1452 12 14 23 30 46 630 723 730 746 1180 1512 1523 1530 1546 2312 2330 3123 3212 4823 
m2845 36 
m2783 22 23 36 40 49 1122 1123 1136 1140 1149 1173 1186 1190 1822 1823 1836 1849 2023 2036 2472 2473 2486 3673 3686 4323 4336 
m430 26 38 46 1926 1946 2326 
m682 22 30 36 40 46 1130 1140 1146 1536 1540 1546 1840 2030 2036 2040 2046 2330 2336 2340 2346 4346 
m2044 21 26 45 46 1321 1345 1346 2271 2321 2345 
m2977 13 23 36 1186 1813 3663 
m1705 17 22 1117 
m2367 45 46 2296 2346 
m1467 8 
m2008 13 22 1113 1122 
m600 37 1887 
m1672 14 45 745 
m2606 14 30 46 730 746 2330 
m671 22 36 41 49 1136 1141 1822 1849 2072 2086 2091 2099 2472 2486 4336 
m1194 26 44 46 1346 2226 2246 2326 2344 2346 
m3588 26 46 1346 2346 
m2081 22 23 30 45 1172 1522 1523 1545 2273 
m3607 20 37 46 1870 2320 2337 
m2422 8 46 2308 2346 4846 
m2697 13 38 688 1913 1938 
m1558 13 22 36 49 699 1113 1122 1136 1149 1813 1849 
m2444 
m2187 23 36 40 1190 1840 3686 4336 
m873 22 46 1122 1146 
m594 37 38 40 46 1890 1937 1938 1946 2340 4837 
m113 22 23 30 36 40 1122 1123 1136 1140 1522 1523 1536 1540 1822 1823 1840 2022 2023 2030 2036 2040 4323 4336 
m1633 5 45 46 2255 2296 2305 
m799 14 23 30 46 1514 1523 1546 2314 2323 2330 2346 3664 4814 4823 
m3565 45 49 2295 2299 
m2786 46 
m982 22 44 46 1146 2222 2246 2344 2346 4846 
m557 46 
m3401 36 40 1836 1840 2036 2040 4336 
m3293 41 
m3610 5 13 22 38 46 655 696 1113 1146 1905 1913 1922 1946 2305 
m1346 18 918 
m1657 22 36 40 41 46 49 1136 1140 1141 1836 1849 2036 2049 2086 2090 2099 2322 2336 2340 2341 2349 4336 
m1217 3 30 45 46 180 195 2280 2296 2330 2345 2346 2696 4803 
m138 46 
m292 14 40 46 740 2014 2040 2046 2340 2346 3246 4814 
m397 11 13 22 38 563 572 588 688 1113 1138 
m830 11 13 33 39 563 583 589 689 1983 3183 
m1070 45 46 2296 2346 4846 
m3054 23 30 45 46 1173 1180 1196 2273 2296 2330 2346 4823 
m383 46 
m590 5 45 46 2255 2296 2305 
m1623 22 23 30 36 40 41 46 1122 1123 1130 1136 1140 1141 1146 1191 1523 1536 1541 1546 1841 1846 2023 2030 2036 2040 2041 2046 2072 2073 2091 2341 3696 4323 
m1803 26 46 1326 1346 2326 2346 3826 
m1652 9 13 33 38 463 483 488 688 1688 4163 
m890 5 14 36 264 286 4314 
m158 37 46 4396 
m1568 12 13 22 36 40 622 636 640 672 686 690 1112 1113 1122 1136 1140 1822 2022 2036 3162 
m3400 5 22 36 40 41 272 286 290 291 1105 1122 1136 1140 1141 1840 1841 2041 
m3573 22 46 1146 
m1406 13 38 46 663 696 1913 1946 
m76 22 23 30 38 1122 1123 1130 1138 1172 1173 1188 1522 1523 1530 1538 3673 
m2118 13 22 33 36 40 48 672 686 690 1113 1122 1133 1136 1140 1672 1686 1690 1822 2022 2036 2413 2422 2433 2436 2440 3183 
m2433 14 32 46 1614 2314 2332 
m233 45 46 2345 
m2631 13 37 4363 
m717 30 45 46 2280 2295 2296 2330 2346 
m3418 22 23 30 1122 1123 1130 1172 1173 1522 1523 3673 
m55 37 46 1896 2337 2346 4837 
m3543 22 36 40 1122 1136 1140 2022 2036 2040 
m2361 23 36 40 45 46 49 1190 1195 1836 1840 1845 2036 2045 2323 2336 2340 2345 2473 2486 2495 2496 3686 4323 4336 4836 
m1773 14 36 40 45 46 736 740 745 1840 1845 1846 2036 2045 2046 2286 2296 2336 3246 4336 
m770 36 40 41 46 49 1836 1841 1846 1849 2036 2040 2041 2046 2086 2096 2099 2336 2346 2349 4346 4586 4836 
m2853 5 7 36 46 49 286 296 299 355 386 396 1836 1849 2336 2346 2349 2486 2499 4836 
m1949 13 22 46 1113 2313 2322 
m921 23 32 36 40 46 48 1182 1186 1190 1196 1198 1632 1636 1646 1648 1846 1848 2032 2036 2046 2048 2446 
m1259 26 33 46 1676 1696 2326 2333 2346 
m445 22 40 46 1140 1146 2046 
m2726 37 40 46 2037 2046 2337 4837 4846 
m3387 22 36 41 49 1122 1136 1141 1149 1849 2072 2086 2099 4336 
m2434 37 
m3416 45 46 2345 2346 
m247 22 40 44 46 1140 1144 1146 2022 2040 2044 2046 2222 2240 2246 2322 2340 2344 2346 4846 
m2877 14 27 38 727 1914 1927 
m2322 5 46 2305 
m737 32 46 2332 2346 
m2798 37 39 40 46 1890 1987 1990 2340 4396 4496 
m1932 22 23 30 1122 1123 1130 1172 1173 1180 1522 1523 1530 3673 
m331 22 23 30 36 41 46 1122 1123 1136 1141 1191 1522 1523 1536 1841 2322 2323 2330 2336 3686 
m1305 45 46 2345 
m1092 44 46 2246 2344 2346 4846 
m768 22 44 46 1146 2344 2346 4846 
m2035 22 36 45 1136 1145 1845 
m380 13 36 40 49 2013 2036 2463 2486 2490 4313 
m1391 17 46 2317 2346 4817 
m3532 32 46 1632 1646 2332 
m144 12 22 23 36 41 46 49 622 623 636 641 649 1123 1136 1141 1191 1822 1823 1841 2322 2323 2336 2341 2349 2472 2473 2486 2491 3136 4323 4336 4812 
m1506 22 45 46 1145 1146 2296 
m492 8 45 46 2258 2296 2308 
m2738 22 23 1123 1173 3673 
m1716 36 
m1963 22 23 32 1122 1123 1132 1182 1622 1623 1632 
m1770 26 46 1346 
m1421 32 36 38 41 46 1641 1646 1932 1936 1941 1946 2332 2336 2341 2346 4136 4586 
m1133 36 1836 
m3001 22 45 46 2272 2296 2322 2346 
m1347 41 2091 
m2246 22 37 46 1122 1137 1146 2322 2337 2346 4837 
m1971 22 36 41 46 1122 1136 1141 1146 1822 1836 2072 2086 2091 2322 2336 2341 4586 
m677 22 46 1146 2346 
m338 37 
m3612 23 30 1523 
m1207 14 22 36 40 722 736 740 1114 1122 1136 1140 1822 2022 2036 
m2640 30 39 1980 
m2165 22 36 40 49 1149 1822 1849 2022 2036 2049 
m573 36 41 1841 2086 
m1281 23 45 1195 2273 2295 
m2508 5 14 26 33 45 264 276 283 726 1676 2255 2264 2276 2283 3233 
m2036 5 45 46 2255 2305 2345 
m1498 32 36 46 1832 2332 2336 2346 4836 
m2948 36 42 46 49 2146 2336 2486 2492 2496 4636 
m272 13 22 33 36 40 1113 1122 1133 1136 1140 1813 1833 1840 2013 2033 4163 
m350 21 36 41 1821 2071 4341 
m1042 38 40 45 46 1938 1945 1946 2290 2340 2345 
m1858 22 36 40 1122 1136 2022 2036 2040 
m962 22 23 36 40 46 1122 1123 1136 1140 1146 1172 1822 2022 2023 2036 2040 2046 2322 2323 2336 2340 2346 4323 4823 
m2368 22 26 46 1146 1322 1346 
m2491 12 23 30 36 41 46 49 630 1180 1812 1830 1846 2062 2073 2080 2086 2096 2323 2330 2462 2473 2480 2486 2491 2496 3123 4323 4812 
m2375 12 36 46 49 649 1849 2336 2349 3136 4812 
m2835 21 23 46 1171 2321 2323 
m1047 37 39 46 1987 4396 4496 
m2390 37 46 2346 4396 4837 
m2800 22 45 46 1122 1145 1146 2345 
m3364 33 36 41 1686 2083 4586 
m2353 46 4846 
m2554 22 44 46 1146 2344 2346 4846 
m207 3 38 45 195 1903 1938 1945 
m2300 13 37 46 1896 2313 4363 
m1222 23 38 45 1923 2273 2288 
m793 22 44 46 1146 2222 2244 2246 2322 2344 2346 4846 
m2553 22 44 46 1144 1146 2246 2322 2344 2346 4846 
m489 22 37 46 1872 2322 4837 
m771 32 36 45 46 1832 2282 2286 2296 2332 2336 2346 4836 
m1760 22 23 36 40 41 1122 1123 1136 1140 1141 1172 1173 1186 1190 1191 1822 1823 1836 1840 1841 2023 2036 2041 2072 2073 2086 2090 2091 3673 3686 4323 4336 4586 
m796 23 30 38 45 46 1180 1923 1930 1946 2273 2280 2288 2296 2323 2330 2338 2346 4823 
m2213 40 44 46 49 2044 2046 2049 2344 2349 2494 
m2933 22 37 46 1137 1146 4837 
m316 36 38 46 49 1849 1936 1946 2336 2346 2349 4836 
m2291 12 45 645 2295 
m375 11 13 45 563 595 695 
m21 23 30 36 40 1173 1180 1190 1523 1530 1536 1540 1823 1830 1836 1840 2023 2030 2036 2040 3686 4323 4336 
m2487 21 1071 
m1774 5 36 45 286 295 1845 4336 
m3346 15 45 795 
m2913 14 36 49 749 1814 1849 
m1135 14 714 
m2196 22 36 37 40 46 1122 1136 1137 1140 1146 1822 1836 1837 1840 1846 1890 2022 2036 2037 2040 2046 2322 2336 2337 2340 2346 4837 
m1471 39 45 1995 2289 2295 
m2278 22 23 36 41 1123 1136 1141 1191 3686 4341 
m2935 5 13 14 33 655 705 713 1655 1664 4163 
m1519 34 1734 
m157 22 36 49 1149 1822 1836 1849 2472 2486 2499 
m1474 41 45 2091 2095 2291 2295 
m910 37 38 46 1888 2338 4396 
m1303 13 17 22 672 872 3363 
m2088 22 32 37 1622 1872 1882 
m1683 13 22 30 47 680 697 1113 1122 1130 1147 2380 
m211 3 45 153 2253 
m3435 9 14 36 49 709 1809 1814 1836 1849 2459 2464 2486 2499 
m2372 22 30 36 40 41 46 1122 1130 1136 1140 1141 1146 1536 1540 1541 1830 1836 1840 1841 2030 2036 2040 2041 2086 2090 2322 2330 2336 2340 2341 
m2886 27 36 46 49 1827 2327 2336 2486 2496 
m442 26 45 46 1345 1346 2295 2345 
m2782 13 14 22 672 722 3213 
m1479 13 22 33 36 49 1113 1133 1136 1149 1813 1833 1849 2463 2483 2486 2499 4163 
m425 9 14 709 
m302 22 36 40 46 49 1149 1822 1849 2022 2036 2049 2322 2336 2340 2349 
m742 14 36 46 736 746 2336 
m3091 36 
m2701 22 45 46 1145 1146 2345 4846 
m1587 38 40 41 46 49 1941 1946 2090 2340 2341 2488 2491 2496 
m3186 26 46 50 1326 1346 1350 2350 
m2180 12 23 30 36 41 612 630 636 641 1191 1523 1541 1812 1823 1830 1836 1841 2062 2073 2086 3123 
m1875 13 22 26 33 36 40 672 686 690 1113 1122 1133 1136 1140 1313 1322 1333 1336 1340 1663 1672 1683 1686 1690 1822 2022 2036 3183 
m1546 22 40 46 1146 2340 
m2451 45 
m3133 23 32 46 1173 1182 1196 1623 1632 1646 2323 2332 2346 4823 
m1744 38 45 1938 1945 2288 2295 
m1884 46 2346 
m2813 3 46 2303 2346 4803 4846 
m1475 14 49 2464 
m3096 22 37 1872 
m2369 22 23 30 36 40 45 46 1122 1123 1130 1136 1140 1145 1146 1172 1173 1180 1190 1196 1522 1523 1536 1540 1545 1546 1822 1823 1830 1836 1840 1845 1846 2022 2023 2030 2036 2040 2045 2046 2272 2273 2280 2286 2290 2296 2322 2323 2330 2336 2340 2345 2346 4823 
m521 32 36 41 46 1636 1641 1841 2332 2336 2341 4136 4336 4341 4836 4846 
m1444 22 36 40 41 49 1122 1136 1141 1149 1841 1849 2022 2036 2041 2049 2486 2491 4336 
m2626 32 36 46 1632 1636 1646 1832 1836 1846 2332 2346 4332 4846 
m2188 22 32 45 46 1146 2272 2282 2295 2296 2332 2346 
m1456 12 45 46 645 2345 4812 
m2805 13 36 40 41 686 690 691 1841 2036 2041 2063 2086 2090 2091 
m25 37 45 46 1895 2337 2345 2346 4396 
m1828 22 26 44 46 1122 1144 1146 1322 1326 1344 1346 2344 2346 4846 
m1869 23 36 40 41 1186 1190 1191 1840 1841 2036 2040 2041 
m2085 37 1887 
m1060 41 46 2341 
m2955 20 1020 
m802 34 38 46 1734 1934 2334 2338 2346 
m275 22 36 40 46 49 1146 1822 1840 1846 1849 2036 2046 2049 2322 2340 2472 2496 4846 
m3429 26 45 46 1326 1345 1346 2276 2296 2326 
m116 22 37 40 46 1137 1140 1146 1890 2022 2037 2040 2046 2337 2340 2346 4837 
m1814 13 22 45 46 696 1113 1146 2263 2272 2296 
m3075 22 36 41 46 1822 2072 2096 2322 4586 4836 
m3332 13 22 46 1113 1122 2322 4813 
m3176 22 26 33 1126 1133 1676 
m3077 40 46 2040 2046 
m1186 5 36 41 46 1805 2055 2096 2305 2336 4586 
m3269 22 
m2198 36 49 1849 
m2771 
m1494 23 45 46 1195 2323 2345 3673 
m1966 14 28 36 728 736 1828 1836 
m764 22 44 46 1144 1146 2246 2322 2344 2346 4846 
m1661 22 36 41 46 48 1136 1141 1848 2086 2098 2322 2336 2341 2348 4336 
m1713 14 23 30 39 46 1189 1514 1523 1539 1546 1964 2314 2323 2330 2339 2346 3664 4814 4823 
m776 37 41 46 2087 2096 4837 
m2496 26 37 46 49 1337 1346 1349 1899 2337 2349 2487 2499 4387 
m1528 31 36 1581 1586 1831 1836 4086 
m2290 23 30 38 46 1188 1523 1530 1538 1923 1930 1946 2323 2330 2338 2346 
m2534 14 22 46 722 746 2322 2346 
m2578 
m2096 38 46 2338 2346 4846 
m1349 4 42 45 2254 2292 2742 
m559 26 45 46 1345 1346 2345 
m2139 27 45 46 2277 2296 2327 4846 
m2316 36 37 38 46 1837 1838 1888 1938 2338 4346 4837 
m769 22 44 46 1146 2344 2346 4846 
m1166 37 45 46 1895 2345 4837 
m785 22 37 46 1872 2322 2337 
m3248 13 33 3183 
m2543 14 38 40 45 46 740 745 1914 1938 1940 1945 1946 2290 2340 2345 3246 
m3320 32 36 1832 
m315 40 45 46 2046 2290 2296 2346 
m218 32 45 1645 
m3461 13 14 22 46 672 722 1113 1114 2313 2322 3213 4814 
m3345 15 45 795 
m971 12 14 32 37 46 614 632 732 737 1882 2314 2332 2337 3137 4812 
m396 14 46 2346 4814 
m2421 11 13 33 45 563 583 595 695 1695 3183 
m2748 12 32 612 1612 
m3399 14 46 714 746 2314 2346 4814 
m32 
m822 22 23 30 36 40 41 1122 1123 1130 1136 1140 1141 1172 1173 1180 1186 1190 1191 1523 1536 1540 1541 1823 1836 1840 1841 2022 2023 2030 2036 2041 2072 2073 2080 2086 2090 2091 3673 3686 4323 4336 4586 
m1994 22 44 45 46 1146 2272 2294 2296 2344 2346 4846 
m1955 23 45 1195 2295 
m920 14 40 46 2014 2046 2314 2346 4814 
m695 22 23 36 40 46 49 1172 1822 1836 1849 2022 2023 2036 2046 2049 2322 2323 2336 2349 2472 2473 2486 4323 4336 4836 
m3000 22 37 46 1872 2322 4837 
m1182 13 33 46 2313 2333 2346 4163 4813 4833 
m696 22 23 36 46 49 1123 1136 1146 1149 1836 1846 1849 2323 2336 2473 2486 2496 3686 4323 4336 4836 
m1818 22 36 37 46 49 1136 1137 1146 1149 1846 1849 1886 1899 2349 4396 
m14 13 22 32 33 36 40 46 690 696 1113 1122 1132 1133 1136 1140 1146 1613 1633 1636 1640 1646 1690 1813 1833 1840 1846 2013 2033 2046 2333 2340 3183 
m936 22 38 45 46 1122 1146 1922 1938 1945 1946 2272 2288 2295 2296 2346 
m1682 33 45 48 1695 1698 2298 
m105 22 23 30 36 40 41 1123 1173 1180 1186 1190 1191 1830 2023 2030 2036 2040 2041 2073 2080 2086 2090 3673 4323 
m2334 22 36 41 49 1136 1141 1149 1841 1849 2072 2086 2091 2099 2486 2491 4336 
m1250 8 22 36 45 46 1108 1122 1136 1145 1146 2258 2286 2295 2296 2308 2336 2346 4308 4836 
m2830 26 46 1326 1346 2346 
m1718 13 22 36 45 46 672 1822 2263 2272 2286 2296 2313 2322 2336 4313 
m2829 22 23 30 46 1122 1123 1130 1146 1180 1523 1530 1546 2330 2346 4823 
m401 5 45 46 2255 2296 2305 
m1463 13 22 45 695 1113 1122 1145 
m3127 
m1355 5 46 2305 
m1863 13 22 44 46 694 1113 1146 2313 2344 
m2263 29 
m912 27 28 36 46 1378 1386 1396 1828 2327 2328 2336 2346 4836 
m908 22 37 46 1122 1146 1872 2322 4396 
m1215 37 
m1280 38 46 1938 1946 
m888 45 49 2295 2299 
m1438 37 39 40 46 1890 1987 1990 2037 2039 2046 2340 4396 4496 
m2335 22 36 40 41 49 1136 1141 1822 1836 1840 1841 1849 2036 2072 2086 2090 2091 2472 2486 2491 4336 
m2556 37 38 46 1888 2338 2346 4396 4837 
m2028 45 
m3057 22 44 46 1146 2344 2346 4846 
m2887 30 36 46 49 1830 2330 2336 2480 2486 2496 
m1230 14 45 714 745 2264 2295 
m1146 22 30 46 1522 1546 2322 4846 
m3344 5 33 45 46 1655 1695 2255 2305 2345 4833 
m2939 13 33 1663 1683 4163 
m1850 23 30 36 40 46 49 1180 1830 1836 2023 2030 2036 2046 2049 2323 2330 2336 2473 2480 2486 2496 4323 4836 
m391 14 46 746 2346 
m2136 30 38 45 46 1945 1946 2280 2296 2330 2338 2345 2346 4846 
m2545 22 26 44 46 1146 1322 1344 1346 2344 2346 4846 
m3004 22 23 30 36 40 41 1122 1123 1130 1136 1140 1172 1180 1186 1522 1523 1536 1822 2023 2030 2036 2072 2073 2080 2086 2090 3673 4323 
m2926 16 23 40 46 840 846 1190 2016 2023 2040 2046 2340 3323 3696 
m1014 14 22 36 40 46 722 1814 1822 1836 1840 1846 2014 2022 2036 2040 2046 2314 2322 2340 2346 3246 4314 4346 4836 
m3198 23 30 46 1180 2330 2346 4823 
m2002 22 37 40 46 1122 1137 1146 2022 2037 2046 2322 2337 2346 4837 
m1005 12 45 46 645 2345 4812 
m846 22 38 46 1146 1922 1946 
m1525 49 
m1658 22 36 40 41 46 48 1136 1140 1141 1148 1836 1848 2036 2048 2086 2090 2098 2322 2336 2340 2341 2348 4336 
m1924 22 45 46 1146 2272 2296 4846 
m1152 22 46 2322 
m2191 13 22 33 36 40 672 686 690 1113 1122 1133 1136 1140 1672 1686 1690 1822 2022 2036 3183 
m2840 3 30 153 180 1503 1530 
m3149 36 39 40 1836 1839 1840 1986 1990 2036 2039 2040 
m1044 30 45 46 2280 2296 2330 2346 
m2067 13 22 1113 1122 
m324 17 46 4817 
m2546 22 26 44 46 1146 1346 2344 2346 4846 
m1283 22 40 46 1146 2046 2322 2340 2346 
m602 23 30 46 1523 1546 2323 
m952 7 45 46 2257 2295 2296 2307 2346 
m372 22 37 39 1137 1139 1987 
m3104 22 26 44 46 1146 1322 1344 1346 2326 2344 2346 4846 
m488 5 11 15 33 38 46 555 565 583 588 596 755 1655 1696 1915 1933 1946 2305 2315 4165 
m1172 45 2295 
m364 12 49 649 2462 2499 
m2090 
m1318 14 22 36 1114 1136 4314 
m1921 12 29 36 46 612 629 636 1812 1829 1836 2312 2329 2336 2346 3136 4336 4812 4836 
m478 22 23 30 38 1122 1123 1130 1138 1172 1173 1188 1522 1523 1530 1538 3673 
m976 37 
m415 22 38 45 46 1145 1922 1945 1946 2322 2345 
m3056 16 38 46 838 2338 4816 
m496 37 46 2337 
m3586 22 33 46 1122 1133 1146 1672 1683 1696 2322 2333 2346 4833 
m2910 13 37 4363 
m368 36 45 1845 
m625 14 30 37 714 730 737 1880 3237 
m578 37 46 4396 
m1272 22 23 36 40 41 1122 1123 1136 1140 1141 1172 1173 1186 1190 1191 1822 1823 1836 1840 1841 2023 2036 2041 2072 2073 2086 2090 2091 3673 3686 4323 4586 
m1048 22 30 38 1130 1922 1930 1938 
m694 8 37 408 437 
m660 32 36 41 46 1641 1646 2332 2336 2341 2346 4136 4586 
m131 36 45 49 1849 2286 2299 
m31 38 46 1938 1946 2346 
m1226 36 38 45 48 1838 1845 1848 1936 1938 1945 1948 2295 2436 2438 2445 2448 4336 
m2637 22 23 30 45 46 1122 1123 1130 1145 1146 1195 1522 1523 1530 1545 1546 2273 2280 2295 2296 2322 2330 2345 2346 3696 4823 
m1232 22 23 41 1122 1123 1141 1173 2072 2073 3673 
m1943 22 1122 
m1307 36 46 2336 4836 4846 
m3545 23 30 41 45 1180 1191 1541 2273 2280 2291 
m1988 36 41 44 1841 2086 2091 2094 2236 2241 2244 
m2530 13 22 36 40 1113 1122 1136 1140 1813 1840 2013 
m1920 13 22 36 40 672 686 690 1113 1122 1136 1140 1822 2022 2036 
m1492 23 30 38 41 46 49 1173 1523 1930 1938 1946 1949 2073 2080 2323 2330 2341 2480 2491 2496 3673 
m299 44 46 2244 2246 2344 2346 4846 
m638 13 22 36 38 40 41 1113 1136 1138 1140 1141 1813 1840 1913 1922 1936 1938 1940 1941 2013 2063 2086 2088 2090 
m26 14 23 36 40 46 49 749 1814 1823 1846 1849 2014 2023 2036 2046 2314 2323 2336 2346 2349 2473 3223 4814 4823 
m1957 22 40 1140 
m3295 13 37 4363 
m843 33 45 46 1695 2345 4833 
m1377 36 45 46 49 1845 2336 2345 2346 2349 2486 2495 2496 
m3168 45 46 2296 
m2285 26 46 1346 
m2784 13 22 46 672 2322 4813 
m498 22 46 49 2322 2346 2472 2496 
m2676 32 37 46 1632 1637 1882 2332 2337 
m2201 45 2295 
m2274 22 33 38 46 1122 1133 1146 1672 1922 1933 1946 2322 4833 
m2590 22 26 33 36 49 1126 1133 1676 1822 1826 1833 1849 2472 2476 2483 
m1783 23 36 38 40 41 1173 1186 1188 1190 1923 1936 1938 1940 2023 2036 2073 2086 2088 3673 3686 4323 4336 
m3268 22 30 36 40 46 1122 1130 1136 1146 1522 1536 1822 2022 2030 2036 2322 2330 2336 2340 2346 4836 
m2030 22 36 46 49 1136 1146 1846 1849 2349 
m3538 19 46 969 996 2319 2346 
m3567 30 40 45 46 2045 2046 2280 2296 2330 2345 4846 
m663 13 22 46 1113 1122 1146 2313 2322 2346 
m467 14 45 745 2264 2295 
m1329 32 36 41 46 1641 2332 2336 2341 2346 4136 4341 
m296 26 
m257 22 36 40 46 49 1822 1846 1849 2022 2036 2040 2046 2049 2322 2472 2496 
m2327 13 22 32 45 682 1113 1132 1145 2263 2282 
m999 12 13 20 22 32 36 40 49 632 682 699 1012 1013 1022 1032 1036 1040 1112 1113 1122 1132 1136 1140 1812 1813 1832 1836 1840 1849 2012 2013 2032 2036 2049 2462 2482 2486 3136 3162 3186 
m1233 13 25 38 46 675 1913 1925 1946 2313 2325 
m2409 18 45 945 
m1638 8 408 
m1767 17 46 2317 2346 4817 
m2179 
m1574 22 37 45 46 49 1137 1146 2272 2287 2296 2299 2472 2487 2496 4837 
m1379 22 26 44 46 1146 1322 1344 1346 2344 2346 4846 
m736 36 40 46 49 1836 1840 1846 2036 2040 2046 2049 2336 2346 2349 2486 4346 4836 
m1573 12 22 37 46 1112 1137 1146 2337 4362 4812 
m3316 7 45 2257 
m1538 5 31 36 255 281 286 1555 1581 1586 1805 1831 1836 
m1142 6 36 42 49 2456 2486 2492 2836 4606 4636 
m261 38 45 1938 1945 
m3059 28 37 38 39 46 1878 1928 1937 1938 1939 1946 1978 1987 2328 4396 4496 
m1058 23 41 46 1173 2073 2323 2341 3673 
m733 14 40 740 
m1589 38 46 1946 
m2808 32 36 46 49 1632 1636 1649 1849 2332 2336 2346 2349 
m2429 22 44 46 1144 1146 2222 2244 2246 2322 2344 2346 4846 
m1667 23 
m2437 45 
m930 13 22 33 672 1672 3183 
m3582 37 45 1895 
m3299 6 14 32 314 332 732 
m2417 41 46 2091 2096 2341 
m3291 36 37 40 46 1836 1837 1840 1846 2036 2037 2040 2046 2337 2346 4346 4837 
m3531 32 45 46 1632 1646 2282 2296 2332 
m1780 37 46 49 2337 2346 2487 2496 4837 
m1904 22 23 30 36 40 41 46 1122 1123 1130 1136 1140 1141 1146 1191 1523 1536 1541 1546 1841 1846 2023 2030 2036 2040 2041 2046 2072 2341 3696 4323 
m1112 46 2346 
m1258 13 33 663 683 1663 1683 3183 4163 
m2781 45 2295 
m319 22 37 41 46 1137 1141 1146 2087 2096 4837 
m1791 23 30 46 1196 1523 1530 1546 2323 2330 2346 3696 4823 
m2942 26 37 46 1876 2326 2337 
m3090 5 22 46 1105 1146 2305 
m3154 22 23 1122 1123 1172 
m3521 46 2346 
m3398 23 45 46 1195 2323 2345 2346 
m3073 46 
m2062 22 35 46 1135 1146 2322 2335 2346 
m1771 12 22 36 622 1112 1122 1136 1822 4312 
m1821 6 42 46 346 2146 2842 
m438 45 46 2345 
m2880 14 40 46 714 746 2014 2040 2046 2314 2340 2346 3246 4814 
m2506 46 
m734 23 38 46 1188 1923 1938 1946 2338 2346 3696 4823 
m1387 22 45 46 49 1146 1149 2272 2296 2299 2349 2472 2495 2496 
m3368 13 23 49 673 1163 1173 1199 2463 2473 2499 3163 
m2482 30 46 2330 
m3557 32 1632 
m3324 20 23 1020 1023 1170 
m1945 2 36 45 46 145 1845 2252 2286 2295 2302 2345 2636 4836 
m208 45 
m1747 5 23 37 46 49 299 1155 1173 1199 1855 1873 1899 2305 2323 2349 4837 
m3270 45 46 2295 2296 
m1382 32 36 1832 
m2211 5 32 36 45 1605 1805 1845 2255 2282 4332 
m2663 22 23 30 1122 1123 1130 1172 1173 1180 1522 1523 1530 3673 
m789 13 32 38 46 682 1913 1932 1946 2313 2332 
m752 22 44 46 1146 2222 2244 2246 2322 2344 2346 4846 
m240 13 22 38 1113 1913 1922 
m721 8 25 46 49 408 446 449 1258 1296 2349 
m905 22 23 36 41 49 1123 1136 1141 1172 1173 1186 1191 1199 1822 1823 1841 1849 2072 2073 2086 2091 2099 2472 2473 2486 2491 3673 3686 4323 4336 
m2056 13 46 4813 
m3314 14 36 40 45 736 740 745 1840 2036 2286 2290 4336 
m1555 14 45 46 745 746 2345 
m2983 13 25 38 46 675 1913 1925 1946 2313 2325 
m2269 5 37 46 1855 2305 2337 2346 
m2976 16 23 36 46 1186 1816 2316 2323 2336 3666 
m2628 22 45 46 1146 2272 2296 
m1079 37 45 46 1895 2337 2345 2346 
m2296 45 
m989 22 44 46 1146 2344 2346 4846 
m1399 36 40 41 1836 1840 2036 2086 2090 2091 4586 
m3273 38 40 45 46 1946 2038 2046 2288 2290 2296 
m2662 22 23 30 1122 1123 1130 1172 1173 1180 1522 1523 1530 3673 
m1054 37 40 46 1890 2037 2046 2340 4396 
m653 14 
m640 17 33 38 45 895 1695 1917 1933 1938 1945 3383 
m1891 22 23 30 41 46 1122 1141 1146 1191 1523 1530 1541 1546 2073 2080 2091 2096 2322 2323 2330 2341 2346 
m2967 20 22 23 30 38 1022 1023 1030 1038 1122 1123 1130 1172 1173 1180 1188 1520 1523 1538 1922 1923 1930 3673 
m1171 33 38 46 1688 1938 1946 2338 4196 
m1917 14 45 745 
m2100 45 46 2296 
m2244 46 2346 4846 
m486 26 33 47 1333 1347 1697 
m3496 12 26 45 46 645 1312 1345 1346 2345 4812 
m297 23 36 45 1186 2273 2286 2295 3673 3686 
m274 9 22 46 1109 1146 2309 2346 4846 
m1027 17 22 44 46 49 899 1144 1146 2217 2246 2317 2344 2346 2349 3396 4817 4846 
m2267 18 
m609 26 46 49 1346 1349 2346 2496 2499 
m515 39 
m3583 22 45 1122 1145 2272 2295 
m2672 36 37 40 46 1886 1896 2036 2037 2046 2336 2346 4836 4837 
m84 15 22 46 772 2315 2322 
m1795 17 46 2317 2346 4817 
m242 45 
m168 5 13 33 36 49 263 283 1805 1813 1833 1849 2455 2463 2483 4163 
m3244 8 41 46 49 408 446 449 2058 2096 2308 2341 2346 2349 2458 2496 
m3060 22 44 46 1146 2344 2346 4846 
m3340 22 36 40 46 48 1822 2022 2036 2322 2336 2340 2436 2440 2446 
m2250 22 37 40 46 1137 1140 1146 1890 2037 2040 2046 2337 2340 2346 4396 
m104 13 33 45 1695 2263 4163 
m2730 36 40 46 1836 1840 1846 2036 2046 2336 2340 2346 
m3232 26 40 46 1346 2026 2046 2346 
m136 
m538 41 45 46 2095 2096 2345 
m3098 22 46 1146 
m615 22 45 46 1145 1146 2296 
m1332 32 37 1632 1637 1882 
m2 10 30 46 530 2310 2330 
m2108 22 23 30 36 40 46 1122 1123 1130 1136 1140 1146 1172 1173 1522 1523 1530 1540 1546 1822 1823 1830 1840 1846 2022 2023 2030 2036 2040 2046 2322 2323 2330 2340 2346 3696 4823 
m2268 5 32 36 1605 1636 1805 
m868 26 33 46 49 1333 1346 1349 2349 2483 4833 
m1719 14 46 746 2346 3246 
m2996 46 4846 
m2063 21 23 45 1171 2271 2273 
m291 40 45 46 49 2045 2046 2299 2345 2349 
m2544 10 36 46 1810 2310 2346 4836 
m2331 46 
m232 22 38 46 49 1146 1149 1922 1946 1949 2349 2472 2488 2496 
m2414 12 46 49 2349 2462 4812 
m1367 22 38 45 46 1138 1145 1146 1938 1945 1946 2345 
m711 22 41 1122 1141 
m2765 14 22 23 36 723 1114 1123 1136 1186 3236 
m3247 36 38 40 46 1840 1846 1936 1940 1946 2036 2038 2040 2046 2336 2338 2340 2346 
m151 22 36 40 41 49 1136 1140 1141 1822 1836 1840 1841 2036 2072 2086 2090 2091 2486 2491 4336 
m3290 22 36 37 40 46 1136 1137 1140 1146 1840 1886 1890 1896 2036 2037 2040 2046 2336 2340 2346 4346 4837 
m1018 10 13 33 660 1660 4163 
m3202 40 45 46 2046 2290 2296 2340 2346 
m1640 37 46 1887 1896 2337 2346 
m2526 22 44 46 1146 2344 2346 4846 
m3161 11 13 33 661 1661 4163 
m2689 13 33 36 38 40 688 1688 1813 1833 1838 2013 2033 2036 2038 4163 
m3407 30 32 36 40 46 1630 1640 1646 1830 1840 2030 2330 2332 2336 2340 2346 4136 
m3451 14 38 738 
m1170 36 
m986 22 30 38 45 46 1130 1145 1146 1922 1930 1945 1946 2280 2296 2330 
m1686 14 22 38 738 1114 1138 1914 1922 1938 
m3252 5 45 2255 2295 
m1045 36 
m128 5 37 45 46 1855 2255 2287 2296 2305 4837 
m1986 36 41 44 1841 2086 2091 2094 2236 2241 2244 
m3143 36 38 41 46 1838 2096 2338 4346 4586 
m2076 14 22 46 722 746 2322 2346 
m608 37 45 1895 
m346 26 27 46 1327 1346 2327 2346 
m2299 37 39 40 46 1890 1987 1990 2340 4396 4496 
m2844 22 46 1146 
m2340 30 45 46 2280 2296 2330 2346 
m2053 22 44 46 1144 1146 2246 2344 2346 4846 
m1979 13 33 45 46 2263 2283 2296 2313 2333 4163 
m3354 5 13 14 33 263 283 705 713 733 3183 
m839 1 32 36 38 45 46 82 96 1901 1932 1936 1946 2251 2282 2286 2288 2296 2332 2586 4136 4836 
m2613 22 44 46 1146 2322 2344 2346 4846 
m747 14 40 46 740 746 2014 2040 2046 2314 2340 2346 4814 
m1934 32 37 46 1882 2332 2337 
m1606 22 23 36 45 1122 1123 1136 1172 1173 1186 2272 2273 3673 
m3497 30 45 46 2280 2296 2330 2346 4846 
m1781 36 45 46 1845 2345 4836 
m3131 27 36 40 46 1827 1840 2027 2036 2040 2327 2340 4836 
m707 23 30 45 46 1195 1523 1545 1546 2323 2330 2345 2346 3696 4823 4846 
m1448 37 46 2337 
m2823 
m2586 22 44 46 1146 2322 2344 2346 4846 
m2734 32 46 1632 1646 2332 2346 
m817 22 23 30 45 1123 1130 1145 1173 1180 1523 1530 2273 2280 3673 
m1756 45 46 2296 2345 2346 
m1389 37 46 49 1887 1899 2337 2346 2349 2487 2496 4396 4837 
m705 30 44 45 1530 1544 1545 2230 2244 2245 2280 2294 2295 
m798 14 38 46 1914 1946 2346 4814 
m923 5 14 30 46 705 730 1505 2305 2314 2330 2346 4814 
m198 22 23 30 36 40 46 49 1122 1123 1130 1136 1140 1146 1149 1172 1173 1180 1186 1190 1199 1522 1523 1530 1536 1540 1546 1549 1822 1823 1830 1836 1840 1846 1849 2022 2023 2030 2036 2040 2046 2322 2330 2336 2340 2346 2472 2473 2480 2486 2496 3696 4823 
m2992 23 38 45 1923 2273 2288 
m3112 14 36 49 1814 1849 2464 
m794 36 41 46 1841 2341 4836 
m2567 30 36 40 46 49 1549 1830 1836 1846 1849 2036 2040 2046 2049 2330 2349 2480 2499 
m689 30 38 45 46 1930 1945 1946 2280 2296 2330 
m3550 3 32 37 182 187 1882 
m2809 30 36 40 46 1536 1540 1546 2036 2340 4836 
m3462 22 23 36 41 1122 1123 1136 1141 1173 1186 1823 2073 3673 3686 4323 4586 
m950 13 22 33 36 40 1113 1133 1136 1140 1813 1833 1840 2013 2033 4163 
m209 22 36 46 49 1149 1822 1836 1846 1849 2322 2349 2472 2486 2499 4836 
m1637 13 33 36 40 47 686 690 697 1686 1690 1697 1840 1847 2036 2040 2047 3183 4336 
m1827 13 38 46 688 1913 1946 2338 4813 
m894 40 45 2045 
m2292 22 36 40 1122 1136 1140 1822 2022 2036 
m2855 22 44 46 1122 1144 1146 2344 2346 4846 
m3492 22 23 36 40 41 46 49 1122 1123 1136 1140 1141 1149 1173 1186 1190 1822 1823 1836 1841 1849 2022 2023 2036 2040 2046 2072 2073 2086 2322 2323 2336 2341 2349 2472 2473 2486 2491 3673 3686 4323 4336 
m1843 13 22 33 36 40 686 690 1113 1133 1136 1140 1686 1690 1840 3183 
m2468 13 22 38 672 1113 1138 1913 1922 
m1096 22 38 46 1138 1146 1946 
m3106 22 36 41 46 49 1136 1141 1849 2086 2099 2322 2336 2341 2349 4336 
m875 38 46 1946 2338 2346 
m1068 32 46 1632 1646 2332 
m3209 22 45 46 1146 2272 2296 
m787 22 44 46 1146 2246 2344 2346 4846 
m2157 22 44 46 1146 2344 2346 4846 
m429 
m2055 13 17 22 45 46 672 872 2263 2267 2295 2296 2313 2317 2322 3363 
m1201 45 2295 
m2550 22 38 44 46 1146 1922 1944 1946 2344 2346 4846 
m152 22 
m1888 22 23 36 40 41 46 49 1123 1136 1141 1191 1836 1841 2022 2023 2036 2041 2322 2323 2336 2340 2341 2349 2472 2473 2486 2490 2491 2499 4323 4336 4836 
m3074 22 30 36 40 46 1122 1130 1136 1140 1146 1822 1830 1840 1846 2022 2030 2040 2046 2322 2330 2340 2346 
m1922 23 30 45 46 1195 1523 1545 1546 2295 2345 4823 
m1899 22 44 46 1144 1146 2222 2244 2246 2322 2344 2346 4846 
m816 5 13 22 33 36 40 655 1105 1113 1122 1133 1136 1140 1655 1805 1813 1833 1840 2013 2033 3183 
m1543 7 22 46 1107 1122 1146 2307 2346 
m2206 22 23 30 36 40 46 1122 1123 1130 1136 1140 1146 1172 1186 1190 1522 1523 1536 1540 1546 1822 2022 2036 2322 2336 2340 2346 4823 
m2785 45 46 2345 
m3589 22 44 46 1122 1146 2344 2346 4846 
m2582 23 30 46 1173 1180 1196 1523 1530 1546 2323 2330 2346 3696 4823 4846 
m3135 32 37 1882 
m2678 5 14 38 45 46 705 745 1905 1914 1945 1946 2255 2305 2345 4814 
m1630 36 45 46 49 1846 1849 2286 2296 2299 2349 
m1691 22 23 27 36 40 1122 1123 1127 1136 1140 1190 1372 1373 1386 1390 1823 1840 2023 2040 
m2917 40 46 2046 
m295 30 36 39 40 46 1830 1980 1986 1990 1996 2030 2036 2046 2330 4836 
m2489 22 23 36 40 1122 1123 1136 1140 1173 1186 1190 1822 1823 1836 1840 2022 2023 2036 2040 3673 3686 
m2920 45 46 2345 2346 
m512 13 33 4163 
m1977 36 38 40 45 1845 1936 1938 1940 1945 2036 2045 2286 2295 4336 
m938 11 
m224 22 38 44 46 1146 1922 1944 1946 2344 2346 4846 
m2403 14 32 41 741 1614 1641 
m366 5 22 36 46 49 272 286 296 299 1149 1822 1849 2322 2346 2349 4836 
m961 37 46 1896 
m864 46 2346 
m3614 37 41 46 2087 2341 4837 
m2189 22 30 36 40 46 1122 1130 1136 1140 1146 1536 1540 1546 1836 1840 1846 2022 2030 2036 2040 2046 2322 2330 2336 2340 2346 4346 
m1757 22 40 45 46 1140 1146 2272 2290 2296 2340 
m1674 12 36 46 612 636 646 1812 1836 1846 2312 2336 2346 
m2186 12 23 30 36 41 612 630 636 641 1191 1523 1541 1812 1823 1830 1836 1841 2062 2073 2086 3123 
m2902 40 46 2046 
m2427 8 36 46 1808 2308 2336 2346 4836 
m2820 26 
m67 26 34 38 46 1326 1334 1346 1734 1926 1938 1946 2334 2346 
m2404 23 45 1195 2273 2295 
m441 22 30 36 39 41 1136 1139 1522 1536 1539 1541 1986 2072 2089 4586 
m2218 32 45 1645 
m3158 13 32 36 40 41 686 690 691 1613 1636 1641 1841 2036 2041 2063 2082 2086 2090 2091 
m533 46 
m775 22 44 46 1146 2322 2344 2346 4846 
m2295 23 30 36 49 1180 1199 1549 1823 1830 1849 
m3085 22 44 46 1144 1146 2222 2246 2322 2344 2346 4846 
m2154 32 46 48 2332 2348 2432 
m471 13 33 45 2263 2283 3183 
m3221 36 40 46 49 1836 1840 1846 1849 2036 2040 2046 2336 2340 2346 2349 2486 2490 2496 4336 4346 4836 
m1712 14 23 30 46 1514 1523 1546 2314 2323 2330 2346 3664 4814 4823 
m3103 22 23 30 44 46 1130 1144 1146 1180 1523 1530 1546 2223 2230 2246 2323 2330 2344 2346 4823 4846 
m1301 37 40 45 46 1890 2287 2290 2337 2340 2345 
m1302 37 40 41 46 2037 2046 2087 2090 2096 4837 
m2240 22 34 36 1134 1136 1834 
m75 13 22 44 46 694 1113 1122 1144 1146 2313 2344 
m582 26 38 45 46 1338 1345 1346 1938 1945 2288 2338 2345 
m1127 22 44 46 1146 2246 2344 2346 4846 
m980 22 38 46 1146 1922 1946 
m2116 16 
m1976 30 37 46 1880 2330 4837 
m2381 36 40 46 49 1849 2036 2040 2046 2049 2336 2346 2349 4336 4836 
m363 27 49 1399 
m2712 22 38 44 46 1146 1946 2344 2346 4846 
m553 22 44 45 46 1144 1145 1146 2294 2296 2344 2346 
m1300 20 45 1045 
m516 26 32 36 41 46 1332 1336 1341 1346 1641 1646 2332 2336 2341 2346 4136 4586 
m2804 22 40 46 1122 1140 1146 2340 
m786 22 30 36 40 41 49 1130 1136 1141 1536 1540 1541 1830 1836 1840 1841 2036 2072 2080 2086 2090 2091 2472 2480 2486 2491 
m305 37 40 41 46 1890 2037 2046 2087 2090 2096 2340 4396 
m47 10 30 36 37 46 1510 1536 1546 1810 1860 1880 1886 1896 2310 2346 4836 
m1400 5 13 14 23 33 655 705 713 1155 1163 1164 1183 1655 1664 4163 
m838 26 32 36 38 46 1332 1336 1346 1832 1926 1932 1936 1946 2332 2336 2346 4836 
m2260 14 40 46 49 2014 2040 2046 2314 2346 2464 2490 2496 4814 
m2881 36 40 46 1836 2036 2046 2336 
m3431 23 36 41 49 1186 1199 1823 1836 1849 2073 2086 2099 2473 3673 4323 4586 
m632 41 
m1602 13 22 38 1113 1122 1138 1913 1938 
m3347 22 23 36 40 46 49 1172 1186 1190 1822 1823 1836 1840 1849 2022 2023 2036 2040 2046 2049 2322 2323 2336 2340 2349 2473 2486 2490 3686 4336 4346 4836 
m880 26 46 1346 
m1228 36 38 49 1849 1936 1938 1949 
m1200 22 41 46 1141 1146 2341 
m3065 10 45 46 2295 2296 2310 2346 
m872 23 36 1186 
m3259 14 46 714 746 2314 2346 4814 
m2574 36 38 46 1936 1938 1946 2336 2346 
m3082 26 46 1346 
m1595 22 23 36 49 1123 1136 1172 1173 1186 1199 1822 1823 1849 2472 2473 2486 3673 4323 4336 
m42 9 36 45 46 486 495 496 1845 2309 2336 2345 2346 
m1918 13 22 36 40 672 686 690 1113 1122 1136 1140 1822 2022 2036 
m239 6 42 4606 
m3613 40 45 46 2040 2045 2046 2345 4846 
m3460 12 36 46 49 649 1812 1849 2336 2349 4812 
m3311 5 45 46 2255 2296 2305 2345 4846 
m2241 46 
m688 22 23 36 40 46 49 1172 1822 1836 1849 2022 2023 2036 2040 2046 2049 2322 2323 2336 2349 2472 2473 2486 4323 4336 4836 
m2475 13 37 4363 
m2307 36 46 2336 2346 4346 4836 
m1078 12 13 33 46 662 696 2333 3133 3183 4812 
m1136 46 2346 
m610 27 32 38 46 1382 1396 1927 1932 1946 2332 
m2153 32 36 41 46 1641 1646 2332 2336 2341 2346 4136 4586 
m2998 22 36 41 46 49 1141 1822 1841 1846 2322 2341 2486 2491 2496 
m1089 22 44 46 1144 1146 2246 2344 2346 4846 
m167 14 22 32 36 39 40 41 49 722 1614 1622 1639 1641 1814 1822 1832 1836 1839 1841 1849 1972 2014 2036 2041 2049 2064 2072 2082 2089 2091 2482 2486 2489 2491 4464 4586 
m1902 16 22 44 49 844 849 1116 1144 2494 
m1970 28 36 1828 1836 
m117 22 23 30 36 40 46 49 1122 1123 1130 1136 1140 1146 1149 1172 1173 1522 1523 1530 1540 1546 1822 1823 1830 1840 1846 2022 2023 2030 2036 2040 2046 2322 2323 2330 2336 2340 2346 2349 2480 2486 2490 2496 3696 4823 
m844 38 40 41 46 1940 1941 1946 2090 2340 2341 
m3315 14 36 40 45 736 740 745 1840 2036 2286 2290 4336 
m3100 45 46 2295 2296 2345 
m1213 5 26 45 46 276 296 1305 1326 1346 2255 2276 2296 2326 
m1098 32 36 4332 
m882 32 45 1645 
m2511 22 37 46 1122 1137 1146 1872 2322 2346 4387 4396 4837 
m1700 44 46 2344 2346 
m2775 13 16 38 688 838 3313 
m3417 14 22 722 1114 1122 
m155 7 26 46 1307 1346 2307 2346 
m9 11 13 22 45 563 572 595 695 1113 1145 
m2528 22 26 44 46 1146 1322 1344 1346 2344 2346 4846 
m1033 22 37 1122 1137 
m1541 14 30 714 730 
m174 22 44 46 1146 2344 2346 4846 
m2750 30 45 46 2280 2295 2296 2330 2346 
m3530 36 37 39 40 41 46 49 1837 1839 1840 1841 1846 1849 1889 2037 2039 2046 2087 2089 2090 2096 2487 2490 2491 4396 4839 
m228 23 45 1195 
m565 36 41 45 1845 2095 2295 4586 
m2325 12 38 45 46 645 1912 1946 2345 4812 
m132 36 40 46 49 1846 1849 2036 2046 2349 
m137 5 36 37 38 45 46 286 295 1845 1855 1886 1895 1936 1937 1938 1946 2305 2336 2337 4336 
m2011 13 36 46 49 699 1849 2313 2349 4313 4836 
m2265 23 30 45 1195 1523 1545 
m1446 18 45 2268 
m2720 23 45 46 1195 2323 2345 4823 4846 
m719 22 23 30 1122 1123 1130 1172 1173 1180 1522 1523 3673 
m30 13 22 32 38 46 682 1113 1132 1146 1913 1922 1932 1946 2313 2332 
m428 11 45 595 
m1462 45 2295 
m1497 23 45 46 1195 2323 2345 3673 
m171 45 46 2295 2296 2345 2346 4846 
m895 22 33 46 1122 1133 1146 1696 2333 2346 4196 
m2571 32 38 45 46 49 1638 1646 1938 1946 1949 2282 2288 2296 2299 2332 2338 2346 2349 
m964 14 46 746 
m3328 8 46 408 446 2308 2346 
m1383 
m629 44 46 49 2246 2494 2496 
m2779 32 36 38 41 46 1641 1646 1932 1936 1941 1946 2332 2336 2341 2346 4136 4586 
m2828 40 46 2046 2346 
m3389 12 26 34 45 46 634 645 1312 1334 1345 1346 1734 2284 2334 2345 4812 
m3276 23 36 41 1823 2073 3673 4323 4586 
m3285 27 36 48 49 1386 1398 1399 1827 1848 1849 2486 2498 2499 4336 
m1212 47 
m255 5 13 33 36 46 263 283 1805 1813 1833 2305 2313 2333 4163 4836 
m2713 5 32 1605 
m196 23 26 46 1176 1346 3696 4846 
m588 20 22 23 46 1023 1120 1123 1146 1173 2320 2323 3673 4823 
m2058 13 16 49 699 849 3166 
m3296 28 38 1928 1938 
m199 
m461 22 23 30 1123 1130 1180 1530 
m3125 3 26 46 1303 1346 2346 4803 
m2510 40 45 2045 
m2135 46 
m3109 14 22 1114 1122 
m956 22 23 30 38 41 1122 1123 1130 1172 1173 1180 1188 1523 1538 1541 1922 1923 1930 1938 2072 2073 2080 2088 3673 
m2758 22 23 1122 1123 1172 1173 3673 
m1317 32 33 40 46 1633 2032 2033 2040 2046 2332 2333 
m586 13 36 38 46 49 699 1849 1913 1936 1946 1949 2313 2349 3186 4836 
m2344 13 22 1113 
m2949 45 2295 
m2308 36 
m2492 22 23 30 41 1122 1123 1130 1172 1173 1180 1522 1523 1541 2072 2073 2080 3673 
m3466 22 45 1145 
m176 38 45 2288 
m2990 14 49 2464 
m774 8 22 36 46 1122 1136 1146 2308 2336 2346 4308 4836 
m1353 23 45 46 1195 2295 2345 2346 4823 
m2753 22 40 44 46 1146 2022 2044 2046 2344 2346 4846 
m2436 36 48 1836 1848 2436 2448 4336 
m2018 5 37 46 255 287 1855 1887 1896 2305 2337 2346 4837 
m2773 13 14 32 46 664 696 1613 1614 1646 4814 
m367 5 45 295 
m2266 5 45 295 
m1628 13 38 46 1913 1946 4813 
m371 26 37 38 46 1876 1926 1937 1946 2326 4396 
m1561 10 32 46 1610 1646 2310 
m1359 13 33 3183 
m2605 23 38 45 46 1195 1923 1945 1946 2323 2345 
m1566 45 2295 
m2717 14 45 745 
m2141 36 
m523 45 2295 
m2358 22 28 1422 
m378 22 37 40 46 1137 1140 1146 1890 2022 2037 2040 2046 2322 2337 2340 2346 4396 
m1123 37 45 46 2287 2296 2337 2346 4837 
m1968 45 
m1174 22 23 30 36 40 46 49 1122 1123 1130 1136 1140 1146 1172 1173 1180 1186 1190 1522 1523 1530 1536 1540 1546 1822 1823 1830 1840 1846 1849 2022 2023 2030 2036 2040 2046 2049 2322 2323 2330 2336 2340 2346 2349 2472 2473 2480 2496 3696 4823 
m2175 
m288 13 22 36 38 40 672 686 690 1113 1122 1136 1140 1822 1913 1922 1936 1940 2022 2036 
m1495 14 22 36 40 41 46 714 722 736 741 1822 1836 1841 2014 2036 2041 2046 2072 2314 2322 2336 2341 3236 4314 4586 4814 
m897 32 49 1649 
m2953 33 45 1695 2283 2295 
m792 18 45 945 
m177 13 22 45 695 1113 1145 2263 2272 2295 
m1274 8 22 23 30 46 408 422 423 430 446 1122 1123 1130 1146 1180 1523 1530 1546 2330 4823 
m1073 5 13 33 45 263 283 2255 2263 2283 3183 
m1202 22 37 46 1137 2322 4837 
m1940 37 41 46 2087 2096 4837 
m197 14 32 36 46 746 1614 1632 1636 1646 1814 1832 1836 1846 2314 2332 2336 2346 4332 
m2921 40 45 46 2040 2045 2046 2345 
m3216 22 32 36 1622 1822 4136 
m2006 44 46 49 2344 2349 2494 
m3498 45 46 2295 2296 2345 4846 
m2787 28 32 36 38 40 46 1628 1632 1636 1640 1646 1828 1832 1836 1932 1936 1940 1946 2028 2032 2036 2040 2046 2328 2332 2336 4136 4332 4836 
m624 46 
m2997 36 40 46 1840 2336 2340 
m1435 9 14 36 49 709 1809 1814 1836 1849 2459 2464 2486 2499 
m1293 5 41 2055 
m376 32 40 45 46 2032 2045 2046 2282 2296 2332 
m2077 37 46 4837 
m1024 45 46 2296 2346 
m1813 22 46 49 1146 1149 2349 2472 2496 
m1804 8 36 46 2308 4308 4836 
m2778 46 
m1675 22 26 41 46 1141 1146 1322 1341 1346 2341 
m2951 37 40 46 2037 2046 4837 
m2814 22 40 46 1140 1146 2340 
m2283 5 13 22 26 33 46 263 283 672 1305 1313 1322 1333 1346 1672 2305 2313 2322 2333 4163 
m1911 13 22 33 49 699 1113 1122 1149 1672 1699 4163 
m3083 32 36 44 46 1644 2236 2332 2336 2344 2346 4136 
m2623 33 36 40 49 1686 1699 1849 2033 2036 2049 
m70 32 36 46 1632 1636 1646 1832 1836 1846 2332 2336 2346 4332 
m1746 22 37 40 46 1137 1140 1146 1890 2022 2037 2040 2046 2337 2340 2346 4837 
m3380 36 46 49 1849 2336 2346 2349 4836 
m703 23 36 1173 1186 1823 1836 3673 3686 4323 
m554 22 36 40 46 1122 1136 1140 1822 2022 2036 2040 2322 2336 2340 4336 
m2355 22 26 44 46 1122 1126 1144 1146 1346 2222 2226 2246 2322 2326 2344 2346 4846 
m925 17 23 46 2317 2323 2346 3667 4817 4823 4846 
m2636 23 36 40 41 44 1186 1190 1191 1194 1840 1841 2041 2240 2241 4736 
m596 36 38 48 1838 1848 1936 1948 2436 2438 2448 
m1091 22 44 46 1122 1144 1146 2222 2246 2322 2344 2346 4846 
m1443 22 36 41 49 1136 1149 1841 1849 2072 2086 2091 2099 2486 2491 4336 
m3499 26 36 46 49 1326 1336 1346 1349 1826 1846 1849 2326 2476 2496 
m3148 5 30 32 36 46 280 1605 1630 1646 1805 1830 1846 2305 2330 4332 
m1893 22 23 30 1122 1123 1130 1172 1173 1180 1522 1523 1530 3673 
m3599 26 46 2326 2346 
m1516 22 30 36 1136 1536 
m3258 22 23 30 46 1122 1123 1130 1146 1180 1523 1530 1546 2330 2346 4823 
m382 36 46 2336 2346 4836 4846 
m3050 11 13 33 563 583 661 1661 4163 
m716 5 13 22 45 46 655 1113 1145 1146 2255 2263 2296 2305 2313 
m879 45 2295 
m1351 14 23 30 46 730 1180 2314 2323 2330 2346 3223 4814 4823 
m621 36 
m1752 22 23 36 40 41 46 1123 1136 1140 1146 1190 1822 1823 1836 1840 1841 2023 2036 2040 2041 2046 2072 2073 2086 2096 2322 2323 2336 2340 2341 2346 3673 3686 4323 4346 4823 
m1838 3 22 30 38 172 180 188 1522 1922 1930 1938 
m390 22 23 32 46 1123 1132 1146 1182 1196 2332 
m303 36 40 45 1845 2036 2045 2286 2290 2295 
m1190 13 22 33 36 40 672 686 690 1113 1122 1133 1136 1140 1672 1686 1690 2036 3183 
m2850 14 45 2264 3214 
m1161 36 40 48 49 1836 1840 2036 2436 2440 2449 2486 2490 4336 
m3300 33 45 46 2283 2296 2333 2346 4833 4846 
m3514 37 40 45 46 1890 2287 2290 2296 2340 4396 
m3591 22 45 46 1145 1146 2345 4846 
m3414 14 23 36 40 46 1814 1823 1846 2014 2023 2036 2040 2046 2314 2323 2346 3664 4346 4814 4823 
m2860 22 36 37 40 46 1122 1136 1137 1140 1146 1822 1837 1840 1846 1872 2022 2037 2046 2322 2336 2340 2346 4396 4837 
m1789 22 36 40 46 1122 1136 1140 1146 1840 2036 2040 2336 2340 
m867 46 2346 
m1114 36 
m3580 13 22 45 695 1113 1145 
m3201 10 36 40 49 536 1810 1836 1849 2010 2036 2049 2460 2486 
m252 23 45 46 1195 1196 2296 3673 
m244 36 38 46 1936 1946 4836 
m91 12 45 46 645 2312 2345 
m2277 14 32 48 732 2414 2432 
m1039 37 41 46 2087 2096 4837 
m468 11 13 33 45 563 583 595 2263 2283 3183 
m2896 8 37 46 437 446 4837 
m700 14 23 30 46 1514 1523 1546 2314 2323 2330 2346 3664 4814 4823 
m2532 14 22 46 722 746 2322 2346 
m2770 26 40 46 49 1340 1346 1349 2046 2490 2496 
m665 23 28 38 1178 1188 1928 1938 
m337 13 22 33 36 40 45 672 686 690 695 1122 1136 1140 1672 1686 1690 1822 2022 2036 2272 2283 2286 2290 3183 
m2931 23 27 32 42 1182 1192 1373 1382 1392 1642 
m420 36 42 4636 
m780 38 46 1938 1946 
m2897 22 30 32 36 40 41 46 49 1122 1130 1132 1136 1140 1141 1146 1522 1532 1536 1546 1622 1646 1822 1830 1832 1836 1840 1846 1849 2022 2030 2032 2036 2040 2046 2049 2072 2090 2096 2322 2472 2480 2482 2486 2490 2496 4346 4846 
m825 13 37 38 46 1913 1937 1946 2313 2337 4363 
