m240 22 38 46 49 1146 1149 1922 1946 1949 2349 2472 2488 2496 
m2495 39 40 41 46 1990 1991 1996 2040 2046 2090 2096 
m2719 13 37 4363 
m1356 36 
m2151 
m2249 18 36 40 1818 2018 2036 
m2641 22 44 46 1146 2344 2346 4846 
m2982 38 46 1946 
m3202 22 37 1872 
m2378 12 23 36 46 49 636 649 1199 1849 2336 2349 3123 3686 4812 4823 
m495 22 36 41 49 1141 1849 2086 2091 2099 4336 
m2700 22 44 46 1146 2344 2346 4846 
m925 22 37 46 1122 1146 1872 2322 4396 
m2177 5 13 33 46 263 283 296 696 2305 2313 2333 2346 3183 
m1321 12 14 45 46 645 712 745 2312 2314 2345 2346 4814 
m873 38 46 1946 2338 2346 
m32 38 46 1938 1946 2346 
m1456 7 38 46 1907 1946 2307 2338 2346 
m3585 22 23 36 41 1122 1123 1136 1141 1173 1186 1823 2073 3673 3686 4323 4586 
m2228 12 22 23 36 40 41 46 49 636 640 641 646 649 1123 1136 1141 1146 1149 1812 1836 1840 1841 1846 1849 2036 2041 2046 2073 2086 2090 2091 2096 2099 2322 2323 2336 2340 2341 2349 2462 2472 2473 2486 2491 2496 2499 4323 4336 4812 4836 
m362 33 44 49 1694 1699 2494 
m1233 16 32 40 44 46 832 844 1644 2016 2032 2044 2046 2316 2332 2344 
m260 23 45 46 1195 1196 2296 3673 
m1283 5 45 46 2255 2305 2345 2346 
m2834 37 38 41 46 1937 1938 1941 1946 2087 2096 4837 
m1687 37 46 1887 1896 2337 2346 
m2037 13 33 45 46 2263 2283 2296 2313 2333 4163 
m1202 5 23 36 45 286 295 1155 1186 1195 1845 4336 
m65 45 46 2295 2345 2346 
m3081 16 23 36 46 1186 1816 2316 2323 2336 3666 
m2253 23 36 40 1190 1840 3686 4336 
m3451 14 22 36 40 722 736 740 1114 1122 1136 1140 1822 2022 2036 
m255 22 40 44 46 1140 1144 1146 2022 2040 2044 2046 2222 2240 2246 2322 2340 2344 2346 4846 
m779 22 44 46 1146 2344 2346 4846 
m2352 5 13 22 26 33 46 263 283 672 1305 1313 1333 1346 1672 2305 2313 2322 2333 4163 
m3082 13 23 36 1186 1813 3663 
m3160 23 30 45 46 1173 1180 1196 2273 2296 2330 2346 4823 
m632 14 22 41 714 741 1114 1141 2064 2072 2091 
m1885 5 22 44 46 272 294 296 1144 1146 2205 2246 2305 2322 2344 2346 4846 
m2999 36 40 46 48 2036 2040 2046 2048 2336 2346 2348 2436 4836 
m1407 22 23 30 46 1122 1123 1130 1146 1180 1522 1523 1530 1546 2330 4823 
m2126 13 22 1113 1122 
m376 5 22 36 46 49 272 286 296 299 1149 1822 1849 2322 2346 2349 4836 
m2479 32 44 46 1644 1646 2344 
m2671 22 44 46 1146 2222 2246 2322 2344 2346 4846 
m1223 37 46 4837 
m2105 33 36 45 46 1686 1695 1845 2333 2345 4836 
m1100 12 13 33 46 662 696 2333 3133 3183 4812 
m1833 5 22 37 46 255 1105 1137 1146 1855 1887 1896 2305 2322 2337 2346 4837 
m1673 32 46 2332 2346 
m213 22 36 46 49 1149 1822 1836 1846 1849 2322 2349 2472 2486 2499 4836 
m2784 22 23 36 49 1123 1136 1149 1173 1186 2473 2486 3673 4323 
m3442 8 46 408 446 2308 2346 
m2338 5 45 295 
m730 8 25 46 49 408 446 449 1258 1296 2349 
m616 23 46 2323 2346 3696 4823 4846 
m2266 14 36 40 46 740 746 1840 2014 2036 2040 2046 2336 2340 2346 3236 4346 4814 
m1296 36 41 46 2341 4341 4836 
m2947 14 45 2264 3214 
m909 22 23 30 41 49 1123 1130 1173 1523 2072 2073 2080 2472 2473 2480 2491 3673 
m890 38 46 1946 2338 2346 
m3310 10 36 40 49 536 1810 1836 1849 2010 2036 2049 2460 2486 
m3470 8 36 46 49 1808 1846 2308 2336 2458 2486 2496 4336 
m510 22 46 49 2322 2346 2472 2496 
m2497 22 39 45 46 1122 1146 1972 1995 1996 2272 2296 
m2403 36 37 38 40 46 1836 1837 1840 1846 1886 1890 1936 1937 1940 1946 2036 2037 2038 2040 2046 2336 2340 4336 4837 
m1724 22 26 41 46 1141 1146 1322 1341 1346 2341 
m439 26 38 46 1926 1946 2326 
m2703 22 44 46 1146 2344 2346 4846 
m2252 12 23 30 36 41 612 630 636 641 1191 1523 1541 1812 1823 1830 1836 1841 2062 2073 2086 3123 
m3312 10 21 36 46 521 536 546 1821 2321 2346 4836 
m403 36 
m1020 45 
m1112 22 44 46 1144 1146 2246 2344 2346 4846 
m904 45 49 2295 2299 
m2878 13 14 22 672 722 3213 
m1091 45 46 2296 2346 4846 
m2613 22 26 44 46 1146 1322 1344 1346 2344 2346 4846 
m1584 7 22 46 1107 1122 1146 2307 2346 
m138 13 46 2313 
m799 22 44 46 1146 2246 2344 2346 4846 
m442 36 45 46 1845 2336 2345 
m457 13 33 40 46 2013 2033 2046 2313 2333 4163 
m930 32 1632 
m729 14 22 38 46 49 722 749 1938 1946 2314 2322 2346 2349 2472 
m1276 37 46 2337 2346 4837 4846 
m3393 5 13 30 33 46 655 680 1505 1655 1680 2305 2313 2330 2333 4163 
m3628 36 40 41 1840 1841 2036 2040 2041 4336 
m883 46 2346 
m2262 22 36 37 40 46 1122 1136 1137 1140 1146 1822 1836 1837 1840 1846 1890 2022 2036 2037 2040 2046 2322 2336 2337 2340 2346 4837 
m3353 23 30 40 1173 1190 1523 1530 1540 2023 2030 2040 3673 
m1511 41 45 2091 2095 2291 2295 
m1879 23 
m2987 30 36 46 49 1830 2330 2336 2480 2486 2496 
m3521 5 22 36 40 41 272 286 290 291 1105 1122 1136 1140 1141 1840 1841 2041 
m2718 22 23 30 36 40 41 1122 1123 1130 1136 1140 1141 1180 1186 1190 1522 1523 1536 1540 1822 1830 1836 1840 1841 2022 2023 2030 2036 2041 2080 2086 
m2519 14 22 36 46 722 736 1822 2314 2322 4836 
m942 17 23 46 2317 2323 2346 3667 4817 4823 4846 
m3695 45 49 2295 2299 
m2405 46 
m2200 23 30 38 45 46 1180 1923 1930 1946 2273 2280 2288 2296 2330 2346 4823 
m907 22 23 36 39 41 1123 1136 1972 1973 1986 1991 2072 2073 3673 4323 4586 
m417 13 22 32 36 40 672 686 690 1613 1622 1636 1640 1822 1840 2022 2036 2040 4336 
m1066 22 30 38 1130 1922 1930 1938 
m667 22 32 36 37 40 1122 1136 1137 1140 1622 1636 1637 1640 1822 1872 1886 1890 2022 2036 
m1230 22 37 46 1137 2322 4837 
m2871 13 16 38 688 838 3313 
m2290 36 40 46 1836 1840 1846 2036 2040 2046 2336 2340 2346 4336 4346 
m2786 5 14 40 45 46 705 745 2005 2014 2045 2046 2255 2305 2345 4814 
m1814 32 
m1382 13 22 46 1113 1122 1146 2322 4813 
m1143 22 37 45 49 1122 1137 1145 1149 1899 2287 2299 
m1264 13 46 696 
m225 6 42 46 2306 2342 2842 
m2390 36 37 38 46 1837 1838 1888 1938 2338 4346 4837 
m1210 46 4846 
m1662 14 22 36 40 46 49 722 1814 1822 1846 1849 2014 2036 2046 2322 2336 2349 2464 2472 4336 4814 
m253 22 44 46 1144 1146 2222 2246 2322 2344 2346 4846 
m307 44 46 2244 2246 2344 2346 
m2729 30 39 1980 
m806 36 41 46 1841 2341 4836 
m3191 22 44 46 1144 1146 2222 2246 2322 2344 2346 4846 
m797 22 37 46 1872 2322 2337 
m284 22 36 40 46 49 1146 1822 1840 1846 1849 2036 2046 2049 2322 2340 2472 2496 4846 
m3101 22 44 46 1146 2222 2244 2246 2322 2344 2346 4846 
m2260 23 36 40 41 1173 1186 1190 1191 1823 1840 2023 2036 2073 2086 2090 3673 4323 4336 4586 
m3600 22 32 36 40 46 49 1622 1646 1822 1832 1836 1840 1846 1849 2032 2036 2046 2322 2482 2486 2490 2496 4332 
m1544 14 714 
m863 
m386 32 40 45 46 2032 2045 2046 2282 2296 2332 
m3014 22 40 46 1140 1146 2046 
m2384 22 23 36 40 41 1122 1123 1136 1140 1141 1172 1822 1823 1836 1840 1841 2022 2023 2036 2040 2041 2072 2073 2086 3686 
m3672 22 36 40 1122 1136 1140 2022 2036 2040 
m3131 12 22 36 41 46 49 622 641 1141 1812 1822 1841 2322 2336 2341 2462 2472 2486 2491 2496 3136 4312 4336 4812 
m1680 5 45 46 2255 2296 2305 
m3381 45 46 2295 2296 
m2704 22 44 46 1146 2322 2344 2346 4846 
m53 29 
m2681 32 1632 
m3537 14 23 36 40 46 1814 1823 1846 2014 2023 2036 2040 2046 2314 2323 2346 3664 4346 4814 4823 
m1820 12 22 36 622 1112 1122 1136 1822 4312 
m2146 38 46 1946 
m1013 12 36 40 45 46 640 645 1845 2036 2045 2336 2340 2345 3136 4812 
m2355 5 13 22 26 33 46 263 283 672 1305 1313 1322 1333 1346 1672 2305 2313 2322 2333 4163 
m2832 22 23 36 41 46 49 1141 1172 1191 1822 1823 1841 1846 2322 2323 2341 2472 2473 2486 2491 2496 
m1870 38 46 1946 
m3612 9 36 46 49 459 486 496 499 1809 1846 1849 2309 2336 2346 2349 2459 2486 2496 2499 4336 
m2468 37 46 2346 4396 4837 
m2307 30 36 41 46 49 1536 1541 1841 2080 2086 2091 2096 2099 2330 2336 2341 2346 2349 2480 2486 2491 
m428 5 46 2305 2346 4846 
m2363 12 45 645 2295 
m609 36 38 48 1838 1848 1936 1948 2436 2438 2448 
m2257 13 22 33 36 40 672 686 690 1113 1122 1133 1136 1140 1672 1686 1690 1822 2022 2036 3183 
m1476 22 36 38 41 49 1136 1138 1141 1149 1822 1838 1841 1849 1922 1936 1941 2072 2086 2088 2099 2472 2486 2488 2491 4336 
m2628 37 46 1896 
m1721 14 45 745 
m3456 22 36 40 46 48 1822 2022 2036 2322 2336 2340 2436 2440 2446 
m14 13 22 32 33 36 40 46 690 696 1113 1122 1132 1133 1136 1140 1146 1613 1633 1636 1640 1646 1690 1813 1833 1840 1846 2013 2033 2046 2333 2340 3183 
m691 33 37 46 1883 1896 4833 
m2574 22 23 36 40 46 49 1172 1822 1823 1836 1840 1849 2022 2023 2036 2040 2046 2049 2322 2323 2336 2349 2473 2486 3686 4336 4346 4836 
m1343 22 45 1122 1145 2272 
m3698 34 46 1746 
m1512 14 49 2464 
m2272 12 22 23 36 41 46 49 622 623 636 641 649 1123 1136 1141 1191 1822 1823 1841 2322 2323 2336 2341 2349 2472 2473 2486 2491 3136 4323 4336 4812 
m451 26 45 46 1345 1346 2295 2345 
m1981 22 45 46 1146 2272 2296 4846 
m3427 14 36 40 45 736 740 745 1840 2036 2286 2290 4336 
m1848 36 40 45 1845 2036 2045 
m1488 5 36 46 49 255 286 1805 1836 1846 1849 2305 2336 2455 2486 2496 
m1137 22 23 30 1122 1123 1130 1173 1180 1522 1523 1530 
m524 13 33 4163 
m811 14 23 30 46 1514 1523 1546 2314 2323 2330 2346 3664 4814 4823 
m2368 23 30 36 49 1180 1199 1549 1823 1830 1849 
m2010 13 22 40 46 1113 1140 2013 2313 2322 2340 2346 
m1472 37 39 40 46 1890 1987 1990 2037 2039 2046 2340 4396 4496 
m2270 12 14 36 40 41 46 636 640 641 736 740 741 1841 2036 2041 2314 2336 2340 2341 3114 3236 4336 4812 
m1751 36 39 42 1986 2139 4636 
m762 22 44 46 1146 2222 2244 2246 2322 2344 2346 4846 
m141 46 
m3687 32 1632 
m496 22 36 45 46 1136 1146 1845 1846 2336 2345 2346 4836 4846 
m2553 22 23 30 36 40 46 49 1122 1123 1130 1136 1140 1146 1172 1173 1180 1186 1190 1196 1523 1530 1536 1540 1546 1822 1823 1830 1840 1846 2022 2023 2030 2036 2040 2046 2330 2346 2472 2473 2486 2490 3696 4336 4346 4823 
m2045 36 41 44 1841 2086 2091 2094 2236 2241 2244 
m2618 14 22 46 722 746 2322 2346 
m1346 14 22 36 1114 1136 4314 
m3367 13 33 45 2263 2283 4163 
m1145 22 23 30 1123 1173 1522 1523 3673 
m1420 37 46 49 1887 1899 2337 2346 2349 2487 2496 4396 4837 
m1121 32 36 4332 
m714 30 44 45 1530 1544 1545 2230 2244 2245 2280 2294 2295 
m2038 8 33 46 433 446 4833 
m1095 5 13 33 45 263 283 2255 2263 2283 3183 
m1959 16 22 44 49 844 849 1116 1144 2494 
m1485 23 45 1195 2273 2295 
m70 26 34 38 46 1326 1334 1346 1734 1926 1938 1946 2334 2346 
m791 8 
m1299 30 41 46 2080 2330 2341 2346 
m2350 22 23 36 41 1123 1136 1141 1191 3686 4341 
m3056 37 40 46 2037 2046 4837 
m577 36 41 45 1845 2095 2295 4586 
m1111 5 23 45 46 1155 2255 2273 2305 2345 2346 4823 
m2443 45 46 2296 2346 
m2076 5 37 46 255 287 1855 1887 1896 2305 2337 2346 4837 
m3313 22 23 36 40 46 49 1123 1136 1146 1149 1836 1846 1849 2022 2023 2036 2046 2049 2323 2473 2486 2496 3686 4323 4336 4836 
m1426 33 37 4383 
m3265 5 36 38 286 1905 1936 
m3587 26 38 46 1926 1946 2326 
m803 37 
m1081 23 40 46 49 1196 2023 2040 2046 2473 2490 2496 
m1807 34 46 2334 
m1658 38 1938 
m3060 20 1020 
m2685 46 2346 
m217 11 13 46 563 2311 2313 
m1047 5 22 37 45 1105 1122 1137 1145 1855 1895 2255 
m2614 23 36 40 46 48 1190 1823 1836 1840 1846 1848 2023 2036 2040 2046 2048 2336 2340 2346 2423 2436 2446 3686 3696 4323 4346 4823 4836 
m960 22 38 40 45 46 1138 1146 1938 1940 1946 2272 2288 2290 2296 2340 2346 
m2398 46 
m2949 5 36 38 41 46 286 291 296 1905 1936 1938 1941 1946 2341 4341 4836 
m2551 13 22 38 672 1113 1138 1913 1922 
m401 14 46 746 2346 
m1431 5 13 14 23 33 655 705 713 1155 1163 1164 1183 1655 1664 4163 
m477 14 45 745 2264 2295 
m1258 14 45 714 745 2264 2295 
m1360 32 37 1632 1637 1882 
m3398 22 23 45 1122 1123 1145 1173 2272 2273 2295 3673 
m666 14 
m31 13 22 32 38 46 682 1113 1132 1146 1913 1922 1932 1946 2313 2332 
m2963 22 36 41 49 1122 1136 1141 1149 1822 1841 1849 2072 2086 2091 2099 2472 2486 2491 4336 
m2491 12 46 612 2312 2346 4812 
m1531 23 45 46 1195 2323 2345 3673 
m2549 5 26 30 37 46 1330 1337 1346 1505 1855 1880 2305 2330 2337 2346 4837 4846 
m2716 22 45 46 1146 2272 2296 
m2575 12 23 30 36 41 46 49 630 1180 1812 1830 1846 2062 2073 2080 2086 2096 2323 2330 2462 2473 2480 2486 2491 2496 3123 4323 4812 
m2907 22 23 36 40 41 1123 1136 1140 1173 1186 1190 1191 1823 1836 1840 1841 2023 2036 2040 2041 2073 2086 3673 3686 4323 4586 
m1979 23 30 45 46 1195 1523 1545 1546 2295 2345 4823 
m3235 
m888 22 23 36 41 46 49 1123 1136 1146 1149 1191 1836 1841 2323 2336 2341 2473 2486 2491 2496 4323 4336 4836 
m1441 36 46 49 1849 2336 2349 4336 
m1638 22 45 46 1145 1146 2296 
m2971 14 22 40 46 722 746 2014 2022 2046 2322 
m1610 12 13 22 36 40 622 636 640 672 686 690 1112 1113 1122 1136 1140 1822 2022 2036 3162 
m400 22 23 32 46 1123 1132 1146 1182 1196 2332 
m2765 9 36 46 459 486 496 1809 2309 2336 2346 4836 
m2120 22 35 46 1135 1146 2322 2335 2346 
m3564 
m1585 13 33 36 40 48 698 1698 1813 1833 1848 2013 2033 2036 2048 4163 
m3432 8 36 40 46 1808 1836 1840 1846 2008 2036 2040 2046 2308 2336 4336 
m3745 22 36 45 1136 1145 1845 
m2814 23 45 46 1195 2323 2345 4823 4846 
m420 33 45 1695 
m1171 22 30 46 1522 1546 2322 4846 
m731 36 40 46 49 1836 1840 1846 1849 2036 2040 2046 2336 2340 2346 2349 2486 2490 2496 4336 4346 4836 
m3211 14 36 49 1814 1849 2464 
m612 12 22 23 36 40 41 46 49 640 1123 1136 1141 1162 1186 1190 1196 1199 1812 1840 1846 1849 2062 2073 2086 2090 2096 2099 2340 2462 2486 2496 3146 3686 4312 4336 
m2809 14 22 36 40 722 736 740 1114 1122 1136 1140 1822 2022 2036 
m2069 13 36 46 49 699 1849 2313 2349 4313 4836 
m3189 26 46 1346 
m3356 13 33 3183 
m2586 45 46 2345 
m1527 26 32 36 46 1332 1336 1346 1832 2332 2336 2346 4836 
m2771 5 14 38 45 46 705 745 1905 1914 1945 1946 2255 2305 2345 4814 
m1924 23 36 40 41 1186 1190 1191 1840 1841 2036 2040 2041 
m2636 22 38 44 46 1146 1922 1944 1946 2344 2346 4846 
m1717 36 45 46 1845 2286 2295 2345 4836 
m1375 41 2091 
m216 22 36 40 41 45 1122 1136 1140 1836 1840 2036 2040 2072 2086 2272 2286 2291 
m2250 13 22 45 46 672 2263 2295 2296 2313 2322 2346 4813 
m1684 13 33 36 40 47 686 690 697 1686 1690 1697 1840 1847 2036 2040 2047 3183 4336 
m2741 14 46 714 746 2346 3246 
m1766 36 
m775 22 44 46 1144 1146 2246 2322 2344 2346 4846 
m399 14 46 746 2346 
m3018 13 37 4363 
m443 37 45 46 1895 2345 4837 
m300 40 45 46 49 2045 2046 2299 2345 2349 
m489 22 23 30 38 1122 1123 1130 1172 1173 1188 1522 1523 1530 1538 3673 
m438 
m1767 22 28 38 46 1128 1138 1146 1928 1938 2328 2338 
m2008 33 36 46 1686 2333 2336 2346 4833 
m1954 44 46 49 2344 2349 2494 
m2883 28 32 36 38 40 46 1628 1632 1636 1640 1646 1828 1832 1836 1932 1936 1940 1946 2028 2032 2036 2040 2046 2328 2332 2336 4136 4332 4836 
m2465 14 36 49 749 1814 1849 
m498 26 33 47 1333 1347 1697 
m437 11 45 595 
m3449 14 714 
m3095 22 23 45 1123 1145 1172 1195 3673 
m821 23 38 45 1188 1195 1945 2288 2295 
m2137 14 22 46 722 746 2322 2346 
m1615 12 22 37 46 1112 1137 1146 2337 4362 4812 
m2047 36 41 44 1841 2086 2091 2094 2236 2241 2244 
m3036 22 37 46 1137 1146 4837 
m406 14 46 2346 4814 
m2515 37 
m613 37 1887 
m2827 32 46 1632 1646 2332 2346 
m502 22 41 1141 
m116 22 23 30 36 40 1122 1123 1136 1140 1522 1523 1536 1540 1822 1823 1840 2022 2023 2030 2036 2040 4323 4336 
m1753 14 46 2314 2346 4814 
m3608 5 26 38 46 1305 1346 1926 1946 2305 2346 
m2960 5 13 22 33 655 1113 1122 1133 1655 1672 4163 
m383 8 45 46 49 408 446 449 2258 2296 2299 2349 
m939 22 40 46 1146 2340 
m1438 13 38 46 663 696 1913 1946 
m2807 5 32 1605 
m3674 23 30 41 45 1180 1191 1541 2273 2280 2291 
m1677 36 45 46 49 1846 1849 2286 2296 2299 2349 
m2585 37 40 46 49 1899 2037 2046 2049 2337 2340 2346 2349 4396 
m2603 12 45 46 645 2345 4812 
m1708 22 36 41 46 48 1136 1141 1848 2086 2098 2322 2336 2341 2348 4336 
m2882 46 
m3008 13 33 45 695 1695 4163 
m1398 30 36 41 46 1830 1836 1841 1846 2080 2330 2336 2341 2346 4586 4836 
m2136 13 38 663 1913 1938 
m2666 32 36 46 1832 2332 2336 2346 4836 
m2195 36 40 46 1840 2336 2340 
m3073 20 22 23 30 38 1022 1023 1030 1038 1123 1130 1172 1173 1180 1188 1520 1523 1538 1922 1923 1930 1938 3673 
m2554 22 44 46 1146 2322 2344 2346 4846 
m2806 22 38 44 46 1146 1946 2344 2346 4846 
m93 12 45 46 645 2312 2345 
m2469 38 46 1946 2346 
m2149 22 46 1122 1146 2346 
m2477 22 23 37 46 1123 1137 1146 2323 2337 3687 4837 4846 
m2803 32 36 40 41 46 1641 1646 2036 2041 2046 2332 2336 2341 2346 4136 4586 
m1062 30 45 46 2280 2296 2330 2346 
m304 30 36 39 40 46 1830 1980 1986 1990 1996 2030 2036 2046 2330 4836 
m2572 22 23 36 40 1122 1123 1136 1140 1173 1186 1190 1822 1823 1836 1840 2022 2023 2036 2040 3673 3686 
m1535 32 36 46 1832 2332 2336 2346 4836 
m3392 6 42 2842 
m2749 14 37 714 737 1887 3237 
m161 37 46 4396 
m1345 32 33 40 46 1633 2032 2033 2040 2046 2332 2333 
m3712 13 22 45 695 1113 1145 
m3575 
m1975 13 22 36 40 672 686 690 1113 1122 1136 1140 1822 2022 2036 
m3251 36 38 41 46 1838 2096 2338 4346 4586 
m969 7 45 46 2257 2295 2296 2307 2346 
m393 46 
m3744 5 13 22 38 46 655 696 1113 1146 1905 1913 1922 1946 2305 
m780 22 44 46 1146 2344 2346 4846 
m2119 14 36 40 46 1814 1846 2014 2036 2040 2046 2346 4346 4814 
m554 16 23 30 38 45 46 830 1180 1516 1523 1530 1546 1916 1930 1945 1946 2266 2273 2280 2296 2316 2323 2330 2345 2346 3323 4823 
m1052 21 
m878 46 2346 
m1427 30 46 2330 
m1572 13 33 36 40 46 690 1813 1833 1840 2033 2313 2333 3183 4836 
m2248 22 44 46 1122 1144 1146 2222 2246 2322 2344 2346 
m2274 22 23 30 36 40 46 1122 1123 1130 1136 1140 1146 1172 1186 1190 1522 1523 1536 1540 1546 1822 2022 2036 2322 2336 2340 2346 4823 
m2326 
m236 23 45 1195 
m191 22 36 41 1122 1136 1141 1822 2072 4586 
m3573 
m2848 22 40 44 46 1146 2022 2044 2046 2344 2346 4846 
m2768 32 37 46 1632 1637 1882 2332 2337 
m782 22 44 46 1144 1146 2246 2322 2344 2346 4846 
m106 22 23 30 36 46 49 1122 1123 1130 1146 1149 1172 1173 1180 1199 1522 1523 1530 1549 1822 1823 1830 1846 1849 2322 2323 2330 2349 2472 2473 2480 2496 3673 4823 
m3528 22 23 30 46 1122 1123 1130 1146 1180 1523 1530 1546 2330 2346 4823 
m914 32 49 1649 
m1465 22 36 45 46 49 1145 1822 1845 2322 2336 2345 2472 2486 2495 2496 
m2847 14 22 45 745 1114 1145 
m3049 26 36 46 1826 2326 2336 2346 4346 
m1051 22 37 1122 1137 
m1357 32 36 41 46 1641 2332 2336 2341 2346 4136 4341 
m906 5 14 36 264 286 4314 
m1633 38 46 1946 
m1397 22 38 45 46 1138 1145 1146 1938 1945 1946 2345 
m2959 22 36 37 40 46 1122 1136 1137 1140 1146 1822 1837 1840 1846 1872 2022 2037 2046 2322 2336 2340 2346 4396 4837 
m836 36 40 41 1836 1840 1841 2036 2041 2086 2091 4336 4341 4586 
m948 22 46 1146 
m3050 5 13 14 33 655 705 713 1655 1664 4163 
m1484 8 37 46 408 437 446 1858 2308 4396 
m3198 13 22 33 36 40 46 672 686 690 1113 1122 1133 1136 1140 1672 1686 1690 1822 2022 2036 2313 2322 2333 2336 2340 3183 
m425 22 38 45 46 1145 1922 1945 1946 2322 2345 
m2021 22 23 32 1122 1123 1132 1182 1622 1623 1632 
m2981 36 40 46 1836 2036 2046 2336 
m2236 22 23 31 46 49 1123 1146 1196 1572 1573 1596 2323 2346 2473 2481 2496 4846 
m3023 40 45 46 2040 2045 2046 2345 
m1942 13 22 33 36 40 46 1113 1122 1133 1136 1140 1146 1813 1833 1840 1846 2013 2022 2033 2036 2040 2046 2313 2333 4163 
m3621 30 45 46 2280 2296 2330 2346 4846 
m567 36 40 49 1836 1840 1849 2036 2040 2049 2486 2490 2499 
m1418 22 45 46 49 1146 1149 2272 2296 2299 2349 2472 2495 2496 
m389 18 37 46 1868 2318 4837 
m2937 3 30 153 180 1503 1530 
m569 46 
m513 32 37 46 1632 1637 1646 2332 2337 2346 4837 
m3165 28 37 38 39 46 1878 1928 1937 1938 1939 1946 1978 1987 2328 4396 4496 
m1413 32 36 1832 
m2884 22 23 36 40 1122 1123 1136 1140 1173 1823 1840 2023 2040 3673 
m3197 36 
m2867 
m3234 45 46 49 2295 2299 2345 2349 
m467 8 36 408 2936 4308 
m136 22 37 40 46 1137 1140 1146 1890 2022 2037 2040 2046 2337 2340 2346 4837 
m1338 36 40 41 46 49 1841 1846 1849 2036 2041 2046 2049 2336 2341 2486 2491 2496 4336 
m2222 22 23 30 38 1122 1123 1130 1138 1172 1173 1188 1522 1523 1530 1538 1922 1923 3673 
m1719 22 
m783 32 36 45 46 1832 2282 2286 2296 2332 2336 2346 4836 
m3589 22 45 1145 
m459 46 2346 
m1244 3 30 45 46 180 195 2280 2296 2330 2345 2346 2696 4803 
m3307 23 30 46 1180 2330 2346 4823 
m2059 22 45 2272 
m311 22 36 40 46 49 1149 1822 1849 2022 2036 2049 2322 2336 2340 2349 
m201 14 32 36 46 746 1614 1632 1636 1646 1814 1832 1836 1846 2314 2332 2336 2346 4332 
m800 22 40 44 46 1146 2044 2046 2246 2344 2346 4846 
m3257 36 39 40 1836 1839 1840 1986 1990 2036 2039 2040 
m2102 21 26 45 46 1321 1345 1346 2271 2321 2345 
m3043 22 30 37 46 1130 1137 1146 1880 2330 4396 
m2654 30 36 40 46 49 1549 1830 1836 1846 1849 2036 2040 2046 2049 2330 2349 2480 2499 
m66 14 714 
m1063 36 
m1191 22 30 41 46 1130 1146 1522 1546 2072 2080 2096 2322 
m2822 22 44 46 1146 2344 2346 4846 
m546 38 41 46 1938 1941 1946 2341 
m180 13 22 45 695 1113 1145 2263 2272 2295 
m1089 32 46 1632 1646 2332 
m1838 22 36 40 46 1122 1136 1140 1146 1840 2036 2040 2336 2340 
m2879 22 23 36 40 49 1122 1123 1136 1140 1149 1173 1186 1190 1822 1823 1836 1849 2023 2036 2472 2473 2486 3673 3686 4323 4336 
m1335 36 46 2336 4836 4846 
m544 23 30 46 1173 1180 1196 1523 1530 1546 2323 2330 2346 3696 4823 
m1135 22 37 46 1137 1146 4837 
m1326 5 22 30 37 46 272 280 287 296 1522 1537 1855 1872 1880 1887 1896 2305 2322 2330 2337 2346 4387 4837 
m1750 12 22 23 36 40 45 46 49 622 623 636 640 645 649 1123 1136 1140 1145 1195 1822 1823 1840 1845 1849 2012 2023 2036 2045 2046 2049 2322 2323 2336 2340 2345 2349 2472 2473 2486 2490 2495 3136 4323 4336 4812 
m2276 27 36 37 46 49 1387 1827 1837 2327 2477 2486 2487 2496 4336 4346 4837 
m605 22 44 46 1146 2222 2244 2246 2322 2344 2346 4846 
m813 36 1836 
m2731 22 30 36 40 46 1136 1140 1522 1536 1540 1840 2036 2040 2322 2330 2336 2340 2346 4836 
m483 22 36 40 41 45 46 49 1122 1136 1140 1146 1149 1836 1841 1846 2036 2041 2046 2272 2286 2290 2295 2296 2299 2336 2341 2346 2472 2486 2490 2496 2499 4341 4836 
m3212 22 36 41 46 49 1136 1141 1849 2086 2099 2322 2336 2341 2349 4336 
m2127 37 40 46 49 1899 2037 2046 2049 2337 2340 2346 2349 4396 
m233 22 27 40 46 1127 1140 1146 2027 2046 2327 
m967 13 22 33 36 40 1113 1133 1136 1140 1813 1833 1840 2013 2033 4163 
m3015 14 36 49 749 1814 1849 
m2202 27 45 46 2277 2296 2327 4846 
m726 30 45 46 2280 2295 2296 2330 2346 
m1520 22 23 30 38 41 1123 1130 1172 1173 1188 1522 1523 1530 1538 2072 2073 2080 3673 
m15 18 46 2318 2346 
m3641 37 40 45 46 1890 2287 2290 2296 2340 4396 
m3616 22 23 36 40 41 46 49 1122 1123 1136 1140 1141 1149 1173 1186 1190 1822 1823 1836 1841 1849 2022 2023 2036 2040 2046 2072 2073 2086 2322 2323 2336 2341 2349 2472 2473 2486 2491 3673 3686 4323 4336 
m971 22 23 36 1123 1136 3686 
m421 15 38 46 1915 2315 2338 
m541 17 36 46 49 1817 1846 1849 2349 2467 4817 
m2358 45 46 2296 
m2877 45 2295 
m1997 37 41 46 2087 2096 4837 
m732 26 36 46 1336 1346 2336 2346 4836 
m2508 8 36 46 1808 2308 2336 2346 4836 
m3505 12 36 40 46 49 636 640 649 1836 1849 2036 2049 2336 2340 2349 2499 4812 
m1072 23 36 40 1823 1836 1840 2023 2036 2040 3686 
m500 5 11 15 33 38 46 555 565 583 588 596 755 1655 1696 1915 1933 1946 2305 2315 4165 
m814 34 38 46 1734 1934 2334 2338 2346 
m2340 5 32 36 1605 1636 1805 
m3012 13 37 4363 
m2559 37 
m248 13 22 38 1113 1913 1922 
m348 13 22 33 36 40 45 672 686 690 695 1122 1136 1140 1672 1686 1690 1822 2022 2036 2272 2283 2286 2290 3183 
m638 14 30 37 714 730 737 1880 3237 
m353 12 36 40 41 46 636 640 641 1836 1840 1841 2036 2041 2336 2340 2341 3136 4336 4812 
m774 5 32 36 46 49 282 286 296 299 1649 1832 1849 2332 2336 2349 2486 4136 4336 
m1583 22 23 36 40 41 46 1122 1123 1136 1140 1186 1190 1836 1840 2036 2040 2072 2073 2086 2090 2322 2323 2336 2340 2341 3686 
m1005 22 30 38 45 46 1130 1145 1146 1922 1930 1945 1946 2280 2296 2330 
m2865 36 49 1849 2486 2499 
m1374 18 918 
m2658 32 38 45 46 49 1638 1646 1938 1946 1949 2282 2288 2296 2299 2332 2338 2346 2349 
m1227 22 41 46 1141 1146 2341 
m2766 32 36 38 41 46 49 1641 1646 1938 1941 1946 1949 2332 2336 2341 2346 2482 2486 2491 2496 4136 4586 
m473 22 46 1122 1146 
m1880 13 38 46 688 1913 1946 2338 4813 
m118 22 23 30 38 1122 1123 1130 1138 1172 1173 1188 1522 1523 1530 1538 1922 1923 3673 
m2148 22 32 37 1622 1872 1882 
m3596 14 22 46 714 722 746 2322 3246 
m3399 13 33 46 2313 2333 4163 
m2610 22 44 46 1146 2344 2346 4846 
m3340 26 40 46 1346 2026 2046 2346 
m2150 14 46 714 746 2314 2346 4814 
m1588 22 37 1122 1137 1887 
m1657 5 45 295 2255 2295 
m3077 22 23 36 40 46 49 1123 1136 1140 1146 1149 1190 1822 1840 2023 2036 2040 2046 2049 2322 2336 2340 2346 2472 2473 2486 2496 3696 4323 4346 4823 
m3311 40 45 46 2046 2290 2296 2340 2346 
m3714 37 45 1895 
m751 32 37 45 46 1637 1645 1895 2332 2337 2345 
m1705 22 36 40 41 46 48 1136 1140 1141 1148 1836 1848 2036 2048 2086 2090 2098 2322 2336 2340 2341 2348 4336 
m3296 36 40 45 46 1845 2036 2040 2045 2046 2296 4346 
m786 8 22 36 46 1122 1136 1146 2308 2336 2346 4308 4836 
m111 22 23 30 36 41 46 1122 1123 1130 1136 1141 1146 1172 1522 1523 1530 1536 1546 1822 1823 1830 2072 2073 2080 2096 2322 2330 2336 2346 3696 4346 4586 4823 
m881 46 2346 
m430 36 42 4636 
m1331 13 17 22 672 872 3363 
m2629 14 38 40 45 46 740 745 1914 1938 1940 1945 1946 2290 2340 2345 3246 
m1423 22 44 46 1146 2344 2346 4846 
m606 23 30 40 45 46 1173 1180 1523 2023 2030 2046 2273 2280 2290 2296 2323 2330 3673 4823 
m1300 22 23 36 40 41 1122 1123 1136 1140 1141 1172 1173 1186 1190 1191 1822 1823 1836 1840 1841 2023 2036 2041 2072 2073 2086 2090 2091 3673 3686 4323 4586 
m2510 22 44 46 1144 1146 2222 2244 2246 2322 2344 2346 4846 
m1732 33 45 48 1695 1698 2298 
m3004 10 46 2310 2346 
m86 15 22 46 772 2315 2322 
m645 41 
m719 13 25 38 46 675 1913 1925 1946 2313 2325 
m2679 22 40 46 2046 2322 2346 
m68 23 26 32 46 1182 1323 1332 1346 2323 2332 
m3554 23 36 41 49 1186 1199 1823 1836 1849 2073 2086 2099 2473 3673 4323 4586 
m1057 37 41 46 2087 2096 4837 
m3084 22 36 40 46 1136 1146 1836 1840 1846 2036 2046 2336 2340 2346 4836 
m592 37 39 40 46 1890 1987 1990 2340 4396 4496 
m1097 22 32 45 46 1132 1145 1146 2282 2296 2332 
m2206 20 22 36 40 1120 1122 1136 1140 1820 1840 2020 
m1763 14 23 30 39 46 1189 1514 1523 1539 1546 1964 2314 2323 2330 2339 2346 3664 4814 4823 
m3597 36 40 45 46 1840 1845 2036 2040 2045 2340 2345 4836 
m674 14 45 745 2264 2295 
m1025 38 40 46 49 1940 1946 1949 2046 2490 2496 
m2820 37 40 46 2037 2046 2337 4837 4846 
m276 22 23 45 1122 1123 1172 1173 2272 2273 3673 
m231 22 38 44 46 1146 1922 1944 1946 2344 2346 4846 
m120 22 23 30 36 40 46 49 1122 1123 1130 1136 1140 1146 1149 1172 1173 1522 1523 1530 1540 1546 1822 1823 1830 1840 1846 2022 2023 2030 2036 2040 2046 2322 2323 2330 2336 2340 2346 2349 2480 2486 2490 2496 3696 4823 
m1007 22 44 46 1146 2222 2244 2246 2344 2346 4846 
m2188 13 22 33 36 40 690 1113 1122 1133 1136 1140 1690 1813 1833 1840 2013 2033 4163 
m2451 12 36 46 49 649 1849 2336 2349 3136 4812 
m349 37 
m2926 26 46 1326 1346 2346 
m2422 22 36 41 49 1136 1141 1822 1841 1849 2072 2086 2091 2099 2472 2486 2491 4336 
m2347 22 23 30 36 40 46 1122 1123 1130 1136 1140 1146 1172 1173 1522 1523 1530 1540 1546 1822 1823 1830 1840 1846 2022 2023 2030 2036 2040 2046 2322 2323 2330 2340 2346 3696 4823 
m1184 22 23 30 46 1122 1123 1130 1146 1180 1523 1530 1546 2330 2346 4823 
m35 22 30 40 46 1130 2022 2030 2040 2046 2322 2330 2346 
m2415 30 45 46 2280 2296 2330 2346 
m548 46 
m2529 22 44 46 1146 2246 2344 2346 4846 
m2401 13 22 32 45 682 1113 1132 1145 2263 2282 
m2845 22 32 46 1122 1132 1146 1622 1632 1646 2322 2332 2346 
m3446 36 37 40 46 1840 1886 1890 1896 2036 2037 2040 2046 2336 2340 2346 4346 4837 
m684 14 32 714 732 
m1024 12 45 46 645 2345 4812 
m705 22 23 36 40 46 49 1172 1822 1836 1849 2023 2036 2046 2049 2322 2323 2336 2349 2472 2473 2486 4323 4336 4836 
m673 32 36 41 46 1641 1646 2332 2336 2341 2346 4136 4586 
m2130 14 22 46 722 746 2322 2346 
m2595 22 37 46 1122 1137 1146 1872 2322 2346 4387 4396 4837 
m2033 18 45 945 2295 
m174 45 46 2295 2296 2345 2346 4846 
m252 36 38 46 1936 1946 4836 
m296 32 49 1632 2482 
m2015 22 40 1140 
m154 22 36 40 41 49 1136 1140 1141 1822 1836 1840 1841 2036 2072 2086 2090 2091 2472 2486 2491 4336 
m3177 40 46 49 2040 2046 2340 2490 2496 
m1957 23 45 1195 2273 2295 
m1288 26 33 46 1676 1696 2326 2333 2346 
m1312 14 40 46 2014 2040 2046 2314 2346 4814 
m3524 38 46 1946 
m2145 37 1887 
m1793 38 45 1938 1945 2288 2295 
m128 22 37 40 46 1137 1140 1146 1890 2022 2037 2040 2046 2337 2340 2346 4837 
m1647 13 22 38 1113 1122 1138 1913 1938 
m2631 22 26 44 46 1146 1322 1344 1346 2344 2346 4846 
m3210 22 26 44 46 1146 1322 1344 1346 2326 2344 2346 4846 
m52 22 36 41 1122 1136 1141 1822 2072 4586 
m689 22 36 37 40 46 1137 1146 1822 1837 1846 1872 2022 2036 2046 2322 2337 2346 4346 4837 
m3130 30 44 45 1545 2230 2245 
m3271 5 45 46 2255 2296 2305 
m746 36 40 46 49 1836 1840 1846 2036 2040 2046 2049 2336 2346 2349 2486 4346 4836 
m3368 14 46 714 746 2314 2346 4814 
m1832 23 36 38 40 41 1173 1186 1188 1190 1923 1936 1938 1940 2023 2036 2073 2086 2088 3673 3686 4323 4336 
m581 12 32 46 632 2332 4812 
m3190 32 36 44 46 1644 2236 2332 2336 2344 2346 4136 
m301 14 40 46 740 2014 2040 2046 2340 2346 3246 4814 
m929 27 28 36 46 1378 1386 1396 1828 2327 2328 2336 2346 4836 
m1745 22 23 38 46 49 1122 1123 1138 1146 1199 1923 1938 1946 1949 2323 2346 2349 
m3040 23 30 36 41 1523 1823 1830 2073 2080 3673 4323 4586 
m848 30 36 46 49 1536 1549 1849 2330 2336 2346 2349 
m2869 13 14 32 46 664 696 1613 1614 1646 4814 
m938 23 32 36 40 46 48 1182 1186 1190 1196 1198 1632 1636 1646 1648 1846 1848 2032 2036 2046 2048 2446 
m535 45 2295 
m1822 14 36 40 45 46 736 740 745 1840 1845 1846 2036 2045 2046 2286 2296 2336 3246 4336 
m723 5 32 36 255 282 286 1805 1832 
m2100 32 36 37 1632 1637 1882 1886 1887 4136 4332 
m3044 13 33 1663 1683 4163 
m2648 11 13 22 33 36 40 661 1111 1113 1122 1133 1136 1140 1661 1811 1813 1833 1840 2011 2013 2033 4163 
m1938 46 
m3157 22 44 46 1144 1146 2222 2246 2322 2344 2346 4846 
m574 22 30 36 40 1136 1140 1522 1536 1540 1822 1830 1836 1840 2022 2030 2036 2040 4336 
m1748 46 48 2348 
m2180 13 22 33 36 40 48 672 686 690 1113 1122 1133 1136 1140 1672 1686 1690 1822 2022 2036 2413 2422 2433 2436 2440 3183 
m1290 36 40 46 2036 2046 2340 2346 4836 4846 
m2778 32 40 1632 2032 
m621 37 45 1895 
m1432 32 45 46 2282 2296 2332 
m2966 14 33 40 46 733 740 746 1690 2340 4196 
m73 36 48 1836 1848 2436 2448 
m1525 12 33 37 46 1862 2333 2337 4162 4383 4812 
m752 14 36 46 736 746 2336 
m1389 13 33 3183 
m3461 5 33 45 46 1655 1695 2255 2305 2345 4833 
m894 45 2295 
m1065 37 39 46 1987 4396 4496 
m1278 13 45 2263 
m2797 5 36 38 46 286 296 1905 1936 1946 4836 
m1868 22 36 37 46 49 1136 1137 1146 1149 1846 1849 1886 1899 2349 4396 
m3726 36 45 46 1845 2336 2345 2346 4836 
m2263 23 30 45 46 1180 1195 1196 2280 2296 2330 2345 2346 3696 4823 
m2532 5 14 46 705 2305 2314 
m3278 26 36 41 46 1826 2076 2096 2326 4346 4586 
m2647 40 46 2046 2346 
m145 22 44 46 1146 2344 2346 4846 
m787 22 44 46 1146 2322 2344 2346 4846 
m1836 22 37 40 46 1122 1137 1146 2022 2037 2040 2046 2322 2337 2346 4837 
m2858 13 46 2313 2346 4813 
m3746 23 30 36 39 40 41 1173 1186 1189 1190 1191 1523 1536 1539 1541 1823 1973 1986 1990 1991 2023 2036 2073 2086 2089 2090 2091 3686 4336 4586 
m1110 22 23 36 40 41 46 1122 1123 1136 1140 1141 1146 1190 1191 1822 1823 1836 1840 1841 1846 2022 2023 2036 2040 2041 2046 2323 2336 2340 2341 3673 3686 4323 4336 
m3590 9 17 40 46 49 859 896 2009 2017 2046 2049 2309 2346 2459 2467 2496 3396 
m2034 30 37 46 1880 2330 4837 
m1940 46 2346 
m49 38 46 1938 1946 
m2725 23 36 40 41 44 1186 1190 1191 1194 1840 1841 2041 2240 2241 4736 
m976 26 40 46 1326 1340 1346 2026 2046 2326 3826 
m1516 13 22 33 36 49 1113 1133 1136 1149 1813 1833 1849 2463 2483 2486 2499 4163 
m1494 14 36 49 736 749 1849 
m1156 22 30 36 41 1122 1130 1136 1530 1536 1541 1830 2080 4586 
m3527 13 33 46 696 2333 3183 
m2452 28 36 46 1828 1836 2328 2336 4846 
m2970 14 22 1114 
m1136 46 2346 
m1261 13 25 38 46 675 1913 1925 1946 2313 2325 
m72 32 36 46 1632 1636 1646 1832 1836 1846 2332 2336 2346 4332 
m3691 22 26 36 45 46 1126 1136 1146 1336 1345 1346 1845 2336 2345 2346 4836 
m3262 22 23 1122 1123 1172 
m716 23 30 45 46 1195 1523 1545 1546 2323 2330 2345 2346 3696 4823 4846 
m2419 13 22 1113 
m177 22 44 46 1146 2344 2346 4846 
m286 29 34 36 1484 1734 1829 1834 1836 
m3139 14 40 46 2014 2040 2046 2314 2346 4814 
m750 45 49 2295 2299 
m497 12 30 38 40 46 630 1912 1930 1946 2012 2030 2038 2040 2046 2312 2330 2346 4812 
m1478 22 36 41 49 1136 1149 1841 1849 2072 2086 2091 2099 2486 2491 4336 
m1876 22 44 46 1146 2344 2346 4846 
m571 26 45 46 1345 1346 2345 
m488 45 
m2985 12 14 23 30 41 46 641 723 730 741 1191 1512 1514 1523 1530 1541 2312 2314 2330 2341 3212 3662 4823 
m2481 14 32 41 741 1614 1641 
m3637 41 45 2291 
m952 22 46 48 1146 1148 2348 
m1587 22 40 46 1146 2340 
m1490 5 45 295 
m1537 14 32 40 46 732 1632 1646 2014 2032 2046 2332 3246 
m2369 45 
m2173 12 23 30 36 41 46 49 630 1180 1812 1830 1846 2062 2073 2080 2086 2096 2323 2330 2462 2473 2480 2486 2491 2496 3123 4323 4812 
m397 22 37 40 46 1137 1140 1146 1890 2022 2037 2046 2322 2337 2340 2346 4396 
m842 11 13 33 39 563 583 589 689 1983 3183 
m2427 42 45 2145 
m1340 
m1543 14 39 1964 
m2035 36 38 40 45 1845 1936 1938 1940 1945 2036 2045 2286 2295 4336 
m2555 12 40 45 46 645 2012 2045 2046 2312 2340 2345 2346 4812 
m1215 22 44 46 1146 2344 2346 4846 
m602 5 45 46 2255 2296 2305 
m319 22 37 38 45 46 1872 1922 1937 1945 1946 2272 2287 2296 2322 4837 
m2399 12 38 45 46 645 1912 1946 2345 4812 
m3180 22 30 36 40 46 1122 1130 1136 1140 1146 1822 1830 1840 1846 2022 2030 2040 2046 2322 2330 2340 2346 
m699 30 38 45 46 1930 1945 1946 2280 2296 2330 
m1874 23 36 40 41 45 1186 1190 1823 1836 1840 2023 2036 2040 2073 2086 2090 2291 
m3660 32 45 46 1632 1646 2282 2296 2332 
m3430 21 36 46 49 1086 1099 1849 2321 2336 2346 2349 
m2334 29 
m2537 27 46 49 2327 2346 2477 2496 
m2630 10 36 46 1810 2310 2346 4836 
m2906 30 36 40 46 1536 1540 1546 2036 2340 4836 
m198 38 45 46 1938 1945 1946 2345 
m3295 26 46 50 1326 1346 1350 2350 
m1570 26 32 36 38 46 1332 1336 1346 1832 1926 1936 1938 1946 2332 2336 2346 4836 
m2375 18 46 2318 
m25 40 46 2040 2046 2346 
m2881 45 46 2345 
m2054 36 40 45 46 1845 2036 2040 2045 2046 2295 2296 2345 4346 
m818 22 23 30 1122 1123 1130 1172 1173 1180 1522 1523 1530 3673 
m1213 5 36 41 46 1805 2055 2096 2305 2336 4586 
m2793 14 39 40 46 740 1990 1996 2014 2039 2040 2046 2340 4464 4814 
m469 2 45 46 2252 2296 2302 
m3439 22 36 41 1136 1141 1822 1841 2072 2086 2091 4336 4586 
m2412 22 36 40 41 49 1122 1136 1140 1141 1149 1841 1849 2022 2036 2041 2049 2486 2491 4336 
m3630 45 46 2296 
m3751 13 22 23 32 36 40 41 672 673 686 690 1122 1123 1136 1140 1141 1186 1190 1191 1613 1622 1623 1636 1823 1840 1841 2023 2041 3673 
m2423 22 47 2372 2397 
m3604 44 46 2246 2344 2346 
m2598 23 41 1191 2073 2091 
m3657 22 26 33 40 1126 1133 1676 2022 2026 2033 
m3697 30 40 45 46 2045 2046 2280 2296 2330 2345 4846 
m2029 22 36 41 46 1122 1136 1141 1146 1822 1836 2072 2086 2091 2322 2336 2341 4586 
m1988 3 13 22 23 172 672 1163 1172 2663 3653 
m2722 22 36 46 1822 2322 2336 2346 
m937 14 40 46 2014 2046 2314 2346 4814 
m3220 22 36 40 46 1122 1136 1146 1822 2022 2036 2322 2336 2340 2346 4836 
m3429 7 45 2257 
m1536 28 
m1419 22 45 1122 1145 2272 2295 
m2799 5 32 255 1605 1632 
m297 13 22 36 38 40 672 686 690 1113 1122 1136 1140 1822 1913 1922 1936 1940 2022 2036 
m1956 22 44 46 1144 1146 2222 2244 2246 2322 2344 2346 4846 
m258 32 46 1646 2332 2346 
m1106 45 49 2295 2299 
m3074 23 40 44 46 1173 1194 1196 2023 2040 2046 2323 2344 2346 3696 4823 
m3425 14 36 40 45 736 740 745 1840 2036 2286 2290 4336 
m1250 23 38 45 1923 2273 2288 
m994 37 
m1945 12 36 40 41 46 49 636 640 641 649 1836 1840 1841 2036 2041 2336 2340 2341 2349 2486 2490 2491 3136 4336 4812 
m2801 22 46 1122 1146 
m2702 22 44 46 1146 2322 2344 2346 4846 
m3406 13 37 4363 
m3510 12 26 34 45 46 634 645 1312 1334 1345 1346 1734 2284 2334 2345 4812 
m47 23 30 36 40 46 1173 1190 1196 1523 1536 1540 1546 1823 1840 2023 2046 2340 3696 4323 4346 
m882 26 33 46 49 1333 1346 1349 2349 2483 4833 
m1049 13 25 38 46 1263 1296 1913 1925 1946 2313 
m2098 37 45 1887 1895 
m418 13 22 36 40 672 686 690 1822 1840 2022 2036 2040 4336 
m377 5 45 295 
m675 13 22 46 1113 1122 1146 2313 2322 2346 
m2218 32 46 48 2332 2348 2432 
m77 13 22 44 46 694 1113 1122 1144 1146 2313 2344 
m2715 32 1632 
m3325 22 32 36 1622 1822 4136 
m3179 46 
m2550 22 36 40 1136 1140 1840 2036 2040 
m3463 15 45 795 
m2690 26 32 33 46 1332 1333 1346 1682 2332 4833 
m3093 41 
m637 46 
m3065 14 49 2464 
m3545 22 37 40 46 1137 1146 2022 2037 2046 4837 
m981 14 46 746 
m2385 14 22 36 40 46 722 740 746 1140 1146 1822 1840 2014 2036 2040 2046 2322 2336 2340 2346 3236 4346 4814 
m1920 36 37 40 41 46 1837 1840 1846 1890 2087 2090 2096 2340 4396 4586 
m71 22 23 30 1122 1123 1130 1173 1180 1522 1523 1530 
m776 5 32 46 255 282 2305 2332 
m687 22 46 1146 2346 
m3246 22 23 30 32 36 40 46 1122 1123 1130 1132 1136 1140 1146 1172 1173 1522 1523 1530 1532 1540 1546 1623 1630 1646 1822 1823 1830 1832 1840 1846 2022 2023 2030 2032 2036 2040 2046 2322 2323 2330 2332 2340 2346 3696 4823 
m281 13 22 33 36 40 1113 1122 1133 1136 1140 1813 1833 1840 2013 2033 4163 
m3391 17 32 882 1617 1632 
m3540 14 22 722 1114 1122 
m1002 36 42 4636 
m646 36 49 1836 1849 
m3256 5 30 32 36 46 280 1605 1630 1646 1805 1830 1846 2305 2330 4332 
m537 23 38 45 1195 1923 1945 3673 
m3150 38 45 46 1945 2288 2295 2296 2338 2345 
m736 13 22 41 691 1113 1122 1141 
m1309 14 22 39 40 46 740 1114 1122 1139 1140 1146 1990 1996 2014 2040 2046 2340 3246 4464 
m334 17 46 4817 
m1551 22 23 31 36 46 1172 1181 1186 1196 1596 1822 1846 2322 3686 4086 4331 4336 4346 
m2526 
m2244 
m56 5 32 45 46 1605 1645 1646 2255 2305 2345 
m1287 13 33 663 683 1663 1683 3183 4163 
m3068 5 26 33 45 1305 1333 1345 1655 1695 2255 
m2587 13 22 36 40 41 1113 1136 1140 1813 1840 2013 2063 2072 2086 2090 
m1240 5 26 45 46 276 296 1305 1326 1346 2255 2276 2296 2326 
m3423 5 45 46 2255 2296 2305 2345 4846 
m1404 23 30 46 49 1180 1199 1549 2323 2330 2346 2349 2473 2480 2496 
m2178 16 
m3732 13 33 4163 
m3360 5 45 2255 2295 
m324 22 27 36 46 49 1127 1136 1146 1149 1377 1386 1396 1399 1827 1849 2322 2327 2336 2346 2349 2477 2486 2496 2499 
m965 22 36 40 1122 1136 1140 2036 
m289 45 
m3300 40 46 49 2340 2346 2490 2496 
m3254 14 714 
m1008 22 44 46 1146 2344 2346 4846 
m852 1 32 36 38 45 46 82 96 1901 1932 1936 1946 2251 2282 2286 2288 2296 2332 2586 4136 4836 
m3002 40 46 2046 
m3742 5 13 38 46 263 288 296 696 1913 1938 1946 2305 2313 2338 2346 
m3671 22 23 36 40 41 1122 1123 1136 1140 1141 1172 1822 1823 1836 1840 2023 2036 2072 2073 2086 2090 2091 3673 4323 4586 
m892 38 46 1946 2338 2346 
m1734 23 32 36 40 49 1182 1632 1823 1832 1849 2023 2032 2036 2049 2473 2482 
m2730 36 38 41 1838 2088 4341 
m989 12 14 32 37 46 614 632 732 737 1882 2314 2332 2337 3137 4812 
m3407 28 38 1928 1938 
m1050 5 36 40 46 286 290 296 2036 2046 2305 2340 2346 4346 4836 
m2645 16 23 36 1186 1816 3666 
m2333 23 32 38 46 1182 1188 1196 1923 1932 1938 1946 2332 2338 2346 3696 4823 
m2606 22 23 36 40 46 1122 1123 1136 1140 1146 1172 1186 1190 1196 1822 1836 2022 2036 2040 2046 2322 3686 4346 
m13 18 46 918 946 2318 2346 
m1905 23 30 36 40 46 49 1180 1830 1836 2023 2030 2036 2046 2049 2323 2330 2336 2473 2480 2486 2496 4323 4836 
m2426 26 40 45 46 1340 1346 2026 2040 2045 2046 2276 2290 2296 2340 
m1538 32 36 38 46 1832 1932 1936 1946 2332 2336 2346 4836 
m1074 37 40 46 1890 2037 2046 2340 4396 
m2901 22 40 46 1122 1140 1146 2340 
m1216 22 23 30 36 46 1172 1522 1523 1536 1822 2322 2330 2336 2346 3686 4823 4836 
m1936 23 36 40 41 46 49 1191 1836 1841 2023 2036 2041 2073 2086 2090 2091 2096 2099 2323 2336 2340 2341 2349 2473 2486 2490 2491 2499 4323 4336 4836 
m332 16 38 44 49 844 849 1916 1938 1944 1949 2494 
m374 12 49 649 2462 2499 
m956 27 32 38 46 1382 1388 1396 1638 1646 1946 
m3447 13 22 46 1113 1122 2322 4813 
m3013 
m1827 41 2091 
m2169 22 23 30 36 40 46 1122 1123 1130 1136 1140 1146 1172 1173 1522 1523 1530 1540 1546 1822 1823 1830 1840 1846 2022 2023 2030 2036 2040 2046 2322 2323 2330 2340 2346 3696 4823 
m1768 13 22 36 45 46 672 1822 2263 2272 2286 2296 2313 2322 2336 4313 
m2286 22 41 44 46 1146 2072 2094 2096 2344 2346 4846 
m3514 14 45 2264 
m3293 22 37 41 46 1122 1137 1141 1146 1891 2341 4837 
m2912 
m2866 26 40 46 49 1340 1346 1349 2046 2490 2496 
m326 36 38 46 49 1849 1936 1946 2336 2346 2349 4836 
m3111 14 27 36 46 48 736 746 748 1364 1386 1396 1398 1846 1848 2446 
m3153 22 30 39 1130 1139 1980 
m2632 22 26 44 46 1146 1346 2344 2346 4846 
m1061 13 20 22 33 36 40 45 672 686 690 1013 1022 1036 1040 1045 1113 1122 1133 1136 1140 1145 1672 1686 1690 1813 1822 1833 1836 1840 2013 2022 2033 2036 2040 2263 2272 2286 2290 2295 3183 
m615 23 30 46 1523 1546 2323 
m20 22 41 44 46 49 1146 1149 2072 2094 2096 2099 2344 2349 2494 
m2282 40 44 46 49 2044 2046 2049 2344 2349 2494 
m1749 44 46 2344 2346 
m825 12 41 45 46 2062 2096 2262 2291 2296 4812 
m351 13 22 33 36 40 1113 1122 1133 1136 1140 1813 1833 1840 2013 2033 4163 
m2371 22 23 30 1122 1123 1130 1172 1173 1180 1522 1523 1530 3673 
m2227 22 45 46 1145 1146 2296 4846 
m1378 4 42 45 2254 2292 2742 
m1189 37 45 1895 
m356 26 27 46 1327 1346 2327 2346 
m2360 13 22 36 38 40 1113 1122 1136 1138 1140 1813 1840 1913 1936 1940 2013 
m3309 26 33 45 1333 1345 1695 
m1114 22 44 46 1122 1144 1146 2222 2246 2322 2344 2346 4846 
m2637 22 38 44 46 1146 1922 1944 1946 2344 2346 4846 
m927 37 38 46 1888 2338 4396 
m1101 37 45 46 1895 2337 2345 2346 
m2361 22 37 45 46 1122 1137 1145 1146 1887 1895 1896 2287 2296 2337 
m968 45 46 2295 2296 
m363 36 46 1846 2336 2346 4836 
m2933 22 46 49 1149 2322 2346 2349 
m1469 9 14 36 49 709 1809 1814 1836 1849 2459 2464 2486 2499 
m834 22 23 30 36 40 41 1122 1123 1130 1136 1140 1141 1172 1173 1180 1186 1190 1191 1523 1530 1536 1540 1541 1823 1836 1840 1841 2022 2023 2030 2036 2041 2072 2073 2080 2086 2090 2091 3673 3686 4323 4336 4586 
m3204 22 46 1146 
m2190 22 23 30 36 40 41 1123 1130 1136 1140 1172 1173 1180 1186 1190 1523 1822 1823 1830 1836 1840 1841 2022 2023 2030 2036 2041 2072 2073 2086 2090 3673 4323 4336 4586 
m3079 40 44 46 2044 2046 2344 
m2635 45 46 2296 
m2013 22 23 30 41 1122 1123 1130 1172 1173 1180 1191 1522 1523 1541 2072 2073 2080 3673 
m1422 17 46 2317 2346 4817 
m265 22 36 40 46 49 1822 1846 1849 2022 2036 2040 2046 2049 2322 2472 2496 
m2111 22 44 46 1144 1146 2246 2344 2346 4846 
m1242 37 
m534 27 36 46 48 1827 2327 2336 2436 2446 
m2020 22 46 1146 
m2576 22 23 30 41 1122 1123 1130 1172 1173 1180 1522 1523 1541 2072 2073 2080 3673 
m804 18 45 945 
m1702 22 36 40 41 46 49 1136 1140 1141 1149 1836 1849 2036 2049 2086 2090 2099 2322 2336 2340 2341 2349 4336 
m2337 12 36 45 46 636 645 1845 2312 2336 2345 2346 4812 4836 
m1631 38 40 41 46 49 1941 1946 2090 2340 2341 2488 2491 2496 
m3194 22 38 44 46 1146 1922 1946 2344 2346 4846 
m582 22 46 1122 1146 2322 2346 
m1972 26 38 40 46 1338 1340 1346 1946 2340 
m801 13 32 38 46 682 1913 1932 1946 2313 2332 
m144 22 44 46 1146 2322 2344 2346 4846 
m3071 5 14 36 46 49 264 286 296 299 746 749 1849 2349 2486 2499 3236 4836 
m3410 6 14 32 314 332 732 
m2339 18 
m1487 12 14 23 30 46 630 723 730 746 1180 1512 1523 1530 1546 2312 2330 3123 3212 4823 
m1974 14 45 745 
m3379 22 30 36 40 46 1122 1130 1136 1146 1522 1536 1822 2022 2030 2036 2322 2330 2336 2340 2346 4836 
m735 45 46 2295 2345 2346 
m359 30 46 2330 
m3620 12 26 45 46 645 1312 1345 1346 2345 4812 
m294 14 34 46 734 746 2334 
m1408 36 45 46 49 1845 2336 2345 2346 2349 2486 2495 2496 
m1872 6 42 46 346 2146 2842 
m455 30 46 1546 2330 4846 
m2522 29 36 48 1486 1829 1836 1848 2429 2436 2448 4336 
m2579 22 23 30 38 41 1122 1123 1130 1172 1173 1188 1522 1523 1530 1538 2072 2073 2080 3673 
m2002 2 36 45 46 145 1845 2252 2286 2295 2302 2345 2636 4836 
m3675 45 46 2296 2345 4846 
m3316 13 22 33 36 40 672 1113 1122 1133 1136 1140 1672 1813 1822 1833 1840 2013 2022 2033 4163 
m1801 22 23 36 40 41 46 1123 1136 1140 1141 1146 1190 1822 1823 1836 1840 1841 2023 2036 2040 2041 2046 2072 2073 2086 2096 2322 2323 2336 2340 2341 2346 3673 3686 4323 4346 4823 
m2764 36 37 40 46 1886 1896 2036 2037 2046 2336 2346 4836 4837 
m41 12 23 36 41 46 636 1823 2062 2073 2096 2336 3123 4586 4812 4823 
m3365 33 1683 
m2570 21 1071 
m1845 26 38 46 1338 1346 1946 2346 
m2568 22 23 30 1123 1172 1173 1180 1522 1523 1530 3673 
m1891 3 22 30 38 172 180 188 1522 1922 1930 1938 
m2936 46 49 2346 2349 2496 
m3667 19 46 969 996 2319 2346 
m1939 13 20 33 36 40 41 670 686 690 691 1033 1036 1040 1041 1686 1690 1691 1840 1841 2036 2041 3183 3536 4336 
m1948 22 23 30 41 46 1122 1141 1146 1191 1523 1530 1541 1546 2073 2080 2091 2096 2322 2323 2330 2341 2346 
m3394 23 45 46 1195 2296 2345 2346 3696 4823 
m3507 14 21 45 46 721 745 2271 2321 2345 4814 
m388 14 22 722 1114 1122 
m3196 5 22 46 1105 1146 2305 
m1556 22 23 1123 1173 3673 
m1873 30 36 39 40 46 1536 1540 1546 1830 1836 1840 1846 1980 1986 1990 1996 2030 2036 2040 2046 2330 2336 2340 2346 4346 4496 4836 
m565 22 44 45 46 1144 1145 1146 2294 2296 2344 2346 
m492 22 45 1145 
m3162 16 38 46 838 2338 4816 
m21 23 30 36 40 1173 1180 1190 1523 1530 1536 1540 1823 1830 1836 1840 2023 2030 2036 2040 3686 4323 4336 
m560 12 17 46 612 2312 2317 2346 3117 4812 
m1789 22 26 44 46 1146 1322 1326 1344 1346 2344 2346 4846 
m3171 10 45 46 2295 2296 2310 2346 
m1844 17 46 2317 2346 4817 
m2198 30 38 45 46 1945 1946 2280 2296 2330 2338 2345 2346 4846 
m2534 45 
m179 38 45 2288 
m2255 22 30 36 40 46 1122 1130 1136 1140 1146 1536 1540 1546 1836 1840 1846 2022 2030 2036 2040 2046 2322 2330 2336 2340 2346 4346 
m2996 8 37 46 437 446 4837 
m329 22 37 41 46 1137 1141 1146 2087 2096 4837 
m2445 22 23 30 36 40 45 46 1122 1123 1130 1136 1140 1145 1146 1172 1173 1180 1190 1196 1522 1523 1536 1540 1545 1546 1822 1823 1830 1836 1840 1845 1846 2022 2023 2030 2036 2040 2045 2046 2272 2273 2280 2286 2290 2296 2322 2323 2330 2336 2340 2345 2346 4823 
m2620 14 22 46 722 746 2322 2346 
m1327 14 22 49 749 1114 1149 2464 2472 2499 
m3584 13 14 22 46 672 722 1113 1114 2313 2322 3213 4814 
m970 9 36 1809 1836 2959 4309 4336 
m2811 14 45 745 
m135 36 40 46 49 1846 1849 2036 2046 2349 
m2221 22 44 46 1146 2344 2346 4846 
m90 23 38 1923 3673 
m1367 22 37 40 46 1137 1146 2022 2037 2046 2337 2346 4837 
m2910 3 46 2303 2346 4803 4846 
m1696 5 36 40 46 49 286 296 299 2005 2036 2046 2346 2349 2486 4836 
m2992 6 23 1156 1173 
m1846 26 46 1346 2346 
m3508 22 36 41 49 1122 1136 1141 1149 1849 2072 2086 2099 4336 
m886 23 36 1186 
m3290 36 
m3426 14 44 46 49 744 746 2344 2464 2494 2496 
m2517 36 48 1836 1848 2436 2448 4336 
m2128 22 36 40 46 49 1136 1140 1146 1822 1840 1846 1849 2022 2036 2046 2322 2336 2340 2346 2349 2486 2490 2496 4336 4346 4836 
m1045 17 22 44 46 49 899 1144 1146 2217 2246 2317 2344 2346 2349 3396 4817 4846 
m325 40 45 46 2046 2290 2296 2346 
m2482 23 45 1195 2273 2295 
m1221 26 44 46 1346 2226 2246 2326 2344 2346 
m2990 16 36 46 49 1816 1846 2316 2346 2486 2496 
m3279 45 46 2296 
m355 13 33 46 1663 1683 2313 2333 4163 4833 
m2818 15 46 2315 
m2794 30 40 46 2030 2040 2046 2330 
m1704 22 36 40 41 46 49 1136 1140 1141 1836 1849 2036 2049 2086 2090 2099 2322 2336 2340 2341 2349 4336 
m2061 22 37 40 46 1122 1137 1146 2022 2037 2046 2322 2337 2346 4837 
m720 22 41 1122 1141 
m1150 46 
m2874 46 
m734 22 23 36 40 46 48 1123 1136 1140 1146 1148 1190 1840 2022 2023 2036 2046 2048 2336 2340 2346 2423 2436 2440 2446 3696 4323 4346 4823 
m1592 6 36 42 45 306 345 1845 2106 2145 2836 4306 4606 4636 
m305 26 
m3497 22 23 30 36 40 41 46 1122 1123 1130 1136 1140 1141 1146 1180 1522 1523 1530 1536 1540 1546 1822 1823 1830 1836 1840 1841 1846 2022 2023 2030 2036 2040 2041 2046 2072 2086 2090 2322 2323 2330 2340 4823 4846 
m2226 32 1632 
m759 22 36 37 40 46 1122 1136 1137 1140 1146 1886 1890 2036 2037 2040 2046 2322 2336 2337 2340 2346 4396 
m915 14 22 41 46 741 1114 1141 2314 2322 2341 2346 4814 
m1699 9 13 33 38 463 483 488 688 1688 4163 
m259 3 32 36 41 46 186 191 1603 1641 2303 2332 2336 2341 4136 4586 
m3552 26 45 46 1326 1345 1346 2276 2296 2326 
m1256 36 38 49 1849 1936 1938 1949 
m3737 22 37 46 1872 2322 2337 
m2300 45 46 2345 2346 
m1574 22 23 1122 1123 1172 
m2289 36 40 46 1836 1840 1846 2036 2040 2046 2336 2340 2346 4336 4346 
m1815 12 14 27 46 712 746 1362 1364 1396 2312 2346 3246 4812 
m3253 32 36 1832 4336 
m1289 14 36 40 46 1814 1846 2014 2036 2040 2046 2346 4346 4814 
m2734 5 36 45 46 49 286 296 299 1836 1846 1849 2255 2286 2296 2299 2336 2349 
m651 13 22 36 38 40 41 1113 1136 1138 1140 1141 1813 1840 1913 1922 1936 1938 1940 1941 2013 2063 2086 2088 2090 
m3723 22 45 46 1145 1146 2345 4846 
m3635 36 45 2286 
m98 22 38 44 46 1122 1144 1146 1922 1944 1946 2344 2346 4846 
m2798 36 40 45 46 1836 1840 2036 2040 2046 2286 2290 2296 2340 4346 
m1229 26 32 33 37 1333 1626 1633 1637 1876 1883 
m2086 45 
m3206 45 46 2295 2296 2345 
m328 23 45 1173 1195 2273 2295 
m1115 44 46 2246 2344 2346 4846 
m628 22 45 46 1145 1146 2296 
m2424 46 
m250 45 
m3203 26 46 1346 2346 
m503 37 38 39 46 49 1899 1937 1946 1987 1988 1996 1999 2337 2346 2349 4496 4837 
m481 13 33 45 2263 2283 3183 
m2247 22 44 46 1144 1146 2246 2344 2346 4846 
m2594 40 45 2045 
m2663 22 44 46 1144 1146 2344 2346 
m3222 22 30 36 40 41 1122 1130 1136 1140 1141 1522 1536 1840 2036 2040 2072 2080 2086 
m704 8 37 408 437 
m3267 13 38 1913 1938 
m1608 45 2295 
m1672 22 23 30 1122 1123 1130 1172 1173 1180 1522 1523 1530 3673 
m3214 22 23 30 36 41 1122 1123 1130 1136 1172 1173 1522 1523 1822 1823 1830 2072 2073 2080 3673 4586 
m2027 45 46 2296 2346 
m160 22 32 36 40 46 1122 1132 1136 1140 1622 1632 1636 1640 1840 2040 2322 2332 2336 2346 
m2929 14 22 44 46 1114 1144 1146 2214 2246 2314 2322 2344 2346 3246 4846 
m1263 22 23 30 46 1122 1123 1130 1146 1196 1523 1530 1546 2322 2323 2330 2346 3696 4823 
m3184 40 46 2040 2046 
m3241 23 32 46 1173 1182 1196 1623 1632 1646 2323 2332 2346 4823 
m999 3 38 153 188 1903 
m2357 26 46 1346 
m2669 23 30 46 1173 1180 1196 1523 1530 1546 2323 2330 2346 3696 4823 4846 
m2379 22 36 46 49 1136 1146 1149 1849 2336 2346 2349 
m2524 22 45 46 1122 1145 1146 2296 2346 
m1918 13 22 44 46 694 1113 1146 2313 2344 
m48 36 46 2336 2346 4836 
m2285 
m823 18 46 2318 
m1640 22 23 36 49 1123 1136 1172 1173 1186 1199 1822 1823 1849 2472 2473 2486 3673 4323 4336 
m3699 22 44 46 1146 2222 2244 2246 2344 2346 4846 
m1581 14 30 714 730 
m419 5 37 46 1855 2305 4837 
m744 23 38 46 1188 1923 1938 1946 2338 2346 3696 4823 
m1796 5 23 37 46 49 299 1155 1173 1199 1855 1873 1899 2305 2323 2349 4837 
m2977 14 27 38 727 1914 1927 
m3547 22 33 46 1672 1696 2322 
m336 11 45 595 
m2413 5 13 22 33 36 38 40 46 263 272 283 286 290 672 686 690 1113 1122 1133 1136 1140 1672 1686 1690 1822 1905 1913 1922 1933 1936 1940 1946 2022 2036 2305 2313 2322 2333 2336 2340 3183 
m2458 36 40 46 49 1849 2036 2040 2046 2049 2336 2346 2349 4336 4836 
m1526 14 32 36 46 732 736 746 1832 2332 2336 2346 3246 4836 
m3661 32 46 1632 1646 2332 
m1752 10 30 36 46 1536 1546 1810 1846 2310 2346 
m2265 36 49 1849 
m2024 14 28 36 728 736 1828 1836 
m2161 45 46 2296 
m1977 13 22 36 40 672 686 690 1113 1122 1136 1140 1822 2022 2036 
m3748 40 45 46 2040 2045 2046 2345 4846 
m1599 13 22 36 49 699 1113 1122 1136 1149 1813 1849 
m1929 36 49 1836 1849 2486 2499 4336 
m3045 23 30 36 1180 1530 1823 1830 
m3244 13 22 32 46 682 1113 1122 1132 1146 2313 2322 2332 
m1986 22 44 46 1146 2322 2344 2346 4846 
m3113 5 13 22 33 46 655 1113 1133 1146 1655 1696 2305 2313 4163 
m1454 26 32 36 46 1326 1332 1336 1346 1832 2332 2336 2346 4836 
m532 27 36 46 49 1827 2327 2336 2486 2496 
m2593 14 36 1814 4314 4336 
m504 8 45 46 2258 2296 2308 
m626 22 36 40 41 1136 1141 1836 1840 2036 2086 2090 4586 
m1317 36 40 1836 1840 2036 2040 
m3181 22 36 41 46 1822 2072 2096 2322 4586 4836 
m1140 22 30 46 1130 1146 2322 2330 2346 
m1481 18 45 2268 
m1692 5 13 33 46 655 1655 2305 2313 2333 4163 
m270 38 45 1938 1945 
m27 14 23 36 40 46 49 749 1814 1823 1846 1849 2014 2023 2036 2046 2314 2323 2336 2346 2349 2473 3223 4814 4823 
m3284 22 26 33 1126 1133 1676 
m3586 37 41 46 2087 2096 4837 
m373 27 49 1399 
m2488 18 45 945 
m566 22 36 40 46 1122 1136 1140 1822 2022 2036 2040 2322 2336 2340 4336 
m1307 38 46 1938 1946 
m844 36 46 48 2436 2446 4836 
m1791 38 46 1946 
m3149 22 45 46 1122 1146 2272 2295 2296 2322 2346 4846 
m1739 22 23 27 36 40 1122 1123 1127 1136 1140 1190 1372 1373 1386 1390 1823 1840 2023 2040 
m1824 22 46 1146 
m3487 13 23 49 673 1163 1173 1199 2463 2473 2499 3163 
m992 13 16 3313 
m1474 36 46 2336 
m2753 22 23 30 1122 1123 1130 1172 1173 1180 1522 1523 1530 3673 
m2453 16 44 49 844 849 2494 
m131 5 37 45 46 1855 2255 2287 2296 2305 4837 
m2001 13 22 36 38 40 1113 1122 1136 1138 1140 1813 1840 1913 1936 1940 2013 
m1756 14 23 30 46 1514 1523 1546 2314 2323 2330 2346 3664 4814 4823 
m3175 23 36 40 46 49 1836 1840 1846 1849 2023 2036 2040 2046 2049 2323 2336 2473 2486 2490 2496 3686 4323 4336 4836 
m385 11 13 45 563 595 695 
m3472 5 13 14 33 263 283 705 713 733 3183 
m313 36 40 45 1845 2036 2045 2286 2290 2295 
m2795 22 45 46 1145 1146 2345 4846 
m148 22 32 46 1122 1132 1146 2332 2346 4846 
m1164 
m1466 26 46 1326 1346 2346 
m3520 23 45 46 1195 2323 2345 2346 
m1122 45 2295 
m897 32 45 1645 
m372 17 22 41 46 872 891 1141 2322 2341 4817 
m3166 22 44 46 1146 2344 2346 4846 
m982 17 46 2317 2346 4817 
m2915 37 46 4837 
m798 22 30 36 40 41 49 1130 1136 1141 1536 1540 1541 1830 1836 1840 1841 2036 2072 2080 2086 2090 2091 2472 2480 2486 2491 
m364 22 23 30 38 1123 1130 1172 1173 1188 1522 1523 1530 1538 3673 
m1468 9 14 22 36 49 709 1109 1114 1136 1149 1809 1814 1836 1849 2459 2464 2486 2499 
m3109 22 23 30 36 40 41 1122 1123 1130 1136 1140 1172 1180 1186 1522 1523 1536 1822 2023 2030 2036 2072 2073 2080 2086 2090 3673 4323 
m3422 5 13 33 655 663 683 1655 1663 1683 4163 
m1254 36 38 45 48 1838 1845 1848 1936 1938 1945 1948 2295 2436 2438 2445 2448 4336 
m463 2 27 36 40 46 1352 1386 1396 1802 2002 2027 2036 2046 2302 4836 
m215 3 45 153 2253 
m856 33 45 46 1695 2345 4833 
m40 12 23 36 41 46 636 1823 2062 2073 2096 2336 3123 4586 4812 4823 
m2829 16 45 46 845 2345 4816 
m725 5 13 22 45 46 655 1113 1145 1146 2255 2263 2296 2305 2313 
m1507 39 45 1995 2289 2295 
m552 16 46 816 846 2346 3346 
m2437 23 36 40 45 46 49 1190 1195 1836 1840 1845 2036 2045 2323 2336 2340 2345 2473 2486 2495 2496 3686 4323 4336 4836 
m197 14 22 40 46 1114 1146 2014 2022 2040 2046 2314 2346 4814 4846 
m1931 13 22 26 33 36 40 672 686 690 1113 1122 1133 1136 1140 1313 1322 1333 1336 1340 1663 1672 1683 1686 1690 1822 2022 2036 3183 
m2273 5 14 36 41 45 255 286 291 295 705 736 741 1845 2055 2086 2095 4336 
m458 46 50 2546 
m2660 22 44 46 1146 2344 2346 4846 
m1809 22 23 36 40 41 1122 1123 1136 1140 1141 1172 1173 1186 1190 1191 1822 1823 1836 1840 1841 2023 2036 2041 2072 2073 2086 2090 2091 3673 3686 4323 4336 4586 
m2781 13 33 36 38 40 688 1688 1813 1833 1838 2013 2033 2036 2038 4163 
m1601 26 46 1346 2346 
m2466 23 36 40 46 1186 2023 2036 2040 2046 2323 2336 2340 2346 3696 4346 
m1286 13 22 33 36 37 40 41 683 686 690 1113 1122 1133 1136 1140 1141 1690 1813 1822 1833 1836 1840 1872 1886 1887 2013 2022 2033 2036 2040 2063 2072 2086 
m2320 22 37 40 46 1137 1140 1146 1890 2037 2040 2046 2337 2340 2346 4396 
m1222 30 36 40 46 49 1549 1830 1836 1846 1849 2030 2036 2040 2046 2049 2330 2349 2480 2499 
m2983 27 46 49 2327 2346 2477 2496 
m1758 17 22 1117 
m2467 30 36 40 45 46 1830 1845 2030 2036 2040 2045 2046 2280 2330 2345 4346 
m1034 45 46 2295 2296 2346 
m2997 22 30 32 36 40 41 46 49 1122 1130 1132 1136 1140 1141 1146 1522 1532 1536 1546 1622 1646 1822 1830 1832 1836 1840 1846 1849 2022 2030 2032 2036 2040 2046 2049 2072 2090 2096 2322 2472 2480 2482 2486 2490 2496 4346 4846 
m623 27 32 38 46 1382 1396 1927 1932 1946 2332 
m709 13 22 33 1113 1133 4163 
m2065 44 46 49 2344 2349 2494 
m2844 30 45 46 2280 2295 2296 2330 2346 
m3617 37 
m2417 14 22 30 36 40 722 730 736 1114 1122 1130 1136 1140 1522 1536 1540 1822 1840 2022 2040 
m1534 23 45 46 1195 2323 2345 3673 
m3151 36 38 40 41 1838 1841 1941 2036 2038 2041 
m1830 36 45 46 1845 2345 4836 
m2986 27 36 46 49 1827 2327 2336 2486 2496 
m1991 32 37 46 1882 2332 2337 
m280 5 14 32 705 1605 1614 
m1118 22 32 33 36 40 1122 1132 1133 1136 1140 1633 1636 1832 1833 1836 1840 2032 2033 2036 4186 4333 4336 
m3496 45 46 2295 2345 
m1968 13 22 33 49 699 1113 1122 1149 1672 1699 4163 
m1892 46 2346 
m2056 45 46 48 2345 2445 2446 
m331 22 37 46 1122 1137 1146 1872 2322 4837 
m851 26 32 36 38 46 1332 1336 1346 1832 1926 1936 1946 2332 2336 2346 4836 
m122 32 38 46 1632 1646 1932 1938 1946 2332 
m1755 17 22 1117 
m2066 13 22 1113 1122 
m29 26 46 1346 
m1747 13 22 33 1113 1672 4163 
m549 41 45 46 2095 2096 2345 
m3715 22 45 1122 1145 2272 2295 
m972 23 30 38 46 1180 1923 1930 1946 2330 2346 4823 
m2916 26 
m3622 13 22 33 36 40 672 686 690 1113 1122 1133 1136 1140 1672 1686 1690 1822 2022 2036 3183 
m508 37 46 2337 
m1119 22 38 46 1138 1146 1946 
m1080 41 46 2341 
m3126 22 26 46 1146 1322 1326 1346 
m2093 22 36 45 1136 1145 1845 
m1548 18 23 1168 
m2219 32 36 41 46 1641 1646 2332 2336 2341 2346 4136 4586 
m710 14 23 30 46 1514 1523 1546 2314 2323 2330 2346 3664 4814 4823 
m3127 36 
m887 22 46 1122 1146 
m2283 44 46 49 2344 2349 2494 
m3034 23 27 32 42 1182 1192 1373 1382 1392 1642 
m3201 28 36 38 46 1928 1936 1946 2328 2336 2346 4328 4836 
m1436 22 23 45 1172 1173 2272 2273 3673 
m3530 30 32 36 40 46 1630 1640 1646 1830 1840 2030 2330 2332 2336 2340 2346 4136 
m1718 22 23 30 1122 1123 1130 1172 1173 1180 1522 1523 1530 3673 
m1334 22 23 36 41 1122 1123 1136 1141 2073 3686 4586 
m2303 38 45 46 49 1946 2299 2345 2346 2349 
m2197 46 
m3039 5 13 14 33 655 705 713 1655 1664 4163 
m1498 45 2295 
m2224 29 36 41 1486 1829 1836 1841 2079 2086 2091 
m1281 45 46 2296 
m78 22 23 30 38 1122 1123 1130 1172 1173 1188 1522 1523 1530 1538 3673 
m2980 14 40 46 714 746 2014 2040 2046 2314 2340 2346 3246 4814 
m2400 14 46 49 2314 2346 2464 2496 4814 
m3659 13 22 32 36 40 672 686 1113 1122 1136 1140 1613 1622 1636 1822 1836 1840 2022 2036 2040 
m1878 33 46 2333 2346 
m1999 36 37 40 46 1837 1846 2036 2037 2040 2046 2337 2346 4346 
m1415 22 45 1145 
m940 5 14 30 46 705 730 1505 2305 2314 2330 2346 4814 
m1228 45 2295 
m3218 14 36 49 1814 1849 2464 
m2942 36 
m3738 23 46 1173 1196 3696 
m810 14 38 46 1914 1946 2346 4814 
m3022 45 46 2345 2346 
m237 3 23 30 41 46 180 1180 2053 2073 2080 2096 2303 2330 2673 4823 
m3652 46 4846 
m607 37 38 40 46 1890 1937 1938 1946 2340 4837 
m1626 36 38 49 1838 1849 1936 1938 1949 
m108 22 23 30 36 40 41 1123 1173 1180 1186 1190 1191 1830 2023 2030 2036 2040 2041 2073 2080 2086 2090 3673 4323 
m781 36 40 41 46 49 1836 1841 1846 1849 2036 2040 2041 2046 2086 2096 2099 2336 2346 2349 4346 4586 4836 
m832 22 23 31 36 1123 1131 1136 1172 1173 1573 1822 1823 3673 3686 4086 4323 
m3703 22 45 46 1145 2322 2345 
m140 5 36 37 38 45 46 286 295 1845 1855 1886 1895 1936 1937 1938 1946 2305 2336 2337 4336 
m2924 40 46 2046 2346 
m2421 11 13 33 563 583 3183 
m159 22 36 49 1149 1822 1836 1849 2472 2486 2499 
m3434 15 22 46 772 2322 4815 
m2493 12 46 49 2349 2462 4812 
m245 22 38 40 1140 1922 1938 1940 
m2604 22 36 40 41 1136 1141 2036 2086 2090 
m1495 46 
m2661 36 38 46 1936 1938 1946 2336 2346 
m903 37 38 46 49 1887 1888 1899 1937 1946 2337 2338 2346 2349 4396 4837 
m2269 45 2295 
m2694 14 30 46 730 746 2330 
m2710 32 37 38 46 1637 1646 1932 1937 1946 2332 2337 2346 4837 
m2275 36 37 38 46 49 1837 1838 1888 1938 2338 2486 2487 2488 2496 4346 4837 
m2503 13 22 33 36 40 672 686 690 1113 1122 1133 1136 1140 1672 1686 1690 1822 1840 2022 3183 
m650 8 408 
m193 37 46 4396 
m1308 23 45 1195 2273 2295 
m3058 33 45 1695 2283 2295 
m82 44 46 49 2246 2494 2496 
m1078 23 41 46 1173 2073 2323 2341 3673 
m2623 45 
m1723 12 36 46 612 636 646 1812 1836 1846 2312 2336 2346 
m2851 23 30 45 1180 1195 1523 1530 1545 2273 2280 2295 3673 
m2975 45 46 2295 2296 2346 
m1950 22 23 30 1122 1123 1130 1172 1173 1180 1522 1523 1530 3673 
m3007 14 22 27 40 727 1114 1127 2014 2022 2027 
m371 45 
m1421 22 23 46 1123 1172 1173 2322 2323 3673 4823 
m3053 36 42 46 49 2146 2336 2486 2492 2496 4636 
m1648 5 14 22 33 36 40 264 272 283 286 290 722 736 740 1122 1136 1140 1672 1686 1690 1822 2022 2036 3233 
m698 22 23 36 40 46 49 1172 1822 1836 1849 2023 2036 2040 2046 2049 2322 2323 2336 2349 2472 2473 2486 4323 4336 4836 
m3072 20 22 23 30 38 1022 1023 1030 1038 1122 1123 1130 1172 1173 1180 1188 1520 1523 1538 1922 1923 1930 3673 
m1864 13 22 45 46 696 1113 1146 2263 2272 2296 
m3087 22 45 46 1122 1145 1146 2272 2295 2296 2345 
m501 22 37 46 1872 2322 4837 
m998 22 38 46 1146 1922 1946 
m2310 46 
m2129 30 40 46 49 1540 1546 1549 2030 2040 2046 2330 2340 2346 2349 2490 2496 
m620 36 45 46 2286 2295 2296 2336 2346 4836 
m2521 36 37 46 1837 2336 2337 4336 4337 
m1733 13 22 30 47 680 697 1113 1122 1130 1147 2380 
m1010 36 38 46 49 1849 1936 1946 1949 2336 2338 2346 2349 2486 2496 
m109 14 22 46 722 746 2322 
m1060 38 40 45 46 1938 1945 1946 2290 2340 2345 
m2230 22 36 40 49 1149 1822 1849 2022 2036 2049 
m247 6 42 4606 
m3366 22 23 30 46 1122 1123 1130 1146 1180 1523 1530 1546 2330 2346 4823 
m1029 10 13 22 660 663 672 1110 1113 1122 
m600 20 22 23 46 1023 1120 1123 1146 1173 2320 2323 3673 4823 
m2496 41 46 2091 2096 2341 
m2769 22 23 1122 1123 1173 3673 
m3096 14 49 2464 
m2895 37 39 40 46 1890 1987 1990 2340 4396 4496 
m880 22 23 30 36 38 40 1123 1130 1136 1140 1172 1173 1180 1186 1188 1190 1522 1523 1538 1822 1830 1922 1923 1930 1936 1938 1940 2022 2023 2030 2036 2040 3673 4323 
m808 23 30 38 45 46 1180 1923 1930 1946 2273 2280 2288 2296 2323 2330 2338 2346 4823 
m529 14 20 22 720 1114 1120 
m876 22 23 30 46 1122 1123 1130 1146 1180 1523 1530 1546 2330 2346 4823 
m604 14 32 36 41 46 736 741 1614 1641 2314 2332 2336 2341 4136 4586 
m2442 45 2295 
m2880 13 22 46 672 2322 4813 
m996 30 37 46 1530 1537 1546 1880 2330 2337 2346 
m3397 13 36 40 45 686 1813 1840 1845 2013 2036 2045 2263 2286 4336 
m911 40 45 2045 
m2140 14 26 32 46 726 732 746 1314 1326 1332 1346 1626 1646 2326 
m1209 37 38 46 1896 1937 1946 
m922 22 23 36 41 49 1123 1136 1141 1172 1173 1186 1191 1199 1822 1823 1841 1849 2072 2073 2086 2091 2099 2472 2473 2486 2491 3673 3686 4323 4336 
m2706 11 13 33 563 583 4163 
m973 22 23 30 38 41 1122 1123 1130 1172 1173 1180 1188 1523 1538 1541 1922 1923 1930 1938 2072 2073 2080 2088 3673 
m2480 40 46 2046 
m1558 22 30 36 1136 1536 
m2744 33 46 49 1696 1699 2349 
m539 46 
m829 22 23 30 45 1123 1130 1145 1173 1180 1523 1530 2273 2280 3673 
m2831 22 23 1123 1173 3673 
m874 14 32 732 1614 1632 
m2312 14 22 23 46 1114 1123 1146 1196 2314 3664 
m3460 33 37 46 1883 1896 4833 
m837 13 37 38 46 1913 1937 1946 2313 2337 4363 
m2444 22 26 46 1146 1322 1346 
m3693 46 
m1927 13 46 2313 
m2701 22 44 46 1146 2322 2344 2346 4846 
m1159 36 1836 
m3209 22 23 30 44 46 1130 1144 1146 1180 1523 1530 1546 2223 2230 2246 2323 2330 2344 2346 4823 4846 
