m3085 22 23 30 36 40 46 1122 1123 1130 1136 1140 1146 1172 1180 1186 1190 1196 1522 1523 1530 1536 1540 1546 1830 2022 2023 2030 2036 2046 2330 4836 
m1622 22 37 45 46 1122 1137 1145 1146 1872 2272 2287 2296 2322 4837 
m3099 23 38 45 1923 2273 2288 
m1771 22 32 38 46 1146 1922 1932 1938 1946 2332 2346 
m2889 22 23 30 36 40 46 1122 1123 1130 1136 1140 1146 1172 1173 1180 1186 1190 1522 1523 1530 1536 1540 1546 1823 1840 2023 2036 2040 2322 2323 2330 2336 2340 2346 3696 4823 
m669 11 13 22 46 563 572 596 1113 1122 1146 2313 2322 2346 4846 
m3326 23 46 2346 4823 
m2802 22 26 44 46 1146 1322 1344 1346 2344 2346 4846 
m2548 22 46 1122 1146 2346 
m3028 22 23 30 36 40 41 46 1122 1123 1130 1136 1140 1141 1146 1172 1173 1180 1186 1190 1191 1523 1536 1540 1541 1841 2023 2036 2041 2072 2073 2080 2086 2090 2091 2096 2322 2323 2330 2341 2346 3673 4323 
m2767 22 23 36 40 46 49 1123 1136 1140 1146 1149 1199 1822 1823 1836 1840 1849 2022 2023 2036 2040 2046 2049 2323 2336 2340 2349 3686 4336 4346 4836 
m1903 22 36 38 46 1822 1936 1946 2322 2336 2346 4836 
m901 16 23 36 40 41 46 836 840 841 1186 1190 1191 1841 2023 2036 2040 2041 2046 2066 2073 2086 2090 2091 2096 2316 2336 2340 2341 3666 4823 
m1668 45 2295 
m1777 22 23 1122 1123 1173 3673 
m242 14 22 31 36 46 731 736 1114 1136 1146 1846 2314 2331 2346 3246 4331 4836 
m1083 23 30 46 1180 2323 2330 2346 
m3287 23 30 36 40 46 1180 1523 1530 1830 2023 2030 2036 2046 2330 4323 4346 4823 
m2022 34 45 2284 
m440 33 45 46 1695 2283 2295 2333 2345 
m1618 22 23 40 46 1123 1140 1146 1190 2022 2023 2040 2046 2340 2346 3696 4823 
m2545 22 23 30 1123 1130 1522 1523 1530 
m3030 23 30 36 41 1180 1186 1830 2073 2080 3673 3686 4323 4586 
m2268 12 15 30 46 1512 1515 1546 2312 3262 4815 
m2486 22 44 46 1146 2344 2346 4846 
m1041 21 22 23 1072 1073 1171 1172 1173 
m3412 22 23 36 40 41 1122 1140 1141 1173 1186 1190 1823 1836 2022 2023 2036 2040 2041 2073 2086 2090 2091 3686 4323 
m2118 14 36 40 46 740 1814 1840 2014 2036 2040 2046 2336 2340 2346 3246 4346 4814 
m2296 3 
m278 36 37 38 40 46 49 1836 1838 1840 1846 1849 1886 1890 1936 1937 1938 1940 1946 2036 2037 2038 2040 2046 2336 2337 2338 2340 2346 2486 2488 2490 2496 2499 
m44 22 26 33 36 49 1322 1333 1349 1672 1822 1826 1833 1849 2472 2483 
m129 37 38 46 1888 1937 1938 1946 2338 4837 
m2099 12 45 46 645 2345 4812 
m1141 22 23 30 1122 1123 1130 1173 1522 1523 3673 
m1779 22 23 36 40 46 49 1172 1822 1836 1840 1846 2022 2023 2036 2040 2046 2049 2322 2323 2336 2340 2346 2349 2473 2486 2490 2496 3696 4323 4346 4823 4836 
m1416 23 30 49 1180 1199 1549 2473 2480 2499 
m2699 5 13 26 33 41 46 655 696 1305 1313 1326 1346 1655 1676 1696 2063 2076 2083 2096 2305 4163 
m3523 22 36 40 46 1146 1822 1846 2022 2036 2040 2046 2346 4346 
m1358 36 49 1836 1849 2499 
m3651 30 38 46 1930 1938 1946 2330 2346 
m167 12 26 46 1312 1326 1346 2312 2346 4812 
m916 12 14 46 2312 2314 2346 3212 4812 4814 
m3344 12 14 22 45 46 645 712 745 1112 1114 1146 2314 2345 2346 3146 3246 4812 
m2103 22 23 36 40 41 1123 1136 1140 1141 1173 1186 1190 1823 1836 2023 2036 2040 2072 2073 2086 2090 2091 3686 4323 
m3247 22 23 30 38 1122 1123 1130 1138 1173 1180 1523 1922 1923 1930 1938 3673 
m1720 36 38 46 1936 1946 2336 2338 2346 4836 
m1384 
m1139 22 23 30 1122 1123 1130 1173 1522 1523 3673 
m2940 22 36 40 41 1136 1140 1141 1841 2036 2041 4336 4586 
m2078 23 41 1191 2073 3673 
m1895 22 23 38 46 1122 1123 1138 1146 1172 1922 1923 1938 1946 2322 3696 
m1635 37 40 45 46 49 1895 1899 2037 2040 2045 2046 2340 2345 2346 2349 2495 4387 4396 4837 
m3445 12 14 40 46 646 2012 2014 2046 2314 2346 3114 4812 
m85 
m2886 22 23 36 38 40 41 46 1136 1138 1140 1146 1923 1936 1940 1946 2022 2023 2036 2038 2046 2072 2090 2323 4323 4836 
m3086 36 40 46 49 1840 1846 1849 2036 2040 2046 2049 2340 2346 2486 2490 2496 4336 4346 4846 
m3388 11 38 46 588 596 1911 1938 1946 2338 
m3633 36 41 1841 2086 2091 4586 
m2852 30 36 38 1530 1538 1838 1930 1936 1938 4036 4330 
m1486 22 23 45 1123 1173 1195 3673 
m3339 23 36 3686 
m192 22 23 30 46 1122 1123 1130 1146 1196 1523 1546 2346 
m576 22 41 1122 1141 2072 
m3374 22 37 40 46 1122 1137 1140 1146 2022 2037 2046 2322 2337 2346 4837 
m3598 36 40 41 46 49 1841 1846 2036 2041 2046 2336 2340 2341 2346 2349 2486 2490 2491 2496 4346 
m2234 22 40 44 46 1146 2022 2044 2046 2344 2346 4846 
m1173 12 22 23 36 40 46 49 636 646 649 1186 1196 1199 1822 1836 1840 1846 2022 2036 2322 2336 2346 2349 2486 2496 3123 3146 3686 4336 4823 
m2746 23 36 42 1173 1186 1192 3686 4342 
m3441 22 40 46 49 2040 2046 2322 2346 2490 2496 
m3249 22 23 30 1122 1123 1130 1173 1180 1523 3673 
m3538 22 23 36 40 41 1122 1123 1136 1140 1141 1172 1173 1186 1190 1191 1823 1840 1841 2023 2036 2040 2041 3673 
m2509 6 14 36 46 49 314 706 714 736 746 749 1806 1814 1846 2306 2456 2464 2486 2496 4814 
m770 23 41 46 2073 2323 2341 3673 
m658 22 23 36 40 1122 1123 1136 1140 1172 1173 1186 1190 1822 1836 1840 2022 2023 2036 2040 3673 4336 
m1439 22 23 36 40 41 46 49 1123 1136 1140 1141 1146 1191 1822 1823 1836 1840 1841 1849 2022 2023 2036 2040 2041 2046 2072 2073 2086 2090 2091 2322 2323 2336 2340 2341 2349 2472 2473 2486 2490 2491 4323 4336 4346 4836 
m3471 5 36 46 255 286 2305 2336 2346 
m117 23 30 40 46 1180 2023 2030 2046 2330 2346 4823 
m176 10 26 46 1310 1326 1346 2310 2346 
m3458 14 36 40 46 2014 2036 2040 2046 2336 4314 4814 
m2739 13 20 22 36 38 40 672 686 690 1013 1020 1022 1036 1038 1040 1122 1136 1140 1822 1913 1922 1936 2022 2036 
m900 36 40 41 46 1841 2036 2041 2086 2090 2091 2336 2340 2341 4336 4836 4846 
m3124 22 23 36 40 46 49 1122 1123 1136 1146 1149 1199 1849 2022 2023 2036 2046 2336 2346 2349 3686 4823 4836 
m2343 30 36 40 41 1536 1540 1541 1836 1840 1841 2036 2041 2091 4586 
m1521 30 38 40 45 46 1930 1938 1946 2030 2038 2046 2280 2288 2290 2296 2330 
m208 14 40 46 2014 2040 2046 2314 2346 4814 4846 
m1711 41 
m74 32 39 46 1632 1639 1646 1989 2339 2346 4496 4839 
m3512 
m3167 22 23 30 46 1123 1130 1146 1180 1523 1530 1546 2330 4823 
m308 44 46 2244 2246 2344 2346 4846 
m1937 22 36 40 46 49 1136 1140 1146 1836 1846 2022 2036 2040 2046 2049 2336 2346 2349 2486 2496 4336 4836 
m2988 22 23 30 36 41 1123 1130 1141 1191 1523 1541 1822 1823 1830 1841 
m2900 22 36 46 1122 1136 1146 1822 1846 2322 
m1195 17 46 2317 2346 3396 4817 
m3416 46 
m2573 12 14 23 34 46 712 1162 1164 1196 1712 1714 1723 1734 1746 2314 3114 3214 3664 4812 
m526 5 36 38 46 49 286 296 299 1849 1905 1936 1946 2346 2349 4836 
m1359 22 23 30 46 1123 1130 1146 1172 1173 1180 1196 1523 1530 1546 2330 4823 
m3571 36 41 1836 1841 2086 2091 4586 
m1151 15 38 46 1915 1938 1946 2315 2338 
m166 46 2346 
m1 22 23 41 46 1123 1141 1146 1173 2073 2323 2341 2346 3673 4823 
m2680 32 34 38 46 1632 1646 1732 1734 1746 1932 1934 1946 2332 
m1817 22 23 36 38 40 41 1122 1123 1136 1140 1173 1186 1190 1823 1836 1922 1923 1936 1940 1941 2022 2023 2036 2040 2072 2073 2086 2090 3686 4323 
m2774 6 14 23 32 36 706 723 732 736 1156 1182 1606 1636 1806 3686 
m2332 30 46 2330 2346 
m686 46 2346 
m2683 26 46 1346 
m3324 22 23 36 41 1123 1136 1141 1191 1823 1841 2073 2091 3673 4323 4586 
m2817 22 36 40 41 1136 1140 1141 1836 1841 2036 2041 2086 2090 2091 4586 
m2787 22 32 38 46 1132 1146 1632 1646 1922 1932 1938 1946 2332 
m2462 22 30 40 46 1130 1140 1146 2022 2030 2040 2046 2322 2330 2340 2346 
m1837 14 22 36 40 46 1114 1136 1140 1146 1814 1846 2014 2036 2046 2346 4346 4814 
m11 13 33 4163 
m990 32 37 1632 1637 1882 
m1686 22 23 30 36 39 40 41 1123 1136 1140 1172 1173 1186 1190 1191 1523 1536 1539 1541 1823 1972 1973 1986 1991 2023 2036 2072 2073 2086 2090 3673 4323 4336 4586 
m262 46 2346 
m2091 38 45 46 49 1938 1946 1949 2288 2296 2299 2349 
m3650 30 40 46 2030 2046 2330 2340 2346 4846 
m640 22 23 1123 
m2087 23 36 38 40 46 1923 1936 1940 1946 2023 2036 2046 2323 3686 4836 
m2376 5 23 24 40 46 273 274 290 296 1190 1240 1246 2023 2024 2040 2046 2340 3696 3723 
m2258 38 46 1938 1946 
m1054 36 40 46 49 1840 1846 1849 2036 2040 2046 2049 2340 2346 2486 2490 2496 4336 4346 4846 
m3315 
m3613 46 2346 
m1401 23 30 36 40 49 1180 1199 1549 1823 1830 1836 1840 1849 2023 2030 2036 2040 2049 2473 2480 2486 2490 
m3610 6 17 23 32 36 856 873 882 886 1156 1182 1606 1636 1806 3686 
m543 
m1776 5 36 46 49 286 296 299 1849 2346 2349 2499 4836 
m2644 27 38 46 1927 1938 1946 2327 
m831 37 46 1896 2346 4837 
m2473 18 23 36 923 936 1186 1836 3686 
m222 22 40 44 46 1146 2022 2044 2046 2344 2346 4846 
m2425 22 23 30 36 40 46 1122 1123 1130 1136 1140 1146 1180 1522 1523 1530 1536 1540 1546 1822 1823 1830 1836 1840 1846 2022 2023 2030 2036 2040 2046 2322 2323 2330 2340 4823 4846 
m1129 32 44 46 1632 1644 1646 2344 
m1271 14 45 46 2264 2296 2314 2346 4814 
m1497 5 23 38 273 1905 1923 
m1917 23 36 1186 1836 3686 
m1224 26 32 36 46 1332 1336 1346 1832 2332 2336 2346 4836 
m1888 12 22 36 37 40 41 46 612 622 636 637 640 641 646 1112 1136 1137 1140 1141 1146 1812 1822 1837 1840 1846 1872 1886 1890 1891 2012 2022 2036 2037 2040 2041 2046 2062 2072 2086 2087 2090 2096 2312 2322 2336 2340 2341 4837 
m3221 38 46 1938 1946 2346 
m3740 33 44 49 1694 1699 2494 
m3474 37 38 46 1937 1946 2337 
m2181 40 46 2040 2046 2340 
m3282 36 48 49 1848 1849 2486 2498 2499 4336 
m2402 45 46 2296 2346 
m2107 22 23 24 40 46 1123 1124 1140 1146 1190 1240 1246 2023 2024 2040 2046 2340 3696 3723 
m3553 5 32 46 1605 2305 2332 2346 4846 
m2650 14 22 23 30 46 730 746 1114 1122 1123 1130 1146 1180 1514 1523 1530 1546 2330 3223 4823 
m3268 8 408 
m194 22 23 36 40 41 1122 1123 1136 1140 1141 1172 1173 1822 1823 1836 1840 1841 2022 2023 2036 2040 2041 2072 2073 3673 4586 
m918 12 22 23 36 45 46 49 622 645 1122 1145 1172 1195 1812 1822 1845 1846 2272 2295 2322 2345 2462 2473 2486 2496 3662 3696 4323 4812 
m1694 22 23 30 39 46 1123 1130 1139 1146 1172 1173 1180 1189 1196 1522 1523 1539 1546 1972 1973 1980 1989 1996 2322 2323 2330 2339 2346 3689 3696 4473 4496 4823 
m741 23 30 36 41 1173 1523 1823 1830 2073 2080 3673 4323 4586 
m83 
m3207 22 23 36 40 41 1122 1123 1136 1140 1173 1822 1823 1836 2022 2023 2036 2072 2073 2086 2090 3673 4323 4586 
m688 22 23 30 1122 1123 1130 1173 1523 1530 3673 
m3334 22 23 24 40 45 46 1122 1145 1172 1190 1195 1222 1240 1245 1246 2022 2023 2024 2040 2045 2046 2272 2295 2322 2340 2345 3696 3723 
m1457 38 46 1938 1946 
m1443 37 46 4837 
m368 14 22 30 38 46 730 1114 1130 1138 1146 1914 1930 1946 2330 3246 
m1660 16 22 23 46 822 846 1122 1146 1172 2322 3323 3696 
m422 22 30 38 46 1122 1130 1146 1922 1930 1938 1946 2330 2346 
m1262 37 39 40 46 49 1890 1899 1987 1990 1999 2340 2490 2496 4396 4496 
m405 14 20 40 46 1014 1040 1046 2014 2046 3246 
m2003 14 41 46 2064 2091 2096 2314 2346 4814 4846 
m2243 22 23 30 41 1122 1123 1130 1141 1172 1173 1180 1191 1522 1523 1530 2072 2073 2080 2091 3673 
m1348 14 38 46 49 746 749 1914 1938 1946 1949 2346 2349 
m246 22 46 1122 1146 2322 2346 
m2166 22 38 45 46 1138 1145 1146 1938 1945 1946 2345 
m424 22 23 36 41 1123 1822 1823 2072 2073 3673 4323 4586 
m3551 14 36 46 49 736 746 749 1849 2336 2346 2349 4814 4836 
m3280 32 39 46 1632 1639 1646 1982 1996 2332 2339 2346 
m3174 23 38 46 49 1188 1199 1938 1946 2338 2346 2349 3696 4823 
m1146 30 36 38 40 46 1830 1930 1936 1940 1946 2030 2036 2046 2330 2336 2340 2346 4836 
m1105 28 
m1127 6 23 36 46 1156 1186 2306 2323 2336 4306 
m2075 11 13 22 33 36 40 563 572 583 586 590 672 686 690 1113 1122 1133 1136 1140 1672 1686 1690 1822 2022 2036 3183 
m3010 23 30 36 41 1523 1823 1830 2073 2080 3673 4323 4586 
m2535 22 23 36 40 1122 1123 1136 1140 1173 1186 1190 1823 1836 2022 2023 2036 2040 3686 4323 
m3599 23 36 41 1186 2073 3673 4323 4586 
m3504 13 26 46 1313 1346 2313 2326 2346 
m2483 22 23 36 40 41 1122 1123 1136 1140 1141 1172 1173 1822 1823 1836 1840 2022 2023 2036 2040 2072 2073 2086 2090 3673 4586 
m2210 22 23 30 46 1122 1123 1130 1146 1180 1523 1530 1546 2330 4823 
m1445 23 46 49 2323 2346 2473 2496 4823 
m2707 36 49 1836 1849 2499 
m3078 22 32 36 37 40 1122 1132 1136 1137 1140 1637 1832 1837 1840 2032 2037 
m2124 36 40 46 49 1849 2036 2040 2046 2049 2336 2346 2349 4336 4836 
m575 22 23 46 1123 1146 1196 
m391 37 40 46 1890 2037 2040 2046 2337 2340 2346 4396 
m1194 45 
m2775 22 36 40 41 1122 1136 1140 1141 1836 1840 1841 2036 2040 2086 2090 2091 4586 
m476 22 36 37 40 41 1137 1140 1822 1836 1840 1841 2022 2036 2037 2040 2041 2072 2086 2090 2091 4586 
m2812 3 30 38 46 180 1530 1903 1930 1938 1946 2330 4803 
m2305 12 41 46 2062 2091 2096 2312 
m3626 22 23 36 40 41 1122 1123 1136 1140 1141 1172 1173 1186 1822 1823 1836 1840 1841 2022 2023 2036 2040 2041 2072 2073 2086 2090 3673 4586 
m1921 22 23 30 32 36 40 46 1122 1123 1130 1132 1136 1140 1146 1172 1173 1522 1523 1530 1546 1622 1623 1630 1640 1646 1822 1823 1830 1832 1840 1846 2022 2023 2030 2032 2036 2040 2046 2322 2323 2330 2332 2336 2340 2346 3696 4823 
m1902 23 36 41 49 1191 1823 1836 1841 1849 2473 2486 2491 3686 4323 4336 4341 
m274 8 32 37 46 49 408 446 449 1608 1646 1858 1882 1896 2308 2332 2346 2349 
m1116 14 36 38 40 738 1838 2014 2036 2038 2040 4314 
m2828 22 23 30 36 40 41 1123 1130 1136 1140 1141 1172 1173 1180 1186 1190 1523 1822 1823 1830 1836 2023 2030 2036 2073 2086 3673 4323 4586 
m3067 22 36 37 40 46 1122 1136 1137 1140 1146 1822 1837 1840 1846 1890 1896 2022 2036 2037 2040 2046 2322 2340 2346 4396 4837 4846 
m3238 14 46 2314 2346 4814 
m2955 5 22 36 38 40 46 49 286 296 299 1136 1138 1140 1146 1149 1836 1846 1849 1905 1936 1938 1946 1949 2036 2038 2046 2049 2346 2349 2455 2486 2496 2499 4836 
m103 26 41 46 1341 1346 2341 
m1324 14 22 40 46 714 746 1114 1146 2014 2022 2046 2314 2346 3246 4814 
m3089 13 25 38 46 675 1913 1925 1946 2313 2325 
m57 22 23 30 46 1122 1123 1130 1146 1523 1530 1546 2330 2346 3696 4823 
m339 22 23 30 36 40 41 1122 1123 1130 1136 1140 1173 1522 1523 1536 1822 1823 1830 1836 2022 2023 2030 2036 2072 2073 2080 2086 2090 2091 3673 4323 4586 
m1580 16 22 23 30 46 830 1116 1122 1123 1130 1146 1523 1546 2316 2330 2346 3323 3346 3696 4823 
m3046 38 41 46 1938 1941 1946 2341 2346 
m1970 22 40 46 1140 1146 2022 2040 2046 2340 2346 
m2097 26 41 46 1341 1346 2096 
m256 14 23 30 46 714 723 730 746 1180 2314 2323 2330 2346 3223 4814 4823 
m2667 36 46 2336 2346 4836 
m2566 22 36 40 46 1136 1140 1146 1846 2022 2036 2040 2046 4336 4346 
m944 14 37 46 2314 2337 2346 4364 4814 
m3286 22 26 44 46 1122 1144 1146 1322 1344 1346 2344 2346 
m3708 16 22 36 40 822 836 840 1116 1122 1136 1140 1822 2022 2036 
m1778 22 23 30 36 40 46 1122 1123 1130 1136 1140 1146 1172 1173 1522 1523 1530 1540 1546 1822 1823 1830 1840 1846 2022 2023 2030 2036 2040 2046 2322 2323 2330 2340 2346 3696 4823 
m2018 22 26 44 46 1144 1146 1322 1344 1346 2244 2246 2344 2346 4846 
m3233 3 26 46 1303 1346 2346 4803 
m2316 22 37 46 1122 1137 1146 2322 2337 2346 4837 
m3477 26 36 40 45 46 1826 1845 1846 2026 2036 2040 2045 2046 2276 2296 2326 2346 4346 4846 
m830 26 37 46 1337 1346 2337 2346 4837 
m957 23 26 30 38 46 1180 1323 1330 1338 1346 1923 1930 1946 2330 2346 4823 
m1884 36 46 49 1846 1849 2346 2349 2496 4836 
m2162 38 41 46 49 1938 1946 1949 2088 2096 2099 2341 2346 2349 
m361 22 37 46 1872 1896 2322 2346 4837 
m3228 22 23 30 36 40 46 1122 1123 1130 1136 1140 1146 1180 1523 1530 1822 1823 1830 1840 1846 2022 2023 2030 2046 2330 4823 
m1963 22 40 46 1140 1146 2040 2046 2340 2346 
m1023 26 33 37 44 46 1333 1337 1344 1346 2233 2237 2333 2337 2344 2346 4383 
m464 22 36 40 41 1136 1140 1141 1836 1840 1841 2036 2041 2072 2086 2090 2091 4586 
m2747 27 38 46 1927 1946 2327 
m2841 36 40 41 1836 1840 1841 2036 2041 2086 2090 2091 4586 
m517 17 40 46 890 2340 2346 3396 4817 
m34 32 37 1882 
m1854 14 38 40 46 49 1914 1940 1946 1949 2014 2046 2049 2346 2464 2496 4814 
m2299 12 14 46 712 2314 2346 3146 3246 4812 
m3578 32 36 38 40 46 1832 1932 1936 1946 2032 2036 2038 2046 2332 2336 2346 4836 
m657 14 32 36 41 46 1614 2064 2082 2086 2314 2332 2336 2341 4136 4314 
m3736 
m1591 22 27 46 1122 1127 1146 1377 2327 2346 
m3396 27 36 48 49 1386 1398 1399 1827 1848 1849 2486 2498 2499 4336 
m1859 22 23 30 46 1122 1123 1130 1146 1523 1530 1546 2330 2346 3696 4823 
m1803 14 32 36 44 46 736 1614 2214 2232 2236 2314 2332 2336 2344 4136 4846 
m635 22 23 1123 1172 1173 3673 
m1933 22 36 40 46 1122 1136 1140 1146 1836 1840 2022 2036 2040 2046 2322 2336 2340 2346 4836 
m2317 22 37 40 46 1137 1146 2022 2037 2046 2337 2346 4837 
m1205 33 36 38 46 49 1833 1846 1938 1946 2333 2336 2346 2349 2483 2486 2496 4833 
m3533 45 46 2345 
m986 23 45 1173 2273 3673 
m2800 22 36 40 41 1136 1140 1141 1836 1840 1841 2036 2040 2072 2086 2090 2091 4586 
m767 22 23 30 36 40 41 1123 1130 1136 1141 1173 1186 1191 1523 1536 1541 1836 2022 2023 2036 2041 2073 2080 2086 2091 3673 3686 4323 4586 
m1890 23 36 41 49 1191 1823 1836 1841 1849 2473 2486 2491 3686 4323 4336 4341 
m819 14 22 23 30 40 46 730 746 1114 1122 1123 1130 1146 1180 1514 1523 1530 1546 2014 2022 2023 2030 2046 2330 3223 4823 
m3592 22 23 30 36 40 41 46 1122 1123 1130 1136 1140 1141 1146 1191 1522 1523 1530 1536 1540 1541 1546 1822 1823 1830 1836 1840 1841 1846 2022 2023 2030 2036 2040 2041 2046 2072 2080 2086 2090 2091 2341 3696 4323 
m1365 13 22 38 49 699 1113 1122 1138 1149 1913 1938 1949 
m346 23 30 33 46 1180 1523 1530 1533 1546 1680 2323 2330 2333 2346 4173 4823 
m490 12 23 30 38 41 46 641 1191 1512 1523 1541 1546 1912 1923 1930 1941 1946 2341 3662 4812 4823 
m1388 22 38 44 46 1138 1144 1146 1944 1946 2344 2346 
m987 14 36 714 3236 
m273 32 46 1632 1646 2332 2346 
m3543 38 46 1946 2346 
m1843 13 22 33 40 690 1113 1122 1133 1140 1690 3183 
m402 22 30 36 40 41 1122 1130 1136 1140 1141 1522 1541 1840 2036 2040 2086 2090 
m3317 22 23 30 41 1123 1130 1172 1173 1180 1191 1522 1523 1530 1541 2072 2073 2080 
m2676 45 
m1644 36 40 46 1840 1846 2036 2040 2046 2346 4346 
m3570 23 46 49 2346 2349 2473 4823 
m2261 22 36 40 41 1122 1136 1140 1141 1822 1836 1840 1841 2022 2036 2040 2041 2072 2086 2090 
m3706 22 36 40 46 49 1136 1140 1146 1822 1840 1846 2022 2036 2040 2046 2049 2322 2336 2340 2346 2349 2472 2486 2490 2496 4836 
m272 46 2346 
m38 22 23 30 41 46 1122 1123 1130 1141 1146 1522 1541 1546 2072 2073 2322 2323 2341 2346 
m112 22 36 41 46 1136 1146 1846 2072 2096 2322 2336 2341 2346 4586 4836 
m3417 20 48 2420 
m3121 5 32 36 38 45 46 49 282 286 288 295 296 1632 1638 1645 1646 1838 1845 1846 1932 1936 1945 1946 2295 2332 2338 2345 2346 2455 2482 2486 2488 2496 4136 4332 4836 
m2930 22 23 30 46 49 1122 1123 1130 1146 1149 1172 1173 1180 1522 1523 1530 1549 2322 2323 2330 2349 2472 2473 2480 3673 4823 
m3057 11 13 22 36 38 40 563 572 586 588 590 1113 1136 1138 1140 1813 1840 1913 1936 1940 2013 
m1798 22 41 1122 1141 
m2605 11 46 2311 
m254 36 40 41 1836 1840 1841 2036 2040 2041 2086 2090 2091 
m2036 5 38 45 46 255 1905 1938 1945 1946 2255 2305 2345 2346 
m3195 22 37 40 46 1137 1146 2022 2037 2040 2046 2337 2346 4837 
m2925 22 23 30 46 1122 1123 1130 1146 1180 1523 1530 1546 2330 2346 4823 
m2456 23 46 2323 2346 4823 
m3516 46 
m239 14 22 46 714 722 746 2314 2322 2346 3246 4814 
m2314 23 30 40 46 49 1190 1199 1523 1530 1540 1546 1549 2330 2340 2346 2349 2490 2496 3696 4823 
m1168 6 36 42 49 2456 2486 2492 2836 4606 4636 
m713 23 36 1173 1186 1823 1836 3673 3686 4323 
m2687 5 13 26 33 41 46 655 696 1305 1313 1326 1333 1341 1346 1655 1676 1691 1696 2055 2063 2096 2305 4163 
m19 14 30 46 730 2314 2330 
m51 23 30 36 49 1180 1523 1530 1549 1823 1830 1836 1849 2473 2480 2486 2499 
m1364 12 26 46 612 1312 1346 2312 2346 4812 
m1109 23 45 1195 
m2410 32 46 1646 2332 2346 
m557 22 46 49 1122 1146 1149 2349 2472 2496 
m3192 46 2346 
m773 22 23 36 40 41 1123 1136 1140 1172 1822 1823 1836 2023 2036 2072 2073 2086 2090 2091 3673 4323 4586 
m60 13 22 36 45 46 49 699 1113 1136 1849 2286 2295 2296 2313 2322 2336 2349 3186 
m941 14 40 46 2014 2046 2314 2346 4814 
m1906 23 30 32 46 1182 1523 1532 1546 2323 2332 2346 4823 
m2135 46 2346 
m2134 13 38 46 1913 1938 1946 2313 
m1683 13 33 36 38 40 41 686 690 691 1686 1690 1691 1841 1913 1933 1936 1938 1941 2036 2041 2063 2083 2086 2090 2091 3183 
m975 12 36 38 41 46 641 1841 1912 1936 1938 1941 1946 2062 2086 2091 2096 2312 2336 2341 4312 
m1897 8 46 49 408 446 449 2349 
m583 23 30 36 40 46 1180 1823 1830 1836 1846 2023 2030 2036 2040 2046 2323 2330 2336 2346 4323 4346 4823 4836 
m340 22 30 37 41 46 1130 1137 1141 1146 1537 1541 1546 2087 2096 2322 2330 2337 2341 2346 4837 
m3358 26 39 46 1339 1346 2326 2339 4839 4846 
m3664 22 23 30 46 1122 1123 1130 1146 1523 1546 2323 3673 4823 
m3373 23 24 40 46 1190 1240 1246 2023 2024 2040 2046 2340 3696 3723 
m697 17 22 38 46 888 1117 1138 2322 2338 4817 
m961 12 13 22 32 36 40 622 636 640 672 686 690 1112 1113 1122 1136 1140 1612 1613 1622 1636 1640 1822 2022 2036 3162 
m820 34 38 40 46 1734 1934 2034 2038 2040 2046 2334 2338 2346 
m1760 14 22 23 30 46 722 1172 1514 1522 1523 1546 2314 2322 2323 2330 2346 3664 4814 4823 
m1406 46 2346 
m2455 22 38 46 1138 1146 1922 1938 1946 
m43 
m2976 26 37 46 1337 1346 2337 2346 4837 
m2023 26 39 40 46 1339 1340 1346 1990 2339 2340 4496 4846 
m3354 36 41 46 2336 2341 2346 4586 4846 
m1440 22 23 36 40 41 46 49 1122 1123 1136 1140 1141 1191 1822 1823 1836 1840 1841 1849 2022 2023 2036 2040 2041 2046 2072 2073 2086 2090 2091 2322 2323 2336 2340 2341 2349 2472 2473 2486 2490 2491 4323 4336 4346 4836 
m2670 22 46 1122 1146 2322 2346 
m2899 36 40 46 1846 2036 2040 2046 
m568 22 23 1123 1173 3673 
m3548 22 37 46 49 1137 1146 1899 2346 2349 2496 4396 4837 
m3569 22 23 30 36 40 46 1122 1123 1130 1136 1140 1146 1172 1173 1522 1523 1530 1540 1546 1822 1823 1830 1840 1846 2022 2023 2030 2036 2040 2046 2322 2323 2330 2340 2346 3696 4823 
m423 14 36 46 49 736 746 2336 2346 2349 2464 2486 2496 4814 4836 
m3683 21 36 38 45 1095 1845 1921 1936 1945 3586 
m1883 22 26 44 46 1122 1126 1144 1146 1322 1344 1346 2222 2246 2322 2326 2344 2346 4846 
m37 22 23 30 36 40 46 49 1122 1123 1130 1136 1140 1146 1149 1172 1173 1180 1186 1190 1199 1522 1523 1530 1536 1540 1546 1549 1823 1840 2022 2023 2030 2036 2040 2046 2322 2330 2336 2340 2346 2349 2472 2473 2480 2486 2490 2496 3696 4823 
m2277 36 37 41 46 49 1837 1841 2087 2341 2486 2487 2491 2496 4336 4346 4837 
m636 22 23 30 36 38 40 41 46 1122 1123 1130 1136 1140 1146 1172 1173 1180 1186 1190 1522 1523 1530 1536 1540 1546 1823 1840 1922 1923 1930 1938 1941 1946 2023 2030 2036 2038 2040 2041 2046 2072 2073 2080 2086 2096 2322 2330 2336 2340 2346 3696 4823 
m3648 46 2346 
m871 23 30 36 40 41 1173 1180 1186 1190 1523 1536 1540 1823 1830 1840 2023 2036 2073 2086 3673 4336 
m2217 32 36 41 46 1641 1646 2332 2336 2341 2346 4136 4586 
m2539 22 23 30 36 41 1123 1130 1136 1141 1180 1523 1823 1830 2073 2080 3673 4323 4586 
m1857 5 23 24 40 46 273 274 290 1190 1240 1246 2023 2024 2040 2046 2340 3696 3723 
m3513 36 
m570 22 23 41 46 1123 1141 1146 1173 1191 1196 2073 2323 2341 3673 4823 
m2095 46 2346 
m843 13 38 46 688 1913 1938 1946 2313 2338 2346 3196 
m1523 22 36 38 48 49 1136 1148 1149 1822 1836 1838 1848 1849 1922 1936 1948 1949 2422 2436 2438 2448 2449 2486 2498 
m219 17 38 46 888 2317 2338 2346 3396 
m1510 13 16 22 36 40 672 686 690 822 836 840 1113 1116 1122 1136 1140 1822 2022 2036 3166 
m3619 22 23 30 36 49 1123 1130 1136 1149 1522 1523 1530 1822 1823 1830 1836 1849 2472 2473 2480 2486 2499 
m1808 4 26 38 226 238 1304 1326 1338 1904 1926 2704 
m2695 30 38 41 46 1930 1941 1946 2080 2330 2338 2341 2346 
m1102 5 11 32 36 37 46 286 287 296 555 586 587 596 1605 1611 1636 1637 1646 1855 1861 1886 1887 1896 2305 2311 2332 2336 2337 2346 4337 4837 
m2163 36 49 1836 1849 2499 
m618 22 23 30 36 38 41 1122 1123 1130 1136 1138 1172 1173 1522 1523 1822 1823 1830 1838 1922 1923 1930 2072 2073 2080 2088 3673 4586 
m696 14 22 46 1114 1122 1146 2314 2346 4814 
m1600 13 17 46 2313 2317 3363 
m2561 14 23 30 38 730 1180 1514 1523 1530 1914 1923 1930 3223 
m578 22 36 40 41 1141 1822 1836 1841 2036 2041 2072 2086 2091 4586 
m3240 22 23 46 1123 1146 1196 2322 2323 4846 
m261 14 32 46 732 2332 4814 
m3517 22 37 46 1122 1137 1146 1872 2322 2337 2346 4837 
m2471 23 36 40 46 49 1190 1823 1840 1846 1849 2323 2340 2349 2473 
m677 23 28 38 1178 1188 1928 1938 
m1788 14 22 36 38 46 722 1814 1822 1914 1936 1946 2314 2322 2336 2346 4814 
m1169 22 26 44 46 1122 1126 1144 1146 1322 1344 1346 2222 2246 2322 2326 2344 2346 4846 
m670 13 22 33 36 40 47 672 686 690 697 1113 1122 1133 1136 1140 1147 1672 1686 1690 1697 1847 2036 2047 3183 
m3213 36 40 41 46 1836 1841 1846 2036 2040 2041 2046 2336 2341 2346 4341 4346 4836 4846 
m3333 13 38 1913 1938 
m1190 14 23 30 730 1180 1523 1530 3223 
m3291 14 26 38 41 741 1314 1341 1914 1926 1941 
m2733 13 33 36 49 663 683 686 699 1663 1683 1686 1699 1833 1849 2463 2483 2486 3183 
m1802 23 30 46 1180 1523 1530 1546 2330 2346 4823 
m3725 22 23 30 36 41 1123 1130 1136 1141 1186 1191 1523 1536 1841 2073 2080 2091 3673 4323 4586 
m2692 12 14 46 712 2314 2346 3146 3246 4812 
m3459 15 22 27 38 46 777 1115 1146 1915 1922 1938 1946 2315 2327 2346 
m3559 22 23 36 40 46 49 1172 1822 1823 1836 1849 2022 2023 2036 2040 2046 2049 2322 2323 2336 2349 2473 2486 3686 4336 4346 4836 
m769 5 26 36 46 49 50 276 296 300 1346 1350 1805 1826 1846 1849 1850 2305 2326 2346 2349 2350 2455 2476 2496 2500 
m1234 14 32 46 714 732 2314 2332 2346 4814 
m694 36 46 48 49 1846 1848 1849 2336 2348 2486 2496 2498 2499 4336 
m268 14 23 30 46 1514 1523 1546 2314 2323 2330 2346 3664 4814 4823 
m2216 22 23 36 40 1122 1123 1136 1140 1173 1186 1190 1822 1823 1836 1840 2022 2023 2036 2040 3673 4323 
m2782 46 
m3298 22 23 36 41 1122 1123 1136 1141 1172 1173 1186 1191 1822 1823 2072 2073 3673 4586 
m88 11 23 30 41 1161 1173 1180 1511 1523 1530 2061 2073 2080 3673 
m2541 22 36 41 1122 1136 1141 1841 2091 4586 
m126 22 23 30 36 40 41 46 1130 1146 1541 1546 1836 1841 2023 2036 2041 2073 2086 2323 2336 2340 2341 3686 4323 4591 
m934 23 36 3686 
m1887 22 23 38 46 1123 1138 1146 1172 1173 1922 1923 1938 1946 2322 2323 3673 4823 
m964 22 40 46 1146 2046 2322 2340 2346 
m81 22 23 30 46 1123 1130 1146 1180 1523 1530 1546 2330 4823 
m1659 22 23 36 40 1122 1123 1136 1140 1173 1186 1190 1822 1823 1836 1840 2022 2023 2036 2040 3673 4323 
m1826 46 2346 
m946 33 38 40 46 1690 1696 1933 1938 1940 1946 2333 2338 2340 2346 
m2863 36 46 2336 2346 4836 
m1351 30 46 2330 
m1691 23 30 36 39 40 41 1173 1180 1186 1190 1191 1523 1823 1830 1836 1973 1986 1990 1991 2023 2030 2036 2041 2073 2080 2086 2091 3673 3686 4323 4586 
m1743 14 22 38 46 49 722 749 1914 1938 1946 1949 2314 2322 2338 2346 2349 2472 4814 
m1577 22 23 30 36 40 41 1122 1123 1130 1136 1140 1141 1173 1522 1523 1536 1822 1823 1830 1836 2022 2023 2030 2036 2072 2073 2080 2086 2090 2091 3673 4323 4586 
m335 26 27 46 1326 1327 1346 1376 1396 2326 
m1265 32 36 37 46 1646 1882 1896 4136 4346 4386 
m2810 14 22 38 44 46 744 746 1114 1138 1144 1146 1914 1938 1944 1946 2344 2346 3246 
m2430 23 31 45 46 49 1195 1196 1573 1595 1596 2295 2323 2345 2346 2473 2481 2496 
m46 36 46 2336 2346 4836 
m1322 23 36 41 45 1186 1191 2273 2286 2291 3673 3686 4586 
m816 14 46 49 2314 2346 2464 2496 4814 
m221 38 41 44 46 1941 1944 1946 2094 2096 2344 
m196 13 22 33 36 40 1113 1122 1133 1136 1140 1686 1690 1813 2013 2036 4163 
m3092 14 
m1709 22 23 46 1122 1123 1146 2346 3696 4823 
m3629 32 36 40 46 1832 2032 2036 2332 2336 2340 2346 4136 4336 4836 
m2607 22 23 36 40 46 1122 1123 1136 1140 1146 1172 1186 1190 1196 1822 1836 2022 2036 2040 2046 2322 3686 4346 
m3080 37 38 46 1888 2338 4396 
m207 30 36 37 40 46 1536 1537 1540 1546 1837 1840 1846 1890 2037 2046 2340 4396 
m1853 8 36 46 2308 4308 4836 
m1000 14 22 40 46 746 1114 1146 2014 2046 2346 
m3147 32 36 46 49 1632 1636 1649 1849 2332 2336 2346 2349 
m414 23 30 33 46 1180 1523 1530 1533 1546 1680 2330 2333 4173 4823 
m42 22 23 36 37 40 1123 1136 1140 1172 1173 1186 1190 1823 1840 1872 1873 1886 1890 2023 2036 2040 3673 3686 4323 4336 
m2474 5 36 38 46 49 286 296 299 1836 1846 1849 1905 1936 1938 1946 1949 2346 2349 2455 2486 2496 2499 4836 
m7 14 38 40 46 49 1914 1938 1940 1946 1949 2014 2046 2049 2346 2464 2496 4814 
m2857 13 38 1913 1938 
m1952 22 30 38 39 46 1130 1138 1139 1146 1930 1938 1939 1946 1980 2330 2339 2346 4839 
m1313 22 23 30 36 40 41 1122 1123 1130 1136 1140 1173 1522 1523 1536 1822 1823 1830 1836 2022 2023 2030 2036 2072 2073 2080 2086 2090 2091 3673 4323 4586 
m2389 32 36 38 40 46 49 1632 1636 1649 1849 1932 1936 1946 1949 2032 2036 2038 2046 2332 2336 2338 2340 2346 2349 
m1790 23 30 36 40 1180 1186 1523 1530 1536 1540 1830 2023 2030 2036 
m733 22 23 36 40 41 46 1122 1136 1140 1141 1186 1190 1191 1196 1823 1836 1840 1841 1846 2023 2036 2040 2041 2046 2072 2073 2086 2090 2091 2096 2336 2340 2341 3686 
m3187 14 30 46 730 2314 2330 
m3452 14 40 46 714 740 746 2014 2046 2314 2340 2346 4814 
m2601 38 46 1938 1946 2338 2346 
m2271 22 36 37 40 46 1122 1136 1137 1140 1146 1822 1837 1840 1846 2022 2037 2040 2046 2322 2337 2346 4837 
m3090 36 46 49 1849 2336 2346 2349 2486 2496 2499 4336 4836 
m2577 22 23 36 41 1122 1123 1172 1173 1822 1823 2072 2073 3673 4586 
m1400 23 30 36 49 1180 1199 1549 1823 1830 1849 2473 2480 2486 
m1267 14 40 46 2014 2040 2046 2314 2346 4814 
m1725 14 22 44 46 1114 1144 1146 2214 2246 2314 2322 2344 2346 3246 4846 
m293 26 32 46 1626 1646 2326 
m309 36 40 41 1841 2036 2041 2086 2090 2091 
m3042 30 40 46 49 2030 2046 2049 2330 2349 2480 2496 4846 
m3694 38 45 46 1938 1945 1946 2345 
m1185 22 23 30 46 1122 1123 1130 1146 1180 1523 1530 1546 2330 2346 4823 
m2652 23 30 38 1188 1523 1538 1923 1930 1938 
m1676 36 37 49 1836 1837 1849 2486 2487 2499 
m3347 22 23 49 1122 1123 1173 1199 2473 3673 
m2622 14 40 46 2014 2040 2046 2314 2346 4814 4846 
m2154 2 26 46 126 2302 2326 
m1794 14 33 37 46 737 746 2333 3233 4383 4837 
m3739 12 46 2346 4812 
m2740 37 46 4837 
m785 22 44 46 1122 1144 1146 2322 2344 2346 4846 
m2735 22 23 30 45 1123 1173 1180 1523 2272 2273 3673 
m323 14 46 49 749 2346 2349 2464 2496 3246 4814 
m1096 22 37 40 46 1122 1137 1140 1146 1890 2022 2037 2040 2046 2337 2340 2346 4837 
m1602 22 23 36 40 41 46 49 1136 1140 1146 1172 1186 1190 1196 1199 1822 1823 1836 1840 1846 1849 2023 2036 2040 2046 2049 2072 2073 2086 2099 2322 2323 2336 2340 2341 2346 2349 2472 2473 2486 2490 2496 3686 4323 4336 4836 
m789 12 14 45 46 645 712 745 2314 2345 2346 3146 3246 4812 
m205 23 26 30 46 1176 1323 1326 1330 1346 1523 1526 1546 2326 2330 2346 3696 4823 4846 
m1502 13 38 45 46 688 2263 2295 2296 2313 2338 2346 3196 
m2653 14 46 2346 3246 4814 
m1811 30 46 2330 
m3059 41 
m812 14 23 30 46 730 1180 2314 2323 2330 2346 3223 4814 4823 
m3676 13 22 33 36 40 46 672 686 690 1113 1122 1133 1136 1140 1672 1686 1690 1822 2022 2036 2313 2322 2333 2336 2340 3183 
m1179 22 23 36 40 46 49 1122 1123 1136 1146 1149 1172 1822 1849 2022 2023 2036 2046 2049 2322 2323 2336 2349 2472 2473 2486 4323 4336 4836 
m1780 5 30 36 46 280 286 1536 1830 1836 2305 2330 2336 4836 
m2070 23 36 41 46 1836 1841 1846 2073 2086 2323 2341 4323 4836 
m1058 37 40 46 1890 2340 4396 
m3144 13 23 36 46 49 1813 1823 1846 1849 2313 2346 2463 2473 2496 3663 4813 4823 
m2212 22 32 37 38 46 49 1132 1137 1146 1637 1646 1922 1938 1946 1949 2332 2337 2346 2472 2487 2496 4837 
m3716 13 38 46 1913 1938 1946 2313 2346 
m1243 22 23 41 1122 1123 1141 1172 2073 
m2552 22 1122 
m55 14 36 40 46 1814 1846 2014 2036 2046 3246 
m518 14 36 41 46 714 736 741 1836 1841 2091 2314 2336 2341 3236 4314 4586 4814 
m1166 22 30 36 40 41 46 1122 1130 1136 1140 1141 1146 1830 2022 2030 2036 2040 2046 2072 2090 2096 2330 2336 2340 4836 4846 
m1770 22 38 46 49 1946 2322 2346 2349 2472 4846 
m2042 5 13 22 33 36 40 263 272 283 286 290 672 686 690 1122 1136 1140 1672 1686 1690 1822 2022 2036 3183 
m3583 12 36 46 49 649 1812 1849 2336 2349 4812 
m3269 11 13 33 661 1661 4163 
m1031 37 40 46 1890 2037 2040 2046 2337 2340 2346 4396 
m130 23 26 30 33 40 46 49 1180 1323 1330 1333 1340 1346 1673 1680 1696 2023 2030 2033 2046 2330 2476 2480 2483 2490 2496 4823 
m1353 14 40 46 49 2014 2040 2046 2314 2346 2464 2490 2496 4814 
m3502 22 36 40 1122 1822 1836 1840 2022 2036 2040 
m3457 15 27 38 41 45 46 777 1915 1938 1941 1946 2065 2088 2096 2288 2291 2296 2315 2327 2346 
m3323 13 38 1913 1938 
m3289 23 26 30 36 40 45 49 1173 1186 1190 1195 1323 1330 1336 1345 1349 1523 1526 1530 1536 1545 1549 1836 1840 1845 2036 2045 2473 2486 2495 3686 4323 4336 
m2324 37 40 46 1890 2037 2040 2046 2337 2340 2346 4396 
m99 14 22 36 38 41 46 714 736 1114 1136 1836 1914 1922 1936 1941 2064 2072 2086 2314 2322 2336 2338 2341 3236 4314 4586 4814 
m679 22 36 40 41 1136 1140 1822 1836 1840 1841 2036 2072 2086 2090 2091 4586 
m1245 22 30 36 40 1122 1136 1140 1522 1536 1540 1822 1836 1840 2022 2036 
m3478 14 26 46 726 746 1314 1326 1346 2326 2346 4814 
m2791 22 30 36 38 41 46 48 1122 1138 1141 1146 1830 1848 1930 1936 1941 1946 2080 2086 2088 2091 2096 2098 2330 2336 2348 2430 4336 
m2717 22 45 46 1145 1146 2296 
m1390 36 38 40 41 46 1840 1846 1936 1938 1940 1941 1946 2036 2038 2040 2041 2046 2090 2096 2340 2346 4346 4586 
m3186 22 37 49 1122 1137 1149 1872 1899 2472 2487 2499 
m1953 28 36 38 1928 1936 1938 4328 
m983 23 30 38 46 1180 1523 1530 1538 1546 1923 1930 1938 1946 2330 4823 
m1158 22 23 36 40 41 1122 1123 1136 1140 1141 1172 1173 1822 1823 1836 1840 1841 2022 2023 2036 2040 2041 2072 2073 3673 4586 
m3511 5 22 36 38 46 49 286 296 299 1136 1138 1146 1149 1836 1846 1849 1905 1936 1938 1946 1949 2346 2349 2455 2486 2496 2499 4836 
m2776 38 46 49 1938 1946 1949 2349 
m1542 13 22 36 45 46 1113 1136 2263 2286 2295 2296 2313 2322 2336 3186 
m5 32 36 38 41 46 1638 1646 1838 1846 2082 2096 2332 2336 2338 2341 2346 4332 4586 
m434 22 37 46 49 1122 1137 1146 1899 2346 2349 2496 4396 4837 
m2989 23 38 45 1923 2273 2288 
m3349 14 22 40 46 722 2014 2046 2314 2322 2346 4814 
m3168 22 23 30 36 40 41 46 49 1122 1123 1130 1136 1140 1141 1146 1149 1172 1173 1190 1191 1522 1523 1530 1536 1540 1541 1546 1822 1823 1830 1836 1840 1846 1849 2022 2023 2030 2036 2040 2041 2046 2049 2322 2323 2330 2336 2340 2341 2346 2473 2480 2486 2490 2496 3696 4823 
m1695 36 38 40 46 1840 1846 1936 1940 1946 2036 2046 2340 
m1867 10 510 
m3319 14 22 36 40 46 714 1114 1136 1140 1146 1814 2014 2036 2046 3236 3246 4346 4814 
m1282 22 46 49 1122 1146 1149 2346 2349 
m3164 22 23 30 46 1122 1123 1130 1146 1172 1173 1180 1196 1522 1523 1530 1546 2323 2330 2346 3696 
m1916 23 36 1186 1836 3686 
m790 5 7 13 22 257 263 272 363 372 1107 1113 1122 
m538 23 36 40 41 1173 1823 1836 1840 2023 2036 2040 2073 2086 2090 3686 4323 
m302 22 40 1122 1140 
m2189 5 14 22 23 32 36 37 41 264 282 286 722 737 741 1105 1114 1123 1136 1137 1141 1155 1182 1186 1614 1637 1814 1837 1872 1882 1886 1887 1891 2087 3664 4136 4332 
m1177 6 36 43 336 1806 1836 1843 2186 2843 
m1462 21 22 23 36 41 1121 1122 1123 1171 1172 1173 1821 1822 1823 2071 2072 2073 3673 4586 
m1124 14 22 45 46 722 745 746 1146 2272 2296 2346 3246 
m1759 41 46 2091 2096 2341 
m864 22 23 36 40 46 49 1172 1822 1823 1836 1846 1849 2023 2036 2040 2046 2049 2322 2336 2346 2349 2472 2473 2486 4323 4346 4823 4836 
m1530 22 23 30 41 46 1123 1130 1146 1172 1522 1523 1530 1546 2072 2073 2080 2096 2322 3696 
m54 14 46 2314 2346 4814 
m1784 22 23 36 40 41 46 1122 1123 1136 1140 1141 1146 1190 1836 1840 2022 2023 2036 2040 2041 2046 2073 2086 2090 2096 2322 2323 2336 2340 2341 2346 3673 3686 4323 4823 
m2090 2 40 46 140 146 2046 
m3542 46 49 2346 2349 
m113 38 45 1945 
m3437 14 46 2314 2346 4814 
m3702 21 36 40 46 1090 1096 1840 1846 2321 2336 2340 2346 4321 
m3580 12 36 46 49 612 636 646 649 1812 1849 2312 2336 2346 2349 2462 2486 2496 2499 4812 
m3343 22 46 1122 1146 
m680 22 36 38 40 1138 1822 1838 1922 1936 1938 1940 2022 2036 2038 
m1350 36 
m1180 22 23 30 46 1122 1123 1130 1146 1180 1523 1530 1546 2330 2346 4823 
m3141 12 13 20 22 36 40 622 636 640 670 672 686 690 1012 1022 1036 1040 1822 1840 2022 2036 3162 3536 4336 
m755 22 23 30 36 40 41 1122 1123 1130 1136 1140 1141 1172 1173 1180 1186 1190 1523 1822 1823 1830 1836 2023 2030 2036 2072 2073 3673 4323 4586 
m3116 22 23 30 36 40 41 46 1122 1123 1130 1136 1140 1141 1146 1191 1523 1536 1541 1546 1841 1846 2023 2030 2036 2040 2041 2046 2072 2073 2091 2341 3696 4323 
m2752 30 44 45 2230 2245 2280 
m2770 23 41 1173 1191 2073 3673 
m3722 14 36 40 46 1814 1840 1846 2014 2036 2040 2046 2314 2346 4346 4814 4846 
m1056 22 23 30 46 1122 1123 1130 1146 1523 1530 1546 2330 2346 3696 4823 
m3345 22 23 30 36 40 46 1122 1123 1130 1136 1140 1146 1172 1173 1180 1522 1523 1530 1822 1823 1830 1846 2022 2023 2030 2036 2046 2322 2323 2330 3673 4823 
m2894 22 23 30 36 40 46 1122 1123 1130 1136 1140 1146 1172 1173 1180 1186 1190 1522 1523 1530 1536 1540 1546 1823 1840 2023 2036 2040 2322 2323 2330 2336 2340 2346 3696 4823 
m1319 30 46 2330 2346 4846 
m2888 23 36 41 1186 1191 1823 1836 1841 2073 2086 2091 4341 4586 
m1251 22 23 38 41 46 1123 1172 1173 1923 1938 1941 1946 2072 2073 2096 2322 2323 3673 4823 
m2649 2 13 36 38 40 41 46 113 136 138 140 141 1813 1913 1936 1940 2013 2036 2063 2086 2088 2090 2302 2313 2336 2338 2340 2341 2346 
m493 22 23 36 40 41 1122 1123 1136 1140 1141 1172 1173 1822 1823 1836 1840 2022 2023 2036 2040 2072 2073 2086 2090 3673 4586 
m3529 22 23 24 40 46 1122 1123 1124 1146 1190 1222 1240 1246 2022 2023 2024 2046 2340 3696 3723 
m153 14 36 46 714 736 1836 2314 2336 2346 3236 4814 4836 
m1656 32 36 38 39 46 1832 1839 1936 1939 1946 1982 2332 2336 2339 
m227 22 38 1122 1922 1938 
m3728 14 22 23 30 40 45 46 714 746 1114 1145 1146 1164 1172 1190 1195 1196 1514 1522 1523 1530 1540 1545 1546 2014 2022 2023 2030 2040 2045 2046 2264 2296 2314 3664 
m2447 12 36 46 49 646 649 1849 2336 2346 2349 3136 4812 
m1698 22 36 41 1136 1141 1841 2072 2086 2091 4586 
m676 27 44 45 46 1394 2277 2294 2296 2327 2344 
m169 32 36 38 40 46 1636 1638 1640 1646 1836 1838 1840 1846 2036 2046 2332 2336 2338 2340 2346 4136 4336 4346 
m2991 13 22 25 46 1113 1125 1146 1263 1296 2313 
m3454 44 46 49 2246 2249 2344 2346 2349 
m3531 22 23 24 40 46 1122 1123 1146 1172 1222 1246 2022 2023 2024 2040 2046 2322 3696 3723 
m893 22 23 30 46 49 1122 1123 1130 1146 1149 1172 1173 1180 1199 1522 1523 1530 1549 2322 2323 2330 2349 2472 2473 2480 3673 4823 
m2109 23 24 40 46 1190 1240 1246 2023 2024 2040 2046 2323 2324 2340 2346 3696 3723 
m2686 22 23 30 38 46 1123 1130 1146 1180 1523 1530 1546 1922 1923 1930 1938 1946 2330 4823 
m173 23 30 46 1180 1523 1530 1546 2330 4823 
m84 14 40 46 2014 2040 2046 2314 2346 4814 
m1568 22 46 1146 4846 
m2861 33 34 38 40 46 1690 1696 1733 1734 1738 1746 1933 1938 1940 1946 2333 2338 2340 2346 
m226 30 38 40 45 46 1930 2030 2038 2045 2046 2280 2288 2296 2330 2338 
m2805 22 32 46 1122 1132 1146 2332 2346 
m2055 22 23 45 1123 1145 1172 1173 2272 2273 3673 
m3609 32 36 38 46 1832 1932 1936 1938 1946 2332 2336 2346 4836 
m3467 14 22 32 732 1114 1132 
m1915 22 32 36 38 45 46 49 1122 1146 1632 1636 1645 1646 1649 1845 1846 1849 1932 1936 1946 2272 2295 2296 2322 2332 2336 2345 2346 2349 2495 2496 4846 
m2944 32 46 1646 
m3481 16 36 3336 
m2156 13 22 33 36 40 46 49 672 686 690 1113 1133 1136 1140 1672 1686 1690 1822 2013 2022 2036 2046 2313 2322 2333 2336 2340 2349 2463 2472 2483 2486 2490 3183 
m2785 14 22 26 37 39 722 737 1314 1322 1337 1339 1872 1964 1972 1987 
m91 30 38 46 1930 1938 1946 2330 2346 
m564 22 23 36 41 1123 1136 1141 1172 1173 1822 1823 2073 3673 4586 
m3473 26 39 46 1326 1339 1346 1976 2326 4496 
m3261 14 46 49 2314 2346 2464 2496 4814 
m860 13 22 38 49 699 1113 1122 1138 1913 1938 1949 
m923 22 23 30 36 39 40 41 1123 1130 1136 1140 1172 1173 1180 1186 1190 1523 1536 1540 1822 1823 1830 1836 1840 1972 1973 1980 1986 1990 2022 2023 2030 2036 2072 2073 2080 2086 2089 2090 2091 3673 4323 
m2242 28 36 1428 1436 1828 1836 3936 4328 
m3183 22 26 32 46 1126 1132 1146 1332 1346 1646 2326 2332 2346 
m1015 12 32 36 46 1612 1812 2312 2332 2336 2346 4136 4812 4836 
m3125 26 39 41 1339 1341 1991 2091 
m1962 22 23 30 36 40 41 46 1122 1123 1130 1136 1140 1141 1146 1180 1522 1523 1530 1536 1540 1546 1822 1823 1830 1836 1840 1841 1846 2022 2023 2030 2036 2040 2041 2046 2072 2086 2090 2322 2323 2330 2340 4823 4846 
m1762 14 23 30 46 1514 1523 1546 2314 2323 2330 2346 3664 4814 4823 
m3304 22 23 36 40 41 1122 1123 1136 1140 1141 1172 1173 1822 1823 1836 1840 2022 2023 2036 2040 2072 2073 2086 2090 3673 4586 
m1904 22 23 1122 1123 1172 1173 3673 
m1461 23 30 46 1523 2323 2330 2346 4823 
m1727 22 33 46 1133 1146 1672 1683 1696 2322 2333 2346 4833 
m2952 22 44 46 1122 1144 1146 2344 2346 4846 
m3061 14 46 49 2314 2346 2464 2496 4814 
m1225 22 41 46 1122 1141 1146 2341 2346 
m3272 22 36 41 1122 1136 1141 1841 2072 2086 2091 4586 
m3444 23 30 38 46 1173 1180 1188 1523 1530 1538 1923 1930 1938 2323 2330 2338 2346 3673 4823 
m124 22 23 30 36 40 46 49 1122 1123 1130 1136 1140 1146 1149 1172 1173 1522 1523 1530 1540 1546 1822 1823 1830 1840 1846 2022 2023 2030 2036 2040 2046 2322 2323 2330 2340 2346 2472 2480 2486 2490 2496 3696 4823 
m1893 22 23 26 1123 1126 1173 1176 1323 3673 
m1249 23 30 36 41 49 1191 1523 1530 1541 1823 1830 1836 1841 1849 2073 2080 2086 2091 2099 2473 2480 2486 2491 2499 
m3003 46 47 2346 2347 
m1812 13 38 688 1913 1938 
m933 22 24 1124 
m1090 22 26 46 1122 1126 1146 1326 1346 2346 
m2615 36 38 40 46 49 1836 1838 1840 1846 1849 1938 2036 2038 2040 2046 2049 2336 2338 2340 2346 2349 2486 2488 4336 4346 4836 
m3469 14 36 46 49 736 746 749 1849 2336 2346 2349 4814 4836 
m1923 8 32 37 46 49 408 437 446 449 1882 1896 2332 2346 2482 2487 2496 4396 
m1212 5 37 46 1855 2305 2337 2346 4837 
m89 43 
m1655 
m1437 41 46 49 2341 2491 2496 
m1148 37 45 46 2287 2296 2337 2346 4837 
m1037 22 38 46 1138 1146 1938 1946 2338 
m487 23 36 38 49 1186 1923 1936 1938 1949 2473 2486 
m3283 28 36 1828 1836 
m1567 36 38 46 1936 1946 2336 
m2174 23 30 44 46 1194 1523 1544 2330 2344 2346 4823 
m771 14 26 46 714 726 746 1314 1326 1346 2314 2326 2346 4814 
m1092 23 30 36 40 1180 1523 1530 1536 1540 1830 2023 2030 2036 2040 4323 
m163 36 38 1838 1936 1938 
m2192 5 23 32 36 46 273 282 286 1623 2305 2323 2332 2336 2346 4323 4332 4823 4836 
m784 22 44 46 1122 1144 1146 2322 2344 2346 4846 
m2755 23 30 36 39 40 41 1173 1186 1190 1191 1523 1539 1541 1823 1973 1986 1991 2023 2036 2073 2086 2090 2091 3673 4323 4336 4586 
m2678 22 23 30 36 40 41 1122 1123 1130 1136 1140 1173 1522 1523 1536 1822 1823 1830 1836 2022 2023 2030 2036 2072 2073 2080 2086 2090 3673 4323 4586 
m2104 14 32 36 49 714 732 736 749 1636 1649 1849 2482 2486 2499 
m448 6 36 42 46 49 2306 2336 2342 2456 2486 2492 2496 2836 4606 4636 
m1990 14 22 36 40 41 46 714 722 736 741 1822 1836 1841 2014 2036 2046 2072 2314 2322 2336 2341 3236 4314 4586 4814 
m3490 
m2039 22 23 30 41 46 1122 1123 1130 1146 1180 1523 1530 1546 2072 2073 2080 2091 2096 2330 4823 
m1664 36 40 41 46 49 1836 1840 1846 1849 2036 2040 2041 2046 2049 2086 2090 2096 2099 2336 2340 2346 2349 2486 2490 2496 4346 4586 4836 
m1637 22 23 36 49 1123 1136 1173 1186 1199 1823 1849 2473 2486 3673 4323 4336 
m3224 23 30 1173 1180 1523 1530 
m94 22 
m1641 26 31 36 37 46 1576 1587 1596 1826 1831 1837 1846 1876 1896 2326 
m164 37 38 1888 1937 1938 
m2931 26 33 1676 
m3611 27 32 1382 
m264 12 13 22 36 40 622 636 640 672 686 690 1112 1113 1122 1136 1140 1822 2022 2036 3162 
m3602 22 23 46 49 1123 1146 1196 2472 2473 2496 
m3618 22 23 36 40 41 1122 1123 1136 1140 1141 1172 1173 1822 1823 1836 1840 1841 2022 2023 2036 2040 2041 2073 3673 4586 
m1203 36 37 38 40 46 49 1837 1849 1936 1937 1940 1946 2036 2037 2046 2049 2336 2337 2349 2487 
m840 12 30 45 46 49 645 1512 1530 1545 1546 2295 2345 2346 2480 2496 2499 4812 
m3369 22 23 30 36 40 41 46 49 1122 1123 1130 1136 1140 1141 1146 1149 1172 1173 1186 1190 1191 1199 1522 1523 1530 1536 1541 1546 1549 1823 1840 2023 2036 2040 2072 2073 2086 2090 2096 2099 2322 2330 2336 2340 2341 2346 2349 2472 2473 2486 2490 2496 3696 4823 
m350 22 23 27 41 45 1122 1123 1127 1141 1145 1195 1372 1391 2073 2095 
m344 23 30 33 46 1180 1523 1530 1533 1546 1680 2323 2330 2333 2346 4173 4823 
m1255 22 36 38 40 1122 1136 1138 1140 1836 1838 1840 1936 1938 2036 2038 2040 
m12 14 37 46 49 2314 2337 2346 2464 2487 2496 4364 
m178 15 23 30 40 46 773 1515 1523 1530 1546 2015 2023 2030 2046 2315 4823 
m1493 14 36 40 46 740 746 1814 1840 1846 2014 2036 2040 2046 2314 2340 2346 3214 3246 4346 4814 
m187 22 36 40 41 1136 1140 1141 1836 1840 1841 2036 2041 2091 4586 
m963 22 36 40 41 46 1136 1141 1146 2022 2036 2041 2046 2086 2096 2336 
m3668 22 23 36 38 41 1122 1123 1136 1141 1172 1822 1823 1922 1923 1936 1941 2072 2073 2086 2088 2091 3673 4323 4586 
m115 22 23 30 36 40 41 46 1122 1123 1130 1136 1140 1141 1146 1191 1523 1536 1541 1546 1841 1846 2023 2030 2036 2040 2041 2046 2072 2073 2091 2341 3696 4323 
m1785 5 37 45 46 1855 1895 2255 2305 2337 2345 2346 4837 4846 
m1501 22 36 40 41 46 1136 1140 1141 1146 1822 1836 1841 2036 2041 2046 2072 2086 2090 2091 2096 2322 2336 2340 2341 2346 4346 4586 4836 
m269 22 23 30 36 40 41 46 49 1122 1123 1130 1136 1140 1141 1146 1172 1173 1180 1186 1190 1196 1523 1530 1536 1540 1546 1822 1823 1830 1836 1840 1841 1846 1849 2022 2023 2030 2036 2040 2041 2046 2049 2072 2073 2080 2086 2090 2096 2330 2346 2472 2473 2486 2490 2491 3696 4336 4346 4823 
m2112 36 41 1841 
m3389 22 41 46 1122 1141 1146 2341 
m1277 6 42 306 342 2106 2142 2842 4606 
m2179 23 30 40 1180 1190 1523 1530 1540 2023 2030 
m1098 22 37 40 46 1122 1137 1140 1146 1872 2022 2037 2046 2322 2337 2340 2346 4396 
m2612 26 38 46 1926 1946 2326 
m3083 41 2091 
m2600 36 40 46 49 1836 1840 1846 1849 2036 2040 2046 2049 2336 2340 2346 2349 2486 2490 2496 4346 
m3328 34 45 2284 
m1428 36 40 46 49 1836 1840 1846 1849 2036 2040 2046 2049 2336 2340 2346 2349 2486 2490 2496 4346 
m3561 27 40 46 1396 2027 2040 2046 2340 2346 
m1590 36 46 49 1846 1849 2336 2346 2486 2496 4336 4346 4846 
m633 22 23 30 36 40 41 46 49 1122 1123 1130 1136 1140 1141 1146 1149 1172 1173 1190 1191 1522 1523 1530 1536 1540 1541 1546 1822 1823 1830 1836 1840 1841 1846 1849 2022 2023 2030 2036 2040 2041 2046 2049 2322 2323 2330 2336 2340 2341 2346 2472 2473 2480 2486 2490 2496 3696 4823 
m1257 36 38 40 46 49 1936 1938 1940 1946 2036 2046 2049 2346 2349 2486 4836 
m2571 23 26 30 46 1180 1323 1326 1330 1346 1523 1530 2330 2346 4823 
m3631 14 22 23 722 1164 1172 
m1004 22 23 37 1123 1137 1172 1173 1187 1872 1873 3673 
m1039 22 23 30 41 1122 1123 1130 1172 1173 1180 1522 1523 1530 2072 2073 2080 3673 
m3499 36 40 46 49 1836 1840 1846 1849 2036 2040 2046 2049 2336 2340 2346 2349 2486 2490 2496 4836 
m2962 5 38 46 288 296 1946 
m2041 5 22 38 46 1122 1146 1905 1922 1938 1946 2305 2346 
m3546 22 40 46 1146 2022 2046 2346 4846 
m3229 16 26 36 40 46 49 826 1826 2016 2036 2046 2316 2326 2346 2466 2486 2490 2496 3336 3346 4346 4836 
m121 13 22 36 38 40 672 686 690 1113 1122 1136 1140 1822 1913 1922 1936 2022 2036 
m1619 
m656 22 44 45 46 1146 2272 2294 2296 2344 2346 4846 
m466 13 22 33 36 40 1113 1122 1133 1136 1140 1813 1822 1833 1840 2013 2022 2033 4163 
m1569 31 36 1581 1586 1831 1836 4086 
m1964 22 23 38 45 46 1123 1138 1145 1146 1195 1923 1938 1945 1946 2323 2345 
m2214 20 40 48 1040 2040 2420 2440 
m3357 32 40 45 46 1646 2032 2045 2046 2282 2296 
m3486 13 22 38 672 1113 1138 1913 1922 
m1555 40 45 46 2045 2046 2296 
m1993 22 37 46 49 1137 1146 2322 2337 2346 2472 2496 4396 4837 
m1774 22 23 36 40 41 1122 1123 1136 1140 1141 1172 1173 1822 1823 1836 1840 1841 2022 2023 2036 2040 2041 2072 2073 3673 4586 
m338 22 36 40 44 46 1136 1144 1146 1822 1836 1846 2022 2036 2044 2046 2236 2246 2322 2336 2344 2346 4346 4736 4836 4846 
m1550 22 23 30 46 1122 1123 1130 1146 1180 1523 1530 1546 2330 4823 
m3555 23 30 36 41 49 1173 1180 1186 1199 1523 1530 1823 1830 1849 2073 2086 2099 2473 2480 3673 
m884 23 36 40 46 49 1190 1823 1836 1840 1846 1849 2023 2036 2040 2046 2336 2340 2346 2349 2473 2486 2490 4323 4346 4823 4836 
m494 22 23 41 1123 1173 1191 3673 
m2898 23 30 36 41 1186 1191 1523 1536 1541 3673 3686 4586 
m509 31 36 38 46 1588 1838 2331 2338 4331 4836 
m1073 14 46 2346 4814 
m1208 13 33 46 2313 2333 2346 4163 4813 4833 
m2961 26 40 46 2026 2046 2326 
m2689 22 40 46 1122 1140 1146 2022 2040 2046 2322 
m3100 22 23 46 1123 1146 1172 2322 3696 
m1911 38 49 1938 1949 2488 2499 
m1746 22 46 2322 2346 
m1598 12 23 30 46 1162 1196 1512 1523 1530 1546 2312 2330 2346 3696 4812 4823 
m2862 38 46 1946 2346 
m1882 32 33 36 1632 1633 1636 1683 1686 1833 1836 4136 4186 4333 4336 
m2964 5 36 40 46 49 286 296 299 1836 1849 2005 2036 2046 2336 2346 2349 2486 2499 4836 
m2367 22 23 30 40 46 1122 1123 1130 1140 1146 1180 1196 1523 1530 1546 2022 2023 2030 2046 2330 3673 4823 
m1782 5 37 46 255 1855 1887 1896 2305 2337 2346 4837 
m3364 23 36 40 41 46 1191 1823 1836 1840 1841 1846 2023 2036 2040 2041 2046 2323 2336 2341 2346 3686 4341 4346 4823 
m738 22 36 37 46 49 1822 1837 1846 1849 1872 2322 2346 2487 2496 4396 4837 
m601 32 36 41 46 1641 1646 2332 2336 2341 2346 4136 4586 
m2958 5 36 46 49 255 286 296 299 1849 2346 2349 2486 2499 4836 
m3011 23 30 36 41 1523 1823 1830 2073 2080 3673 4323 4586 
m2920 33 38 46 1688 1933 1938 1946 2338 4196 
m1134 30 46 2330 2346 4846 
m879 22 23 30 36 40 1123 1130 1173 1186 1190 1523 1536 1540 2023 2036 3673 
m3088 23 31 46 49 1196 1573 1596 2323 2346 2473 2481 2496 
m3250 22 36 40 41 46 1136 1141 1146 2022 2036 2041 2046 2086 2096 2336 
m1128 22 23 30 36 41 1122 1123 1130 1136 1141 1172 1173 1180 1523 1822 1823 2072 2073 3673 4586 
m1491 22 23 36 40 41 1123 1136 1140 1173 1822 1823 1836 1840 2022 2023 2036 2040 2072 2073 2086 2090 3673 4323 4586 
m3681 14 44 46 49 744 746 2344 2464 2494 2496 
m3117 22 23 30 36 40 41 46 1122 1123 1130 1136 1140 1141 1146 1191 1523 1536 1541 1546 1841 1846 2023 2030 2036 2040 2041 2046 2072 2341 3696 4323 
m1634 14 36 40 46 1814 1840 1846 2014 2036 2040 2046 2314 2346 4346 4814 4846 
m522 22 30 36 40 45 46 1122 1130 1136 1140 1145 1146 1536 1540 1836 1840 2036 2040 2272 2296 2322 2330 
m2624 22 23 30 36 40 1122 1123 1130 1136 1140 1180 1830 2023 2030 2036 4323 
m3273 23 24 40 46 1190 1240 1246 2023 2024 2040 2046 2340 3696 3723 
m1241 46 
m1632 14 23 38 46 49 1196 1914 1923 1946 1949 2464 2473 2496 3664 4814 
m1492 12 45 46 645 2345 4812 
m753 46 2346 4846 
m2668 5 32 36 46 49 282 286 296 1632 1636 1649 1849 2305 2332 2336 2346 2349 
m1170 22 37 46 49 1872 2322 2346 2487 2496 4396 4837 
m474 36 40 46 1836 1840 1846 2036 2040 2046 2336 2340 4846 
m1206 22 23 30 36 40 1123 1130 1173 1186 1190 1523 1530 1536 1823 2023 2036 3673 3686 
m1339 22 30 36 1130 1822 1830 
m1625 22 23 36 40 41 46 1122 1123 1136 1140 1141 1146 1191 1822 1823 1836 1841 1846 2022 2023 2036 2040 2041 2046 2323 2336 2341 2346 3686 4341 4346 4823 
m3492 22 30 36 40 41 46 49 1122 1130 1136 1140 1141 1146 1149 1522 1536 1546 1822 1846 2022 2030 2036 2040 2046 2049 2072 2090 2322 2472 2480 2486 2496 4346 4846 
m3408 22 32 46 48 1132 1146 2332 2422 2432 2446 4846 
m2123 22 23 36 41 1123 1136 1141 1173 1186 1191 3673 3686 4341 
m2498 22 37 39 46 1122 1137 1139 1146 2337 2339 2346 4487 4837 4839 
m251 22 40 44 46 1140 1144 1146 2040 2046 2222 2240 2246 2322 2340 2344 2346 4846 
m2030 22 38 46 49 1122 1146 1149 1922 1938 1946 1949 2322 2346 2349 4846 
m603 23 35 46 1773 2335 2346 4823 
m3314 5 13 22 263 272 1105 1113 1122 
m1412 22 36 40 46 1136 1140 1146 1840 2336 2340 4336 4836 
m3146 5 23 24 40 41 46 273 274 290 291 296 1190 1240 1246 2023 2024 2040 2046 2073 2074 2090 2096 2340 3696 3723 
m625 22 46 1122 1146 2322 2346 4846 
m3051 5 14 46 264 296 2314 2346 4814 
m2231 14 22 45 46 722 1114 1145 1146 2264 2272 2296 2314 2322 2345 2346 3246 
m2856 23 30 36 40 41 1523 1536 1540 1830 1836 1840 2023 2036 2073 2080 2086 2090 3686 4323 4586 
m905 22 23 30 36 40 46 49 1172 1173 1190 1196 1522 1523 1536 1546 1549 1822 1823 1840 2022 2023 2046 2322 2472 2473 2486 2490 2496 3696 4323 4346 
m2472 5 36 38 46 49 286 296 299 1849 1905 1936 1938 1946 2346 2349 2486 2499 4836 
m3252 14 38 40 738 1914 1938 1940 2014 2038 2040 
m312 22 32 36 46 49 1622 1649 1822 1832 1849 2322 2332 2336 2346 2349 2472 4136 4336 4836 
m2748 22 23 36 40 41 1123 1136 1140 1141 1173 1186 1190 1823 1836 2023 2036 2040 2072 2073 2086 2090 2091 3686 4323 
m2536 22 23 36 40 46 1122 1123 1136 1140 1146 1172 1822 2023 2036 2046 2322 2323 2336 2340 2346 4323 4823 4836 
m2223 22 32 33 36 40 1122 1132 1133 1136 1140 1633 1672 1822 1832 1833 1836 1840 2022 2032 2033 2036 4136 4186 
m316 13 20 22 33 36 40 672 686 690 1013 1022 1033 1036 1040 1122 1136 1140 1672 1686 1690 1822 2022 2036 3183 
m279 
m3669 22 23 36 38 41 1122 1123 1136 1141 1172 1822 1823 1922 1923 1936 1941 2072 2073 2086 2088 2091 3673 4323 4586 
m664 36 41 1836 1841 2086 2091 4586 
m1678 14 36 40 46 740 1814 1836 1840 1846 2014 2036 2040 2046 2314 2340 2346 3246 4314 4346 4836 
m2836 22 23 36 40 41 1122 1136 1140 1141 1173 1186 1190 1823 1836 1840 1841 2022 2023 2036 2040 2041 2073 2086 2090 2091 3686 4323 
m3306 22 23 36 40 1122 1123 1136 1140 1173 1186 1190 1822 1823 1836 1840 2022 2023 2036 2040 3673 4323 
m1643 5 12 41 45 46 296 2055 2062 2096 2255 2291 2296 2341 2345 4812 
m2380 22 23 36 37 40 1122 1123 1136 1137 1140 1172 1173 1822 1823 1836 1837 1840 1872 1873 1886 1890 2022 2023 2036 2037 2040 3673 
m2354 6 36 42 46 49 2306 2336 2342 2456 2486 2492 2496 2836 4606 4636 
m3534 6 14 32 36 314 332 732 1806 1814 1832 
m1955 30 36 38 46 1830 1930 1936 1946 2330 2336 2346 4836 
m2461 22 36 40 46 1122 1136 1140 1146 1840 1846 2022 2036 2040 2046 2322 2340 2346 4836 
m1448 22 37 40 45 46 1146 1872 1887 1890 1895 1896 2022 2037 2046 2287 2290 2295 2296 2322 2337 2340 2346 4396 
m870 22 38 45 46 49 1138 1145 1146 1922 1938 1945 1946 1949 2296 2299 2349 
m1701 
m3455 22 46 1122 1146 2322 2346 4846 
m3614 22 23 36 37 40 1122 1123 1136 1137 1140 1172 1173 1822 1823 1836 1837 1840 1872 1873 2022 2023 2036 2037 2040 3673 
m1646 32 37 38 44 46 1637 1644 1646 1894 1932 1937 1944 1946 2337 2344 
m2527 13 22 33 36 40 1113 1122 1133 1136 1140 1686 1690 1813 1840 2013 4163 
m958 13 33 4163 
m235 22 23 36 40 1123 1136 1173 1186 1190 1836 1840 2036 3673 3686 
m593 41 46 2341 
m230 29 34 36 1484 1486 1729 1734 1736 1829 1834 1836 4236 4334 
m3303 14 22 36 41 46 714 722 736 741 1822 1836 1841 2072 2314 2322 2336 2341 3236 4314 4586 4814 
m966 36 
m3188 37 46 4837 
m3097 14 23 34 36 40 46 734 1184 1734 1814 1823 1834 1840 1846 2014 2023 2034 2036 2040 2046 2314 2323 2334 2346 3664 4346 4814 4823 
m3173 38 49 1938 1949 
m2237 32 36 46 49 1636 1649 1832 1836 1846 1849 2332 2336 2346 2349 2482 2486 2496 2499 4332 4336 
m1059 3 14 46 703 2314 2346 2696 3246 4803 
m1429 22 23 30 36 40 46 48 1122 1123 1130 1136 1140 1146 1148 1172 1173 1522 1523 1530 1540 1546 1822 1823 1830 1840 1846 2022 2023 2030 2036 2040 2046 2322 2323 2330 2340 2346 2430 2436 2440 2446 3696 4823 
m3654 22 23 30 37 40 46 1122 1123 1130 1137 1146 1172 1187 1522 1523 1530 1537 1546 1872 2022 2023 2030 2037 2040 2046 2322 2323 2330 2346 3696 4396 4837 
m1188 30 45 46 49 2280 2296 2299 2330 2480 2496 
m1554 23 30 36 40 41 1173 1523 1536 1540 1823 1830 1836 1840 2023 2030 2036 2040 2073 2080 2086 2090 3673 4323 4586 
m525 22 23 46 49 1122 1123 1146 1149 1199 2323 2346 2349 
m257 22 30 36 40 1130 1136 1140 1522 1530 1536 1540 1822 1830 1836 1840 2030 2036 2040 4336 
m266 26 37 46 1326 1337 1346 1876 2326 4396 
m1645 22 23 30 41 1123 1141 1172 1173 1191 1522 1523 1541 2072 2073 2080 2091 3673 
m2935 23 24 40 46 1190 1240 1246 2023 2024 2040 2046 2340 3696 3723 
m287 33 36 38 40 46 49 1686 1690 1836 1838 1840 1846 1849 1933 1936 1938 1940 1946 2033 2036 2038 2040 2046 2333 2336 2338 2340 2346 2486 2488 2490 2496 
m1757 12 46 646 2312 2346 3146 4846 
m868 38 46 1938 1946 2346 
m1172 22 30 46 1522 1546 2322 4846 
m2213 22 32 37 38 46 49 1132 1137 1146 1637 1646 1922 1938 1946 1949 2332 2337 2346 2472 2487 2496 4837 
m1411 22 37 40 46 1137 1140 1146 1890 2022 2037 2040 2046 2322 2337 2340 2346 4396 
m2329 22 23 30 36 40 45 46 1123 1130 1136 1140 1146 1180 1523 1530 1536 1546 1830 2023 2030 2036 2046 2272 2273 2280 2286 2290 2296 2330 2336 4323 4823 
m1729 36 40 46 1840 2036 2040 2046 2340 4346 
m3274 30 46 49 1530 1549 2330 2346 2349 
m2353 22 23 36 40 46 49 1172 1822 1823 1836 1840 1849 2022 2023 2036 2040 2046 2049 2322 2323 2336 2340 2349 2473 2486 2490 4323 4336 4346 4836 
m275 14 34 36 40 46 1714 1734 1736 1740 1746 1814 1836 1840 1846 2014 2036 2040 2046 2314 2346 4346 4814 4846 
m3647 22 48 1122 1148 
m3607 22 23 30 36 40 46 1122 1123 1130 1136 1140 1146 1180 1522 1523 1530 1536 1540 1546 1822 1823 1830 1836 1840 1846 2022 2023 2030 2036 2040 2046 2322 2323 2330 2340 4823 4846 
m2790 32 36 38 46 49 1632 1636 1649 1849 1932 1936 1938 1946 1949 2332 2336 2346 2349 
m238 14 22 40 46 714 722 740 746 1114 1140 1146 2014 2046 2314 2340 2346 3246 4814 
m639 23 45 2273 
m367 12 14 46 712 2314 2346 3146 3246 4812 
m2004 22 30 40 46 1122 1130 1140 1146 1530 1546 2022 2030 2040 2046 2322 2330 2340 2346 
m2064 10 32 46 1610 1632 1646 2310 2346 
m3646 22 23 30 1122 1123 1130 1172 1173 1180 1522 1523 1530 
m3140 5 17 41 46 255 867 891 2091 2317 2341 2346 4817 
m3670 22 23 30 36 40 46 49 1122 1123 1130 1136 1140 1146 1149 1172 1173 1180 1186 1190 1199 1522 1523 1530 1536 1540 1546 1549 1823 1840 2022 2023 2030 2036 2040 2046 2322 2330 2336 2340 2346 2349 2472 2473 2480 2486 2490 2496 3696 4823 
m2672 14 46 2346 3246 4814 
m1736 30 38 46 1930 1938 1946 2330 2338 2346 4846 
m1275 12 41 46 2062 2091 2096 2312 2346 4812 
m3331 13 38 1913 1938 
m2049 22 23 36 40 1123 1136 1140 1173 1186 1190 1823 1840 2023 2036 3673 4323 4336 
m3128 22 23 41 1122 1123 1141 1172 2073 
m748 8 13 32 33 46 49 408 413 432 433 446 449 682 1682 2313 2332 2333 2463 2482 2483 2496 4163 
m1910 13 46 2313 
m369 22 36 40 41 1822 1836 1840 1841 2022 2036 2040 2072 2086 2090 2091 4336 4586 
m1402 14 38 46 1914 1946 4814 
m1847 32 38 46 49 1649 1932 1949 2332 2338 2346 2349 4846 
m1294 14 32 36 38 41 46 1614 1914 1932 1936 1938 1941 1946 2064 2082 2086 2314 2332 2336 2341 4136 4314 
m3342 26 38 46 1346 1926 1946 2346 
m1737 6 14 32 36 314 332 732 1806 1814 1832 
m2457 22 38 46 1138 1146 1938 1946 
m654 36 46 49 2486 2496 4836 4846 
m920 23 26 34 36 46 1176 1184 1186 1196 1726 1746 1826 1846 2326 4334 
m2743 12 14 22 45 46 49 645 712 745 1112 1114 1146 2314 2345 2346 2464 2472 2496 3146 3246 4812 
m2043 12 22 36 38 40 46 612 636 1112 1122 1136 1138 1140 1146 1812 1836 1840 1846 1912 1922 1936 1938 1940 1946 2012 2022 2036 2038 2046 2312 2336 2346 3146 4812 4836 
m1293 14 29 31 36 49 729 731 736 1579 1586 1814 1829 1831 1836 1849 2464 2479 2481 2486 3236 4086 4336 
m1480 22 23 32 38 46 1123 1132 1146 1182 1196 1922 1923 1932 1946 2332 
m3232 12 26 46 626 2326 4812 
m2327 36 38 46 1838 1846 2338 2346 4836 
m2315 36 46 49 1836 2336 2346 2349 2486 2499 4336 
m2157 38 46 2338 2346 4846 
m2956 14 20 38 46 49 720 1914 1946 1949 2320 2464 2470 2496 4814 
m2849 22 40 44 46 1146 2022 2044 2046 2344 2346 4846 
m1043 36 38 41 46 1841 1936 1941 1946 2086 2091 2336 2341 
m2062 14 23 30 38 40 730 1180 1514 1523 1530 1540 1914 1923 1930 1940 2014 2023 2030 3223 
m562 5 37 46 1855 2305 4837 
m1865 36 41 1836 1841 2086 2091 4586 
m740 46 2346 
m104 37 40 46 1890 2037 2040 2046 2337 2340 2346 4396 
m2638 14 22 46 1114 2314 2322 2346 4814 
m2608 26 40 46 49 2026 2046 2326 2340 2346 2496 
m100 14 36 38 41 46 714 1814 1836 1838 1914 1936 2064 2086 2088 2096 2314 2336 2338 3236 4314 4586 4814 
m1966 23 30 40 46 1180 1523 1530 1546 2023 2030 2046 2323 2330 
m2502 30 46 49 2330 2480 2496 
m2164 32 38 46 1632 1646 1932 1938 1946 2332 2346 
m2621 5 22 32 36 46 49 286 299 1605 1622 1636 1646 1649 1805 1822 1846 1849 2305 2322 2332 2336 2346 2349 2472 2486 2499 4136 4336 4836 
m3351 12 22 23 30 46 612 622 623 630 646 1112 1122 1123 1130 1180 1512 1522 1523 1530 2312 2322 2323 2330 2346 4812 
m1369 23 30 37 39 1180 1523 1530 1537 1539 1880 1980 1987 4373 4473 
m175 22 32 46 1122 1132 1146 1632 2322 2332 2346 
m186 10 14 27 38 710 1360 1364 1388 1910 1914 1927 1938 
m2830 46 2346 4846 
m1123 14 26 726 
m2507 22 23 30 40 46 1122 1123 1130 1140 1146 1172 1173 1180 1190 1196 1522 1523 1530 1540 1546 2023 2046 2323 3673 3696 4823 4846 
m3182 36 40 46 2036 2046 2336 2340 2346 4836 4846 
m162 30 36 40 46 1830 2030 2036 2046 2330 2336 2340 2346 4836 
m2903 23 30 41 46 1180 2073 2080 2096 2323 2330 2341 4823 4846 
m1818 12 13 22 49 649 699 1112 1113 1149 3162 
m2523 23 31 46 49 1196 1573 1596 2346 2473 2481 2496 2499 
m3731 14 23 30 38 46 723 730 738 746 1180 1523 1530 1546 1923 1930 1946 2323 2330 2338 2346 4823 
m3176 22 23 30 1172 1522 1523 
m2691 14 36 40 46 740 1814 1836 1840 1846 2014 2036 2040 2046 2314 2340 2346 3246 4314 4346 4836 
m209 17 40 46 2017 2046 2346 4817 
m220 
m1839 32 46 2332 
m3017 22 38 46 49 1146 1946 1949 2322 2346 2349 2472 2496 4846 
m10 30 41 46 2080 2096 2330 2341 2346 
m2948 13 46 2313 2346 
m484 36 45 1845 
m2611 14 40 46 2014 2040 2046 2314 2346 4814 
m678 23 27 1173 1177 1373 1377 
m3448 38 45 46 49 1938 1946 1949 2288 2296 2299 2349 
m954 22 23 36 40 46 49 1122 1123 1136 1172 1822 1823 1836 1849 2022 2023 2036 2040 2046 2049 2322 2323 2336 2349 2472 2473 2486 4323 4336 4346 4836 
m3330 13 38 1913 1938 
m2328 22 23 36 40 49 1122 1123 1136 1140 1149 1172 1173 1186 1190 1199 1840 2022 2023 2036 2040 2049 2473 2486 2490 3673 3686 4323 
m3639 22 23 36 37 40 1122 1123 1136 1137 1140 1172 1173 1823 1837 1840 1872 1873 2023 2036 2037 2040 3673 
m2168 45 46 2345 
m358 37 46 1896 2346 4837 
m3577 13 38 1913 1938 
m1368 13 22 30 680 1113 1122 1130 
m663 22 26 38 46 1146 1322 1338 1346 1922 1946 2346 
m1781 23 30 40 1180 1523 1530 2023 2030 
m611 22 36 40 41 1136 1141 1836 1840 2036 2086 2090 4586 
m3403 36 37 40 46 1840 1886 1890 1896 2036 2037 2040 2046 2336 2340 2346 4346 4837 
m426 22 23 30 46 1122 1123 1130 1146 1180 1523 1530 1546 2323 2330 3673 4823 
m2979 36 45 46 1845 2336 2345 2346 4836 
m1958 5 13 22 33 36 40 46 263 272 283 286 290 672 686 690 1113 1122 1133 1136 1140 1672 1686 1690 1822 2022 2036 2305 2313 2322 2333 2336 2340 3183 
m2984 23 30 36 38 46 49 1173 1180 1186 1188 1196 1199 1523 1530 1536 1538 1546 1549 1823 1830 1838 1846 1849 1923 1930 1936 1946 1949 2323 2330 2336 2338 2346 2349 2473 2480 2486 2488 2496 4823 
m2122 30 38 39 1930 1980 1988 
m123 22 23 36 46 1123 1136 1146 2323 4323 4836 
m1347 7 16 36 46 386 807 2307 2316 2336 3336 
m1489 
m1681 36 40 45 46 1845 2036 2045 2046 2336 2345 4836 4846 
m3020 22 23 30 36 41 1123 1130 1136 1523 1823 1830 2072 2073 2080 3673 4323 4586 
m1075 13 16 22 36 40 672 686 690 822 836 840 1113 1116 1122 1136 1140 1822 2022 2036 3166 
m2945 23 30 38 1180 1523 1530 1538 1923 1930 1938 
m630 22 23 30 40 41 1123 1130 1140 1190 1523 1530 1540 2022 2023 2030 2072 2090 
m1532 14 22 36 40 41 46 714 722 736 741 1822 1836 1841 2014 2036 2041 2046 2072 2314 2322 2336 2341 3236 4314 4586 4814 
m394 37 40 46 1890 2037 2040 2046 2337 2340 2346 4396 
m18 14 23 30 36 40 46 730 1180 1814 1823 1830 1846 2014 2023 2030 2036 2040 2046 2314 2323 2330 2346 3223 4346 4814 4823 
m1104 46 2346 
m1211 12 13 22 32 36 40 49 632 682 699 1112 1113 1122 1132 1136 1140 1812 1813 1832 1836 1840 1849 2012 2013 2032 2036 2049 2462 2482 2486 3136 3162 3186 
m2153 23 36 41 46 1836 1841 1846 2073 2086 2323 2341 4323 4836 
m3509 38 46 1946 
m3591 37 1887 
m1030 22 30 36 40 41 46 1122 1140 1141 1146 1522 1536 1540 1822 1840 1841 1846 2022 2036 2040 2041 2046 2072 2096 2322 
m2438 44 46 2246 2344 2346 4846 
m3223 23 36 46 49 1196 1199 1846 1849 2346 2496 3686 
m3041 22 46 49 1146 1149 2322 2346 2349 2496 
m3568 22 46 1146 2322 2346 
m899 22 23 36 45 1172 1822 2272 2273 2286 4323 
m1219 38 44 45 46 49 1938 1946 2238 2246 2249 2288 2294 2296 2299 2338 2344 2346 2349 
m2025 23 30 40 46 1190 1196 1523 1530 1540 1546 2040 2046 2340 
m3503 26 40 46 2026 2040 2046 2326 
m1562 14 22 38 46 1114 1146 1914 1922 1938 1946 2314 2322 2346 4814 
m3161 23 30 38 46 1188 1523 1530 1538 1546 1923 1930 1938 1946 2330 2338 2346 3696 4823 
m1473 22 23 30 36 40 46 1122 1123 1130 1136 1140 1146 1173 1180 1186 1190 1522 1523 1530 1536 1540 1822 1823 1830 1836 1840 1846 2022 2023 2030 2036 2040 2046 2322 2323 2330 2336 3673 4823 
m1201 23 30 46 1180 1523 1530 1546 2330 4823 
m758 22 36 37 40 46 1122 1136 1137 1146 1822 1837 1872 2036 2037 2046 2322 2336 2337 2340 2346 4346 4396 
m485 34 1734 
m321 5 36 38 46 49 255 286 288 296 299 1805 1836 1838 1846 1849 1905 1936 1946 2346 2349 2486 2499 4836 
m631 22 23 30 36 40 41 46 49 1122 1123 1130 1136 1140 1141 1146 1172 1173 1186 1190 1191 1199 1522 1523 1530 1536 1540 1541 1546 1549 1822 1823 1830 1836 1840 1841 1846 1849 2022 2023 2030 2036 2040 2041 2046 2049 2072 2073 2086 2090 2096 2099 2330 2336 2340 2341 2349 2472 2473 2486 2490 2496 3696 4336 4823 
m3361 14 37 3237 
m1147 14 22 36 40 722 736 740 1114 1122 1136 1140 1822 2022 2036 
m1380 14 23 30 46 730 1180 2314 2323 2330 2346 3223 4814 4823 
m2557 22 46 1122 1146 2322 2346 
m2311 22 23 30 36 40 46 49 1122 1123 1130 1136 1140 1146 1149 1172 1173 1186 1190 1199 1522 1523 1530 1536 1540 1546 1549 1822 1823 1830 1836 1840 1846 1849 2022 2023 2030 2036 2040 2046 2049 2322 2330 2336 2340 2346 2472 2473 2480 2486 2490 2496 3696 4823 
m2582 14 46 714 3246 4814 
m2543 5 13 22 26 33 36 40 655 1113 1122 1126 1133 1136 1140 1305 1313 1333 1655 1663 1683 1805 1813 1826 1833 1840 2005 2013 2026 2033 4163 
m2761 6 14 23 32 36 706 723 732 736 1156 1182 1606 1636 1806 3686 
m3016 22 37 46 49 1137 1146 1899 2346 2349 2496 4396 4837 
m3692 22 40 46 1122 1140 1146 2340 2346 
m1087 37 40 46 1890 2037 2040 2046 2337 2340 2346 4396 
m1914 37 46 1896 2337 2346 4846 
m2540 29 
m2175 22 23 30 41 1122 1123 1130 1141 1173 1191 1522 1523 1541 2073 3673 
m2294 23 30 36 40 41 1173 1186 1191 1523 1530 1536 1540 1541 1836 1841 2023 2030 2036 2041 3673 3686 4323 4341 
m2404 5 21 22 38 46 271 272 288 296 1121 1138 1146 1921 1946 2305 2321 2322 2338 2346 
m3076 23 24 40 46 1190 1240 1246 2023 2024 2040 2046 2340 3696 3723 
m1617 22 23 30 46 1122 1123 1130 1146 1172 1173 1180 1196 1522 1523 1530 1546 2322 2323 2330 2346 3673 4823 
m668 22 23 30 36 37 40 46 49 1123 1130 1136 1137 1140 1146 1149 1180 1523 1530 1546 1822 1823 1830 1836 1837 1840 1846 1849 1872 1873 1880 1886 1890 1896 2022 2023 2030 2036 2037 2040 2046 2330 2346 2472 2473 2480 2486 2487 2490 2496 4396 4823 
m1349 14 38 46 49 746 749 1914 1938 1946 1949 2346 2349 
m2418 14 34 36 40 46 1714 1734 1736 1740 1746 1814 1836 1840 1846 2014 2036 2040 2046 2314 2346 4346 4814 4846 
m468 28 36 38 1438 1838 1928 1936 4328 
m1804 22 38 46 49 1122 1138 1146 1149 1922 1938 1946 1949 2322 2346 2349 
m1909 22 33 41 1122 1141 1672 1683 1691 
m1663 30 36 46 1536 1546 2330 2336 2346 4836 
m1735 13 36 38 40 41 686 690 691 1841 1913 1936 1941 2036 2041 2063 2086 2088 2090 2091 
m1022 14 26 38 726 1914 1926 1938 
m3649 
m202 22 23 30 36 40 46 49 1122 1123 1130 1136 1140 1146 1149 1172 1173 1180 1186 1190 1199 1522 1523 1530 1536 1540 1546 1549 1822 1823 1830 1836 1840 1846 1849 2022 2023 2030 2036 2040 2046 2322 2330 2336 2340 2346 2349 2472 2473 2480 2486 2496 3696 4823 
m1399 8 46 49 408 446 449 2349 
m921 5 13 22 38 263 272 288 663 1105 1113 1122 1138 1905 1913 1922 1938 
m2288 14 46 746 2346 3246 4846 
m3070 5 13 33 38 263 283 288 655 663 1655 1663 1905 1913 1933 1938 4163 
m2172 14 23 30 36 40 46 730 1180 1814 1823 1830 1846 2014 2023 2030 2036 2040 2046 2314 2330 2346 3223 4346 4814 4823 
m1026 36 38 1936 1938 
m3219 22 30 40 46 1122 1130 1140 1146 2022 2030 2040 2046 2322 2330 2340 2346 
m2796 37 46 2337 2346 
m854 22 30 36 40 45 1122 1136 1140 1522 1536 1540 1836 1840 2022 2036 2040 2272 2280 2286 
m2144 13 16 38 46 1913 1916 1946 2313 2316 3313 
m1541 22 36 40 41 45 46 1136 1140 1141 1146 2036 2046 2090 2096 2272 2286 2291 2296 4346 4586 
m1594 22 23 30 1122 1123 1130 1172 1173 1180 1522 1523 1530 3673 
m1446 14 38 1914 
m3119 22 23 30 46 1123 1130 1146 1180 1523 1530 1546 2330 4823 
m2511 36 49 1836 1849 2499 
m531 13 37 4363 
m1409 37 46 49 1899 2346 2349 2496 4396 4837 
m1932 22 36 40 46 49 1122 1136 1146 1149 1822 1836 1840 1846 1849 2022 2036 2040 2046 2049 2349 2472 2486 2490 2496 
m1252 30 32 36 46 1630 1830 1846 2330 2332 4332 
m1019 27 36 46 49 1827 1846 1849 2327 2346 2477 2496 
m671 14 36 46 714 736 1836 2314 2336 2346 3236 4814 4836 
m2052 22 23 36 40 46 49 1123 1136 1146 1199 1822 1823 1836 1840 1846 1849 2022 2023 2036 2040 2046 2049 2323 2336 2346 2349 3686 4346 4823 4836 
m2372 11 32 561 582 
m3005 
m1505 22 23 46 49 1123 1146 1149 1173 2323 2473 2496 3673 4823 
m2821 37 38 46 1937 1946 2337 2346 4837 
m1372 14 30 46 730 746 2314 2330 2346 4814 4846 
m1325 14 22 46 714 746 1114 1146 2314 2346 3246 4814 
m2904 26 38 46 1926 1938 1946 2326 
m3346 23 30 45 46 1523 1545 1546 2273 2296 2345 2346 3696 4823 
m2284 45 
m2454 22 23 1122 1123 
m3677 22 23 37 1122 1123 1172 1173 1872 1873 3673 
m2306 6 43 46 2306 2343 4656 
m185 22 23 36 40 41 1122 1123 1136 1140 1141 1172 1173 1822 1823 1836 1840 1841 2022 2023 2036 2040 2041 2073 3673 4586 
m2235 22 23 27 30 36 40 49 1172 1186 1199 1372 1373 1380 1386 1399 1522 1523 1527 1530 1536 1549 1822 1823 1827 1830 1836 1840 1849 2023 2027 2030 2036 2040 2049 2472 2473 2477 2480 2486 2499 3686 4336 
m1064 5 36 46 49 286 296 299 1849 2336 2346 2349 2486 2499 4836 4846 
m1825 26 38 41 1326 1338 1341 1926 1941 2076 2088 4591 
m652 26 32 36 40 46 49 1336 1340 1346 1349 1632 1636 1649 1849 2032 2036 2040 2046 2332 2336 2340 2346 2349 
m1787 22 23 37 1122 1123 1172 1173 1872 1873 3673 
m3305 5 13 22 263 272 1105 1113 1122 
m3292 13 22 37 672 1872 4363 
m1582 22 36 40 41 1136 1140 1141 1836 1840 1841 2036 2041 2072 2086 2090 2091 4586 
m1142 13 38 46 1913 1946 2313 2346 4813 
m1642 22 30 36 40 41 1136 1141 1536 1540 1541 1822 1836 1840 1841 2022 2036 2040 2041 2086 4336 4586 
m1362 22 23 30 38 41 1123 1172 1173 1188 1522 1523 1530 1538 2072 2073 2080 3673 
m507 23 36 38 41 46 49 1173 1823 1936 1938 1946 1949 2073 2086 2323 2336 2341 2486 2491 2496 3673 4323 
m1453 22 23 30 1122 1123 1130 1522 1523 
m2513 23 31 46 48 49 1196 1573 1596 2346 2423 2431 2446 2449 2473 2481 2496 
m3170 14 22 23 30 730 1114 1122 1123 1130 1180 1514 1523 1530 3223 
m1670 32 46 2332 
m2779 6 14 32 36 49 706 714 732 736 749 1606 1636 1806 2456 2482 2486 
m2170 13 33 38 46 1913 1933 1946 2313 2333 2338 2346 4163 
m2662 23 36 40 41 1186 1190 1191 1836 1840 1841 2023 2036 2040 2041 2073 2086 2090 2091 3686 4323 4336 4586 
m2377 23 36 41 1823 2073 3673 4323 4586 
m815 30 45 46 2280 2296 2330 2345 2346 4846 
m2870 14 22 41 46 722 2064 2072 2096 2314 2322 2341 2346 4814 
m3563 13 22 32 36 40 672 686 690 1113 1136 1140 1613 1622 1636 1640 1822 2022 2036 2040 3186 4336 
m2909 5 23 30 40 46 1155 1180 1505 1523 1530 1546 2005 2023 2030 2040 2046 2305 2323 2330 2340 4846 
m1741 45 
m3336 22 36 40 46 49 1136 1140 1146 1840 1846 2022 2036 2040 2046 2049 2336 2340 2346 2349 2486 4836 
m1028 22 38 46 1138 1146 1922 1938 1946 2322 2338 
m354 22 23 30 36 40 46 1122 1123 1130 1136 1140 1146 1172 1173 1522 1523 1530 1540 1546 1822 1823 1830 1840 1846 2022 2023 2030 2036 2040 2046 2322 2323 2330 2340 2346 3696 4823 
m2478 14 32 38 40 41 46 738 740 741 746 1614 1638 1640 1641 1646 1941 1946 2090 2340 2341 
m1500 33 38 46 1696 1933 1946 2333 2346 
m1361 14 23 32 36 49 723 732 736 749 1182 1199 1636 1649 1849 3686 
m2433 30 36 40 46 1830 2030 2036 2330 2336 2340 2346 4836 
m1928 22 40 45 46 49 1145 2046 2272 2295 2322 2345 2346 2490 2496 
m214 17 22 46 1117 1122 1146 2346 4817 
m588 36 41 1841 
m737 22 36 46 1136 1146 2346 4836 
m924 30 46 49 2330 2480 2496 
m2589 22 23 37 41 1123 1172 1173 1187 1191 1872 1873 2072 2073 2087 2091 3673 
m1366 29 36 41 1829 1836 2079 2086 4336 
m3717 14 22 32 36 40 45 46 714 722 732 736 740 746 1114 1145 1146 1614 1622 1632 1640 1646 1814 1822 1840 2014 2022 2040 2045 2046 2264 2286 2314 2322 2332 2336 2345 2346 3246 4332 4346 
m1675 13 38 46 1913 1946 4813 
m1985 14 22 36 45 46 714 746 1114 1122 1136 1145 1146 1846 2264 2286 2296 3236 3246 4314 
m206 12 32 36 38 46 1612 1646 1812 1912 1932 1936 1946 2312 2332 2336 2346 3146 4136 4346 4812 
m1232 26 32 36 46 1332 1336 1346 1832 2332 2336 2346 4836 
m3572 13 38 1913 1938 
m133 22 23 30 41 46 1122 1123 1130 1141 1146 1172 1173 1180 1191 1196 1522 1523 1530 1541 1546 2072 2073 2080 2322 2323 2330 2341 2346 3673 3696 4823 
m2125 13 22 36 38 40 672 686 690 1113 1122 1136 1140 1822 1913 1922 1936 2022 2036 
m3414 6 14 23 32 36 314 332 732 1156 1164 1182 1806 1814 1832 3686 
m427 22 23 30 46 1122 1123 1130 1146 1180 1523 1530 1546 2323 2330 3673 4823 
m1661 22 23 26 30 36 40 41 1122 1123 1126 1136 1140 1141 1172 1173 1180 1186 1191 1323 1336 1340 1523 1536 1541 1822 1823 1826 1836 1840 1841 2022 2023 2026 2036 2040 2041 2072 2073 2076 2086 2090 3673 4586 
m436 5 36 38 46 49 286 296 299 1849 1905 1936 1946 1949 2305 2336 2338 2346 2349 2486 2499 4836 4846 
m3248 12 22 23 30 36 40 46 612 622 623 630 636 640 646 1112 1123 1136 1140 1146 1162 1173 1512 1523 1536 1546 1812 1822 1823 1830 1836 1846 2012 2022 2023 2030 2036 2046 2312 2322 2323 2330 2336 2346 3123 3686 4346 4812 
m3615 20 40 48 2020 2420 2440 
m514 22 1122 
m465 14 38 45 46 1914 1938 1945 1946 2264 2314 2338 2345 2346 4814 
m183 13 22 33 36 40 672 686 690 1113 1122 1133 1136 1140 1672 1686 1690 1822 2022 2036 3183 
m4 22 23 30 46 1122 1123 1130 1146 1180 1523 1530 1546 2330 4823 
m861 10 36 41 46 536 541 546 1836 1841 2336 2341 4586 4836 
m2071 30 36 46 49 1530 1536 1546 1549 1849 2330 2336 2346 2349 
m2435 13 16 27 32 46 677 827 1613 1616 1627 2313 2316 2327 2332 3166 
m1132 36 46 2336 2346 4836 4846 
m1935 32 1632 
m395 22 23 1122 1123 1173 3673 
m1395 36 41 46 2096 2336 2341 2346 4586 4836 4846 
m3145 32 36 38 46 49 1632 1636 1649 1849 1932 1936 1938 1946 1949 2332 2336 2338 2346 2349 
m327 36 37 40 41 1841 1886 1890 1891 2036 2041 2086 2087 2090 2091 
m188 22 36 40 41 1136 1140 1141 1822 1836 1840 1841 2036 2041 2072 2086 2090 2091 4586 
m2147 12 15 26 40 41 626 776 2012 2015 2026 2041 2062 2065 2076 3262 
m2696 11 13 23 30 33 563 573 580 583 673 680 1173 1180 1513 1523 1533 1673 1680 3183 3673 
m3386 23 24 40 46 1190 1240 1246 2023 2024 2040 2046 2323 2324 2340 3696 3723 
m61 22 32 46 1122 1132 1146 2332 2346 
m1900 22 23 30 36 40 41 1123 1136 1141 1172 1186 1190 1191 1522 1523 1536 1540 1541 2022 2023 2036 2041 2086 3673 3686 4336 4586 
m1613 22 46 1146 2346 
m2187 45 46 2296 2345 2346 
m1381 5 23 27 41 273 291 1355 1373 1391 2073 3673 
m1652 14 36 40 46 740 1814 1836 1840 1846 2014 2036 2040 2046 2314 2340 2346 3246 4314 4346 4836 
m1204 33 38 40 46 1690 1696 1933 1938 1940 1946 2333 2338 2340 2346 
m1009 5 36 46 49 286 296 299 1836 1849 2336 2346 2349 2486 2496 2499 4836 
m580 44 46 2344 2346 
m142 12 23 36 40 41 46 49 1162 1190 1196 1199 1812 1840 1846 1849 2012 2023 2036 2040 2041 2046 2062 2073 2086 2096 2099 2312 2323 2336 2341 2346 2462 2486 2490 2496 3146 3686 4312 4336 
m724 36 40 41 46 49 1841 2036 2040 2046 2336 2341 2346 2349 2486 2491 2496 4346 4836 4846 
m2196 36 4336 
m380 8 41 46 49 408 446 449 2058 2096 2099 2349 
m2182 22 36 40 46 49 1822 1836 1840 1846 1849 2022 2036 2040 2046 2049 2322 2336 2340 2346 2349 2486 2490 2496 4346 
m3567 14 46 746 4846 
m36 22 32 36 40 46 49 1136 1140 1146 1149 1640 1646 1832 1836 1840 1846 2032 2036 2040 2046 2049 2332 2336 2340 2346 2349 2486 2490 2496 4136 4346 
m2506 23 30 38 46 1180 1923 1930 1946 2330 4823 
m3037 23 40 46 1190 2023 2040 2046 2340 2346 3696 4823 
m1259 22 23 30 41 1123 1130 1141 1522 1523 2073 2080 3673 
m345 22 32 36 40 1122 1132 1136 1140 1622 1636 1640 1822 1836 1840 2022 2036 4332 
m1689 12 40 46 2012 2046 4812 
m2436 21 46 2321 2346 4846 
m2833 36 38 1936 
m3466 14 22 23 30 46 49 722 746 1122 1123 1130 1146 1149 1172 1522 1523 1530 2322 2323 2330 2349 2473 2480 3673 4823 4846 
m404 5 14 22 23 32 36 37 41 264 282 286 722 737 741 1122 1123 1137 1141 1155 1182 1186 1614 1637 1814 1837 1872 1882 1886 1887 1891 2087 3664 4136 4332 
m3062 13 23 36 46 49 1813 1823 1846 1849 2313 2346 2463 2473 2486 2496 2499 3663 4813 4823 
m155 22 23 36 41 1123 1136 1141 1186 1823 2072 2073 2086 2091 3673 4586 
m1354 14 36 38 40 46 49 738 1814 1838 1914 1936 1940 1946 1949 2014 2036 2046 2314 2336 2338 2340 2346 2349 2464 2486 2490 2496 3246 4346 
m2238 22 23 30 36 40 46 1122 1123 1130 1136 1140 1146 1180 1522 1523 1530 1536 1540 1546 1822 1823 1830 1836 1840 1846 2022 2023 2030 2036 2040 2046 2322 2323 2330 2340 4823 4846 
m1165 30 36 38 40 46 1536 1540 1546 1838 1840 1846 2046 2330 2338 2340 2346 4836 
m75 22 44 46 1122 1144 1146 2222 2246 2322 2344 2346 4846 
m1889 46 2346 
m314 13 14 22 40 46 672 722 2013 2014 2040 2046 2313 2314 3164 
m3350 12 22 36 46 622 636 646 1136 1812 1836 1846 2322 2336 2346 4336 4812 4836 
m1907 37 46 2337 2346 
m1925 38 41 1938 1941 2088 2091 
m2117 38 41 46 1941 1946 2091 2341 
m1055 5 13 22 33 36 40 263 272 283 286 290 672 686 690 1113 1122 1133 1136 1140 1672 1686 1690 1822 2022 2036 2040 3183 
m778 30 36 39 40 46 1530 1539 1546 1830 1839 1840 1846 1980 2030 2036 2039 2040 2046 2330 2339 2340 2346 4346 
m1021 36 37 40 1836 1837 1840 2036 2037 2040 
m2533 22 23 30 36 40 46 1122 1123 1130 1136 1140 1146 1180 1522 1523 1530 1536 1540 1546 1822 1823 1830 1836 1840 1846 2022 2023 2030 2036 2040 2046 2322 2323 2330 2340 4823 4846 
m521 32 36 46 1832 2332 2336 2346 4836 
m409 14 38 46 49 1914 1946 2314 2464 2488 2496 
m1813 22 46 1122 1146 2322 2346 
m1614 23 30 46 1523 1530 1546 2346 3696 4823 
m472 23 30 46 1180 1196 2323 2330 2346 3673 4823 
m749 23 24 40 46 1190 1240 1246 2023 2024 2040 2046 2340 3696 3723 
m926 22 23 30 36 40 41 1122 1123 1136 1140 1141 1172 1173 1186 1190 1191 1522 1523 1536 1541 1840 1841 2023 2036 2041 2072 2073 2086 2090 2091 3673 3686 4323 4336 4586 
m3401 22 36 37 40 46 1136 1137 1140 1146 1840 1886 1890 1896 2036 2037 2040 2046 2336 2340 2346 4346 4837 
m1160 32 46 1646 2332 2346 
m3308 33 37 46 49 1883 1896 2333 2346 2483 2487 2496 4833 4837 
m2815 33 36 38 46 49 1683 1686 1688 1696 1699 1833 1846 1933 1936 1946 1949 2333 2336 2338 2346 2349 2483 2486 2496 4833 
m343 14 30 36 38 46 1514 1530 1536 1538 1814 1830 1836 1838 1914 1938 1946 2314 2330 2336 2346 4036 4330 
m1800 22 23 36 40 1122 1123 1136 1140 1172 1173 1186 1190 1822 1823 1836 1840 2022 2023 2036 2040 3673 3686 4323 
m1193 23 32 46 1196 1623 1646 2346 
m3285 5 36 45 286 295 1845 2255 2286 4336 
m1280 22 30 36 38 40 41 45 46 1130 1136 1138 1140 1141 1145 1146 1522 1536 1540 1541 1822 1836 1840 1922 1945 1946 2022 2036 2040 2086 2090 2272 2296 2322 2330 2336 2341 
m739 37 46 49 1899 2346 2349 2487 2496 4396 4837 
m2073 23 31 46 49 1196 1573 1596 2346 2473 2481 2496 2499 
m1270 14 40 46 2014 2046 2314 2346 4814 
m3560 22 26 33 1122 1126 1133 1676 
m1035 14 40 46 2014 2040 2046 2314 2346 3214 4814 
m433 22 36 40 46 49 1136 1146 1149 1836 1840 1846 1849 2022 2036 2040 2046 2049 2336 2340 2346 2349 2472 2486 2490 2496 4346 
m1425 22 23 30 36 40 41 1122 1123 1130 1136 1140 1172 1173 1180 1186 1190 1523 1822 1823 1830 1836 2023 2030 2036 2072 2073 3673 4323 4586 
m2544 22 23 30 46 49 1122 1123 1130 1146 1180 1523 1530 1546 2330 2346 2472 2473 2480 2496 4823 
m195 22 23 30 36 1123 1130 1136 1172 1180 1522 1822 1823 1830 
m432 14 22 46 722 2314 2322 2346 4814 
m2813 5 14 45 46 705 745 2255 2305 2314 2345 2346 4814 
m3424 3 30 38 46 180 188 196 1903 1930 1938 1946 2330 
m1649 22 26 38 46 1146 1322 1346 1922 1926 1946 2346 
m1518 40 45 46 2290 2296 2340 2346 
m2727 22 23 36 40 41 46 49 1123 1136 1141 1146 1191 1822 1823 1836 1840 1841 1849 2022 2023 2036 2040 2041 2046 2072 2073 2086 2090 2091 2322 2323 2336 2340 2341 2349 2472 2473 2486 2490 2491 4323 4336 4346 4836 
m2160 30 46 2330 2346 
m2804 22 46 1122 1146 
m3205 22 37 45 46 49 1122 1137 1145 1146 1895 2322 2345 2346 2472 2487 2495 2496 4396 4837 
m1871 12 36 40 41 46 49 636 640 641 649 1836 1840 1841 2036 2041 2336 2340 2341 2349 2486 2490 2491 3136 4336 4812 
m3026 13 22 36 38 40 45 1113 1136 1138 1140 1145 1813 1840 1913 1936 1940 2013 2263 2286 2288 2290 
m765 22 30 32 36 40 41 46 49 1122 1130 1132 1136 1140 1141 1146 1522 1532 1536 1546 1622 1646 1822 1830 1832 1836 1840 1846 1849 2022 2030 2032 2036 2040 2046 2049 2072 2090 2096 2322 2472 2480 2482 2486 2490 2496 4346 4846 
m1226 14 46 4814 
m2193 33 41 48 1691 2433 2441 
m1016 37 40 46 1890 1896 2040 2046 2340 2346 4837 
m1394 2 41 141 
m3137 38 41 46 1938 1941 1946 2341 
m563 13 38 1913 1938 
m1068 22 36 40 41 1136 1140 1141 1836 1840 1841 2036 2040 2086 2090 2091 4586 
m1967 13 20 22 33 36 38 40 688 1013 1022 1033 1036 1038 1040 1113 1133 1136 1138 1140 1688 1813 1822 1833 1838 1840 2013 2033 2036 2038 3183 3536 4336 
m375 26 36 37 46 49 1826 1837 1846 1849 1876 1899 2326 2476 2496 4396 
m993 13 22 45 695 1113 1122 1145 
m2388 26 46 1346 2346 
m572 46 
m596 26 27 46 1327 1346 1377 2327 
m1607 22 23 36 40 46 1122 1123 1136 1140 1146 1196 1823 1836 2022 2023 2036 2040 2046 3686 4346 4836 
m2951 26 3826 
m1355 22 23 30 36 38 40 41 1123 1136 1140 1141 1172 1173 1180 1186 1188 1190 1191 1830 1922 1923 1936 1940 1941 2022 2023 2030 2036 2038 2040 2041 2073 2080 2086 2090 3673 4323 
m1552 23 36 40 46 49 1186 1196 1836 1846 2023 2036 2046 2323 2473 2486 2490 2496 3673 4323 4836 
m3662 22 23 30 41 1122 1123 1130 1173 1523 1530 2072 2073 2080 3673 
m1295 22 23 30 36 40 41 1123 1130 1172 1173 1180 1186 1190 1522 1523 1530 1536 1540 1822 1823 1830 1840 2022 2023 2030 2073 2080 2086 3673 
m2840 13 22 32 36 40 672 686 690 1113 1122 1136 1140 1613 1622 1636 1640 1822 2022 2036 
m579 22 32 46 1122 1132 1146 2322 2332 2346 4846 
m516 22 23 36 40 41 1122 1123 1136 1140 1173 1186 1190 1823 1836 2022 2023 2036 2040 2072 2073 2086 2090 2091 3686 4323 
m413 23 49 1173 2473 3673 
m2077 23 41 1191 2073 3673 
m984 23 38 45 46 1196 1923 1945 1946 2273 2296 2323 2346 3696 4823 
m2563 5 36 38 40 46 49 286 296 1805 1836 1838 1846 1849 1905 1936 1938 1946 1949 2036 2038 2046 2049 2346 2349 2455 2486 2496 4836 
m2295 33 38 41 46 1691 1933 1941 1946 2341 4833 
m519 23 32 46 1182 2323 2332 2346 3696 4823 
m2428 6 43 4656 
m1611 22 36 37 40 46 1136 1137 1140 1146 1837 1840 1846 1890 2022 2036 2037 2040 2046 2336 2340 2346 4336 4346 4396 4837 
m1669 22 23 30 36 40 41 46 1122 1123 1130 1136 1140 1141 1146 1191 1523 1536 1541 1546 1841 1846 2023 2030 2036 2040 2041 2046 2072 2073 2091 2341 3696 4323 
m553 5 46 2305 2346 
m846 23 26 30 38 40 46 1180 1323 1330 1338 1346 1923 1930 1938 1946 2023 2026 2030 2038 2046 2330 4823 
m3395 13 22 33 36 40 672 686 690 1113 1133 1136 1140 1672 1686 1690 1822 2022 2036 3183 
m3750 36 40 1836 1840 2036 2040 
m1930 5 22 44 46 296 1144 1146 2205 2246 2305 2344 2346 4846 
m2887 22 23 30 40 41 1123 1130 1140 1180 1522 1523 1530 2022 2023 2030 2072 2090 
m320 26 36 46 1826 1846 2326 4336 4346 
m3576 30 46 49 2330 2349 2480 
m3588 5 22 23 24 40 46 273 274 290 1123 1146 1190 1222 1240 1246 2022 2023 2024 2046 2340 3696 3723 
m102 22 23 36 1123 1136 1172 1173 1186 1822 1823 3673 
m3227 22 36 40 41 1822 1840 2022 2036 2072 2086 2090 4336 4586 
m1235 22 23 32 36 40 46 49 1122 1123 1132 1136 1140 1146 1149 1172 1173 1182 1186 1190 1196 1199 1622 1623 1632 1636 1640 1646 1822 1823 1832 1836 1840 1846 1849 2022 2023 2032 2036 2046 2049 2322 2323 2332 2336 2346 2349 2472 2473 2482 2486 2490 2496 3673 3686 3696 4323 4346 
m152 12 22 36 40 46 49 636 1112 1136 1146 1149 1812 1836 1846 2022 2036 2040 2046 2312 2336 2346 2349 2462 2486 2496 3136 4336 4812 4836 
m2556 22 23 30 36 40 46 49 1122 1123 1130 1136 1140 1146 1180 1523 1530 1536 1540 1546 1822 1823 1830 1840 1846 2022 2023 2030 2036 2046 2322 2323 2330 2336 2340 2346 2472 2486 2490 2496 4336 4346 4823 4846 
m2655 14 22 38 46 738 1114 1146 2338 3246 
m707 17 38 40 46 888 1917 1946 2017 2038 2046 2338 4817 
m64 11 13 22 33 36 40 661 1111 1113 1122 1133 1136 1140 1661 1811 1813 1833 1840 2011 2013 2033 4163 
m2825 22 30 36 37 41 1130 1136 1536 1537 1541 1886 2086 2087 
m1984 13 38 688 1913 1938 
m1722 5 45 255 295 2255 2295 
m1636 22 30 36 40 41 1136 1141 1522 1536 1540 1541 1822 1836 1840 1841 2022 2036 2040 2041 2086 4336 4586 
m3255 12 41 46 641 2062 2091 2096 2312 2341 2346 
m2657 13 38 46 688 1913 1938 1946 2313 2338 
m189 22 36 41 1122 1136 1141 1841 2091 4586 
m945 22 27 36 40 46 1122 1127 1136 1140 1146 1390 1822 1827 1836 1840 1846 2022 2027 2036 2040 2046 2327 2336 2340 
m3362 3 23 30 36 49 180 186 199 1153 1180 1199 1549 1830 1849 3686 
m3678 22 23 36 40 41 1172 1186 1190 1191 1822 1836 1840 1841 2022 2023 2036 2040 2041 2072 2073 2086 2090 2091 3686 4323 4336 4586 
m2391 46 2346 
m1082 23 36 45 46 1186 1196 1836 1846 2273 2286 2296 3686 4836 
m858 22 23 30 46 1122 1123 1130 1146 1523 1530 1546 2330 2346 3696 4823 
m2864 3 22 23 36 40 41 46 172 186 190 196 1122 1136 1140 1146 1191 1822 1823 1836 1840 1841 1846 2022 2023 2036 2040 2041 2046 2323 2336 2341 2346 3686 4336 4341 4346 4823 
m1682 6 14 36 49 706 714 736 749 1806 2456 2486 
m2019 22 23 30 36 40 45 1123 1130 1136 1145 1523 1830 2022 2023 2030 2036 2045 2273 2280 2286 4323 
m3281 41 44 45 2241 2245 2291 
m3707 22 23 30 36 37 40 41 46 49 1123 1130 1137 1141 1146 1190 1191 1523 1537 1540 1541 1546 1822 1823 1830 1836 1837 1840 1846 1873 1890 1891 1896 2022 2030 2036 2037 2040 2041 2046 2086 2091 2099 2340 2341 2346 2486 2490 2496 2499 4396 4823 
m228 
m845 22 27 46 1146 1372 1377 1396 
m3734 13 22 36 37 40 672 686 690 1113 1122 1136 1137 1140 1822 1872 1886 1890 2022 2036 3187 
m1044 22 23 36 40 41 1122 1123 1136 1140 1141 1173 1823 1836 1840 1841 2023 2036 2040 2041 2072 2073 2086 2090 2091 3686 4323 
m3719 22 44 45 46 1146 2272 2294 2296 2344 2346 4846 
m1700 22 36 40 41 1136 1141 1836 1840 1841 2036 2041 2072 2086 2090 2091 4586 
m2974 14 26 46 49 1314 1346 1349 2346 2464 2496 4814 
m2560 36 40 41 46 1840 2036 2040 2041 2046 2086 2096 2336 2340 2346 4346 4846 
m2131 14 26 32 46 1314 1346 1626 1646 2314 2346 4814 
m1623 22 30 36 1522 1536 1822 
m1995 13 22 32 36 38 40 672 686 690 1113 1136 1140 1613 1622 1636 1640 1822 1913 1922 1932 1936 1940 2022 2036 2040 3186 4336 
m768 30 36 46 49 1536 1549 1849 2330 2336 2346 2349 
m3237 22 46 1122 1146 2322 2346 
m1291 20 22 36 41 1022 1120 1122 1136 1141 1820 1822 2070 2072 4586 
m462 5 13 27 38 46 263 296 1355 1363 1396 1905 1913 1927 1946 2313 2346 4813 
m390 13 36 40 49 2013 2036 2463 2486 2490 4313 
m1540 26 32 36 38 46 1332 1336 1346 1832 1926 1932 1936 1946 2332 2336 2346 4836 
m647 46 2346 
m1934 22 30 36 49 1122 1130 1136 1149 1522 1536 1549 1822 1830 1849 2472 4336 
m232 34 36 1734 1736 1834 1836 4236 4334 
m1451 32 36 46 49 1636 1646 1849 2332 2336 2346 2349 4136 4336 4836 
m1881 22 26 44 46 1122 1144 1146 1322 1326 1344 1346 2344 2346 4846 
m910 22 23 36 41 1122 1123 1136 1141 1191 3686 4586 
m1628 22 23 36 40 41 46 1123 1136 1141 1146 1191 1822 1823 1836 1841 1846 2022 2023 2036 2040 2041 2046 2323 2336 2341 2346 3686 4341 4346 4823 
m2682 22 23 30 36 40 41 46 1123 1130 1136 1141 1146 1180 1186 1190 1523 1530 1536 1540 1546 1830 2022 2023 2030 2036 2040 2046 2072 2073 2080 2086 2090 2091 2330 3696 4836 
m3055 14 714 
m506 22 36 37 40 1122 1136 1137 1140 1822 1872 1886 1890 2022 2036 
m2967 5 13 22 33 36 40 263 272 283 286 290 672 686 690 1113 1122 1133 1136 1140 1672 1686 1690 1822 2022 2036 3183 
m3724 22 23 36 41 1123 1136 1141 1172 1173 1186 1822 1823 2072 2073 2086 2091 3673 4586 
m3064 22 23 30 36 40 1123 1130 1136 1140 1172 1173 1186 1190 1523 1536 1540 1823 2022 2023 2036 3673 4323 
m3375 12 26 46 626 1312 1326 1346 2326 4812 
m3435 22 36 40 41 1136 1140 1141 1836 1840 2036 2086 2090 4586 
m1841 14 36 49 736 749 1849 2486 2499 4336 
m3009 22 23 30 36 41 1123 1130 1523 1822 1823 1830 2072 2073 2080 3673 4323 4586 
m2251 46 2346 4846 
m835 14 23 30 36 40 46 730 1180 1814 1823 1830 1846 2014 2023 2030 2036 2040 2046 2314 2330 2346 3223 4346 4814 4823 
m2750 13 38 46 1913 1938 1946 2313 
m3143 22 23 36 46 1122 1123 1136 1146 1173 1822 1823 1846 2323 3673 4823 
m1305 3 30 33 41 46 180 196 1653 1680 2053 2080 2083 2096 2330 4196 
m165 26 38 46 1338 1346 2338 2346 
m1980 22 23 36 40 41 1122 1123 1136 1140 1141 1172 1173 1822 1823 1836 1840 1841 2022 2023 2036 2040 2041 2073 2086 2090 3673 4586 
m3594 22 23 36 40 41 1122 1123 1136 1140 1141 1172 1173 1186 1822 1823 1836 1840 1841 2022 2023 2036 2040 2041 2072 2073 2086 2090 3673 4586 
m2922 38 41 46 49 1938 1946 1949 2088 2096 2349 
m172 17 23 26 30 46 880 896 1180 1317 1323 1330 1346 1517 1523 1530 1546 2330 3373 4823 
m408 23 36 38 40 41 1823 1840 1923 1936 2023 2036 2073 2086 2088 2090 4323 4336 4586 
m3656 26 36 46 49 1336 1346 2476 2486 2496 4836 4846 
m2351 22 36 40 1122 1136 1140 1822 1836 1840 2022 2036 
m902 16 23 36 40 41 46 836 840 841 1186 1190 1191 1841 2023 2036 2041 2046 2066 2073 2086 2090 2091 2096 2316 2336 2340 2341 3666 4823 
m1571 26 32 36 38 46 1332 1336 1346 1832 1926 1936 1946 2332 2336 2346 4836 
m1799 22 36 41 1136 1141 1841 2072 2086 2091 4586 
m3383 22 30 36 1522 1536 1822 
m3453 22 23 30 46 1123 1130 1146 1180 1523 1530 1546 2330 4823 
m2159 22 23 36 40 1122 1123 1136 1140 1173 1823 2023 2036 3673 
m1470 46 2346 
m3686 26 38 46 1926 1938 1946 2326 
m2788 6 36 40 1806 2006 2036 
m2297 38 46 1938 1946 2346 
m1167 23 30 46 49 1180 1523 1530 1546 2330 2346 2480 2496 4823 
m2777 30 38 41 46 1930 1941 1946 2080 2096 2330 2341 2346 
m1393 23 38 1923 
m1387 13 20 22 32 36 40 670 686 690 1113 1120 1136 1140 1613 1620 1622 1636 1640 1820 2020 2036 2040 3186 4336 
m2698 14 40 46 714 740 746 2014 2046 2314 2340 2346 4814 
m660 22 36 37 40 46 1122 1136 1140 1146 1822 1836 1837 1840 1846 1872 1896 2022 2036 2037 2040 2046 2322 2337 2346 4387 4396 4837 4846 
m2344 14 23 38 46 1164 1196 1914 1923 1946 4814 
m298 22 23 24 40 46 1123 1124 1140 1146 1190 1240 1246 2022 2023 2024 2046 2340 3696 3723 
m629 23 45 1173 2273 3673 
m2171 22 23 30 36 40 41 46 1122 1123 1130 1136 1140 1141 1146 1180 1522 1523 1530 1536 1540 1546 1822 1823 1830 1836 1840 1846 2022 2023 2030 2036 2040 2046 2072 2086 2090 2091 2322 2323 2330 2340 4823 4846 
m3048 32 36 46 49 1636 1649 1849 2332 2336 2346 2349 2486 2499 4136 4336 
m3690 22 36 37 40 49 1136 1137 1822 1836 1837 1840 1849 1886 2022 2036 2037 2040 2472 2486 2487 2490 2499 
m1522 22 23 30 40 46 1122 1123 1130 1140 1146 1180 1523 1530 1546 2022 2023 2030 2046 2330 2346 4823 
m2079 23 41 1191 2073 3673 
m2191 
m1947 37 
m2745 27 38 46 1927 1946 2327 
m1396 6 43 4656 
m2081 32 36 46 1636 2332 2336 2346 4332 4336 4836 
m1306 23 36 40 41 46 1191 1823 1836 1841 1846 2023 2036 2040 2041 2046 2323 2336 2341 2346 3686 4341 4346 4823 
m3355 36 38 40 46 1840 1846 1936 1940 1946 2036 2038 2040 2046 2336 2338 2340 2346 
m3363 13 22 672 1113 1122 
m1297 27 38 46 1927 1946 2327 
m1712 5 32 36 45 46 49 282 286 295 299 1636 1645 1649 1845 1849 2255 2282 2286 2295 2305 2332 2336 2345 2349 2495 4136 4336 
m1131 22 23 46 1123 1146 1172 1173 2322 2323 3673 4823 
m1292 14 22 23 30 40 45 46 714 746 1114 1145 1146 1164 1172 1190 1195 1196 1514 1522 1523 1530 1540 1545 1546 2014 2022 2023 2030 2040 2045 2046 2264 2296 2314 3664 
m977 26 36 37 46 49 1336 1337 1346 1349 1837 1846 1849 2476 2486 2487 2496 2499 4837 
m333 22 23 1123 1173 3673 
m1949 36 49 1836 1849 2486 2499 
m1391 40 45 46 2045 2046 2290 2295 2296 2340 2345 2346 
m1573 14 37 40 46 737 740 746 1890 2037 2046 2340 4396 
m2225 37 46 49 1899 2346 2349 4396 4837 
m1094 23 30 36 40 1180 1523 1530 1536 1540 1830 2023 2030 2036 2040 4323 
m3122 22 23 30 36 40 41 46 1122 1123 1130 1136 1140 1141 1146 1191 1523 1536 1541 1546 1822 1830 1841 1846 2023 2030 2036 2040 2041 2046 2072 2091 2341 3696 4323 4586 
m1896 14 23 30 38 40 730 1180 1514 1523 1530 1540 1914 1923 1930 1940 2014 2023 2030 3223 
m3098 23 38 45 1923 2273 2288 
m2110 14 32 49 732 2464 
m2588 23 36 37 40 41 1173 1186 1187 1190 1823 1873 1886 1890 2023 2036 2073 2086 2087 3673 4323 
m1715 21 38 46 1921 1946 2321 2346 4846 
m648 33 34 38 40 46 1690 1696 1733 1734 1738 1746 1933 1938 1940 1946 2333 2338 2340 2346 
m665 22 26 38 46 1146 1322 1346 1922 1926 1946 2346 
m1810 22 36 37 40 46 1122 1136 1137 1140 1146 1822 1836 1837 1840 1846 1872 1896 2022 2036 2037 2040 2046 2322 2337 2346 4387 4396 4837 4846 
m2470 22 23 36 41 1122 1123 1172 1173 1822 1823 2072 2073 3673 4586 
m2773 13 22 40 690 1113 1122 
m1046 22 36 46 1136 1146 1846 2322 2336 4846 
m795 14 37 38 46 737 738 746 1888 1896 2338 
m3645 14 36 40 46 49 714 736 740 746 749 1814 1836 1840 1846 1849 2014 2036 2046 2049 2314 2336 2346 2349 2464 2486 2490 2496 3246 4814 
m1630 22 23 36 40 41 46 1123 1136 1141 1146 1191 1822 1823 1836 1841 1846 2022 2023 2036 2040 2041 2046 2323 2336 2341 2346 3686 4341 4346 4823 
m2824 17 41 46 891 2067 2096 2341 4817 
m2646 22 23 30 38 41 1141 1172 1191 1522 1523 1538 1541 1922 1923 1930 1938 1941 
m2892 46 
m2132 
m1027 23 30 40 41 1180 1190 1523 1530 1540 2023 2030 2040 
m2083 5 23 38 45 46 1155 1945 1946 2255 2273 2305 2323 2345 2346 4823 
m3711 5 13 38 45 46 655 1913 1946 2255 2263 2288 2296 2305 2313 
m1973 13 22 33 36 40 672 1113 1122 1133 1136 1140 1672 1813 1822 1833 1840 2013 2022 2033 4163 
m959 13 22 33 36 38 40 1113 1122 1133 1136 1138 1140 1813 1833 1838 1840 1913 1933 2013 2033 2038 4163 
m824 13 22 32 36 38 40 672 686 690 1113 1122 1136 1140 1613 1622 1636 1640 1822 1913 1922 1932 1936 2022 2036 
m3208 22 23 36 40 41 1122 1123 1136 1140 1141 1173 1822 1823 1836 2022 2023 2036 2072 2073 2086 2090 2091 3673 4323 4586 
m3217 30 40 46 2030 2040 2046 2330 2340 2346 
m2751 22 37 46 1122 1137 1146 1896 2346 4837 
m2330 23 36 38 40 41 46 1823 1838 1841 1923 1941 1946 2023 2036 2038 2040 2041 2046 2073 2323 2341 4346 
m1149 23 1173 3673 
m3264 11 13 33 661 1661 4163 
m950 11 13 22 46 563 572 596 696 1111 1113 1122 1146 
m1467 22 23 30 36 40 41 1123 1136 1140 1141 1173 1180 1823 1830 1836 1840 1841 2023 2036 2040 2041 2073 3673 4586 
m62 14 32 46 732 2332 4814 
m2292 22 36 40 41 45 1122 1136 1140 1141 1145 1822 1836 1840 1845 2022 2036 2040 2045 2072 
m936 21 23 36 40 46 1171 1821 1823 1846 2021 2023 2036 2040 2046 2321 2323 2346 4346 4823 
m641 22 30 36 40 41 49 1122 1130 1136 1140 1141 1149 1536 1540 1822 1840 1841 2022 2036 2040 2041 2080 2086 2090 2472 2486 2490 
m2318 5 32 1605 
m2007 22 30 36 38 46 49 1522 1536 1538 1546 1549 1822 1922 1930 1936 1938 1946 1949 2322 2330 2336 2338 2346 2349 2472 2486 2496 
m2394 32 40 46 1640 1646 2032 2040 2046 2332 2340 2346 
m2583 22 26 38 46 1146 1322 1346 1922 1926 1946 2346 
m1992 22 23 1123 
m589 41 46 2341 2346 
m763 10 37 46 537 546 4396 
m1688 22 23 36 40 41 1122 1123 1136 1140 1141 1172 1173 1822 1823 1836 1840 1841 2023 2036 2040 2041 2072 2073 3673 4341 
m889 21 32 33 46 1082 1083 1096 1633 2321 2332 2333 2346 4833 
m3436 22 23 30 36 41 1123 1130 1136 1141 1186 1191 1523 1536 1541 1841 2073 2080 2091 3673 4323 4586 
m2835 22 23 30 32 36 40 41 49 1140 1182 1199 1523 1530 1532 1536 1549 1823 1830 1832 1849 2022 2023 2030 2032 2036 2040 2072 2090 2482 
m3112 5 13 33 655 1655 4163 
m444 
m2584 22 30 40 46 1130 1146 2022 2030 2046 2322 2330 2346 
m3341 30 36 40 45 46 49 1545 1549 1830 1845 1849 2030 2036 2045 2046 2330 2336 2345 2349 2495 
m841 13 36 39 40 46 49 1813 1840 1846 1849 1963 1986 1990 1996 2013 2036 2040 2046 2049 2463 2496 4813 
m1624 22 23 45 1123 1173 1195 3673 
m2546 13 22 36 40 1113 1122 1136 1140 1813 1840 2013 
m3689 37 40 46 1890 2037 2040 2046 2337 2340 2346 4396 
m595 13 22 40 45 46 1122 1140 1145 1146 2013 2040 2046 2272 2290 2296 2313 2346 3196 
m935 12 45 46 645 2345 4812 
m2792 22 23 36 37 40 41 1122 1123 1136 1137 1140 1141 1823 1836 1873 1886 1890 2023 2036 2073 2086 2087 2090 3673 4323 4373 4586 
m1093 37 40 41 46 1891 2037 2041 2046 2087 2090 2091 2096 2337 2340 2341 2346 4396 
m277 22 23 30 36 40 41 1122 1123 1130 1136 1140 1141 1172 1173 1186 1190 1191 1522 1523 1536 1541 1840 1841 2023 2036 2041 2072 2073 2086 2090 2091 3673 3686 4323 4336 4586 
m2599 13 36 38 40 1813 1913 1936 1940 2013 2036 
m2031 5 32 36 255 282 286 1605 1805 1832 1836 4332 
m3158 5 23 30 36 46 255 273 280 286 296 1180 1505 1523 1530 1536 1546 1830 1846 2330 4323 4823 
m1318 36 40 41 1836 1840 1841 2036 2040 2041 
m1765 23 28 36 1178 1186 1823 1828 1836 3673 
m2757 14 36 40 46 1814 1846 2014 2036 2040 2046 2314 2346 4346 4814 4846 
m1821 12 14 46 712 2312 2314 2346 3146 3246 4812 
m2854 30 36 38 1530 1536 1538 1830 1836 1838 1930 1936 1938 4036 4330 
m2209 30 36 37 40 46 1536 1537 1540 1546 1837 1840 1846 1890 2037 2046 2340 4396 
m1370 22 37 40 46 1137 1146 2022 2037 2040 2046 2322 2337 2346 4837 
m2359 32 42 46 2132 2146 2332 
