m1199 30 45 46 2280 2295 2296 2330 2346 
m2647 22 23 30 46 1122 1123 1130 1146 1180 1523 1530 1546 2330 2346 4823 
m2889 30 40 45 46 2045 2046 2280 2296 2330 2345 4846 
m1920 37 40 46 2037 2046 4837 
m794 5 45 295 
m252 22 
m2088 28 37 38 39 46 1878 1928 1937 1938 1939 1946 1978 1987 2328 4396 4496 
m806 5 37 46 1855 2305 2337 2346 
m80 29 
m928 22 47 2372 2397 
m1063 22 44 46 1146 2344 2346 4846 
m2379 14 46 714 746 2314 2346 4814 
m2013 47 
m2172 5 36 45 46 286 295 1845 2305 2336 2345 4336 
m1381 22 44 46 1146 2344 2346 4846 
m1016 14 36 49 749 1814 1849 
m1333 22 44 46 1146 2222 2246 2322 2344 2346 4846 
m1108 37 
m1377 22 44 46 1146 2344 2346 4846 
m2045 12 22 36 41 46 49 622 641 1141 1812 1822 1841 2322 2336 2341 2462 2472 2486 2491 2496 3136 4312 4336 4812 
m1545 15 46 2315 
m538 22 32 36 46 49 1622 1649 1822 1832 1849 2322 2332 2336 2346 2349 2472 4136 4336 4836 
m65 12 23 36 41 46 636 1823 2062 2073 2096 2336 3123 4586 4812 4823 
m1041 36 46 1836 1846 4836 
m1527 22 37 46 1122 1146 1872 2322 4396 
m1886 22 37 45 49 1122 1137 1145 1899 2287 2299 
m368 32 45 1645 
m1933 14 46 49 2314 2346 2464 2496 4814 
m138 15 22 46 772 2315 2322 
m2607 14 21 45 46 721 745 2271 2321 2345 4814 
m863 14 22 36 40 46 722 740 746 1140 1146 1822 1840 2014 2036 2040 2046 2322 2336 2340 2346 3236 4346 4814 
m789 22 23 30 1123 1130 1180 1530 
m1236 32 37 45 46 1637 1645 1895 2332 2337 2345 
m809 45 
m1811 27 46 49 2327 2346 2477 2496 
m328 
m283 5 13 33 36 49 263 283 1805 1813 1833 1849 2455 2463 2483 4163 
m310 22 1122 
m1251 23 36 40 46 48 1190 1823 1836 1840 1846 1848 2023 2036 2040 2046 2048 2336 2340 2346 2423 2436 2446 3686 3696 4323 4346 4823 4836 
m2973 37 41 46 2087 2341 4837 
m2422 23 45 46 1195 2296 2345 2346 3696 4823 
m2118 36 41 46 2341 4341 4836 
m2476 14 36 40 45 736 740 745 1840 2036 2286 2290 4336 
m182 22 23 30 36 40 41 1123 1173 1180 1186 1190 1191 1830 2023 2030 2036 2040 2041 2073 2080 2086 2090 3673 4323 
m1064 22 45 46 1145 1146 2345 
m950 22 28 1422 
m2529 32 36 38 46 1832 1932 1936 1946 2332 2336 2346 4836 
m968 45 46 2296 2346 
m395 22 38 46 49 1146 1922 1946 1949 2349 2472 2488 2496 
m502 14 34 46 734 746 2334 
m2278 14 23 30 46 730 1180 2314 2323 2330 2346 3223 4814 4823 
m2171 12 14 45 46 645 712 745 2312 2314 2345 2346 4814 
m499 14 46 714 746 2314 2346 4814 
m1000 36 40 46 49 1849 2036 2040 2046 2049 2336 2346 2349 4336 4836 
m1413 22 36 46 1122 1136 1146 1822 1846 2322 
m373 36 41 44 1841 2086 2091 2094 2236 2241 2244 
m44 22 37 40 46 1122 1137 1146 2022 2037 2040 2046 2322 2337 2346 4837 
m1295 37 38 46 1888 2338 2346 4396 4837 
m397 45 46 2345 
m47 14 23 36 40 46 49 749 1814 1823 1846 1849 2014 2023 2036 2046 2314 2323 2336 2346 2349 2473 3223 4814 4823 
m1654 22 44 46 1146 2222 2246 2344 2346 4846 
m738 45 46 2345 
m1025 5 36 40 46 255 1805 1846 2005 2036 2040 2046 2305 2346 4346 
m1494 5 14 38 45 46 705 745 1905 1914 1945 1946 2255 2305 2345 4814 
m1648 3 38 153 188 1903 
m807 5 13 14 33 263 283 705 713 733 4163 
m2400 13 33 46 1696 2313 4163 
m733 36 45 46 1845 2336 2345 
m896 39 
m1514 14 39 40 46 740 1990 1996 2014 2039 2040 2046 2340 4464 4814 
m1871 22 37 46 1872 2322 4396 
m2921 13 22 45 695 1113 1145 
m2959 22 26 44 46 1146 1322 1326 1344 1346 2344 2346 4846 
m1279 32 36 45 46 1832 2282 2286 2296 2332 2336 2346 4836 
m2153 14 22 39 40 46 740 1114 1122 1139 1140 1146 1990 1996 2014 2040 2046 2340 3246 4464 
m2963 38 45 1938 1945 2288 2295 
m840 12 30 38 40 46 630 1912 1930 1946 2012 2030 2038 2040 2046 2312 2330 2346 4812 
m1821 6 23 1156 1173 
m1951 20 22 23 30 38 1022 1023 1030 1038 1122 1123 1130 1172 1173 1180 1188 1520 1523 1538 1922 1923 1930 3673 
m1121 23 28 38 1178 1188 1928 1938 
m2596 36 46 49 2336 2349 2486 
m389 45 46 48 2345 2445 2446 
m600 22 23 30 38 1123 1130 1172 1173 1188 1522 1523 1530 1538 3673 
m2972 23 30 1523 
m1046 22 36 40 41 1136 1141 1836 1840 2036 2086 4586 
m1745 22 23 36 40 41 1122 1123 1136 1140 1141 1186 1190 1836 1840 2036 2040 2072 2073 2086 2090 3686 
m718 32 45 1645 
m2406 
m2608 22 36 41 49 1122 1136 1141 1149 1849 2072 2086 2099 4336 
m2817 22 36 40 41 46 49 1136 1140 1141 1149 1836 1849 2036 2086 2090 2099 2322 2336 2340 2341 2349 4336 
m2452 33 45 46 2283 2296 2333 2346 4833 4846 
m1831 32 36 4332 
m233 22 23 30 41 46 1122 1141 1146 1191 1523 1530 1541 1546 2073 2080 2091 2096 2322 2323 2330 2341 2346 
m2196 36 46 2336 4836 4846 
m1053 14 22 41 714 741 1114 1141 2064 2072 2091 
m1516 22 45 46 1145 1146 2345 4846 
m382 22 38 44 46 1146 1922 1946 2344 2346 4846 
m2850 14 45 745 
m1615 23 30 38 46 1180 1923 1930 1946 2330 2346 4823 
m280 14 22 32 36 39 40 41 49 722 1614 1622 1639 1641 1814 1822 1832 1836 1839 1841 1849 1972 2014 2022 2036 2041 2049 2064 2072 2082 2089 2091 2482 2486 2491 4464 4586 
m311 13 22 36 38 40 1113 1122 1136 1138 1140 1813 1840 1913 1936 1940 2013 
m663 12 23 30 36 41 612 630 636 641 1191 1523 1541 1812 1823 1830 1836 1841 2062 2073 2086 2091 3123 
m1405 22 23 30 36 40 41 1122 1123 1130 1136 1140 1141 1180 1186 1190 1522 1523 1536 1540 1541 1822 1830 1836 1840 1841 2022 2023 2030 2036 2041 2080 2086 
m2398 45 46 2295 2296 
m1332 14 38 46 1914 1946 2346 4814 
m2141 14 36 49 1814 1849 2464 
m357 8 33 46 433 446 4833 
m553 36 38 46 49 1849 1936 1946 2336 2346 2349 4836 
m485 13 38 663 1913 1938 
m473 21 23 45 1171 2271 2273 
m2128 22 40 45 46 1140 1145 1146 2045 2046 2345 
m2894 22 23 38 46 49 1122 1123 1138 1146 1199 1923 1938 1946 1949 2323 2346 2349 
m190 22 23 30 36 40 1122 1123 1136 1140 1522 1523 1536 1540 1822 1823 1840 2022 2023 2030 2036 2040 4323 4336 
m1554 22 44 46 1146 2344 2346 4846 
m2473 5 45 46 2255 2296 2305 2345 4846 
m422 32 46 1646 2332 2346 
m605 32 46 48 2332 2348 2432 
m2547 8 36 46 49 1808 1846 2308 2336 2458 2486 2496 4336 
m1759 37 39 46 1987 4396 4496 
m1552 17 23 46 2317 2323 2346 3667 4817 4823 4846 
m2879 22 26 36 45 46 1126 1136 1146 1336 1345 1346 1845 2336 2345 2346 4836 
m740 45 46 2345 2346 
m112 23 26 32 46 1182 1323 1332 1346 2323 2332 
m2431 13 33 46 2313 2333 4163 
m1973 37 38 46 1896 1937 1946 
m832 45 46 2296 
m1901 23 30 36 1180 1530 1823 1830 
m2887 22 44 45 46 1146 2272 2294 2296 2344 2346 4846 
m1945 5 26 33 45 1305 1333 1345 1655 1695 2255 
m1953 45 2295 
m1824 22 44 46 1144 1146 2246 2322 2344 2346 4846 
m2480 7 45 2257 
m356 22 36 40 41 45 1122 1136 1140 1836 1840 2036 2040 2072 2086 2272 2286 2291 
m2917 5 13 33 45 655 1655 1695 2255 2263 4163 
m1404 26 32 36 46 1332 1336 1346 1832 2332 2336 2346 4836 
m2587 13 33 36 40 46 690 1813 1833 1840 2033 2313 2333 3183 4836 
m1957 22 46 1146 
m2501 13 22 46 1113 1122 2322 4813 
m2631 5 22 36 40 41 272 286 290 291 1105 1122 1136 1140 1141 1840 1841 2041 
m2612 22 23 36 40 41 46 1122 1123 1136 1140 1186 1190 1836 1840 2036 2040 2072 2073 2086 2090 2322 2323 2336 2340 2341 3686 
m1685 45 
m2009 14 32 46 714 732 2314 2332 2346 4814 
m869 37 46 2337 
m426 23 45 46 1195 1196 2296 3673 
m2177 20 45 1045 
m2654 13 22 38 1113 1138 1913 
m834 13 22 36 38 40 1113 1122 1136 1138 1140 1813 1840 1913 1936 1940 2013 
m33 41 2091 
m2896 13 22 33 1113 1672 4163 
m1287 22 38 44 46 1146 1922 1946 2344 2346 4846 
m1990 37 46 4837 
m56 
m394 40 46 2046 2340 2346 4846 
m274 23 30 45 46 1195 1523 1545 1546 2295 2345 4823 
m567 11 45 595 
m2289 13 22 46 1113 1122 1146 2322 4813 
m58 22 30 40 46 1130 2022 2030 2040 2046 2322 2330 2346 
m641 32 40 45 46 2032 2045 2046 2282 2296 2332 
m63 22 30 45 1122 1130 1145 1522 2272 2280 
m2351 33 37 4383 
m2007 26 32 36 46 1332 1336 1346 1832 2332 2336 2346 4836 
m606 32 36 41 46 1641 1646 2332 2336 2341 2346 4136 4586 
m2825 5 13 14 38 46 655 705 746 1913 1914 1946 2305 2313 3213 
m2793 37 46 1887 1896 2337 2346 
m847 45 
m1023 38 46 1946 2346 
m766 38 45 46 1945 1946 2296 
m1211 46 
m240 22 32 46 1122 1132 1146 2332 2346 4846 
m657 12 23 30 36 41 612 630 636 641 1191 1523 1541 1812 1823 1830 1836 1841 2062 2073 2086 2091 3123 
m264 13 22 33 49 699 1113 1122 1149 1672 1699 4163 
m871 22 46 49 2322 2346 2496 
m2077 22 36 46 1822 1846 2322 4846 
m2488 20 23 1020 1023 1170 
m884 5 46 2305 
m2246 22 26 33 1126 1133 1676 
m2449 6 14 32 314 332 732 
m2356 36 40 41 1836 1840 2036 2086 2090 2091 4586 
m1271 37 46 1896 
m2625 22 24 1124 
m2362 5 45 2255 2295 
m902 32 36 41 46 1636 1641 1841 2332 2336 2341 4136 4336 4341 4836 4846 
m1159 5 26 30 37 46 1337 1346 1505 1855 1880 2305 2330 2337 2346 4837 4846 
m212 5 37 45 46 1855 2255 2287 2296 2305 4837 
m2594 36 45 1845 2286 2295 
m1487 32 37 46 1632 1637 1882 2332 2337 
m1224 23 38 46 1188 1923 1938 1946 2338 2346 3696 4823 
m230 22 23 36 40 41 46 49 1123 1136 1141 1191 1836 1841 2022 2023 2036 2041 2322 2323 2336 2340 2341 2349 2472 2473 2486 2490 2491 2499 4323 4336 4836 
m2936 22 45 46 1145 1146 2345 4846 
m962 23 36 40 45 46 49 1190 1195 1836 1840 1845 2023 2036 2040 2045 2046 2049 2323 2336 2340 2345 2473 2486 2496 3686 4323 4336 4836 
m1118 13 22 46 1113 1122 1146 2313 2322 2346 
m1423 23 36 40 41 44 1186 1190 1191 1194 1840 1841 2041 2240 2241 4736 
m2897 44 46 2344 2346 
m661 13 22 45 46 672 2263 2272 2295 2296 2313 2322 2346 4813 
m2186 22 23 30 36 40 1122 1123 1130 1136 1172 1173 1180 1186 1190 1522 1523 1530 1536 1540 1822 1823 1830 1840 2022 2023 2030 3673 
m2947 13 33 49 2463 2483 4163 
m2645 45 2295 
m544 46 2346 4846 
m14 11 13 22 45 563 572 595 695 1113 1145 
m1790 32 46 1632 1646 2332 
m2775 13 22 33 36 40 672 686 690 1113 1122 1133 1136 1140 1672 1686 1690 1822 2022 2036 3183 
m990 5 14 26 45 705 745 1305 1314 1345 2255 
m1721 45 46 2296 2346 
m1298 16 23 36 1186 1816 3666 
m722 36 40 46 1836 1840 1846 2036 2040 2046 2336 2340 2346 4336 4346 
m2713 14 38 738 
m352 36 38 40 45 1845 1936 1938 1940 1945 2036 2045 2286 2295 4336 
m1137 22 36 37 40 46 1137 1146 1822 1837 1846 1872 2022 2036 2046 2322 2337 2346 4346 4837 
m296 38 45 2288 
m239 12 22 23 36 41 46 49 622 623 636 641 649 1123 1136 1141 1191 1822 1823 1841 2322 2323 2336 2341 2349 2472 2473 2486 2491 3136 4323 4336 4812 
m72 38 46 1946 
m1537 32 1632 
m1037 26 46 49 1346 1349 2346 2496 2499 
m2191 27 36 40 46 1827 1840 2027 2036 2040 2327 2340 4836 
m963 5 36 41 45 46 286 291 1836 1841 2286 2291 2296 2305 2336 2341 4836 
m1253 13 22 36 40 1113 1122 1136 1140 1813 1840 2013 
m864 5 36 46 49 286 296 299 1836 1849 2305 2336 2346 2349 4836 4846 
m1531 22 38 44 46 1146 1946 2344 2346 4846 
m205 13 46 2313 
m2543 22 45 46 1145 1146 2296 
m1931 22 46 2322 
m46 37 45 46 1895 2337 2345 2346 4396 
m392 22 45 2272 
m2149 14 36 49 1814 1849 2464 
m1114 14 22 36 46 722 736 1822 2314 2322 4836 
m2458 5 36 45 46 286 295 1845 2305 2336 2345 4336 
m656 22 37 40 46 1137 1140 1146 1890 2022 2037 2046 2322 2337 2340 2346 4396 
m1300 40 46 2046 2346 
m2335 
m1567 22 46 48 1146 2348 
m1495 22 45 1145 
m1969 22 36 40 46 1136 1146 1836 1840 1846 2036 2046 2336 2340 2346 4836 
m1212 13 22 41 691 1113 1122 1141 
m966 45 2295 
m957 46 
m989 37 46 4396 
m2768 22 23 36 40 41 46 49 1122 1123 1136 1140 1141 1149 1173 1186 1190 1822 1823 1836 1841 1849 2022 2023 2036 2040 2046 2072 2073 2086 2322 2323 2336 2341 2349 2472 2473 2486 2491 3673 3686 4323 4336 
m2376 33 1683 
m700 37 38 46 1888 1938 2338 4837 
m210 13 22 26 33 36 40 672 686 690 1113 1122 1133 1136 1140 1313 1322 1333 1336 1340 1663 1672 1683 1686 1690 1822 2022 2036 3183 
m1673 37 40 46 1890 1896 2040 2046 2340 2346 4837 
m1661 22 44 46 1146 2344 2346 4846 
m1971 13 33 46 2313 2333 2346 4163 4813 4833 
m954 22 44 45 46 1144 1145 1146 2294 2296 2344 2346 
m1619 13 16 38 688 838 3313 
m1980 22 23 30 36 46 1172 1522 1523 1536 1822 2322 2330 2336 2346 3686 4823 4836 
m1627 45 2295 
m1186 22 23 36 40 46 49 1172 1822 1823 1836 1840 1849 2022 2023 2036 2040 2046 2049 2322 2323 2336 2349 2473 2486 3686 4336 4346 4836 
m2036 22 26 46 1146 1322 1326 1346 
m1777 41 46 2341 
m2316 22 38 45 46 1138 1145 1146 1938 1945 1946 2345 
m69 36 46 2336 2346 4836 
m823 22 23 36 41 1123 1136 1141 1191 3686 4341 
m803 22 36 40 41 45 46 49 1122 1136 1140 1146 1149 1836 1841 1846 2036 2041 2046 2272 2295 2296 2299 2336 2341 2346 2472 2486 2490 2496 2499 4341 4836 
m1364 14 30 46 730 746 2330 
m1248 22 44 46 1146 2222 2246 2322 2344 2346 4846 
m2964 20 37 46 1870 2320 2337 
m2070 38 45 46 1945 2288 2295 2296 2338 2345 
m1386 11 13 33 563 583 4163 
m1630 13 14 22 672 722 3213 
m1222 23 41 1191 2073 2091 
m1608 14 22 23 36 723 1114 1123 1136 1186 3236 
m2103 23 36 40 46 49 1836 1840 1846 1849 2023 2036 2040 2046 2049 2323 2336 2473 2486 2490 2496 3686 4323 4336 4836 
m2818 22 36 40 41 1822 1836 1841 2036 2041 2072 2086 2090 2091 4586 
m2330 22 26 44 46 1146 1322 1344 1346 2344 2346 4846 
m2082 23 30 45 46 1173 1180 1196 2273 2296 2330 2346 4823 
m2479 14 36 40 45 736 740 745 1840 2036 2286 2290 4336 
m2795 22 23 36 40 41 1122 1123 1136 1140 1141 1172 1173 1822 1823 1836 1840 1841 2023 2036 2040 2041 2072 2073 3673 4341 
m644 14 22 722 1114 1122 
m1475 37 38 46 49 1887 1888 1899 1937 1946 2337 2338 2346 2349 4396 4837 
m2012 22 23 30 36 40 41 1122 1123 1130 1136 1140 1172 1180 1186 1522 1523 1536 1822 2023 2030 2036 2072 2073 2080 2086 2090 3673 4323 
m2413 11 38 46 588 596 1911 1938 1946 2338 
m2727 22 23 36 45 1122 1123 1136 1172 1173 1186 2272 2273 3673 
m1604 9 36 1809 1836 2959 4309 4336 
m2460 14 36 49 736 749 1849 
m1914 
m729 
m1135 22 46 1146 2346 
m688 45 2295 
m633 26 37 38 46 1876 1926 1937 1946 2326 4396 
m504 14 34 46 734 746 2334 
m2299 13 33 3183 
m1196 5 13 22 45 46 655 1113 1145 1146 2255 2263 2296 2305 2313 
m1297 8 
m2970 23 30 36 39 40 41 1173 1186 1189 1191 1523 1536 1539 1541 1823 1973 1986 1990 1991 2023 2036 2073 2086 2089 2090 2091 3686 4336 4586 
m2919 22 36 40 46 1122 1136 1140 1146 1822 1836 1840 1846 2022 2036 2046 2322 2336 2340 2346 4346 4836 
m1924 22 30 46 1522 1546 2322 4846 
m2259 36 40 45 46 1845 2036 2040 2045 2046 2296 4346 
m3 10 30 46 530 2310 2330 
m1965 13 23 36 1186 1813 3663 
m1391 32 36 38 46 1832 1932 1936 1938 1946 2332 2336 2346 4836 
m617 17 22 41 46 872 891 1141 2322 2341 4817 
m1240 14 40 46 740 746 2014 2040 2046 2314 2340 2346 4814 
m68 23 30 36 40 46 1173 1190 1196 1523 1536 1540 1546 1823 1840 2023 2046 2340 3696 4323 4346 
m2787 45 46 2296 
m2772 12 26 45 46 645 1312 1345 1346 2345 4812 
m1903 26 37 46 1876 2326 2337 
m855 22 41 1141 
m1904 45 46 2296 
m1485 32 36 38 41 46 49 1641 1646 1938 1941 1946 1949 2332 2336 2341 2346 2482 2486 2491 2496 4136 4586 
m1595 23 30 45 1180 1195 1523 1530 1545 2273 2280 2295 3673 
m50 13 22 32 38 46 682 1113 1132 1146 1913 1922 1932 1946 2313 2332 
m1448 22 46 1122 1146 
m2941 36 45 46 1845 2336 2345 2346 4836 
m2462 46 
m2428 22 23 45 1122 1123 1145 1173 2272 2273 2295 3673 
m2729 13 14 22 46 672 722 1113 1114 2313 2322 3213 4814 
m2852 45 46 2296 2345 4846 
m278 22 45 46 1146 2272 2296 4846 
m2552 5 13 14 33 263 283 705 713 733 3183 
m435 22 36 40 46 49 1822 1846 1849 2022 2036 2040 2046 2049 2322 2472 2496 
m580 13 22 33 36 40 45 672 686 690 695 1122 1136 1140 1672 1686 1690 1822 2022 2036 2272 2283 2286 2290 3183 
m1402 26 32 36 38 46 1332 1336 1346 1832 1926 1932 1936 1946 2332 2336 2346 4836 
m2441 13 37 4363 
m1632 22 23 36 40 49 1122 1123 1136 1140 1149 1173 1186 1190 1822 1823 1836 1849 2023 2036 2472 2473 2486 3673 3686 4323 4336 
m1456 38 46 1946 2338 2346 
m465 32 46 1632 1646 2332 2346 
m742 22 30 36 39 41 1136 1139 1522 1536 1539 1541 1986 2072 2089 4586 
m450 22 38 44 45 46 1146 1922 1944 1946 2272 2288 2294 2296 2344 2346 4846 
m87 23 32 45 46 1182 2273 2282 2296 2323 2332 2346 4823 
m292 22 23 30 1122 1123 1130 1172 1173 1180 1522 1523 1530 3673 
m1975 22 45 46 1122 1145 1146 2272 2295 2296 2345 
m1590 22 40 44 46 1146 2022 2044 2046 2344 2346 4846 
m109 14 714 
m556 22 37 41 46 1137 1141 1146 2087 2096 4837 
m2412 22 23 30 36 40 41 1123 1136 1140 1141 1173 1180 1823 1830 1836 1840 1841 2023 2030 2036 2040 2041 2073 2080 3673 4586 
m2239 26 36 41 46 1826 2076 2096 2326 4346 4586 
m1160 22 36 40 1136 1140 1840 2036 2040 
m2079 11 13 33 563 583 661 1661 4163 
m2426 13 36 40 45 686 1813 1840 1845 2013 2036 2045 2263 2286 4336 
m2563 
m2344 17 46 2317 2346 4817 
m2478 14 36 40 45 736 740 745 1840 2036 2286 2290 4336 
m1191 22 41 1122 1141 
m815 36 40 41 46 1841 2036 2040 2041 2046 2086 2090 2091 2096 2336 2340 2341 2346 
m2670 22 23 36 40 41 46 49 1123 1136 1140 1149 1173 1186 1190 1199 1840 2022 2023 2036 2040 2041 2049 2072 2073 2086 2090 2099 2322 2323 2340 2341 2473 2486 3673 3686 4323 
m2570 33 36 41 1686 2083 4586 
m1204 45 46 2345 
m2846 19 46 969 996 2319 2346 
m582 23 30 38 45 46 1180 1923 1930 1946 2273 2280 2288 2296 2330 2346 4823 
m165 22 38 44 46 1122 1144 1146 1922 1946 2344 2346 4846 
m423 3 32 36 41 46 186 191 1603 1641 2303 2332 2336 2341 4136 4586 
m975 22 23 30 36 40 45 46 1122 1123 1130 1136 1140 1145 1146 1172 1173 1180 1190 1196 1522 1523 1536 1545 1546 1822 1823 1830 1840 1845 1846 2022 2023 2030 2036 2040 2045 2046 2272 2273 2280 2286 2290 2296 2322 2323 2330 2336 2340 2345 2346 4823 
m1223 32 36 46 2332 2336 2346 4332 4836 
m464 14 36 40 46 1814 1846 2014 2036 2040 2046 2346 4346 4814 
m2089 22 44 46 1146 2344 2346 4846 
m984 36 41 1841 2086 
m2213 22 45 1122 1145 2272 
m1209 22 23 36 40 46 48 1123 1136 1140 1146 1148 1190 1840 2022 2023 2036 2046 2048 2336 2340 2346 2423 2436 2440 2446 3696 4323 4346 4823 
m2451 5 45 295 
m457 13 17 22 45 46 672 872 2263 2267 2272 2295 2296 2313 2317 2322 3363 
m1291 22 44 46 1144 1146 2246 2322 2344 2346 4846 
m684 14 36 40 46 740 746 1840 2014 2036 2040 2046 2336 2340 2346 3236 4346 4814 
m1431 30 39 1980 
m2659 45 46 2345 2346 
m1606 13 46 2313 2346 4813 
m913 30 45 46 2280 2296 2330 2346 
m911 22 36 40 41 49 1122 1136 1140 1141 1149 1841 1849 2022 2036 2041 2049 2486 2491 4336 
m29 5 36 45 286 295 1845 4336 
m1215 14 36 1814 4314 4336 
m721 9 14 709 
m829 46 
m658 14 22 36 46 49 722 736 749 1814 1822 1849 2322 2336 2349 2472 4336 4814 
m588 13 33 46 1663 1683 2313 2333 4163 4833 
m2802 37 40 45 46 1890 2287 2290 2296 2340 4396 
m1183 21 1071 
m1093 8 36 46 1808 2308 2336 2346 4836 
m384 36 40 45 46 1845 2036 2040 2045 2046 2295 2296 2345 4346 
m801 13 33 45 2263 2283 3183 
m2906 17 22 1117 
m1438 46 2346 
m2080 22 44 46 1144 1146 2222 2246 2322 2344 2346 4846 
m2175 5 22 30 37 46 272 280 287 296 1522 1537 1855 1872 1880 1887 1896 2305 2322 2330 2337 2346 4387 4837 
m626 5 22 36 46 49 272 286 296 299 1149 1822 1849 2322 2346 2349 4836 
m1078 22 39 45 46 1122 1146 1972 1995 1996 2272 2296 
m1176 14 23 30 46 1514 1523 1546 2314 2323 2330 2346 3664 4814 4823 
m2074 22 30 39 1139 1980 
m2689 9 14 36 49 709 1809 1814 1836 1849 2459 2464 2486 2499 
m760 14 46 714 746 2314 2346 3246 4814 
m521 14 40 46 740 2014 2040 2046 2340 2346 3246 4814 
m113 6 42 46 346 2146 2842 
m1319 18 45 945 
m2105 36 40 46 2036 2046 2340 2346 4836 4846 
m2834 13 22 32 36 40 672 686 1113 1122 1136 1140 1613 1622 1636 1822 1836 1840 2022 2036 2040 
m2112 22 36 41 46 1822 2072 2096 2322 4586 4836 
m1101 14 
m1036 37 45 1895 
m383 22 44 45 46 1146 2272 2296 2344 2346 4846 
m2018 3 30 45 46 180 195 2280 2296 2330 2345 2346 2696 4803 
m2609 12 26 34 45 46 634 645 1312 1334 1345 1346 1734 2284 2334 2345 4812 
m2714 
m2483 14 45 745 
m2133 5 13 33 46 263 283 2305 2313 2333 4163 
m2198 13 33 4163 
m164 23 30 36 40 46 49 1180 1830 1836 2023 2030 2036 2046 2049 2323 2330 2336 2473 2486 2496 4323 4836 
m1076 41 46 2091 2096 2341 
m2276 23 30 37 46 1180 1880 2323 2330 2337 2346 4373 4823 4837 
m1560 22 46 1146 
m690 12 14 36 40 41 46 636 640 641 736 740 741 1841 2036 2041 2314 2336 2340 2341 3114 3236 4336 4812 
m42 5 30 45 46 280 2255 2280 2296 2305 2330 
m2121 30 36 40 46 48 1830 1848 2036 2046 2330 2336 2346 2348 2430 
m2751 30 36 46 1830 2330 2336 2346 4336 
m938 42 45 2145 
m70 32 38 46 49 1649 1932 1949 2332 2338 2346 2349 4846 
m2865 13 22 30 47 680 697 1113 1122 1130 1147 2380 
m1645 22 23 36 41 46 49 1141 1172 1191 1822 1823 1841 1846 2322 2323 2341 2472 2473 2486 2491 2496 
m2782 5 45 46 2255 2296 2305 
m2923 37 45 1895 
m2336 22 45 1145 
m1305 32 36 44 46 1832 1836 1844 2232 2236 2332 2336 2344 2346 4332 4336 4736 4836 
m1882 23 32 42 1182 1192 1642 
m2554 14 36 40 49 749 1814 1849 2014 2036 
m822 14 32 48 732 2414 2432 
m2721 5 14 22 33 36 40 264 272 283 286 290 722 736 740 1122 1136 1140 1672 1686 1690 1822 2022 2036 3233 
m995 33 37 38 1933 1937 4383 
m2595 45 46 2295 2345 
m545 22 37 38 45 46 1872 1922 1937 1945 1946 2272 2287 2296 2322 4837 
m1427 14 32 732 1614 1632 
m1081 8 46 2308 2346 4846 
m2525 23 45 46 1195 2323 2345 3673 
m1602 7 45 46 2257 2295 2296 2307 2346 
m1782 14 22 1114 
m1070 41 
m2584 26 32 36 38 46 1332 1336 1346 1832 1926 1932 1936 1938 1946 2332 2336 2346 4836 
m351 30 37 46 1880 2330 4837 
m2681 
m1026 12 22 23 36 40 41 46 49 640 1123 1136 1141 1149 1162 1186 1190 1196 1199 1812 1840 1846 1849 2062 2073 2086 2090 2096 2099 2340 2462 2486 2496 3146 3686 4312 4336 
m2494 41 45 2091 2095 2291 2295 
m920 22 46 2322 2346 
m816 22 33 38 46 1122 1133 1146 1672 1922 1933 1946 2322 4833 
m1705 22 23 36 40 1123 1136 1173 1186 1190 1836 1840 2036 3673 3686 
m2031 22 23 30 36 40 41 46 1122 1123 1130 1136 1140 1141 1146 1191 1523 1536 1541 1546 1822 1841 1846 2023 2030 2036 2040 2041 2046 2072 2091 2341 3696 4323 4586 
m1086 17 33 38 45 895 1695 1917 1933 1938 1945 3383 
m1190 13 25 38 46 675 1913 1925 1946 2313 2325 
m1644 13 16 3313 
m1178 22 41 1122 1141 2072 
m1546 5 22 1105 1122 
m1505 32 49 1649 
m371 36 41 44 1841 2086 2091 2094 2236 2241 2244 
m455 22 44 46 1144 1146 2246 2344 2346 4846 
m2708 22 23 36 49 1123 1136 1172 1173 1186 1199 1822 1823 1849 2472 2473 2486 3673 4323 4336 
m1453 38 46 1946 2338 2346 
m1017 23 30 40 45 46 1173 1180 1523 2023 2030 2046 2273 2280 2290 2296 2323 2330 3673 4823 
m249 22 36 40 41 49 1136 1140 1141 1822 1836 1840 1841 2036 2072 2086 2090 2091 2472 2486 2491 4336 
m2788 13 33 36 40 47 686 690 697 1686 1690 1697 1840 1847 2036 2040 2047 3183 4336 
m1642 12 14 32 37 46 614 632 732 737 1882 2314 2332 2337 3137 4812 
m244 23 45 1195 2273 2295 
m679 5 45 46 2255 2296 2305 
m1316 13 32 38 46 682 1913 1932 1946 2313 2332 
m1320 22 44 46 1144 1146 2344 2346 
m443 32 36 37 1632 1637 1882 1886 1887 4136 4332 
m1515 30 40 46 2030 2040 2046 2330 
m2901 12 22 23 36 40 45 46 49 622 623 636 640 645 649 1123 1136 1140 1145 1195 1822 1823 1840 1845 1849 2012 2023 2036 2045 2046 2049 2322 2323 2336 2340 2345 2349 2472 2473 2486 2490 2495 3136 4323 4336 4812 
m1218 22 26 44 46 1146 1346 2344 2346 4846 
m1532 5 32 1605 
m618 22 45 46 1145 1146 2296 4846 
m2633 13 22 36 49 699 1113 1122 1136 1149 1813 1849 
m1763 22 36 41 49 1122 1136 1141 1149 1822 1841 1849 2072 2086 2091 2099 2472 2486 2491 4336 
m1157 12 38 40 45 46 1912 1945 1946 2012 2038 2045 2046 2262 2296 2312 2346 4812 
m2526 32 36 46 1832 2332 2336 2346 4836 
m2796 22 37 40 46 1872 2037 2046 2322 2337 2346 4837 
m2918 23 28 36 1178 1186 1823 1828 1836 3673 
m715 22 41 44 46 1146 2072 2094 2096 2344 2346 4846 
m1600 30 36 38 1530 1536 1538 1830 1836 1838 1930 1936 1938 4036 4330 
m2094 14 22 23 30 36 40 41 741 1123 1130 1136 1140 1141 1191 1523 1536 1540 1541 1823 1841 2023 2036 2041 2072 2073 2080 2086 2090 2091 3673 4323 
m1417 22 36 46 1822 2322 2336 2346 
m444 22 26 38 46 1122 1146 1322 1338 1346 1922 1938 1946 2322 
m1614 22 23 36 1123 1136 3686 
m1476 45 49 2295 2299 
m1846 14 22 27 40 727 1114 1127 2014 2022 2027 
m1163 36 46 2336 
m478 13 22 1113 1122 
m1338 22 44 46 1144 1146 2246 2344 2346 4846 
m1168 22 23 36 40 46 49 1172 1822 1836 1849 2022 2023 2036 2046 2049 2322 2323 2336 2349 2472 2473 2486 4323 4336 4836 
m378 38 45 1938 1945 2288 2295 
m2485 15 22 46 772 2322 4815 
m2627 14 45 46 745 746 2345 
m919 38 41 46 1938 1941 1946 2341 
m1818 16 36 46 49 1816 1846 2316 2346 2486 2496 
m409 6 42 4606 
m2241 45 46 2296 
m1832 45 2295 
m2866 23 36 40 46 49 1836 1840 1846 1849 2023 2036 2040 2046 2049 2323 2336 2473 2486 2490 2496 3686 4323 4336 4836 
m1752 22 36 37 40 46 1122 1136 1137 1140 1146 1822 1837 1840 1846 1872 2022 2037 2046 2322 2336 2340 2346 4396 4837 
m1293 22 44 46 1146 2344 2346 4846 
m1684 45 46 2345 
m127 5 22 44 46 272 296 1144 1146 2205 2246 2305 2322 2344 2346 4846 
m1566 22 23 1123 1173 3673 
m1657 22 44 46 1146 2246 2344 2346 4846 
m1862 13 37 4363 
m1347 22 23 30 1122 1123 1130 1172 1173 1180 1522 1523 1530 3673 
m374 32 36 38 41 46 1641 1646 1932 1936 1941 1946 2332 2336 2341 2346 4136 4586 
m2900 22 46 1146 
m460 13 16 49 699 849 3166 
m2280 26 33 45 1333 1345 1695 
m2913 23 30 36 46 1173 1180 1186 1196 1523 1530 1536 1546 1823 1830 1836 1846 2323 2330 2336 2346 3696 4823 4836 
m298 13 22 45 695 1113 2263 2272 2295 
m108 38 46 1946 
m1151 22 23 36 40 46 49 1172 1822 1836 1849 2022 2023 2036 2040 2046 2049 2322 2323 2336 2349 2472 2473 2486 4323 4336 4836 
m2968 22 36 45 1136 1145 1845 
m735 37 45 46 1895 2345 4837 
m2014 5 26 45 46 276 296 1305 1326 1346 2255 2276 2296 2326 
m48 26 45 46 2276 2296 2326 
m2841 22 23 30 1122 1123 1130 1172 1173 1180 1522 1523 1530 3673 
m2401 36 38 40 45 1838 1936 1938 1940 2036 2038 2286 2288 
m106 22 36 37 46 49 1136 1137 1146 1149 1846 1849 1886 1899 2349 4396 
m2099 13 33 663 683 1663 1683 3183 4163 
m826 22 23 36 40 46 49 1172 1822 1823 1836 1840 1849 2022 2023 2036 2040 2046 2049 2322 2323 2336 2340 2349 2473 2486 2490 4323 4336 4346 4836 
m342 45 
m1284 8 22 36 46 1122 1146 2308 2336 2346 4308 4836 
m2836 32 45 46 1632 1646 2282 2296 2332 
m1358 9 14 22 44 46 709 744 746 1109 1114 1122 1144 1146 2209 2246 2309 2322 2344 2346 4814 
m2495 14 49 2464 
m66 9 36 45 46 486 495 496 1845 2309 2336 2345 2346 
m1110 32 36 41 46 1641 1646 2332 2336 2341 2346 4136 4586 
m1022 36 38 48 1838 1848 1936 1948 2436 2438 2448 
m1603 23 30 36 40 41 1523 1536 1540 1830 1836 1840 2023 2036 2073 2080 2086 2090 3686 4323 4586 
m637 8 45 46 49 408 446 449 2258 2296 2299 2349 
m97 37 46 1896 2337 2346 4837 
m732 6 14 32 36 49 706 714 732 736 749 1606 1636 1806 2456 2482 2486 
m2439 18 45 2268 
m2579 49 
m795 18 
m1919 45 2295 
m828 5 13 22 26 33 46 263 283 672 1305 1313 1322 1333 1346 1672 2305 2313 2322 2333 4163 
m479 13 22 33 36 40 1113 1122 1133 1136 1140 1813 1833 1840 2013 2033 4163 
m839 22 36 45 46 1136 1146 1845 1846 2336 2345 2346 4836 4846 
m2598 22 36 41 49 1122 1136 1141 1149 1822 1841 2072 2086 2091 2099 2472 2486 2491 4336 
m1068 12 46 612 2312 2346 4812 
m702 5 32 36 45 1605 1805 1845 2255 2282 4332 
m1339 22 26 33 36 49 1133 1676 1822 1826 1833 1849 2472 2476 2483 
m2358 5 13 14 23 33 655 705 713 1155 1163 1164 1183 1655 1664 4163 
m226 13 46 2313 
m1275 36 40 41 46 49 1836 1841 1846 1849 2036 2040 2041 2046 2086 2096 2099 2336 2346 2349 4346 4586 4836 
m2648 22 37 46 1137 1146 2337 2346 4837 
m1584 22 38 40 45 46 1138 1146 1938 1940 1946 2272 2288 2290 2296 2340 2346 
m2676 27 45 46 2277 2296 2327 2346 
m1884 5 13 14 33 655 705 713 1655 1664 4163 
m681 22 23 30 1123 1130 1172 1173 1180 1523 3673 
m598 36 46 1846 2336 2346 4836 
m1916 45 46 2295 2296 2346 
m237 22 44 46 1146 2246 2344 2346 4846 
m1658 22 30 38 45 46 1130 1145 1146 1922 1930 1945 1946 2280 2296 2330 
m1739 5 7 36 46 49 286 296 299 355 386 396 1836 1849 2336 2346 2349 2486 2499 4836 
m2215 36 39 40 1836 1839 1840 1986 1990 2036 2039 
m1863 22 37 46 1137 1146 4837 
m2324 30 37 40 46 1537 1540 1546 1890 2340 4396 
m659 22 23 32 46 1123 1132 1146 1182 1196 2332 
m2162 22 23 30 39 41 1123 1130 1139 1141 1523 1973 1980 1991 2073 2080 3673 4473 
m1274 10 36 46 1810 2310 2346 4836 
m2514 22 36 40 46 48 1822 2022 2036 2322 2336 2340 2436 2440 2446 
m2910 17 22 1117 
m1828 8 37 46 437 446 4837 
m1198 14 46 714 3246 4814 
m1547 37 40 46 2037 2046 2337 4837 4846 
m1193 22 23 30 38 41 1122 1123 1130 1138 1172 1173 1188 1522 1523 1530 1538 2072 2073 2080 2088 3673 
m1130 22 44 46 1146 2246 2344 2346 4846 
m2042 22 23 41 1122 1123 1141 1173 2072 2073 3673 
m430 22 36 45 1136 1145 1845 
m2656 
m2803 5 13 33 46 655 1655 2305 2313 2333 4163 
m1958 22 23 36 40 46 49 1123 1136 1140 1146 1149 1190 1822 1840 2023 2036 2040 2046 2049 2322 2336 2340 2346 2472 2473 2486 2496 3696 4323 4346 4823 
m2971 5 23 37 46 49 299 1155 1173 1199 1855 1873 1899 2305 2323 2349 4837 
m2002 22 36 41 46 49 1141 1822 1841 1846 2322 2341 2486 2491 2496 
m2421 5 13 30 33 46 655 680 1505 1655 1680 2305 2313 2330 2333 4163 
m1660 22 44 46 1146 2222 2244 2246 2344 2346 4846 
m2952 5 36 45 46 286 295 1845 2255 2286 2295 2305 2336 2345 4336 
m1736 21 
m2000 36 40 46 1840 2336 2340 
m1309 14 21 46 721 746 1096 
m2892 22 44 46 1146 2222 2244 2246 2344 2346 4846 
m2005 22 45 46 2272 2296 2322 2346 
m1285 22 38 44 46 1146 1922 1944 1946 2344 2346 4846 
m2435 36 37 40 46 1836 1837 1840 1846 2036 2037 2040 2046 2337 2346 4346 4837 
m1201 22 23 30 1122 1123 1130 1172 1173 1180 1523 3673 
m309 36 37 40 46 1837 1846 2036 2037 2040 2046 2337 2346 4346 
m2237 45 46 2296 
m2393 32 36 38 41 46 1641 1646 1932 1936 1941 1946 2332 2336 2341 2346 4136 4586 
m93 22 46 49 1146 1149 2349 2472 2496 
m2201 22 23 30 32 36 40 46 1122 1123 1130 1132 1136 1140 1146 1172 1173 1522 1523 1530 1532 1540 1546 1623 1630 1646 1822 1823 1830 1832 1840 1846 2022 2023 2030 2032 2036 2040 2046 2322 2323 2330 2332 2340 2346 3696 4823 
m2016 14 27 36 46 48 736 746 748 1364 1386 1396 1398 1846 1848 2446 
m1044 22 23 37 46 1123 1137 1146 2323 2337 3687 4837 4846 
m1887 23 30 36 41 1523 1823 1830 2073 2080 3673 4323 4586 
m614 32 1632 
m1804 37 45 46 1895 2337 2345 2346 
m666 22 30 36 40 46 1122 1130 1136 1140 1146 1536 1540 1546 1836 1840 1846 2022 2030 2036 2040 2046 2322 2330 2336 2340 2346 4346 
m2886 45 49 2295 2299 
m1021 37 46 2346 4396 4837 
m116 22 44 46 1146 2344 2346 4846 
m850 5 11 15 33 38 46 565 583 588 596 755 1655 1696 1915 1933 1946 2305 2315 4165 
m2209 14 714 
m2603 12 36 40 46 49 636 640 649 1836 1849 2036 2049 2336 2340 2349 2499 4812 
m713 5 46 2305 2346 4846 
m725 36 40 46 1836 1840 1846 2036 2040 2046 2336 2340 2346 4336 4346 
m1519 22 23 36 41 49 1123 1136 1141 1172 1173 1186 1191 1199 1822 1823 1841 1849 2072 2073 2086 2091 2099 2472 2473 2486 2491 3673 3686 4323 4336 
m1872 22 30 46 1130 1146 2322 2330 2346 
m1787 12 45 46 645 2345 4812 
m1689 26 
m262 22 32 36 40 46 1122 1132 1136 1140 1622 1632 1636 1640 1840 2040 2322 2332 2336 2340 2346 
m2145 14 22 1114 1122 
m1998 45 2295 
m743 26 45 46 1345 1346 2295 2345 
m2411 23 36 41 1823 2073 3673 4323 4586 
m1695 38 40 46 49 1940 1946 1949 2046 2490 2496 
m2182 
m2275 41 2091 
m2467 45 2295 
m1059 14 30 37 714 730 737 1880 3237 
m1550 5 14 30 46 705 730 1505 2305 2314 2330 2346 4814 
m1682 
m2537 22 23 36 40 46 49 1172 1186 1190 1822 1823 1836 1840 1849 2022 2023 2036 2040 2046 2049 2322 2323 2336 2340 2349 2473 2486 2490 3686 4336 4346 4836 
m2578 22 36 40 46 1122 1136 1140 1146 1840 2040 2336 2340 
m1354 46 2346 
m77 26 46 1326 1346 2326 2346 3826 
m2967 5 13 22 38 46 655 696 1113 1146 1913 1922 1946 2305 
m1265 22 44 46 1144 1146 2246 2322 2344 2346 4846 
m2078 8 22 36 45 46 1108 1122 1136 1145 1146 2258 2286 2295 2296 2308 2336 2346 4308 4836 
m2630 23 45 46 1195 2323 2345 2346 
m2521 23 30 38 41 46 49 1173 1523 1930 1938 1941 1946 1949 2073 2080 2323 2330 2341 2473 2480 2491 2496 3673 
m669 14 46 2346 4814 
m2076 13 45 2263 
m2951 13 33 4163 
m1674 32 36 46 49 1632 1636 1649 1849 2332 2336 2346 2349 
m1767 23 
m586 20 22 36 40 1120 1122 1136 1140 1820 1840 2020 
m1032 37 1887 
m1598 22 23 1122 1123 1172 1173 3673 
m880 5 14 30 46 264 296 1505 1514 1546 2305 2314 2330 2346 4814 
m2281 10 36 40 49 536 1810 1836 1849 2010 2036 2049 2460 2486 
m26 18 46 2318 2346 
m1734 14 45 2264 3214 
m1794 45 46 2296 2346 4846 
m132 13 22 44 46 694 1113 1122 1144 1146 2313 2344 
m971 36 41 45 1845 2095 2295 4586 
m2820 22 36 40 41 46 49 1136 1140 1141 1836 1849 2036 2086 2090 2322 2336 2340 2341 2349 4336 
m1084 40 45 46 2046 2290 2296 4846 
m647 
m2206 36 38 41 46 1838 2096 2338 4346 4586 
m758 14 22 23 46 1114 1123 1146 1196 2314 3664 
m324 23 45 1195 2295 
m958 23 36 40 45 46 49 1190 1195 1836 1840 1845 2036 2045 2323 2336 2340 2345 2473 2486 2496 3686 4323 4336 4836 
m2575 13 23 49 673 1163 1173 1199 2463 2473 2499 3163 
m1757 30 45 46 2280 2296 2330 2346 
m2341 22 45 1122 1145 2272 2295 
m1336 14 23 30 46 730 1180 2314 2323 2330 2346 3223 4814 4823 
m2396 22 
m1429 5 36 46 286 296 2305 2336 2346 4836 
m2430 22 36 41 49 1136 1149 1841 1849 2072 2086 2091 2099 2486 4336 
m1599 45 46 2295 2296 
m1907 26 36 46 1826 2326 2336 2346 4346 
m2377 13 33 45 2263 2283 4163 
m1289 37 41 46 2087 2096 4837 
m2692 38 40 41 46 49 1941 1946 2090 2340 2341 2488 2491 2496 
m1282 45 46 2296 
m589 26 27 46 1327 1346 2327 2346 
m1730 36 
m1004 36 37 40 46 49 1837 1849 1899 2036 2037 2046 2049 2336 2349 4837 
m2139 22 23 30 44 46 1130 1144 1146 1180 1523 1546 2223 2230 2246 2323 2330 2344 2346 4823 4846 
m1370 22 23 30 45 1123 1130 1145 1173 1180 1523 1530 2273 2280 3673 
m1411 22 38 46 1146 1922 1946 
m313 22 36 41 1122 1136 1141 1822 2072 4586 
m2827 22 36 41 46 48 1136 1141 1848 2086 2322 2336 2341 2348 4336 
m1952 20 22 23 30 38 1022 1023 1030 1038 1123 1130 1172 1173 1180 1188 1520 1523 1538 1922 1923 1930 1938 3673 
m379 10 32 46 1610 1632 1646 2310 2346 
m980 22 30 36 40 41 46 1122 1130 1136 1140 1141 1146 1536 1540 1541 1830 1836 1840 1841 2030 2036 2040 2041 2086 2090 2322 2330 2336 2340 2341 
m1008 20 22 23 46 1023 1120 1123 1146 1173 2320 2323 3673 4823 
m1928 5 13 33 263 283 3183 
m30 37 40 46 2037 2046 4837 
m354 13 33 45 46 2263 2283 2296 2313 2333 4163 
m185 13 22 44 46 694 1113 1146 2313 2344 
m1587 14 22 45 745 1114 1145 
m1334 22 44 46 1146 2322 2344 2346 4846 
m936 22 38 45 46 1145 1146 1922 1945 1946 2345 
m1711 14 22 44 46 1114 1144 1146 2214 2246 2314 2322 2344 2346 3246 4846 
m520 40 45 46 49 2045 2046 2299 2345 2349 
m1433 22 30 36 40 46 1136 1140 1522 1536 1540 1840 2036 2040 2322 2330 2336 2340 2346 4836 
m1503 13 36 40 46 696 1813 2013 2036 2040 2046 4346 
m1031 23 46 2323 2346 3696 4823 4846 
m1677 30 37 40 46 1880 1890 2030 2046 2330 4396 
m1080 11 13 33 45 563 583 595 695 1695 3183 
m879 17 40 46 890 2340 2346 3396 4817 
m35 23 30 36 40 1173 1180 1190 1523 1530 1536 1540 1823 1830 1836 1840 2023 2030 2036 2040 3686 4323 4336 
m1960 5 23 36 45 286 295 1155 1186 1195 1845 4336 
m1549 37 38 46 1937 1946 2337 2346 4837 
m2159 14 40 46 2014 2040 2046 2314 2346 4814 
m976 12 32 46 632 2332 4812 
m2518 26 32 36 46 1332 1336 1346 1832 2332 2336 2346 4836 
m2528 14 32 40 46 732 1632 1646 2014 2032 2046 2332 3246 
m1866 45 46 2345 2346 
m678 22 36 37 40 46 1122 1136 1137 1140 1146 1822 1836 1837 1840 1846 1890 2022 2036 2037 2040 2046 2322 2336 2337 2340 2346 4837 
m495 37 1887 
m2363 32 45 46 2282 2296 2332 
m104 45 46 2295 2345 2346 
m1596 13 22 33 36 40 1113 1133 1136 1140 1813 1833 1840 2013 2033 4163 
m213 37 40 46 1890 2037 2040 2046 2337 2340 2346 4396 
m993 37 39 40 46 1890 1987 1990 2340 4396 4496 
m537 22 36 40 46 49 1149 1822 1849 2022 2036 2049 2322 2336 2340 2349 
m2544 14 
m366 22 40 44 46 1146 2022 2046 2344 2346 4846 
m489 22 36 40 46 49 1146 1822 1840 1846 1849 2036 2046 2049 2322 2340 2472 2496 4846 
m4 22 40 45 46 1140 1146 2272 2290 2296 2340 
m535 26 37 41 46 1337 1341 1346 1891 2341 4837 
m914 17 36 46 49 1817 1846 1849 2349 2467 4817 
m543 13 22 33 36 40 48 672 686 690 1113 1122 1133 1136 1140 1672 1686 1690 1822 2022 2036 2413 2422 2433 2436 2440 3183 
m660 18 36 40 1818 2018 2036 
m623 12 49 649 2462 
m1848 13 33 45 695 1695 4163 
m1187 23 30 45 46 1195 1523 1545 1546 2323 2330 2345 2346 3696 4823 4846 
m1629 22 23 36 40 46 1122 1123 1136 1140 1146 1172 1822 2022 2023 2036 2040 2046 2322 2323 2336 2340 2346 4323 4823 
m1428 8 408 
m2956 22 23 36 40 41 46 1122 1123 1136 1140 1141 1146 1190 1836 1840 2022 2023 2036 2040 2041 2046 2073 2086 2090 2096 2322 2323 2336 2340 2341 2346 3673 3686 4323 4823 
m728 11 45 595 
m2292 5 46 2305 
m1616 13 14 32 46 664 696 1613 1614 1646 4814 
m2533 5 33 45 46 1655 1695 2255 2305 2345 4833 
m1583 30 45 46 2280 2295 2296 2330 2346 
m1889 22 23 30 1123 1173 1522 1523 3673 
m667 12 22 23 36 41 46 49 622 623 636 641 649 1123 1136 1141 1191 1822 1823 1841 2322 2323 2336 2341 2349 2472 2473 2486 2491 3136 4323 4336 4812 
m270 13 22 36 40 672 686 690 1113 1122 1136 1140 1822 2022 2036 
m183 14 22 46 722 746 2322 
m1897 22 30 37 46 1130 1137 1146 1880 2330 4396 
m695 5 14 36 41 45 255 286 291 295 705 736 741 745 1845 2055 2086 2095 4336 
m1926 33 45 1695 2283 2295 
m694 12 22 23 36 41 46 49 622 623 636 641 649 1123 1136 1141 1191 1822 1823 1841 2322 2323 2336 2341 2349 2472 2473 2486 2491 3136 4323 4336 4812 
m2423 36 46 2336 
m552 22 27 36 46 49 1127 1136 1146 1149 1386 1396 1399 1827 1849 2322 2327 2336 2346 2349 2477 2486 2496 2499 
m2445 23 45 1195 2273 2295 
m2136 45 46 2295 2296 2345 
m2639 10 32 46 1610 1646 2310 
m1488 22 23 30 41 49 1123 1130 1173 1523 2072 2073 2080 2473 2480 2491 3673 
m2620 14 45 2264 
m2924 36 
m1601 22 23 1122 1123 1172 1173 3673 
m851 22 37 46 1872 2322 4837 
m889 14 46 49 2314 2346 2464 2496 4814 
m218 23 36 40 41 46 49 1191 1836 1841 2023 2036 2041 2073 2086 2090 2091 2096 2099 2323 2336 2340 2341 2349 2473 2486 2490 2491 2499 4323 4336 4836 
m220 46 
m114 30 36 39 40 46 1536 1540 1546 1830 1836 1840 1846 1980 1986 1990 1996 2030 2036 2040 2046 2330 2336 2340 2346 4346 4496 4836 
m399 13 22 1113 1122 
m254 5 13 14 33 263 283 705 713 733 4163 
m2665 22 23 30 1122 1123 1130 1172 1173 1522 1523 3673 
m2916 14 23 30 39 46 1189 1514 1523 1539 1546 1964 2314 2323 2330 2339 2346 3664 4814 4823 
m398 12 30 45 630 2262 2280 
m1490 40 45 2045 
m2193 23 32 46 1173 1182 1196 1623 1632 1646 2323 2332 2346 4823 
m221 36 45 49 1849 2286 2299 
m319 33 36 46 1686 2333 2336 2346 4833 
m939 22 46 49 1122 1146 1149 2349 2472 2496 
m2771 22 23 30 36 49 1123 1130 1136 1149 1522 1523 1530 1822 1823 1830 1836 1849 2472 2473 2480 2486 2499 
m2728 12 36 46 49 649 1812 1849 2336 2349 4812 
m1244 22 44 46 1146 2344 2346 4846 
m825 5 13 22 26 33 46 263 283 672 1305 1313 1333 1346 1672 2305 2313 2322 2333 4163 
m2354 23 30 40 1173 1190 1523 1530 1540 2023 2030 2040 3673 
m2104 40 46 49 2040 2046 2340 2490 2496 
m1536 27 28 36 46 1378 1386 1396 1828 2327 2328 2336 2346 4836 
m2342 37 46 49 1887 1899 2337 2346 2349 2487 2496 4396 4837 
m1002 5 32 36 45 1605 1805 2255 2282 2286 4332 
m2854 14 22 44 46 1114 1144 1146 2214 2246 2314 2322 2344 2346 3246 4846 
m2657 14 23 36 40 46 1814 1823 1846 2014 2023 2036 2040 2046 2314 2323 2346 3664 4346 4814 4823 
m1559 13 22 33 672 1672 3183 
m2147 23 30 36 41 1523 1823 1830 2073 2080 3673 4323 4586 
m2734 22 45 1145 
m1868 22 23 30 1122 1123 1130 1173 1180 1522 1523 1530 
m607 22 44 46 1146 2344 2346 4846 
m1439 26 33 46 49 1333 1346 1349 2349 2483 4833 
m2613 
m575 46 
m2976 22 23 36 40 41 46 1123 1136 1140 1141 1146 1190 1822 1823 1836 1840 1841 2023 2036 2040 2041 2046 2072 2073 2086 2096 2322 2323 2336 2340 2341 2346 3673 3686 4323 4346 4823 
m2742 36 40 45 46 1840 1845 2036 2040 2045 2340 2345 4836 
m1225 11 
m709 22 38 45 46 1145 1945 1946 2322 2345 
m1403 1 32 36 38 45 46 82 96 1901 1932 1936 1946 2251 2282 2286 2288 2296 2332 2586 4136 4836 
m316 13 22 46 1113 2313 2322 
m2614 13 33 36 40 48 698 1698 1813 1833 1848 2013 2033 2036 2048 4163 
m2663 22 37 45 46 49 1137 1146 2272 2287 2296 2299 2472 2487 2496 4837 
m1668 13 23 30 46 696 1163 1173 1180 1196 1513 1523 1530 1546 2313 2323 2330 2346 3196 3663 3696 4823 
m1864 22 23 30 36 41 1123 1130 1136 1523 1823 1830 2072 2073 2080 3673 4323 4586 
m1019 37 38 40 46 1890 1937 1938 1946 2340 4837 
m1426 22 23 30 45 46 1122 1123 1130 1145 1146 1195 1522 1523 1530 1545 1546 2273 2280 2295 2296 2322 2330 2345 2346 3696 4823 
m2102 26 33 46 1676 1696 2326 2333 2346 
m1507 22 23 36 49 1123 1136 1149 1173 1186 2473 2486 3673 4323 
m1694 12 45 46 645 2345 4812 
m927 22 36 41 49 1136 1141 1822 1841 1849 2072 2086 2091 2099 2472 2486 2491 4336 
m2039 14 45 714 745 2264 2295 
m336 22 46 1146 
m2357 36 38 40 46 1840 1846 1936 1940 1946 2036 2038 2040 2046 2336 2338 2340 2346 
m1809 45 49 2295 2299 
m1278 22 44 46 1144 1146 2246 2322 2344 2346 4846 
m2939 5 13 38 45 46 263 296 1905 1913 1946 2255 2263 2288 2296 2313 
m2345 22 44 46 1146 2344 2346 4846 
m608 22 23 30 38 1122 1123 1130 1138 1172 1173 1188 1522 1523 1530 1538 1922 1923 3673 
m1378 22 44 46 1146 2322 2344 2346 4846 
m2833 23 
m1988 22 36 40 46 48 1136 1140 1146 1848 2036 2040 2046 2336 2340 2346 2348 4336 4836 
m2463 38 46 1946 
m1441 46 2346 
m121 33 46 2333 2346 
m2737 5 45 295 2255 2295 
m143 3 22 30 38 172 180 188 1522 1922 1930 1938 
m1213 5 14 26 33 45 264 276 283 726 1676 2255 2264 2276 2283 3233 
m2399 22 36 40 46 1122 1136 1140 1146 1840 2040 2336 2340 
m2527 28 
m634 22 37 39 1137 1139 1987 
m2538 14 39 1964 
m2891 34 46 1746 
m17 12 14 27 46 712 746 1362 1364 1396 2312 2346 3246 4812 
m500 22 1122 
m245 12 22 36 40 46 49 636 1112 1136 1146 1149 1812 1836 1846 2022 2036 2040 2046 2312 2336 2346 2349 2462 2486 2496 3136 4336 4812 4836 
m1786 14 22 40 46 722 746 2014 2022 2046 2322 
m1028 37 1887 
m1770 14 33 40 46 733 740 746 1690 2340 4196 
m1112 36 48 1836 1848 2436 2448 4336 
m18 17 46 2317 2346 4817 
m2748 22 32 36 40 46 49 1622 1646 1822 1832 1836 1840 1846 1849 2032 2036 2046 2322 2482 2486 2490 2496 4332 
m2899 22 45 46 1145 2322 2345 
m1459 45 2295 
m2184 13 17 22 672 872 3363 
m272 12 29 36 46 612 629 636 1812 1829 1836 2312 2329 2336 2346 3136 4336 4812 4836 
m1834 36 40 46 48 2036 2040 2046 2048 2336 2346 2348 2436 4836 
m2158 23 36 40 46 49 1836 1840 1846 1849 2023 2036 2046 2049 2323 2336 2473 2486 2490 2496 3686 4323 4336 4836 
m1795 26 37 46 1337 1346 2337 2346 4837 
m1035 36 45 46 2286 2295 2296 2336 2346 4836 
m2549 18 23 1168 
m1263 45 
m565 17 46 4817 
m94 13 22 45 46 696 1113 1146 2263 2272 2296 
m2328 36 45 46 49 1845 2336 2345 2346 2349 2486 2495 2496 
m1277 22 26 44 46 1146 1346 2344 2346 4846 
m2576 14 30 46 730 746 1530 2330 
m2183 37 40 41 46 2037 2046 2087 2090 2096 4837 
m2044 13 25 38 46 675 1913 1946 2313 2325 
m2208 14 38 40 738 1914 1938 1940 2014 2038 2040 
m1543 14 40 46 2014 2046 2314 2346 4814 
m2674 22 33 46 1672 1696 2322 
m2294 5 15 38 40 46 755 1905 1915 1938 1940 1946 2005 2015 2038 2040 2046 2305 2315 2346 4815 
m1681 22 40 46 1140 1146 2340 
m1991 14 49 2464 
m2777 26 36 46 49 1326 1336 1346 1349 1826 1846 1849 2326 2476 2496 
m2468 32 36 4332 
m288 45 46 2295 2296 2345 2346 4846 
m416 36 38 46 1936 1946 4836 
m198 23 36 40 41 1186 1190 1191 1840 1841 2036 2040 2041 
m2822 22 36 40 41 46 48 1136 1140 1141 1148 1836 1848 2036 2086 2090 2098 2322 2336 2340 2341 2348 4336 
m1034 36 40 41 46 1836 1840 1841 1846 2036 2040 2041 2046 2336 2340 2341 2346 4346 4586 
m528 26 
m2166 45 2295 
m1944 37 45 1895 
m564 22 23 30 36 40 41 1123 1130 1136 1140 1172 1173 1180 1186 1190 1523 1822 1823 1830 1836 1840 1841 2022 2023 2030 2036 2041 2072 2073 2086 2090 3673 4323 4336 4586 
m2268 46 2346 
m1188 12 23 30 36 41 46 49 630 1180 1812 1830 1846 2062 2073 2080 2086 2096 2323 2330 2462 2473 2486 2491 2496 3123 4323 4812 
m1421 22 26 44 46 1146 1322 1344 1346 2326 2344 2346 4846 
m2678 26 45 46 1326 1345 1346 2276 2296 2326 
m674 23 36 40 41 1173 1186 1190 1191 1823 1840 2023 2036 2073 2086 2090 3673 4323 4336 4586 
m2719 13 22 38 1113 1122 1138 1913 1938 
m117 26 34 38 46 1326 1334 1346 1734 1926 1938 1946 2334 2346 
m2471 36 46 4836 4846 
m705 44 46 49 2344 2349 2494 
m488 22 40 46 1146 2022 2046 2346 
m1382 22 44 46 1146 2322 2344 2346 4846 
m255 7 26 46 1307 1346 2307 2346 
m497 22 32 37 1622 1872 1882 
m1999 26 32 33 37 1333 1626 1633 1637 1876 1883 
m1055 36 
m670 11 13 22 38 563 572 688 1113 1138 
m2978 13 22 23 32 36 40 41 672 673 686 690 691 1122 1123 1136 1140 1141 1186 1190 1191 1613 1622 1623 1636 1823 1840 1841 2023 2041 3673 
m402 5 14 32 705 1605 1614 
m64 12 23 36 41 46 636 1823 2062 2073 2096 2336 3123 4586 4812 4823 
m1129 14 32 714 732 
m1315 22 40 44 46 1146 2044 2046 2246 2344 2346 4846 
m2288 13 22 33 36 40 672 1113 1122 1133 1136 1140 1672 1813 1822 1833 1840 2013 2022 2033 4163 
m2199 13 22 32 46 682 1113 1122 1132 1146 2313 2322 2332 
m895 36 37 38 40 46 1836 1837 1840 1846 1886 1890 1936 1937 1940 1946 2036 2037 2038 2040 2046 2336 2340 4336 4837 
m355 3 45 153 2253 
m2955 22 37 46 1872 2322 2337 
m2455 12 45 46 645 2345 4812 
m207 36 49 1836 1849 2486 2499 4336 
m1465 32 45 1645 
m1793 45 46 2295 2296 2346 
m246 5 13 22 33 36 40 46 263 272 283 286 290 672 686 690 1113 1122 1133 1136 1140 1672 1686 1690 1822 2022 2036 2305 2313 2322 2333 2336 2340 3183 
m403 22 38 40 1140 1922 1938 1940 
m781 2 45 46 2252 2296 2302 
m1978 5 36 41 46 1805 2055 2096 2305 2336 4586 
m584 27 45 46 2277 2296 2327 4846 
m1842 10 46 2310 2346 
m481 14 26 32 46 1314 1346 1626 1646 2314 2346 4814 
m1313 14 36 40 46 1846 2014 2036 2040 2046 4314 4814 
m836 22 37 45 46 1122 1137 1145 1146 1887 1895 1896 2287 2296 2337 
m1844 40 45 46 2046 2290 2296 
m1227 32 46 2332 2346 
m2072 37 46 2337 2346 4837 4846 
m2932 22 44 46 1122 1146 2344 2346 4846 
m344 22 36 46 49 1149 1822 1836 1846 1849 2322 2349 2472 2486 2499 4836 
m467 22 35 46 1135 1146 2322 2335 2346 
m841 12 45 645 2295 
m2256 22 37 41 46 1122 1137 1141 1146 1891 2341 4837 
m235 22 44 46 1146 2322 2344 2346 4846 
m994 22 37 40 46 1137 1146 2022 2037 2040 2046 2322 2337 2346 4837 
m934 16 23 30 38 45 46 830 1180 1516 1523 1530 1546 1930 1945 1946 2266 2273 2280 2296 2316 2323 2330 2345 2346 3323 4823 
m1755 5 13 22 33 655 1113 1122 1133 1655 1672 4163 
m1894 46 
m2238 32 36 41 46 1641 2332 2336 2341 2346 4136 4341 
m1932 20 1020 
m2618 22 37 1122 1137 1872 1887 
m1581 12 32 612 1612 
m1573 37 38 41 46 1937 1938 1941 1946 2087 2096 4837 
m752 13 33 40 46 2013 2033 2046 2313 2333 4163 
m1011 5 45 46 2255 2296 2305 
m257 22 36 49 1149 1822 1836 1849 2472 2486 2499 
m1376 22 33 46 1133 1146 2333 
m1707 45 46 2295 2296 2346 
m1956 22 27 36 40 1122 1127 1136 1140 1390 1827 1836 1840 2027 2036 2040 
m1374 22 23 31 36 1123 1131 1136 1172 1173 1573 1822 1823 3673 3686 4086 4323 
m84 45 46 2296 
m2523 14 22 36 40 41 46 714 722 736 741 1822 1836 1841 2014 2036 2041 2046 2072 2314 2322 2336 2341 3236 4314 4586 4814 
m2766 32 46 2332 2346 
m2682 23 36 41 49 1186 1199 1823 1836 1849 2073 2086 2099 2473 3673 4323 4586 
m434 5 45 46 2255 2305 2345 
m767 22 37 40 46 1137 1140 1146 1890 2037 2040 2046 2337 2340 2346 4396 
m149 43 
m1414 
m852 37 39 40 46 1890 1987 1990 2340 4396 4496 
m638 22 23 31 46 49 1123 1146 1196 1572 1573 1596 2323 2346 2473 2481 2496 4846 
m1356 12 41 45 46 2062 2096 2262 2291 2296 4812 
m2037 36 
m1708 45 46 2295 2296 2346 
m736 
m2733 37 41 46 2087 2096 4837 
m1390 32 37 38 46 1637 1646 1932 1946 2332 2337 2346 4837 
m1989 22 23 45 1123 1145 1172 1195 3673 
m870 36 37 38 46 1837 1838 1888 1938 2338 4346 4837 
m501 
m1506 12 14 46 2312 2314 2346 3212 4812 4814 
m1827 22 38 46 1138 1146 1946 
m372 14 32 36 46 732 736 1832 2314 2332 4836 
m1819 5 23 45 46 1155 2255 2273 2305 2345 2346 4823 
m475 5 14 32 705 1605 1614 
m558 22 37 46 1122 1137 1146 1872 2322 4837 
m1388 22 23 30 1122 1123 1130 1172 1173 1180 1522 1523 1530 3673 
m2261 22 37 40 46 1137 1146 2022 2037 2046 2337 2346 4837 
m2053 13 46 696 
m268 14 45 745 
m1169 22 23 36 46 49 1123 1136 1146 1149 1836 1846 1849 2323 2336 2473 2486 2496 3686 4323 4336 4836 
m1474 14 36 40 46 1814 1846 2014 2036 2040 2046 2314 2346 4346 4814 4846 
m2882 22 23 36 40 41 46 49 1123 1136 1140 1173 1186 1190 1199 1840 2022 2023 2036 2040 2041 2049 2072 2073 2086 2090 2091 2099 2322 2323 2340 2341 2473 2486 3673 3686 4323 
m1509 5 14 40 45 46 705 745 2005 2014 2045 2046 2255 2305 2345 4814 
m2340 22 45 46 49 1146 1149 2272 2296 2299 2349 2472 2495 2496 
m1273 22 44 46 1146 2344 2346 4846 
m411 13 22 38 1113 1913 1922 
m824 40 45 2045 2290 2295 
m846 23 30 36 49 1180 1199 1549 1823 1830 1849 
m1226 36 40 46 49 1836 1840 1846 2036 2040 2046 2049 2336 2346 2349 2486 4346 4836 
m1099 32 46 2332 
m1706 40 46 2046 2346 
m1491 22 33 46 1122 1133 1146 1696 2333 2346 4196 
m890 3 45 195 2295 
m1607 22 32 36 37 40 1636 1637 1640 1822 1840 1872 1886 1890 2022 2036 2040 4336 
m1304 22 37 46 1872 2322 2337 
m977 22 46 1122 1146 2322 2346 
m960 44 46 2246 2344 2346 4846 
m388 23 45 1195 
m1647 22 38 46 1146 1922 1946 
m2425 27 36 48 49 1386 1399 1827 1848 1849 2486 2498 2499 4336 
m2776 45 46 2295 2296 2345 4846 
m445 21 26 45 46 1321 1345 1346 2271 2321 2345 
m1351 23 38 45 1188 1195 1945 2288 2295 
m967 22 30 36 40 1136 1140 1522 1536 1540 1822 1830 1836 1840 2030 2036 2040 4336 
m1722 14 22 36 49 749 1114 1136 1149 1814 1849 
m854 18 46 2318 
m2761 9 36 46 49 459 486 496 499 1809 1846 1849 2309 2336 2346 2349 2459 2486 2496 2499 4336 
m1575 5 36 44 46 49 286 296 1849 2205 2236 2246 2249 2346 2349 2455 2486 2494 2496 4836 
m2493 36 38 46 48 1836 1838 1848 1936 1938 1948 2336 2338 2348 2436 2438 2448 4336 4836 
m1368 5 13 22 33 36 40 655 1105 1113 1122 1133 1136 1140 1655 1805 1813 1833 1840 2013 2033 3183 
m891 13 22 32 45 682 1113 1132 1145 2263 2282 
m2703 22 45 46 1145 1146 2296 
m2309 36 40 46 49 1836 1840 1846 1849 2036 2040 2046 2336 2340 2346 2349 2486 2490 2496 4336 4346 4836 
m925 41 45 46 2095 2096 2345 
m2482 8 36 40 46 1808 1836 1840 1846 2008 2036 2040 2046 2308 2336 4336 
m279 22 23 30 39 1123 1522 1523 1972 1973 1980 3673 
m480 22 36 40 46 49 1122 1136 1140 1146 1822 1840 1846 1849 2022 2036 2046 2322 2336 2340 2346 2349 2486 2490 2496 4336 4346 4836 
m1272 14 38 40 45 46 740 745 1914 1938 1940 1945 1946 2290 2340 2345 3246 
m585 22 23 30 41 46 1122 1123 1130 1141 1146 1172 1173 1180 1191 1522 1523 2072 2073 2080 2322 2323 2330 2341 3673 
m2190 45 46 2345 
m1464 14 37 714 737 1887 3237 
m734 36 49 1849 2486 2499 
m1633 45 46 2345 
m1452 14 46 714 746 2346 3246 
m1270 22 44 46 1146 2344 2346 4846 
m539 36 40 45 1845 2036 2045 2286 2290 2295 
m2893 13 22 36 38 40 1113 1122 1136 1138 1140 1813 1840 1913 1936 1940 2013 
m2522 23 45 46 1195 2323 2345 3673 
m2347 22 44 46 1146 2344 2346 4846 
m2167 36 40 1836 1840 2036 2040 
m330 5 32 45 1605 1645 2255 
m348 17 22 46 1117 1122 1146 2346 4817 
m1981 13 22 33 36 40 672 686 690 1113 1122 1133 1136 1140 1672 1686 1690 2036 3183 
m527 30 36 39 40 46 1830 1980 1986 1990 1996 2030 2036 2046 2330 4836 
m1823 22 44 46 1144 1146 2246 2344 2346 4846 
m1 45 46 2296 2345 2346 
m1050 23 45 1195 2273 2295 
m27 14 36 40 45 46 736 740 745 1840 1845 1846 2036 2045 2046 2286 2296 2336 3246 4336 
m1312 22 44 46 1146 2246 2344 2346 4846 
m1987 30 36 40 46 49 1549 1830 1836 1846 1849 2030 2036 2040 2046 2049 2330 2349 2480 2499 
m440 37 45 1887 1895 
m1407 22 30 36 40 41 46 1136 1141 1146 1541 1822 1830 1841 2022 2046 2086 2096 2336 
