m3250 22 26 33 1126 1133 1676 
m1524 14 32 40 46 732 1632 1646 2014 2032 2046 2332 3246 
m3469 12 26 34 45 46 634 645 1312 1334 1345 1346 1734 2284 2334 2345 4812 
m3080 14 27 36 46 48 736 746 748 1364 1386 1396 1398 1846 1848 2446 
m455 30 46 1546 2330 4846 
m1748 14 23 30 39 46 1189 1514 1523 1539 1546 1964 2314 2323 2330 2339 2346 3664 4814 4823 
m516 32 36 46 49 1849 2332 2336 2346 2349 2482 4332 
m373 5 22 36 46 49 272 286 296 299 1149 1822 1849 2322 2346 2349 4836 
m1565 5 31 36 255 281 286 1555 1581 1586 1805 1831 1836 
m502 22 37 46 1872 2322 4837 
m691 33 37 46 1883 1896 4833 
m2638 32 36 46 1832 2332 2336 2346 4836 
m2314 5 32 36 1605 1636 1805 
m2605 22 26 44 46 1146 1346 2344 2346 4846 
m723 5 32 36 255 282 286 1805 1832 
m2789 37 40 46 2037 2046 2337 4837 4846 
m804 36 41 46 1841 2341 4836 
m182 14 32 46 732 2314 2332 2346 4814 
m841 36 46 48 2436 2446 4836 
m1779 22 37 40 46 1137 1140 1146 1890 2022 2037 2040 2046 2337 2340 2346 4837 
m302 30 36 39 40 46 1830 1980 1986 1990 1996 2030 2036 2046 2330 4836 
m710 14 23 30 46 1514 1523 1546 2314 2323 2330 2346 3664 4814 4823 
m331 26 27 46 1326 1327 1346 1376 1396 2326 
m447 45 46 2345 
m1854 23 36 40 41 45 1186 1190 1823 1836 1840 2023 2036 2040 2073 2086 2090 2291 
m1673 37 46 1887 1896 2337 2346 
m2702 5 36 45 46 49 286 296 299 1836 1846 1849 2255 2286 2296 2299 2336 2349 
m868 14 32 732 1614 1632 
m923 27 28 36 46 1378 1386 1396 1828 2327 2328 2336 2346 4836 
m1002 36 38 46 49 1849 1936 1946 1949 2336 2338 2346 2349 2486 2496 
m2153 16 
m431 14 22 46 722 2314 2322 2346 4814 
m530 14 20 22 720 1114 1120 
m1444 32 36 38 41 46 1641 1646 1932 1936 1941 1946 2332 2336 2341 2346 4136 4586 
m2694 22 23 30 45 46 1122 1123 1130 1145 1146 1195 1522 1523 1530 1545 1546 2273 2280 2295 2296 2322 2330 2345 2346 3696 4823 
m2419 22 23 30 36 40 45 46 1122 1123 1130 1136 1140 1145 1146 1172 1173 1180 1190 1196 1522 1523 1536 1540 1545 1546 1822 1823 1830 1836 1840 1845 1846 2022 2023 2030 2036 2040 2045 2046 2272 2273 2280 2286 2290 2296 2322 2323 2330 2336 2340 2345 2346 4823 
m916 22 23 36 41 49 1123 1136 1141 1172 1173 1186 1191 1199 1822 1823 1841 1849 2072 2073 2086 2091 2099 2472 2473 2486 2491 3673 3686 4323 4336 
m246 13 22 38 1113 1913 1922 
m3570 31 36 1581 1586 1836 4086 
m3165 13 22 33 36 40 46 672 686 690 1113 1122 1133 1136 1140 1672 1686 1690 1822 2022 2036 2313 2322 2333 2336 2340 3183 
m2454 40 46 2046 
m439 26 38 46 1926 1946 2326 
m478 11 13 33 45 563 583 595 2263 2283 3183 
m3704 37 46 2346 4837 
m1924 12 36 40 41 46 49 636 640 641 649 1836 1840 1841 2036 2041 2336 2340 2341 2349 2486 2490 2491 3136 4336 4812 
m1665 46 
m2822 22 23 1122 1123 1172 1173 3673 
m2136 45 46 2296 
m744 23 38 46 1188 1923 1938 1946 2338 2346 3696 4823 
m989 38 46 1946 
m27 26 45 46 2276 2296 2326 
m1218 45 2295 
m1066 37 40 46 1890 2037 2046 2340 4396 
m2483 22 44 46 1144 1146 2222 2244 2246 2322 2344 2346 4846 
m2881 
m2408 22 28 1422 
m2469 39 40 41 46 1990 1991 1996 2040 2046 2090 2096 
m2286 14 22 23 46 1114 1123 1146 1196 2314 3664 
m1571 13 33 36 40 48 698 1698 1813 1833 1848 2013 2033 2036 2048 4163 
m2864 37 39 40 46 1890 1987 1990 2340 4396 4496 
m780 36 40 41 46 49 1836 1841 1846 1849 2036 2040 2041 2046 2086 2096 2099 2336 2346 2349 4346 4586 4836 
m3368 28 38 1928 1938 
m3392 8 36 40 46 1808 1836 1840 1846 2008 2036 2040 2046 2308 2336 4336 
m2990 45 46 2345 2346 
m1655 22 23 30 36 40 41 46 1122 1123 1130 1136 1140 1141 1146 1191 1523 1536 1541 1546 1841 1846 2023 2030 2036 2040 2041 2046 2072 2073 2091 2341 3696 4323 
m2938 14 22 1114 
m2467 12 46 49 2349 2462 4812 
m3404 23 30 38 46 1173 1180 1188 1523 1530 1538 1923 1930 1938 2323 2330 2338 2346 3673 4823 
m201 
m3628 19 46 969 996 2319 2346 
m3442 33 36 41 1686 2083 4586 
m209 3 38 45 195 1903 1938 1945 
m3325 5 45 2255 2295 
m2699 22 30 36 40 46 1136 1140 1522 1536 1540 1840 2036 2040 2322 2330 2336 2340 2346 4836 
m3228 22 23 1122 1123 1172 
m3188 22 30 36 40 41 1122 1130 1136 1140 1141 1522 1536 1840 2036 2040 2072 2080 2086 
m437 11 45 595 
m629 22 45 46 1145 1146 2296 
m1205 22 23 30 36 40 41 1122 1123 1130 1136 1140 1172 1180 1186 1522 1523 1536 1822 2023 2030 2036 2072 2073 2080 2086 2090 3673 4323 
m2903 38 
m1320 20 45 1045 
m900 5 14 36 264 286 4314 
m1427 13 38 46 663 696 1913 1946 
m2746 32 40 1632 2032 
m547 38 41 46 1938 1941 1946 2341 
m607 23 30 40 45 46 1173 1180 1523 2023 2030 2046 2273 2280 2290 2296 2323 2330 3673 4823 
m857 
m1981 2 36 45 46 145 1845 2252 2286 2295 2302 2345 2636 4836 
m2003 14 28 36 728 736 1828 1836 
m3394 15 22 46 772 2322 4815 
m3290 22 32 36 1622 1822 4136 
m1948 45 46 2345 2346 
m3591 45 46 2296 
m51 22 36 41 1122 1136 1141 1822 2072 4586 
m3510 14 40 46 740 746 2014 2040 2046 2314 2340 2346 3214 3246 4814 
m2401 42 45 2145 
m3387 14 36 40 45 736 740 745 1840 2036 2286 2290 4336 
m1439 14 45 46 714 745 746 2345 4814 
m650 8 408 
m809 14 23 30 46 1514 1523 1546 2314 2323 2330 2346 3664 4814 4823 
m1709 22 26 41 46 1141 1146 1322 1341 1346 2341 
m3021 36 42 46 49 2146 2336 2486 2492 2496 4636 
m2680 32 37 38 46 1637 1646 1932 1937 1946 2332 2337 2346 4837 
m1512 12 33 37 46 1862 2333 2337 4162 4383 4812 
m2954 27 36 46 49 1827 2327 2336 2486 2496 
m1531 14 714 
m661 32 46 2332 
m1980 13 22 36 38 40 1113 1122 1136 1138 1140 1813 1840 1913 1936 1940 2013 
m3446 13 23 49 673 1163 1173 1199 2463 2473 2499 3163 
m3048 40 44 46 2044 2046 2344 
m3652 22 26 36 45 46 1126 1136 1146 1336 1345 1346 1845 2336 2345 2346 4836 
m158 22 32 36 40 46 1122 1132 1136 1140 1622 1632 1636 1640 1840 2040 2322 2332 2336 2346 
m3342 22 40 46 1122 1140 2322 2340 
m1954 13 22 36 40 672 686 690 1113 1122 1136 1140 1822 2022 2036 
m593 5 14 26 45 705 745 1305 1314 1345 2255 
m2932 22 36 41 49 1122 1136 1141 1149 1822 1841 1849 2072 2086 2091 2099 2472 2486 2491 4336 
m2018 22 23 30 41 46 1122 1123 1130 1146 1180 1523 1530 1546 2072 2073 2080 2091 2096 2330 4823 
m2475 8 46 2308 2346 4846 
m2997 16 23 40 46 840 846 1190 2016 2023 2040 2046 2340 3323 3696 
m851 33 45 46 1695 2345 4833 
m1791 34 46 2334 
m2601 37 46 1896 
m3042 20 22 23 30 38 1022 1023 1030 1038 1123 1130 1172 1173 1180 1188 1520 1523 1538 1922 1923 1930 1938 3673 
m3140 10 45 46 2295 2296 2310 2346 
m2462 18 45 945 
m2032 22 44 45 46 1146 2272 2294 2296 2344 2346 4846 
m1237 36 46 49 1849 2346 2349 4836 
m2075 37 45 1887 1895 
m2488 37 
m2215 
m3078 22 23 30 36 40 41 1122 1123 1130 1136 1140 1172 1180 1186 1522 1523 1536 1822 2023 2030 2036 2072 2073 2080 2086 2090 3673 4323 
m2945 14 27 38 727 1914 1927 
m2910 22 46 1146 
m784 8 22 36 46 1122 1136 1146 2308 2336 2346 4308 4836 
m1960 22 45 46 1146 2272 2296 4846 
m3384 5 45 46 2255 2296 2305 2345 4846 
m695 22 36 40 46 1122 1136 1140 1146 1840 2022 2040 2046 2322 2336 2340 2346 
m3694 13 33 4163 
m1410 22 23 46 1123 1172 1173 2322 2323 3673 4823 
m2097 21 23 45 1171 2271 2273 
m2691 22 45 46 1145 1146 2296 
m834 13 37 38 46 1913 1937 1946 2313 2337 4363 
m729 14 22 38 46 49 722 749 1938 1946 2314 2322 2346 2349 2472 
m3096 36 
m2332 45 46 2296 
m2799 46 2346 4846 
m40 12 23 36 41 46 636 1823 2062 2073 2096 2336 3123 4586 4812 4823 
m3067 23 38 45 1923 2273 2288 
m3409 14 714 
m1025 14 22 36 40 46 722 1814 1822 1836 1840 1846 2014 2022 2036 2040 2046 2314 2322 2340 2346 3246 4314 4346 4836 
m2548 12 23 30 36 41 46 49 630 1180 1812 1830 1846 2062 2073 2080 2086 2096 2323 2330 2462 2473 2480 2486 2491 2496 3123 4323 4812 
m1685 9 13 33 38 463 483 488 688 1688 4163 
m3256 36 
m3676 37 45 1895 
m2953 12 14 23 30 41 46 641 723 730 741 1191 1512 1514 1523 1530 1541 2312 2314 2330 2341 3212 3662 4823 
m2048 13 36 46 49 699 1849 2313 2349 4313 4836 
m845 30 36 46 49 1536 1549 1849 2330 2336 2346 2349 
m993 22 44 46 1146 2222 2246 2344 2346 4846 
m2905 46 49 2346 2349 2496 
m1231 5 26 45 46 276 296 1305 1326 1346 2255 2276 2296 2326 
m1131 22 30 46 1130 1146 2322 2330 2346 
m1312 5 41 2055 
m3619 36 37 39 40 41 46 49 1837 1839 1840 1841 1846 1849 1889 2037 2039 2046 2087 2089 2090 2096 2487 2490 2491 4396 4839 
m2848 22 23 36 40 49 1122 1123 1136 1140 1149 1173 1186 1190 1822 1823 1836 1849 2023 2036 2472 2473 2486 3673 3686 4323 4336 
m1933 44 46 49 2344 2349 2494 
m2527 22 44 46 1146 2322 2344 2346 4846 
m3122 22 30 39 1130 1139 1980 
m2792 23 46 2346 3696 4823 
m2045 13 22 1113 1122 
m386 18 37 46 1868 2318 4837 
m2216 46 2346 
m2312 5 45 295 
m47 36 46 2336 2346 4836 
m521 46 2346 4846 
m2151 26 37 41 46 1337 1341 1346 1891 2341 4837 
m2222 22 44 46 1144 1146 2246 2344 2346 4846 
m2030 10 32 46 1610 1632 1646 2310 2346 
m9 11 13 22 45 563 572 595 695 1113 1145 
m3012 13 33 1663 1683 4163 
m208 36 38 1936 
m243 22 38 40 1140 1922 1938 1940 
m1327 36 46 2336 4836 4846 
m3546 37 41 46 2087 2096 4837 
m144 12 22 23 36 41 46 49 622 623 636 641 649 1123 1136 1141 1191 1822 1823 1841 2322 2323 2336 2341 2349 2472 2473 2486 2491 3136 4323 4336 4812 
m801 37 
m107 14 22 46 722 746 2322 
m2192 32 36 41 46 1641 1646 2332 2336 2341 2346 4136 4586 
m2 10 30 46 530 2310 2330 
m2038 22 45 2272 
m3178 22 36 41 46 49 1136 1141 1849 2086 2099 2322 2336 2341 2349 4336 
m1768 22 23 36 40 41 46 1122 1123 1136 1140 1141 1146 1190 1836 1840 2022 2023 2036 2040 2041 2046 2073 2086 2090 2096 2322 2323 2336 2340 2341 2346 3673 3686 4323 4823 
m1153 14 714 
m1494 5 13 22 255 263 272 1105 1113 1122 
m2650 22 40 46 2046 2322 2346 
m1617 38 40 41 46 49 1941 1946 2090 2340 2341 2488 2491 2496 
m567 22 44 45 46 1144 1145 1146 2294 2296 2344 2346 
m3064 14 49 2464 
m1767 5 36 45 46 286 295 1845 2255 2286 2295 2305 2336 2345 4336 
m2636 22 23 30 45 46 1123 1130 1145 1146 1196 1523 1545 1546 2273 2280 2295 2296 2323 2346 4823 4846 
m1055 36 
m869 5 36 46 286 296 2305 2336 2346 4836 
m3545 22 23 36 41 1122 1123 1136 1141 1173 1186 1823 2073 3673 3686 4323 4586 
m482 37 46 2337 
m1403 32 36 1832 
m3063 22 23 45 1123 1145 1172 1195 3673 
m3033 14 49 2464 
m2377 36 37 38 40 46 1836 1837 1840 1846 1886 1890 1936 1937 1940 1946 2036 2037 2038 2040 2046 2336 2340 4336 4837 
m1204 5 36 41 46 1805 2055 2096 2305 2336 4586 
m1257 32 36 37 46 1646 1882 1896 4136 4346 4386 
m73 36 48 1836 1848 2436 2448 
m82 44 46 49 2246 2494 2496 
m322 40 45 46 2046 2290 2296 2346 
m269 22 30 46 1130 1146 2330 
m699 30 38 45 46 1930 1945 1946 2280 2296 2330 
m1478 5 45 295 
m2008 22 36 41 46 1122 1136 1141 1146 1822 1836 2072 2086 2091 2322 2336 2341 4586 
m2736 32 37 46 1632 1637 1882 2332 2337 
m3505 22 37 40 46 1137 1146 2022 2037 2046 4837 
m528 39 
m2211 22 23 31 46 49 1123 1146 1196 1572 1573 1596 2323 2346 2473 2481 2496 4846 
m2983 14 36 49 749 1814 1849 
m3028 20 1020 
m211 22 36 46 49 1149 1822 1836 1846 1849 2322 2349 2472 2486 2499 4836 
m3040 5 14 36 46 49 264 286 296 299 746 749 1849 2349 2486 2499 3236 4836 
m2604 22 26 44 46 1146 1322 1344 1346 2344 2346 4846 
m826 22 23 30 45 1123 1130 1145 1173 1180 1523 1530 2273 2280 3673 
m3535 
m2179 36 
m2965 22 30 32 36 40 41 46 49 1122 1130 1132 1136 1140 1141 1146 1522 1532 1536 1546 1622 1646 1822 1830 1832 1836 1840 1846 1849 2022 2030 2032 2036 2040 2046 2049 2072 2090 2096 2322 2472 2480 2482 2486 2490 2496 4346 4846 
m1223 16 32 40 44 46 832 844 1644 2016 2032 2044 2046 2316 2332 2344 
m1012 45 
m505 8 45 46 2258 2296 2308 
m1110 22 38 46 1138 1146 1946 
m2676 11 13 33 563 583 4163 
m1460 36 38 40 41 1841 1941 2036 2041 2086 2090 2091 
m3161 22 38 44 46 1146 1922 1946 2344 2346 4846 
m815 22 23 30 1122 1123 1130 1172 1173 1180 1522 1523 1530 3673 
m790 38 46 1938 1946 
m1516 23 30 38 41 46 49 1173 1523 1930 1938 1941 1946 1949 2073 2080 2323 2330 2341 2473 2480 2491 2496 3673 
m1454 22 36 45 46 49 1145 1822 1845 2322 2336 2345 2472 2486 2495 2496 
m1675 12 40 46 2012 2046 4812 
m964 7 45 46 2257 2295 2296 2307 2346 
m1057 37 39 46 1987 4396 4496 
m1513 14 32 36 46 732 736 746 1832 2332 2336 2346 3246 4836 
m3345 45 46 2295 2296 
m1566 23 30 36 49 1180 1823 1830 1836 1849 2473 2480 2486 2499 
m3488 22 23 30 46 1122 1123 1130 1146 1180 1523 1530 1546 2330 2346 4823 
m298 40 45 46 49 2045 2046 2299 2345 2349 
m3460 22 46 1122 1146 2322 2346 
m1696 23 36 40 46 49 1836 1849 2036 2046 2323 2336 2349 2473 2486 4323 4336 4836 
m2980 13 37 4363 
m2803 37 38 41 46 1937 1938 1941 1946 2087 2096 4837 
m3363 13 33 46 2313 2333 4163 
m3658 30 40 45 46 2045 2046 2280 2296 2330 2345 4846 
m2798 16 45 46 845 2345 4816 
m2310 23 30 45 1195 1523 1545 
m3071 36 40 46 1840 2336 2340 
m486 5 13 14 33 263 283 705 713 733 4163 
m497 22 36 45 46 1136 1146 1845 1846 2336 2345 2346 4836 4846 
m2379 46 
m1332 
m2837 13 33 4163 
m1658 22 23 30 1122 1123 1130 1172 1173 1180 1522 1523 1530 3673 
m1249 14 45 714 745 2264 2295 
m1322 37 40 41 46 2037 2046 2087 2090 2096 4837 
m2313 18 
m313 37 40 41 46 1890 2037 2046 2087 2090 2096 2340 4396 
m2071 22 36 45 1136 1145 1845 
m3181 14 22 1114 1122 
m1530 14 39 1964 
m213 3 45 153 2253 
m1091 12 13 33 46 662 696 2333 3133 3183 4812 
m2558 37 40 46 49 1899 2037 2046 2049 2337 2340 2346 2349 4396 
m3547 26 38 46 1926 1946 2326 
m1468 22 36 40 41 49 1122 1136 1141 1149 1841 1849 2022 2036 2041 2049 2486 2491 4336 
m424 22 38 45 46 1145 1922 1945 1946 2322 2345 
m514 32 37 46 1632 1637 1646 2332 2337 2346 4837 
m2443 38 46 1946 2346 
m2224 18 36 40 1818 2018 2036 
m3205 27 36 40 46 1827 1840 2027 2036 2040 2327 2340 4836 
m796 22 30 36 40 41 49 1130 1136 1141 1536 1540 1541 1830 1836 1840 1841 2036 2072 2080 2086 2090 2091 2472 2480 2486 2491 
m3501 22 23 30 1122 1123 1130 1172 1173 1522 1523 3673 
m1967 3 13 22 23 172 672 1163 1172 2663 3653 
m3217 36 38 41 46 1838 2096 2338 4346 4586 
m2356 36 
m1693 
m1005 12 36 40 45 46 640 645 1845 2036 2045 2336 2340 2345 3136 4812 
m1866 37 46 2337 2346 4837 
m3648 32 1632 
m169 5 13 33 36 49 263 283 1805 1813 1833 1849 2455 2463 2483 4163 
m3108 14 40 46 2014 2040 2046 2314 2346 4814 
m610 36 38 48 1838 1848 1936 1948 2436 2438 2448 
m1533 22 45 46 1145 1146 2296 
m3004 22 37 46 1137 1146 4837 
m706 22 23 36 46 49 1123 1136 1146 1149 1836 1846 1849 2323 2336 2473 2486 2496 3686 4323 4336 4836 
m895 16 23 36 40 41 46 836 840 841 1186 1190 1191 1841 2023 2036 2040 2041 2046 2066 2073 2086 2090 2091 2096 2316 2336 2340 2341 3666 4823 
m583 12 32 46 632 2332 4812 
m22 22 23 36 40 45 1122 1123 1136 1140 1145 1172 1173 1822 1823 1836 1840 1845 2022 2023 2036 2040 2045 2272 2273 3673 
m1909 36 49 1836 1849 2486 2499 4336 
m3487 13 33 46 696 2333 3183 
m3024 37 40 46 2037 2046 4837 
m2017 8 33 46 433 446 4833 
m380 8 45 46 49 408 446 449 2258 2296 2299 2349 
m1300 23 45 1195 2273 2295 
m2507 45 
m3321 13 33 3183 
m3260 22 36 46 49 1822 1846 1849 2322 2346 2472 2496 
m409 22 23 30 1123 1130 1172 1173 1180 1523 3673 
m2607 22 38 44 46 1146 1922 1944 1946 2344 2346 4846 
m1129 36 
m427 5 46 2305 2346 4846 
m3038 23 32 39 49 1173 1639 1973 2482 2489 3673 
m2700 44 46 49 2246 2494 2496 
m2208 5 32 33 46 283 296 1605 1633 1646 2333 
m762 22 44 46 1146 2222 2244 2246 2322 2344 2346 4846 
m2531 13 37 4363 
m214 22 36 40 41 45 1122 1136 1140 1836 1840 2036 2040 2072 2086 2272 2286 2291 
m1480 12 45 46 645 2345 4812 
m854 22 38 46 1146 1922 1946 
m451 26 45 46 1345 1346 2295 2345 
m3665 22 45 46 1145 2322 2345 
m1034 45 46 2296 2346 
m1024 45 46 2295 2296 2346 
m3031 5 38 46 1905 1938 1946 2305 2338 2346 
m1097 45 49 2295 2299 
m2874 32 36 46 49 1632 1636 1649 1849 2332 2336 2346 2349 
m3656 45 49 2295 2299 
m3479 23 45 46 1195 2323 2345 2346 
m621 36 45 46 2286 2295 2296 2336 2346 4836 
m1736 36 39 42 1986 2139 4636 
m2528 12 40 45 46 645 2012 2045 2046 2312 2340 2345 2346 4812 
m1319 14 22 49 749 1114 1149 2464 2472 2499 
m1151 36 1836 
m235 3 23 30 41 46 180 1180 2053 2073 2080 2096 2303 2330 2673 4823 
m325 22 37 41 46 1137 1141 1146 2087 2096 4837 
m3376 5 36 45 46 286 295 1845 2305 2336 2345 4336 
m877 46 2346 
m1718 13 22 30 47 680 697 1113 1122 1130 1147 2380 
m54 14 36 40 46 1814 1846 2014 2036 2046 3246 
m808 14 38 46 1914 1946 2346 4814 
m1449 13 33 46 1696 2313 4163 
m753 46 2346 4846 
m3276 40 45 46 2046 2290 2296 2340 2346 
m119 32 38 46 1632 1646 1932 1938 1946 2332 
m103 5 14 46 705 2305 2314 
m994 36 42 4636 
m997 22 30 38 45 46 1130 1145 1146 1922 1930 1945 1946 2280 2296 2330 
m3389 7 45 2257 
m924 32 1632 
m545 23 30 46 1173 1180 1196 1523 1530 1546 2323 2330 2346 3696 4823 
m2221 14 22 36 46 49 722 736 749 1814 1822 1849 2322 2336 2349 2472 4336 4814 
m1474 23 45 1195 2273 2295 
m2181 20 22 36 40 1120 1122 1136 1140 1820 1840 2020 
m2948 14 40 46 714 746 2014 2040 2046 2314 2340 2346 3246 4814 
m2331 26 46 1346 
m3438 
m2324 22 23 36 41 1123 1136 1141 1191 3686 4341 
m3255 23 26 30 36 40 45 49 1173 1186 1190 1195 1323 1330 1336 1345 1349 1523 1526 1530 1536 1545 1549 1836 1840 1845 2036 2045 2473 2486 2495 3686 4323 4336 
m1407 22 45 46 49 1146 1149 2272 2296 2299 2349 2472 2495 2496 
m1587 26 46 1346 2346 
m1670 13 33 36 40 47 686 690 697 1686 1690 1697 1840 1847 2036 2040 2047 3183 4336 
m839 11 13 33 39 563 583 589 689 1983 3183 
m3177 14 36 49 1814 1849 2464 
m595 26 38 45 46 1338 1345 1346 1938 1945 2288 2338 2345 
m541 12 22 30 622 1512 1522 
m1711 40 46 2340 
m1058 22 30 38 1130 1922 1930 1938 
m905 40 45 2045 
m3635 23 30 41 45 1180 1191 1541 2273 2280 2291 
m304 23 36 45 1186 2273 2286 2295 3673 3686 
m726 30 45 46 2280 2295 2296 2330 2346 
m117 22 23 30 36 40 46 49 1122 1123 1130 1136 1140 1146 1149 1172 1173 1522 1523 1530 1540 1546 1822 1823 1830 1840 1846 2022 2023 2030 2036 2040 2046 2322 2323 2330 2336 2340 2346 2349 2480 2486 2490 2496 3696 4823 
m2005 45 
m310 22 32 36 46 49 1622 1649 1822 1832 1849 2322 2332 2336 2346 2349 2472 4136 4336 4836 
m308 23 38 1923 1938 
m775 5 32 46 255 282 2305 2332 
m278 5 14 32 705 1605 1614 
m3157 32 36 44 46 1644 2236 2332 2336 2344 2346 4136 
m1166 26 46 1346 2346 
m1293 8 22 23 30 46 408 422 423 430 446 1122 1123 1130 1146 1180 1523 1530 1546 2330 4823 
m3209 32 37 1882 
m735 45 46 2295 2345 2346 
m2043 44 46 49 2344 2349 2494 
m3176 22 26 44 46 1146 1322 1344 1346 2326 2344 2346 4846 
m3587 14 36 49 1814 2464 2486 4314 4336 
m2335 22 37 45 46 1122 1137 1145 1146 1887 1895 1896 2287 2296 2337 
m3677 22 45 1122 1145 2272 2295 
m151 22 36 40 41 49 1136 1140 1141 1822 1836 1840 1841 2036 2072 2086 2090 2091 2472 2486 2491 4336 
m888 45 2295 
m1956 13 22 36 40 672 686 690 1113 1122 1136 1140 1822 2022 2036 
m2717 14 37 714 737 1887 3237 
m2664 14 30 46 730 746 2330 
m3074 22 37 46 1872 2322 4837 
m3567 5 26 38 46 1305 1346 1926 1946 2305 2346 
m3421 5 33 45 46 1655 1695 2255 2305 2345 4833 
m1368 4 42 45 2254 2292 2742 
m1833 8 36 46 2308 4308 4836 
m97 22 38 44 46 1122 1144 1146 1922 1944 1946 2344 2346 4846 
m2228 23 36 40 1190 1840 3686 4336 
m1746 23 30 36 46 1173 1180 1186 1196 1523 1530 1536 1546 1823 1830 1836 1846 2323 2330 2336 2346 3696 4823 4836 
m263 22 36 40 46 49 1822 1846 1849 2022 2036 2040 2046 2049 2322 2472 2496 
m651 13 22 36 38 40 41 1113 1136 1138 1140 1141 1813 1840 1913 1922 1936 1938 1940 1941 2013 2063 2086 2088 2090 
m3596 36 45 2286 
m2383 22 36 40 41 49 1136 1141 1822 1836 1840 1841 1849 2036 2072 2086 2090 2091 2472 2486 2491 4336 
m2398 46 
m995 22 44 46 1146 2246 2344 2346 4846 
m1651 6 42 4606 
m3544 13 14 22 46 672 722 1113 1114 2313 2322 3213 4814 
m1522 32 36 46 1832 2332 2336 2346 4836 
m3144 23 36 40 46 49 1836 1840 1846 1849 2023 2036 2040 2046 2049 2323 2336 2473 2486 2490 2496 3686 4323 4336 4836 
m2623 32 36 44 46 1832 1836 1844 2232 2236 2332 2336 2344 2346 4332 4336 4736 4836 
m3524 
m779 22 44 46 1146 2344 2346 4846 
m223 6 42 46 2306 2342 2842 
m1113 45 2295 
m2388 36 37 40 46 48 1848 1886 1890 1896 2036 2040 2046 2048 2336 2340 2346 2348 4396 4836 
m1787 14 32 36 44 46 736 1614 2214 2232 2236 2314 2332 2336 2344 4136 4846 
m1193 5 23 36 45 286 295 1155 1186 1195 1845 4336 
m3017 26 36 46 1826 2326 2336 2346 4346 
m666 14 
m2492 14 22 36 46 722 736 1822 2314 2322 4836 
m77 13 22 44 46 694 1113 1122 1144 1146 2313 2344 
m2035 45 46 48 2345 2445 2446 
m3616 5 13 14 38 46 655 705 746 1913 1914 1946 2305 2313 3213 
m1855 22 44 46 1146 2344 2346 4846 
m3497 14 23 36 40 46 1814 1823 1846 2014 2023 2036 2040 2046 2314 2323 2346 3664 4346 4814 4823 
m2902 21 23 46 1171 2321 2323 
m1730 22 23 38 46 49 1122 1123 1138 1146 1199 1923 1938 1946 1949 2323 2346 2349 
m2460 22 44 46 1146 2344 2346 4846 
m546 46 
m1163 22 30 46 1522 1546 2322 4846 
m1775 38 46 1946 
m2888 38 45 46 1945 2338 2345 2346 
m876 26 33 46 49 1333 1346 1349 2349 2483 4833 
m1892 36 41 46 49 1841 1846 2341 2346 2486 2491 2496 
m3589 36 40 41 1840 1841 2036 2040 2041 4336 
m2177 27 45 46 2277 2296 2327 4846 
m1814 17 38 46 896 1917 1938 1946 2317 2338 2346 3396 4817 4846 
m622 37 45 1895 
m3372 33 45 46 2283 2296 2333 2346 4833 4846 
m369 17 22 41 46 872 891 1141 2322 2341 4817 
m1198 13 22 40 46 1113 1122 1146 2013 2022 2046 2313 
m2029 38 45 1938 1945 2288 2295 
m965 9 36 1809 1836 2959 4309 4336 
m78 22 23 30 38 1122 1123 1130 1138 1172 1173 1188 1522 1523 1530 1538 3673 
m2871 13 36 40 41 686 690 691 1841 2036 2041 2063 2086 2090 2091 
m2576 12 45 46 645 2345 4812 
m535 27 36 46 48 1827 2327 2336 2436 2446 
m3244 26 36 41 46 1826 2076 2096 2326 4346 4586 
m3015 26 37 46 1876 2326 2337 
m3219 32 36 1832 4336 
m3267 46 2346 
m2721 22 23 30 1122 1123 1130 1172 1173 1180 1522 1523 1530 3673 
m157 22 36 49 1149 1822 1836 1849 2472 2486 2499 
m3603 14 36 46 49 714 736 746 749 1814 1836 1846 1849 2314 2336 2346 2349 2464 2486 2496 3246 4814 
m132 36 40 46 49 1846 1849 2036 2046 2349 
m1860 13 38 46 688 1913 1946 2338 4813 
m1827 26 38 46 1338 1346 1946 2346 
m1252 13 25 38 46 675 1913 1925 1946 2313 2325 
m1970 32 37 46 1882 2332 2337 
m1365 41 2091 
m3509 27 45 46 2277 2296 2327 2346 
m675 13 22 46 1113 1122 1146 2313 2322 2346 
m136 
m284 29 34 36 1484 1734 1829 1834 1836 
m1299 38 46 1938 1946 
m2981 
m786 37 41 46 2087 2096 4837 
m624 27 32 38 46 1382 1396 1927 1932 1946 2332 
m3075 22 45 46 2272 2296 2322 2346 
m131 36 45 49 1849 2286 2299 
m3036 5 26 33 45 1305 1333 1345 1655 1695 2255 
m2644 22 44 46 1146 2322 2344 2346 4846 
m1619 38 46 1946 
m3703 5 13 38 46 263 288 296 696 1913 1938 1946 2305 2313 2338 2346 
m2658 9 14 22 44 46 709 744 746 1109 1114 1122 1144 1146 2209 2246 2309 2322 2344 2346 4814 
m2016 13 33 45 46 2263 2283 2296 2313 2333 4163 
m3602 37 40 45 46 1890 2287 2290 2296 2340 4396 
m3572 9 36 46 49 459 486 496 499 1809 1846 1849 2309 2336 2346 2349 2459 2486 2496 2499 4336 
m2152 5 13 33 46 263 283 296 696 2305 2313 2333 2346 3183 
m560 40 41 46 2046 2090 2096 2340 2341 2346 
m1290 30 41 46 2080 2330 2341 2346 
m32 
m3166 22 40 45 46 1140 1145 1146 2045 2046 2345 
m3499 45 46 2345 2346 
m2603 10 36 46 1810 2310 2346 4836 
m910 12 14 46 2312 2314 2346 3212 4812 4814 
m3163 5 22 46 1105 1146 2305 
m177 38 45 2288 
m2007 28 36 1828 1836 
m3245 45 46 2296 
m1540 14 36 40 49 749 1814 1849 2014 2036 
m1431 17 38 46 867 896 1917 1946 
m1052 38 40 45 46 1938 1945 1946 2290 2340 2345 
m3265 40 46 49 2340 2346 2490 2496 
m309 22 36 40 46 49 1149 1822 1849 2022 2036 2049 2322 2336 2340 2349 
m135 13 46 2313 
m1727 22 23 36 40 41 46 49 1123 1136 1140 1173 1186 1190 1199 1840 2022 2023 2036 2040 2041 2049 2072 2073 2086 2090 2091 2099 2322 2323 2340 2341 2473 2486 3673 3686 4323 
m921 37 38 46 1888 2338 4396 
m2393 13 22 1113 
m2568 22 37 46 1122 1137 1146 1872 2322 2346 4387 4396 4837 
m2884 37 46 4837 
m2473 38 
m2696 8 408 
m1201 46 4846 
m761 22 44 46 1146 2246 2344 2346 4846 
m3482 36 40 1836 1840 2036 2040 4336 
m2403 46 4846 
m2207 45 46 2296 
m1589 10 32 46 1610 1646 2310 
m3533 
m985 13 16 3313 
m2901 26 33 1676 
m2253 37 38 46 1888 1938 2338 4837 
m3457 36 46 49 2336 2349 2486 
m1148 22 30 36 41 1122 1130 1136 1530 1536 1541 1830 2080 4586 
m1387 22 38 45 46 1138 1145 1146 1938 1945 1946 2345 
m1666 5 45 46 2255 2296 2305 
m2284 46 
m1642 5 45 295 2255 2295 
m446 14 22 46 722 746 2322 2346 
m1752 22 28 38 46 1128 1138 1146 1928 1938 2328 2338 
m3700 12 46 2346 4812 
m231 22 27 40 46 1127 1140 1146 2027 2046 2327 
m2337 12 45 645 2295 
m1613 
m2495 29 36 48 1486 1829 1836 1848 2429 2436 2448 4336 
m3407 13 22 46 1113 1122 2322 4813 
m882 22 23 36 41 46 49 1123 1136 1146 1149 1191 1836 1841 2323 2336 2341 2473 2486 2491 2496 4323 4336 4836 
m2593 14 22 46 722 746 2322 2346 
m3584 26 36 46 49 1326 1336 1346 1349 1826 1846 1849 2326 2476 2496 
m2646 22 44 46 1144 1146 2246 2344 2346 4846 
m357 21 36 41 1821 2071 4341 
m3022 45 2295 
m509 37 46 2337 
m1740 17 22 1117 
m3360 27 36 48 49 1386 1398 1399 1827 1848 1849 2486 2498 2499 4336 
m3708 23 30 1523 
m1850 38 46 1946 
m2458 26 46 1346 2346 
m360 36 46 1846 2336 2346 4836 
m1703 22 23 30 1122 1123 1130 1172 1173 1180 1522 1523 1530 3673 
m2553 26 37 46 49 1337 1346 1349 1899 2337 2349 2487 2499 4387 
m3182 23 30 36 41 1523 1823 1830 2073 2080 3673 4323 4586 
m2417 45 46 2296 2346 
m2320 22 33 38 46 1122 1133 1146 1672 1922 1933 1946 2322 4833 
m2828 22 32 36 37 40 1622 1636 1637 1640 1822 1840 1872 1886 1890 2022 2036 2040 4336 
m1208 13 22 33 36 40 672 686 690 1113 1122 1133 1136 1140 1672 1686 1690 2036 3183 
m3103 22 23 30 38 1122 1123 1130 1138 1172 1173 1188 1522 1523 1530 1538 3673 
m49 10 30 36 37 46 1510 1536 1546 1810 1860 1880 1886 1896 2310 2346 4836 
m742 14 40 740 
m856 22 36 46 1122 1136 1146 1822 1846 2322 
m202 22 36 46 49 1136 1146 1149 1822 1846 2322 2336 2346 2472 2486 2496 
m1958 23 30 45 46 1195 1523 1545 1546 2295 2345 4823 
m143 22 44 46 1146 2246 2344 2346 4846 
m954 22 38 40 45 46 1138 1146 1938 1940 1946 2272 2288 2290 2296 2340 2346 
m3621 32 45 46 1632 1646 2282 2296 2332 
m400 36 
m608 37 38 40 46 1890 1937 1938 1946 2340 4837 
m2327 22 23 36 40 46 49 1172 1822 1823 1836 1840 1849 2022 2023 2036 2040 2046 2049 2322 2323 2336 2340 2349 2473 2486 2490 4323 4336 4346 4836 
m417 13 22 36 40 672 686 690 1822 1840 2022 2036 2040 4336 
m1947 13 22 33 49 699 1113 1122 1149 1672 1699 4163 
m1315 5 40 45 46 2005 2045 2046 2255 2296 2305 
m2991 40 45 46 2040 2045 2046 2345 
m1594 45 2295 
m1228 22 23 32 36 40 46 49 1122 1123 1132 1136 1146 1149 1172 1173 1182 1186 1190 1196 1199 1622 1623 1632 1636 1640 1646 1822 1823 1832 1836 1840 1846 1849 2022 2023 2032 2036 2046 2322 2323 2332 2336 2346 2349 2472 2473 2482 2486 2490 2496 3673 3686 3696 4323 4346 
m1773 22 26 44 46 1146 1322 1326 1344 1346 2344 2346 4846 
m1798 32 
m1483 46 
m818 23 38 45 1188 1195 1945 2288 2295 
m1104 22 44 46 1144 1146 2246 2322 2344 2346 4846 
m2323 14 32 48 732 2414 2432 
m112 6 36 40 42 46 49 2006 2036 2042 2046 2049 2306 2336 2342 2349 2456 2486 2492 4306 4342 4606 
m743 32 36 46 2332 2336 2346 4332 4836 
m1487 32 36 4332 
m1919 13 20 33 36 40 41 670 686 690 691 1033 1036 1040 1041 1686 1690 1691 1840 1841 2036 2041 3183 3536 4336 
m3026 33 45 1695 2283 2295 
m2697 30 39 1980 
m69 26 34 38 46 1326 1334 1346 1734 1926 1938 1946 2334 2346 
m2416 45 2295 
m1804 12 22 36 622 1112 1122 1136 1822 4312 
m3366 22 36 38 40 46 1136 1138 1140 1146 1838 1946 2036 2038 2040 2046 2336 2338 2340 2346 4346 
m1803 26 46 1346 
m44 9 36 45 46 486 495 496 1845 2309 2336 2345 2346 
m1421 32 45 46 2282 2296 2332 
m1815 23 36 38 40 41 1173 1186 1188 1190 1923 1936 1938 1940 2023 2036 2073 2086 2088 3673 3686 4323 4336 
m105 13 33 45 1695 2263 4163 
m141 22 44 46 1146 2322 2344 2346 4846 
m2343 45 
m870 22 23 30 46 1122 1123 1130 1146 1180 1523 1530 1546 2330 2346 4823 
m2869 22 36 46 1122 1136 1146 1822 1846 2322 
m65 14 714 
m2102 13 22 1113 1122 
m2569 22 26 44 46 1146 1346 2344 2346 4846 
m428 10 22 44 46 546 1110 1144 1146 2210 2246 2310 2344 2346 4846 
m3125 11 13 33 563 583 661 1661 4163 
m734 22 23 36 40 46 48 1123 1136 1140 1146 1148 1190 1840 2022 2023 2036 2046 2048 2336 2340 2346 2423 2436 2440 2446 3696 4323 4346 4823 
m1250 22 23 30 41 1123 1130 1141 1522 1523 2073 2080 3673 
m684 14 32 714 732 
m1027 14 40 46 2014 2040 2046 2314 2346 3214 4814 
m833 36 40 41 1836 1840 1841 2036 2041 2086 2091 4336 4341 4586 
m825 5 13 22 33 36 40 655 1105 1113 1122 1133 1136 1140 1655 1805 1813 1833 1840 2013 2033 3183 
m3200 45 46 49 2295 2299 2345 2349 
m2307 23 32 38 46 1182 1188 1196 1923 1932 1938 1946 2332 2338 2346 3696 4823 
m1923 22 23 36 40 41 46 49 1123 1136 1141 1191 1836 1841 2022 2023 2036 2041 2322 2323 2336 2340 2341 2349 2472 2473 2486 2490 2491 2499 4323 4336 4836 
m3349 
m3443 29 36 49 1829 1836 2479 2486 4336 
m936 17 23 46 2317 2323 2346 3667 4817 4823 4846 
m1626 22 23 36 49 1123 1136 1172 1173 1186 1199 1822 1823 1849 2472 2473 2486 3673 4323 4336 
m506 13 36 38 46 49 663 686 688 696 699 1813 1836 1838 1846 1849 1913 1936 1946 1949 2336 2338 2346 2349 2463 2486 2496 3196 4813 
m2060 22 44 46 1146 2322 2344 2346 4846 
m2943 45 46 2295 2296 2346 
m1874 14 23 30 38 730 1180 1514 1523 1530 1538 1914 1923 1930 1938 3223 
m2024 36 41 44 1841 2086 2091 2094 2236 2241 2244 
m2082 33 36 45 46 1686 1695 1845 2333 2345 4836 
m867 38 46 1946 2338 2346 
m1574 22 37 1122 1137 1887 
m1137 22 23 30 1123 1173 1522 1523 3673 
m1486 45 2295 
m616 23 30 46 1523 1546 2323 
m1398 36 45 46 49 1845 2336 2345 2346 2349 2486 2495 2496 
m2899 14 22 44 46 1114 1144 1146 2214 2246 2314 2322 2344 2346 3246 4846 
m2375 13 22 32 45 682 1113 1132 1145 2263 2282 
m662 13 22 38 1113 1122 1138 1913 
m2859 22 23 36 41 46 49 1141 1172 1191 1822 1823 1841 1846 2322 2323 2341 2472 2473 2486 2491 2496 
m1309 36 40 1836 1840 2036 2040 
m3622 32 46 1632 1646 2332 
m1126 22 37 46 1137 1146 4837 
m3283 22 45 46 1146 2272 2296 
m116 22 37 40 46 1137 1140 1146 1890 2022 2037 2040 2046 2337 2340 2346 4837 
m1376 5 15 38 40 46 755 1905 1915 1938 1940 1946 2005 2015 2038 2040 2046 2305 2315 2346 4815 
m420 15 38 46 1915 2315 2338 
m881 22 46 1122 1146 
m803 22 44 46 1146 2222 2244 2246 2322 2344 2346 4846 
m3632 22 23 36 40 41 1122 1123 1136 1140 1141 1172 1822 1823 1836 1840 2023 2036 2072 2073 2086 2090 2091 3673 4323 4586 
m1828 26 46 1346 2346 
m292 14 34 46 734 746 2334 
m52 29 
m1643 38 1938 
m2806 5 36 44 46 49 286 296 299 1849 2205 2236 2246 2249 2346 2349 2455 2486 2494 2496 4836 
m3711 36 40 1836 1840 2036 2040 
m1546 22 30 36 1136 1536 
m1907 13 46 2313 
m1466 22 36 40 41 49 1122 1136 1140 1141 1149 1841 1849 2022 2036 2041 2049 2072 2086 2090 2091 2099 2486 2491 4336 
m551 41 45 46 2095 2096 2345 
m2709 14 46 714 746 2346 3246 
m3383 5 13 33 655 663 683 1655 1663 1683 4163 
m2995 22 37 46 1872 2322 4396 
m210 45 
m1186 36 
m3149 36 40 46 2036 2046 2336 2340 2346 4836 4846 
m1467 22 36 41 49 1136 1149 1841 1849 2072 2086 2091 2099 2486 2491 4336 
m1906 13 14 33 38 40 46 49 664 690 696 699 749 1664 1690 1696 1913 1933 2014 2046 2049 2314 2349 2464 2496 4163 
m1690 22 36 40 41 46 49 1136 1140 1141 1836 1849 2036 2049 2086 2090 2099 2322 2336 2340 2341 2349 4336 
m2526 22 23 30 36 40 46 49 1122 1123 1130 1136 1140 1146 1172 1173 1180 1186 1190 1196 1523 1530 1536 1540 1546 1822 1823 1830 1840 1846 2022 2023 2030 2036 2040 2046 2330 2346 2472 2473 2486 2490 3696 4336 4346 4823 
m1105 22 44 46 1122 1144 1146 2222 2246 2322 2344 2346 4846 
m2883 45 46 2345 
m2240 36 49 1849 
m2549 22 23 30 41 1122 1123 1130 1172 1173 1180 1522 1523 1541 2072 2073 2080 3673 
m3439 46 
m3605 31 45 2281 
m1492 14 45 745 
m3416 22 36 40 46 48 1822 2022 2036 2322 2336 2340 2436 2440 2446 
m1135 22 37 45 49 1122 1137 1145 1149 1899 2287 2299 
m483 22 36 40 41 45 46 49 1122 1136 1140 1146 1149 1836 1841 1846 2036 2041 2046 2272 2286 2290 2295 2296 2299 2336 2341 2346 2472 2486 2490 2496 2499 4341 4836 
m1994 22 40 1140 
m781 22 44 46 1144 1146 2246 2322 2344 2346 4846 
m584 22 46 1122 1146 2322 2346 
m3302 5 22 36 38 46 49 272 286 296 299 1149 1822 1849 1905 1936 1946 2322 2346 2349 4836 
m1287 30 36 40 46 48 1830 1848 2030 2036 2046 2330 2336 2346 2348 2430 
m2547 22 23 36 40 46 49 1172 1822 1823 1836 1840 1849 2022 2023 2036 2040 2046 2049 2322 2323 2336 2349 2473 2486 3686 4336 4346 4836 
m434 9 14 709 
m673 32 36 41 46 1641 1646 2332 2336 2341 2346 4136 4586 
m1615 14 22 32 46 1114 1132 1146 1614 2314 2332 
m1470 18 45 2268 
m2559 45 46 2345 
m963 45 46 2295 2296 
m1717 33 45 48 1695 1698 2298 
m3521 27 40 46 1396 2027 2040 2046 2340 2346 
m976 17 46 2317 2346 4817 
m3699 23 46 1173 1196 3696 
m942 22 46 1146 
m2299 
m751 32 37 45 46 1637 1645 1895 2332 2337 2345 
m2690 22 36 46 1822 2322 2336 2346 
m540 46 
m2895 22 23 30 46 1122 1123 1130 1146 1180 1523 1530 1546 2330 2346 4823 
m3667 46 
m3007 5 13 14 33 655 705 713 1655 1664 4163 
m168 14 22 32 36 39 40 41 49 722 1614 1622 1639 1641 1814 1822 1832 1836 1839 1841 1849 1972 2014 2036 2041 2049 2064 2072 2082 2089 2091 2482 2486 2489 2491 4464 4586 
m1081 32 46 1632 1646 2332 
m692 22 30 36 40 46 1130 1136 1140 1146 1536 1540 1546 1840 2030 2036 2040 2046 2330 2336 2340 2346 4346 
m1898 13 22 44 46 694 1113 1146 2313 2344 
m145 22 32 46 1122 1132 1146 2332 2346 4846 
m2771 22 26 44 46 1146 1322 1344 1346 2344 2346 4846 
m1790 22 40 45 46 1140 1146 2272 2290 2296 2340 
m1766 5 37 46 255 1855 1887 1896 2305 2337 2346 4837 
m926 14 27 38 727 1364 1377 1388 1914 1927 
m1935 22 44 46 1144 1146 2222 2244 2246 2322 2344 2346 4846 
m571 46 
m3008 23 30 36 41 1523 1823 1830 2073 2080 3673 4323 4586 
m2602 14 38 40 45 46 740 745 1914 1938 1940 1945 1946 2290 2340 2345 3246 
m1562 22 23 1122 1123 1172 
m2442 37 46 2346 4396 4837 
m1279 14 36 40 46 1814 1846 2014 2036 2040 2046 2346 4346 4814 
m2371 5 46 2305 
m1734 44 46 2344 2346 
m2478 40 45 46 2046 2290 2296 4846 
m3151 40 46 2040 2046 
m1979 22 1122 
m946 22 46 48 1146 1148 2348 
m800 12 22 36 40 41 45 46 49 636 640 641 645 649 1145 1822 1836 1840 1841 1845 2012 2022 2036 2040 2041 2045 2046 2049 2072 2095 2272 2295 2336 2340 2349 2486 2490 2491 2495 3136 4336 4812 
m80 14 22 46 722 746 2322 2346 
m1822 23 30 46 1196 1523 1530 1546 2323 2330 2346 3696 4823 
m3371 6 14 32 314 332 732 
m2870 22 40 46 1122 1140 1146 2340 
m3422 15 45 795 
m2663 23 38 45 46 1195 1923 1945 1946 2323 2345 
m3092 22 23 30 36 40 41 46 1122 1123 1130 1136 1140 1141 1146 1191 1523 1536 1541 1546 1841 1846 2023 2030 2036 2040 2041 2046 2072 2341 3696 4323 
m1500 14 49 2464 
m979 41 46 2341 
m1292 5 13 33 46 263 283 2305 2313 2333 4163 
m2205 22 36 40 49 1149 1822 1849 2022 2036 2049 
m1049 37 41 46 2087 2096 4837 
m3361 13 36 40 45 686 1813 1840 1845 2013 2036 2045 2263 2286 4336 
m1076 22 36 37 40 41 46 1122 1136 1137 1140 1141 1146 1822 1837 1840 1846 2022 2036 2037 2040 2041 2046 2072 2086 2087 2090 2096 2322 2336 2340 2341 2346 4396 
m2039 40 46 2046 2340 2346 4846 
m565 13 38 1913 1938 
m2563 46 
m199 14 32 36 46 746 1614 1632 1636 1646 1814 1832 1836 1846 2314 2332 2336 2346 4332 
m1702 36 45 46 1845 2286 2295 2345 4836 
m2013 30 37 46 1880 2330 4837 
m1016 12 45 46 645 2345 4812 
m1325 45 46 2345 
m1904 23 36 40 41 1186 1190 1191 1840 1841 2036 2040 2041 
m611 5 36 40 46 255 1805 1846 2005 2036 2040 2046 2305 2346 4346 
m2726 30 36 46 1536 1546 2330 2336 2346 4836 
m880 23 36 1186 
m70 22 23 30 1122 1123 1130 1173 1180 1522 1523 1530 
m3100 12 22 36 41 46 49 622 641 1141 1812 1822 1841 2322 2336 2341 2462 2472 2486 2491 2496 3136 4312 4336 4812 
m3481 5 22 36 40 41 272 286 290 291 1105 1122 1136 1140 1141 1840 1841 2041 
m3051 13 23 36 1186 1813 3663 
m2355 36 46 2336 2346 4346 4836 
m221 32 45 1645 
m1872 46 2346 
m1465 22 36 38 41 49 1136 1138 1141 1149 1822 1838 1841 1849 1922 1936 1941 2072 2086 2088 2099 2472 2486 2488 2491 4336 
m2315 5 37 46 1855 2305 2337 2346 
m638 46 
m1338 14 22 36 1114 1136 4314 
m2373 46 
m2345 22 23 30 1122 1123 1130 1172 1173 1180 1522 1523 1530 3673 
m2193 32 46 48 2332 2348 2432 
m3099 30 44 45 1545 2230 2245 
m89 23 38 1923 3673 
m2846 45 2295 
m2940 12 45 46 645 2345 4812 
m2334 13 22 36 38 40 1113 1122 1136 1138 1140 1813 1840 1913 1936 1940 2013 
m2366 46 2346 
m3158 22 44 46 1144 1146 2222 2246 2322 2344 2346 4846 
m3332 14 46 714 746 2314 2346 4814 
m752 14 36 46 736 746 2336 
m3518 9 14 36 49 709 1809 1814 1836 1849 2459 2464 2486 2499 
m2054 5 37 46 255 287 1855 1887 1896 2305 2337 2346 4837 
m1951 26 38 40 46 1338 1340 1346 1946 2340 
m2163 13 22 33 36 40 690 1113 1122 1133 1136 1140 1690 1813 1833 1840 2013 2033 4163 
m2889 
m2591 14 22 46 722 746 2322 2346 
m1041 13 25 38 46 1263 1296 1913 1925 1946 2313 
m1127 46 2346 
m3041 20 22 23 30 38 1022 1023 1030 1038 1122 1123 1130 1172 1173 1180 1188 1520 1523 1538 1922 1923 1930 3673 
m3119 38 45 46 1945 2288 2295 2296 2338 2345 
m3336 22 37 46 1122 1137 1146 2322 2337 2346 4837 
m1213 30 36 40 46 49 1549 1830 1836 1846 1849 2030 2036 2040 2046 2049 2330 2349 2480 2499 
m587 36 41 1841 2086 
m2105 30 40 46 49 1540 1546 1549 2030 2040 2046 2330 2340 2346 2349 2490 2496 
m316 46 2346 4846 
m1262 30 40 45 46 2030 2040 2045 2046 2280 2290 2296 2330 2340 2346 
m444 
m714 30 44 45 1530 1544 1545 2230 2244 2245 2280 2294 2295 
m1829 36 40 45 1845 2036 2045 
m2609 22 38 44 46 1146 1922 1944 1946 2344 2346 4846 
m1044 21 
m2523 22 36 40 1136 1140 1840 2036 2040 
m1003 32 36 38 41 46 1641 1646 1936 1941 1946 2332 2336 2341 2346 4136 4586 
m463 2 27 36 40 46 1352 1386 1396 1802 2002 2027 2036 2046 2302 4836 
m2093 13 16 49 699 849 3166 
m2156 40 46 2040 2046 2340 
m1178 36 40 48 49 1836 1840 2036 2436 2440 2449 2486 2490 4336 
m178 13 22 45 695 1113 1145 2263 2272 2295 
m410 30 38 46 1930 1946 2330 
m2400 26 40 45 46 1340 1346 2026 2040 2045 2046 2276 2290 2296 2340 
m614 37 1887 
m2836 
m3148 22 36 41 46 1822 2072 2096 2322 4586 4836 
m442 36 45 46 1845 2336 2345 
m1089 22 32 45 46 1132 1145 1146 2282 2296 2332 
m1425 22 23 45 1172 1173 2272 2273 3673 
m2064 45 
m941 13 22 33 672 1672 3183 
m1793 22 23 36 40 41 1122 1123 1136 1140 1141 1172 1173 1186 1190 1191 1822 1823 1836 1840 1841 2023 2036 2041 2072 2073 2086 2090 2091 3673 3686 4323 4336 4586 
m1636 22 23 36 45 1122 1123 1136 1172 1173 1186 2272 2273 3673 
m934 5 14 30 46 705 730 1505 2305 2314 2330 2346 4814 
m1482 14 36 49 736 749 1849 
m3356 6 42 2842 
m3633 22 36 40 1122 1136 1140 2022 2036 2040 
m2734 32 36 38 41 46 49 1641 1646 1938 1941 1946 1949 2332 2336 2341 2346 2482 2486 2491 2496 4136 4586 
m592 37 46 4396 
m795 22 37 46 1872 2322 2337 
m2750 13 33 36 38 40 688 1688 1813 1833 1838 2013 2033 2036 2038 4163 
m1366 23 30 37 46 1180 1880 2323 2330 2337 2346 4373 4823 4837 
m731 36 40 46 49 1836 1840 1846 1849 2036 2040 2046 2336 2340 2346 2349 2486 2490 2496 4336 4346 4836 
m1412 22 44 46 1146 2344 2346 4846 
m2352 12 23 36 46 49 636 649 1199 1849 2336 2349 3123 3686 4812 4823 
m970 26 40 46 1326 1340 1346 2026 2046 2326 3826 
m757 14 40 46 740 746 2014 2040 2046 2314 2340 2346 4814 
m2688 13 37 4363 
m1991 23 45 1195 2295 
m375 36 45 1845 
m1961 22 23 30 39 1123 1522 1523 1972 1973 1980 3673 
m397 22 23 32 46 1123 1132 1146 1182 1196 2332 
m1852 6 42 46 346 2146 2842 
m750 45 49 2295 2299 
m1199 13 33 46 2313 2333 2346 4163 4813 4833 
m2338 22 36 40 1122 1136 1140 1822 2022 2036 
m2502 22 44 46 1146 2246 2344 2346 4846 
m3082 5 13 22 33 46 655 1113 1133 1146 1655 1696 2305 2313 4163 
m2257 44 46 49 2344 2349 2494 
m3237 5 45 46 2255 2296 2305 
m2395 11 13 33 563 583 3183 
m2227 12 23 30 36 41 612 630 636 641 1191 1523 1541 1812 1823 1830 1836 1841 2062 2073 2086 3123 
m1812 37 46 49 2337 2346 2487 2496 4837 
m1363 36 40 46 49 1836 1840 1846 1849 2036 2046 2049 2336 2340 2346 2349 2486 2490 2496 4346 4836 4846 
m2220 12 23 30 36 41 612 630 636 641 1191 1523 1541 1812 1823 1830 1836 1841 2062 2073 2086 3123 
m2752 11 13 33 36 40 661 1661 1811 1813 1833 2011 2013 2033 2036 4163 
m959 36 46 49 1849 2336 2349 2486 2499 
m3581 30 45 46 2280 2296 2330 2346 4846 
m133 22 37 40 46 1137 1140 1146 1890 2022 2037 2040 2046 2337 2340 2346 4837 
m2148 12 23 30 36 41 46 49 630 1180 1812 1830 1846 2062 2073 2080 2086 2096 2323 2330 2462 2473 2480 2486 2491 2496 3123 4323 4812 
m3390 21 36 46 49 1086 1099 1849 2321 2336 2346 2349 
m3400 36 38 46 48 1836 1838 1848 1936 1938 1948 2336 2338 2348 2436 2438 2448 4336 4836 
m458 46 50 2546 
m2330 46 
m196 38 45 46 1938 1945 1946 2345 
m2967 36 40 46 48 2036 2040 2046 2048 2336 2346 2348 2436 4836 
m698 22 23 36 40 46 49 1172 1822 1836 1849 2022 2023 2036 2040 2046 2049 2322 2323 2336 2349 2472 2473 2486 4323 4336 4836 
m778 22 44 46 1146 2344 2346 4846 
m2849 13 22 46 672 2322 4813 
m2670 22 44 46 1146 2344 2346 4846 
m2251 27 36 37 46 49 1387 1827 1837 2327 2477 2486 2487 2496 4336 4346 4837 
m2347 37 39 40 46 1890 1987 1990 2340 4396 4496 
m2722 22 23 30 1122 1123 1130 1172 1173 1180 1522 1523 1530 3673 
m1106 44 46 2246 2344 2346 4846 
m3543 12 36 46 49 649 1812 1849 2336 2349 4812 
m1859 23 
m2543 21 1071 
m1499 41 45 2091 2095 2291 2295 
m1206 22 44 46 1146 2344 2346 4846 
m1472 37 46 2337 
m189 22 36 41 1122 1136 1141 1822 2072 4586 
m754 
m773 5 32 36 46 49 282 286 296 299 1649 1832 1849 2332 2336 2349 2486 4136 4336 
m2125 14 46 714 746 2314 2346 4814 
m2960 6 23 1156 1173 
m1064 23 36 40 1823 1836 1840 2023 2036 2040 3686 
m2091 13 46 4813 
m646 36 49 1836 1849 
m2776 5 32 1605 
m623 26 46 49 1346 1349 2346 2496 2499 
m3077 48 2448 
m1349 32 36 41 46 1641 2332 2336 2341 2346 4136 4341 
m2753 22 23 36 49 1123 1136 1149 1173 1186 2473 2486 3673 4323 
m1927 22 23 30 41 46 1122 1141 1146 1191 1523 1530 1541 1546 2073 2080 2091 2096 2322 2323 2330 2341 2346 
m371 12 49 649 2462 2499 
m3550 9 17 40 46 49 859 896 2009 2017 2046 2049 2309 2346 2459 2467 2496 3396 
m2382 22 36 41 49 1136 1141 1149 1841 1849 2072 2086 2091 2099 2486 2491 4336 
m2293 38 45 46 1945 1946 2296 
m416 13 22 32 36 40 672 686 690 1613 1622 1636 1640 1822 1840 2022 2036 2040 4336 
m2853 22 23 36 40 1122 1123 1136 1140 1173 1823 1840 2023 2040 3673 
m83 
m2654 18 45 2268 
m534 32 36 41 46 1636 1641 1841 2332 2336 2341 4136 4336 4341 4836 4846 
m3172 45 46 2295 2296 2345 
m1929 22 23 30 1122 1123 1130 1172 1173 1180 1522 1523 1530 3673 
m2911 36 
m2497 22 45 46 1122 1145 1146 2296 2346 
m2912 36 38 49 1849 1936 1949 2486 2488 2499 
m3210 13 22 32 46 682 1113 1122 1132 1146 2313 2322 2332 
m3069 22 44 46 1146 2222 2244 2246 2322 2344 2346 4846 
m1999 22 46 1146 
m2027 32 36 38 41 46 1641 1646 1932 1936 1941 1946 2332 2336 2341 2346 4136 4586 
m3278 22 23 36 40 46 49 1123 1136 1146 1149 1836 1846 1849 2022 2023 2036 2046 2049 2323 2473 2486 2496 3686 4323 4336 4836 
m1993 27 32 1382 
m2560 13 22 36 40 41 1113 1136 1140 1813 1840 2013 2063 2072 2086 2090 
m2589 13 22 36 40 1113 1122 1136 1140 1813 1840 2013 
m2465 12 46 612 2312 2346 4812 
m2433 5 32 36 45 1605 1805 2255 2282 2286 4332 
m3062 22 36 40 46 48 1136 1140 1146 1848 2036 2040 2046 2336 2340 2346 2348 4336 4836 
m3135 22 44 46 1146 2344 2346 4846 
m3331 13 33 45 2263 2283 4163 
m2775 22 38 44 46 1146 1946 2344 2346 4846 
m459 46 2346 
m2835 26 40 46 49 1340 1346 1349 2046 2490 2496 
m2308 29 
m1476 12 14 23 30 46 630 723 730 746 1180 1512 1523 1530 1546 2312 2330 3123 3212 4823 
m2106 14 22 46 722 746 2322 2346 
m1039 5 22 37 45 1105 1122 1137 1145 1855 1895 2255 
m2359 14 22 36 40 46 722 740 746 1140 1146 1822 1840 2014 2036 2040 2046 2322 2336 2340 2346 3236 4346 4814 
m1846 11 
m2929 5 13 22 33 655 1113 1122 1133 1655 1672 4163 
m1149 45 46 2296 
m3095 22 26 46 1146 1322 1326 1346 
m747 32 46 2332 2346 
m3167 22 30 37 46 1130 1137 1146 1880 2322 2330 2337 2346 4837 
m3286 14 23 30 46 1196 1514 1523 1546 2314 2323 2330 2346 3664 4814 4823 
m2583 22 44 46 1146 2344 2346 4846 
m3379 38 46 1946 
m1514 26 32 36 46 1332 1336 1346 1832 2332 2336 2346 4836 
m1521 23 45 46 1195 2323 2345 3673 
m1070 23 41 46 1173 2073 2323 2341 3673 
m1405 22 45 1145 
m2632 22 44 46 1146 2344 2346 4846 
m2685 22 45 46 1146 2272 2296 
m2626 30 36 40 46 49 1549 1830 1836 1846 1849 2036 2040 2046 2049 2330 2349 2480 2499 
m2267 36 49 1849 2486 2499 
m797 22 44 46 1146 2246 2344 2346 4846 
m889 26 46 1346 
m2823 30 36 38 1530 1536 1538 1830 1836 1838 1930 1936 1938 4036 4330 
m104 22 23 30 36 46 49 1122 1123 1130 1146 1149 1172 1173 1180 1199 1522 1523 1530 1549 1822 1823 1830 1846 1849 2322 2323 2330 2349 2472 2473 2480 2496 3673 4823 
m1893 22 36 40 1122 1136 2022 2036 2040 
m2066 22 36 46 49 1136 1146 1846 1849 2349 
m317 22 37 38 45 46 1872 1922 1937 1945 1946 2272 2287 2296 2322 4837 
m1225 14 22 36 40 722 736 740 1114 1122 1136 1140 1822 2022 2036 
m1539 23 36 40 46 49 1186 1196 1836 1846 2023 2036 2046 2323 2473 2486 2490 2496 3673 4323 4836 
m2470 41 46 2091 2096 2341 
m1968 22 23 30 1122 1123 1130 1172 1173 1180 1522 1523 1530 3673 
m542 17 36 46 49 1817 1846 1849 2349 2467 4817 
m1420 5 13 14 23 33 655 705 713 1155 1163 1164 1183 1655 1664 4163 
m1335 22 45 1122 1145 2272 
m279 13 22 33 36 40 1113 1122 1133 1136 1140 1813 1833 1840 2013 2033 4163 
m2763 30 40 46 2030 2040 2046 2330 
m2277 38 45 46 49 1946 2299 2345 2346 2349 
m536 45 2295 
m3262 23 30 46 1180 2323 2330 2346 
m3549 22 45 1145 
m2919 5 7 36 46 49 286 296 299 355 386 396 1836 1849 2336 2346 2349 2486 2499 4836 
m3002 23 27 32 42 1182 1192 1373 1382 1392 1642 
m2928 22 36 37 40 46 1122 1136 1137 1140 1146 1822 1837 1840 1846 1872 2022 2037 2046 2322 2336 2340 2346 4396 4837 
m281 9 22 46 1109 1146 2309 2346 4846 
m3346 36 38 40 45 1838 1936 1938 1940 2036 2038 2286 2288 
m2449 28 36 1828 1836 
m990 22 38 46 1146 1922 1946 
m822 12 41 45 46 2062 2096 2262 2291 2296 4812 
m3654 46 
m1173 36 
m642 44 46 49 2246 2494 2496 
m2173 30 38 45 46 1945 1946 2280 2296 2330 2338 2345 2346 4846 
m2113 37 46 4837 
m1856 22 44 46 1146 2344 2346 4846 
m3105 10 14 46 710 746 2310 2346 
m352 13 33 46 1663 1683 2313 2333 4163 4833 
m568 22 36 40 46 1122 1136 1140 1822 2022 2036 2040 2322 2336 2340 4336 
m1329 13 33 4163 
m2487 14 32 46 1614 2314 2332 
m2499 
m3557 36 40 45 46 1840 1845 2036 2040 2045 2340 2345 4836 
m653 17 33 38 45 895 1695 1917 1933 1938 1945 3383 
m403 14 46 2346 4814 
m3657 22 44 45 46 1146 2272 2294 2296 2344 2346 4846 
m1191 22 46 1146 
m2103 37 40 46 49 1899 2037 2046 2049 2337 2340 2346 2349 4396 
m1582 14 45 46 745 746 2345 
m2964 8 37 46 437 446 4837 
m469 2 45 46 2252 2296 2302 
m3170 22 46 1146 
m290 14 34 46 734 746 2334 
m2422 22 30 36 40 41 46 1122 1130 1136 1140 1141 1146 1536 1540 1541 1830 1836 1840 1841 2030 2036 2040 2041 2086 2090 2322 2330 2336 2340 2341 
m493 33 46 2333 2346 4833 
m3056 22 45 46 1122 1145 1146 2272 2295 2296 2345 
m1145 22 44 46 1146 2246 2344 2346 4846 
m1810 41 2091 
m1607 14 22 38 46 738 1114 1138 2314 2322 2338 2346 4814 
m3562 30 36 46 1830 2330 2336 2346 4336 
m3618 22 26 33 40 1126 1133 1676 2022 2026 2033 
m2415 5 36 41 45 46 286 291 1836 1841 2286 2291 2296 2305 2336 2341 4836 
m1523 28 
m2219 
m2749 13 36 40 46 696 1813 2013 2036 2040 2046 4346 
m2886 26 
m2620 11 13 22 33 36 40 661 1111 1113 1122 1133 1136 1140 1661 1811 1813 1833 1840 2011 2013 2033 4163 
m3061 41 
m460 14 46 714 746 2314 2346 3246 4814 
m1083 45 46 2296 2346 4846 
m2201 32 1632 
m450 22 30 36 39 41 1136 1139 1522 1536 1539 1541 1986 2072 2089 4586 
m3272 23 30 46 1180 2330 2346 4823 
m332 11 45 595 
m2949 36 40 46 1836 2036 2046 2336 
m34 22 30 40 46 1130 2022 2030 2040 2046 2322 2330 2346 
m3220 14 714 
m625 36 46 1836 1846 4836 
m716 23 30 45 46 1195 1523 1545 1546 2323 2330 2345 2346 3696 4823 4846 
m681 30 45 1530 2280 
m2349 18 46 2318 
m859 12 14 22 46 622 722 1112 1114 1122 1146 2314 2322 3114 4812 
m906 22 33 46 1122 1133 1146 1696 2333 2346 4196 
m2787 15 46 2315 
m1397 22 23 30 46 1122 1123 1130 1146 1180 1522 1523 1530 1546 2330 4823 
m524 3 45 195 2295 
m798 22 40 44 46 1146 2044 2046 2246 2344 2346 4846 
m730 8 25 46 49 408 446 449 1258 1296 2349 
m573 26 45 46 1345 1346 2345 
m1099 14 40 46 49 2014 2046 2314 2346 2464 2490 2496 4814 
m1182 22 30 41 46 1130 1146 1522 1546 2072 2080 2096 2322 
m3118 22 45 46 1122 1146 2272 2295 2296 2322 2346 4846 
m3294 36 40 46 49 1836 1840 1846 1849 2036 2040 2046 2336 2340 2346 2349 2486 2490 2496 4336 4346 4836 
m2934 14 33 40 46 733 740 746 1690 2340 4196 
m3705 5 13 22 38 46 655 696 1113 1146 1905 1913 1922 1946 2305 
m2247 12 22 23 36 41 46 49 622 623 636 641 649 1123 1136 1141 1191 1822 1823 1841 2322 2323 2336 2341 2349 2472 2473 2486 2491 3136 4323 4336 4812 
m2613 22 44 46 1144 1146 2246 2322 2344 2346 4846 
m3146 40 46 49 2040 2046 2340 2490 2496 
m1570 22 23 36 40 41 46 1122 1123 1136 1140 1186 1190 1836 1840 2036 2040 2072 2073 2086 2090 2322 2323 2336 2340 2341 3686 
m3666 22 46 1146 
m1233 37 
m2241 14 36 40 46 740 746 1840 2014 2036 2040 2046 2336 2340 2346 3236 4346 4814 
m2418 22 26 46 1146 1322 1346 
m305 44 46 2244 2246 2344 2346 
m3455 45 46 2295 2345 
m802 18 45 945 
m368 45 
m2083 22 38 44 45 46 1146 1922 1944 1946 2272 2288 2294 2296 2344 2346 4846 
m1936 23 45 1195 2273 2295 
m1806 5 36 45 286 295 1845 4336 
m1705 36 38 46 1936 1946 2336 2338 2346 4836 
m1682 5 36 40 46 49 286 296 299 2005 2036 2046 2346 2349 2486 4836 
m2231 12 22 23 36 41 46 49 622 623 636 641 649 1123 1136 1141 1191 1822 1823 1841 2322 2323 2336 2341 2349 2472 2473 2486 2491 3136 4323 4336 4812 
m155 7 26 46 1307 1346 2307 2346 
m229 22 38 44 46 1146 1922 1944 1946 2344 2346 4846 
m3261 36 40 45 46 1845 2036 2040 2045 2046 2296 4346 
m2088 22 44 46 1144 1146 2246 2344 2346 4846 
m2755 5 14 40 45 46 705 745 2005 2014 2045 2046 2255 2305 2345 4814 
m2360 5 36 46 49 286 296 299 1836 1849 2305 2336 2346 2349 4836 4846 
m457 13 33 40 46 2013 2033 2046 2313 2333 4163 
m2866 22 45 46 1122 1145 1146 2345 
m2244 45 2295 
m2916 14 45 2264 3214 
m227 22 38 44 46 1146 1922 1944 1946 2344 2346 4846 
m2126 
m1321 37 40 45 46 1890 2287 2290 2337 2340 2345 
m2876 22 23 36 40 41 1123 1136 1140 1173 1186 1190 1191 1823 1836 1840 1841 2023 2036 2040 2041 2073 2086 3673 3686 4323 4586 
m1598 
m1966 22 44 46 1146 2322 2344 2346 4846 
m3343 22 30 36 40 46 1122 1130 1136 1146 1522 1536 1822 2022 2030 2036 2322 2330 2336 2340 2346 4836 
m477 14 45 745 2264 2295 
m2123 22 32 37 1622 1872 1882 
m1207 22 23 30 36 46 1172 1522 1523 1536 1822 2322 2330 2336 2346 3686 4823 4836 
m2202 22 45 46 1145 1146 2296 4846 
m3131 16 38 46 838 2338 4816 
m2976 13 33 45 695 1695 4163 
m344 13 22 33 36 40 45 672 686 690 695 1122 1136 1140 1672 1686 1690 1822 2022 2036 2272 2283 2286 2290 3183 
m782 32 36 45 46 1832 2282 2286 2296 2332 2336 2346 4836 
m3598 41 45 2291 
m2532 37 
m720 22 41 1122 1141 
m2175 23 30 38 45 46 1180 1923 1930 1946 2273 2280 2288 2296 2330 2346 4823 
m548 22 46 2322 2346 
m2461 22 45 46 1145 1146 2345 
m3355 17 32 882 1617 1632 
m370 27 49 1399 
m222 22 26 44 46 1146 1322 1344 1346 2344 2346 4846 
m3180 22 23 30 36 41 1122 1123 1130 1136 1172 1173 1522 1523 1822 1823 1830 2072 2073 2080 3673 4586 
m2223 22 44 46 1122 1144 1146 2222 2246 2322 2344 2346 
m2321 22 23 30 36 40 46 1122 1123 1130 1136 1140 1146 1172 1173 1522 1523 1530 1540 1546 1822 1823 1830 1840 1846 2022 2023 2030 2036 2040 2046 2322 2323 2330 2340 2346 3696 4823 
m1187 33 38 46 1688 1938 1946 2338 4196 
m617 23 46 2323 2346 3696 4823 4846 
m2879 3 46 2303 2346 4803 4846 
m1372 13 22 46 1113 1122 1146 2322 4813 
m287 45 
m861 22 23 36 38 40 1123 1136 1138 1140 1173 1922 1923 1936 1938 1940 2023 2036 2038 3686 
m2712 33 46 49 1696 1699 2349 
m454 22 40 46 1140 1146 2046 
m908 32 49 1649 
m2740 22 45 1145 
m1461 37 39 40 46 1890 1987 1990 2037 2039 2046 2340 4396 4496 
m1725 22 23 27 36 40 1122 1123 1127 1136 1140 1190 1372 1373 1386 1390 1823 1840 2023 2040 
m2963 22 23 30 36 41 1123 1130 1136 1523 1823 1830 2072 2073 2080 3673 4323 4586 
m1568 14 30 714 730 
m2170 36 40 46 1840 2336 2340 
m3053 22 36 40 46 1136 1146 1836 1840 1846 2036 2046 2336 2340 2346 4836 
m268 38 45 1938 1945 
m1504 13 22 33 36 49 1113 1133 1136 1149 1813 1833 1849 2463 2483 2486 2499 4163 
m25 37 45 46 1895 2337 2345 2346 4396 
m1235 3 30 45 46 180 195 2280 2296 2330 2345 2346 2696 4803 
m2631 14 36 40 46 1846 2014 2036 2040 2046 4314 4814 
m2283 22 34 36 1134 1136 1834 
m2195 36 
m1448 22 36 40 46 1122 1136 1140 1146 1840 2040 2336 2340 
m2811 12 32 612 1612 
m408 5 45 46 2255 2296 2305 
m3613 46 4846 
m1688 22 36 40 41 46 49 1136 1140 1141 1149 1836 1849 2036 2049 2086 2090 2099 2322 2336 2340 2341 2349 4336 
m3420 33 37 46 1883 1896 4833 
m983 12 14 32 37 46 614 632 732 737 1882 2314 2332 2337 3137 4812 
m2843 46 
m2541 22 23 30 1123 1172 1173 1180 1522 1523 1530 3673 
m1324 22 23 30 36 40 1122 1123 1130 1136 1172 1173 1180 1186 1190 1522 1523 1530 1536 1540 1822 1823 1830 1840 2022 2023 2030 3673 
m806 23 30 38 45 46 1180 1923 1930 1946 2273 2280 2288 2296 2323 2330 2338 2346 4823 
m1741 14 23 30 46 1514 1523 1546 2314 2323 2330 2346 3664 4814 4823 
m3688 36 45 46 1845 2336 2345 2346 4836 
m2249 22 23 30 36 40 46 1122 1123 1130 1136 1140 1146 1172 1186 1190 1522 1523 1536 1540 1546 1822 2022 2036 2322 2336 2340 2346 4823 
m2339 22 36 46 49 1822 2322 2336 2346 2349 2486 2496 
m1379 13 33 3183 
m1142 46 
m2230 22 30 36 40 46 1122 1130 1136 1140 1146 1536 1540 1546 1836 1840 1846 2022 2030 2036 2040 2046 2322 2330 2336 2340 2346 4346 
m1911 13 22 26 33 36 40 672 686 690 1113 1122 1133 1136 1140 1313 1322 1333 1336 1340 1663 1672 1683 1686 1690 1822 2022 2036 3183 
m3456 22 23 30 36 40 41 46 1122 1123 1130 1136 1140 1141 1146 1180 1522 1523 1530 1536 1540 1546 1822 1823 1830 1836 1840 1841 1846 2022 2023 2030 2036 2040 2041 2046 2072 2086 2090 2322 2323 2330 2340 4823 4846 
m1416 30 46 2330 
m1624 22 45 46 1145 1146 2296 
m2768 5 32 255 1605 1632 
m1918 46 
m1301 14 22 39 40 46 740 1114 1122 1139 1140 1146 1990 1996 2014 2040 2046 2340 3246 4464 
m1606 22 23 36 40 41 46 49 1123 1136 1140 1149 1173 1186 1190 1199 1840 2022 2023 2036 2040 2041 2049 2072 2073 2086 2090 2099 2322 2323 2340 2341 2473 2486 3673 3686 4323 
m2642 22 44 46 1146 2222 2246 2322 2344 2346 4846 
m356 30 46 2330 
m2778 14 22 36 40 722 736 740 1114 1122 1136 1140 1822 2022 2036 
m3348 38 40 45 46 1946 2038 2046 2288 2290 2296 
m1156 
m1871 3 22 30 38 172 180 188 1522 1922 1930 1938 
m1404 
m2764 22 45 46 1145 1146 2345 4846 
m175 22 44 46 1146 2344 2346 4846 
m1112 32 36 4332 
m1694 22 36 41 46 48 1136 1141 1848 2086 2098 2322 2336 2341 2348 4336 
m820 18 46 2318 
m327 22 37 46 1122 1137 1146 1872 2322 4837 
m2739 5 14 38 45 46 705 745 1905 1914 1945 1946 2255 2305 2345 4814 
m3641 26 44 46 49 1344 1346 2246 2476 2494 2496 
m159 37 46 4396 
m3102 22 35 46 1135 1146 1796 
m2172 46 
m966 22 23 36 1123 1136 3686 
m2565 5 14 26 33 45 264 276 283 726 1676 2255 2264 2276 2283 3233 
m241 5 14 32 705 1605 1614 
m3522 22 23 30 40 46 1122 1123 1130 1140 1146 1180 1523 1530 1546 2022 2023 2030 2046 2330 2346 4823 
m1820 22 36 40 46 1122 1136 1140 1146 1840 2036 2040 2336 2340 
m3388 14 36 40 45 736 740 745 1840 2036 2286 2290 4336 
m3423 15 45 795 
m3709 40 45 46 2040 2045 2046 2345 4846 
m2689 23 
m732 26 36 46 1336 1346 2336 2346 4836 
m1691 22 36 40 41 46 48 1136 1140 1141 1148 1836 1848 2036 2048 2086 2090 2098 2322 2336 2340 2341 2348 4336 
m2780 14 45 745 
m2165 22 23 30 36 40 41 1123 1130 1136 1140 1172 1173 1180 1186 1190 1523 1822 1823 1830 1836 1840 1841 2022 2023 2030 2036 2041 2072 2073 2086 2090 3673 4323 4336 4586 
m248 45 
m2733 9 36 46 459 486 496 1809 2309 2336 2346 4836 
m95 22 46 1146 2322 2346 
m137 5 36 37 38 45 46 286 295 1845 1855 1886 1895 1936 1937 1938 1946 2305 2336 2337 4336 
m3231 5 36 38 286 1905 1936 
m1495 39 45 1995 2289 2295 
m3011 22 30 37 46 1130 1137 1146 1880 2330 4396 
m404 11 13 22 38 563 572 588 688 1113 1138 
m3710 37 41 46 2087 2341 4837 
m1306 22 23 30 39 41 1123 1130 1139 1141 1523 1973 1980 1991 2073 2080 3673 4473 
m556 16 23 30 38 45 46 830 1180 1516 1523 1530 1546 1916 1930 1945 1946 2266 2273 2280 2296 2316 2323 2330 2345 2346 3323 4823 
m299 14 40 46 740 2014 2040 2046 2340 2346 3246 4814 
m2481 8 36 46 1808 2308 2336 2346 4836 
m1224 14 32 46 714 732 2314 2332 2346 4814 
m249 22 40 44 46 1140 1144 1146 2040 2046 2222 2240 2246 2322 2340 2344 2346 4846 
m2111 13 38 663 1913 1938 
m1573 22 40 46 1146 2340 
m3542 46 
m1953 14 45 745 
m1813 36 45 46 1845 2345 4836 
m2397 22 47 2372 2397 
m2259 
m1419 36 40 41 1836 1840 2036 2086 2090 2091 4586 
m2510 27 46 49 2327 2346 2477 2496 
m374 5 45 295 
m2374 12 38 45 46 645 1912 1946 2345 4812 
m2678 22 23 30 1122 1123 1130 1172 1173 1180 1522 1523 1530 3673 
m967 23 30 38 46 1180 1923 1930 1946 2330 2346 4823 
m2637 
m975 14 46 746 
m114 22 23 30 36 40 1122 1123 1136 1140 1522 1523 1536 1540 1822 1823 1840 2022 2023 2030 2036 2040 4323 4336 
m1749 5 13 33 45 655 1655 1695 2255 2263 4163 
m1710 14 22 44 46 1114 1144 1146 2214 2246 2314 2322 2344 2346 3246 4846 
m3334 22 36 37 40 46 1122 1136 1137 1140 1146 1837 1840 1890 2036 2037 2040 2322 2336 2337 2340 2346 4837 
m759 22 36 37 40 46 1122 1136 1137 1140 1146 1886 1890 2036 2037 2040 2046 2322 2336 2337 2340 2346 4396 
m812 34 38 46 1734 1934 2334 2338 2346 
m1641 32 36 38 39 46 1832 1839 1936 1939 1946 1982 2332 2336 2339 
m2474 11 13 33 45 563 583 595 695 1695 3183 
m1518 23 45 46 1195 2323 2345 3673 
m443 37 45 46 1895 2345 4837 
m2386 22 36 40 41 49 1122 1136 1140 1141 1149 1841 1849 2022 2036 2041 2049 2486 2491 4336 
m3576 22 23 36 40 41 46 49 1122 1123 1136 1140 1141 1149 1173 1186 1190 1822 1823 1836 1841 1849 2022 2023 2036 2040 2046 2072 2073 2086 2322 2323 2336 2341 2349 2472 2473 2486 2491 3673 3686 4323 4336 
m138 46 
m704 8 37 408 437 
m191 37 46 4396 
m3277 10 21 36 46 521 536 546 1821 2321 2346 4836 
m2614 22 44 46 1146 2344 2346 4846 
m2353 22 36 46 49 1136 1146 1149 1849 2336 2346 2349 
m2305 14 40 46 49 2014 2040 2046 2314 2346 2464 2490 2496 4814 
m3702 20 37 46 1870 2320 2337 
m162 37 38 1888 1937 1938 
m2090 13 17 22 45 46 672 872 2263 2267 2295 2296 2313 2317 2322 3363 
m471 22 23 30 1123 1130 1180 1530 
m2770 22 46 1122 1146 
m398 14 46 746 2346 
m1575 22 37 1122 1137 1872 1887 
m496 22 36 41 49 1141 1849 2086 2091 2099 4336 
m378 26 37 38 46 1876 1926 1937 1946 2326 4396 
m3695 26 46 2326 2346 
m1009 6 36 40 43 336 340 1806 1836 1840 1843 2006 2036 2043 2186 2190 2843 
m2439 14 36 49 749 1814 1849 
m17 37 40 46 2037 2046 4837 
m2820 23 30 45 1180 1195 1523 1530 1545 2273 2280 2295 3673 
m605 14 32 36 41 46 736 741 1614 1641 2314 2332 2336 2341 4136 4586 
m2581 26 40 46 49 2026 2046 2326 2340 2346 2476 2496 
m1807 22 46 1146 
