m2456 22 37 39 46 1122 1137 1139 1146 2337 2339 2346 4487 4837 4839 
m1830 22 23 24 38 40 46 1123 1146 1190 1222 1240 1246 1923 1924 1938 1940 1946 2022 2023 2024 2040 2046 2340 3696 3723 
m3494 22 26 33 1122 1126 1133 1676 
m3541 32 36 38 46 1832 1932 1936 1938 1946 2332 2336 2346 4836 
m2470 23 31 46 48 49 1196 1573 1596 2346 2423 2431 2446 2449 2473 2481 2496 
m3247 33 37 46 49 1883 1896 2333 2346 2483 2487 2496 4833 4837 
m1002 26 33 37 44 46 1333 1337 1344 1346 2233 2237 2333 2337 2344 2346 4383 
m449 23 24 40 46 1190 1240 1246 2023 2024 2040 2046 2323 2324 2340 2346 3696 3723 
m3335 22 23 45 1122 1123 1145 1173 2272 2273 2295 3673 
m3371 22 36 40 41 1136 1140 1141 1836 1840 2036 2086 2090 4586 
m203 23 26 30 46 1176 1323 1326 1330 1346 1523 1526 1546 2326 2330 2346 3696 4823 4846 
m3681 36 40 1836 1840 2036 2040 
m191 37 46 4396 
m2815 36 46 2336 2346 4836 
m3412 14 26 46 726 746 1314 1326 1346 2326 2346 4814 
m1216 46 
m3241 46 2346 
m2792 13 22 32 36 40 672 686 690 1113 1122 1136 1140 1613 1622 1636 1640 1822 2022 2036 
m3161 38 46 1938 1946 2346 
m542 5 46 2305 2346 
m1954 14 22 36 40 41 46 714 722 736 741 1822 1836 1841 2014 2036 2046 2072 2314 2322 2336 2341 3236 4314 4586 4814 
m2742 6 36 40 1806 2006 2036 
m2496 29 
m3213 22 36 41 1122 1136 1141 1841 2072 2086 2091 4586 
m880 22 23 36 45 1172 1822 2272 2273 2286 4323 
m516 22 23 46 49 1122 1123 1146 1149 1199 2323 2346 2349 
m2779 23 30 1180 1523 1530 
m2088 13 22 36 38 40 672 686 690 1113 1122 1136 1140 1822 1913 1922 1936 2022 2036 
m3358 5 13 33 655 663 683 1655 1663 1683 4163 
m944 36 46 49 1849 2336 2349 2486 2499 
m1010 37 40 46 1890 2037 2040 2046 2337 2340 2346 4396 
m68 23 26 32 46 1182 1323 1332 1346 2323 2332 
m335 22 32 36 40 1122 1132 1136 1140 1622 1636 1640 1822 1836 1840 2022 2036 4332 
m3350 6 14 23 32 36 314 332 732 1156 1164 1182 1806 1814 1832 3686 
m2192 14 714 
m644 22 23 36 40 1122 1123 1136 1140 1172 1173 1186 1190 1822 1836 1840 2022 2023 2036 2040 3673 4336 
m3279 23 36 3686 
m253 14 32 46 732 2332 4814 
m225 
m2036 23 31 46 49 1196 1573 1596 2346 2473 2481 2496 2499 
m1044 14 22 40 46 1114 1140 1146 2014 2040 2046 2314 2346 4814 4846 
m1015 22 36 40 45 1122 1136 1140 1145 1836 1840 1845 2036 2040 2045 2286 2290 
m1273 27 38 46 1927 1946 2327 
m302 22 32 36 46 49 1622 1649 1822 1832 1849 2322 2332 2336 2346 2349 2472 4136 4336 4836 
m2947 46 47 2346 2347 
m3111 22 23 30 46 1123 1130 1146 1180 1523 1530 1546 2330 4823 
m753 23 41 46 2073 2323 2341 3673 
m1883 23 36 1186 1836 3686 
m2976 22 45 1145 2272 2295 
m675 22 36 37 40 46 1137 1146 1822 1837 1846 1872 2022 2036 2046 2322 2337 2346 4346 4837 
m3130 22 37 49 1122 1137 1149 1872 1899 2472 2487 2499 
m3574 37 40 45 46 1890 2287 2290 2296 2340 4396 
m3337 36 37 40 46 1837 1846 2036 2037 2040 2046 2337 2346 4346 4837 
m2893 32 46 1646 
m135 22 37 40 46 1137 1140 1146 1890 2022 2037 2040 2046 2337 2340 2346 4837 
m36 22 23 30 36 40 46 49 1122 1123 1130 1136 1140 1146 1149 1172 1173 1180 1186 1190 1199 1522 1523 1530 1536 1540 1546 1549 1823 1840 2022 2023 2030 2036 2040 2046 2322 2330 2336 2340 2346 2349 2472 2473 2480 2486 2490 2496 3696 4823 
m2615 23 36 40 41 1186 1190 1191 1836 1840 1841 2023 2036 2040 2041 2073 2086 2090 2091 3686 4323 4336 4586 
m824 13 38 46 688 1913 1938 1946 2313 2338 2346 3196 
m3315 22 40 46 1122 1140 2322 2340 
m3595 46 
m215 28 46 1428 2328 2346 
m1322 13 26 38 46 1313 1346 1913 1926 1946 2313 
m404 23 49 1173 2473 3673 
m1394 22 37 40 46 1872 2037 2040 2046 2322 2337 2346 4837 
m1821 26 36 46 1336 1346 4836 4846 
m445 22 46 1146 2322 2346 
m3532 23 36 41 1186 2073 3673 4323 4586 
m3506 13 38 1913 1938 
m462 28 36 38 1438 1838 1928 1936 4328 
m594 22 44 46 1146 2222 2244 2246 2322 2344 2346 4846 
m2600 27 38 46 1927 1938 1946 2327 
m946 36 
m3312 23 24 40 46 1190 1240 1246 2023 2024 2040 2046 2340 3696 3723 
m2786 37 38 41 46 1937 1938 1941 1946 2087 2096 4837 
m48 38 46 1938 1946 
m1828 23 32 45 46 1182 2273 2282 2296 2323 2332 2346 4823 
m881 36 40 41 46 1841 2036 2041 2086 2090 2091 2336 2340 2341 4336 4836 4846 
m3346 6 14 32 36 314 332 732 1806 1814 1832 
m1050 14 46 2346 4814 
m1079 28 
m1005 36 38 1936 1938 
m1628 
m1973 13 22 37 672 1872 4363 
m2188 37 46 49 1899 2346 2349 4396 4837 
m954 12 36 38 41 46 641 1841 1912 1936 1938 1941 1946 2062 2086 2091 2096 2312 2336 2341 4312 
m359 14 22 30 38 46 730 1114 1130 1138 1146 1914 1930 1946 2330 3246 
m426 22 37 46 49 1122 1137 1146 1899 2346 2349 2496 4396 4837 
m2201 22 23 30 36 40 46 1122 1123 1130 1136 1140 1146 1180 1522 1523 1530 1536 1540 1546 1822 1823 1830 1836 1840 1846 2022 2023 2030 2036 2040 2046 2322 2323 2330 2340 4823 4846 
m2945 13 45 46 2263 2295 2296 2313 2346 3196 
m1371 2 41 141 
m700 23 30 36 40 41 1173 1180 1186 1190 1191 1523 1823 1830 1836 1841 2023 2030 2036 2073 2080 2086 2090 2091 3673 4323 4586 
m1032 22 36 40 46 1822 1840 1846 2022 2036 2040 2046 2322 2336 2340 2346 4336 4346 4836 
m3155 36 40 41 46 1836 1841 1846 2036 2040 2041 2046 2336 2341 2346 4341 4346 4836 4846 
m3164 23 30 1173 1180 1523 1530 
m3354 38 46 1946 
m2089 13 22 1113 1122 
m1768 22 23 30 32 40 41 1140 1182 1523 1530 1532 2022 2023 2030 2032 2040 2072 2090 
m1343 13 22 38 49 699 1113 1122 1138 1149 1913 1938 1949 
m1299 23 36 41 45 1186 1191 2273 2286 2291 3673 3686 4586 
m3185 13 22 32 46 682 1113 1122 1132 1146 2313 2322 2332 
m1093 22 38 46 1138 1146 1946 
m1550 12 22 23 30 36 46 622 630 636 1172 1180 1186 1522 1536 1822 2322 2330 2336 3123 3686 4336 4812 4823 
m1235 22 23 41 1122 1123 1141 1173 2072 2073 3673 
m925 22 27 36 40 46 1122 1127 1136 1140 1146 1390 1822 1827 1836 1840 1846 2022 2027 2036 2040 2046 2327 2336 2340 
m2692 13 20 22 36 38 40 672 686 690 1013 1020 1022 1036 1038 1040 1122 1136 1140 1822 1913 1922 1936 2022 2036 
m330 22 30 37 41 46 1130 1137 1141 1146 1537 1541 1546 2087 2096 2322 2330 2337 2341 2346 4837 
m2568 26 38 46 1926 1946 2326 
m514 22 30 36 40 45 46 1122 1130 1136 1140 1145 1146 1536 1540 1836 1840 2036 2040 2272 2296 2322 2330 
m171 17 23 26 30 46 880 896 1180 1317 1323 1330 1346 1517 1523 1530 1546 2330 3373 4823 
m2336 5 23 24 40 46 273 274 290 296 1190 1240 1246 2023 2024 2040 2046 2340 3696 3723 
m3301 14 37 3237 
m377 10 26 37 46 1310 1337 1346 1860 1896 2310 2346 4396 
m85 
m395 14 20 40 46 1014 1040 1046 2014 2046 3246 
m1963 36 37 40 46 1837 1846 2036 2037 2040 2046 2337 2346 4346 
m2006 12 22 36 38 40 46 612 636 1112 1122 1136 1138 1140 1146 1812 1836 1840 1846 1912 1922 1936 1938 1940 1946 2012 2022 2036 2038 2046 2312 2336 2346 3146 4812 4836 
m3166 12 14 46 712 2314 2346 3146 3246 4812 
m1166 23 32 46 1196 1623 1646 2346 
m3656 22 23 36 41 1123 1136 1141 1172 1173 1186 1822 1823 2072 2073 2086 2091 3673 4586 
m1619 32 37 38 44 46 1637 1644 1646 1894 1932 1937 1944 1946 2337 2344 
m26 14 23 36 40 46 49 749 1814 1823 1846 1849 2014 2023 2036 2046 2314 2323 2336 2346 2349 2473 3223 4814 4823 
m1138 30 36 38 40 46 1830 1930 1936 1940 1946 2030 2036 2046 2330 2336 2340 2346 4836 
m1025 22 36 46 1136 1146 1846 2322 2336 4846 
m23 22 23 36 40 45 1122 1123 1136 1140 1145 1173 1822 1823 1836 1840 1845 2022 2023 2036 2040 2045 2273 3673 
m3442 22 36 41 49 1122 1136 1141 1149 1849 2072 2086 2099 4336 
m931 32 46 1632 1646 2332 2346 4846 
m2852 22 40 46 1122 1140 1146 2340 
m1779 4 26 38 226 238 1304 1326 1338 1904 1926 2704 
m3400 12 26 40 46 626 2012 2026 2046 2312 2326 2340 2346 4812 
m1344 29 36 41 1829 1836 2079 2086 4336 
m1332 14 36 38 40 46 49 738 1814 1838 1914 1936 1938 1940 1946 1949 2014 2036 2046 2314 2336 2338 2340 2346 2349 2464 2486 2490 2496 3246 4346 
m2977 22 23 30 46 1122 1123 1130 1146 1180 1523 1530 1546 2330 4823 
m2635 22 23 30 36 40 41 46 1123 1130 1136 1141 1146 1180 1186 1190 1523 1530 1536 1540 1546 1830 2022 2023 2030 2036 2040 2046 2072 2073 2080 2086 2090 2091 2330 3696 4836 
m408 38 46 1938 1946 2338 2346 
m826 22 27 46 1146 1372 1377 1396 
m1917 22 30 38 39 46 1130 1138 1139 1146 1930 1938 1939 1946 1980 2330 2339 2346 4839 
m1449 37 39 40 46 1890 1987 1990 2037 2039 2046 2340 4396 4496 
m1327 14 38 46 49 746 749 1914 1938 1946 1949 2346 2349 
m1227 30 32 36 46 1630 1830 1846 2330 2332 4332 
m1831 22 23 46 49 1122 1146 1149 1172 1199 2322 2346 2349 3696 4823 
m331 5 13 26 33 263 283 1305 1313 1333 1655 1663 1683 3183 
m3547 22 23 36 37 40 1122 1123 1136 1137 1140 1172 1173 1822 1823 1836 1837 1840 1872 1873 2022 2023 2036 2037 2040 3673 
m1741 22 32 38 46 1146 1922 1932 1938 1946 2332 2346 
m627 23 45 2273 
m2944 14 30 40 46 1514 1546 2014 2030 2040 2046 2314 2346 4814 
m2054 38 45 46 49 1938 1946 1949 2288 2296 2299 2349 
m2728 22 36 40 41 1122 1136 1140 1141 1836 1840 1841 2036 2040 2086 2090 2091 4586 
m2938 12 13 46 662 696 2312 2346 3196 4812 
m1913 22 23 30 41 46 1122 1141 1146 1191 1523 1530 1541 1546 2073 2080 2091 2096 2322 2323 2330 2341 2346 
m531 
m353 33 44 49 1694 1699 2494 
m2046 5 23 38 45 46 1155 1945 1946 2255 2273 2305 2323 2345 2346 4823 
m1971 22 30 36 38 46 49 1522 1536 1538 1546 1549 1822 1922 1930 1936 1938 1946 1949 2322 2330 2336 2338 2346 2349 2472 2486 2496 
m3416 46 2346 
m2413 22 38 46 1138 1146 1922 1938 1946 
m2308 14 22 26 46 714 722 726 746 1114 1122 1126 1146 1314 1322 1346 2314 2322 2326 2346 3246 
m1152 6 36 43 336 1806 1836 1843 2186 2843 
m349 37 46 1896 2346 4837 
m267 14 34 36 40 46 1714 1734 1736 1740 1746 1814 1836 1840 1846 2014 2036 2040 2046 2314 2346 4346 4814 4846 
m3456 13 17 22 672 872 1113 1117 1122 3363 
m1439 21 22 23 36 41 1121 1122 1123 1171 1172 1173 1821 1822 1823 2071 2072 2073 3673 4586 
m84 14 40 46 2014 2040 2046 2314 2346 4814 
m1727 12 46 646 2312 2346 3146 4846 
m2081 14 36 40 46 740 1814 1840 2014 2036 2040 2046 2336 2340 2346 3246 4346 4814 
m2312 5 13 22 26 33 46 263 283 672 1305 1313 1333 1346 1672 2305 2313 2322 2333 4163 
m1331 14 40 46 49 2014 2040 2046 2314 2346 2464 2490 2496 4814 
m3034 36 46 49 1849 2336 2346 2349 2486 2496 2499 4336 4836 
m29 26 32 36 41 46 49 1332 1336 1341 1346 1349 1641 1646 2332 2336 2341 2346 2482 2486 2491 2496 4136 4586 
m2096 13 38 46 1913 1946 2313 
m1747 22 23 1122 1123 1173 3673 
m1292 40 41 46 2046 2090 2096 2340 
m3298 26 39 46 1339 1346 2326 2339 4839 4846 
m3405 5 36 46 255 286 2305 2336 2346 
m2415 22 38 46 1138 1146 1938 1946 
m1759 14 22 36 38 46 722 1814 1822 1914 1936 1946 2314 2322 2336 2346 4814 
m2723 23 41 1173 1191 2073 3673 
m1789 12 13 22 49 649 699 1112 1113 1149 3162 
m2314 6 36 42 46 49 2306 2336 2342 2456 2486 2492 2496 2836 4606 4636 
m752 5 26 36 46 49 50 276 296 300 1346 1350 1805 1826 1846 1849 1850 2305 2326 2346 2349 2350 2455 2476 2496 2500 
m1596 22 30 36 1522 1536 1822 
m1422 23 46 49 2323 2346 2473 2496 4823 
m1564 36 46 49 1846 1849 2336 2346 2486 2496 4336 4346 4846 
m522 13 37 4363 
m371 26 37 38 46 1876 1926 1937 1946 2326 4396 
m1975 27 32 1382 
m3286 23 30 45 46 1523 1545 1546 2273 2296 2345 2346 3696 4823 
m1369 22 23 36 40 41 1172 1822 1841 2022 2023 2036 2041 2072 2073 4323 4336 4586 
m356 14 22 40 45 46 722 2014 2045 2046 2264 2272 2296 2314 2322 2340 2345 2346 4814 
m2494 22 36 41 1122 1136 1141 1841 2091 4586 
m174 22 32 46 1122 1132 1146 1632 2322 2332 2346 
m131 37 40 46 1890 2037 2040 2046 2337 2340 2346 4396 
m3149 22 23 36 40 41 1122 1123 1136 1140 1173 1822 1823 1836 2022 2023 2036 2072 2073 2086 2090 3673 4323 4586 
m1617 36 40 46 1840 1846 2036 2040 2046 2346 4346 
m3515 22 44 46 1146 2222 2244 2246 2322 2344 2346 4846 
m280 22 38 1122 1922 
m1522 22 23 30 46 1122 1123 1130 1146 1180 1523 1530 1546 2330 4823 
m3510 30 46 49 2330 2349 2480 
m988 5 36 46 49 286 296 299 1836 1849 2336 2346 2349 2486 2496 2499 4836 
m924 14 37 46 2314 2337 2346 4364 4814 
m995 37 40 46 1890 1896 2040 2046 2340 2346 4837 
m568 22 32 46 1122 1132 1146 2322 2332 2346 4846 
m973 13 22 45 695 1113 1122 1145 
m2249 36 40 46 1836 1840 1846 2036 2040 2046 2336 2340 2346 4336 4346 
m2730 30 38 41 46 1930 1941 1946 2080 2096 2330 2341 2346 
m1629 32 36 38 39 46 1832 1839 1936 1939 1946 1982 2332 2336 2339 
m1234 22 23 30 41 1123 1130 1141 1522 1523 2073 2080 3673 
m122 22 23 36 46 1123 1136 1146 2323 4323 4836 
m290 22 23 30 36 40 45 46 1122 1123 1130 1136 1140 1145 1146 1172 1173 1180 1186 1190 1196 1522 1523 1530 1536 1540 1545 1546 1822 1823 1830 1845 2022 2023 2030 2036 2046 2272 2273 2280 2286 2290 2296 2322 2323 2330 2336 2340 2345 2346 3696 4346 4823 
m1431 26 32 36 46 1326 1332 1336 1346 1832 2332 2336 2346 4836 
m3088 13 23 36 46 49 1813 1823 1846 1849 2313 2346 2463 2473 2496 3663 4813 4823 
m192 22 23 36 40 41 1122 1123 1136 1140 1141 1172 1173 1822 1823 1836 1840 1841 2022 2023 2036 2040 2041 2072 2073 3673 4586 
m2267 30 36 41 46 49 1536 1541 1841 2080 2086 2091 2096 2099 2330 2336 2341 2346 2349 2480 2486 2491 
m3583 30 40 46 2030 2046 2330 2340 2346 4846 
m2612 32 38 45 46 49 1638 1646 1938 1946 1949 2282 2288 2296 2299 2332 2338 2346 2349 
m2577 5 22 32 36 46 49 286 299 1605 1622 1636 1646 1649 1805 1822 1846 1849 2305 2322 2332 2336 2346 2349 2472 2486 2499 4136 4336 4836 
m59 22 38 44 46 1146 1922 1938 1944 1946 2344 2346 4846 
m3657 22 23 30 36 41 1123 1130 1136 1141 1186 1191 1523 1536 1841 2073 2080 2091 3673 4323 4586 
m600 22 36 40 41 1136 1141 1836 1840 2036 2086 2090 4586 
m3444 5 22 36 38 46 49 286 296 299 1136 1138 1149 1836 1846 1849 1905 1936 1938 1946 1949 2346 2349 2455 2486 2496 2499 4836 
m3273 13 38 1913 1938 
m3617 26 38 46 1926 1938 1946 2326 
m628 22 23 1123 
m1653 6 14 36 49 706 714 736 749 1806 2456 2486 
m3526 22 23 37 41 1122 1123 1137 1141 1172 1173 1872 1873 2072 2073 2087 3673 
m2059 32 36 38 46 49 1632 1636 1649 1849 1932 1936 1946 2332 2336 2349 
m3037 41 
m1874 37 46 2337 2346 
m1864 14 23 30 38 40 730 1180 1514 1523 1530 1540 1914 1923 1930 1940 2014 2023 2030 3223 
m155 22 23 36 41 1123 1136 1141 1186 1823 2072 2073 2086 2091 3673 4586 
m381 13 36 40 49 2013 2036 2463 2486 2490 4313 
m2112 22 46 1122 1146 2346 
m1438 23 30 46 1523 2323 2330 2346 4823 
m2439 14 32 41 741 1614 1641 
m2906 5 36 46 49 255 286 296 299 1849 2346 2349 2486 2499 4836 
m3225 5 36 45 286 295 1845 2255 2286 2295 4336 
m1429 14 36 40 46 1814 1836 1840 1846 2014 2036 2040 2046 2314 2336 2346 3236 4346 4814 4836 
m429 14 22 46 722 2314 2322 2346 4814 
m2629 45 
m2332 11 32 561 582 
m3353 20 48 2420 
m2122 22 23 36 40 1122 1123 1136 1140 1173 1823 2023 2036 3673 
m2985 22 46 49 1146 1149 2322 2346 2349 2496 
m1898 22 36 40 46 49 1122 1136 1146 1149 1822 1836 1840 1846 1849 2022 2036 2040 2046 2049 2349 2472 2486 2490 2496 
m2582 14 46 714 746 2314 2346 4814 
m831 23 30 38 40 46 1180 1923 1930 1946 2023 2038 2046 2330 4823 
m2850 36 40 46 1846 2036 2040 2046 
m415 14 36 46 49 736 746 2336 2346 2349 2464 2486 2496 4814 4836 
m2277 22 37 40 46 1137 1146 2022 2037 2046 2337 2346 4837 
m2700 27 38 46 1927 1946 2327 
m1526 23 30 36 40 41 1173 1523 1536 1540 1823 1830 1836 1840 2023 2030 2036 2040 2073 2080 2086 2090 3673 4323 4586 
m2504 22 46 1122 1146 2346 
m3287 22 23 49 1122 1123 1173 1199 2473 3673 
m3621 22 36 37 40 49 1136 1137 1822 1836 1837 1840 1849 1886 2022 2036 2037 2040 2472 2486 2487 2490 2499 
m274 36 38 41 46 1936 1946 2336 2341 2346 4341 4836 4846 
m1263 14 36 40 46 1814 1846 2014 2036 2040 2046 2346 4346 4814 
m2287 36 38 46 1838 1846 2338 2346 4836 
m1724 14 23 30 46 1514 1523 1546 2314 2323 2330 2346 3664 4814 4823 
m672 46 2346 
m293 22 40 1122 1140 
m3478 38 46 1946 2346 
m1912 37 
m3303 13 22 672 1113 1122 
m334 23 30 33 46 1180 1523 1530 1533 1546 1680 2323 2330 2333 2346 4173 4823 
m1539 23 30 36 40 41 1173 1180 1186 1190 1523 1530 1536 1540 1823 1830 1836 1840 2023 2030 2036 2040 2073 2080 2086 2090 3673 4323 
m3581 46 2346 
m1192 30 38 40 45 46 1930 1938 1945 1946 2030 2038 2045 2046 2280 2288 2296 2330 2338 
m544 5 22 27 46 1146 1355 2305 2327 
m2364 23 40 2023 3673 
m2662 14 36 40 41 46 714 736 2014 2036 2046 2064 2086 2090 2096 3246 4314 4346 4814 
m3081 38 41 46 1938 1941 1946 2341 
m1178 33 38 40 46 1690 1696 1933 1938 1940 1946 2333 2338 2340 2346 
m3176 14 45 46 49 2264 2296 2299 2314 2346 2464 2496 4814 
m3424 
m2002 22 23 30 41 46 1122 1123 1130 1146 1180 1523 1530 1546 2072 2073 2080 2091 2096 2330 4823 
m1746 5 36 46 49 286 296 299 1849 2346 2349 2499 4836 
m2478 36 37 46 1837 2336 2337 4336 4337 
m799 22 23 36 40 41 1122 1123 1136 1140 1141 1173 1186 1190 1823 1836 1840 1841 2022 2023 2036 2040 2041 2072 2073 2086 2090 2091 3686 4323 
m3667 5 36 37 46 49 286 296 299 1849 1855 1886 1896 1899 2305 2336 2346 2349 4836 4837 
m2229 13 46 2313 
m641 36 46 49 2486 2496 4836 4846 
m2225 23 30 45 46 1180 1195 1196 2280 2296 2330 2345 2346 3696 4823 
m2534 44 46 2344 2346 
m166 12 26 46 1312 1326 1346 2312 2346 4812 
m2718 9 36 46 459 486 496 1809 2309 2336 2346 4836 
m504 22 23 30 41 1123 1130 1141 1172 1173 1180 1191 1522 1523 1541 2072 2073 2080 2091 3673 
m2715 36 40 46 49 1836 1846 2036 2040 2046 2049 2336 2346 2349 2486 2496 4336 4836 
m3349 22 23 36 40 41 1122 1140 1141 1173 1186 1190 1823 1836 2022 2023 2036 2040 2041 2073 2086 2090 2091 3686 4323 
m1142 23 30 46 49 1180 1523 1530 1546 2330 2346 2480 2496 4823 
m3604 36 46 4836 
m3276 22 36 40 46 49 1136 1140 1146 1840 1846 2022 2036 2040 2046 2049 2336 2340 2346 2349 2486 4836 
m808 22 36 40 46 1136 1140 1146 1840 2336 2340 4336 4836 
m1186 5 37 46 1855 2305 2337 2346 4837 
m565 22 41 1122 1141 2072 
m2709 36 40 46 49 1836 1840 1846 1849 2036 2040 2046 2049 2336 2340 2346 2349 4346 4836 4846 
m2538 14 46 714 3246 4814 
m1426 22 30 46 1122 1130 1146 2322 2330 2346 
m1822 26 46 1326 1346 2326 2346 3826 
m3259 8 10 38 508 1908 1910 
m2007 26 32 36 46 1332 1336 1346 1832 2332 2336 2346 4836 
m419 22 23 30 46 1122 1123 1130 1146 1180 1523 1530 1546 2323 2330 3673 4823 
m3090 5 23 24 40 41 46 273 274 290 291 296 1190 1240 1246 2023 2024 2040 2046 2073 2074 2090 2096 2340 3696 3723 
m3367 46 2346 
m1052 13 16 22 36 40 672 686 690 822 836 840 1113 1116 1122 1136 1140 1822 2022 2036 3166 
m534 38 41 46 1938 1941 1946 2341 
m1424 23 33 44 49 1183 1194 1199 1694 1699 2494 
m3582 
m1500 26 32 36 46 1332 1336 1346 1832 2332 2336 2346 4836 
m2304 14 23 38 46 1164 1196 1914 1923 1946 4814 
m3426 22 30 36 40 41 46 49 1122 1130 1136 1140 1141 1146 1149 1522 1536 1546 1822 1846 2022 2030 2036 2040 2046 2049 2072 2090 2322 2472 2480 2486 2496 4346 4846 
m1478 13 38 45 46 688 2263 2295 2296 2313 2338 2346 3196 
m2351 36 37 40 46 1837 1846 2036 2037 2040 2046 2337 2346 4346 4837 
m1384 22 23 30 46 1122 1123 1130 1146 1180 1522 1523 1530 1546 2330 4823 
m294 3 30 36 40 46 180 186 190 196 1830 2030 2036 2046 2330 4836 
m1852 22 26 44 46 1122 1126 1144 1146 1322 1344 1346 2222 2246 2322 2326 2344 2346 4846 
m3147 22 37 45 46 49 1122 1137 1145 1146 1895 2322 2345 2346 2472 2487 2495 2496 4396 4837 
m807 5 30 37 38 46 280 1855 1880 1896 1905 1930 1937 1946 2305 2330 
m1838 14 22 25 46 725 1114 1125 1146 2325 3246 
m1797 46 2346 
m2495 22 23 30 36 41 1123 1130 1136 1141 1180 1523 1823 1830 2073 2080 3673 4323 4586 
m3418 29 36 49 1829 1836 2479 2486 4336 
m1470 14 36 40 46 740 746 1814 1840 1846 2014 2036 2040 2046 2314 2340 2346 3214 3246 4346 4814 
m3502 22 46 1146 2322 2346 
m79 13 33 40 690 1690 4163 
m1706 30 38 46 1930 1938 1946 2330 2338 2346 4846 
m369 14 22 46 722 1114 1146 2322 3246 
m3144 28 36 38 46 1928 1936 1946 2328 2336 2346 4328 4836 
m1268 14 32 36 38 41 46 1614 1914 1932 1936 1938 1941 1946 2064 2082 2086 2314 2332 2336 2341 4136 4314 
m897 32 33 36 1632 1633 1636 1683 1686 1833 1836 4136 4186 4333 4336 
m536 22 46 49 2322 2346 2349 2472 4846 
m2594 14 22 46 1114 2314 2322 2346 4814 
m1578 37 41 46 49 1891 2337 2341 2346 2349 2487 2491 2496 4396 
m1457 22 23 32 38 46 1123 1132 1146 1182 1196 1922 1923 1932 1946 2332 
m172 23 30 46 1180 1523 1530 1546 2330 4823 
m3323 23 24 40 46 1190 1240 1246 2023 2024 2040 2046 2323 2324 2340 3696 3723 
m241 14 22 46 714 722 746 1114 1146 2314 2346 3246 4814 
m556 36 40 49 1836 1840 1849 2036 2040 2049 2486 2490 2499 
m1626 22 23 30 36 40 46 1122 1123 1130 1136 1140 1146 1172 1522 1523 1530 1536 1540 1822 1823 1830 1836 1840 1846 2022 2023 2030 2036 2040 2046 2322 2323 2330 2336 2340 3673 3686 4323 4823 
m352 22 37 46 1872 1896 2322 2346 4837 
m665 22 36 40 41 1136 1140 1822 1836 1840 1841 2036 2072 2086 2090 2091 4586 
m2337 23 36 41 1823 2073 3673 4323 4586 
m674 22 23 30 1122 1123 1130 1173 1523 1530 3673 
m3659 13 33 38 1913 1933 1938 4163 
m3609 22 23 36 40 41 1172 1186 1190 1191 1822 1836 1840 1841 2022 2023 2036 2040 2041 2072 2073 2086 2090 2091 3686 4323 4336 4586 
m2517 14 23 30 38 730 1180 1514 1523 1530 1914 1923 1930 3223 
m1740 22 38 46 49 1946 2322 2346 2349 2472 4846 
m3294 36 41 46 2336 2341 2346 4586 4846 
m2257 38 46 1938 1946 2346 
m2760 37 49 1899 2487 
m3612 14 44 46 49 744 746 2344 2464 2494 2496 
m1543 31 36 1581 1586 1831 1836 4086 
m3671 12 46 2346 4812 
m985 30 40 46 2030 2040 2046 2330 2346 
m1054 14 40 45 46 2014 2040 2046 2264 2290 2296 2314 2346 3214 4814 
m994 12 32 36 46 1612 1812 2312 2332 2336 2346 4136 4812 4836 
m3490 22 30 32 36 46 49 1532 1536 1546 1549 1622 1636 1649 1822 1849 2322 2330 2332 2336 2346 2349 2472 4136 4336 4836 
m1502 22 23 30 41 46 1123 1130 1146 1172 1522 1523 1530 1546 2072 2073 2080 2096 2322 3696 
m1240 14 40 46 2014 2040 2046 2314 2346 4814 
m2986 30 40 46 49 2030 2046 2049 2330 2349 2480 2496 4846 
m1356 13 22 36 40 672 686 690 1113 1122 1136 1140 1822 2022 2036 
m2050 23 36 38 40 46 1923 1936 1940 1946 2023 2036 2046 2323 3686 4836 
m1666 36 38 40 46 1840 1846 1936 1940 1946 2036 2046 2340 
m1541 36 38 46 1936 1946 2336 
m231 23 30 36 40 41 49 1190 1523 1530 1540 1541 1823 1830 1836 1840 1841 1849 2073 2080 2090 2473 2480 2486 2490 2491 2499 
m2502 13 22 36 40 1113 1122 1136 1140 1813 1840 2013 
m2442 26 46 1346 2346 
m99 14 36 38 41 46 714 1814 1836 1838 1914 1936 2064 2086 2088 2096 2314 2336 2338 3236 4314 4586 4814 
m2256 3 
m3291 12 22 23 30 46 612 622 623 630 646 1112 1122 1123 1130 1180 1512 1522 1523 1530 2312 2322 2323 2330 2346 4812 
m3675 37 46 2346 4837 
m2979 21 23 36 1071 1073 1821 4321 4323 4336 
m1803 5 22 37 46 255 1105 1137 1146 1855 1887 1896 2305 2322 2337 2346 4837 
m3639 22 23 30 36 37 40 41 46 49 1123 1130 1137 1141 1146 1190 1191 1523 1537 1540 1541 1546 1822 1823 1830 1836 1837 1840 1846 1873 1890 1891 1896 2022 2030 2036 2037 2040 2041 2046 2086 2091 2099 2340 2341 2346 2486 2490 2496 2499 4396 4823 
m1325 7 16 36 46 386 807 2307 2316 2336 3336 
m1876 22 33 41 1122 1141 1672 1683 1691 
m184 22 23 36 40 41 1122 1123 1136 1140 1141 1172 1173 1822 1823 1836 1840 1841 2022 2023 2036 2040 2041 2072 2073 3673 4586 
m3060 5 13 33 46 655 1655 2305 2313 2333 4163 
m3384 38 45 46 49 1938 1946 1949 2288 2296 2299 2349 
m3231 14 26 38 41 741 1314 1341 1914 1926 1941 
m635 33 34 38 40 46 1690 1696 1733 1734 1738 1746 1933 1938 1940 1946 2333 2338 2340 2346 
m2808 23 30 36 40 41 1523 1536 1540 1830 1836 1840 2023 2036 2073 2080 2086 2090 3686 4323 4586 
m552 13 38 1913 1938 
m3525 22 23 30 36 40 41 46 1122 1123 1130 1136 1140 1141 1146 1191 1522 1523 1530 1536 1540 1541 1546 1822 1823 1830 1836 1840 1841 1846 2022 2023 2030 2036 2040 2041 2046 2072 2080 2086 2090 2091 2341 3696 4323 
m3015 5 14 36 46 49 264 286 296 299 746 749 1849 2349 2486 2499 3236 4836 
m3190 22 23 30 1122 1123 1130 1173 1180 1523 3673 
m3600 22 23 36 38 41 1122 1123 1136 1141 1172 1822 1823 1922 1923 1936 1941 2072 2073 2086 2088 2091 3673 4323 4586 
m1260 13 22 33 36 37 40 41 683 686 690 1113 1122 1133 1136 1140 1141 1690 1813 1822 1833 1836 1840 1872 1886 1887 2013 2022 2033 2036 2040 2063 2072 2086 
m2448 22 40 46 1146 2022 2040 2046 2346 
m768 22 44 46 1122 1144 1146 2322 2344 2346 4846 
m281 22 36 37 40 46 1136 1137 1140 1146 1837 1840 1846 1890 2022 2036 2037 2040 2046 2336 2340 2346 4336 4346 4396 4837 
m132 22 23 30 41 46 1122 1123 1130 1141 1146 1172 1173 1180 1191 1196 1522 1523 1530 1541 1546 2072 2073 2080 2322 2323 2330 2341 2346 3673 3696 4823 
m3410 22 38 46 1146 1922 1938 1946 2346 
m643 14 32 36 41 46 1614 2064 2082 2086 2314 2332 2336 2341 4136 4314 
m2418 36 37 40 46 49 1837 1849 1899 2036 2037 2046 2049 2336 2349 4837 
m3548 20 40 48 2020 2420 2440 
m1989 23 30 40 46 1190 1196 1523 1530 1540 1546 2040 2046 2340 
m1775 22 38 46 49 1122 1138 1146 1149 1922 1938 1946 1949 2322 2346 2349 
m2466 6 14 36 46 49 314 706 714 736 746 749 1806 1814 1846 2306 2456 2464 2486 2496 4814 
m2349 32 36 38 40 46 49 1632 1636 1649 1849 1932 1936 1946 1949 2032 2036 2038 2046 2332 2336 2338 2340 2346 2349 
m3072 22 23 41 1122 1123 1141 1172 2073 
m1774 14 32 36 44 46 736 1614 2214 2232 2236 2314 2332 2336 2344 4136 4846 
m1198 26 32 36 46 1332 1336 1346 1832 2332 2336 2346 4836 
m569 44 46 2344 2346 
m3022 22 32 36 37 40 1122 1132 1136 1137 1140 1637 1832 1837 1840 2032 2037 
m3240 22 23 36 40 41 1122 1123 1136 1140 1141 1172 1173 1822 1823 1836 1840 1841 2022 2023 2036 2040 2041 2072 2073 3673 4586 
m2330 22 30 36 40 46 1122 1130 1136 1146 1522 1536 1822 2022 2030 2036 2322 2330 2336 2340 2346 4836 
m181 26 38 46 1326 1346 1926 1946 2326 4846 
m299 44 46 2244 2246 2344 2346 4846 
m1851 32 33 36 1632 1633 1636 1683 1686 1833 1836 4136 4186 4333 4336 
m1769 22 41 1122 1141 
m366 26 36 37 46 49 1826 1837 1846 1849 1876 1899 2326 2476 2496 4396 
m1931 13 20 22 33 36 38 40 688 1013 1022 1033 1036 1038 1040 1113 1133 1136 1138 1140 1688 1813 1822 1833 1838 1840 2013 2033 2036 2038 3183 3536 4336 
m3531 36 40 41 46 49 1841 1846 2036 2041 2046 2336 2340 2341 2346 2349 2486 2490 2491 2496 4346 
m1608 37 40 45 46 49 1895 1899 2037 2040 2045 2046 2340 2345 2346 2349 2495 4387 4396 4837 
m1565 22 27 46 1122 1127 1146 1377 2327 2346 
m2953 22 23 30 36 41 1123 1130 1523 1822 1823 1830 2072 2073 2080 3673 4323 4586 
m1221 36 46 49 1849 2346 2349 4836 
m2620 36 46 2336 2346 4836 
m33 32 37 1882 
m438 5 23 24 40 46 273 274 290 296 1190 1240 1246 2023 2024 2040 2046 2340 3696 3723 
m2389 22 26 44 46 1122 1126 1144 1146 1346 2222 2226 2246 2322 2326 2344 2346 4846 
m2171 22 23 30 41 46 1122 1123 1130 1141 1146 1172 1173 1191 1522 1523 1530 1541 1546 2322 2323 2330 2341 2346 3696 4823 
m2897 13 46 2313 2346 
m1124 23 1173 3673 
m2464 22 23 30 40 46 1122 1123 1130 1140 1146 1172 1173 1180 1190 1196 1522 1523 1530 1540 1546 2023 2046 2323 3673 3696 4823 4846 
m1410 22 37 40 46 1872 2022 2037 2040 2046 2322 2337 2340 2346 4396 
m336 23 30 33 46 1180 1523 1530 1533 1546 1680 2323 2330 2333 2346 4173 4823 
m2955 23 30 36 41 1523 1823 1830 2073 2080 3673 4323 4586 
m2026 14 23 30 40 730 1180 1514 1523 1530 1540 2014 2023 2030 3223 
m1377 23 30 36 49 1180 1199 1549 1823 1830 1849 2473 2480 2486 
m2923 26 37 46 1337 1346 2337 2346 4837 
m1243 22 23 30 36 40 46 1122 1123 1130 1136 1140 1146 1172 1173 1522 1523 1530 1540 1546 1822 1823 1830 1840 1846 2022 2023 2030 2036 2040 2046 2322 2323 2330 2336 2340 2346 3696 4823 
m1532 22 26 44 45 46 1144 1145 1146 1322 1344 1345 1346 2294 2296 2344 2346 
m2432 5 36 38 46 49 286 296 299 1836 1846 1849 1905 1936 1938 1946 1949 2346 2349 2455 2486 2496 2499 4836 
m2663 32 37 38 46 1637 1646 1932 1937 1946 2332 2337 2346 4837 
m1510 32 36 38 46 1832 1932 1936 1946 2332 2336 2346 4836 
m1488 22 23 32 36 1123 1132 1136 1173 1182 1186 1623 1823 3673 4332 
m3049 22 30 36 41 45 1130 1536 1541 2272 2280 4586 
m2889 22 36 40 41 1136 1140 1141 1841 2036 2041 4336 4586 
m1757 22 23 30 36 40 46 1122 1123 1130 1136 1140 1146 1172 1173 1180 1186 1190 1522 1523 1530 1536 1540 1546 1823 1840 2022 2023 2030 2036 2040 2046 2322 2330 2336 2340 2346 3696 4823 
m620 22 23 30 36 40 41 46 49 1122 1123 1130 1136 1140 1146 1172 1173 1186 1190 1191 1199 1522 1523 1530 1536 1540 1541 1546 1549 1822 1823 1830 1836 1840 1841 1846 1849 2022 2023 2030 2036 2040 2041 2046 2049 2072 2073 2086 2090 2096 2099 2330 2336 2340 2341 2349 2472 2473 2486 2490 2496 3696 4336 4823 
m819 12 30 36 46 49 1512 1530 1546 1812 1830 1836 1846 1849 2346 2480 2496 2499 4812 
m1994 22 38 46 49 1122 1146 1149 1922 1938 1946 1949 2322 2346 2349 4846 
m3356 13 20 22 32 36 40 46 672 686 690 1013 1022 1032 1036 1040 1122 1136 1140 1613 1622 1636 1640 1822 2022 2036 2313 2320 2322 2332 2336 2340 
m957 26 36 37 46 49 1336 1337 1346 1349 1837 1846 1849 2476 2486 2487 2496 2499 4837 
m158 22 23 36 40 41 1122 1123 1136 1822 1823 1836 1840 2022 2023 2036 2072 2073 2086 2090 3673 4323 4586 
m1476 33 38 46 1696 1933 1946 2333 2346 
m577 36 41 1841 
m1249 12 41 46 2062 2091 2096 2312 2346 4812 
m624 22 23 30 36 38 40 41 46 1122 1123 1130 1136 1140 1146 1172 1173 1180 1186 1190 1522 1523 1530 1536 1540 1546 1823 1840 1922 1923 1930 1938 1941 1946 2023 2030 2036 2038 2040 2041 2046 2072 2073 2080 2096 2322 2330 2336 2340 2346 3696 4823 
m3136 46 2346 
m2813 33 34 38 40 46 1690 1696 1733 1734 1738 1746 1933 1938 1940 1946 2333 2338 2340 2346 
m8 37 
m936 23 26 30 38 46 1180 1323 1330 1338 1346 1923 1930 1946 2330 2346 4823 
m1018 22 23 30 41 1122 1123 1130 1172 1173 1180 1522 1523 1530 2072 2073 2080 3673 
m223 30 38 40 45 46 1930 2030 2038 2045 2046 2280 2288 2296 2330 2338 
m3032 23 31 46 49 1196 1573 1596 2323 2346 2473 2481 2496 
m2347 14 36 38 46 49 714 736 738 746 749 1814 1846 1849 1914 1936 1946 1949 2314 2336 2338 2346 2349 2464 2486 2496 4814 
m2745 22 23 36 37 40 41 1122 1123 1136 1137 1140 1141 1823 1836 1873 1886 1890 2023 2036 2073 2086 2087 2090 3673 4323 4373 4586 
m2139 26 37 41 46 1337 1341 1346 1891 2341 4837 
m1116 45 46 2296 2345 2346 4846 
m2860 5 23 30 40 46 1155 1180 1505 1523 1530 1546 2005 2023 2030 2040 2046 2305 2323 2330 2340 4846 
m20 22 41 44 46 49 1146 1149 2072 2094 2096 2099 2344 2349 2494 
m2840 22 23 30 36 40 46 1122 1123 1130 1136 1140 1146 1172 1173 1180 1186 1190 1522 1523 1530 1536 1540 1546 1823 1840 2023 2036 2040 2322 2323 2330 2336 2340 2346 3696 4823 
m2327 22 23 30 40 46 1122 1123 1130 1140 1146 1180 1196 1523 1530 1546 2022 2023 2030 2046 2330 3673 4823 
m967 14 36 714 3236 
m3584 30 38 46 1930 1938 1946 2330 2346 
m423 23 30 38 1180 1188 1523 1530 1538 1938 
m656 13 22 33 36 40 47 672 686 690 697 1113 1122 1133 1136 1140 1147 1672 1686 1690 1697 1847 2036 2047 3183 
m1748 22 23 30 36 40 46 1122 1123 1130 1136 1140 1146 1172 1173 1522 1523 1530 1540 1546 1822 1823 1830 1840 1846 2022 2023 2030 2036 2040 2046 2322 2323 2330 2340 2346 3696 4823 
m69 14 46 47 747 2346 2347 4814 
m1301 14 22 40 46 714 746 1114 1146 2014 2022 2046 2314 2346 3246 4814 
m676 40 46 2040 2046 2340 
m618 23 45 1173 2273 3673 
m2155 5 23 32 36 46 273 282 286 1623 2305 2323 2332 2336 2346 4323 4332 4823 4836 
m1662 23 30 36 39 40 41 1173 1180 1186 1190 1191 1523 1823 1830 1836 1973 1986 1990 1991 2023 2030 2036 2041 2073 2080 2086 2091 3673 3686 4323 4586 
m2498 36 
m1807 14 22 36 40 46 1114 1136 1140 1146 1814 1846 2014 2036 2046 2346 4346 4814 
m3118 23 38 46 49 1188 1199 1938 1946 2338 2346 2349 3696 4823 
m2003 8 408 
m998 27 36 46 49 1827 1846 1849 2327 2346 2477 2496 
m3576 14 44 46 49 744 746 2344 2464 2494 2496 
m2422 29 46 2329 2346 
m3033 13 25 38 46 675 1913 1925 1946 2313 2325 
m1365 22 38 44 46 1138 1144 1146 1944 1946 2344 2346 
m3196 12 41 46 641 2062 2091 2096 2312 2341 2346 
m3108 22 23 30 46 1122 1123 1130 1146 1172 1173 1180 1196 1522 1523 1530 1546 2323 2330 2346 3696 
m1282 3 30 33 41 46 180 196 1653 1680 2053 2080 2083 2096 2330 4196 
m2342 22 36 40 46 49 1136 1140 1146 1149 1836 1840 1846 1849 2036 2040 2046 2049 2336 2340 2346 2349 2486 2490 2496 4346 
m922 14 40 46 2014 2046 2314 2346 4814 
m269 22 23 30 36 40 41 1122 1123 1130 1136 1140 1141 1172 1173 1186 1190 1191 1522 1523 1536 1541 1840 1841 2023 2036 2041 2072 2073 2086 2090 2091 3673 3686 4323 4336 4586 
m3296 13 33 3183 
m2636 26 46 1346 
m2291 14 40 46 49 2014 2040 2046 2314 2346 2464 2490 2496 4814 
m1707 6 14 32 36 314 332 732 1806 1814 1832 
m1654 13 33 36 38 40 41 686 690 691 1686 1690 1691 1841 1913 1933 1936 1938 1941 2036 2041 2063 2083 2086 2090 2091 3183 
m98 14 22 36 38 41 46 714 736 1114 1136 1836 1914 1922 1936 1941 2064 2072 2086 2314 2322 2336 2338 2341 3236 4314 4586 4814 
m1569 22 24 1124 
m1879 36 41 46 49 1841 1846 2341 2346 2486 2491 2496 
m2461 22 46 49 1146 2472 2496 
m2767 33 36 38 46 49 1683 1686 1688 1696 1699 1833 1846 1933 1936 1946 1949 2333 2336 2338 2346 2349 2483 2486 2496 4833 
m2595 5 23 30 46 273 280 296 1180 1505 1523 1530 1546 2305 2323 2330 2346 4823 
m1158 22 23 30 46 1122 1123 1130 1146 1180 1523 1530 1546 2330 2346 4823 
m2202 37 39 46 1889 4396 4839 
m1361 
m923 14 38 46 1914 1946 2314 2346 4814 
m539 14 22 33 722 1672 4164 
m847 22 23 36 40 46 1122 1123 1136 1140 1146 1172 1186 1190 1196 1822 1836 2022 2036 2040 2046 2322 3686 4346 
m2080 38 41 46 1941 1946 2091 2341 
m148 13 22 41 691 1113 1122 1141 
m2518 22 36 40 41 1122 1136 1140 1141 1822 1836 1840 1841 2022 2036 2041 2072 2086 2090 2091 
m1583 22 37 46 1137 1146 2337 2346 4837 
m1930 23 30 40 46 1180 1523 1530 1546 2023 2030 2046 2323 2330 
m217 
m3066 22 23 30 36 40 41 46 1122 1123 1130 1136 1140 1141 1146 1191 1523 1536 1541 1546 1822 1830 1841 1846 2023 2030 2036 2040 2041 2046 2072 2091 2341 3696 4323 4586 
m1108 30 46 2330 2346 4846 
m2027 10 32 46 1610 1632 1646 2310 2346 
m3551 22 23 36 40 41 1122 1123 1136 1140 1141 1172 1173 1822 1823 1836 1840 1841 2022 2023 2036 2040 2041 2072 2073 3673 4586 
m2031 
m165 46 2346 
m2754 22 46 1122 1146 
m2067 14 32 36 49 714 732 736 749 1636 1649 1849 2482 2486 2499 
m3491 46 2346 
m205 30 36 37 40 46 1536 1537 1540 1546 1837 1840 1846 1890 2037 2046 2340 4396 
m1388 22 37 40 46 1137 1140 1146 1890 2022 2037 2040 2046 2322 2337 2340 2346 4396 
m1616 5 12 41 45 46 296 2055 2062 2096 2255 2291 2296 2341 2345 4812 
m1640 22 40 41 46 1122 1140 1146 2022 2040 2046 2340 
m2503 14 38 46 49 746 1914 1946 1949 2464 2496 
m307 
m1698 36 40 46 1840 2036 2040 2046 2340 4346 
m425 22 36 40 46 49 1136 1146 1149 1836 1840 1846 1849 2022 2036 2040 2046 2049 2336 2340 2346 2349 2472 2486 2490 2496 4346 
m1894 22 40 45 46 49 1145 2046 2272 2295 2322 2345 2346 2490 2496 
m1770 22 36 41 1136 1141 1841 2072 2086 2091 4586 
m2173 22 23 30 46 1122 1123 1130 1146 1180 1523 1530 1546 2330 4823 
m1714 26 36 37 40 46 1346 1837 2036 2037 2040 2336 2337 
m206 14 40 46 2014 2040 2046 2314 2346 4814 4846 
m886 22 23 30 36 40 46 49 1172 1173 1190 1196 1522 1523 1536 1546 1549 1822 1823 1840 2022 2023 2046 2322 2472 2473 2486 2490 2496 3696 4323 4346 
m631 14 36 40 46 1814 1836 1846 2014 2036 2040 2046 2336 2346 4314 4346 4814 
m805 13 22 32 36 38 40 672 686 690 1113 1122 1136 1140 1613 1622 1636 1640 1822 1913 1922 1932 1936 2022 2036 
m1420 37 46 4837 
m342 28 36 40 1428 1828 1836 2028 2036 3936 4328 
m2140 5 13 33 46 263 283 296 696 2305 2313 2333 2346 3183 
m1749 22 23 36 40 46 49 1172 1822 1836 1840 1846 2022 2023 2036 2040 2046 2049 2322 2323 2336 2340 2346 2349 2473 2486 2490 2496 3696 4323 4346 4823 4836 
m1647 36 37 49 1836 1837 1849 2486 2487 2499 
m3390 22 46 1122 1146 2322 2346 4846 
m2836 27 36 41 46 1386 1391 1396 1841 2336 2341 2346 4836 
m2573 13 26 38 40 46 690 1313 1346 1913 1926 1938 1946 2313 2340 2346 
m2643 26 32 33 46 1332 1333 1346 1682 2332 4833 
m2934 23 38 45 1923 2273 2288 
m2033 23 36 41 46 1836 1841 1846 2073 2086 2323 2341 4323 4836 
m2904 14 20 38 46 49 720 1914 1946 1949 2320 2464 2470 2496 4814 
m3129 14 33 46 1664 1696 2314 2346 4196 4814 
m2177 20 40 48 1040 2040 2420 2440 
m2508 22 1122 
m3226 22 26 44 46 1122 1144 1146 1322 1344 1346 2344 2346 
m1661 22 23 30 41 46 1122 1123 1130 1146 1180 1523 1530 1546 2072 2073 2080 2091 2096 2330 4823 
m3668 
m749 13 20 22 33 36 37 40 672 686 690 1013 1020 1022 1033 1036 1040 1120 1122 1136 1140 1672 1686 1690 1813 1820 1822 1836 1840 1870 1872 1886 1890 2013 2020 2022 2036 3183 
m698 5 13 38 46 263 296 1905 1913 1938 1946 2305 2313 2346 4813 
m3563 32 36 40 46 1832 2032 2036 2332 2336 2340 2346 4136 4336 4836 
m54 14 46 2314 2346 4814 
m2775 23 46 2346 3696 4823 
m2213 46 2346 4846 
m125 22 23 30 36 40 41 46 1130 1146 1541 1546 1836 1841 2023 2036 2041 2073 2086 2323 2336 2340 2341 3686 4323 4591 
m750 22 23 30 36 40 41 1123 1130 1136 1141 1173 1186 1191 1523 1536 1541 1836 2022 2023 2030 2036 2041 2073 2080 2086 2091 3673 3686 4323 4586 
m1368 40 45 46 2045 2046 2290 2295 2296 2340 2345 2346 
m835 22 30 36 40 45 1122 1136 1140 1522 1536 1540 1836 1840 2022 2036 2040 2272 2280 2286 
m2863 30 36 40 49 1536 1549 1830 1836 1849 2030 2036 2499 4336 
m2539 22 26 38 46 1146 1322 1346 1922 1926 1946 2346 
m2929 38 46 1946 
m1517 4 204 
m2118 38 46 1938 1946 2338 2346 
m1929 10 38 1910 1938 
m3407 26 39 46 1326 1339 1346 1976 2326 4496 
m3464 22 23 24 40 46 1122 1123 1124 1146 1190 1222 1240 1246 2022 2023 2024 2046 2340 3696 3723 
m1574 13 17 46 2313 2317 3363 
m2781 22 23 30 36 40 41 1123 1130 1136 1140 1141 1172 1173 1180 1186 1190 1523 1822 1823 1830 1836 2023 2030 2036 2073 2086 3673 4323 4586 
m1223 22 23 30 38 46 1123 1130 1146 1188 1523 1530 1538 1546 2338 3696 
m3445 
m3355 46 
m1041 5 36 46 49 286 296 299 1849 2336 2346 2349 2486 2499 4836 4846 
m492 23 46 2323 2346 4823 
m3004 14 46 49 2314 2346 2464 2496 4814 
m3505 36 41 1836 1841 2086 2091 4586 
m1416 22 23 36 40 41 46 49 1123 1136 1140 1141 1146 1191 1822 1823 1836 1840 1841 1849 2022 2023 2036 2040 2041 2046 2072 2073 2086 2090 2091 2322 2323 2336 2340 2341 2349 2472 2473 2486 2490 2491 4323 4336 4346 4836 
m1474 5 23 38 273 1905 1923 
m2346 5 36 46 49 286 296 299 1836 1849 2305 2336 2346 2349 2455 2486 2496 4836 4846 
m636 22 23 1123 1173 3673 
m2393 13 16 27 32 46 677 827 1613 1616 1627 2313 2316 2327 2332 3166 
m3423 38 40 46 49 1940 1946 2046 2346 2488 2490 2496 
m424 14 22 46 722 2314 2322 2346 4814 
m327 12 36 38 41 46 641 1841 1912 1936 1938 1941 1946 2062 2086 2091 2096 2312 2336 2341 4312 
m2186 22 32 33 36 40 1122 1132 1133 1136 1140 1633 1672 1822 1832 1833 1836 1840 2022 2032 2033 2036 4136 4186 
m382 37 40 46 1890 2037 2040 2046 2337 2340 2346 4396 
m2912 5 36 40 46 49 286 296 299 1836 1849 2005 2036 2046 2336 2346 2349 2486 2499 4836 
m2157 22 37 38 46 49 1137 1146 1149 1899 1922 1937 1938 1946 1949 2322 2337 2338 2346 2349 4396 
m1091 46 2346 4846 
m709 36 40 41 46 49 1841 2036 2040 2046 2336 2341 2346 2349 2486 2491 2496 4346 4836 4846 
m1742 22 23 36 40 46 1123 1136 1140 1146 1186 1190 1840 2023 2036 2040 2323 2336 2340 3673 4323 4336 4836 
m383 36 46 2336 2346 4836 4846 
m2289 22 23 30 36 40 45 46 1123 1130 1136 1140 1146 1180 1523 1530 1536 1546 1830 2023 2030 2036 2046 2272 2273 2280 2286 2290 2296 2330 2336 4323 4823 
m2652 5 13 26 33 41 46 655 696 1305 1313 1326 1346 1655 1676 1696 2055 2063 2076 2083 2096 2305 4163 
m469 37 46 4837 
m2500 22 23 30 46 49 1122 1123 1130 1146 1180 1523 1530 1546 2330 2346 2472 2473 2480 2496 4823 
m1045 22 36 40 41 1136 1140 1141 1836 1840 1841 2036 2040 2086 2090 2091 4586 
m1884 23 36 1186 1836 3686 
m3511 13 38 1913 1938 
m1696 22 33 46 1133 1146 1672 1683 1696 2322 2333 2346 4833 
m2128 14 38 46 738 2314 2338 2346 4814 
m1337 22 23 30 46 1123 1130 1146 1172 1173 1180 1196 1523 1530 1546 2330 4823 
m2623 22 46 1122 1146 2322 2346 
m1473 
m2060 26 41 46 1341 1346 2096 
m1494 22 23 30 38 41 1123 1130 1172 1173 1188 1522 1523 1530 1538 2072 2073 2080 3673 
m2778 22 30 36 37 41 1130 1136 1536 1537 1541 1886 2086 2087 
m175 10 26 46 1310 1326 1346 2310 2346 
m1877 13 46 2313 
m1590 22 23 30 46 1122 1123 1130 1146 1172 1173 1180 1196 1522 1523 1530 1546 2322 2323 2330 2346 3673 4823 
m2713 
m2487 23 30 36 41 1173 1180 1186 1191 1523 1530 1536 1541 1823 1830 1836 1841 2073 2080 2091 3673 4323 4586 
m1389 22 36 40 46 1136 1140 1146 1840 2336 2340 4336 4836 
m3288 
m3379 22 23 30 36 40 41 1122 1123 1130 1136 1140 1173 1522 1523 1536 1822 1823 1830 1836 2022 2023 2030 2036 2072 2073 2080 2086 2090 2091 3673 4323 4586 
m2348 26 46 1346 2346 
m1530 22 46 1122 1146 2322 2346 4846 
m2020 14 22 32 46 49 732 749 1114 1132 1146 1649 2314 2332 2346 2349 4814 
m1433 7 38 46 1907 1946 2307 2338 2346 
m1022 36 38 41 46 1841 1936 1941 1946 2086 2091 2336 2341 
m1057 23 36 45 46 1186 1196 1836 1846 2273 2286 2296 3686 4836 
m2131 45 46 2345 
m450 13 33 40 46 2013 2033 2046 2313 2333 4163 
m2644 14 36 40 46 740 1814 1836 1840 1846 2014 2036 2040 2046 2314 2340 2346 3246 4314 4346 4836 
m2356 14 46 49 2314 2346 2464 2496 4814 
m3332 13 22 33 36 40 672 686 690 1113 1133 1136 1140 1672 1686 1690 1822 2022 2036 3183 
m2729 38 46 49 1938 1946 1949 2349 
m1561 22 23 36 41 1122 1123 1172 1173 1822 1823 1841 2072 2073 2091 3673 4586 
m1148 12 22 23 36 40 46 49 636 646 649 1186 1196 1199 1822 1836 1840 1846 2022 2036 2322 2336 2346 2349 2486 2496 3123 3146 3686 4336 4823 
m2708 23 30 36 39 40 41 1173 1186 1190 1191 1523 1539 1541 1823 1973 1986 1991 2023 2036 2073 2086 2090 2091 3673 4323 4336 4586 
m1232 36 38 40 46 49 1936 1938 1940 1946 2036 2046 2049 2346 2349 2486 4836 
m943 22 40 46 1146 2046 2322 2340 2346 
m2252 22 36 40 41 45 1122 1136 1140 1141 1145 1822 1836 1840 1845 2022 2036 2040 2045 2072 
m83 
m1896 5 22 44 46 296 1144 1146 2205 2246 2305 2344 2346 4846 
m2777 17 41 46 891 2067 2096 2341 4817 
m2768 26 32 36 38 46 1332 1336 1346 1832 1926 1932 1936 1946 2332 2336 2346 4836 
m1899 22 36 40 46 1122 1136 1140 1146 1836 1840 2022 2036 2040 2046 2322 2336 2340 2346 4836 
m898 12 22 23 36 45 46 49 622 645 1122 1145 1172 1195 1812 1822 1845 1846 2272 2295 2322 2345 2462 2473 2486 2496 3662 3696 4323 4812 
m3024 37 38 46 1888 2338 4396 
m1882 22 32 36 38 45 46 49 1122 1146 1632 1636 1645 1646 1649 1845 1846 1849 1932 1936 1946 2272 2295 2296 2322 2332 2336 2345 2346 2349 2495 2496 4846 
m433 33 45 46 1695 2283 2295 2333 2345 
m3591 13 22 32 36 40 672 686 1113 1122 1136 1140 1613 1622 1636 1822 1836 1840 2022 2036 2040 
m2477 38 46 1938 1946 2346 
m473 22 23 30 32 36 46 49 1122 1123 1130 1146 1149 1172 1173 1180 1522 1523 1530 1549 1622 1623 1630 1632 1636 1646 1649 1822 1823 1846 1849 2322 2323 2330 2349 2472 2473 2480 2486 2496 2499 3673 4823 
m1856 22 23 38 46 1123 1138 1146 1172 1173 1922 1923 1938 1946 2322 2323 3673 4823 
m124 22 30 36 40 41 49 1122 1130 1136 1140 1141 1536 1540 1822 1840 1841 2022 2036 2040 2041 2080 2086 2090 2472 2486 2490 
m1869 23 36 41 49 1191 1823 1836 1841 1849 2473 2486 2491 3686 4323 4336 4341 
m1393 23 30 49 1180 1199 1549 2473 2480 2499 
m3388 22 23 30 46 1123 1130 1146 1180 1523 1530 1546 2330 4823 
m772 12 14 45 46 645 712 745 2314 2345 2346 3146 3246 4812 
m2200 32 36 46 49 1636 1649 1832 1836 1846 1849 2332 2336 2346 2349 2482 2486 2496 2499 4332 4336 
m185 10 14 27 38 710 1360 1364 1388 1910 1914 1927 1938 
m268 22 23 45 1122 1123 1172 1173 2272 2273 3673 
m2497 22 36 41 1122 1136 1141 1841 2091 4586 
m1194 36 40 46 49 1836 1846 2036 2040 2046 2049 2336 2346 2349 2486 2496 4336 4836 
m3120 22 23 30 1172 1522 1523 
m1028 13 25 38 46 1263 1296 1913 1925 1946 2313 
m1597 22 23 45 1123 1173 1195 3673 
m1988 14 28 36 728 736 1828 1836 
m2992 32 36 46 49 1636 1649 1849 2332 2336 2346 2349 2486 2499 4136 4336 
m2555 13 36 38 40 1813 1913 1936 1940 2013 2036 
m723 22 36 37 46 49 1822 1837 1846 1849 1872 2322 2346 2487 2496 4396 4837 
m1783 13 38 688 1913 1938 
m2712 6 14 32 36 49 706 714 732 736 749 1606 1636 1806 2456 2482 2486 
m5 32 36 38 41 46 1638 1646 1838 1846 2082 2096 2332 2336 2338 2341 2346 4332 4586 
m3266 17 40 46 896 2017 2046 2346 3396 
m3102 5 23 30 36 46 255 273 280 286 296 1180 1505 1523 1530 1536 1546 1830 1846 2330 4323 4823 
m2114 
m1681 41 
m1875 9 23 30 46 1159 1509 1523 1546 2309 2323 2346 4823 
m2631 22 23 30 36 40 41 1122 1123 1130 1136 1140 1173 1522 1523 1536 1822 1823 1830 1836 2022 2023 2030 2036 2072 2073 2080 2086 2090 3673 4323 4586 
m2878 46 2346 
m3061 22 23 30 36 40 41 46 1122 1123 1130 1136 1140 1141 1146 1191 1523 1536 1541 1546 1841 1846 2023 2030 2036 2040 2041 2046 2072 2341 3696 4323 
m2005 5 13 22 33 36 40 263 272 283 286 290 672 686 690 1122 1136 1140 1672 1686 1690 1822 2022 2036 3183 
m2265 12 41 46 2062 2091 2096 2312 
m3580 22 48 1122 1148 
m2806 30 36 38 1530 1536 1538 1830 1836 1838 1930 1936 1938 4036 4330 
m2698 27 38 46 1927 1946 2327 
m64 11 13 22 33 36 40 661 1111 1113 1122 1133 1136 1140 1661 1811 1813 1833 1840 2011 2013 2033 4163 
m2261 5 36 46 49 286 296 299 1836 1846 1849 2336 2346 2349 2486 2496 4336 4836 
m3433 36 40 46 49 1836 1840 1846 1849 2036 2040 2046 2049 2336 2340 2346 2349 2486 2490 2496 4836 
m1068 37 40 41 46 1891 2037 2041 2046 2087 2090 2091 2096 2337 2340 2341 2346 4396 
m3285 22 23 30 36 40 46 1122 1123 1130 1136 1140 1146 1172 1173 1180 1522 1523 1530 1822 1823 1830 1846 2022 2023 2030 2036 2046 2322 2323 2330 3673 4823 
m3278 3 36 48 49 186 198 1803 1848 1849 2453 2486 2498 2499 4336 
m216 17 38 46 888 2317 2338 2346 3396 
m1199 22 41 46 1122 1141 1146 2341 2346 
m3360 3 30 38 46 180 188 196 1903 1930 1938 1946 2330 
m1373 6 43 4656 
m2964 22 23 30 36 41 1123 1130 1136 1523 1823 1830 2072 2073 2080 3673 4323 4586 
m306 13 20 22 33 36 40 672 686 690 1013 1022 1033 1036 1040 1122 1136 1140 1672 1686 1690 1822 2022 2036 3183 
m1295 36 40 41 1836 1840 1841 2036 2040 2041 
m3614 21 36 38 45 1095 1845 1921 1936 1945 3586 
m474 22 36 38 40 41 46 1136 1141 1836 1840 1841 1936 1940 1941 1946 2022 2036 2038 2040 2041 2046 2086 2090 2091 2322 2336 2341 4586 
m1889 30 36 40 46 1830 1836 1840 1846 2030 2036 2040 2046 2330 2336 2340 2346 4336 4346 4836 
m724 37 46 49 1899 2346 2349 2487 2496 4396 4837 
m1133 22 23 36 40 41 1122 1123 1136 1140 1141 1172 1173 1822 1823 1836 1840 1841 2022 2023 2036 2040 2041 2072 2073 3673 4586 
m142 23 30 46 1180 1523 1530 1546 2330 2346 4823 
m1657 22 23 30 36 39 40 41 1123 1136 1140 1172 1173 1186 1190 1191 1523 1536 1539 1541 1823 1972 1973 1986 1991 2023 2036 2072 2073 2086 2090 3673 4323 4336 4586 
m1855 37 46 2337 2346 4837 
m1735 23 28 36 1178 1186 1823 1828 1836 3673 
m872 15 16 37 46 1865 2315 2316 2337 2346 3315 4366 
m2274 23 30 40 46 49 1190 1199 1523 1530 1540 1546 1549 2330 2340 2346 2349 2490 2496 3696 4823 
m3267 34 45 2284 
m2443 
m1969 11 13 14 37 563 564 587 737 1863 1864 3213 4363 4387 
m1035 22 23 30 46 1122 1123 1130 1146 1523 1530 1546 2330 2346 3696 4823 
m1956 22 23 1123 
m2397 22 44 46 1122 1144 1146 2322 2344 2346 4846 
m227 29 34 36 1484 1486 1729 1734 1736 1829 1834 1836 4236 4334 
m1283 23 36 40 41 46 1191 1823 1836 1841 1846 2023 2036 2040 2041 2046 2323 2336 2341 2346 3686 4341 4346 4823 
m468 36 40 46 1836 1840 1846 2036 2040 2046 2336 2340 4846 
m1099 23 36 40 41 1173 1186 1190 1823 1840 2023 2036 2040 2073 2086 2090 3673 
m838 38 40 41 46 1940 1941 1946 2090 2340 2341 
m1245 14 45 46 2264 2296 2314 2346 4814 
m261 22 23 30 36 40 41 46 49 1122 1123 1130 1136 1140 1141 1146 1172 1173 1180 1186 1190 1196 1523 1530 1536 1540 1546 1822 1823 1830 1836 1840 1841 1846 1849 2022 2023 2030 2036 2040 2041 2046 2049 2072 2073 2080 2086 2090 2096 2330 2346 2472 2473 2486 2490 2491 3696 4336 4346 4823 
m1536 14 22 38 46 1114 1146 1914 1922 1938 1946 2314 2322 2346 4814 
m1996 22 36 40 41 46 49 1136 1140 1146 1149 1822 1840 1846 1849 2022 2046 2072 2086 2090 2096 2322 2336 2340 2346 2349 2490 2496 4336 
m10 30 41 46 2080 2096 2330 2341 2346 
m649 22 26 38 46 1146 1322 1338 1346 1922 1946 2346 
m3167 22 36 40 41 1822 1840 2022 2036 2072 2086 2090 4336 4586 
m2015 22 23 36 40 46 49 1123 1136 1146 1199 1822 1823 1836 1840 1846 1849 2022 2023 2036 2040 2046 2049 2323 2336 2346 2349 3686 4346 4823 4836 
m3616 12 22 23 36 40 41 46 49 640 641 646 1112 1123 1136 1141 1146 1149 1812 1836 1840 1841 1846 1849 2036 2041 2046 2073 2086 2090 2091 2096 2099 2322 2323 2336 2340 2341 2349 2462 2473 2486 2491 2496 4323 4336 4812 4836 
m2115 22 45 46 1145 2322 2345 2346 
m3275 37 41 46 1891 2087 2091 2096 2341 4396 
m777 26 46 1326 1346 
m1743 22 23 36 40 46 1123 1136 1140 1146 1172 1822 2022 2023 2036 2040 2046 2322 2323 2336 2340 2346 4323 4836 
m2117 2 26 46 126 2302 2326 
m123 22 23 30 36 40 46 49 1122 1123 1130 1136 1140 1146 1149 1172 1173 1522 1523 1530 1540 1546 1822 1823 1830 1840 1846 2022 2023 2030 2036 2040 2046 2322 2323 2330 2340 2346 2472 2480 2486 2490 2496 3696 4823 
m3427 23 1173 3673 
m1756 22 37 46 1122 1137 1146 2322 2337 2346 4837 
m2121 22 23 36 40 1122 1123 1136 1140 1173 1823 2023 2036 3673 
m1571 15 22 27 38 46 777 1115 1127 1146 1915 1922 1938 1946 2315 2327 2346 
m2435 22 23 37 46 1123 1137 1146 2323 2337 3687 4837 4846 
m3446 36 
m3272 23 36 3686 
m1237 14 26 36 40 46 1314 1336 1340 1346 1814 1846 2014 2036 2040 2046 2346 4346 4814 
m3020 23 24 40 46 1190 1240 1246 2023 2024 2040 2046 2340 3696 3723 
m1270 22 23 30 36 40 41 1123 1130 1172 1173 1180 1186 1190 1522 1523 1530 1536 1540 1822 1823 1830 1840 2022 2023 2030 2073 2080 2086 3673 
m1598 22 23 36 40 41 46 1122 1123 1136 1140 1141 1146 1191 1822 1823 1836 1841 1846 2022 2023 2036 2040 2041 2046 2323 2336 2341 2346 3686 4341 4346 4823 
m1302 14 22 46 714 746 1114 1146 2314 2346 3246 4814 
m3067 22 23 30 36 40 41 46 1122 1123 1130 1136 1140 1141 1146 1191 1523 1536 1541 1546 1841 1846 2023 2030 2036 2040 2041 2046 2072 2341 3696 4323 
m3623 22 40 46 1122 1140 1146 2340 2346 
m1861 22 23 26 1123 1126 1173 1176 1323 3673 
m2025 14 23 30 38 40 730 1180 1514 1523 1530 1540 1914 1923 1930 1940 2014 2023 2030 3223 
m3524 37 1887 
m1259 38 41 46 49 1938 1946 1949 2088 2096 2099 2341 2346 2349 
m2930 27 46 49 2327 2346 2477 2496 
m3064 22 23 30 36 40 41 46 1122 1123 1130 1136 1140 1141 1146 1191 1522 1523 1536 1541 1546 1841 1846 2023 2030 2036 2040 2041 2046 2072 2080 2341 3696 4323 
m2579 45 
m1265 20 22 36 41 1022 1120 1122 1136 1141 1820 1822 2070 2072 4586 
m1 22 23 41 46 1123 1141 1146 1173 2073 2323 2341 2346 3673 4823 
m1076 5 11 32 36 37 46 286 287 296 555 586 587 596 1605 1611 1636 1637 1646 1855 1861 1886 1887 1896 2305 2311 2332 2336 2337 2346 4337 4837 
m141 12 23 36 40 41 46 49 1162 1190 1196 1199 1812 1840 1846 1849 2012 2023 2036 2040 2041 2046 2062 2073 2086 2096 2099 2312 2323 2336 2341 2346 2462 2486 2490 2496 3146 3686 4312 4336 
m2378 5 36 46 1805 1846 2305 2336 2346 4346 4836 4846 
m394 5 14 22 23 32 36 37 41 264 282 286 722 737 741 1122 1123 1137 1141 1155 1182 1186 1614 1637 1814 1837 1872 1882 1886 1887 1891 2087 3664 4136 4332 
m756 22 23 36 40 41 1123 1136 1140 1172 1822 1823 1836 2023 2036 2072 2073 2086 2090 2091 3673 4323 4586 
m478 36 45 1845 
m2353 32 40 46 1632 1640 1646 2032 2040 2046 2332 2340 2346 
m2437 32 44 46 1644 1646 2344 
m3664 13 33 4163 
m2172 30 36 37 40 46 1536 1537 1540 1546 1837 1840 1846 1890 2037 2046 2340 4396 
m506 22 1122 
m77 13 22 44 46 694 1113 1122 1144 1146 2313 2344 
m3304 23 36 40 41 46 1191 1823 1836 1840 1841 1846 2023 2036 2040 2041 2046 2323 2336 2341 2346 3686 4341 4346 4823 
m3113 22 46 1122 1146 2346 
m3076 13 30 36 46 1513 1536 1546 2313 2330 2336 2346 4313 4813 4836 
m3232 13 22 37 672 1872 4363 
m1900 22 30 36 49 1122 1130 1136 1149 1522 1536 1549 1822 1830 1849 2472 4336 
m3678 23 30 36 39 40 41 1173 1186 1189 1190 1191 1523 1536 1539 1541 1823 1973 1986 1990 1991 2023 2036 2073 2086 2089 2090 2091 3686 4336 4586 
m2205 22 23 30 41 1122 1123 1130 1141 1172 1173 1180 1191 1522 1523 1530 2072 2073 2080 2091 3673 
m527 23 36 40 41 1173 1823 1836 1840 2023 2036 2040 2073 2086 2090 3686 4323 
m91 30 38 46 1930 1938 1946 2330 2346 
m942 22 36 40 41 46 1136 1141 1146 2022 2036 2041 2046 2086 2096 2336 
m1512 26 32 36 38 46 1332 1336 1346 1832 1926 1932 1936 1946 2332 2336 2346 4836 
m1115 22 23 30 1122 1123 1130 1173 1522 1523 3673 
m399 23 36 38 40 41 1823 1840 1923 1936 2023 2036 2073 2086 2088 2090 4323 4336 4586 
m669 23 26 30 40 46 1173 1180 1323 1330 1346 1523 2023 2026 2030 2046 2323 2330 3673 4823 
m31 38 46 1938 1946 2346 
m1580 12 23 30 46 1162 1196 1512 1523 1530 1546 2346 3696 4812 
m1863 22 23 38 46 1122 1123 1138 1146 1172 1922 1923 1938 1946 2322 3696 
m2545 22 23 37 41 1123 1172 1173 1187 1191 1872 1873 2072 2073 2087 2091 3673 
m909 36 40 41 46 49 1836 1840 1846 1849 2036 2040 2041 2046 2049 2086 2090 2096 2336 2340 2341 2346 2349 2486 2496 4336 4836 
m1290 22 23 30 36 40 41 1122 1123 1130 1136 1140 1173 1522 1523 1536 1822 1823 1830 1836 2022 2023 2030 2036 2072 2073 2080 2086 2090 2091 3673 4323 4586 
m3538 23 30 1523 
m149 14 32 46 714 732 746 1614 1646 4814 
m654 22 23 30 36 37 40 46 49 1123 1130 1136 1137 1140 1146 1149 1180 1523 1530 1546 1822 1823 1830 1836 1837 1840 1846 1849 1872 1873 1880 1886 1890 1896 2022 2023 2030 2036 2037 2040 2046 2330 2346 2472 2473 2480 2486 2487 2490 2496 4396 4823 
m81 22 23 30 46 1123 1130 1146 1180 1523 1530 1546 2330 4823 
m289 22 23 24 40 46 1123 1124 1140 1146 1190 1240 1246 2022 2023 2024 2046 2340 3696 3723 
m1513 22 36 40 41 45 46 1136 1140 1141 1146 2036 2046 2090 2096 2272 2286 2291 2296 4346 4586 
m1684 5 22 36 38 46 49 286 296 299 1136 1138 1146 1149 1836 1846 1849 1905 1936 1946 2346 2349 2455 2486 2488 2496 4836 
m841 13 22 38 49 699 1113 1122 1138 1913 1938 1949 
m2162 23 45 46 1196 2273 2296 2323 2346 3696 4823 
m136 5 45 46 2255 2296 2305 2346 
m2251 36 40 46 1836 1840 1846 2036 2040 2046 2336 2340 2346 4336 4346 
m1081 30 38 1930 1938 
m1009 22 30 36 40 41 46 1122 1140 1141 1146 1522 1536 1540 1822 1840 1841 1846 2022 2036 2040 2041 2046 2072 2096 2322 
m2156 33 41 48 1691 2433 2441 
m3299 37 46 49 1899 2337 2346 2349 4396 4837 4846 
m3641 22 23 30 36 37 40 46 49 1122 1123 1130 1136 1137 1140 1146 1149 1180 1523 1530 1546 1822 1823 1830 1836 1837 1840 1846 1872 1873 1880 1886 1890 1896 2022 2023 2030 2036 2037 2040 2046 2330 2346 2472 2473 2480 2486 2487 2490 2496 4396 4823 
m2847 16 23 38 40 46 49 1923 1940 1946 2016 2023 2046 2316 2323 2346 2349 2466 2473 3666 4823 
m912 22 24 1124 
m1847 33 46 2333 2346 
m1858 46 2346 
m2648 30 38 41 46 1930 1941 1946 2080 2330 2338 2341 2346 
m2484 13 22 33 36 40 1113 1122 1133 1136 1140 1686 1690 1813 1840 2013 4163 
m16 23 46 2323 2346 4823 
m1618 22 23 30 41 1123 1141 1172 1173 1191 1522 1523 1541 2073 2080 2091 3673 
m126 13 22 44 46 694 1113 1146 2313 2344 
m691 17 38 40 46 888 1917 1946 2017 2038 2046 2338 4817 
m1405 36 40 46 49 1836 1840 1846 1849 2036 2040 2046 2049 2336 2340 2346 2349 2486 2490 2496 4346 
m379 22 37 40 46 1137 1140 1146 1890 2022 2037 2040 2046 2322 2337 2340 2346 4396 
m1317 22 30 36 1130 1822 1830 
m1477 22 36 40 41 46 1136 1140 1141 1146 1822 1836 1841 2022 2036 2041 2046 2072 2086 2090 2091 2096 2322 2336 2340 2341 2346 4346 4586 4836 
m1450 22 23 30 36 40 46 1122 1123 1130 1136 1140 1146 1173 1180 1186 1190 1522 1523 1530 1536 1540 1822 1823 1830 1836 1840 1846 2022 2023 2030 2036 2040 2046 2322 2323 2330 2336 3673 4823 
m1097 14 26 726 
m3091 32 36 46 49 1632 1636 1649 1849 2332 2336 2346 2349 
m1310 22 37 40 46 1137 1146 2022 2037 2040 2046 2322 2337 2346 4837 
m3274 22 23 24 40 45 46 1122 1145 1172 1190 1195 1222 1240 1245 1246 2022 2023 2024 2040 2045 2046 2272 2295 2322 2340 2345 3696 3723 
m1622 22 26 38 46 1146 1322 1346 1922 1926 1946 2346 
m3425 
m1168 17 46 2317 2346 3396 4817 
m884 37 38 46 49 1887 1888 1899 1937 1946 2337 2338 2346 2349 4396 4837 
m3311 22 30 36 46 1136 1146 1522 1536 1546 1846 2346 
m3451 5 13 23 30 33 263 273 280 283 673 680 1173 1180 1513 1523 1533 1673 1680 3183 3673 
m1835 36 41 1836 1841 2086 2091 4586 
m2520 22 37 46 1122 1137 1146 2322 2337 2346 4837 
m3029 22 23 30 36 40 46 1122 1123 1130 1136 1140 1146 1172 1180 1186 1190 1196 1522 1523 1530 1536 1540 1546 1830 2022 2023 2030 2036 2046 2330 4836 
m1495 30 38 40 45 46 1930 1938 1946 2030 2038 2046 2280 2288 2290 2296 2330 
m3438 13 26 46 1313 1346 2313 2326 2346 
m456 5 13 27 38 46 263 296 1355 1363 1396 1905 1913 1927 1946 2313 2346 4813 
m3436 22 36 40 1122 1822 1836 1840 2022 2036 2040 
m3204 13 38 1913 1938 
m1545 26 32 36 38 46 1332 1336 1346 1832 1926 1936 1946 2332 2336 2346 4836 
m461 8 36 408 2936 4308 
m3504 23 46 49 2346 2349 2473 4823 
m2998 14 714 
m2179 22 23 36 40 1122 1123 1136 1140 1173 1186 1190 1822 1823 1836 1840 2022 2023 2036 2040 3673 4323 
m1267 14 29 31 36 49 729 731 736 1579 1586 1814 1829 1831 1836 1849 2464 2479 2481 2486 3236 4086 4336 
m3408 37 38 46 1937 1946 2337 
m3207 13 32 36 40 41 686 690 691 1613 1636 1641 1841 2036 2041 2063 2082 2086 2090 2091 
m525 23 24 40 46 1190 1240 1246 2023 2024 2040 2046 2340 3696 3723 
m322 16 38 44 49 844 849 1916 1938 1944 1949 2494 
m2598 12 13 22 27 36 40 627 677 1112 1113 1122 1127 1136 1140 1812 1813 1827 1840 2012 2013 2027 3162 
m3482 22 37 46 49 1137 1146 1899 2346 2349 2496 4396 4837 
m1210 22 23 32 36 40 46 49 1122 1123 1132 1136 1146 1149 1172 1173 1182 1186 1190 1196 1199 1622 1623 1632 1636 1640 1646 1822 1823 1832 1836 1840 1846 1849 2022 2023 2032 2036 2046 2049 2322 2323 2332 2336 2346 2349 2472 2473 2482 2486 2490 2496 3673 3686 3696 4323 4346 
m3573 22 23 36 40 41 1122 1123 1136 1140 1141 1172 1173 1822 1823 1836 1840 2022 2023 2036 2040 2041 2073 2086 2090 3673 4586 
m1595 22 37 45 46 1122 1137 1145 1146 1872 2272 2287 2296 2322 4837 
m2428 22 23 36 41 1122 1123 1172 1173 1822 1823 2072 2073 3673 4586 
m1529 22 23 30 46 1122 1123 1146 1180 2330 2346 4823 
m1485 13 16 22 36 40 672 686 690 822 836 840 1113 1116 1122 1136 1140 1822 2022 2036 3166 
m2633 32 34 38 46 1632 1646 1732 1734 1746 1932 1934 1946 2332 
m2931 23 30 36 38 46 49 1173 1180 1186 1188 1196 1199 1523 1530 1536 1538 1546 1549 1823 1830 1838 1846 1849 1923 1930 1936 1946 1949 2323 2330 2336 2338 2346 2349 2473 2480 2486 2488 2496 4823 
m2178 32 1632 
m1859 23 36 41 49 1191 1823 1836 1841 1849 2473 2486 2491 3686 4323 4336 4341 
m3402 14 22 32 732 1114 1132 
m3006 5 38 46 1905 1938 1946 2305 2338 2346 
m459 14 38 45 46 1914 1938 1945 1946 2264 2314 2338 2345 2346 4814 
m3460 36 40 46 1840 1846 2036 2040 2046 2346 4346 
m43 22 26 33 36 49 1322 1333 1349 1672 1822 1826 1833 1849 2472 2483 
m1336 36 49 1836 1849 2499 
m2756 22 46 1122 1146 
m2129 22 38 45 46 1138 1145 1146 1938 1945 1946 2345 
m80 14 22 46 722 746 2322 2346 
m1193 38 44 45 46 49 1938 1946 2238 2246 2249 2288 2294 2296 2299 2338 2344 2346 2349 
m2567 14 40 46 2014 2040 2046 2314 2346 4814 
m2374 12 23 36 40 41 46 49 623 636 640 641 649 1191 1823 1840 1841 2012 2023 2036 2040 2041 2046 2073 2086 2090 2091 2099 2312 2323 2336 2341 2346 2349 2473 2486 2490 2491 3136 4323 4336 4812 
m1567 22 23 36 40 1122 1123 1136 1140 1190 1822 1823 1836 1840 2022 2023 2036 2040 
m3571 36 37 40 46 1840 1886 1890 1896 2036 2037 2040 2046 2336 2337 2340 2346 4346 4387 4396 4837 
m1440 22 37 46 49 1872 2322 2346 2487 2496 4396 4837 
m1918 28 36 38 1928 1936 1938 4328 
m1948 13 38 688 1913 1938 
m2910 5 38 46 288 296 1946 
m2040 23 41 1191 2073 3673 
m3297 32 40 45 46 1646 2032 2045 2046 2282 2296 
m1623 21 22 23 30 36 40 46 1072 1073 1080 1090 1096 1121 1122 1123 1130 1136 1140 1146 1172 1173 1522 1523 1530 1546 1821 1822 1823 1830 1840 1846 2021 2022 2023 2030 2036 2040 2046 2321 2322 2323 2330 2340 2346 3696 4823 
m481 23 36 38 49 1186 1923 1936 1938 1949 2473 2486 
m891 22 23 36 41 1122 1123 1136 1141 1191 3686 4586 
m2513 22 46 1122 1146 2322 2346 
m682 14 22 46 1114 1122 1146 2314 2346 4814 
m1175 23 30 46 1180 1523 1530 1546 2330 4823 
m235 14 22 40 46 714 722 740 746 1114 1140 1146 2014 2046 2314 2340 2346 3246 4814 
m1881 37 46 1896 2337 2346 4846 
m658 
m1637 36 40 41 46 49 1836 1840 1846 1849 2036 2040 2041 2046 2049 2086 2090 2096 2099 2336 2340 2346 2349 2486 2490 2496 4346 4586 4836 
m3572 22 23 36 37 40 1122 1123 1136 1137 1140 1172 1173 1823 1837 1840 1872 1873 2023 2036 2037 2040 3673 
m2411 16 44 49 844 849 2494 
m692 23 46 2346 4823 
m2303 30 36 40 41 1536 1540 1541 1836 1840 1841 2036 2041 2091 4586 
m1104 23 32 36 46 49 1199 1623 1636 1649 1823 1836 1846 1849 2323 2332 2336 2346 2349 3686 4332 
m2371 5 13 22 33 36 38 40 46 263 272 283 286 290 672 686 690 1113 1122 1133 1136 1140 1672 1686 1690 1822 1905 1913 1922 1933 1936 1940 1946 2022 2036 2305 2313 2322 2333 2336 2340 3183 
m2154 
m258 26 37 46 1326 1337 1346 1876 2326 4396 
m2921 30 36 38 46 1536 1546 1838 1930 1936 1946 2338 4346 
m100 5 45 2255 
m2583 14 46 714 746 2314 2346 4814 
m2690 22 36 40 1122 1136 1140 2036 
m434 6 14 32 36 49 706 714 732 736 749 1606 1636 1806 2456 2482 2486 
m2430 5 36 38 46 49 286 296 299 1849 1905 1936 1938 1946 2346 2349 2486 2499 4836 
m2939 22 23 36 41 1122 1123 1136 1822 1823 2072 2073 3673 4323 4586 
m3281 30 36 40 45 46 49 1545 1549 1830 1845 1849 2030 2036 2045 2046 2330 2336 2345 2349 2495 
m286 36 46 2336 2346 4836 
m3542 6 17 23 32 36 856 873 882 886 1156 1182 1606 1636 1806 3686 
m581 37 39 40 46 1890 1987 1990 2340 4396 4496 
m2390 40 46 2040 2046 2346 
m3539 22 23 30 36 40 46 1122 1123 1130 1136 1140 1146 1180 1522 1523 1530 1536 1540 1546 1822 1823 1830 1836 1840 1846 2022 2023 2030 2036 2040 2046 2322 2323 2330 2340 4823 4846 
m88 11 23 30 41 1161 1173 1180 1511 1523 1530 2061 2073 2080 3673 
m1065 22 26 46 1122 1126 1146 1326 1346 2346 
m1865 8 46 49 408 446 449 2349 
m1033 36 40 46 49 1840 1846 1849 2036 2040 2046 2049 2340 2346 2486 2490 2496 4336 4346 4846 
m2034 30 36 46 49 1530 1536 1546 1549 1849 2330 2336 2346 2349 
m703 46 49 2346 2349 4846 
m2961 22 38 46 49 1146 1946 1949 2322 2346 2349 2472 2496 4846 
m3210 11 13 33 661 1661 4163 
m3018 23 40 44 46 1173 1194 1196 2023 2040 2046 2323 2344 2346 3696 4823 
m3534 22 23 46 49 1123 1146 1196 2472 2473 2496 
m1928 22 23 38 45 46 1123 1138 1145 1146 1195 1923 1938 1945 1946 2323 2345 
m24 40 46 2040 2046 2346 
m3377 22 40 46 49 2040 2046 2322 2346 2490 2496 
m2012 22 23 36 40 1123 1136 1140 1173 1186 1190 1823 1840 2023 2036 3673 4323 4336 
m541 16 46 816 846 2346 3346 
m681 22 36 40 46 1122 1136 1140 1146 1840 2022 2040 2046 2322 2336 2340 2346 
m1823 8 36 46 2308 4308 4836 
m2489 22 23 30 36 40 46 1122 1123 1130 1136 1140 1146 1180 1522 1523 1530 1536 1540 1546 1822 1823 1830 1836 1840 1846 2022 2023 2030 2036 2040 2046 2322 2323 2330 2340 4823 4846 
m1017 3 30 37 46 153 180 187 196 1503 1530 1537 1546 1853 1880 2303 2330 2337 2346 4803 
m2419 22 36 40 46 1122 1136 1140 1146 1840 1846 2022 2036 2040 2046 2322 2340 2346 4836 
m938 13 22 33 36 38 40 1113 1122 1133 1136 1138 1140 1813 1833 1838 1840 1913 1933 2013 2033 2038 4163 
m801 14 22 23 30 40 46 730 746 1114 1122 1123 1130 1146 1180 1514 1523 1530 1546 2014 2022 2023 2030 2046 2330 3223 4823 
m670 14 32 714 732 
m325 26 27 46 1326 1327 1346 1376 1396 2326 
m3527 22 23 36 40 41 1122 1123 1136 1140 1141 1172 1173 1186 1822 1823 1836 1840 1841 2022 2023 2036 2040 2041 2072 2073 2086 2090 3673 4586 
m1161 30 45 46 49 2280 2296 2299 2330 2480 2496 
m1967 14 41 46 2064 2091 2096 2314 2346 4814 4846 
m1832 12 32 36 40 612 632 636 640 1612 1640 1812 2012 2036 4136 
m830 5 36 46 49 286 296 299 1849 2346 2349 2486 2499 4836 
m2491 22 23 36 40 1122 1123 1136 1140 1173 1186 1190 1823 1836 2022 2023 2036 2040 3686 4323 
m2772 37 40 46 2037 2046 2337 4837 4846 
m2665 26 32 36 46 1332 1336 1346 1832 2332 2336 2346 4836 
m2429 23 36 40 46 49 1190 1823 1840 1846 1849 2323 2340 2349 2473 
m1538 14 30 46 730 746 1530 2330 
m2043 23 41 1191 2073 3673 
m3372 22 23 30 36 41 1123 1130 1136 1141 1186 1191 1523 1536 1541 1841 2073 2080 2091 3673 4323 4586 
m2044 32 36 46 1636 2332 2336 2346 4332 4336 4836 
m3485 14 36 46 49 736 746 749 1849 2336 2346 2349 4814 4836 
m877 22 30 38 46 1130 1146 1922 1930 1946 2322 2330 2346 
m207 17 40 46 2017 2046 2346 4817 
m980 14 22 40 46 746 1114 1146 2014 2046 2346 
m3117 38 49 1938 1949 
m1402 22 23 30 36 40 41 1122 1123 1130 1136 1140 1172 1173 1180 1186 1190 1523 1822 1823 1830 1836 2023 2030 2036 2072 2073 3673 4323 4586 
m3189 12 22 23 30 36 40 46 612 622 623 630 636 646 1112 1123 1136 1140 1146 1162 1173 1512 1523 1536 1546 1812 1822 1823 1830 1836 1846 2012 2023 2030 2036 2046 2312 2322 2323 2330 2336 2346 3123 3686 4346 4812 
m1664 5 13 33 38 46 655 1655 1696 1913 1933 1946 2305 2313 4163 
m2722 22 23 1122 1123 1173 3673 
m2152 5 14 22 23 32 36 37 41 264 282 286 722 737 741 1105 1114 1123 1136 1137 1141 1155 1182 1186 1614 1637 1814 1837 1872 1882 1886 1887 1891 2087 3664 4136 4332 
m2302 14 36 46 714 3236 3246 4814 4836 
m2849 23 30 36 41 1186 1191 1523 1536 1541 3673 3686 4586 
m3594 22 23 30 41 1122 1123 1130 1173 1523 1530 2072 2073 2080 3673 
m930 11 13 22 46 563 572 596 696 1111 1113 1122 1146 
m2241 5 14 22 23 30 41 46 49 273 280 291 705 723 730 741 1123 1130 1172 1173 1180 1522 1523 1530 1541 2072 2073 2080 2305 2323 2330 2341 2346 2464 2496 2499 3673 4814 
m218 38 41 44 46 1941 1944 1946 2094 2096 2344 
m76 
m1816 26 46 1346 2346 
m1130 45 2295 
m2699 23 36 42 1173 1186 1192 3686 4342 
m3601 22 23 36 38 41 1122 1123 1136 1141 1172 1822 1823 1922 1923 1936 1941 2072 2073 2086 2088 2091 3673 4323 4586 
m1927 22 40 46 1140 1146 2040 2046 2340 2346 
m671 46 2346 
m3025 16 23 36 46 1186 1816 2316 2323 2336 3666 
m3205 11 13 33 661 1661 4163 
m1437 13 33 46 1696 2313 4163 
m1006 23 30 40 41 1180 1190 1523 1530 1540 2023 2030 2040 
m1256 22 46 49 1122 1146 1149 2346 2349 
m2414 23 46 2323 2346 4823 
m1153 22 23 36 40 46 49 1122 1123 1136 1146 1149 1172 1822 1849 2022 2023 2036 2046 2049 2322 2323 2336 2349 2472 2473 2486 4323 4336 4836 
m2150 45 46 2296 2345 2346 
m313 14 46 49 749 2346 2349 2464 2496 3246 4814 
m2981 23 40 46 1190 2023 2040 2046 2340 2346 3696 4823 
m3209 8 408 
m1878 38 49 1938 1949 2488 2499 
m3030 36 40 46 49 1840 1846 1849 2036 2040 2046 2049 2340 2346 2486 2490 2496 4336 4346 4846 
m470 22 36 37 40 41 1137 1140 1822 1836 1840 1841 2022 2036 2037 2040 2041 2072 2086 2090 2091 4586 
m2457 38 
m1919 30 36 38 46 1830 1930 1936 1946 2330 2336 2346 4836 
m2473 22 23 30 36 40 1122 1123 1130 1136 1523 1830 2022 2023 2030 2036 4323 
m3095 36 38 40 41 1838 1841 1941 2036 2038 2041 
m603 22 36 40 41 1136 1141 1836 1840 2036 2086 2090 4586 
m2802 23 30 36 40 41 49 1186 1190 1199 1523 1530 1536 1540 1549 1823 1836 1840 1849 2073 2080 2086 2090 2099 2490 3686 4336 
m1070 22 37 40 46 1122 1137 1140 1146 1890 2022 2037 2040 2046 2337 2340 2346 4837 
m1631 38 1938 
m361 13 22 33 36 38 40 1113 1122 1133 1136 1138 1140 1813 1833 1838 1840 1913 1933 2013 2033 2038 4163 
m1960 22 23 30 36 40 46 1122 1123 1130 1136 1140 1146 1180 1523 1530 1536 1546 1830 1846 2022 2023 2030 2036 2040 2046 2330 4323 4823 
m1154 22 23 30 46 1122 1123 1130 1146 1180 1523 1530 1546 2330 2346 4823 
m1840 12 36 40 41 46 49 636 640 641 649 1836 1840 1841 2036 2041 2336 2340 2341 2349 2486 2490 2491 3136 4336 4812 
m2066 22 23 36 40 41 1123 1136 1140 1141 1173 1186 1190 1823 1836 2023 2036 2040 2072 2073 2086 2090 2091 3686 4323 
m2854 23 30 41 46 1180 2073 2080 2096 2323 2330 2341 4823 4846 
m2038 11 13 22 33 36 40 563 572 583 586 590 672 686 690 1113 1122 1133 1136 1140 1672 1686 1690 1822 2022 2036 3183 
m1586 22 46 1146 2346 
m52 22 37 46 1122 1137 1146 2322 2337 2346 4837 
m12 14 37 46 49 2314 2337 2346 2464 2487 2496 4364 
m348 10 26 32 46 526 532 546 1310 1326 1332 1346 1610 1626 1632 1646 2310 2326 2332 2346 
m3338 22 36 37 40 46 1136 1137 1140 1146 1840 1886 1890 1896 2036 2037 2040 2046 2336 2340 2346 4346 4837 
m3479 22 32 46 1122 1132 1146 1622 1632 1646 2322 2332 2346 4846 
m1113 22 23 30 1122 1123 1130 1173 1522 1523 3673 
m1231 36 38 49 1849 1936 1938 1949 
m1119 22 23 30 40 46 1123 1130 1146 1180 1523 1530 1546 2022 2023 2030 2046 2322 2323 2330 2340 2346 4823 
m197 23 26 46 1176 1346 3696 4846 
m35 22 32 36 40 46 49 1136 1140 1146 1640 1646 1832 1836 1840 1846 2032 2036 2040 2046 2049 2332 2336 2340 2346 2349 2486 2490 2496 4136 4346 
m1504 14 22 36 40 41 46 714 722 736 741 1822 1836 1841 2014 2036 2041 2046 2072 2314 2322 2336 2341 3236 4314 4586 4814 
m2072 23 24 40 46 1190 1240 1246 2023 2024 2040 2046 2323 2324 2340 2346 3696 3723 
m827 23 26 30 38 40 46 1180 1323 1330 1338 1346 1923 1930 1938 1946 2023 2026 2030 2038 2046 2330 4823 
m874 22 23 30 46 49 1122 1123 1130 1146 1149 1172 1173 1180 1199 1522 1523 1530 1549 2322 2323 2330 2349 2472 2473 2480 3673 4823 
m2376 14 34 36 40 46 1714 1734 1736 1740 1746 1814 1836 1840 1846 2014 2036 2040 2046 2314 2346 4346 4814 4846 
m3362 14 44 46 49 744 746 2344 2464 2494 2496 
m3466 22 23 24 40 46 1122 1123 1146 1172 1222 1246 2022 2023 2024 2040 2046 2322 3696 3723 
m1870 23 36 41 49 1191 1823 1836 1841 1849 2473 2486 2491 3686 4323 4336 4341 
m87 8 23 30 38 46 423 430 1173 1180 1508 1523 1908 1923 1930 1946 2308 2323 2330 3673 
m3069 26 39 41 1339 1341 1991 2091 
m1048 23 30 46 1180 1523 1530 1546 2330 2346 4823 
m3055 22 36 40 46 49 1136 1140 1146 1149 1822 1836 1840 1846 1849 2022 2036 2040 2046 2049 2322 2336 2340 2346 2349 2486 2490 2496 4346 
m3183 14 20 40 46 720 2014 2020 2046 2320 3246 
m2901 14 46 714 746 2314 2346 4814 
m2670 22 45 46 1145 1146 2296 
m284 26 32 46 1626 1646 2326 
m2174 22 37 46 1122 1137 1146 2322 2337 2346 4837 
m50 23 30 36 49 1180 1523 1530 1549 1823 1830 1836 1849 2473 2480 2486 2499 
m2865 14 46 714 746 2314 2346 4814 
m2842 22 23 30 40 41 1130 1140 1180 1523 1530 2022 2023 2030 2072 2090 
m151 12 22 36 40 46 49 636 1112 1136 1146 1149 1812 1836 1846 2022 2036 2040 2046 2312 2336 2346 2349 2462 2486 2496 3136 4336 4812 4836 
m903 22 23 30 36 39 40 41 1123 1130 1136 1140 1172 1173 1180 1186 1190 1523 1536 1540 1822 1823 1830 1836 1840 1972 1973 1980 1986 1990 2022 2023 2030 2036 2072 2073 2080 2086 2089 2090 2091 3673 4323 
m120 13 22 36 38 40 672 686 690 1113 1122 1136 1140 1822 1913 1922 1936 2022 2036 
m1129 13 22 32 36 37 40 672 686 690 1113 1122 1136 1137 1140 1613 1622 1636 1637 1822 1872 1886 1890 2022 2036 3187 
m2695 12 14 22 36 45 46 49 645 712 745 1112 1114 1146 1812 1814 1822 1845 1846 1849 2314 2345 2346 2462 2464 2472 2496 3146 3246 4812 
m704 13 25 38 46 675 1913 1925 1946 2313 2325 
m1040 36 
m3172 12 26 46 626 2326 4812 
m260 14 23 30 46 1514 1523 1546 2314 2323 2330 2346 3664 4814 4823 
m1466 
m3649 14 22 32 36 40 45 46 714 722 732 736 740 746 1114 1145 1146 1614 1622 1632 1640 1646 1814 1822 1840 2014 2022 2040 2045 2046 2264 2286 2314 2322 2332 2336 2345 2346 3246 4332 4346 
m2041 23 41 1191 2073 3673 
m3137 23 32 46 1196 1623 1646 2346 
m517 5 36 38 46 49 286 296 299 1849 1905 1936 1946 2346 2349 4836 
m2965 23 30 38 1180 1188 1523 1538 1938 3673 
m2744 22 30 36 38 41 46 48 1122 1138 1141 1146 1830 1848 1930 1936 1941 1946 2080 2086 2088 2091 2096 2098 2330 2336 2348 2430 4336 
m1773 23 30 46 1180 1523 1530 1546 2330 2346 4823 
m2030 14 46 49 2314 2346 2464 2496 4814 4846 
m1448 36 38 40 41 1841 1941 2036 2041 2086 2090 2091 
m2795 22 23 30 36 40 46 1122 1123 1130 1136 1140 1146 1172 1173 1522 1523 1530 1540 1546 1822 1823 1830 1840 1846 2022 2023 2030 2036 2040 2046 2322 2323 2330 2340 2346 3696 4823 
m2877 45 2295 
m1145 22 37 46 49 1872 2322 2346 2487 2496 4396 4837 
m726 23 30 36 41 1173 1523 1823 1830 2073 2080 3673 4323 4586 
m224 22 38 1122 1922 1938 
m1056 23 40 46 49 1196 2023 2040 2046 2473 2490 2496 
m2969 22 23 36 41 1123 1136 1823 2072 2073 3673 4323 4586 
m3254 
m22 22 23 36 40 45 1122 1123 1136 1140 1145 1172 1173 1822 1823 1836 1840 1845 2022 2023 2036 2040 2045 2272 2273 3673 
m189 22 23 38 1123 1138 1923 
m3501 14 46 746 4846 
m232 22 23 36 40 1123 1136 1173 1186 1190 1836 1840 2036 3673 3686 
m2226 12 22 23 36 40 46 49 636 649 1186 1199 1822 1836 1840 2022 2036 2336 2349 2486 3123 3146 3686 4336 4823 
m650 36 41 1836 1841 2086 2091 4586 
m1179 33 36 38 46 49 1833 1846 1938 1946 2333 2336 2346 2349 2483 2486 2496 4833 
m317 36 37 40 41 1841 1886 1890 1891 2036 2041 2086 2087 2090 2091 
m2933 22 23 30 36 41 1123 1130 1141 1191 1523 1541 1822 1823 1830 1841 
m2058 46 2346 
m3393 14 36 40 46 2014 2036 2040 2046 2336 4314 4814 
m92 36 40 46 1840 2036 2040 2336 2340 
m3085 12 13 20 22 36 40 622 636 640 670 672 686 690 1012 1022 1036 1040 1822 1840 2022 2036 3162 3536 4336 
m2035 36 43 49 1849 2186 2199 
m405 23 30 33 46 1180 1523 1530 1533 1546 1680 2330 2333 4173 4823 
m2855 26 38 46 1926 1938 1946 2326 
m1591 22 23 40 46 1123 1140 1146 1190 2022 2023 2040 2046 2340 2346 3696 4823 
m1001 14 26 38 726 1914 1926 1938 
m816 14 23 30 36 40 46 730 1180 1814 1823 1830 1846 2014 2023 2030 2036 2040 2046 2314 2330 2346 3223 4346 4814 4823 
m1123 37 45 46 2287 2296 2337 2346 4837 
m1027 22 23 36 40 41 1122 1123 1136 1140 1141 1173 1186 1190 1823 1836 2022 2023 2036 2040 2041 2072 2073 2086 2090 2091 3686 4323 
m3202 14 46 49 2314 2346 2464 2496 4814 
m128 37 38 46 1888 1937 1938 1946 2338 4837 
m2361 45 46 2296 2346 
m888 22 23 36 39 41 1123 1136 1972 1973 1986 1991 2072 2073 3673 4323 4586 
m559 22 23 41 46 1123 1141 1146 1173 1191 1196 2073 2323 2341 3673 4823 
m1220 22 30 36 40 1122 1136 1140 1522 1536 1540 1822 1836 1840 2022 2036 
m850 5 36 46 49 286 296 299 1849 2346 2349 2486 2499 4836 
m2259 12 14 46 712 2314 2346 3146 3246 4812 
m1034 5 13 22 33 36 40 263 272 283 286 290 672 686 690 1113 1122 1133 1136 1140 1672 1686 1690 1822 2022 2036 2040 3183 
m1771 22 23 36 40 1122 1123 1136 1140 1172 1173 1186 1190 1822 1823 1836 1840 2022 2023 2036 2040 3673 3686 4323 
m546 22 46 49 1122 1146 1149 2349 2472 2496 
m3221 41 44 45 2241 2245 2291 
m685 14 23 36 38 46 49 1164 1814 1823 1838 1846 1849 1914 1923 1946 1949 2323 2464 2473 2496 4814 
m2606 14 22 23 30 46 730 746 1114 1122 1123 1130 1146 1180 1514 1523 1530 1546 2330 3223 4823 
m96 14 22 36 38 40 46 714 736 1114 1136 1138 1140 1146 1836 1914 1936 1940 2014 2036 2314 2336 2338 2340 3236 4314 4814 
m1781 22 36 37 40 46 1122 1136 1137 1140 1146 1822 1836 1837 1840 1846 1872 1896 2022 2036 2037 2040 2046 2322 2337 2346 4387 4396 4837 4846 
m3214 23 24 40 46 1190 1240 1246 2023 2024 2040 2046 2340 3696 3723 
m312 22 23 46 1122 1123 1146 1196 2323 3673 
m725 46 2346 
m2900 26 3826 
m1587 23 30 46 1523 1530 1546 2346 3696 4823 
m1947 13 38 688 1913 1938 
m2282 37 40 46 1890 2037 2040 2046 2337 2340 2346 4396 
m3215 30 46 49 1530 1549 2330 2346 2349 
m755 
m2107 13 16 38 46 1913 1916 1946 2313 2316 3313 
m2405 12 36 46 49 646 649 1849 2336 2346 2349 3136 4812 
m2062 12 45 46 645 2345 4812 
m1986 34 45 2284 
m1670 22 36 40 41 1136 1141 1836 1840 1841 2036 2041 2072 2086 2090 2091 4586 
m1258 14 22 36 41 46 714 722 736 741 1822 1836 1841 2072 2314 2322 2336 2341 3236 4314 4586 4814 
m3068 22 23 36 40 46 49 1122 1123 1136 1146 1149 1199 1849 2022 2023 2036 2046 2336 2346 2349 3686 4823 4836 
m1981 22 23 30 36 1172 1180 1522 1822 1823 1830 
m3007 22 23 30 36 40 1123 1130 1136 1140 1172 1173 1186 1190 1523 1536 1540 1823 2022 2023 2036 3673 4323 
m2262 21 22 46 1121 1146 2321 4846 
m3477 46 49 2346 2349 
m3558 22 23 36 40 41 1122 1123 1136 1140 1141 1172 1173 1822 1823 1836 1840 1841 2022 2023 2036 2040 2041 2072 2073 2086 2090 3673 4586 
m3244 5 13 22 263 272 1105 1113 1122 
m1537 36 41 2086 
m161 30 36 40 46 1830 2030 2036 2046 2330 2336 2340 2346 4836 
m1836 10 510 
m1376 8 46 49 408 446 449 2349 
m3632 22 37 46 49 1137 1146 1899 2346 2349 2496 4396 4837 
m2571 36 38 40 46 49 1836 1838 1840 1846 1849 1938 2036 2038 2040 2046 2049 2336 2338 2340 2346 2349 2486 2488 4336 4346 4836 
m168 32 36 38 40 46 1636 1638 1640 1646 1836 1838 1840 1846 2036 2046 2332 2336 2338 2340 2346 4136 4336 4346 
m2420 22 30 40 46 1130 1140 1146 2022 2030 2040 2046 2322 2330 2340 2346 
m3352 46 
m358 12 14 46 712 2314 2346 3146 3246 4812 
m1144 22 26 44 46 1122 1126 1144 1146 1322 1344 1346 2222 2246 2322 2326 2344 2346 4846 
m1643 23 30 1173 1180 1523 1530 3673 
m653 22 32 36 37 40 1122 1136 1137 1140 1622 1636 1637 1640 1822 1872 1886 1890 2022 2036 
m1962 22 23 30 38 40 41 1140 1523 1530 1538 1923 1930 2022 2023 2030 2040 2072 2090 
m2794 12 32 612 1612 
m3000 11 13 22 36 38 40 563 572 586 588 590 1113 1136 1138 1140 1813 1840 1913 1936 1940 2013 
m1339 14 23 32 36 49 723 732 736 749 1182 1199 1636 1649 1849 3686 
m1552 22 23 30 36 40 41 1122 1123 1130 1136 1140 1141 1173 1522 1523 1536 1822 1823 1830 1836 2022 2023 2030 2036 2072 2073 2080 2086 2090 2091 3673 4323 4586 
m3513 37 40 46 1890 2037 2040 2046 2337 2340 2346 4396 
m860 22 23 30 36 40 1123 1130 1173 1186 1190 1523 1536 1540 2023 2036 3673 
m3419 46 4846 
m3340 36 37 40 46 1840 1886 1890 1896 2036 2037 2040 2046 2336 2340 2346 4346 4837 
m1242 14 40 46 2014 2040 2046 2314 2346 4814 
m3566 28 36 38 1438 1838 1928 1936 4328 
m1180 22 23 30 36 40 1123 1130 1173 1186 1190 1523 1530 1536 1823 2023 2036 3673 3686 
m2441 22 23 36 40 41 1122 1123 1136 1140 1141 1172 1173 1822 1823 1836 1840 2022 2023 2036 2040 2072 2073 2086 2090 3673 4586 
m1867 23 36 40 46 49 1190 1836 1840 1846 2023 2036 2040 2046 2049 2323 2336 2340 2346 2349 2473 2486 2490 2496 3696 4323 4346 4823 4836 
m2642 22 40 46 1122 1140 1146 2022 2040 2046 2322 
m1685 21 38 46 1921 1946 2321 2346 4846 
m2565 14 46 714 3246 
m1140 30 36 38 40 46 1536 1540 1546 1838 1840 1846 2046 2330 2338 2340 2346 4836 
m310 26 36 46 1826 1846 2326 4336 4346 
m3654 14 36 40 46 1814 1840 1846 2014 2036 2040 2046 2314 2346 4346 4814 4846 
m1051 37 40 46 1890 2037 2046 2340 4396 
m2580 22 23 30 36 40 1122 1123 1130 1136 1140 1180 1830 2023 2030 2036 4323 
m167 22 
m2975 12 14 46 712 746 2312 2346 3246 4812 
m1599 36 38 49 1838 1849 1936 1938 1949 
m940 12 13 22 32 36 40 622 636 640 672 686 690 1112 1113 1122 1136 1140 1612 1613 1622 1636 1640 1822 2022 2036 3162 
m1812 23 30 46 1180 1523 1530 2330 4823 
m3265 23 46 2346 4823 
m2194 14 22 45 46 722 1114 1145 1146 2264 2272 2296 2314 2322 2345 2346 3246 
m2880 22 23 30 46 49 1122 1123 1130 1146 1149 1172 1173 1180 1522 1523 1530 1549 2322 2323 2330 2349 2472 2473 2480 3673 4823 
m1700 36 37 40 46 1840 1886 1890 2036 2037 2046 2340 4346 4396 
m2703 13 38 46 1913 1938 1946 2313 
m608 36 40 41 46 1836 1840 1841 1846 2036 2040 2041 2046 2336 2340 2341 2346 4346 4586 
m3132 37 46 4837 
m1019 14 16 23 46 716 723 746 2316 3323 4823 
m3487 5 32 46 1605 2305 2332 2346 4846 
m1694 14 22 44 46 1114 1144 1146 2214 2246 2314 2322 2344 2346 3246 4846 
m1903 22 36 40 46 49 1136 1140 1146 1836 1846 2022 2036 2040 2046 2049 2336 2346 2349 2486 2496 4336 4836 
m2499 5 13 22 26 33 36 40 655 1113 1122 1126 1133 1136 1140 1305 1313 1333 1655 1663 1683 1805 1813 1826 1833 1840 2005 2013 2026 2033 4163 
m398 10 13 46 513 546 2310 2313 2346 4813 4846 
m2248 14 46 746 2346 3246 4846 
m2098 46 2346 
m2896 33 41 46 1691 2341 4833 
m3607 13 22 33 36 40 46 672 686 690 1113 1122 1133 1136 1140 1672 1686 1690 1822 2022 2036 2313 2322 2333 2336 2340 3183 
m1940 12 14 46 712 2314 2346 3146 3246 4812 
m1483 22 23 30 36 40 46 1122 1123 1130 1136 1140 1146 1172 1173 1522 1523 1530 1540 1546 1822 1823 1830 1840 1846 2022 2023 2030 2036 2040 2046 2322 2323 2330 2340 2346 3696 4823 
m37 22 23 30 41 46 1122 1123 1130 1141 1146 1522 1541 1546 2072 2073 2322 2323 2341 2346 
m1909 23 36 40 41 46 49 1191 1836 1841 2023 2036 2041 2323 2336 2340 2341 2349 2473 2486 2490 2491 2496 2499 3686 4323 4336 4836 
m1542 22 46 1146 4846 
m1683 26 37 46 1337 1346 1896 2346 
m3270 13 38 1913 1938 
m917 21 23 36 40 46 1171 1821 1823 1846 2021 2023 2036 2040 2046 2321 2323 2346 4346 4823 
m2142 23 30 40 1180 1190 1523 1530 1540 2023 2030 
m2960 22 37 46 49 1137 1146 1899 2346 2349 2496 4396 4837 
m2369 5 13 22 26 33 36 40 263 272 283 286 290 672 686 690 1113 1122 1133 1136 1140 1305 1313 1322 1333 1336 1340 1655 1663 1672 1683 1686 1690 1822 2022 2036 3183 
m1386 37 46 49 1899 2346 2349 2496 4396 4837 
m2255 33 38 41 46 1691 1933 1941 1946 2341 4833 
m2421 14 22 32 46 722 732 746 1132 1146 2332 4846 
m3289 14 22 40 46 722 2014 2046 2314 2322 2346 4814 
m1367 36 38 40 41 46 1840 1846 1936 1938 1940 1941 1946 2036 2038 2040 2041 2046 2090 2096 2340 2346 4346 4586 
m2816 3 22 23 36 40 41 46 172 186 190 196 1122 1136 1140 1146 1191 1822 1823 1836 1840 1841 1846 2022 2023 2036 2040 2041 2046 2323 2336 2341 2346 3686 4336 4341 4346 4823 
m739 22 23 30 36 40 41 1122 1123 1130 1136 1140 1141 1172 1173 1180 1186 1190 1523 1822 1823 1830 1836 2023 2030 2036 2072 2073 3673 4323 4586 
m2925 36 37 40 41 46 1841 1846 1886 2036 2037 2046 2086 2087 2090 2096 2336 2337 2340 2341 2346 4346 4396 4836 
m156 5 13 14 33 263 283 705 713 733 4163 
m1952 3 13 22 23 172 672 1163 1172 2663 3653 
m1375 30 36 41 46 1830 1836 1841 1846 2080 2330 2336 2341 2346 4586 4836 
m1632 22 23 36 40 1122 1123 1136 1140 1173 1186 1190 1822 1823 1836 1840 2022 2023 2036 2040 3673 4323 
m254 46 2346 
m883 16 23 36 40 41 46 836 840 841 1186 1190 1191 1841 2023 2036 2041 2046 2066 2073 2086 2090 2091 2096 2316 2336 2340 2341 3666 4823 
m3199 22 23 30 36 38 40 46 1123 1130 1136 1140 1172 1173 1180 1186 1188 1190 1196 1523 1546 1822 1830 1922 1923 1936 1940 1946 2022 2023 2030 2036 2040 2322 2323 2330 2336 2340 3673 4323 
m3126 36 40 46 2036 2046 2336 2340 2346 4836 4846 
m3552 22 23 30 36 49 1123 1130 1136 1149 1522 1523 1530 1822 1823 1830 1836 1849 2472 2473 2480 2486 2499 
m503 22 23 30 41 1122 1123 1130 1172 1173 1180 1522 1523 1530 2072 2073 2080 3673 
m573 45 
m1141 22 30 36 40 41 46 1122 1130 1136 1140 1141 1146 1830 2022 2030 2036 2040 2046 2072 2090 2096 2330 2336 2340 4836 4846 
m2558 22 36 37 40 46 1122 1136 1137 1140 1146 1837 2036 2037 2040 2046 2322 2336 2337 2340 2346 4346 4396 
m3392 15 27 38 41 45 46 777 1915 1938 1941 1946 2065 2077 2088 2096 2288 2291 2296 2315 2327 2346 
m3186 23 30 38 41 1173 1180 1523 1923 1930 1938 1941 2073 2080 2088 2091 3673 
m839 22 23 30 46 1122 1123 1130 1146 1523 1530 1546 2330 2346 3696 4823 
m1329 30 46 2330 
m2905 23 45 1173 2273 3673 
m3458 22 36 40 46 1146 1822 1846 2022 2036 2040 2046 2346 4346 
m3211 12 22 23 27 30 41 46 641 1112 1123 1127 1130 1141 1146 1173 1191 1362 1372 1373 1380 1391 1512 1522 1523 1527 1530 1541 2062 2072 2073 2077 2080 2091 2312 2322 2323 2327 2330 2341 3123 3662 4823 
m785 12 22 36 40 41 45 46 49 636 640 641 645 649 1145 1822 1836 1840 1841 1845 2012 2022 2036 2040 2041 2045 2046 2072 2095 2272 2295 2336 2340 2349 2486 2490 2491 2495 3136 4336 4812 
m2099 13 38 663 1913 1938 
m1218 22 23 41 1122 1123 1141 1172 2073 
m651 22 26 38 46 1146 1322 1346 1922 1926 1946 2346 
m2793 36 40 41 1836 1840 1841 2036 2041 2086 2090 2091 4586 
m1581 22 23 36 40 46 1122 1123 1136 1140 1146 1196 1823 1836 2022 2023 2036 2040 2046 3686 4346 4836 
m74 32 39 46 1632 1639 1646 1989 2339 2346 4496 4839 
m3180 22 23 46 1123 1146 1196 2322 2323 4846 
m1888 22 23 30 32 36 40 46 1122 1123 1130 1132 1136 1140 1146 1172 1173 1522 1523 1530 1546 1622 1623 1630 1640 1646 1822 1823 1830 1832 1840 1846 2022 2023 2030 2032 2036 2040 2046 2322 2323 2330 2332 2336 2340 2346 3696 4823 
m3284 12 14 22 45 46 645 712 745 1112 1114 1146 2314 2345 2346 3146 3246 4812 
m111 22 36 41 46 1136 1146 1846 2072 2096 2322 2336 2341 2346 4586 4836 
m983 22 23 37 1123 1137 1172 1173 1187 1872 1873 3673 
m657 14 36 46 714 736 1836 2314 2336 2346 3236 4814 4836 
m854 38 46 1946 2338 2346 
m1974 13 22 40 46 1113 1140 2013 2313 2322 2340 2346 
m2147 22 37 38 46 49 1137 1146 1149 1899 1922 1937 1938 1946 1949 2349 4396 
m1226 22 23 38 41 46 1123 1172 1173 1923 1938 1941 1946 2072 2073 2096 2322 2323 3673 4823 
m2149 23 30 36 41 1523 1536 1823 2073 2080 3673 4323 4586 
m2404 23 30 41 46 1191 1523 1530 1541 1546 2073 2080 2091 2096 2330 2341 2346 3696 4823 
m3243 22 23 36 40 41 1122 1123 1136 1140 1141 1172 1173 1822 1823 1836 1840 2022 2023 2036 2040 2072 2073 2086 2090 3673 4586 
m1060 26 41 46 1341 1346 2341 
m2561 11 46 2311 
m1328 36 
m194 13 22 33 36 40 1113 1122 1133 1136 1140 1686 1690 1813 2013 2036 4163 
m3342 22 36 38 40 46 1136 1138 1140 1146 1838 1946 2036 2038 2040 2046 2336 2338 2340 2346 4346 
m2233 22 36 37 40 46 1122 1136 1137 1140 1146 1822 1837 1840 1846 2022 2037 2040 2046 2322 2337 2346 4837 
m1868 22 23 30 36 40 41 1123 1136 1141 1172 1186 1190 1191 1522 1523 1536 1540 1541 2022 2023 2036 2041 2086 3673 3686 4336 4586 
m1710 22 36 40 1122 1136 1140 2036 
m2974 23 30 36 41 1180 1186 1830 2073 2080 3673 3686 4323 4586 
m1758 22 23 37 1122 1123 1172 1173 1872 1873 3673 
m1480 22 23 46 49 1123 1146 1149 1173 2323 2473 2496 3673 4823 
m562 12 14 40 46 712 2012 2014 2046 2314 2346 3146 3246 4812 
m2278 5 32 1605 
m1326 14 38 46 49 746 749 1914 1938 1946 1949 2346 2349 
m2512 22 23 30 36 40 46 49 1122 1123 1130 1136 1140 1146 1180 1523 1530 1536 1540 1546 1822 1823 1830 1840 1846 2022 2023 2030 2036 2046 2322 2323 2330 2336 2340 2346 2472 2486 2490 2496 4336 4346 4823 4846 
m1949 14 22 36 45 46 714 746 1114 1122 1136 1145 1146 1846 2264 2286 2296 3236 3246 4314 
m1968 22 30 40 46 1122 1130 1140 1146 1530 1546 2022 2030 2040 2046 2322 2330 2340 2346 
m3339 36 37 40 46 1836 1837 1840 1846 2036 2037 2040 2046 2337 2346 4346 4837 
m1342 12 26 46 612 1312 1346 2312 2346 4812 
m1799 13 25 38 46 675 1913 1925 1946 2313 2325 
m2283 13 22 36 38 40 1113 1122 1136 1138 1140 1813 1840 1913 1936 1940 2013 
m1083 23 45 1195 
m540 14 22 46 722 2322 3246 
m1014 14 40 46 2014 2040 2046 2314 2346 3214 4814 
m524 45 2295 
m1957 22 37 46 49 1137 1146 2322 2337 2346 2472 2496 4396 4837 
m1294 36 40 1836 1840 2036 2040 
m3672 33 44 49 1694 1699 2494 
m3089 32 36 38 46 49 1632 1636 1649 1849 1932 1936 1938 1946 1949 2332 2336 2338 2346 2349 
m1615 22 30 36 40 41 1136 1141 1536 1540 1541 1822 1836 1840 1841 2022 2036 2040 2041 2086 4336 4586 
m2704 22 37 46 1122 1137 1146 1896 2346 4837 
m929 36 40 41 1836 1840 2036 2086 2090 2091 4586 
m2468 36 49 1836 1849 2499 
m2605 2 13 36 38 40 41 46 113 136 138 140 141 1813 1913 1936 1940 2013 2036 2063 2086 2088 2090 2302 2313 2336 2338 2340 2341 2346 
m1592 
m1716 22 46 2322 2346 
m2509 22 23 30 36 40 46 49 1122 1123 1130 1136 1140 1146 1172 1173 1180 1186 1190 1196 1523 1530 1536 1540 1546 1822 1823 1830 1840 1846 2022 2023 2030 2036 2040 2046 2330 2346 2472 2473 2486 2490 3696 4336 4346 4823 
m2116 23 36 41 46 1836 1841 1846 2073 2086 2323 2341 4323 4836 
m1765 14 33 37 46 737 746 2333 3233 4383 4837 
m3428 22 30 36 40 41 46 49 1122 1130 1136 1140 1141 1146 1149 1522 1536 1546 1822 1830 1836 1840 1846 1849 2022 2030 2036 2040 2046 2049 2072 2090 2322 2472 2480 2486 2490 2496 4346 4846 
m3568 36 40 41 1836 1840 1841 2036 2086 2090 2091 4586 
m329 22 23 30 36 40 41 1122 1123 1130 1136 1140 1173 1522 1523 1536 1822 1823 1830 1836 2022 2023 2030 2036 2072 2073 2080 2086 2090 2091 3673 4323 4586 
m1605 14 23 38 46 49 1196 1914 1923 1946 1949 2464 2473 2496 3664 4814 
m1944 22 23 36 40 41 1122 1123 1136 1140 1141 1172 1173 1822 1823 1836 1840 1841 2022 2023 2036 2040 2041 2073 2086 2090 3673 4586 
m1873 23 30 32 46 1182 1523 1532 1546 2323 2332 2346 4823 
m387 22 37 40 46 1137 1140 1146 1890 2022 2037 2046 2322 2337 2340 2346 4396 
m1496 22 23 30 40 46 1122 1123 1130 1140 1146 1180 1523 1530 1546 2022 2023 2030 2046 2330 2346 4823 
m1809 32 46 2332 
m3044 22 23 46 1123 1146 1172 2322 3696 
m3131 14 30 46 730 2314 2330 
m3122 5 36 38 46 49 286 296 299 1849 1905 1936 1938 1946 2346 2349 2486 2499 4836 
m3222 36 48 49 1848 1849 2486 2498 2499 4336 
m1222 22 23 36 38 41 1122 1123 1136 1138 1141 1922 1923 1936 1938 1941 2073 3686 4586 
m607 22 23 30 36 38 41 1122 1123 1130 1136 1138 1172 1173 1522 1523 1822 1823 1830 1838 1922 1923 1930 2072 2073 2080 2088 3673 4586 
m1983 22 23 30 36 40 45 1123 1130 1136 1145 1523 1830 2022 2023 2030 2036 2045 2273 2280 2286 4323 
m214 11 13 46 563 2311 2313 
m2872 38 41 46 49 1938 1946 1949 2088 2096 2349 
m945 22 36 40 1122 1136 1140 2036 
m1871 22 36 38 46 1822 1936 1946 2322 2336 2346 4836 
m454 14 20 40 46 49 720 2014 2020 2046 2049 2314 2320 2346 2349 2464 2470 2496 4814 
m3514 12 36 46 49 612 636 646 649 1812 1849 2312 2336 2346 2349 2462 2486 2496 2499 4812 
m2970 13 22 36 38 40 45 1113 1136 1138 1140 1145 1813 1840 1913 1936 1940 2013 2263 2286 2288 2290 
m939 22 38 40 45 46 1138 1146 1938 1940 1946 2272 2288 2290 2296 2340 2346 
m3216 23 30 36 40 41 49 1186 1190 1199 1523 1530 1536 1540 1549 1836 1840 1849 2073 2080 2086 2090 2099 2490 3686 4336 
m3178 14 46 2314 2346 4814 
m2544 23 36 37 40 41 1173 1186 1187 1190 1823 1873 1886 1890 2023 2036 2073 2086 2087 3673 4323 
m2047 37 38 46 1888 1896 2337 2338 2346 
m1750 5 30 36 46 280 286 1536 1830 1836 2305 2330 2336 4836 
m1072 22 37 40 46 1122 1137 1140 1146 1872 2022 2037 2046 2322 2337 2340 2346 4396 
m1320 17 46 49 896 899 2317 2346 2349 
m865 23 36 40 46 49 1190 1823 1836 1840 1846 1849 2023 2036 2040 2046 2336 2340 2346 2349 2473 2486 2490 4323 4346 4823 4836 
m2191 12 22 23 36 40 41 46 49 636 640 641 646 649 1123 1136 1141 1146 1149 1812 1836 1840 1841 1846 1849 2036 2041 2046 2073 2086 2090 2091 2096 2099 2322 2323 2336 2340 2341 2349 2462 2472 2473 2486 2491 2496 2499 4323 4336 4812 4836 
m1826 36 40 46 49 1840 1846 1849 2036 2040 2046 2049 2336 2340 2346 2486 2496 4336 4346 4846 
m3027 41 2091 
m1122 14 22 36 40 722 736 740 1114 1122 1136 1140 1822 2022 2036 
m856 5 36 46 286 296 2305 2336 2346 4836 
m2212 13 22 45 46 672 2263 2295 2296 2313 2322 2346 4813 
m3345 22 32 46 48 1132 1146 2332 2422 2432 2446 4846 
m767 22 44 46 1122 1144 1146 2322 2344 2346 4846 
m2159 36 4336 
m1697 22 23 46 49 1122 1123 1146 1149 1196 1199 2322 2323 2346 2349 4846 
m3239 22 23 36 41 1123 1136 1141 1172 1173 1822 1823 2072 2073 3673 4586 
m1007 22 38 46 1138 1146 1922 1938 1946 2322 2338 
m2553 22 23 30 36 40 41 1122 1123 1130 1136 1140 1172 1173 1186 1190 1522 1523 1536 1822 2022 2036 2072 2073 2080 2086 2090 3673 3686 
m1914 36 49 1836 1849 2486 2499 
m1107 14 40 45 46 745 2014 2040 2046 2314 2345 2346 3214 4814 
m3245 22 23 36 40 1122 1123 1136 1140 1173 1186 1190 1822 1823 1836 1840 2022 2023 2036 2040 3673 4323 
m2426 37 46 2346 4396 4837 
m1667 36 40 41 1836 1840 1841 2036 2041 2086 2091 4336 4586 
m177 15 23 30 40 46 773 1515 1523 1530 1546 2015 2023 2030 2046 2315 4823 
m3320 22 30 36 1522 1536 1822 
m955 12 36 38 41 46 641 1841 1912 1936 1938 1941 1946 2062 2086 2091 2096 2312 2336 2341 4312 
m795 14 23 30 46 730 1180 2314 2323 2330 2346 3223 4814 4823 
m1314 37 40 46 2037 2046 4396 
m733 23 24 40 46 1190 1240 1246 2023 2024 2040 2046 2340 3696 3723 
m508 22 23 36 40 41 1122 1123 1136 1140 1173 1186 1190 1823 1836 2022 2023 2036 2040 2072 2073 2086 2090 2091 3686 4323 
m2650 22 23 38 46 1172 1922 1923 1938 1946 2322 2323 2346 
m1568 22 23 30 1122 1123 1130 1172 1173 1180 1522 1523 1530 3673 
m3452 15 22 32 46 782 1115 1122 1132 1146 1615 1622 1632 1646 2315 2322 2332 2346 4815 
m1572 12 23 30 46 1162 1196 1512 1523 1530 1546 2312 2330 2346 3696 4812 4823 
m3619 22 30 37 40 46 1130 1137 1146 1537 1540 1546 1890 2340 4396 
m204 12 32 36 38 46 1612 1646 1812 1912 1932 1936 1946 2312 2332 2336 2346 3146 4136 4346 4812 
m812 37 46 1896 2346 4837 
m3062 5 32 36 38 46 49 282 286 288 296 1632 1638 1646 1838 1846 1932 1936 1938 1946 2332 2338 2346 2455 2482 2486 2488 2496 4136 4332 4836 
m2522 22 36 40 46 1136 1140 1146 1846 2022 2036 2040 2046 4336 4346 
m588 22 44 46 2222 2246 2322 2344 2346 4846 
m3010 22 36 37 40 46 1122 1136 1137 1140 1146 1822 1837 1840 1846 1890 1896 2022 2036 2037 2040 2046 2322 2340 2346 4396 4837 4846 
m1288 5 36 38 46 49 286 296 299 1905 1936 1946 2346 2349 2486 4836 
m553 22 23 36 41 1123 1136 1141 1172 1173 1822 1823 2072 2073 3673 4586 
m1058 23 30 46 1180 2323 2330 2346 
m920 22 40 46 1146 2340 
m1177 36 37 38 40 46 49 1837 1849 1936 1937 1940 1946 2036 2037 2046 2049 2336 2337 2349 2487 
m1372 36 41 46 2096 2336 2341 2346 4586 4836 4846 
m761 30 36 39 40 46 1530 1539 1546 1830 1839 1840 1846 1980 2030 2036 2039 2040 2046 2330 2339 2340 2346 4346 
m2903 5 22 36 38 40 46 49 286 296 299 1136 1138 1140 1149 1836 1846 1849 1905 1936 1938 1946 1949 2036 2038 2046 2049 2346 2349 2455 2486 2496 2499 4836 
m822 13 36 39 40 46 49 1813 1840 1846 1849 1963 1986 1990 1996 2013 2036 2040 2046 2049 2463 2496 4813 
m632 22 30 40 46 1122 1130 1146 2022 2030 2046 2330 
m2042 23 41 1191 2073 3673 
m3561 22 23 36 40 41 1122 1123 1136 1140 1141 1172 1173 1822 1823 1836 1840 1841 2022 2023 2036 2040 2041 2073 2086 2090 3673 4586 
m60 13 22 36 45 46 49 699 1113 1136 1849 2286 2295 2296 2313 2322 2336 2349 3186 
m2485 40 46 48 2040 2046 2340 2346 2348 2440 2446 
m683 17 22 38 46 888 1117 1138 2322 2338 4817 
m2266 6 43 46 2306 2343 4656 
m2271 22 23 30 36 40 46 49 1122 1123 1130 1136 1140 1146 1149 1172 1173 1186 1190 1199 1522 1523 1530 1536 1540 1546 1549 1822 1823 1830 1836 1840 1846 1849 2022 2023 2030 2036 2040 2046 2049 2322 2330 2336 2340 2346 2472 2473 2480 2486 2490 2496 3696 4823 
m1999 5 38 45 46 255 1905 1938 1945 1946 2255 2305 2345 2346 
m2018 22 23 45 1123 1145 1172 1173 2272 2273 3673 
m1671 
m1535 14 37 40 46 737 740 746 2037 2046 4837 
m634 46 2346 
m499 22 36 37 40 1122 1136 1137 1140 1822 1872 1886 1890 2022 2036 
m1023 22 23 36 40 41 1122 1123 1136 1140 1141 1173 1823 1836 1840 1841 2023 2036 2040 2041 2072 2073 2086 2090 2091 3686 4323 
m1755 5 37 45 46 1855 1895 2255 2305 2337 2345 2346 4837 4846 
m572 23 30 36 40 46 1180 1823 1830 1836 1846 2023 2030 2036 2040 2046 2323 2330 2336 2346 4323 4346 4823 4836 
m3169 16 26 36 40 46 49 826 1826 2016 2036 2046 2316 2326 2346 2466 2486 2490 2496 3336 3346 4346 4836 
m3302 3 23 30 36 49 180 186 199 1153 1180 1199 1549 1830 1849 3686 
m3380 23 30 38 46 1173 1180 1188 1523 1530 1538 1923 1930 1938 2323 2330 2338 2346 3673 4823 
m344 22 23 30 36 40 46 1122 1123 1130 1136 1140 1146 1172 1173 1522 1523 1530 1540 1546 1822 1823 1830 1840 1846 2022 2023 2030 2036 2040 2046 2322 2323 2330 2340 2346 3696 4823 
m1991 45 46 2296 2346 
m3114 14 22 23 30 730 1114 1122 1123 1130 1180 1514 1523 1530 3223 
m3163 23 36 46 49 1196 1199 1846 1849 2346 2496 3686 
m2146 36 40 46 49 1836 1840 1846 1849 2036 2040 2046 2049 2336 2340 2346 2349 2486 2490 2496 4346 
m852 23 30 36 40 41 1173 1180 1186 1190 1523 1536 1540 1823 1830 1840 2023 2036 2073 2086 3673 4336 
m2052 5 36 38 46 49 1805 1838 1846 1849 1905 1938 1946 1949 2305 2488 2496 
m3596 22 23 30 46 1122 1123 1130 1146 1523 1546 2323 3673 4823 
m1274 9 36 40 46 49 490 496 499 1840 1849 2049 2309 2336 2340 2346 2349 2459 2486 2490 2496 2499 2959 2986 
m551 5 37 46 1855 2305 4837 
m1363 5 15 38 40 46 755 1905 1915 1938 1940 1946 2005 2015 2038 2040 2046 2305 2315 2346 4815 
m1926 22 23 30 36 40 41 46 1122 1123 1130 1136 1140 1141 1146 1180 1522 1523 1530 1536 1540 1546 1822 1823 1830 1836 1840 1841 1846 2022 2023 2030 2036 2040 2041 2046 2072 2086 2090 2322 2323 2330 2340 4823 4846 
m2625 14 46 2346 3246 4814 
m2680 22 23 36 40 41 46 49 1123 1136 1141 1146 1191 1822 1823 1836 1840 1841 1849 2022 2023 2036 2040 2041 2046 2072 2073 2086 2090 2091 2322 2323 2336 2340 2341 2349 2472 2473 2486 2490 2491 4323 4336 4346 4836 
m747 10 37 46 537 546 4396 
m2884 23 24 40 46 1190 1240 1246 2023 2024 2040 2046 2340 3696 3723 
m578 41 46 2341 2346 
m2649 11 13 23 30 33 563 573 580 583 673 680 1173 1180 1513 1523 1533 1673 1680 3183 3673 
m1827 5 23 24 40 46 273 274 290 1190 1240 1246 2023 2024 2040 2046 2340 3696 3723 
m2460 30 46 49 2330 2480 2496 
m1062 37 40 46 1890 2037 2040 2046 2337 2340 2346 4396 
m1544 26 32 36 38 46 1332 1336 1346 1832 1926 1932 1936 1938 1946 2332 2336 2346 4836 
m7 14 38 40 46 49 1914 1938 1940 1946 1949 2014 2046 2049 2346 2464 2496 4814 
m3201 22 23 30 36 40 46 1122 1123 1130 1136 1140 1146 1172 1173 1180 1186 1190 1522 1523 1530 1536 1540 1546 1823 1840 2022 2023 2030 2036 2040 2046 2322 2323 2330 2336 2340 2346 3696 4823 
m3105 23 30 38 46 1188 1523 1530 1538 1546 1923 1930 1938 1946 2330 2338 2346 3696 4823 
m1987 26 39 40 46 1339 1340 1346 1990 2339 2340 4496 4846 
m333 14 30 36 38 46 1514 1530 1536 1538 1814 1830 1836 1838 1914 1938 1946 2314 2330 2336 2346 4036 4330 
m239 14 22 31 36 46 731 736 1114 1136 1146 1846 2314 2331 2346 3246 4331 4836 
m479 34 1734 
m2087 36 40 46 49 1849 2036 2040 2046 2049 2336 2346 2349 4336 4836 
m1103 32 44 46 1632 1644 1646 2344 
m2873 22 23 36 40 1123 1136 1173 1186 1190 1836 1840 2036 3673 3686 
m616 5 22 23 30 46 255 273 280 296 1105 1122 1123 1130 1146 1180 1505 1523 1530 1546 2330 4823 
m3394 15 22 27 38 46 777 1115 1127 1146 1915 1922 1938 1946 2315 2327 2346 
m1665 22 23 30 39 46 1123 1130 1139 1146 1172 1173 1180 1189 1196 1522 1523 1539 1546 1972 1973 1980 1989 1996 2322 2323 2330 2339 2346 3689 3696 4473 4496 4823 
m2608 23 30 38 1188 1523 1538 1923 1930 1938 
m993 22 23 27 30 36 40 49 1123 1130 1136 1172 1173 1177 1180 1186 1190 1199 1372 1373 1380 1386 1522 1523 1527 1530 1536 1540 1549 1822 1823 1827 1830 1836 1849 2023 2027 2030 2036 2040 2049 2472 2473 2477 2480 2486 2499 3686 4336 
m1761 23 30 36 40 1180 1186 1523 1530 1536 1540 1830 2023 2030 2036 
m722 22 36 46 1136 1146 2346 4836 
m2516 36 40 41 46 1840 2036 2040 2041 2046 2086 2096 2336 2340 2346 4346 4846 
m1447 46 2346 
m2790 26 46 1346 
m466 23 30 46 1180 1196 2323 2330 2346 3673 4823 
m62 14 32 46 732 2332 4814 
m3610 3 32 37 182 187 1882 
m3401 14 22 23 30 46 49 722 746 1122 1123 1130 1146 1149 1172 1522 1523 1530 2322 2323 2330 2349 2473 2480 3673 4823 4846 
m666 22 36 38 40 1138 1822 1838 1922 1936 1938 1940 2022 2036 2038 
m3467 14 38 40 46 49 1938 1940 1946 2014 2046 2049 2346 2464 2496 4814 
m3043 23 38 45 1923 2273 2288 
m2814 38 46 1946 2346 
m250 22 30 36 40 1130 1136 1140 1522 1530 1536 1540 1822 1830 1836 1840 2030 2036 2040 4336 
m2932 12 14 23 30 41 46 641 723 730 741 1191 1512 1514 1523 1530 1541 2312 2314 2330 2341 3212 3662 4823 
m744 23 45 1195 
m2677 22 26 44 46 1146 1322 1344 1346 2326 2344 2346 4846 
m3283 22 46 1122 1146 
m2838 22 23 30 40 41 1123 1130 1140 1180 1522 1523 1530 2022 2023 2030 2072 2090 
m1143 6 36 42 49 2456 2486 2492 2836 4606 4636 
m487 22 23 36 40 41 1122 1123 1136 1140 1141 1172 1173 1822 1823 1836 1840 2022 2023 2036 2040 2072 2073 2086 2090 3673 4586 
m2053 2 40 46 140 146 2046 
m67 12 26 46 1312 1346 2346 4812 
m2394 21 46 2321 2346 4846 
m2164 37 49 1899 2487 2499 
m2170 13 22 33 36 40 672 686 690 1113 1122 1133 1136 1140 1672 1686 1690 1822 2022 2036 3183 
m1135 32 46 1646 2332 2346 
m2137 23 30 44 46 1194 1523 1544 2330 2344 2346 4823 
m3002 41 
m41 22 23 36 37 40 1123 1136 1140 1172 1173 1186 1190 1823 1840 1872 1873 1886 1890 2023 2036 2040 3673 3686 4323 4336 
m914 22 24 1124 
m1751 23 30 40 1180 1523 1530 2023 2030 
m821 12 30 45 46 49 645 1512 1530 1545 1546 2295 2345 2346 2480 2496 2499 4812 
m2688 22 23 30 45 1123 1173 1180 1523 2272 2273 3673 
m2104 33 45 1695 
m152 14 36 46 714 736 1836 2314 2336 2346 3236 4814 4836 
m646 22 36 37 40 46 1122 1136 1140 1146 1822 1836 1837 1840 1846 1872 1896 2022 2036 2037 2040 2046 2322 2337 2346 4387 4396 4837 4846 
