m239 14 22 31 36 46 731 736 1114 1136 1146 1846 2314 2331 2346 3246 4331 4836 
m3479 46 49 2346 2349 
m3438 22 36 40 1122 1822 1836 1840 2022 2036 2040 
m3142 22 30 37 46 1130 1137 1146 1880 2322 2330 2337 2346 4837 
m1862 23 36 41 49 1191 1823 1836 1841 1849 2473 2486 2491 3686 4323 4336 4341 
m676 23 26 30 40 46 1173 1180 1323 1330 1346 1523 2023 2026 2030 2046 2323 2330 3673 4823 
m1456 22 23 36 40 41 1123 1136 1140 1173 1822 1823 1836 1840 2022 2023 2036 2040 2072 2073 2086 2090 3673 4323 4586 
m881 38 46 1946 2338 2346 
m3188 22 23 30 38 1122 1123 1130 1138 1173 1180 1523 1922 1923 1930 1938 3673 
m861 22 37 46 49 1122 1137 1146 1899 2346 2349 2496 4396 4837 
m2140 36 40 46 49 1836 1840 1846 1849 2036 2040 2046 2049 2336 2340 2346 2349 2486 2490 2496 4346 
m3302 3 23 30 36 49 180 186 199 1153 1180 1199 1549 1830 1849 3686 
m1619 
m2996 5 14 46 264 296 2314 2346 4814 
m3295 36 38 40 46 1840 1846 1936 1940 1946 2036 2038 2040 2046 2336 2338 2340 2346 
m568 22 23 41 46 1123 1141 1146 1173 1191 1196 2073 2323 2341 3673 4823 
m3216 23 30 36 40 41 49 1186 1190 1199 1523 1530 1536 1540 1549 1836 1840 1849 2073 2080 2086 2090 2099 2490 3686 4336 
m3510 
m629 22 23 1123 1172 1173 3673 
m1494 22 23 30 41 46 1123 1130 1146 1172 1522 1523 1530 1546 2072 2073 2080 2096 2322 3696 
m593 13 22 40 45 46 1122 1140 1145 1146 2013 2040 2046 2272 2290 2296 2313 2346 3196 
m2173 22 23 36 40 1122 1123 1136 1140 1173 1186 1190 1822 1823 1836 1840 2022 2023 2036 2040 3673 4323 
m1588 22 23 45 1123 1173 1195 3673 
m2876 46 2346 
m3462 36 40 46 1840 1846 2036 2040 2046 2346 4346 
m1031 22 23 36 40 41 1122 1123 1136 1140 1141 1173 1823 1836 1840 1841 2023 2036 2040 2041 2072 2073 2086 2090 2091 3686 4323 
m2061 14 32 36 49 714 732 736 749 1636 1649 1849 2482 2486 2499 
m1448 22 23 41 1123 1141 1173 2073 3673 
m934 33 38 40 46 1690 1696 1933 1938 1940 1946 2333 2338 2340 2346 
m2878 22 23 30 46 49 1122 1123 1130 1146 1149 1172 1173 1180 1522 1523 1530 1549 2322 2323 2330 2349 2472 2473 2480 3673 4823 
m173 10 26 46 1310 1326 1346 2310 2346 
m269 46 2346 
m127 22 37 40 46 1137 1140 1146 1890 2022 2037 2040 2046 2337 2340 2346 4837 
m19 14 30 46 730 2314 2330 
m3550 46 2346 
m731 22 36 46 1136 1146 2346 4836 
m2092 46 2346 
m385 22 37 40 46 1137 1140 1146 1890 2022 2037 2040 2046 2322 2337 2340 2346 4396 
m3644 22 36 40 46 49 1136 1140 1146 1822 1840 1846 2022 2036 2040 2046 2049 2322 2336 2340 2346 2349 2472 2486 2490 2496 4836 
m2658 32 36 41 46 1632 1636 1641 1646 1832 1836 1841 1846 2082 2086 2091 2096 2332 2336 4586 4846 
m2146 5 14 22 23 32 36 37 41 264 282 286 722 737 741 1105 1114 1123 1136 1141 1155 1182 1186 1614 1637 1814 1837 1872 1882 1886 1887 1891 2087 3664 4136 4332 
m2729 38 46 49 1938 1946 1949 2349 
m223 30 38 40 45 46 1930 2030 2038 2045 2046 2280 2288 2296 2330 2338 
m3517 12 36 46 49 612 636 646 649 1812 1849 2312 2336 2346 2349 2462 2486 2496 2499 4812 
m2504 22 46 1122 1146 2346 
m1817 36 40 46 49 1840 1846 1849 2036 2040 2046 2049 2336 2340 2346 2486 2496 4336 4346 4846 
m166 32 36 38 40 46 1636 1638 1640 1646 1836 1838 1840 1846 2036 2046 2332 2336 2338 2340 2346 4136 4336 4346 
m2554 13 36 38 40 1813 1913 1936 1940 2013 2036 
m334 12 36 38 41 46 641 1841 1912 1936 1938 1941 1946 2062 2086 2091 2096 2312 2336 2341 4312 
m646 26 32 36 40 46 49 1336 1340 1346 1349 1632 1636 1649 1849 2032 2036 2040 2046 2332 2336 2340 2346 2349 
m1698 13 36 38 40 41 686 690 691 1841 1913 1936 1941 2036 2041 2063 2086 2088 2090 2091 
m2906 5 36 46 49 255 286 296 299 1849 2346 2349 2486 2499 4836 
m1599 37 40 45 46 49 1895 1899 2037 2040 2045 2046 2340 2345 2346 2349 2495 4387 4396 4837 
m1043 37 40 46 1890 2340 4396 
m2188 14 22 45 46 722 1114 1145 1146 2264 2272 2296 2314 2322 2345 2346 3246 
m1353 
m2053 32 36 38 46 49 1632 1636 1649 1849 1932 1936 1946 2332 2336 2349 
m2227 23 27 30 36 40 49 1173 1177 1180 1186 1190 1199 1373 1380 1386 1523 1527 1530 1536 1540 1549 1823 1827 1830 1836 1849 2023 2027 2030 2036 2040 2049 2473 2477 2480 2486 2499 3686 4336 
m2824 32 36 38 41 46 1641 1646 1932 1936 1941 1946 2332 2336 2341 2346 4136 4586 
m1277 31 36 37 40 46 1587 1590 1596 1831 1837 1840 1846 1890 1896 2340 
m3534 36 40 41 46 49 1841 1846 2036 2041 2046 2336 2340 2341 2346 2349 2486 2490 2491 2496 4346 
m1843 32 33 36 1632 1633 1636 1683 1686 1833 1836 4136 4186 4333 4336 
m3090 5 23 24 40 41 46 273 274 290 291 296 1190 1240 1246 2023 2024 2040 2046 2073 2074 2090 2096 2340 3696 3723 
m205 14 40 46 2014 2040 2046 2314 2346 4814 4846 
m2224 13 46 2313 
m2251 23 30 36 40 41 1173 1186 1191 1523 1530 1536 1540 1541 1836 1841 2023 2030 2036 2041 3673 3686 4323 4341 
m2156 23 45 46 1196 2273 2296 2323 2346 3696 4823 
m3575 36 37 40 46 1840 1886 1890 1896 2036 2037 2040 2046 2336 2337 2340 2346 4346 4387 4396 4837 
m1044 3 14 46 703 2314 2346 2696 3246 4803 
m2879 26 33 1676 
m718 36 40 41 46 49 1841 2036 2040 2046 2336 2341 2346 2349 2486 2491 2496 4346 4836 4846 
m1878 22 30 36 49 1122 1136 1522 
m2064 22 23 24 40 46 1123 1124 1140 1146 1190 1240 1246 2023 2024 2040 2046 2340 3696 3723 
m3590 30 37 46 1530 1537 1546 1880 2330 2337 2346 
m1335 29 36 41 1829 1836 2079 2086 4336 
m983 12 14 46 712 2314 2346 3146 3246 4812 
m2712 6 14 32 36 49 706 714 732 736 749 1606 1636 1806 2456 2482 2486 
m2150 33 41 48 1691 2433 2441 
m3406 14 36 46 49 736 746 749 1849 2336 2346 2349 4814 4836 
m1822 22 23 46 49 1122 1146 1149 1172 1199 2322 2346 2349 3696 4823 
m1975 22 23 30 36 1172 1180 1522 1822 1823 1830 
m2056 12 45 46 645 2345 4812 
m2764 3 30 38 46 180 1530 1903 1930 1938 1946 2330 4803 
m67 12 26 46 1312 1346 2346 4812 
m1907 22 23 30 41 46 1122 1141 1146 1191 1523 1530 1541 1546 2073 2080 2091 2096 2322 2323 2330 2341 2346 
m1270 27 38 46 1927 1946 2327 
m891 16 23 36 40 41 46 836 840 841 1186 1190 1191 1841 2023 2036 2041 2046 2066 2073 2086 2090 2091 2096 2316 2336 2340 2341 3666 4823 
m3368 46 2346 
m1062 14 40 45 46 2014 2040 2046 2264 2290 2296 2314 2346 3214 4814 
m2758 22 32 46 1122 1132 1146 2332 2346 
m1655 5 13 33 46 655 1655 2305 2313 2333 4163 
m2483 13 22 33 36 40 1113 1122 1133 1136 1140 1686 1690 1813 1840 2013 4163 
m1579 22 46 1146 2346 
m3228 13 17 45 46 49 2263 2267 2295 2296 2313 2317 2349 2463 2467 3363 
m889 36 40 41 46 1841 2036 2041 2086 2090 2091 2336 2340 2341 4336 4836 4846 
m2779 23 30 1180 1523 1530 
m2171 20 40 48 1040 2040 2420 2440 
m522 22 30 36 40 45 46 1122 1130 1136 1140 1145 1146 1536 1540 1836 1840 2036 2040 2272 2296 2322 2330 
m2552 22 26 44 46 1146 1346 2344 2346 4846 
m803 14 23 30 46 730 1180 2314 2323 2330 2346 3223 4814 4823 
m3503 22 23 30 36 40 41 46 1122 1123 1130 1136 1140 1141 1146 1172 1173 1180 1186 1190 1191 1523 1536 1540 1541 1841 2023 2036 2041 2073 2080 2086 2090 2091 2322 2323 2330 2341 3673 4323 
m3286 23 30 45 46 1523 1545 1546 2273 2296 2345 2346 3696 4823 
m2128 22 23 30 36 40 41 46 1122 1123 1130 1136 1140 1141 1146 1180 1522 1523 1530 1536 1540 1546 1822 1823 1830 1836 1840 1846 2022 2023 2030 2036 2040 2046 2072 2086 2090 2091 2322 2323 2330 2340 4823 4846 
m76 22 44 46 1122 1144 1146 2222 2246 2322 2344 2346 4846 
m951 22 36 40 41 46 1136 1141 1146 2022 2036 2041 2046 2086 2096 2336 
m279 36 38 41 46 1936 1946 2336 2341 2346 4341 4836 4846 
m2487 36 40 46 1836 1840 2036 2040 2336 2340 2346 
m172 22 32 46 1122 1132 1146 1632 2322 2332 2346 
m3329 22 36 40 46 48 1136 1140 1146 1822 1836 1840 1846 2022 2036 2040 2046 2048 2322 2336 2340 2346 2348 2422 2436 2440 2446 4346 4836 
m2021 10 32 46 1610 1632 1646 2310 2346 
m2903 5 22 36 38 40 46 49 286 296 299 1136 1138 1140 1146 1149 1836 1846 1849 1905 1936 1938 1946 1949 2036 2038 2046 2049 2346 2349 2455 2486 2496 2499 4836 
m451 22 46 1146 2322 2346 
m566 22 23 1123 1173 3673 
m400 5 14 22 23 32 36 37 41 264 282 286 722 737 741 1122 1123 1141 1155 1182 1186 1614 1637 1814 1837 1872 1882 1886 1887 1891 2087 3664 4136 4332 
m811 34 38 40 46 1734 1934 2034 2038 2040 2046 2334 2338 2346 
m3342 36 37 40 46 1840 1886 1890 1896 2036 2037 2040 2046 2336 2340 2346 4346 4837 
m2285 22 23 30 36 40 45 46 1123 1130 1136 1140 1146 1180 1523 1530 1536 1546 1830 2023 2030 2036 2046 2272 2273 2280 2286 2290 2296 2330 2336 4323 4823 
m976 14 36 714 3236 
m1804 13 22 33 40 690 1113 1122 1133 1140 1690 3183 
m2459 22 46 49 1146 2472 2496 
m321 22 27 36 46 49 1127 1136 1146 1149 1377 1386 1396 1399 1827 1849 2322 2327 2336 2346 2349 2477 2486 2496 2499 
m2790 5 36 44 46 49 286 296 299 1849 2205 2236 2246 2249 2346 2349 2455 2486 2494 2496 4836 
m1734 22 32 38 46 1146 1922 1932 1938 1946 2332 2346 
m2360 5 21 22 38 46 271 272 288 296 1121 1138 1146 1921 1946 2305 2321 2322 2338 2346 
m3435 36 40 46 49 1836 1840 1846 1849 2036 2040 2046 2049 2336 2340 2346 2349 2486 2490 2496 4836 
m1181 33 36 38 46 49 1833 1846 1938 1946 2333 2336 2346 2349 2483 2486 2496 4833 
m3481 22 32 46 1122 1132 1146 1622 1632 1646 2322 2332 2346 4846 
m497 12 30 38 40 46 630 1912 1930 1946 2012 2030 2038 2040 2046 2312 2330 2346 4812 
m3205 11 13 33 661 1661 4163 
m2975 23 30 36 41 1180 1186 1830 2073 2080 3673 3686 4323 4586 
m3268 14 20 38 46 49 720 1914 1946 2320 2349 2464 2470 4814 
m346 22 23 27 41 45 1122 1123 1127 1141 1145 1195 1372 1391 2073 2095 
m2757 22 46 1122 1146 
m2781 22 23 30 36 40 41 1123 1130 1136 1140 1141 1172 1173 1180 1186 1190 1523 1822 1823 1830 1836 2023 2030 2036 2073 2086 3673 4323 4586 
m1101 22 32 33 36 40 1122 1132 1133 1136 1140 1633 1636 1832 1833 1836 1840 2032 2033 2036 4186 4333 4336 
m3445 38 46 1946 
m1114 22 23 46 1123 1146 1172 1173 2322 2323 3673 4823 
m860 23 30 36 40 41 1173 1180 1186 1190 1523 1536 1540 1823 1830 1840 2023 2036 2073 2086 3673 4336 
m2822 23 38 1923 
m1373 46 2346 
m1379 22 36 40 46 1136 1140 1146 1840 2336 2340 4336 4836 
m78 13 22 44 46 694 1113 1122 1144 1146 2313 2344 
m868 22 23 30 36 40 1123 1130 1173 1186 1190 1523 1536 1540 2023 2036 3673 
m911 22 23 30 36 39 40 41 1123 1130 1136 1140 1172 1173 1180 1186 1190 1523 1536 1540 1822 1823 1830 1836 1840 1972 1973 1980 1986 1990 2022 2023 2030 2036 2072 2073 2080 2086 2089 2090 2091 3673 4323 
m2894 22 23 1122 1123 1173 3673 
m1356 13 20 22 32 36 40 670 686 690 1113 1120 1136 1140 1613 1620 1622 1636 1640 1820 2020 2036 2040 3186 4336 
m2374 14 34 36 40 46 1714 1734 1736 1740 1746 1814 1836 1840 1846 2014 2036 2040 2046 2314 2346 4346 4814 4846 
m1236 22 23 30 46 1122 1123 1130 1146 1196 1523 1530 1546 2322 2323 2330 2346 3696 4823 
m103 22 23 36 1123 1136 1172 1173 1186 1822 1823 3673 
m3559 13 22 33 36 40 672 686 690 1113 1122 1133 1136 1140 1672 1686 1690 1822 2022 2036 3183 
m2977 22 45 1145 2272 2295 
m555 22 46 49 1122 1146 1149 2349 2472 2496 
m735 23 30 36 41 1173 1523 1823 1830 2073 2080 3673 4323 4586 
m1049 5 36 46 49 286 296 299 1849 2336 2346 2349 2486 2499 4836 4846 
m1220 22 23 30 38 46 1123 1130 1146 1188 1523 1530 1538 1546 2338 3696 
m3610 36 46 4836 
m679 46 2346 
m2384 6 43 4656 
m2200 22 23 30 41 1122 1123 1130 1141 1172 1173 1180 1191 1522 1523 1530 2072 2073 2080 2091 3673 
m1100 46 2346 4846 
m3169 22 36 40 41 1822 1840 2022 2036 2072 2086 2090 4336 4586 
m128 37 38 46 1888 1937 1938 1946 2338 4837 
m2720 22 23 36 40 46 49 1123 1136 1140 1146 1149 1199 1822 1823 1836 1840 1849 2022 2023 2036 2040 2046 2049 2323 2336 2340 2349 3686 4336 4346 4836 
m1543 22 23 30 36 40 41 1122 1123 1130 1136 1140 1141 1173 1522 1523 1536 1822 1823 1830 1836 2022 2023 2030 2036 2072 2073 2080 2086 2090 2091 3673 4323 4586 
m2713 
m204 30 36 37 40 46 1536 1537 1540 1546 1837 1840 1846 1890 2037 2046 2340 4396 
m1524 22 26 44 45 46 1144 1145 1146 1322 1344 1345 1346 2294 2296 2344 2346 
m1996 8 33 46 433 446 4833 
m1263 20 22 36 41 1022 1120 1122 1136 1141 1820 1822 2070 2072 4586 
m3505 22 46 1146 2322 2346 
m1161 22 23 30 46 1122 1123 1130 1146 1180 1523 1530 1546 2330 2346 4823 
m704 12 36 40 46 49 1812 2012 2036 2046 2049 2336 2346 2462 2486 2496 3146 4346 4812 
m3662 22 23 36 41 1123 1136 1141 1172 1173 1186 1822 1823 2072 2073 2086 2091 3673 4586 
m1117 30 46 2330 2346 4846 
m3428 22 30 36 40 41 46 49 1122 1130 1136 1140 1141 1146 1149 1522 1536 1546 1822 1846 2022 2030 2036 2040 2046 2049 2072 2090 2322 2472 2480 2486 2496 4346 4846 
m1266 14 32 36 38 41 46 1614 1914 1932 1936 1938 1941 1946 2064 2082 2086 2314 2332 2336 2341 4136 4314 
m3084 5 17 41 46 255 867 891 2091 2317 2341 2346 4817 
m3614 22 23 37 1122 1123 1172 1173 1872 1873 3673 
m2559 22 23 36 40 41 1123 1141 1173 1186 1190 1823 1836 2023 2036 2040 2072 2073 2086 2090 2091 3686 4323 
m1383 23 30 49 1180 1199 1549 2473 2480 2499 
m2107 14 46 714 746 2314 2346 4814 
m3529 22 23 37 41 1122 1123 1137 1141 1172 1173 1872 1873 2072 2073 2087 3673 
m840 23 30 38 40 46 1180 1923 1930 1946 2023 2038 2046 2330 4823 
m43 22 26 33 36 49 1322 1333 1349 1672 1822 1826 1833 1849 2472 2483 
m112 22 36 41 46 1136 1146 1846 2072 2096 2322 2336 2341 2346 4586 4836 
m1704 45 
m284 33 36 38 40 46 49 1686 1690 1836 1838 1840 1846 1849 1933 1936 1938 1940 1946 2033 2036 2038 2040 2046 2333 2336 2338 2340 2346 2486 2488 2490 2496 
m1009 36 37 40 1836 1837 1840 2036 2037 2040 
m471 23 30 46 1180 1196 2323 2330 2346 3673 4823 
m2041 37 38 46 1888 1896 2337 2338 2346 
m2245 14 46 746 2346 3246 4846 
m1086 12 32 36 46 1612 1646 1812 2336 2346 3146 4136 4346 4812 
m182 22 23 36 40 41 1122 1123 1136 1140 1141 1172 1173 1822 1823 1836 1840 1841 2022 2023 2036 2040 2041 2072 2073 3673 4586 
m2525 22 23 30 46 1122 1123 1130 1146 1180 1523 1530 1546 2330 2346 4823 
m1773 22 36 37 40 46 1122 1136 1137 1140 1146 1822 1836 1837 1840 1846 1872 1896 2022 2036 2037 2040 2046 2322 2337 2346 4387 4396 4837 4846 
m2576 5 22 32 36 46 49 286 299 1605 1622 1636 1646 1649 1805 1822 1846 1849 2305 2322 2332 2336 2346 2349 2472 2486 2499 4136 4336 4836 
m1634 23 30 1173 1180 1523 1530 3673 
m923 12 45 46 645 2345 4812 
m3035 22 23 30 36 37 40 41 46 49 1123 1130 1136 1137 1140 1146 1149 1180 1523 1530 1546 1822 1823 1830 1836 1837 1840 1846 1849 1872 1873 1880 1886 1890 1896 2022 2023 2030 2036 2037 2040 2046 2086 2090 2099 2330 2346 2472 2473 2480 2486 2487 2490 2496 4396 4823 
m3061 22 23 30 36 40 41 46 1122 1123 1130 1136 1140 1141 1146 1191 1523 1536 1541 1546 1841 1846 2023 2030 2036 2040 2041 2046 2072 2341 3696 4323 
m2143 23 30 36 41 1523 1536 1823 2073 2080 3673 4323 4586 
m2288 30 46 2330 2346 
m3290 12 22 36 46 622 636 646 1136 1812 1836 1846 2322 2336 2346 4336 4812 4836 
m587 41 46 2341 2346 
m2345 32 36 38 40 46 49 1632 1636 1649 1849 1932 1936 1946 1949 2032 2036 2038 2046 2332 2336 2338 2340 2346 2349 
m3179 22 46 1122 1146 2322 2346 
m63 13 20 22 33 36 38 40 1013 1022 1033 1036 1038 1040 1113 1122 1133 1136 1138 1140 1813 1833 1838 1840 1913 1933 2013 2033 2038 4163 
m1894 32 1632 
m2954 22 23 30 36 41 1123 1130 1523 1822 1823 1830 2072 2073 2080 3673 4323 4586 
m3221 41 44 45 2241 2245 2291 
m2644 14 36 40 46 740 1814 1836 1840 1846 2014 2036 2040 2046 2314 2340 2346 3246 4314 4346 4836 
m2912 5 36 40 46 49 286 296 299 1836 1849 2005 2036 2046 2336 2346 2349 2486 2499 4836 
m2566 14 40 46 2014 2040 2046 2314 2346 4814 
m690 17 22 38 46 888 1117 1138 2322 2338 4817 
m1040 5 13 22 33 36 40 263 272 283 286 290 672 686 690 1113 1122 1133 1136 1140 1672 1686 1690 1822 2022 2036 2040 3183 
m2539 22 26 38 46 1146 1322 1346 1922 1926 1946 2346 
m454 30 46 1546 2330 4846 
m3214 23 24 40 46 1190 1240 1246 2023 2024 2040 2046 2340 3696 3723 
m3509 13 38 1913 1938 
m2844 16 23 38 40 46 49 1923 1940 1946 2016 2023 2046 2316 2323 2346 2349 2466 2473 3666 4823 
m733 37 46 49 1899 2346 2349 2487 2496 4396 4837 
m2904 14 20 38 46 49 720 1914 1946 1949 2320 2464 2470 2496 4814 
m3562 22 23 36 40 41 1122 1123 1136 1140 1141 1172 1173 1822 1823 1836 1840 1841 2022 2023 2036 2040 2041 2072 2073 2086 2090 3673 4586 
m3530 22 23 36 40 41 1122 1123 1136 1140 1141 1172 1173 1186 1822 1823 1836 1840 1841 2022 2023 2036 2040 2041 2072 2073 2086 2090 3673 4586 
m1180 33 38 40 46 1690 1696 1933 1938 1940 1946 2333 2338 2340 2346 
m179 26 38 46 1326 1346 1926 1946 2326 4846 
m1762 22 36 41 1136 1141 1841 2072 2086 2091 4586 
m3240 22 23 36 40 41 1122 1123 1136 1140 1141 1172 1173 1822 1823 1836 1840 1841 2022 2023 2036 2040 2041 2072 2073 3673 4586 
m1737 22 23 36 40 41 1122 1123 1136 1140 1141 1172 1173 1822 1823 1836 1840 1841 2022 2023 2036 2040 2041 2072 2073 3673 4586 
m3387 15 26 46 776 2326 4815 
m1583 22 23 40 46 1123 1140 1146 1190 2022 2023 2040 2046 2340 2346 3696 4823 
m3304 23 36 40 41 46 1191 1823 1836 1840 1841 1846 2023 2036 2040 2041 2046 2323 2336 2341 2346 3686 4341 4346 4823 
m3258 14 22 36 40 46 714 1114 1136 1140 1146 1814 2014 2036 2046 3236 3246 4346 4814 
m3128 22 37 49 1122 1137 1149 1872 1899 2472 2487 2499 
m2518 22 36 40 41 1122 1136 1140 1141 1822 1836 1840 1841 2022 2036 2041 2072 2086 2090 2091 
m391 37 40 46 1890 2037 2040 2046 2337 2340 2346 4396 
m3669 14 23 30 38 46 723 730 738 746 1180 1523 1530 1546 1923 1930 1946 2323 2330 2338 2346 4823 
m193 13 22 33 36 40 1113 1122 1133 1136 1140 1686 1690 1813 2013 2036 4163 
m2726 13 22 40 690 1113 1122 
m3175 3 26 46 1303 1346 2346 4803 
m1845 36 46 49 1846 1849 2346 2349 2496 4836 
m2711 30 36 46 1536 1546 2330 2336 2346 4836 
m864 5 36 46 286 296 2305 2336 2346 4836 
m2074 38 41 46 1941 1946 2091 2341 
m3422 13 22 38 672 1113 1138 1913 1922 
m1337 13 22 30 680 1113 1122 1130 
m1950 22 23 1123 
m1871 36 41 46 49 1841 1846 2341 2346 2486 2491 2496 
m2512 22 23 30 36 40 46 49 1122 1123 1130 1136 1140 1146 1180 1523 1530 1536 1540 1546 1822 1823 1830 1840 1846 2022 2023 2030 2036 2046 2322 2323 2330 2336 2340 2346 2472 2486 2490 2496 4336 4346 4823 4846 
m1983 23 30 40 46 1190 1196 1523 1530 1540 1546 2040 2046 2340 
m80 13 33 40 690 1690 4163 
m1613 22 26 38 46 1146 1322 1346 1922 1926 1946 2346 
m271 8 32 37 46 49 408 446 449 1608 1646 1649 1858 1882 1896 2308 2332 2346 2349 
m2426 22 23 36 41 1122 1123 1172 1173 1822 1823 2072 2073 3673 4586 
m3621 36 46 2336 
m643 22 23 1123 1173 3673 
m1699 30 38 46 1930 1938 1946 2330 2338 2346 4846 
m3660 14 36 40 46 1814 1840 1846 2014 2036 2040 2046 2314 2346 4346 4814 4846 
m1439 22 23 30 36 40 46 1122 1123 1130 1136 1140 1146 1173 1180 1186 1190 1522 1523 1530 1536 1540 1822 1823 1830 1836 1840 1846 2022 2023 2030 2036 2040 2046 2322 2323 2330 2336 3673 4823 
m2180 22 32 33 36 40 1122 1132 1133 1136 1140 1633 1672 1822 1832 1833 1836 1840 2022 2032 2033 2036 4136 4186 
m1502 32 36 38 46 1832 1932 1936 1946 2332 2336 2346 4836 
m3348 6 14 32 36 314 332 732 1806 1814 1832 
m2389 30 36 40 46 1830 2030 2036 2330 2336 2340 2346 4836 
m562 22 23 36 41 1123 1136 1141 1172 1173 1822 1823 2072 2073 3673 4586 
m681 22 23 30 1122 1123 1130 1173 1523 1530 3673 
m2134 5 13 33 46 263 283 296 696 2305 2313 2333 2346 3183 
m1460 
m3041 14 23 34 36 40 46 734 1184 1734 1814 1823 1834 1840 1846 2014 2023 2034 2036 2040 2046 2314 2323 2334 2346 3664 4346 4814 4823 
m3068 22 23 36 40 46 49 1122 1123 1136 1146 1149 1199 1849 2022 2023 2036 2046 2336 2346 2349 3686 4823 4836 
m1148 22 26 44 46 1122 1126 1144 1146 1322 1344 1346 2222 2246 2322 2326 2344 2346 4846 
m3135 23 32 46 1196 1623 1646 2346 
m126 13 22 44 46 694 1113 1146 2313 2344 
m3271 13 38 1913 1938 
m1969 27 32 1382 
m2650 22 23 38 46 1172 1922 1923 1938 1946 2322 2323 2346 
m413 23 30 36 40 46 1186 1190 1523 1530 1536 1540 1546 1823 1830 1836 1846 2023 2030 2036 2046 2330 2336 2340 2346 3696 4823 
m1254 22 46 49 1122 1146 1149 2346 2349 
m1490 14 32 36 46 732 736 746 1832 2332 2336 2346 3246 4836 
m1441 14 46 2314 2346 4814 
m3033 13 25 38 46 675 1913 1925 1946 2313 2325 
m2538 14 46 714 3246 4814 
m357 22 37 46 1872 1896 2322 2346 4837 
m217 
m1626 26 46 49 1326 1346 1349 2349 
m2007 22 23 36 40 1123 1136 1140 1173 1186 1190 1823 1840 2023 2036 3673 4323 4336 
m1938 22 23 36 40 41 1122 1123 1136 1140 1141 1172 1173 1822 1823 1836 1840 1841 2022 2023 2036 2040 2041 2073 2086 2090 3673 4586 
m1352 23 45 46 1195 2295 2345 2346 4823 
m1291 30 46 2330 2346 4846 
m2670 22 45 46 1145 1146 2296 
m798 22 23 30 45 46 1123 1130 1145 1146 1196 1523 1545 1546 2273 2296 2346 
m1529 36 41 2086 
m3171 16 26 36 40 46 49 826 1826 2016 2036 2046 2316 2326 2346 2466 2486 2490 2496 3336 3346 4346 4836 
m2494 22 36 41 1122 1136 1141 1841 2091 4586 
m1271 9 36 40 46 49 490 496 499 1840 1849 2049 2309 2336 2340 2346 2349 2459 2486 2490 2496 2499 2959 2986 
m3187 22 23 30 32 36 40 46 1122 1123 1130 1132 1136 1140 1146 1172 1173 1522 1523 1530 1532 1540 1546 1623 1630 1646 1822 1823 1830 1832 1840 1846 2022 2023 2030 2032 2036 2040 2046 2322 2323 2330 2332 2340 2346 3696 4823 
m183 10 14 27 38 710 1360 1364 1388 1910 1914 1927 1938 
m3024 22 32 36 37 40 1122 1132 1136 1137 1140 1637 1832 1837 1840 2032 2037 
m1861 23 36 41 49 1191 1823 1836 1841 1849 2473 2486 2491 3686 4323 4336 4341 
m1954 22 23 30 36 40 46 1122 1123 1130 1136 1140 1146 1180 1523 1530 1536 1546 1830 1846 2022 2023 2030 2036 2040 2046 2330 4323 4823 
m300 3 30 36 40 46 180 186 190 196 1830 2030 2036 2046 2330 4836 
m2362 23 40 2023 3673 
m1923 10 38 1910 1938 
m2579 22 23 30 36 40 1122 1123 1130 1136 1140 1180 1830 2023 2030 2036 4323 
m163 26 38 46 1338 1346 2338 2346 
m2408 28 36 46 1828 1836 2328 2336 4846 
m576 22 36 40 41 1141 1822 1836 1841 2036 2041 2072 2086 2091 4586 
m1863 22 36 38 46 1822 1936 1946 2322 2336 2346 4836 
m157 22 23 36 40 41 1122 1123 1136 1822 1823 1836 1840 2022 2023 2036 2072 2073 2086 2090 3673 4323 4586 
m506 22 36 37 40 1122 1136 1137 1140 1822 1872 1886 1890 2022 2036 
m2802 22 40 44 46 1146 2022 2044 2046 2344 2346 4846 
m1156 22 23 36 40 46 49 1122 1123 1136 1146 1149 1172 1822 1849 2022 2023 2036 2046 2049 2322 2323 2336 2349 2472 2473 2486 4323 4336 4836 
m3361 3 30 38 46 180 188 196 1903 1930 1938 1946 2330 
m3681 37 46 2346 4837 
m1210 22 23 30 36 40 1122 1123 1130 1136 1140 1172 1173 1180 1186 1190 1522 1523 1536 1540 1822 2022 2023 2036 3673 3686 4323 4336 
m3272 23 36 3686 
m3049 22 30 36 41 45 1130 1536 1541 2272 2280 4586 
m2643 26 32 33 46 1332 1333 1346 1682 2332 4833 
m3418 46 2346 
m154 22 23 36 41 1123 1136 1141 1186 1823 2072 2073 2086 2091 3673 4586 
m2738 14 22 26 37 39 722 737 1314 1322 1337 1339 1872 1964 1972 1987 
m3454 5 13 23 30 33 263 273 280 283 673 680 1173 1180 1513 1523 1533 1673 1680 3183 3673 
m630 22 23 30 36 38 40 41 46 1122 1123 1130 1136 1140 1146 1172 1173 1180 1186 1190 1522 1523 1530 1536 1540 1546 1823 1840 1922 1923 1930 1938 1941 1946 2023 2030 2036 2038 2040 2041 2046 2072 2073 2080 2086 2096 2322 2330 2336 2340 2346 3696 4823 
m1691 22 23 46 49 1122 1123 1146 1149 1196 1199 2322 2323 2346 2349 4846 
m2745 22 23 36 37 40 41 1122 1123 1136 1137 1140 1141 1823 1836 1873 1886 1890 2023 2036 2073 2086 2087 2090 3673 4323 4373 4586 
m2283 36 38 46 1838 1846 2338 2346 4836 
m3622 12 22 23 36 40 41 46 49 640 641 646 1112 1123 1136 1141 1146 1149 1812 1836 1840 1841 1846 1849 2036 2041 2046 2073 2086 2090 2091 2096 2099 2322 2323 2336 2340 2341 2349 2462 2473 2486 2491 2496 4323 4336 4812 4836 
m3353 46 
m2417 22 36 40 46 1122 1136 1140 1146 1840 1846 2022 2036 2040 2046 2322 2340 2346 4836 
m2112 38 46 1938 1946 2338 2346 
m1824 22 46 49 1146 1149 2349 2472 2496 
m1289 40 41 46 2046 2090 2096 2340 
m1881 30 36 40 46 1830 1836 1840 1846 2030 2036 2040 2046 2330 2336 2340 2346 4336 4346 4836 
m405 23 36 38 40 41 1823 1840 1923 1936 2023 2036 2073 2086 2088 2090 4323 4336 4586 
m1034 22 23 36 40 41 1122 1123 1136 1140 1141 1173 1186 1190 1823 1836 2022 2023 2036 2040 2041 2072 2073 2086 2090 2091 3686 4323 
m106 5 14 46 705 2305 2314 
m1998 8 408 
m2309 6 36 42 46 49 2306 2336 2342 2456 2486 2492 2496 2836 4606 4636 
m1367 23 30 36 49 1180 1199 1549 1823 1830 1849 2473 2480 2486 
m218 38 41 44 46 1941 1944 1946 2094 2096 2344 
m2965 22 23 30 36 41 1123 1130 1136 1523 1823 1830 2072 2073 2080 3673 4323 4586 
m1249 6 42 306 342 2106 2142 2842 4606 
m2671 22 23 30 36 40 41 1122 1123 1130 1136 1140 1141 1180 1186 1190 1522 1523 1536 1540 1541 1822 1830 1836 1840 1841 2022 2023 2030 2036 2041 2080 2086 
m2343 14 36 38 46 49 714 736 738 746 749 1814 1846 1849 1914 1936 1946 1949 2314 2336 2338 2346 2349 2464 2486 2496 4814 
m2031 23 31 46 48 49 1196 1573 1596 2346 2423 2431 2446 2473 2481 2496 2498 
m1948 14 22 36 40 41 46 714 722 736 741 1822 1836 1841 2014 2036 2046 2072 2314 2322 2336 2341 3236 4314 4586 4814 
m1169 23 32 46 1196 1623 1646 2346 
m1911 22 30 38 39 46 1130 1138 1139 1146 1930 1938 1939 1946 1980 2330 2339 2346 4839 
m1362 2 41 141 
m3358 36 46 4836 4846 
m1736 22 23 36 40 46 1123 1136 1140 1146 1172 1822 2022 2023 2036 2040 2046 2322 2323 2336 2340 2346 4323 4836 
m1506 13 22 36 45 46 1113 1136 2263 2286 2295 2296 2313 2322 2336 3186 
m2376 5 36 46 1805 1846 2305 2336 2346 4346 4836 4846 
m878 21 32 33 46 1082 1083 1096 1633 2321 2332 2333 2346 4833 
m3163 38 46 1938 1946 2346 
m1876 23 36 1186 1836 3686 
m1384 22 37 40 46 1872 2037 2040 2046 2322 2337 2346 4837 
m1828 10 510 
m1941 13 38 688 1913 1938 
m335 22 36 40 44 46 1136 1144 1146 1822 1836 1846 2022 2036 2044 2046 2236 2246 2322 2336 2344 2346 4346 4736 4836 4846 
m3237 22 23 36 41 1122 1123 1136 1141 1172 1173 1186 1191 1822 1823 2072 2073 3673 4586 
m1616 14 36 40 46 740 1814 1836 1840 1846 2014 2036 2040 2046 2314 2340 2346 3246 4314 4346 4836 
m2025 14 46 49 2314 2346 2464 2496 4814 4846 
m1231 22 23 30 41 1123 1130 1141 1522 1523 2073 2080 3673 
m1674 41 
m2497 22 36 41 1122 1136 1141 1841 2091 4586 
m20 22 41 44 46 49 1146 1149 2072 2094 2096 2099 2344 2349 2494 
m447 6 36 42 46 49 2306 2336 2342 2456 2486 2492 2496 2836 4606 4636 
m648 36 46 49 2486 2496 4836 4846 
m299 22 40 1122 1140 
m232 22 23 36 40 1123 1136 1173 1186 1190 1836 1840 2036 3673 3686 
m1722 41 46 2091 2096 2341 
m2279 13 22 36 38 40 1113 1122 1136 1138 1140 1813 1840 1913 1936 1940 2013 
m513 32 37 46 1632 1637 1646 2332 2337 2346 4837 
m759 22 23 30 36 40 41 1123 1130 1136 1141 1173 1186 1191 1523 1536 1541 1836 2022 2023 2030 2036 2041 2073 2080 2086 2091 3673 3686 4323 4586 
m1617 22 23 30 36 40 46 1122 1123 1130 1136 1140 1146 1172 1522 1523 1530 1536 1540 1822 1823 1830 1836 1840 1846 2022 2023 2030 2036 2040 2046 2322 2323 2330 2336 2340 3673 3686 4323 4823 
m169 17 23 26 30 46 880 896 1180 1317 1323 1330 1346 1517 1523 1530 1546 2330 3373 4823 
m2709 36 40 46 49 1836 1840 1846 1849 2036 2040 2046 2049 2336 2340 2346 2349 4346 4836 4846 
m2218 22 36 40 41 1122 1136 1140 1141 1822 1836 1840 1841 2022 2036 2040 2041 2072 2086 2090 
m1928 22 40 46 1140 1146 2022 2040 2046 2340 2346 
m916 22 46 1122 1146 
m1147 6 36 42 49 2456 2486 2492 2836 4606 4636 
m3631 38 45 46 1938 1945 1946 2345 
m3000 14 714 
m651 14 32 36 41 46 1614 2064 2082 2086 2314 2332 2336 2341 4136 4314 
m511 22 23 30 41 1122 1123 1130 1172 1173 1180 1522 1523 1530 2072 2073 2080 3673 
m434 5 36 38 46 49 286 296 299 1849 1905 1936 1946 1949 2305 2336 2338 2346 2349 2486 2499 4836 4846 
m1943 14 22 36 45 46 714 746 1114 1122 1136 1145 1146 1846 2264 2286 2296 3236 3246 4314 
m997 5 36 46 49 286 296 299 1836 1849 2336 2346 2349 2486 2496 2499 4836 
m3527 37 1887 
m313 13 20 22 33 36 40 672 686 690 1013 1022 1033 1036 1040 1122 1136 1140 1672 1686 1690 1822 2022 2036 3183 
m1859 23 36 40 46 49 1190 1836 1840 1846 2023 2036 2040 2046 2049 2323 2336 2340 2346 2349 2473 2486 2490 2496 3696 4323 4346 4823 4836 
m857 38 46 1938 1946 2346 
m3089 32 36 38 46 49 1632 1636 1649 1849 1932 1936 1938 1946 1949 2332 2336 2338 2346 2349 
m710 23 30 45 46 1195 1523 1545 1546 2323 2330 2345 2346 3696 4823 4846 
m2966 23 30 38 1180 1188 1523 1538 1938 3673 
m3403 14 22 23 30 46 49 722 746 1122 1123 1130 1146 1149 1172 1522 1523 1530 2322 2323 2330 2349 2473 2480 3673 4823 4846 
m3492 23 30 36 41 49 1173 1180 1186 1199 1523 1530 1823 1830 1849 2073 2080 2086 2099 2473 2480 3673 
m3508 36 41 1836 1841 2086 2091 4586 
m1513 5 23 24 38 40 46 273 274 290 296 1190 1240 1246 1905 1923 1924 1938 1946 2023 2024 2040 2046 2340 3696 3723 
m782 5 7 13 22 257 263 272 363 372 1107 1113 1122 
m831 13 36 39 40 46 49 1813 1840 1846 1849 1963 1986 1990 1996 2013 2036 2040 2046 2049 2463 2496 4813 
m2347 46 2346 
m3535 23 36 41 1186 2073 3673 4323 4586 
m2344 26 46 1346 2346 
m909 5 13 22 38 263 272 288 663 1105 1113 1122 1138 1905 1913 1922 1938 
m2111 2 26 46 126 2302 2326 
m1873 37 46 1896 2337 2346 4846 
m2165 22 23 30 41 46 1122 1123 1130 1141 1146 1172 1173 1191 1522 1523 1530 1541 1546 2322 2323 2330 2341 2346 3696 4823 
m190 37 46 4396 
m37 22 23 30 41 46 1122 1123 1130 1141 1146 1522 1541 1546 2072 2073 2322 2323 2341 2346 
m3313 23 24 40 46 1190 1240 1246 2023 2024 2040 2046 2340 3696 3723 
m2121 32 38 46 1632 1646 1932 1938 1946 2332 2346 
m2448 23 36 40 41 1173 1823 1836 1840 1841 2023 2036 2040 2041 2073 2086 2090 2091 3686 4323 
m2427 23 36 40 46 49 1190 1823 1840 1846 1849 2323 2340 2349 2473 
m912 30 46 49 2330 2480 2496 
m1112 32 44 46 1632 1644 1646 2344 
m673 22 36 40 41 1136 1140 1822 1836 1840 1841 2036 2072 2086 2090 2091 4586 
m765 22 23 36 40 41 1123 1136 1140 1172 1822 1823 1836 2023 2036 2072 2073 2086 2090 2091 3673 4323 4586 
m2819 14 22 41 46 722 2064 2072 2096 2314 2322 2341 2346 4814 
m3222 36 48 49 1848 1849 2486 2498 2499 4336 
m2547 22 23 36 37 40 41 1123 1137 1173 1186 1187 1190 1823 1873 1886 1890 2023 2036 2072 2073 2086 2087 3673 4323 
m1378 22 37 40 46 1137 1140 1146 1890 2022 2037 2040 2046 2322 2337 2340 2346 4396 
m2978 22 23 30 46 1122 1123 1130 1146 1180 1523 1530 1546 2330 4823 
m2035 23 41 1191 2073 3673 
m3023 22 23 36 40 46 49 1123 1136 1140 1146 1149 1190 1822 1840 2023 2036 2040 2046 2049 2322 2336 2340 2346 2472 2473 2486 2496 3696 4323 4346 4823 
m1994 5 38 45 46 255 1905 1938 1945 1946 2255 2305 2345 2346 
m946 13 33 4163 
m2651 14 40 46 714 740 746 2014 2046 2314 2340 2346 4814 
m1649 22 23 30 36 39 40 41 1123 1136 1140 1172 1173 1186 1190 1191 1523 1536 1539 1541 1823 1972 1973 1986 1991 2023 2036 2072 2073 2086 2090 3673 4323 4336 4586 
m1430 6 306 
m478 22 23 30 32 36 46 49 1122 1123 1130 1146 1149 1172 1173 1180 1522 1523 1530 1549 1622 1623 1630 1632 1636 1646 1649 1822 1823 1830 1846 1849 2322 2323 2330 2349 2472 2473 2480 2486 2496 2499 3673 4823 
m1247 12 41 46 2062 2091 2096 2312 2346 4812 
m3057 5 13 33 655 1655 4163 
m1700 6 14 32 36 314 332 732 1806 1814 1832 
m659 22 26 38 46 1146 1322 1346 1922 1926 1946 2346 
m2716 5 37 46 287 1855 2305 2337 
m2534 44 46 2344 2346 
m1641 14 36 40 46 740 1814 1836 1840 1846 2014 2036 2040 2046 2314 2340 2346 3246 4314 4346 4836 
m2291 22 23 45 1123 1145 1173 2273 3673 
m2946 13 45 46 2263 2295 2296 2313 2346 3196 
m1868 22 33 41 1122 1141 1672 1683 1691 
m1287 22 23 30 36 40 41 1122 1123 1130 1136 1140 1173 1522 1523 1536 1822 1823 1830 1836 2022 2023 2030 2036 2072 2073 2080 2086 2090 2091 3673 4323 4586 
m1401 3 14 703 714 
m1509 4 204 
m111 5 14 38 46 705 738 746 1905 1914 1938 1946 2305 
m18 14 23 30 36 40 46 730 1180 1814 1823 1830 1846 2014 2023 2030 2036 2040 2046 2314 2323 2330 2346 3223 4346 4814 4823 
m1372 41 46 2091 2096 2341 
m2783 46 2346 4846 
m582 45 
m2419 14 22 32 46 722 732 746 1132 1146 2332 4846 
m1744 23 30 40 1180 1523 1530 2023 2030 
m499 23 46 2323 2346 4823 
m3282 26 38 46 1346 1926 1946 2346 
m3288 
m2605 14 22 23 30 46 730 746 1114 1122 1123 1130 1146 1180 1514 1523 1530 1546 2330 3223 4823 
m855 22 23 36 40 46 1122 1123 1136 1140 1146 1172 1186 1190 1196 1822 1836 2022 2036 2040 2046 2322 3686 4346 
m1121 22 23 30 1122 1123 1130 1173 1522 1523 3673 
m906 12 22 23 36 45 46 49 622 645 1122 1145 1172 1195 1812 1822 1845 1846 2272 2295 2322 2345 2462 2473 2486 2496 3662 3696 4323 4812 
m818 22 36 40 46 1136 1140 1146 1840 2336 2340 4336 4836 
m1521 22 23 30 46 1122 1123 1146 1180 2330 2346 4823 
m1891 22 36 40 46 49 1122 1136 1146 1149 1822 1836 1840 1846 1849 2022 2036 2040 2046 2049 2349 2472 2486 2490 2496 
m1545 23 30 36 49 1180 1823 1830 1836 1849 2473 2480 2486 2499 
m2048 38 45 46 49 1938 1946 1949 2288 2296 2299 2349 
m3164 22 30 36 40 41 1122 1130 1136 1140 1141 1522 1536 1840 2036 2040 2072 2080 2086 
m1420 26 32 36 46 1326 1332 1336 1346 1832 2332 2336 2346 4836 
m2169 22 32 37 38 46 49 1132 1137 1146 1637 1646 1922 1938 1946 1949 2332 2337 2346 2472 2487 2496 4837 
m1830 14 22 25 46 725 1114 1125 1146 2325 3246 
m175 15 23 30 40 46 773 1515 1523 1530 1546 2015 2023 2030 2046 2315 4823 
m184 22 36 40 41 1136 1140 1141 1836 1840 1841 2036 2041 2091 4586 
m1783 12 14 46 712 2312 2314 2346 3146 3246 4812 
m2172 32 1632 
m3417 16 36 3336 
m3351 6 14 23 32 36 314 332 732 1156 1164 1182 1806 1814 1832 3686 
m633 23 45 2273 
m800 5 38 46 1905 1946 2305 
m3555 22 23 36 40 41 1122 1123 1136 1140 1141 1172 1173 1822 1823 1836 1840 1841 2022 2023 2036 2040 2041 2072 2073 3673 4586 
m2987 30 40 46 49 2030 2046 2049 2330 2349 2480 2496 4846 
m689 14 22 46 1114 1122 1146 2314 2346 4814 
m2153 36 4336 
m3655 14 22 32 36 40 45 46 714 722 732 736 740 746 1114 1145 1146 1614 1622 1632 1640 1646 1814 1822 1840 2014 2022 2040 2045 2046 2264 2286 2314 2322 2332 2336 2345 2346 3246 4332 4346 
m475 22 36 37 40 41 1137 1140 1822 1836 1840 1841 2022 2036 2037 2040 2041 2072 2086 2090 2091 4586 
m3201 22 23 30 36 40 46 1122 1123 1130 1136 1140 1146 1172 1173 1180 1186 1190 1522 1523 1530 1536 1540 1546 1823 1840 2022 2023 2030 2036 2040 2046 2322 2323 2330 2336 2340 2346 3696 4823 
m1854 22 23 26 1123 1126 1173 1176 1323 3673 
m830 12 30 45 46 49 645 1512 1530 1545 1546 2295 2345 2346 2480 2496 2499 4812 
m2610 14 22 38 46 738 1114 1146 2338 3246 
m3442 23 30 36 41 1173 1180 1186 1191 1523 1530 1536 1541 1823 1830 1836 1841 2073 2080 2086 2091 3673 4323 4586 
m591 41 46 2341 
m2335 22 23 36 37 40 1122 1123 1136 1137 1140 1172 1173 1822 1823 1836 1837 1840 1872 1873 1886 1890 2022 2023 2036 2037 2040 3673 
m3541 22 38 46 1122 1138 1146 1922 1938 1946 2322 2338 2346 
m675 22 32 46 49 1122 1132 1146 1622 1646 1649 2322 2332 2346 2349 2472 2482 2496 4846 
m3471 6 14 32 36 314 332 732 1806 1814 1832 
m2320 22 36 46 49 1822 2322 2336 2346 2349 2486 2496 
m89 11 23 30 41 1161 1173 1180 1511 1523 1530 2061 2073 2080 3673 
m3103 23 30 38 46 1188 1523 1530 1538 1546 1923 1930 1938 1946 2330 2338 2346 3696 4823 
m3500 13 22 32 36 40 672 686 690 1113 1136 1140 1613 1622 1636 1640 1822 2022 2036 2040 3186 4336 
m282 14 26 32 726 1614 1626 
m1479 21 22 30 36 40 41 46 1072 1096 1121 1122 1130 1136 1140 1141 1146 1521 1522 1536 1546 1821 1822 1846 2021 2022 2030 2036 2040 2046 2072 2090 2096 2321 2322 2340 4346 4846 
m1707 26 36 37 40 46 1346 1837 2036 2037 2040 2336 2337 
m2649 11 13 23 30 33 563 573 580 583 673 680 1173 1180 1513 1523 1533 1673 1680 3183 3673 
m2527 23 26 30 46 1180 1323 1326 1330 1346 1523 1530 2330 2346 4823 
m1474 13 16 22 36 40 672 686 690 822 836 840 1113 1116 1122 1136 1140 1822 2022 2036 3166 
m105 37 40 46 1890 2037 2040 2046 2337 2340 2346 4396 
m3147 22 37 45 46 49 1122 1137 1145 1146 1895 2322 2345 2346 2472 2487 2495 2496 4396 4837 
m3118 22 23 30 1172 1522 1523 
m2577 14 40 46 2014 2040 2046 2314 2346 4814 4846 
m295 22 23 24 40 46 1123 1124 1140 1146 1190 1240 1246 2022 2023 2024 2046 2340 3696 3723 
m1072 32 36 46 49 1832 1849 2332 2336 2346 2349 2482 4332 4336 4836 
m3372 22 36 40 41 1136 1140 1141 1836 1840 2036 2086 2090 4586 
m2069 36 41 1841 
m2623 5 32 36 46 49 282 286 296 1632 1636 1649 1849 2305 2332 2336 2346 2349 
m429 23 30 38 1180 1188 1523 1530 1538 1938 
m1195 38 44 45 46 49 1938 1946 2238 2246 2249 2288 2294 2296 2299 2338 2344 2346 2349 
m92 30 38 46 1930 1938 1946 2330 2346 
m1965 22 30 36 38 46 49 1522 1536 1538 1546 1549 1822 1922 1930 1936 1938 1946 1949 2322 2330 2336 2338 2346 2349 2472 2486 2496 
m1610 32 37 38 44 46 1637 1644 1646 1894 1932 1937 1944 1946 2337 2344 
m674 22 36 38 40 1138 1822 1838 1922 1936 1938 1940 2022 2036 2038 
m62 14 32 46 732 2332 4814 
m1329 22 23 30 46 1123 1130 1146 1172 1173 1180 1196 1523 1530 1546 2330 4823 
m3551 22 23 36 37 40 1122 1123 1136 1137 1140 1172 1173 1822 1823 1836 1837 1840 1872 1873 2022 2023 2036 2037 2040 3673 
m3678 33 44 49 1694 1699 2494 
m1240 14 40 46 2014 2040 2046 2314 2346 4814 
m3255 13 22 33 36 40 672 1113 1122 1133 1136 1140 1672 1813 1822 1833 1840 2013 2022 2033 4163 
m3213 22 36 41 1122 1136 1141 1841 2072 2086 2091 4586 
m3629 22 40 46 1122 1140 1146 2340 2346 
m1531 23 30 36 40 41 1173 1180 1186 1190 1523 1530 1536 1540 1823 1830 1836 1840 2023 2030 2036 2040 2073 2080 2086 2090 3673 4323 
m1866 37 46 2337 2346 
m1080 22 37 40 46 1122 1137 1140 1146 1890 2022 2037 2040 2046 2337 2340 2346 4837 
m2089 
m1808 32 38 46 49 1649 1932 1949 2332 2338 2346 2349 4846 
m365 22 36 40 41 1822 1836 1840 1841 2022 2036 2040 2072 2086 2090 2091 4336 4586 
m1278 22 23 36 40 46 49 1172 1822 1823 1836 1849 2022 2023 2036 2040 2046 2049 2322 2323 2336 2349 2473 2486 3686 4336 4346 4836 
m264 8 32 37 38 46 49 408 432 438 446 449 1637 1646 1932 1946 2332 2337 2346 2482 2487 2488 2496 
m2793 13 22 32 36 40 672 686 690 1113 1122 1136 1140 1613 1622 1636 1640 1822 2022 2036 
m1452 22 23 45 1123 1173 1195 3673 
m723 14 22 38 46 49 722 749 1938 1946 2314 2322 2346 2349 2472 
m315 46 2346 4846 
m3627 22 36 37 40 49 1136 1137 1822 1836 1837 1840 1849 1886 2022 2036 2037 2040 2472 2486 2487 2490 2499 
m1125 13 38 46 1913 1946 2313 2346 4813 
m1548 22 36 40 41 1136 1140 1141 1836 1840 1841 2036 2041 2072 2086 2090 2091 4586 
m2265 23 
m3168 12 14 46 712 2314 2346 3146 3246 4812 
m202 23 26 30 46 1176 1323 1326 1330 1346 1523 1526 1546 2326 2330 2346 3696 4823 4846 
m3315 12 26 46 626 1312 1326 1346 2326 4812 
m3294 36 41 46 2336 2341 2346 4586 4846 
m1432 26 46 1326 1346 2346 
m3202 14 46 49 2314 2346 2464 2496 4814 
m411 23 30 33 46 1180 1523 1530 1533 1546 1680 2330 2333 4173 4823 
m2723 23 41 1173 1191 2073 3673 
m3256 22 23 30 41 1123 1130 1172 1173 1180 1191 1522 1523 1530 1541 2072 2073 2080 
m3022 23 24 40 46 1190 1240 1246 2023 2024 2040 2046 2340 3696 3723 
m953 36 46 49 1849 2336 2349 2486 2499 
m2235 36 37 41 46 49 1837 1841 2087 2341 2486 2487 2491 2496 4336 4346 4837 
m3480 38 46 1946 2346 
m206 17 40 46 2017 2046 2346 4817 
m1026 22 23 30 41 1122 1123 1130 1172 1173 1180 1522 1523 1530 2072 2073 2080 3673 
m2148 
m3028 41 2091 
m3355 38 46 1946 
m2119 38 41 46 49 1938 1946 1949 2088 2096 2099 2341 2346 2349 
m1625 30 36 46 1536 1546 2330 2336 2346 4836 
m444 5 23 24 40 46 273 274 290 296 1190 1240 1246 2023 2024 2040 2046 2340 3696 3723 
m1140 22 23 36 40 41 1122 1123 1136 1140 1141 1172 1173 1822 1823 1836 1840 1841 2022 2023 2036 2040 2041 2072 2073 3673 4586 
m2973 22 23 30 36 40 41 46 1122 1123 1130 1136 1140 1141 1146 1172 1173 1180 1186 1190 1191 1523 1536 1540 1541 1841 2023 2036 2041 2072 2073 2080 2086 2090 2091 2096 2322 2323 2330 2341 2346 3673 4323 
m2599 27 38 46 1927 1938 1946 2327 
m2402 23 30 41 46 1191 1523 1530 1541 1546 2073 2080 2091 2096 2330 2341 2346 3696 4823 
m549 14 22 46 722 2322 3246 
m2892 32 46 1646 
m3291 12 22 23 30 46 612 622 623 630 646 1112 1122 1123 1130 1180 1512 1522 1523 1530 2312 2322 2323 2330 2346 4812 
m1413 14 38 1914 
m2208 46 2346 4846 
m2607 23 30 38 1188 1523 1538 1923 1930 1938 
m1821 22 23 24 38 40 46 1123 1146 1190 1222 1240 1246 1923 1924 1938 1940 1946 2022 2023 2024 2040 2046 2340 3696 3723 
m3149 22 23 36 40 41 1122 1123 1136 1140 1173 1822 1823 1836 2022 2023 2036 2072 2073 2086 2090 3673 4323 4586 
m637 14 36 40 46 1814 1836 1846 2014 2036 2040 2046 2336 2346 4314 4346 4814 
m2381 22 23 30 36 40 46 1122 1123 1130 1136 1140 1146 1180 1522 1523 1530 1536 1540 1546 1822 1823 1830 1836 1840 1846 2022 2023 2030 2036 2040 2046 2322 2323 2330 2340 4823 4846 
m3531 13 38 46 1913 1938 1946 2313 
m514 22 1122 
m742 8 13 32 33 46 49 408 413 432 433 446 449 682 1682 2313 2332 2333 2463 2482 2483 2496 4163 
m2387 22 26 44 46 1122 1126 1144 1146 1346 2222 2226 2246 2322 2326 2344 2346 4846 
m1653 22 23 30 41 46 1122 1123 1130 1146 1180 1523 1530 1546 2072 2073 2080 2091 2096 2330 4823 
m1349 14 23 30 46 730 1180 2314 2323 2330 2346 3223 4814 4823 
m3014 2 22 36 40 41 122 136 140 1136 1140 1141 1822 1836 1840 1841 2036 2041 2636 
m1787 26 38 41 1326 1338 1341 1926 1941 2076 2088 4591 
m2869 28 36 38 46 1828 1836 1928 1936 1938 1946 2328 2336 
m2336 36 46 2336 2346 4346 4836 
m3516 37 40 46 1890 2037 2040 2046 2337 2340 2346 4396 
m261 12 13 22 36 40 622 636 640 672 686 690 1112 1113 1122 1136 1140 1822 2022 2036 3162 
m729 45 46 2295 2345 2346 
m509 31 36 38 46 1588 1838 2331 2338 4331 4836 
m3668 14 22 23 30 40 41 46 714 746 1114 1141 1146 1164 1172 1190 1191 1196 1514 1522 1523 1530 1540 1541 1546 2014 2022 2023 2030 2040 2041 2046 2064 2096 2314 3664 
m3006 14 46 49 2314 2346 2464 2496 4814 
m2714 6 14 23 32 36 706 723 732 736 1156 1182 1606 1636 1806 3686 
m3396 15 22 27 38 46 777 1115 1127 1146 1915 1922 1938 1946 2315 2327 2346 
m512 22 23 30 41 1123 1130 1141 1172 1173 1180 1191 1522 1523 1541 2072 2073 2080 2091 3673 
m1765 23 30 46 1180 1523 1530 1546 2330 2346 4823 
m2351 14 46 49 2314 2346 2464 2496 4814 
m952 22 40 46 1146 2046 2322 2340 2346 
m2261 12 38 41 46 1912 1941 1946 2062 2091 2096 2312 
m650 22 44 45 46 1146 2272 2294 2296 2344 2346 4846 
m3651 46 2346 
m1280 23 36 40 41 46 1191 1823 1836 1841 1846 2023 2036 2040 2041 2046 2323 2336 2341 2346 3686 4341 4346 4823 
m2196 37 39 46 1889 4396 4839 
m3615 22 23 36 40 41 1172 1186 1190 1191 1822 1836 1840 1841 2022 2023 2036 2040 2041 2072 2073 2086 2090 2091 3686 4323 4336 4586 
m1016 22 38 46 1138 1146 1922 1938 1946 2322 2338 
m2955 23 30 36 41 1523 1823 1830 2073 2080 3673 4323 4586 
m1285 5 36 38 46 49 286 296 299 1905 1936 1946 2346 2349 2486 4836 
m3011 13 38 41 691 1913 1938 1941 
m1090 30 38 1930 1938 
m2665 26 32 36 46 1332 1336 1346 1832 2332 2336 2346 4836 
m1968 13 22 40 46 1113 1140 2013 2313 2322 2340 2346 
m3494 46 2346 
m3145 26 46 1346 2346 
m462 5 13 27 38 46 263 296 1355 1363 1396 1905 1913 1927 1946 2313 2346 4813 
m2767 33 36 38 46 49 1683 1686 1688 1696 1699 1833 1846 1933 1936 1946 1949 2333 2336 2338 2346 2349 2483 2486 2496 4833 
m448 22 23 30 36 40 41 46 49 1122 1123 1130 1136 1140 1141 1146 1172 1173 1186 1190 1191 1199 1522 1523 1530 1536 1540 1541 1546 1549 1822 1823 1830 1836 1840 1841 1846 1849 2022 2023 2030 2036 2040 2041 2046 2049 2072 2073 2086 2090 2096 2099 2330 2336 2340 2341 2349 2472 2473 2486 2490 2496 3696 4823 
m1334 13 22 38 49 699 1113 1122 1138 1149 1913 1938 1949 
m1754 23 30 36 40 1180 1186 1523 1530 1536 1540 1830 2023 2030 2036 
m2808 13 38 1913 1938 
m939 32 46 1632 1646 2332 2346 4846 
m1014 36 38 1936 1938 
m3270 13 38 1913 1938 
m977 22 23 30 36 39 41 1123 1130 1139 1141 1522 1523 1822 1823 1830 1839 1841 1972 1973 1980 1991 2072 2073 2080 2086 2089 2091 3673 4586 
m35 22 32 36 40 46 49 1136 1140 1146 1149 1640 1646 1832 1836 1840 1846 2032 2036 2040 2046 2049 2332 2336 2340 2346 2349 2486 2490 2496 4136 4346 
m559 22 23 38 46 49 1122 1123 1146 1149 1199 1922 1923 1938 1946 2323 2346 2349 
m1826 36 41 1836 1841 2086 2091 4586 
m2342 5 36 46 49 286 296 299 1836 1849 2305 2336 2346 2349 2455 2486 2496 4836 4846 
m1605 26 31 36 37 46 1576 1587 1596 1826 1831 1837 1846 1876 1896 2326 
m1925 13 20 22 33 36 38 40 688 1013 1022 1033 1036 1038 1040 1113 1133 1136 1138 1140 1688 1813 1822 1833 1838 1840 2013 2033 2036 2038 3183 3536 4336 
m3591 22 23 30 37 40 46 1122 1123 1130 1137 1146 1172 1187 1522 1523 1530 1537 1546 1872 2022 2023 2030 2037 2040 2046 2322 2323 2330 2346 3696 4396 4837 
m1258 13 22 33 36 37 40 41 683 686 690 1113 1122 1133 1136 1140 1141 1690 1813 1822 1833 1836 1840 1872 1886 1887 2013 2022 2033 2036 2040 2063 2072 2086 
m2139 22 36 40 46 49 1822 1836 1840 1846 1849 2022 2036 2040 2046 2049 2322 2336 2340 2346 2349 2486 2490 2496 4346 
m701 23 46 2346 4823 
m835 22 27 46 1146 1372 1377 1396 
m1066 23 36 45 46 1186 1196 1836 1846 2273 2286 2296 3686 4836 
m5 32 36 38 41 46 1638 1646 1838 1846 2082 2096 2332 2336 2338 2341 2346 4332 4586 
m1223 22 23 38 41 46 1123 1172 1173 1923 1938 1941 1946 2072 2073 2096 2322 2323 3673 4823 
m1934 12 14 46 712 2314 2346 3146 3246 4812 
m1025 3 30 37 46 153 180 187 196 1503 1530 1537 1546 1853 1880 2303 2330 2337 2346 4803 
m1419 22 23 30 1122 1123 1130 1522 1523 
m2463 22 23 30 40 46 1122 1123 1130 1140 1146 1172 1173 1180 1190 1196 1522 1523 1530 1540 1546 2023 2046 2323 3673 3696 4823 4846 
m2254 38 46 1938 1946 2346 
m266 22 23 30 36 40 41 46 49 1122 1123 1130 1136 1140 1141 1146 1172 1173 1180 1186 1190 1196 1523 1530 1536 1540 1546 1822 1823 1830 1836 1840 1841 1846 1849 2022 2023 2030 2036 2040 2041 2046 2049 2072 2073 2080 2086 2090 2096 2330 2346 2472 2473 2486 2490 2491 3696 4336 4346 4823 
m2523 46 2346 
m3490 5 32 46 1605 2305 2332 2346 4846 
m1492 22 30 40 46 1122 1130 1140 1146 2030 2046 2322 2330 2340 2346 
m398 22 30 36 40 41 1122 1130 1136 1140 1141 1522 1541 1840 2036 2040 2086 2090 
m3190 22 23 30 1122 1123 1130 1173 1180 1523 3673 
m2807 23 30 36 40 41 1523 1536 1540 1830 1836 1840 2023 2036 2073 2080 2086 2090 3686 4323 4586 
m2700 27 38 46 1927 1946 2327 
m1179 36 37 38 40 46 49 1837 1849 1936 1937 1940 1946 2036 2037 2046 2049 2336 2337 2349 2487 
m3672 13 22 36 37 40 672 686 690 1113 1122 1136 1137 1140 1822 1872 1886 1890 2022 2036 3187 
m3537 22 37 46 1122 1137 1146 4837 
m3266 17 40 46 896 2017 2046 2346 3396 
m1010 14 26 38 726 1914 1926 1938 
m3470 45 46 2345 
m1469 22 23 46 49 1123 1146 1149 1173 2323 2473 2496 3673 4823 
m1870 38 49 1938 1949 2488 2499 
m2350 32 40 46 1632 1640 1646 2032 2040 2046 2332 2340 2346 
m592 26 38 45 46 1338 1345 1346 1938 1945 2288 2338 2345 
m3374 14 46 2314 2346 4814 
m1919 22 23 30 36 40 41 46 1122 1123 1130 1136 1140 1141 1146 1191 1523 1536 1541 1546 1841 1846 2023 2030 2036 2040 2041 2046 2072 2341 3696 4323 
m2441 
m2125 45 46 2345 
m215 28 46 1428 2328 2346 
m806 30 45 46 2280 2296 2330 2345 2346 4846 
m573 22 23 46 1123 1146 1196 
m2625 22 46 1122 1146 2322 2346 
m1977 22 23 30 36 40 45 1123 1130 1136 1145 1523 1830 2022 2023 2030 2036 2045 2273 2280 2286 4323 
m1360 22 23 36 40 41 1172 1822 1841 2022 2023 2036 2041 2072 2073 4323 4336 4586 
m1741 22 23 30 36 40 46 1122 1123 1130 1136 1140 1146 1172 1173 1522 1523 1530 1540 1546 1822 1823 1830 1840 1846 2022 2023 2030 2036 2040 2046 2322 2323 2330 2340 2346 3696 4823 
m1586 22 37 45 46 1122 1137 1145 1146 1872 2272 2287 2296 2322 4837 
m2655 22 44 46 1146 2322 2344 2346 4846 
m899 22 23 36 41 1122 1123 1136 1141 1191 3686 4586 
m285 22 38 1122 1922 
m3378 22 40 46 49 2040 2046 2322 2346 2490 2496 
m880 15 16 37 46 1865 2315 2316 2337 2346 3315 4366 
m2331 5 23 24 40 46 273 274 290 296 1190 1240 1246 2023 2024 2040 2046 2340 3696 3723 
m1333 12 26 46 612 1312 1346 2312 2346 4812 
m3577 22 23 36 40 41 1122 1123 1136 1140 1141 1172 1173 1822 1823 1836 1840 2022 2023 2036 2040 2041 2073 2086 2090 3673 4586 
m1187 12 13 22 32 36 40 49 632 682 699 1112 1113 1122 1132 1136 1140 1812 1813 1832 1836 1840 1849 2012 2013 2032 2036 2049 2462 2482 2486 3136 3162 3186 
m1320 36 
m338 5 13 26 33 263 283 1305 1313 1333 1655 1663 1683 3183 
m1365 30 36 41 46 1830 1836 1841 1846 2080 2330 2336 2341 2346 4586 4836 
m672 23 27 1173 1177 1373 1377 
m3663 22 23 30 36 41 1123 1130 1136 1141 1186 1191 1523 1536 1841 2073 2080 2091 3673 4323 4586 
m3483 22 40 46 1146 2022 2046 2346 4846 
m3659 22 44 46 1122 1146 2344 2346 4846 
m1071 37 40 46 1890 2037 2040 2046 2337 2340 2346 4396 
m104 26 41 46 1341 1346 2341 
m36 22 23 30 36 40 46 49 1122 1123 1130 1136 1140 1146 1149 1172 1173 1180 1186 1190 1199 1522 1523 1530 1536 1540 1546 1549 1823 1840 2022 2023 2030 2036 2040 2046 2322 2330 2336 2340 2346 2349 2472 2473 2480 2486 2490 2496 3696 4823 
m1488 26 32 36 38 46 1332 1336 1346 1832 1926 1932 1936 1938 1946 2332 2336 2346 4836 
m211 17 22 46 1117 1122 1146 2346 4817 
m3124 36 40 46 2036 2046 2336 2340 2346 4836 4846 
m1800 32 46 2332 
m3618 14 44 46 49 744 746 2344 2464 2494 2496 
m1505 22 36 40 41 45 46 1136 1140 1141 1146 2036 2046 2090 2096 2272 2286 2291 2296 4346 4586 
m1603 23 30 36 40 41 49 1186 1190 1199 1523 1530 1536 1540 1549 1836 1840 1849 2073 2080 2086 2090 2099 2486 2490 2499 3686 4336 
m3009 22 23 30 36 40 1123 1130 1136 1140 1172 1173 1186 1190 1523 1536 1540 1823 2022 2023 2036 3673 4323 
m3182 5 45 295 
m1194 30 38 40 45 46 1930 1938 1945 1946 2030 2038 2045 2046 2280 2288 2296 2330 2338 
m3030 22 23 30 36 40 46 1122 1123 1130 1136 1140 1146 1172 1180 1186 1190 1196 1522 1523 1530 1536 1540 1546 1830 2022 2023 2030 2036 2046 2330 4836 
m2837 22 23 30 36 40 46 1122 1123 1130 1136 1140 1146 1172 1173 1180 1186 1190 1522 1523 1530 1536 1540 1546 1823 1840 2023 2036 2040 2322 2323 2330 2336 2340 2346 3696 4823 
m3600 46 
m72 46 2346 
m1525 22 23 30 46 1122 1123 1130 1146 1180 1523 1530 1546 2330 2346 4823 
m2462 23 30 38 46 1180 1923 1930 1946 2330 4823 
m1109 14 22 45 46 722 746 1146 2264 2296 2346 3246 
m2268 22 23 30 36 40 46 49 1122 1123 1130 1136 1140 1146 1149 1172 1173 1186 1190 1199 1522 1523 1530 1536 1540 1546 1549 1822 1823 1830 1836 1840 1846 1849 2022 2023 2030 2036 2040 2046 2049 2322 2330 2336 2340 2346 2472 2473 2480 2486 2490 2496 3696 4823 
m3469 14 38 40 46 49 1938 1940 1946 2014 2046 2049 2346 2464 2496 4814 
m614 36 40 41 46 1836 1840 1841 1846 2036 2040 2041 2046 2336 2340 2341 2346 4346 4586 
m3223 28 36 1828 1836 
m2520 22 37 46 1122 1137 1146 2322 2337 2346 4837 
m2052 46 2346 
m1750 22 23 30 36 40 46 1122 1123 1130 1136 1140 1146 1172 1173 1180 1186 1190 1522 1523 1530 1536 1540 1546 1823 1840 2022 2023 2030 2036 2040 2046 2322 2330 2336 2340 2346 3696 4823 
m3 22 23 30 46 1122 1123 1130 1146 1180 1522 1523 1530 1546 2323 2330 
m3354 20 48 2420 
m2322 22 23 30 40 46 1122 1123 1130 1140 1146 1180 1196 1523 1530 1546 2022 2023 2030 2046 2330 3673 4823 
m540 
m2502 13 22 36 40 1113 1122 1136 1140 1813 1840 2013 
m752 22 36 37 40 46 1122 1136 1137 1146 1822 1837 1872 2036 2037 2046 2322 2336 2337 2340 2346 4346 4396 
m924 21 23 36 40 46 1171 1821 1823 1846 2021 2023 2036 2040 2046 2321 2323 2346 4346 4823 
m836 23 26 30 38 40 46 1180 1323 1330 1338 1346 1923 1930 1938 1946 2023 2026 2030 2038 2046 2330 4823 
m3109 22 23 30 46 1123 1130 1146 1180 1523 1530 1546 2330 4823 
m3528 22 23 30 36 40 41 46 1122 1123 1130 1136 1140 1141 1146 1191 1522 1523 1530 1536 1540 1541 1546 1822 1823 1830 1836 1840 1841 1846 2022 2023 2030 2036 2040 2041 2046 2072 2080 2086 2090 2091 2341 3696 4323 
m1733 22 38 46 49 1946 2322 2346 2349 2472 4846 
m490 10 46 2310 
m528 26 32 36 41 46 1332 1336 1341 1346 1641 1646 2332 2336 2341 2346 4136 4586 
m1 22 23 41 46 1123 1141 1146 1173 2073 2323 2341 2346 3673 4823 
m1243 14 40 46 2014 2046 2314 2346 4814 
m2809 13 46 2313 2346 4813 
m2562 22 23 36 40 46 1122 1123 1136 1140 1146 1172 1186 1190 1196 1822 1836 2022 2036 2040 2046 2322 3686 4346 
m2406 22 46 1122 1146 2346 
m3606 22 23 36 38 41 1122 1123 1136 1141 1172 1822 1823 1922 1923 1936 1941 2072 2073 2086 2088 2091 3673 4323 4586 
m2029 30 36 46 49 1530 1536 1546 1549 1849 2330 2336 2346 2349 
m2164 13 22 33 36 40 672 686 690 1113 1122 1133 1136 1140 1672 1686 1690 1822 2022 2036 3183 
m3112 14 22 23 30 730 1114 1122 1123 1130 1180 1514 1523 1530 3223 
m2090 13 38 46 1913 1946 2313 
m686 22 23 30 36 40 41 46 1122 1123 1130 1136 1140 1141 1146 1172 1173 1180 1186 1190 1191 1523 1536 1540 1541 1841 2023 2036 2041 2072 2073 2080 2086 2090 2091 2096 2322 2323 2330 2341 3673 4323 
m515 32 36 46 49 1849 2332 2336 2346 2349 2482 4332 
m2109 22 45 46 1145 2322 2345 2346 
m988 14 22 40 46 746 1114 1146 2014 2046 2346 
m2915 5 13 22 33 36 40 263 272 283 286 290 672 686 690 1113 1122 1133 1136 1140 1672 1686 1690 1822 2022 2036 3183 
m2013 22 23 45 1123 1145 1172 1173 2272 2273 3673 
m574 22 41 1122 1141 2072 
m2637 26 46 1346 
m2896 13 46 2313 2346 
m1317 7 16 36 46 386 807 2307 2316 2336 3336 
m2555 38 46 1938 1946 2338 2346 
m12 14 37 46 49 2314 2337 2346 2464 2487 2496 4364 
m1914 30 36 38 46 1830 1930 1936 1946 2330 2336 2346 4836 
m3285 22 23 30 36 40 46 1122 1123 1130 1136 1140 1146 1172 1173 1180 1522 1523 1530 1822 1823 1830 1846 2022 2023 2030 2036 2046 2322 2323 2330 3673 4823 
m3538 22 23 46 49 1123 1146 1196 2472 2473 2496 
m3261 13 38 1913 1938 
m3623 26 38 46 1926 1938 1946 2326 
m3654 13 38 46 1913 1938 1946 2313 2346 
m2115 22 23 36 40 1122 1123 1136 1140 1173 1823 2023 2036 3673 
m2129 14 23 30 36 40 46 730 1180 1814 1823 1830 1846 2014 2023 2030 2036 2040 2046 2314 2330 2346 3223 4346 4814 4823 
m1844 22 26 44 46 1122 1126 1144 1146 1322 1344 1346 2222 2246 2322 2326 2344 2346 4846 
m3586 
m536 23 36 40 41 1173 1823 1836 1840 2023 2036 2040 2073 2086 2090 3686 4323 
m2870 38 41 46 49 1938 1946 1949 2088 2096 2349 
m1851 23 36 41 49 1191 1823 1836 1841 1849 2473 2486 2491 3686 4323 4336 4341 
m2962 22 38 46 49 1146 1946 1949 2322 2346 2349 2472 2496 4846 
m663 11 13 22 46 563 572 596 1113 1122 1146 2313 2322 2346 4846 
m1632 22 23 30 36 40 41 46 1122 1123 1130 1136 1140 1141 1146 1191 1523 1536 1541 1546 1841 1846 2023 2030 2036 2040 2041 2046 2072 2073 2091 2341 3696 4323 
m3427 
m1485 30 38 40 45 46 1930 1938 1946 2030 2038 2046 2280 2288 2290 2296 2330 
m23 22 23 36 40 45 1122 1123 1136 1140 1145 1173 1822 1823 1836 1840 1845 2022 2023 2036 2040 2045 2273 3673 
m3602 22 23 36 38 40 41 1122 1123 1136 1140 1172 1822 1823 1836 1840 1922 1923 1936 1941 2023 2036 2072 2073 2086 2088 2090 2091 3673 4323 4586 
m3284 12 14 22 45 46 645 712 745 1112 1114 1146 2314 2345 2346 3146 3246 4812 
m2698 27 38 46 1927 1946 2327 
m1564 12 23 30 46 1162 1196 1512 1523 1530 1546 2312 2330 2346 3696 4812 4823 
m1823 12 32 36 40 612 632 636 640 1612 1640 1812 2012 2036 4136 
m1262 36 40 46 2036 2046 2340 2346 4836 4846 
m2040 5 23 38 45 46 1155 1945 1946 2255 2273 2305 2323 2345 2346 4823 
m3072 22 23 41 1122 1123 1141 1172 2073 
m2418 22 30 40 46 1130 1140 1146 2022 2030 2040 2046 2322 2330 2340 2346 
m1985 45 46 2296 2346 
m2198 46 2346 
m2286 23 36 38 40 41 46 1823 1838 1841 1923 1941 1946 2023 2036 2038 2040 2041 2046 2073 2323 2341 4346 
m873 23 36 40 46 49 1190 1823 1836 1840 1846 1849 2023 2036 2040 2046 2336 2340 2346 2349 2473 2486 2490 4323 4346 4823 4836 
m2046 5 36 38 46 49 1805 1838 1846 1849 1905 1938 1946 1949 2305 2488 2496 
m3002 11 13 22 36 38 40 563 572 586 588 590 1113 1136 1138 1140 1813 1840 1913 1936 1940 2013 
m2388 40 46 2040 2046 2346 
m113 6 36 40 42 46 49 2006 2036 2042 2046 2049 2306 2336 2342 2349 2456 2486 2492 4306 4342 4606 
m1763 22 23 36 40 1122 1123 1136 1140 1172 1173 1186 1190 1822 1823 1836 1840 2022 2023 2036 2040 3673 3686 4323 
m414 38 46 1938 1946 2338 2346 
m2765 5 14 45 46 705 745 2255 2305 2314 2345 2346 4814 
m1751 22 23 37 1122 1123 1172 1173 1872 1873 3673 
m584 12 13 22 36 40 622 636 640 672 686 690 1112 1113 1122 1136 1140 1822 2022 2036 3162 
m3488 14 36 46 49 736 746 749 1849 2336 2346 2349 4814 4836 
m2141 22 37 38 46 49 1137 1146 1149 1899 1922 1937 1938 1946 1949 2349 4396 
m420 22 30 38 46 1122 1130 1146 1922 1930 1938 1946 2330 2346 
m2391 13 16 27 32 46 677 827 1613 1616 1627 2313 2316 2327 2332 3166 
m1422 7 38 46 1907 1946 2307 2338 2346 
m1466 13 38 45 46 688 2263 2295 2296 2313 2338 2346 3196 
m839 5 36 46 49 286 296 299 1849 2346 2349 2486 2499 4836 
m152 14 36 46 714 736 1836 2314 2336 2346 3236 4814 4836 
m2036 23 41 1191 2073 3673 
m3514 13 38 1913 1938 
m1108 23 36 40 41 1173 1186 1190 1823 1840 2023 2036 2040 2073 2086 2090 3673 
m999 32 36 38 41 46 1641 1646 1936 1941 1946 2332 2336 2341 2346 4136 4586 
m3309 22 23 30 36 40 41 46 49 1122 1123 1130 1136 1140 1141 1146 1149 1172 1173 1186 1190 1191 1199 1522 1523 1530 1536 1541 1546 1549 1823 1840 2023 2036 2040 2072 2073 2086 2090 2096 2099 2322 2330 2336 2340 2341 2346 2349 2472 2473 2486 2490 2496 3696 4823 
m203 12 32 36 38 46 1612 1646 1812 1912 1932 1936 1946 2312 2332 2336 2346 3146 4136 4346 4812 
m2846 23 30 36 41 1186 1191 1523 1536 1541 3673 3686 4586 
m2692 13 20 22 36 38 40 672 686 690 1013 1020 1022 1036 1038 1040 1122 1136 1140 1822 1913 1922 1936 2022 2036 
m2195 22 23 30 36 40 46 1122 1123 1130 1136 1140 1146 1180 1522 1523 1530 1536 1540 1546 1822 1823 1830 1836 1840 1846 2022 2023 2030 2036 2040 2046 2322 2323 2330 2340 4823 4846 
m975 23 45 1173 2273 3673 
m2741 6 36 40 1806 2006 2036 
m1206 14 32 46 714 732 2314 2332 2346 4814 
m2950 
m394 22 37 40 46 1137 1140 1146 1890 2022 2037 2046 2322 2337 2340 2346 4396 
m3161 22 30 40 46 1122 1130 1140 1146 2022 2030 2040 2046 2322 2330 2340 2346 
m3317 3 26 36 41 186 191 1303 1336 1341 2091 4341 4586 
m1618 37 
m1815 14 38 40 46 49 1914 1940 1946 1949 2014 2046 2049 2346 2464 2496 4814 
m1085 5 11 32 36 37 46 286 287 296 555 586 587 596 1605 1611 1636 1637 1646 1855 1861 1886 1887 1896 2305 2311 2332 2336 2337 2346 4337 4837 
m2020 14 23 30 40 730 1180 1514 1523 1530 1540 2014 2023 2030 3223 
m3067 22 23 30 36 40 41 46 1122 1123 1130 1136 1140 1141 1146 1191 1523 1536 1541 1546 1841 1846 2023 2030 2036 2040 2041 2046 2072 2341 3696 4323 
m1028 21 22 23 1072 1073 1171 1172 1173 
m3373 22 23 30 36 41 1123 1130 1136 1141 1186 1191 1523 1536 1541 1841 2073 2080 2091 3673 4323 4586 
m2900 22 44 46 1122 1144 1146 2344 2346 4846 
m2789 22 23 36 40 41 1122 1136 1140 1141 1173 1186 1190 1823 1836 1840 1841 2022 2023 2036 2040 2041 2073 2086 2090 2091 3686 4323 
m887 37 46 49 2346 2487 2496 4837 
m3134 46 2346 
m3265 23 46 2346 4823 
m519 23 32 46 1182 2323 2332 2346 3696 4823 
m2517 14 23 30 38 730 1180 1514 1523 1530 1914 1923 1930 3223 
m1794 5 22 37 46 255 1105 1137 1146 1855 1887 1896 2305 2322 2337 2346 4837 
m2868 33 38 46 1688 1933 1938 1946 2338 4196 
m2442 22 44 46 1146 2344 2346 4846 
m3395 14 36 40 46 2014 2036 2040 2046 2336 4314 4814 
m165 22 
m1735 22 23 36 40 46 1123 1136 1140 1146 1186 1190 1840 2023 2036 2040 2323 2336 2340 3673 4323 4336 4836 
m754 23 45 1195 
m61 22 32 46 1122 1132 1146 2332 2346 
m3381 23 30 38 46 1173 1180 1188 1523 1530 1538 1923 1930 1938 2323 2330 2338 2346 3673 4823 
m866 14 21 40 714 721 740 2014 2021 
m3085 12 13 20 22 36 40 622 636 640 670 672 686 690 1012 1022 1036 1040 1822 1840 2022 2036 3162 3536 4336 
m276 
m1570 37 41 46 49 1891 2337 2341 2346 2349 2487 2491 2496 4396 
m1775 22 46 1122 1146 2322 2346 
m2348 36 37 40 46 1837 1846 2036 2037 2040 2046 2337 2346 4346 4837 
m1976 22 26 44 46 1144 1146 1322 1344 1346 2244 2246 2344 2346 4846 
m259 46 2346 
m3626 37 40 46 1890 2037 2040 2046 2337 2340 2346 4396 
m125 22 23 30 36 40 41 46 1130 1146 1541 1546 1836 1841 2023 2036 2041 2073 2086 2323 2336 2340 2341 3686 4323 4591 
m3340 22 36 37 40 46 1136 1137 1140 1146 1840 1886 1890 1896 2036 2037 2040 2046 2336 2340 2346 4346 4837 
m1418 14 36 40 46 1814 1836 1840 1846 2014 2036 2040 2046 2314 2336 2346 3236 4346 4814 4836 
m2274 5 32 1605 
m2028 23 36 41 46 1836 1841 1846 2073 2086 2323 2341 4323 4836 
m2413 22 38 46 1138 1146 1938 1946 
m2805 30 36 38 1530 1538 1838 1930 1936 1938 4036 4330 
m108 13 33 45 1695 2263 4163 
m1257 38 41 46 49 1938 1946 1949 2088 2096 2099 2341 2346 2349 
m1981 26 39 40 46 1339 1340 1346 1990 2339 2340 4496 4846 
m2192 22 23 27 30 36 40 49 1172 1186 1199 1372 1373 1380 1386 1399 1522 1523 1527 1530 1536 1549 1822 1823 1827 1830 1836 1840 1849 2023 2027 2030 2036 2040 2049 2472 2473 2477 2480 2486 2499 3686 4336 
m1575 22 37 46 1137 1146 2337 2346 4837 
m743 23 24 40 46 1190 1240 1246 2023 2024 2040 2046 2340 3696 3723 
m1896 22 36 40 46 49 1136 1140 1146 1836 1846 2022 2036 2040 2046 2049 2336 2346 2349 2486 2496 4336 4836 
m460 14 20 40 46 49 720 2014 2020 2046 2049 2314 2320 2346 2349 2464 2470 2496 4814 
m1600 22 30 36 40 41 1136 1141 1522 1536 1540 1541 1822 1836 1840 1841 2022 2036 2040 2041 2086 4336 4586 
m3059 23 30 36 38 40 46 1180 1186 1190 1523 1530 1536 1540 1546 1830 1923 1930 1936 1940 1946 2023 2030 2036 2038 2040 2046 2323 2330 2340 4836 
m2266 22 34 36 1134 1136 1834 
m1213 46 
m1402 44 46 2344 2346 
m2458 30 46 49 2330 2480 2496 
m2000 5 13 22 33 36 40 263 272 283 286 290 672 686 690 1122 1136 1140 1672 1686 1690 1822 2022 2036 3183 
m1567 26 46 1346 2346 
m2622 36 46 2336 2346 4836 
m3209 8 408 
m3328 22 41 46 1122 1141 1146 2341 
m1361 23 38 1923 
m3498 27 40 46 1396 2027 2040 2046 2340 2346 
m3281 30 36 40 45 46 49 1545 1549 1830 1845 1849 2030 2036 2045 2046 2330 2336 2345 2349 2495 
m2465 6 14 36 46 49 314 706 714 736 746 749 1806 1814 1846 2306 2456 2464 2486 2496 4814 
m2852 26 38 46 1926 1938 1946 2326 
m1796 23 30 46 1173 1180 1196 1523 1530 1546 2323 2330 2346 3696 4823 
m1644 36 40 45 46 1845 2036 2045 2046 2336 2345 4836 4846 
m1842 22 26 44 46 1122 1144 1146 1322 1326 1344 1346 2344 2346 4846 
m1407 22 23 36 40 41 46 49 1122 1123 1136 1140 1141 1191 1822 1823 1836 1840 1841 1849 2022 2023 2036 2040 2041 2046 2072 2073 2086 2090 2091 2322 2323 2336 2340 2341 2349 2472 2473 2486 2490 2491 4323 4336 4346 4836 
m821 26 37 46 1337 1346 2337 2346 4837 
m933 22 27 36 40 46 1122 1127 1136 1140 1146 1390 1822 1827 1836 1840 1846 2022 2027 2036 2040 2046 2327 2336 2340 
m3674 
m2857 5 23 30 40 46 1155 1180 1505 1523 1530 1546 2005 2023 2030 2040 2046 2305 2323 2330 2340 4846 
m2002 26 32 36 46 1332 1336 1346 1832 2332 2336 2346 4836 
m2916 22 30 36 40 41 49 1136 1140 1536 1541 1549 1830 1836 1840 1841 1849 2030 2036 2040 2041 2049 2072 2086 2090 2091 2099 2472 2486 
m1162 36 38 1836 1936 1938 
m619 22 46 1122 1146 2322 2346 4846 
m2796 22 23 30 36 40 46 1122 1123 1130 1136 1140 1146 1172 1173 1522 1523 1530 1540 1546 1822 1823 1830 1840 1846 2022 2023 2030 2036 2040 2046 2322 2323 2330 2340 2346 3696 4823 
m2794 36 40 41 1836 1840 1841 2036 2041 2086 2090 2091 4586 
m3166 23 30 1173 1180 1523 1530 
m844 22 30 36 40 45 1122 1136 1140 1522 1536 1540 1836 1840 2022 2036 2040 2280 2286 
m1145 22 30 36 40 41 46 1122 1130 1136 1140 1141 1146 1830 2022 2030 2036 2040 2046 2072 2090 2096 2330 2336 2340 4836 4846 
m1714 36 39 42 1986 2139 4636 
m149 14 32 46 714 732 746 1614 1646 4814 
m1424 22 23 41 1122 1123 1173 2072 2073 3673 
m2116 22 23 36 40 1122 1123 1136 1140 1173 1823 2023 2036 3673 
m2570 36 38 40 46 49 1836 1838 1840 1846 1849 1938 2036 2038 2040 2046 2049 2336 2338 2340 2346 2349 2486 2488 4336 4346 4836 
m2446 22 40 46 1146 2022 2040 2046 2346 
m2715 36 40 46 49 1836 1846 2036 2040 2046 2049 2336 2346 2349 2486 2496 4336 4836 
m2730 30 38 41 46 1930 1941 1946 2080 2096 2330 2341 2346 
m2032 11 13 22 33 36 40 563 572 583 586 590 672 686 690 1113 1122 1133 1136 1140 1672 1686 1690 1822 2022 2036 3183 
m888 22 23 36 45 1172 1822 2272 2273 2286 4323 
m2252 33 38 41 46 1691 1933 1941 1946 2341 4833 
m1007 27 36 46 49 1827 1846 1849 2327 2346 2477 2496 
m3076 13 30 36 46 1513 1536 1546 2313 2330 2336 2346 4313 4813 4836 
m2690 22 36 40 1122 1136 1140 2036 
m1155 22 46 2322 
m969 
m1739 5 36 46 49 286 296 299 1849 2346 2349 2499 4836 
m1340 14 46 2314 2346 4814 
m1376 37 46 49 1899 2346 2349 2496 4396 4837 
m2277 22 37 40 46 1137 1146 1890 2022 2037 2040 2046 2322 2337 2340 2346 4396 
m2540 22 30 40 46 1130 1146 2022 2030 2046 2322 2330 2346 
m410 23 49 1173 2473 3673 
m6 22 41 46 1141 1146 2091 2341 
m599 23 35 46 1773 2335 2346 4823 
m3106 22 23 30 46 1122 1123 1130 1146 1172 1173 1180 1196 1522 1523 1530 1546 2323 2330 2346 3696 
m847 22 23 30 46 1122 1123 1130 1146 1523 1530 1546 2330 2346 3696 4823 
m1429 22 37 46 49 1872 2322 2346 2487 2496 4396 4837 
m2067 14 32 49 732 2464 
m2695 12 14 22 36 45 46 49 645 712 745 1112 1114 1146 1812 1814 1822 1845 1846 1849 2314 2345 2346 2462 2464 2472 2496 3146 3246 4812 
m2395 22 44 46 1122 1144 1146 2322 2344 2346 4846 
m2930 38 46 1946 
m3116 23 38 46 49 1188 1199 1938 1946 2338 2346 2349 3696 4823 
m132 22 23 30 41 46 1122 1123 1130 1141 1146 1172 1173 1180 1191 1196 1522 1523 1530 1541 1546 2072 2073 2080 2322 2323 2330 2341 2346 3673 3696 4823 
m1539 14 37 40 46 737 740 746 1890 2037 2046 2340 4396 
m1594 22 23 36 40 41 46 1123 1136 1141 1146 1191 1822 1823 1836 1841 1846 2022 2023 2036 2040 2041 2046 2323 2336 2341 2346 3686 4341 4346 4823 
m985 38 46 1946 
m1332 32 46 1632 1646 2332 2346 
m1646 13 33 36 38 40 41 686 690 691 1686 1690 1691 1841 1913 1933 1936 1938 1941 2036 2041 2063 2083 2086 2090 2091 3183 
m627 22 23 30 36 40 41 46 49 1122 1123 1130 1136 1140 1141 1146 1149 1172 1173 1190 1191 1522 1523 1530 1536 1540 1541 1546 1822 1823 1830 1836 1840 1841 1846 1849 2022 2023 2030 2036 2040 2041 2046 2049 2322 2323 2330 2336 2340 2341 2346 2472 2473 2480 2486 2490 2496 3696 4823 
m2158 37 49 1899 2487 2499 
m1359 40 45 46 2045 2046 2290 2295 2296 2340 2345 2346 
m1312 17 46 49 896 899 2317 2346 2349 
m3204 13 38 1913 1938 
m180 13 22 33 36 40 672 686 690 1113 1122 1133 1136 1140 1672 1686 1690 1822 2022 2036 3183 
m1779 22 23 36 38 40 41 1122 1123 1136 1140 1173 1186 1190 1823 1836 1922 1923 1936 1940 1941 2022 2023 2036 2040 2072 2073 2086 2090 3686 4323 
m248 22 40 44 46 1140 1144 1146 2040 2046 2222 2240 2246 2322 2340 2344 2346 4846 
m2325 22 30 36 40 46 1122 1130 1136 1146 1522 1536 1822 2022 2030 2036 2322 2330 2336 2340 2346 4836 
m927 22 40 46 1146 2340 
m2091 13 38 46 1913 1938 1946 2313 
m3468 22 23 24 40 46 1122 1123 1146 1172 1222 1246 2022 2023 2024 2040 2046 2322 3696 3723 
m3411 37 38 46 1937 1946 2337 
m2708 23 30 36 39 40 41 1173 1186 1190 1191 1523 1539 1541 1823 1973 1986 1991 2023 2036 2073 2086 2090 2091 3673 4323 4336 4586 
m3062 5 32 36 38 46 49 282 286 288 296 1632 1638 1646 1838 1846 1932 1936 1938 1946 2332 2338 2346 2455 2482 2486 2488 2496 4136 4332 4836 
m1519 40 45 46 2045 2046 2296 
m1864 22 23 1122 1123 1172 1173 3673 
m908 23 26 34 36 46 1176 1184 1186 1196 1726 1746 1826 1846 2326 4334 
m2932 23 30 36 38 46 49 1173 1180 1186 1188 1196 1199 1523 1530 1536 1538 1546 1549 1823 1830 1838 1846 1849 1923 1930 1936 1946 1949 2323 2330 2336 2338 2346 2349 2473 2480 2486 2488 2496 4823 
m553 5 22 27 46 1146 1355 2305 2327 
m2170 22 32 37 38 46 49 1132 1137 1146 1637 1646 1922 1938 1946 1949 2332 2337 2346 2472 2487 2496 4837 
m1771 4 26 38 226 238 1304 1326 1338 1904 1926 2704 
m3287 22 23 49 1122 1123 1173 1199 2473 3673 
m2211 22 32 45 46 1146 2272 2282 2295 2296 2332 2346 
m624 22 23 30 40 41 1123 1130 1140 1190 1523 1530 1540 2022 2023 2030 2072 2090 
m3380 22 23 30 36 40 41 1122 1123 1130 1136 1140 1173 1522 1523 1536 1822 1823 1830 1836 2022 2023 2030 2036 2072 2073 2080 2086 2090 2091 3673 4323 4586 
m2601 22 23 30 38 41 1141 1172 1191 1522 1523 1538 1541 1922 1923 1930 1938 1941 
m937 36 40 41 1836 1840 2036 2086 2090 2091 4586 
m464 22 36 40 41 1136 1140 1141 1836 1840 1841 2036 2041 2072 2086 2090 2091 4586 
m1571 22 23 36 40 46 1122 1123 1136 1146 1172 1822 1823 1836 2022 2023 2036 2040 2046 2322 2323 4323 4346 4836 
m757 10 37 46 537 546 4396 
m3191 22 36 40 41 46 1136 1141 1146 2022 2036 2041 2046 2086 2096 2336 
m439 33 45 46 1695 2283 2295 2333 2345 
m1889 5 22 44 46 296 1144 1146 2205 2246 2305 2344 2346 4846 
m2865 26 38 46 1926 1938 1946 2326 
m3110 22 23 30 36 40 41 46 49 1122 1123 1130 1136 1140 1141 1146 1149 1172 1173 1190 1191 1522 1523 1530 1536 1540 1541 1546 1822 1823 1830 1836 1840 1846 1849 2022 2023 2030 2036 2040 2041 2046 2049 2322 2323 2330 2336 2340 2341 2346 2473 2480 2486 2490 2496 3696 4823 
m1838 14 23 30 40 47 730 1180 1514 1523 1530 1547 2014 2023 2030 2047 2364 2373 2380 3223 
m1514 22 23 30 46 1122 1123 1130 1146 1180 1523 1530 1546 2330 4823 
m1017 22 30 36 40 41 46 1122 1140 1141 1146 1522 1536 1540 1822 1840 1841 1846 2022 2036 2040 2041 2046 2072 2096 2322 
m2314 32 42 46 2132 2146 2332 
m1146 23 30 46 49 1180 1523 1530 1546 2330 2346 2480 2496 4823 
m2736 11 13 33 36 40 661 1661 1811 1813 1833 2011 2013 2033 2036 4163 
m2001 12 22 36 38 40 46 612 636 1112 1122 1136 1138 1140 1146 1812 1836 1840 1846 1912 1922 1936 1938 1940 1946 2012 2022 2036 2038 2046 2312 2336 2346 3146 4812 4836 
m187 22 23 38 1123 1138 1923 
m1330 14 23 32 36 49 723 732 736 749 1182 1199 1636 1649 1849 3686 
m1350 5 23 27 41 273 291 1355 1373 1391 2073 3673 
m1197 26 44 46 1346 2226 2246 2326 2344 2346 
m3389 14 40 46 714 740 746 2014 2046 2314 2340 2346 4814 
m1123 22 23 30 1122 1123 1130 1173 1522 1523 3673 
m3227 23 30 36 40 46 1180 1523 1530 1830 2023 2030 2036 2046 2330 4323 4346 4823 
m721 22 32 40 46 1146 2022 2032 2040 2046 2332 2346 4846 
m1406 22 23 36 40 41 46 49 1123 1136 1140 1141 1146 1191 1822 1823 1836 1840 1841 1849 2022 2023 2036 2040 2041 2046 2072 2073 2086 2090 2091 2322 2323 2336 2340 2341 2349 2472 2473 2486 2490 2491 4323 4336 4346 4836 
m2873 22 23 30 46 1122 1123 1130 1146 1180 1523 1530 1546 2330 2346 4823 
m1284 22 40 46 1146 2046 2322 2340 2346 
m1107 14 22 45 46 722 745 746 1146 2272 2296 2346 3246 
m1959 13 22 36 38 40 1113 1122 1136 1138 1140 1813 1840 1913 1936 1940 2013 
m129 23 26 30 33 40 46 49 1180 1323 1330 1333 1340 1346 1673 1680 1696 2023 2030 2033 2046 2330 2476 2480 2483 2490 2496 4823 
m2806 30 36 38 1530 1536 1538 1830 1836 1838 1930 1936 1938 4036 4330 
m1171 17 46 2317 2346 3396 4817 
m1587 22 30 36 1522 1536 1822 
m3055 22 36 40 46 49 1136 1140 1146 1149 1822 1836 1840 1846 1849 2022 2036 2040 2046 2049 2322 2336 2340 2346 2349 2486 2490 2496 4346 
m2529 12 14 23 34 46 712 1162 1164 1196 1712 1714 1723 1734 1746 2314 3114 3214 3664 4812 
m472 22 46 1122 1146 
m3086 14 40 46 2014 2040 2046 2314 2346 4814 4846 
m1639 36 37 49 1836 1837 1849 2486 2487 2499 
m3091 32 36 46 49 1632 1636 1649 1849 2332 2336 2346 2349 
m2120 36 49 1836 1849 2499 
m885 22 30 38 46 1130 1146 1922 1930 1946 2322 2330 2346 
m3565 22 23 36 40 41 1122 1123 1136 1140 1141 1172 1173 1822 1823 1836 1840 1841 2022 2023 2036 2040 2041 2073 2086 2090 3673 4586 
m1608 36 40 46 1840 1846 2036 2040 2046 2346 4346 
m3439 26 40 46 2026 2040 2046 2326 
m1325 22 23 30 36 38 40 41 1123 1136 1140 1141 1172 1173 1180 1186 1188 1190 1191 1830 1922 1923 1936 1940 1941 2022 2023 2030 2036 2038 2040 2041 2073 2080 2086 2090 3673 4323 
m799 23 30 38 45 46 1180 1923 1930 1946 2273 2280 2288 2296 2323 2330 2338 2346 4823 
m3605 22 23 36 38 41 1122 1123 1136 1141 1172 1822 1823 1922 1923 1936 1941 2072 2073 2086 2088 2091 3673 4323 4586 
m560 5 37 46 1855 2305 4837 
m1929 14 22 23 30 40 46 722 723 730 746 1114 1122 1123 1130 1146 1172 1173 1180 1196 1514 1522 1523 1530 1546 2014 2022 2023 2030 2046 2323 2330 2346 3246 3696 4823 
m2926 36 37 40 41 46 1841 1846 1886 2036 2037 2046 2086 2087 2090 2096 2336 2337 2340 2341 2346 4346 4396 4836 
m2326 22 23 30 1122 1123 1130 1172 1173 1180 1522 1523 1530 3673 
m1023 22 36 40 45 1122 1136 1140 1145 1836 1840 1845 2036 2040 2045 2286 2290 
m3297 32 40 45 46 1646 2032 2045 2046 2282 2296 
m3301 14 37 3237 
m3408 5 36 46 255 286 2305 2336 2346 
m709 23 30 36 40 41 1173 1180 1186 1190 1191 1523 1823 1830 1836 1841 2023 2030 2036 2073 2080 2086 2090 2091 3673 4323 4586 
m2884 46 49 2346 2349 2496 
m1848 22 23 38 46 1123 1138 1146 1172 1173 1922 1923 1938 1946 2322 2323 3673 4823 
m2136 23 30 40 1180 1190 1523 1530 1540 2023 2030 
m1395 36 40 46 49 1836 1840 1846 1849 2036 2040 2046 2049 2336 2340 2346 2349 2486 2490 2496 4346 
m1728 23 28 36 1178 1186 1823 1828 1836 3673 
m3646 16 22 36 40 822 836 840 1116 1122 1136 1140 1822 2022 2036 
m3263 22 23 36 41 1123 1136 1141 1191 1823 1841 2073 2091 3673 4323 4586 
m2811 33 34 38 40 46 1690 1696 1733 1734 1738 1746 1933 1938 1940 1946 2333 2338 2340 2346 
m3095 36 38 40 41 1838 1841 1941 2036 2038 2041 
m3170 22 23 30 36 40 46 1122 1123 1130 1136 1140 1146 1180 1523 1530 1822 1823 1830 1840 1846 2022 2023 2030 2046 2330 4823 
m1341 14 30 46 730 746 2314 2330 2346 4814 4846 
m2190 5 32 33 46 283 296 1605 1633 1646 2333 
m1607 5 12 41 45 46 296 2055 2062 2096 2255 2291 2296 2341 2345 4812 
m2223 14 36 40 46 740 746 1840 2014 2036 2040 2046 2336 2340 2346 3236 4346 4814 
m2066 23 24 40 46 1190 1240 1246 2023 2024 2040 2046 2323 2324 2340 2346 3696 3723 
m3688 36 40 1836 1840 2036 2040 
m3603 22 45 46 1122 1146 2272 2296 2322 2346 4846 
m2842 22 23 30 36 40 46 1122 1123 1130 1136 1140 1146 1172 1173 1180 1186 1190 1522 1523 1530 1536 1540 1546 1823 1840 2023 2036 2040 2322 2323 2330 2336 2340 2346 3696 4823 
m148 13 22 41 691 1113 1122 1141 
m3599 22 23 30 41 1122 1123 1130 1173 1523 1530 2072 2073 2080 3673 
m3415 
m401 14 20 40 46 1014 1040 1046 2014 2046 3246 
m2372 12 23 36 40 41 46 49 623 636 640 641 649 1191 1823 1840 1841 2012 2023 2036 2040 2041 2046 2073 2086 2090 2091 2099 2312 2323 2336 2341 2346 2349 2473 2486 2490 2491 3136 4323 4336 4812 
m623 23 45 1173 2273 3673 
m1952 23 26 30 46 1180 1323 1330 1346 1523 1530 2330 4823 
m1111 22 23 30 36 41 1122 1123 1130 1136 1141 1172 1173 1180 1523 1822 1823 2072 2073 3673 4586 
m972 23 30 38 46 1180 1523 1530 1538 1546 1923 1930 1938 1946 2330 4823 
m2047 2 40 46 140 146 2046 
m2640 22 23 30 38 46 1123 1130 1146 1180 1523 1530 1546 1922 1923 1930 1938 1946 2330 4823 
m273 22 23 45 1122 1123 1172 1173 2272 2273 3673 
m929 14 40 46 2014 2046 2314 2346 4814 
m3215 30 46 49 1530 1549 2330 2346 2349 
m3333 23 45 46 1195 2296 2345 2346 3696 4823 
m2099 23 38 1173 1188 1923 
m1318 14 38 46 49 746 749 1914 1938 1946 1949 2346 2349 
m2731 22 23 30 36 40 41 46 1122 1123 1130 1136 1140 1141 1146 1173 1186 1190 1522 1523 1536 1540 1541 1823 1836 1840 1841 2023 2036 2040 2041 2073 2086 2090 2322 2323 2330 2336 2340 2341 2346 3673 3686 4323 4336 
m931 14 38 46 1914 1946 2314 2346 4814 
m258 14 32 46 732 2332 4814 
m2300 14 23 38 46 1164 1196 1914 1923 1946 4814 
m3421 46 4846 
m229 34 36 1734 1736 1834 1836 4236 4334 
m1487 22 36 38 48 49 1136 1148 1149 1822 1836 1838 1848 1849 1922 1936 1948 1949 2422 2436 2438 2448 2449 2486 2498 
m2888 22 36 40 41 1136 1140 1141 1841 2036 2041 4336 4586 
m161 36 38 1838 1936 1938 
m3585 46 2346 
m1557 22 27 46 1122 1127 1146 1377 2327 2346 
m93 36 40 46 1840 2036 2040 2336 2340 
m493 22 23 36 40 41 1122 1123 1136 1140 1141 1172 1173 1822 1823 1836 1840 2022 2023 2036 2040 2072 2073 2086 2090 3673 4586 
m2255 22 36 41 49 1122 1136 1141 1149 1841 1849 2486 2491 4336 
m3582 14 36 40 46 49 714 736 740 746 749 1814 1836 1840 1846 1849 2014 2036 2046 2049 2314 2336 2346 2349 2464 2486 2490 2496 3246 4814 
m1182 22 23 30 36 40 1123 1130 1173 1186 1190 1523 1530 1536 1823 2023 2036 3673 3686 
m1598 14 36 40 46 1814 1840 1846 2014 2036 2040 2046 2314 2346 4346 4814 4846 
m2042 13 46 2313 
m3485 22 37 46 49 1137 1146 1899 2346 2349 2496 4396 4837 
m2215 38 46 1938 1946 
m1606 22 30 36 40 41 1136 1141 1536 1540 1541 1822 1836 1840 1841 2022 2036 2040 2041 2086 4336 4586 
m1412 23 46 49 2323 2346 2473 2496 4823 
m2015 14 22 32 46 49 732 749 1114 1132 1146 1649 2314 2332 2346 2349 4814 
m2496 29 
m833 13 38 46 688 1913 1938 1946 2313 2338 2346 3196 
m2921 30 36 38 46 1536 1546 1838 1930 1936 1946 2338 4346 
m2338 22 36 40 46 49 1136 1140 1146 1149 1836 1840 1846 1849 2036 2040 2046 2049 2336 2340 2346 2349 2486 2490 2496 4346 
m2369 5 13 22 33 36 38 40 46 263 272 283 286 290 672 686 690 1113 1122 1133 1136 1140 1672 1686 1690 1822 1905 1913 1922 1933 1936 1940 1946 2022 2036 2305 2313 2322 2333 2336 2340 3183 
m2132 22 23 30 41 1122 1123 1130 1141 1173 1191 1522 1523 1541 2073 3673 
m2851 23 30 41 46 1180 2073 2080 2096 2323 2330 2341 4823 4846 
m337 22 30 37 41 46 1130 1137 1141 1146 1537 1541 1546 2087 2096 2322 2330 2337 2341 2346 4837 
m1962 22 30 40 46 1122 1130 1140 1146 1530 1546 2022 2030 2040 2046 2322 2330 2340 2346 
m1797 22 37 40 46 1122 1137 1146 2022 2037 2040 2046 2322 2337 2346 4837 
m350 22 23 30 36 40 46 1122 1123 1130 1136 1140 1146 1172 1173 1522 1523 1530 1540 1546 1822 1823 1830 1840 1846 2022 2023 2030 2036 2040 2046 2322 2323 2330 2340 2346 3696 4823 
m3452 46 
m3455 15 22 32 46 782 1115 1122 1132 1146 1615 1622 1632 1646 2315 2322 2332 2346 4815 
m2241 45 
m3225 5 36 45 286 295 1845 2255 2286 2295 4336 
m3180 14 46 2314 2346 4814 
m1860 22 23 30 36 40 41 1123 1136 1141 1172 1186 1190 1191 1522 1523 1536 1540 1541 2022 2023 2036 2041 2086 3673 3686 4336 4586 
m2492 22 23 36 40 46 1122 1123 1136 1140 1146 1172 1822 2023 2036 2046 2322 2323 2336 2340 2346 4323 4823 4836 
m1006 12 13 20 22 32 36 40 49 632 682 699 1012 1013 1022 1032 1036 1040 1112 1113 1122 1132 1136 1140 1812 1813 1832 1836 1840 1849 2012 2013 2032 2036 2049 2462 2482 2486 3136 3162 3186 
m876 22 46 1122 1146 
m1224 30 32 36 46 1630 1830 1846 2330 2332 4332 
m123 22 23 30 36 40 46 49 1122 1123 1130 1136 1140 1146 1149 1172 1173 1522 1523 1530 1540 1546 1822 1823 1830 1840 1846 2022 2023 2030 2036 2040 2046 2322 2323 2330 2340 2346 2472 2480 2486 2490 2496 3696 4823 
m2768 26 32 36 38 46 1332 1336 1346 1832 1926 1932 1936 1946 2332 2336 2346 4836 
m2727 6 14 23 32 36 706 723 732 736 1156 1182 1606 1636 1806 3686 
m2054 26 41 46 1341 1346 2096 
m1924 23 30 40 46 1180 1523 1530 1546 2023 2030 2046 2323 2330 
m1496 14 22 36 40 41 46 714 722 736 741 1822 1836 1841 2014 2036 2041 2046 2072 2314 2322 2336 2341 3236 4314 4586 4814 
m727 22 23 36 40 41 46 1122 1136 1140 1141 1186 1190 1191 1196 1823 1836 1840 1841 1846 2023 2036 2040 2041 2046 2072 2073 2086 2090 2091 2096 2336 2340 2341 3686 
m3020 23 40 44 46 1173 1194 1196 2023 2040 2046 2323 2344 2346 3696 4823 
m2481 13 30 680 1530 
m1807 26 46 1346 2346 
m3280 26 40 46 1346 2026 2046 2346 
m3245 22 23 36 40 1122 1123 1136 1140 1173 1186 1190 1822 1823 1836 1840 2022 2023 2036 2040 3673 4323 
m1423 38 46 1938 1946 
m1130 37 45 46 2287 2296 2337 2346 4837 
m1039 36 40 46 49 1840 1846 1849 2036 2040 2046 2049 2340 2346 2486 2490 2496 4336 4346 4846 
m1124 45 46 2296 2345 2346 4846 
m1798 14 22 36 40 46 1114 1136 1140 1146 1814 1846 2014 2036 2046 2346 4346 4814 
m1956 22 23 30 38 40 41 1140 1523 1530 1538 1923 1930 2022 2023 2030 2040 2072 2090 
m1678 21 38 46 1921 1946 2321 2346 4846 
m2060 22 23 36 40 41 1123 1136 1140 1141 1173 1186 1190 1823 1836 2023 2036 2040 2072 2073 2086 2090 2091 3686 4323 
m432 22 37 46 49 1122 1137 1146 1899 2346 2349 2496 4396 4837 
m1756 22 23 30 36 40 41 46 1122 1123 1130 1136 1140 1141 1146 1190 1522 1523 1530 1536 1540 1546 1840 2023 2036 2040 2072 2073 2080 2086 2090 2096 2323 2330 2340 3686 4836 
m1404 41 46 49 2341 2491 2496 
m1630 22 40 41 46 1122 1140 1146 2022 2040 2046 2340 
m3425 38 40 46 49 1940 1946 2046 2346 2488 2490 2496 
m2280 37 40 46 1890 2037 2040 2046 2337 2340 2346 4396 
m3193 14 38 40 738 1914 1938 1940 2014 2038 2040 
m3347 22 32 46 48 1132 1146 2332 2422 2432 2446 4846 
m3092 22 23 30 36 40 41 46 1122 1123 1130 1136 1140 1141 1146 1180 1522 1523 1530 1536 1540 1546 1822 1823 1830 1836 1840 1846 2022 2023 2030 2036 2040 2046 2072 2086 2090 2091 2322 2323 2330 2340 4823 4846 
m2691 17 37 46 2337 3387 4817 
m907 32 36 40 46 2032 2036 2040 2046 2332 4332 4836 
m2971 13 22 36 38 40 45 1113 1136 1138 1140 1145 1813 1840 1913 1936 1940 2013 2263 2286 2288 2290 
m2893 23 30 38 1180 1523 1530 1538 1923 1930 1938 
m3279 23 36 3686 
m2221 12 22 23 36 40 46 49 636 649 1186 1199 1822 1836 1840 2022 2036 2336 2349 2486 3123 3146 3686 4336 4823 
m634 22 23 1123 
m1082 22 37 40 46 1122 1137 1140 1146 1872 2022 2037 2046 2322 2337 2340 2346 4396 
m1922 22 23 38 45 46 1123 1138 1145 1146 1195 1923 1938 1945 1946 2323 2345 
m3546 6 17 23 32 36 856 873 882 886 1156 1182 1606 1636 1806 3686 
m231 23 30 36 40 41 49 1190 1523 1530 1540 1541 1823 1830 1836 1840 1841 1849 2073 2080 2090 2473 2480 2486 2490 2491 2499 
m461 12 13 22 27 36 40 622 636 640 672 686 690 1112 1113 1122 1136 1140 1362 1363 1372 1386 1390 1822 2022 2036 3162 
m1720 12 46 646 2312 2346 3146 4846 
m170 23 30 46 1180 1523 1530 1546 2330 4823 
m964 12 36 38 41 46 641 1841 1912 1936 1938 1941 1946 2062 2086 2091 2096 2312 2336 2341 4312 
m545 22 46 49 2322 2346 2349 2472 4846 
m749 22 23 30 36 40 41 1122 1123 1130 1136 1140 1141 1172 1173 1180 1186 1190 1523 1822 1823 1830 1836 2023 2030 2036 2072 2073 3673 4323 4586 
m2078 21 23 45 1171 2271 2273 
m3189 12 22 23 30 36 40 46 612 622 623 630 636 640 646 1112 1123 1136 1140 1146 1162 1173 1512 1523 1536 1546 1812 1822 1823 1830 1836 1846 2012 2022 2023 2030 2036 2046 2312 2322 2323 2330 2336 2346 3123 3686 4346 4812 
m1559 22 23 36 40 1122 1123 1136 1140 1190 1822 1823 1836 1840 2022 2023 2036 2040 
m1818 5 23 24 40 46 273 274 290 1190 1240 1246 2023 2024 2040 2046 2340 3696 3723 
m750 22 23 30 46 1122 1123 1130 1146 1180 1523 1530 1546 2330 2346 4823 
m3174 12 26 46 626 2326 4812 
m3448 
m33 32 37 1882 
m1537 26 32 36 38 46 1332 1336 1346 1832 1926 1936 1946 2332 2336 2346 4836 
m3447 5 22 36 38 46 49 286 296 299 1136 1138 1146 1149 1836 1846 1849 1905 1936 1938 1946 1949 2346 2349 2455 2486 2496 2499 4836 
m343 23 30 33 38 46 1180 1523 1530 1533 1546 1680 1923 1930 1933 1946 2323 2330 2333 2346 4173 4823 
m1920 22 23 30 36 40 41 46 1122 1123 1130 1136 1140 1141 1146 1180 1522 1523 1530 1536 1540 1546 1822 1823 1830 1836 1840 1841 1846 2022 2023 2030 2036 2040 2041 2046 2072 2086 2090 2322 2323 2330 2340 4823 4846 
m2522 22 36 40 46 1136 1140 1146 1846 2022 2036 2040 2046 4336 4346 
m3311 22 30 36 46 1136 1146 1522 1536 1546 1846 2346 
m2263 6 43 46 2306 2343 4656 
m265 14 23 30 46 1514 1523 1546 2314 2323 2330 2346 3664 4814 4823 
m136 5 45 46 2255 2296 2305 2346 
m531 13 37 4363 
m1761 22 23 30 32 40 41 1140 1182 1523 1530 1532 2022 2023 2030 2032 2040 2072 2090 
m1803 23 30 46 1180 1523 1530 2330 4823 
m2340 14 22 36 40 46 722 740 746 1140 1146 1822 1840 2014 2036 2040 2046 2322 2336 2340 2346 3236 4346 4814 
m2553 22 23 30 36 40 41 1122 1123 1130 1136 1140 1172 1173 1186 1190 1522 1523 1536 1822 2022 2036 2072 2073 2080 2086 2090 3673 3686 
m2792 22 23 36 40 41 1122 1136 1140 1141 1173 1186 1190 1823 1836 1840 1841 2022 2023 2036 2040 2041 2073 2086 2090 2091 3686 4323 
m2500 22 23 30 46 49 1122 1123 1130 1146 1180 1523 1530 1546 2330 2346 2472 2473 2480 2496 4823 
m1149 22 37 46 49 1872 2322 2346 2487 2496 4396 4837 
m3087 22 23 36 46 1122 1123 1136 1146 1173 1822 1823 1846 2323 3673 4823 
m1428 21 22 23 36 41 1121 1122 1123 1171 1172 1173 1821 1822 1823 2071 2072 2073 3673 4586 
m940 22 46 48 1146 1148 2348 
m2943 22 30 32 36 40 41 46 49 1122 1130 1132 1136 1140 1141 1146 1522 1532 1536 1546 1622 1646 1822 1830 1832 1836 1840 1846 1849 2022 2030 2032 2036 2040 2046 2049 2072 2090 2096 2322 2472 2480 2482 2486 2490 2496 4346 4846 
m950 22 40 46 1140 1146 2022 2046 2322 2340 2346 
m2976 12 14 46 712 746 2312 2346 3246 4812 
m3253 5 13 22 263 272 1105 1113 1122 
m557 22 40 41 46 1122 1140 1141 1146 2041 2046 2341 2346 
m1663 22 36 40 41 1136 1141 1836 1840 1841 2036 2041 2072 2086 2090 2091 4586 
m2788 22 23 30 32 36 40 41 49 1140 1182 1199 1523 1530 1532 1536 1549 1823 1830 1832 1849 2022 2023 2030 2032 2036 2040 2072 2090 2482 
m769 22 23 30 1122 1123 1130 1180 1522 1523 1530 
m11 13 33 4163 
m3620 21 36 38 45 1095 1845 1921 1936 1945 3586 
m3012 22 36 37 40 46 1122 1136 1137 1140 1146 1822 1837 1840 1846 1890 1896 2022 2036 2037 2040 2046 2322 2340 2346 4396 4837 4846 
m1426 13 33 46 1696 2313 4163 
m2980 21 23 36 1071 1073 1821 4321 4323 4336 
m82 22 23 30 46 1123 1130 1146 1180 1523 1530 1546 2330 4823 
m2680 22 23 36 40 41 46 49 1123 1136 1141 1146 1191 1822 1823 1836 1840 1841 1849 2022 2023 2036 2040 2041 2046 2072 2073 2086 2090 2091 2322 2323 2336 2340 2341 2349 2472 2473 2486 2490 2491 4323 4336 4346 4836 
m3243 22 23 36 40 41 1122 1123 1136 1140 1141 1172 1173 1822 1823 1836 1840 2022 2023 2036 2040 2072 2073 2086 2090 3673 4586 
m1137 45 2295 
m1672 22 23 46 1122 1123 1146 2346 3696 4823 
m1918 36 46 2336 
m3548 27 32 1382 
m2970 22 23 36 41 1123 1136 1823 2072 2073 3673 4323 4586 
m3077 22 35 46 1135 1146 1796 
m2696 12 14 22 45 46 49 645 712 745 1112 1114 1146 2314 2345 2346 2462 2464 2472 2496 3146 3246 4812 
m2939 12 13 46 662 696 2312 2346 3196 4812 
m75 32 39 46 1632 1639 1646 1989 2339 2346 4496 4839 
m3210 11 13 33 661 1661 4163 
m2038 32 36 46 1636 2332 2336 2346 4332 4336 4836 
m1535 31 36 1581 1586 1831 1836 4086 
m2995 5 13 14 33 655 705 713 1655 1664 4163 
m41 22 23 36 37 40 1123 1136 1140 1172 1173 1186 1190 1823 1840 1872 1873 1886 1890 2023 2036 2040 3673 3686 4323 4336 
m781 12 14 45 46 645 712 745 2314 2345 2346 3146 3246 4812 
m3596 13 22 32 36 40 672 686 1113 1122 1136 1140 1613 1622 1636 1822 1836 1840 2022 2036 2040 
m1410 37 46 4837 
m3593 26 36 46 49 1336 1346 2476 2486 2496 4836 4846 
m3176 45 46 49 2295 2299 2345 2349 
m3666 14 22 23 30 40 45 46 714 746 1114 1145 1146 1164 1172 1190 1195 1196 1514 1522 1523 1530 1540 1545 1546 2014 2022 2023 2030 2040 2045 2046 2264 2296 2314 3664 
m287 22 36 37 40 46 1136 1137 1140 1146 1837 1840 1846 1890 2022 2036 2037 2040 2046 2336 2340 2346 4336 4346 4396 4837 
m45 36 46 2336 2346 4836 
m1002 22 23 27 30 36 40 49 1123 1130 1136 1172 1173 1177 1180 1186 1190 1199 1372 1373 1380 1386 1522 1523 1527 1530 1536 1540 1549 1822 1823 1827 1830 1836 1849 2023 2027 2030 2036 2040 2049 2472 2473 2477 2480 2486 2499 3686 4336 
m518 14 36 41 46 714 736 741 1836 1841 2091 2314 2336 2341 3236 4314 4586 4814 
m2937 13 22 25 46 1113 1125 1146 1263 1296 2313 
m1003 12 32 36 46 1612 1812 2312 2332 2336 2346 4136 4812 4836 
m2044 23 36 38 40 46 1923 1936 1940 1946 2023 2036 2046 2323 3686 4836 
m817 5 30 37 38 46 280 1855 1880 1896 1905 1930 1937 1946 2305 2330 
m1867 9 23 30 46 1159 1509 1523 1546 2309 2323 2346 4823 
m494 22 23 41 1123 1173 1191 3673 
m1295 14 22 46 714 746 1114 1146 2314 2346 3246 4814 
m3316 5 23 30 38 40 273 280 290 1190 1523 1530 1540 1905 1923 1930 1940 2023 2030 2040 
m2569 23 36 40 46 48 1190 1823 1836 1840 1846 1848 2023 2036 2040 2046 2048 2336 2340 2346 2423 2436 2446 3686 3696 4323 4346 4823 4836 
m332 26 27 46 1326 1327 1346 1376 1396 2326 
m1241 14 40 46 2014 2040 2046 2314 2346 4814 
m3344 22 36 38 40 46 1136 1138 1140 1146 1838 1946 2036 2038 2040 2046 2336 2338 2340 2346 4346 
m2909 26 40 46 2026 2046 2326 
m1874 22 32 36 38 45 46 49 1122 1146 1632 1636 1645 1646 1649 1845 1846 1849 1932 1936 1946 2272 2295 2296 2322 2332 2336 2345 2346 2349 2495 2496 4846 
m342 23 30 33 46 1180 1523 1530 1533 1546 1680 2323 2330 2333 2346 4173 4823 
m2508 22 1122 
m3069 26 39 41 1339 1341 1991 2091 
m2411 22 38 46 1138 1146 1922 1938 1946 
m1053 22 36 40 41 1136 1140 1141 1836 1840 1841 2036 2040 2086 2090 2091 4586 
m1688 14 22 44 46 1114 1144 1146 2214 2246 2314 2322 2344 2346 3246 4846 
m665 14 36 46 714 736 1836 2314 2336 2346 3236 4814 4836 
m3601 22 23 30 46 1122 1123 1130 1146 1523 1546 2323 3673 4823 
m3100 5 23 30 36 46 255 273 280 286 296 1180 1505 1523 1530 1536 1546 1830 1846 2330 4323 4823 
m3657 22 44 45 46 1146 2272 2294 2296 2344 2346 4846 
m3412 22 38 46 1146 1922 1938 1946 2346 
m1892 22 36 40 46 1122 1136 1140 1146 1836 1840 2022 2036 2040 2046 2322 2336 2340 2346 4836 
m3196 12 41 46 641 2062 2091 2096 2312 2341 2346 
m227 29 34 36 1484 1486 1729 1734 1736 1829 1834 1836 4236 4334 
m1324 14 36 38 40 46 49 738 1814 1838 1914 1936 1938 1940 1946 1949 2014 2036 2046 2314 2336 2338 2340 2346 2349 2464 2486 2490 2496 3246 4346 
m1694 36 37 40 46 1840 1886 1890 2036 2037 2046 2340 4346 4396 
m1392 22 23 30 36 40 41 1122 1123 1130 1136 1140 1172 1173 1180 1186 1190 1523 1822 1823 1830 1836 2023 2030 2036 2072 2073 3673 4323 4586 
m1030 36 38 41 46 1841 1936 1941 1946 2086 2091 2336 2341 
m2271 23 30 40 46 49 1190 1199 1523 1530 1540 1546 1549 2330 2340 2346 2349 2490 2496 3696 4823 
m732 22 36 37 46 49 1822 1837 1846 1849 1872 2322 2346 2487 2496 4396 4837 
m1522 22 46 1122 1146 2322 2346 4846 
m389 36 46 2336 2346 4836 4846 
m2563 26 40 46 49 2026 2046 2326 2340 2346 2476 2496 
m1177 23 30 46 1180 1523 1530 1546 2330 4823 
m1658 36 38 40 46 1840 1846 1936 1940 1946 2036 2046 2340 
m2403 12 36 46 49 646 649 1849 2336 2346 2349 3136 4812 
m2429 18 23 36 923 936 1186 1836 3686 
m364 14 22 30 38 46 730 1114 1130 1138 1146 1914 1930 1946 2330 3246 
m1953 13 22 32 36 38 40 672 686 690 1113 1136 1140 1613 1622 1636 1640 1822 1913 1922 1932 1936 1940 2022 2036 2040 3186 4336 
m2922 14 26 46 49 1314 1346 1349 2346 2464 2496 4814 
m1692 36 40 46 1840 2036 2040 2046 2340 4346 
m3039 22 23 45 1123 1145 1172 1195 3673 
m2968 40 45 46 2040 2045 2046 2345 
m2617 23 36 40 41 1186 1190 1191 1836 1840 1841 2023 2036 2040 2041 2073 2086 2090 2091 3686 4323 4336 4586 
m3449 36 
m3016 5 13 33 38 263 283 288 655 663 1655 1663 1905 1913 1933 1938 4163 
m2612 13 38 46 688 1913 1938 1946 2313 2338 
m1076 23 30 36 40 1180 1523 1530 1536 1540 1830 2023 2030 2036 2040 4323 
m2075 14 36 40 46 740 1814 1840 2014 2036 2040 2046 2336 2340 2346 3246 4346 4814 
m1766 14 32 36 44 46 736 1614 2214 2232 2236 2314 2332 2336 2344 4136 4846 
m1518 23 30 36 40 41 1173 1523 1536 1540 1823 1830 1836 1840 2023 2030 2036 2040 2073 2080 2086 2090 3673 4323 4586 
m1534 22 46 1146 4846 
m1648 8 408 
m1627 36 40 41 46 49 1836 1840 1846 1849 2036 2040 2041 2046 2049 2086 2090 2096 2099 2336 2340 2346 2349 2486 2490 2496 4346 4586 4836 
m3334 13 22 33 36 40 672 686 690 1113 1133 1136 1140 1672 1686 1690 1822 2022 2036 3183 
m272 14 34 36 40 46 1714 1734 1736 1740 1746 1814 1836 1840 1846 2014 2036 2040 2046 2314 2346 4346 4814 4846 
m2636 22 23 30 36 40 41 46 1123 1130 1136 1141 1146 1180 1186 1190 1523 1530 1536 1540 1546 1830 2022 2023 2030 2036 2040 2046 2072 2073 2080 2086 2090 2091 2330 3696 4836 
m3493 22 30 32 36 46 49 1532 1536 1546 1549 1622 1636 1649 1822 1849 2322 2330 2332 2336 2346 2349 2472 4136 4336 4836 
m2182 37 46 49 1899 2346 2349 4396 4837 
m700 17 38 40 46 888 1917 1946 2017 2038 2046 2338 4817 
m2037 23 41 1191 2073 3673 
m3453 22 37 46 1122 1137 1146 1872 2322 2337 2346 4837 
m3324 38 40 45 46 1946 2038 2046 2288 2290 2296 
m114 22 23 30 36 40 41 46 1122 1123 1130 1136 1140 1141 1146 1191 1523 1536 1541 1546 1841 1846 2023 2030 2036 2040 2041 2046 2072 2073 2091 2341 3696 4323 
m683 40 46 2040 2046 2340 
m64 11 13 22 33 36 40 661 1111 1113 1122 1133 1136 1140 1661 1811 1813 1833 1840 2011 2013 2033 4163 
m3440 13 26 46 1313 1346 2313 2326 2346 
m3081 38 41 46 1938 1941 1946 2341 
m2010 22 23 36 40 46 49 1123 1136 1146 1199 1822 1823 1836 1840 1846 1849 2022 2023 2036 2040 2046 2049 2323 2336 2346 2349 3686 4346 4823 4836 
m2753 22 36 40 41 1136 1140 1141 1836 1840 1841 2036 2040 2072 2086 2090 2091 4586 
m678 46 2346 
m1921 22 40 46 1140 1146 2040 2046 2340 2346 
m2812 38 46 1946 2346 
m2081 36 40 46 49 1849 2036 2040 2046 2049 2336 2346 2349 4336 4836 
m10 30 41 46 2080 2096 2330 2341 2346 
m201 22 36 46 49 1136 1146 1149 1822 1846 2322 2336 2346 2472 2486 2496 
m1528 14 22 38 46 1114 1146 1914 1922 1938 1946 2314 2322 2346 4814 
m86 
m1533 36 38 46 1936 1946 2336 
m1902 23 36 40 41 46 49 1191 1836 1841 2023 2036 2041 2323 2336 2340 2341 2349 2473 2486 2490 2491 2496 2499 3686 4323 4336 4836 
m3111 22 46 1122 1146 2346 
m371 26 36 37 46 49 1826 1837 1846 1849 1876 1899 2326 2476 2496 4396 
m2477 36 37 46 1837 2336 2337 4336 4337 
m2166 30 36 37 40 46 1536 1537 1540 1546 1837 1840 1846 1890 2037 2046 2340 4396 
m57 22 23 30 46 1122 1123 1130 1146 1523 1530 1546 2330 2346 3696 4823 
m4 22 23 30 46 1122 1123 1130 1146 1180 1523 1530 1546 2330 4823 
m2875 45 2295 
m275 36 37 38 40 46 49 1836 1838 1840 1846 1849 1886 1890 1936 1937 1938 1940 1946 2036 2037 2038 2040 2046 2336 2337 2338 2340 2346 2486 2488 2490 2496 2499 
m1256 14 22 36 41 46 714 722 736 741 1822 1836 1841 2072 2314 2322 2336 2341 3236 4314 4586 4814 
m1988 22 38 46 49 1122 1146 1149 1922 1938 1946 1949 2322 2346 2349 4846 
m1041 22 23 30 46 1122 1123 1130 1146 1523 1530 1546 2330 2346 3696 4823 
m882 22 23 30 46 49 1122 1123 1130 1146 1149 1172 1173 1180 1199 1522 1523 1530 1549 2322 2323 2330 2349 2472 2473 2480 3673 4823 
m2986 22 46 49 1146 1149 2322 2346 2349 2496 
m1038 22 36 40 46 1822 1840 1846 2022 2036 2040 2046 2322 2336 2340 2346 4336 4346 4836 
m3088 13 23 36 46 49 1813 1823 1846 1849 2313 2346 2463 2473 2496 3663 4813 4823 
m1215 22 23 41 1122 1123 1141 1172 2073 
m3289 14 22 40 46 722 2014 2046 2314 2322 2346 4814 
m2847 36 40 46 1846 2036 2040 2046 
m3073 22 23 36 40 41 46 49 1123 1136 1141 1149 1836 1849 2022 2036 2041 2046 2049 2073 2086 2091 2099 2322 2323 2336 2341 2349 2472 2473 2486 2491 4323 4336 4836 
m764 
m3159 30 40 46 2030 2040 2046 2330 2340 2346 
m2533 22 23 36 41 1122 1123 1172 1173 1822 1823 2072 2073 3673 4586 
m1832 12 36 40 41 46 49 636 640 641 649 1836 1840 1841 2036 2041 2336 2340 2341 2349 2486 2490 2491 3136 4336 4812 
m1099 14 36 38 40 738 1838 2014 2036 2038 2040 4314 
m1116 14 40 45 46 745 2014 2040 2046 2314 2345 2346 3214 4814 
m1482 40 45 46 2290 2296 2340 2346 
m1675 5 32 36 45 46 49 282 286 295 299 1636 1645 1649 1845 1849 2255 2282 2286 2295 2305 2332 2336 2345 2349 2495 4136 4336 
m1092 23 45 1195 
m3063 22 23 30 46 1123 1130 1146 1180 1523 1530 1546 2330 4823 
m2498 36 
m2544 23 36 37 40 41 1173 1186 1187 1190 1823 1873 1886 1890 2023 2036 2073 2086 2087 3673 4323 
m1546 16 22 23 30 46 830 1116 1122 1123 1130 1146 1523 1546 2316 2330 2346 3323 3346 3696 4823 
m1400 22 37 40 46 1872 2022 2037 2040 2046 2322 2337 2340 2346 4396 
m1693 12 22 36 40 41 45 46 49 636 640 641 645 649 1145 1822 1836 1840 1841 1845 2012 2022 2036 2040 2041 2045 2046 2049 2072 2095 2272 2295 2336 2340 2349 2486 2490 2491 2495 3136 4336 4812 
m1580 23 30 46 1523 1530 1546 2346 3696 4823 
m2004 14 32 36 46 732 736 1832 2314 2332 4836 
m2803 23 30 36 40 41 49 1186 1190 1199 1523 1530 1536 1540 1549 1823 1836 1840 1849 2073 2080 2086 2090 2099 2490 3686 4336 
m2593 14 22 46 1114 2314 2322 2346 4814 
m361 14 22 40 45 46 722 2014 2045 2046 2264 2272 2296 2314 2322 2340 2345 2346 4814 
m3524 5 22 23 24 40 46 273 274 290 1123 1146 1190 1222 1240 1246 2022 2023 2024 2046 2340 3696 3723 
m324 36 37 40 41 1841 1886 1890 1891 2036 2041 2086 2087 2090 2091 
m3569 28 36 38 1438 1838 1928 1936 4328 
m3430 22 30 36 40 41 46 49 1122 1130 1136 1140 1141 1146 1149 1522 1536 1546 1822 1830 1836 1840 1846 1849 2022 2030 2036 2040 2046 2049 2072 2090 2322 2472 2480 2486 2490 2496 4346 4846 
m2461 22 23 30 46 1123 1130 1146 1180 1523 1530 1546 2322 2323 2330 2346 4823 
m2775 23 46 2346 3696 4823 
m2703 13 38 46 1913 1938 1946 2313 
m3251 10 21 36 46 521 536 546 1821 2321 2346 4836 
m2080 22 23 36 41 1123 1136 1141 1173 1186 1191 3673 3686 4341 
m1709 22 46 2322 2346 
m3563 22 23 36 40 41 1122 1123 1136 1140 1141 1172 1173 1186 1822 1823 1836 1840 1841 2022 2023 2036 2040 2041 2072 2073 2086 2090 3673 4586 
m2948 46 47 2346 2347 
m1252 22 30 36 38 40 41 45 46 1130 1136 1138 1140 1141 1145 1146 1522 1536 1540 1541 1822 1836 1840 1922 1945 1946 2022 2036 2040 2086 2090 2272 2296 2322 2330 2336 2341 
m1369 14 38 46 1914 1946 4814 
m292 36 46 2336 2346 4836 
m2327 11 32 561 582 
m3262 13 38 1913 1938 
m966 26 36 37 46 49 1336 1337 1346 1349 1837 1846 1849 2476 2486 2487 2496 2499 4837 
m747 46 2346 4846 
m1461 5 23 38 273 1905 1923 
m1592 22 23 36 40 41 46 1123 1136 1141 1146 1191 1822 1823 1836 1841 1846 2022 2023 2036 2040 2041 2046 2323 2336 2341 2346 3686 4341 4346 4823 
m1857 8 46 49 408 446 449 2349 
m363 12 14 46 712 2314 2346 3146 3246 4812 
m3640 21 36 40 46 1090 1096 1840 1846 2321 2336 2340 2346 4321 
m787 14 37 38 46 737 738 746 1888 1896 2338 
m649 36 46 49 2486 2496 4836 4846 
m642 33 34 38 40 46 1690 1696 1733 1734 1738 1746 1933 1938 1940 1946 2333 2338 2340 2346 
m318 5 36 38 46 49 255 286 288 296 299 1805 1836 1838 1846 1849 1905 1936 1946 2346 2349 2486 2499 4836 
m919 22 24 1124 
m713 13 25 38 46 675 1913 1925 1946 2313 2325 
m1363 36 41 46 2096 2336 2341 2346 4586 4836 4846 
m1556 36 46 49 1846 1849 2336 2346 2486 2496 4336 4346 4846 
m2108 
m2560 11 46 2311 
m3238 22 23 36 41 1123 1136 1141 1172 1173 1822 1823 2072 2073 3673 4586 
m1669 22 23 36 40 41 1122 1123 1136 1140 1141 1172 1173 1822 1823 1836 1840 1841 2022 2023 2036 2040 2041 2072 2073 2086 2090 3673 4586 
m530 36 49 1836 1849 2486 2499 
m3137 22 37 40 46 1137 1146 2022 2037 2040 2046 2337 2346 4837 
m3502 36 46 2336 2346 4836 4846 
m963 12 36 38 41 46 641 1841 1912 1936 1938 1941 1946 2062 2086 2091 2096 2312 2336 2341 4312 
m2608 14 46 2346 3246 4814 
m2088 14 26 32 46 1314 1346 1626 1646 2314 2346 4814 
m635 22 30 36 40 41 49 1122 1130 1136 1140 1141 1149 1536 1540 1822 1840 1841 2022 2036 2040 2041 2080 2086 2090 2472 2486 2490 
m2641 5 13 26 33 41 46 655 696 1305 1313 1326 1333 1341 1346 1655 1676 1691 1696 2055 2063 2096 2305 4163 
m3649 5 13 38 45 46 655 1913 1946 2255 2263 2288 2296 2305 2313 
m3390 22 23 30 46 1123 1130 1146 1180 1523 1530 1546 2330 4823 
m890 16 23 36 40 41 46 836 840 841 1186 1190 1191 1841 2023 2036 2040 2041 2046 2066 2073 2086 2090 2091 2096 2316 2336 2340 2341 3666 4823 
m1055 36 40 41 1836 1840 2036 2086 2090 2091 4586 
m1942 13 38 688 1913 1938 
m3044 22 23 46 1123 1146 1172 2322 3696 
m3231 14 26 38 41 741 1314 1341 1914 1926 1941 
m1000 13 23 30 46 696 1163 1173 1180 1196 1513 1523 1530 1546 2313 2323 2330 2346 3196 3663 3696 4823 
m422 22 23 36 41 1123 1822 1823 2072 2073 3673 4323 4586 
m2476 38 46 1938 1946 2346 
m3394 15 27 38 41 45 46 777 1915 1938 1941 1946 2065 2077 2088 2096 2288 2291 2296 2315 2327 2346 
m3130 37 46 4837 
m3567 32 36 40 46 1832 2032 2036 2332 2336 2340 2346 4136 4336 4836 
m2349 5 14 30 46 264 296 1505 1514 1546 2305 2314 2330 2346 4814 
m1221 23 30 36 41 49 1191 1523 1530 1541 1823 1830 1836 1841 1849 2073 2080 2086 2091 2099 2473 2480 2486 2491 2499 
m1572 12 23 30 46 1162 1196 1512 1523 1530 1546 2346 3696 4812 
m2934 22 23 30 36 41 1123 1130 1141 1191 1523 1541 1822 1823 1830 1841 
m1129 14 22 36 40 722 736 740 1114 1122 1136 1140 1822 2022 2036 
m142 23 30 46 1180 1523 1530 1546 2330 2346 4823 
m1229 36 38 40 46 49 1936 1938 1940 1946 2036 2046 2049 2346 2349 2486 4836 
m1472 22 23 30 36 40 46 1122 1123 1130 1136 1140 1146 1172 1173 1522 1523 1530 1540 1546 1822 1823 1830 1840 1846 2022 2023 2030 2036 2040 2046 2322 2323 2330 2340 2346 3696 4823 
m1196 36 40 46 49 1836 1846 2036 2040 2046 2049 2336 2346 2349 2486 2496 4336 4836 
m822 37 46 1896 2346 4837 
m241 14 22 46 714 722 746 1114 1146 2314 2346 3246 4814 
m380 21 23 27 38 46 1073 1077 1096 1177 1921 1923 1946 2323 2327 
m3475 22 23 36 40 41 1122 1123 1136 1140 1141 1172 1173 1186 1190 1191 1823 1840 1841 2023 2036 2040 2041 3673 
m1542 12 22 23 30 36 46 622 630 636 1172 1180 1186 1522 1536 1822 2322 2330 2336 3123 3686 4336 4812 4823 
m785 23 32 46 1196 1623 1646 2346 
m1609 22 23 30 41 1123 1141 1172 1173 1191 1522 1523 1541 2072 2073 2080 2091 3673 
m1504 26 32 36 38 46 1332 1336 1346 1832 1926 1932 1936 1946 2332 2336 2346 4836 
m50 23 30 36 49 1180 1523 1530 1549 1823 1830 1836 1849 2473 2480 2486 2499 
m2744 22 30 36 38 41 46 48 1122 1138 1141 1146 1830 1848 1930 1936 1941 1946 2080 2086 2088 2091 2096 2098 2330 2336 2348 2430 4336 
m1486 22 23 30 40 46 1122 1123 1130 1140 1146 1180 1523 1530 1546 2022 2023 2030 2046 2330 2346 4823 
m96 32 36 46 49 1632 1636 1649 1849 2332 2336 2349 
m122 22 23 36 46 1123 1136 1146 2323 4323 4836 
m1225 32 36 40 41 46 1640 1641 1646 1846 2032 2036 2040 2041 2046 2096 2332 2336 2340 2341 2346 4136 4586 
m1677 5 22 36 38 46 49 286 296 299 1136 1138 1146 1149 1836 1846 1849 1905 1936 1946 2346 2349 2455 2486 2488 2496 4836 
m3556 22 23 30 36 49 1123 1130 1136 1149 1522 1523 1530 1822 1823 1830 1836 1849 2472 2473 2480 2486 2499 
