m41 36 41 46 2096 2336 2341 2346 4586 4836 4846 
m228 12 14 40 46 712 2012 2014 2046 2314 2346 3146 3246 4812 
m191 22 36 40 45 1122 1136 1140 1145 1836 1840 1845 2036 2040 2045 2286 2290 
m552 37 49 1899 2487 2499 
m548 23 30 33 38 46 1180 1523 1530 1533 1546 1680 1923 1930 1933 1946 2323 2330 2333 2346 4173 4823 
m286 23 30 49 1180 1199 1549 2473 2480 2499 
m600 13 22 38 49 699 1113 1122 1138 1913 1938 1949 
m205 22 23 36 40 41 1122 1123 1136 1140 1141 1173 1823 1836 1840 1841 2023 2036 2040 2041 2072 2073 2086 2090 2091 3686 4323 
m323 36 
m479 23 36 41 46 1836 1841 1846 2073 2086 2323 2341 4323 4836 
m592 22 36 40 46 49 1136 1140 1146 1846 2022 2036 2040 2046 2049 2322 2336 2340 2346 2349 2486 2496 4836 
m414 46 2346 
m86 13 22 32 36 40 672 686 690 1113 1122 1136 1140 1613 1622 1636 1822 2022 2036 
m660 23 30 46 1180 1523 1530 1546 2330 2346 4823 
m415 23 24 40 46 1190 1240 1246 2023 2024 2040 2046 2323 2324 2340 3696 3723 
m303 22 23 30 36 40 41 46 1122 1123 1130 1136 1140 1141 1146 1180 1522 1523 1530 1536 1540 1546 1822 1823 1830 1836 1840 1841 1846 2022 2023 2030 2036 2040 2041 2046 2072 2086 2090 2322 2323 2330 2340 4823 4846 
m282 22 23 36 41 1122 1123 1136 1822 1823 2072 2073 3673 4323 4586 
m614 22 23 30 1122 1123 1130 1173 1180 1523 3673 
m74 26 46 1346 2346 
m166 30 36 40 49 1536 1549 1830 1836 1849 2030 2036 2499 4336 
m585 14 23 30 36 40 46 730 1180 1814 1823 1830 1846 2014 2023 2030 2036 2040 2046 2314 2330 2346 3223 4346 4814 4823 
m316 46 2346 
m457 46 2346 
m79 22 23 30 36 40 45 46 1123 1130 1136 1140 1146 1180 1523 1530 1536 1546 1830 2023 2030 2036 2046 2272 2273 2280 2286 2290 2296 2330 2336 4323 4823 
m301 22 23 30 36 38 40 41 46 1122 1123 1130 1136 1140 1146 1172 1173 1180 1186 1190 1522 1523 1530 1536 1540 1546 1823 1840 1922 1923 1930 1938 1941 1946 2023 2030 2036 2038 2040 2041 2046 2072 2073 2080 2096 2322 2330 2336 2340 2346 3696 4823 
m35 22 23 30 36 40 41 1122 1123 1136 1140 1141 1172 1173 1186 1190 1191 1522 1523 1541 1840 1841 2023 2036 2041 2072 2073 2086 2090 2091 3673 3686 4323 4336 4586 
m546 22 32 36 40 1122 1132 1136 1140 1622 1636 1640 1822 1836 1840 2022 2036 4332 
m198 5 22 44 46 296 1144 1146 2205 2246 2305 2344 2346 4846 
m18 13 22 36 40 672 686 690 1113 1122 1136 1140 1822 2022 2036 
m90 5 23 24 40 46 273 274 290 1190 1240 1246 2023 2024 2040 2046 2340 3696 3723 
m551 14 22 23 30 40 46 730 746 1114 1122 1123 1130 1146 1180 1514 1523 1530 1546 2014 2022 2023 2030 2046 2330 3223 4823 
m320 
m129 22 23 26 1123 1126 1173 1176 1323 3673 
m638 22 23 30 36 40 41 46 1123 1130 1136 1141 1146 1190 1522 1523 1530 1536 1540 1546 1840 2023 2036 2040 2072 2073 2080 2086 2096 2323 2330 2340 3686 4836 
m438 41 
m36 17 40 46 896 2017 2046 2346 3396 
m281 27 32 1382 
m535 13 22 33 36 37 40 41 683 686 690 1113 1122 1136 1140 1141 1690 1813 1822 1833 1836 1840 1872 1887 2013 2022 2033 2036 2040 2063 2072 2086 
m478 22 23 36 40 46 1122 1123 1136 1140 1146 1186 1190 1196 1822 1836 2022 2036 2040 2046 2322 3686 4346 
m25 5 15 38 40 46 755 1915 1938 1940 1946 2015 2038 2040 2046 2305 2315 2346 4815 
m185 13 22 36 38 40 672 686 690 1113 1122 1136 1140 1822 1913 1922 1936 2022 2036 
m563 28 36 38 46 1928 1936 1946 2328 2336 2346 4328 4836 
m94 22 23 30 46 1122 1123 1130 1146 1523 1530 1546 2330 2346 3696 4823 
m238 12 36 46 49 646 649 1849 2336 2346 2349 3136 4812 
m178 38 41 46 49 1938 1946 1949 2349 
m539 22 23 30 1172 1522 1523 
m220 22 23 30 46 1122 1123 1130 1146 1523 1530 1546 2330 2346 3696 4823 
m339 23 31 46 48 49 1196 1573 1596 2346 2423 2431 2446 2449 2473 2481 2496 
m30 22 36 40 41 1136 1140 1141 1836 1840 1841 2036 2040 2072 2086 2090 2091 4586 
m419 26 31 36 37 46 1576 1587 1596 1826 1831 1837 1846 1876 1896 2326 
m48 23 30 36 49 1180 1199 1549 1823 1830 1849 2473 2480 2486 
m258 23 30 36 40 1180 1523 1530 1536 1540 1830 2023 2030 2036 2040 4323 
m469 22 23 30 36 49 1123 1130 1136 1149 1522 1523 1530 1822 1823 1830 1836 1849 2472 2473 2480 2486 2499 
m352 22 23 24 40 46 1122 1123 1146 1172 1222 1246 2022 2023 2024 2046 2322 3696 3723 
m540 12 36 46 612 636 646 1812 1836 1846 2312 2336 2346 
m596 37 39 46 1889 4396 4839 
m280 12 13 46 662 696 2312 2346 3196 4812 
m192 22 23 30 36 40 46 49 1122 1123 1130 1136 1140 1146 1149 1172 1173 1522 1523 1530 1540 1546 1822 1823 1830 1840 1846 2022 2023 2030 2036 2040 2046 2322 2323 2330 2340 2346 2472 2486 2490 2496 3696 4823 
m137 22 23 30 36 40 46 1122 1123 1130 1136 1140 1146 1172 1173 1180 1186 1190 1522 1523 1530 1536 1540 1546 1823 1840 2023 2036 2040 2322 2330 2336 2340 2346 3696 4823 
m417 14 32 49 732 2464 
m302 12 22 23 30 36 46 630 636 1172 1180 1186 1522 1536 1822 2330 2336 3123 3686 4336 4812 4823 
m530 22 23 30 36 40 41 46 49 1122 1123 1130 1136 1140 1141 1146 1149 1172 1173 1190 1191 1522 1523 1530 1536 1540 1541 1546 1822 1823 1830 1836 1840 1846 1849 2022 2023 2030 2036 2040 2046 2049 2322 2330 2336 2340 2341 2346 2473 2480 2486 2490 2496 3696 4823 
m621 5 30 36 46 280 286 1536 1830 1836 2305 2330 2336 4836 
m514 5 7 13 22 257 263 272 363 372 1107 1113 1122 
m384 13 46 2313 
m249 22 
m575 31 36 37 40 46 1587 1590 1596 1831 1837 1846 1890 1896 2340 
m658 13 17 45 46 49 2295 2296 2313 2317 2349 2463 2467 3363 
m222 14 20 38 46 49 720 1914 1946 1949 2320 2464 2470 2496 4814 
m599 14 46 2314 2346 4814 
m206 22 23 36 40 41 1122 1123 1136 1140 1141 1173 1186 1190 1823 1836 2022 2023 2036 2040 2072 2073 2086 2090 2091 3686 4323 
m449 22 40 41 46 1122 1140 1146 2022 2040 2046 2340 
m623 22 23 30 36 40 46 1122 1123 1130 1136 1140 1146 1172 1173 1180 1186 1190 1522 1523 1530 1536 1540 1546 1823 1840 2022 2023 2030 2036 2040 2046 2322 2330 2336 2340 2346 3696 4823 
m520 2 13 36 38 40 41 46 113 136 138 140 141 1813 1913 1936 1940 2013 2036 2063 2086 2088 2090 2302 2313 2336 2338 2341 2346 
m251 32 36 38 40 46 1636 1638 1640 1646 1836 1838 1840 1846 2036 2046 2332 2336 2338 2340 2346 4136 4336 4346 
m253 32 36 46 49 1832 1849 2332 2336 2346 2349 2482 4332 4336 4836 
m536 22 23 30 36 40 46 49 1122 1123 1130 1136 1140 1146 1149 1172 1173 1180 1186 1190 1199 1522 1523 1530 1536 1540 1546 1549 1823 1840 2022 2023 2030 2036 2040 2046 2322 2330 2336 2340 2472 2473 2480 2486 2490 2496 3696 4823 
m153 31 36 38 46 1588 1838 2331 2338 4331 4836 
m504 14 23 30 36 40 46 730 1180 1814 1823 1830 1846 2014 2023 2030 2036 2040 2046 2314 2330 2346 3223 4346 4814 4823 
m276 11 13 14 37 563 564 587 737 1863 1864 3213 4363 4387 
m76 13 22 36 38 40 1113 1122 1136 1138 1140 1813 1840 1913 1936 1940 2013 
m613 22 45 46 1145 1146 2296 
m81 28 36 38 1438 1838 1928 1936 4328 
m394 36 40 41 46 1840 2036 2040 2041 2046 2086 2096 2336 2340 2346 4346 4846 
m391 46 2346 
m470 38 46 1938 1946 2338 2346 
m91 37 46 49 1899 2337 2346 2349 4396 4837 4846 
m298 14 37 40 46 737 740 746 2037 2046 4837 
m309 22 23 30 36 40 41 1122 1123 1130 1136 1140 1141 1173 1522 1523 1536 1822 1823 1830 1836 2022 2023 2030 2036 2072 2073 2080 2086 2090 2091 3673 4323 4586 
m515 
m497 14 26 46 714 726 746 1314 1346 2314 2326 2346 4814 
m331 46 
m657 38 1938 
m125 12 22 36 37 40 41 46 612 622 636 637 640 641 646 1112 1136 1137 1140 1141 1146 1812 1837 1840 1846 1872 1886 1890 1891 2012 2022 2036 2037 2040 2041 2046 2062 2072 2086 2090 2096 2312 2322 2340 2341 4837 
m77 22 23 30 32 36 40 41 49 1140 1182 1199 1523 1530 1532 1536 1549 1823 1830 1832 1849 2022 2023 2030 2032 2036 2040 2072 2090 2482 
m377 23 31 46 48 49 1196 1573 1596 2346 2423 2431 2446 2473 2481 2496 2498 
m279 13 22 33 36 40 1113 1122 1133 1136 1140 1686 1690 1813 2013 2036 4163 
m99 10 510 
m567 22 37 46 1122 1137 1146 2322 2337 2346 4837 
m161 14 36 41 46 714 736 741 1836 1841 2091 2314 2336 3236 4314 4586 4814 
m142 23 24 40 46 1190 1240 1246 2023 2024 2040 2046 2324 2340 3696 3723 
m158 14 36 38 41 46 714 1814 1836 1838 1914 1936 2064 2086 2088 2096 2314 2336 2338 3236 4314 4586 4814 
m353 26 46 1346 2346 
m85 14 38 40 46 49 1940 1946 1949 2014 2046 2049 2346 2464 2496 4814 
m361 23 30 36 41 1173 1180 1186 1191 1523 1536 1541 1823 1830 1836 1841 2073 2080 2091 3673 4323 4586 
m310 
m505 14 46 714 746 2314 2346 4814 
m326 23 40 46 1190 2023 2040 2046 2340 2346 3696 4823 
m423 30 46 49 2330 2349 2480 
m533 
m342 5 23 24 40 46 273 274 1190 1240 1246 2023 2024 2040 2046 2340 3696 3723 
m434 13 22 36 38 40 672 686 690 1113 1122 1136 1140 1822 1913 1922 1936 2022 2036 
m435 36 40 46 49 1836 1846 2036 2040 2046 2049 2336 2346 2349 2486 2496 4336 4836 
m480 26 40 46 49 2026 2046 2326 2340 2346 2496 
m655 14 23 32 36 49 723 732 736 749 1182 1199 1636 1649 1849 3686 
m50 23 30 36 40 49 1180 1199 1549 1823 1830 1836 1840 1849 2023 2030 2036 2040 2049 2473 2480 2486 2490 
m177 23 30 40 41 1180 1190 1523 1530 1540 2023 2030 2040 
m652 23 27 30 36 40 49 1173 1177 1180 1186 1190 1199 1373 1380 1386 1523 1527 1530 1536 1540 1549 1823 1827 1830 1836 1849 2023 2027 2030 2036 2040 2049 2473 2477 2480 2486 2499 3686 4336 
m589 13 36 39 40 46 49 1813 1840 1846 1849 1986 1990 1996 2013 2036 2040 2046 2049 2463 2496 4813 
m122 
m151 23 30 36 41 1186 1191 1523 1536 1541 3673 3686 4586 
m203 32 1632 
m55 21 23 36 40 46 1171 1821 1823 1846 2021 2023 2036 2040 2046 2321 2323 2346 4346 4823 
m647 23 30 33 46 1180 1523 1530 1533 1546 1680 2330 2333 4173 4823 
m564 22 23 30 46 1122 1123 1130 1146 1180 1523 1530 1546 2330 4823 
m363 14 23 30 38 40 730 1180 1514 1523 1530 1540 1914 1923 1930 1940 2014 2023 2030 3223 
m42 6 43 4656 
m639 23 30 36 40 41 49 1186 1190 1199 1523 1530 1536 1540 1549 1836 1840 1849 2073 2080 2086 2090 2099 2490 3686 4336 
m235 14 22 36 40 722 736 740 1114 1122 1136 1140 1822 2022 2036 
m616 22 30 36 1130 1822 1830 
m299 6 23 36 46 1156 1186 2306 2323 2336 4306 
m136 23 36 41 1186 1191 1823 1836 1841 2073 2086 2091 4341 4586 
m389 23 24 40 46 1190 1240 1246 2023 2024 2040 2046 2340 3696 3723 
m441 16 22 23 46 822 846 1122 1146 1172 2322 3323 3696 
m321 30 46 49 2330 2480 2496 
m400 12 36 40 46 49 1812 2012 2036 2046 2049 2336 2346 2462 2486 2496 3146 4346 4812 
m83 36 40 46 49 1836 1840 1846 1849 2036 2040 2046 2049 2336 2340 2346 2349 2486 2490 2496 4346 
m195 22 23 30 41 1122 1123 1130 1172 1173 1180 1522 1523 1530 2072 2073 2080 3673 
m334 12 22 36 38 40 46 612 636 1112 1122 1136 1138 1140 1146 1812 1836 1840 1846 1912 1922 1936 1938 1940 1946 2012 2022 2036 2038 2046 2312 2336 2346 3146 4812 4836 
m368 46 2346 
m204 22 36 40 46 49 1136 1140 1146 1836 1846 2022 2036 2040 2046 2049 2336 2346 2349 2486 2496 4336 4836 
m396 14 23 30 38 730 1180 1514 1523 1530 1914 1923 1930 3223 
m69 26 38 46 1346 1926 1946 2346 
m341 23 30 46 49 1180 1523 1530 1546 2330 2346 2496 4823 
m464 46 
m642 14 36 38 40 46 49 738 1814 1838 1914 1936 1940 1946 1949 2014 2036 2046 2314 2336 2338 2340 2346 2349 2464 2486 2488 2490 2496 3246 4346 
m645 13 46 2313 
m578 22 32 33 36 40 1122 1132 1133 1136 1140 1633 1672 1822 1832 1833 1836 1840 2022 2032 2033 2036 4136 4186 
m278 14 37 40 46 737 740 746 2037 2046 4837 
m230 22 36 41 1122 1136 1141 1841 2072 2086 2091 4586 
m455 22 23 32 36 40 46 49 1122 1123 1132 1136 1146 1149 1172 1173 1182 1186 1190 1196 1199 1622 1623 1632 1636 1640 1646 1822 1823 1832 1836 1840 1846 1849 2022 2023 2032 2036 2046 2322 2323 2332 2336 2346 2349 2472 2473 2482 2486 2490 2496 3673 3686 3696 4323 4346 
m80 8 36 408 2936 4308 
m345 23 31 46 49 1196 1573 1596 2346 2473 2481 2496 2499 
m33 22 46 1122 1146 
m340 36 40 46 1840 1846 2036 2040 2046 2346 4346 
m512 22 23 30 36 40 46 1122 1123 1130 1136 1140 1146 1172 1173 1522 1523 1530 1540 1546 1822 1823 1830 1840 1846 2023 2030 2036 2040 2046 2322 2323 2330 2336 2340 2346 3696 4823 
m356 6 14 32 36 314 332 732 1806 1814 1832 
m242 14 40 46 2014 2046 2314 2346 4814 
m379 14 23 30 730 1180 1523 1530 3223 
m144 22 23 30 40 41 1140 1180 1523 1530 2022 2023 2030 2090 
m12 14 38 40 46 49 1938 1940 1946 1949 2014 2046 2049 2346 2464 2496 4814 
m483 38 46 1946 2338 2346 
m474 22 23 36 40 41 1123 1141 1173 1186 1190 1823 1836 2023 2036 2040 2072 2073 2086 2090 2091 3686 4323 
m119 13 33 40 690 1690 4163 
m521 14 22 23 30 46 730 746 1114 1122 1123 1130 1146 1180 1514 1523 1530 1546 2330 3223 4823 
m644 12 14 22 45 46 49 645 712 745 1112 1114 1146 2314 2345 2346 2464 2472 2496 3146 3246 4812 
m134 23 45 1173 2273 3673 
m23 22 23 30 46 1122 1123 1130 1146 1180 1523 1530 1546 2330 2346 4823 
m327 22 46 49 1146 1149 2322 2346 2349 2496 
m425 23 31 46 49 1196 1573 1596 2323 2346 2473 2481 2496 
m493 30 36 46 49 1536 1549 1849 2330 2336 2346 2349 
m156 14 22 36 38 40 46 714 736 1114 1136 1138 1140 1146 1836 1914 1936 1940 2014 2036 2314 2336 2338 2340 3236 4314 4814 
m526 27 1377 
m3 6 14 32 36 49 706 714 732 736 749 1606 1636 1806 2456 2482 2486 
m264 22 37 46 49 1137 1146 2322 2337 2346 2472 2496 4396 4837 
m501 22 23 30 41 46 1122 1123 1130 1146 1180 1523 1530 1546 2072 2073 2080 2091 2096 2330 4823 
m390 12 13 22 36 40 622 636 640 672 686 690 1112 1113 1122 1136 1140 1822 2022 2036 3162 
m175 22 23 30 36 40 41 46 1122 1123 1130 1136 1140 1141 1146 1191 1523 1536 1541 1546 1841 1846 2023 2030 2036 2040 2041 2046 2072 2073 2091 2341 3696 4323 
m648 23 30 33 46 1180 1523 1530 1533 1546 1680 2330 2333 4173 4823 
m437 37 40 46 49 1899 2037 2046 2049 2337 2340 2346 2349 4396 
m270 
m216 22 36 40 46 1822 1840 1846 2022 2036 2040 2046 2322 2336 2340 2346 4336 4346 4836 
m43 22 23 24 40 45 46 1122 1145 1172 1190 1195 1222 1240 1245 1246 2022 2023 2024 2040 2045 2046 2272 2295 2322 2340 2345 3696 3723 
m633 36 
m232 22 36 40 41 1141 1822 1841 2036 2041 2072 2086 2091 4586 
m364 14 23 30 40 730 1180 1514 1523 1530 1540 2014 2023 2030 3223 
m24 
m6 6 14 23 32 36 706 723 732 736 1156 1182 1606 1636 1806 3686 
m509 22 23 30 36 40 1123 1136 1173 1180 1186 1190 1523 1536 1540 1823 1830 1840 2023 3673 4336 
m215 23 30 36 41 1191 1523 1536 1541 2073 2086 2091 3686 4586 
m413 36 41 1836 1841 2086 2091 4586 
m381 23 32 46 1196 1623 1646 2346 
m112 23 38 1923 
m297 22 23 30 40 41 1123 1130 1140 1190 1523 1530 1540 2022 2023 2030 2090 
m179 30 36 40 46 1830 1836 1840 1846 2030 2036 2040 2046 2330 2336 2340 2346 4336 4346 4836 
m359 22 23 36 40 41 1123 1136 1140 1141 1173 1823 1836 1840 1841 2023 2036 2040 2041 2072 2073 2086 2090 2091 3686 4323 
m93 22 36 37 40 41 1137 1140 1822 1836 1840 1841 2022 2036 2041 2086 2090 2091 4586 
m338 22 23 30 36 37 40 46 49 1123 1130 1136 1137 1140 1146 1149 1180 1523 1530 1546 1822 1823 1830 1836 1837 1840 1846 1849 1872 1873 1880 1886 1890 1896 2022 2023 2030 2036 2037 2040 2046 2330 2346 2472 2486 2487 2490 4396 4823 
m96 22 36 38 40 41 46 1136 1141 1836 1840 1841 1940 1946 2022 2036 2038 2041 2046 2086 2090 2091 2322 2336 2341 4586 
m269 10 14 27 38 710 1360 1364 1388 1910 1914 1927 1938 
m11 22 36 37 40 46 1122 1136 1140 1146 1822 1836 1837 1840 1846 1872 1896 2022 2036 2037 2040 2046 2322 2337 2346 4387 4396 4837 4846 
m405 37 40 45 46 49 1895 1899 2037 2040 2045 2046 2340 2345 2346 2349 2495 4387 4396 4837 
m227 46 
m308 23 30 36 41 1523 1823 1830 2073 2080 3673 4323 4586 
m628 8 408 
m32 30 46 49 2330 2480 2496 
m622 
m561 13 36 38 40 41 686 690 691 1841 1913 1941 2036 2041 2063 2086 2088 2090 2091 
m562 14 22 38 738 1114 1138 1914 1922 1938 
m240 22 46 1122 1146 2322 2346 4846 
m597 13 36 40 49 2013 2036 2463 2486 2490 4313 
m267 30 38 1930 1938 
m190 46 2346 
m576 37 46 1896 2346 4837 
m416 22 23 30 46 1122 1123 1130 1146 1180 1523 1530 1546 2330 2346 4823 
m329 22 23 30 1122 1123 1130 1172 1173 1180 1522 1523 1530 3673 
m39 23 38 1923 
m609 32 37 46 1637 2332 2337 
m463 23 30 36 41 1173 1523 1823 1830 2073 2080 3673 4323 4586 
m538 38 49 1938 1949 
m590 22 23 30 36 40 46 1122 1123 1130 1136 1140 1146 1180 1523 1530 1822 1823 1830 1840 1846 2022 2023 2030 2046 2330 4823 
m357 40 46 48 2040 2046 2340 2348 2440 2446 
m618 14 38 40 738 1914 1938 1940 2014 2038 2040 
m194 14 22 36 41 46 714 736 1114 1122 1136 1141 1146 1836 2064 2072 2086 2314 2322 2336 2341 3236 4314 4586 4814 
m595 22 45 46 1145 1146 2296 
m510 22 23 30 39 46 1123 1130 1139 1146 1173 1180 1189 1196 1522 1523 1539 1546 1972 1973 1980 1989 1996 2322 2323 2330 2339 2346 3689 3696 4473 4496 4823 
m167 23 36 1186 1836 3686 
m376 23 31 46 49 1196 1573 1596 2346 2473 2481 2496 2499 
m271 22 36 40 41 1136 1140 1141 1836 1840 1841 2036 2041 2091 4586 
m337 22 26 38 46 1146 1322 1346 1922 1926 1946 2346 
m245 14 22 36 40 41 46 714 722 736 741 1822 1836 1841 2014 2036 2046 2072 2314 2322 2336 2341 3236 4314 4586 4814 
m277 22 23 30 46 1122 1123 1130 1146 1196 1523 1546 2346 
m472 23 24 40 46 1190 1240 1246 2023 2024 2040 2046 2340 3696 3723 
m133 23 30 36 40 46 1190 1523 1536 1540 1546 1823 1830 1836 1840 1846 2023 2030 2036 2040 2046 2323 2330 2340 2346 3696 4323 4346 4836 
m56 23 24 40 46 1190 1240 1246 2023 2024 2040 2046 2323 2324 2340 3696 3723 
m461 22 23 30 36 40 1122 1123 1130 1136 1140 1172 1173 1180 1186 1190 1523 1536 1540 1822 2022 2023 2036 3673 3686 4323 4336 
m168 23 36 1186 1836 3686 
m113 12 36 38 41 46 641 1841 1912 1936 1938 1941 1946 2062 2086 2091 2096 2312 2336 2341 4312 
m149 14 36 38 46 49 736 738 746 749 1814 1846 1849 1914 1936 1946 1949 2336 2338 2346 2349 2464 2486 2496 4814 
m554 37 46 4837 
m372 
m525 26 36 46 49 1336 1346 2476 2486 2496 4836 4846 
m397 36 37 38 40 46 49 1837 1849 1936 1940 1946 2036 2037 2046 2336 2337 2349 2487 
m155 22 23 30 36 40 46 1122 1123 1130 1136 1140 1146 1173 1180 1186 1190 1522 1523 1530 1536 1540 1822 1823 1830 1836 1840 1846 2022 2023 2030 2036 2040 2046 2322 2323 2330 2336 3673 4823 
m237 22 23 30 46 1123 1130 1146 1180 1523 1530 1546 2330 4823 
m557 26 46 1346 
m591 22 23 27 30 36 40 49 1172 1186 1199 1372 1373 1380 1386 1399 1522 1523 1527 1530 1536 1549 1822 1823 1827 1830 1836 1840 1849 2023 2027 2030 2036 2040 2049 2472 2473 2477 2480 2486 2499 3686 4336 
m252 14 22 32 732 1114 1132 
m444 
m406 22 36 40 46 1136 1140 1146 1846 2022 2036 2040 2046 4336 4346 
m72 5 13 27 38 46 263 296 1355 1363 1396 1905 1913 1927 1946 2313 2346 4813 
m502 37 39 40 46 49 1890 1899 1987 1990 1999 2340 2490 2496 4396 4496 
m409 22 30 36 40 41 1136 1141 1536 1540 1541 1822 1836 1840 1841 2022 2036 2040 2041 2086 4336 4586 
m349 23 27 1173 1177 1373 1377 
m476 22 23 36 38 41 1122 1123 1136 1138 1141 1922 1923 1936 1938 1941 2073 3686 4586 
m172 6 14 32 36 314 332 732 1806 1814 1832 
m26 14 22 36 40 46 714 1114 1136 1140 1814 2014 2036 2046 3236 3246 4346 4814 
m347 22 37 46 49 1872 2322 2346 2487 2496 4396 4837 
m71 22 26 33 36 49 1322 1333 1349 1672 1822 1826 1833 1849 2472 2483 
m247 46 2346 
m481 23 30 36 41 49 1191 1523 1530 1541 1823 1830 1836 1841 1849 2073 2080 2086 2091 2099 2473 2480 2486 2491 2499 
m453 37 46 49 1899 2346 2349 2487 2496 4396 4837 
m265 23 30 36 38 46 49 1173 1180 1186 1196 1199 1523 1530 1536 1538 1546 1549 1823 1830 1838 1846 1849 1923 1930 1936 1946 1949 2330 2336 2338 2346 2349 2473 2480 2486 2488 2496 4823 
m511 36 40 41 1841 2036 2041 2086 2090 2091 
m284 23 30 36 40 41 1173 1180 1186 1190 1523 1530 1536 1540 1823 1830 1836 1840 2023 2030 2036 2040 2073 2080 2086 2090 3673 4323 
m385 23 36 38 40 46 1923 1936 1940 1946 2023 2036 2046 2323 3686 4836 
m45 22 36 40 46 49 1136 1140 1146 1846 2022 2036 2040 2046 2049 2336 2340 2346 2349 2486 4836 
m465 12 15 26 40 41 626 776 2012 2015 2041 2062 2065 2076 3262 
m523 14 23 40 46 49 1196 2014 2023 2046 2049 2464 2473 2496 3664 4814 
m517 22 23 30 38 41 1141 1172 1191 1522 1523 1538 1541 1922 1923 1930 1938 1941 
m75 36 40 41 1836 1840 2036 2086 2090 2091 4586 
m59 22 23 30 36 40 46 49 1122 1123 1130 1136 1140 1146 1149 1172 1173 1180 1186 1190 1199 1522 1523 1530 1536 1540 1546 1549 1823 1840 2022 2023 2030 2036 2040 2046 2322 2330 2336 2340 2472 2473 2480 2486 2490 2496 3696 4823 
m88 36 40 41 1836 1840 1841 2036 2041 2086 2090 2091 4586 
m443 14 26 32 46 1314 1346 1626 2314 2346 4814 
m541 14 46 2346 3246 4814 
m489 13 33 36 38 40 41 686 690 691 1686 1690 1691 1841 1913 1933 1936 1938 1941 2036 2041 2063 2083 2086 2090 2091 3183 
m571 14 40 46 714 740 746 2014 2046 2340 2346 4814 
m459 22 23 30 36 40 41 1122 1123 1130 1136 1140 1172 1173 1186 1190 1523 1536 1822 2022 2036 2072 2073 2080 2086 2090 3673 3686 
m612 12 22 23 30 36 40 46 612 622 623 630 636 646 1112 1136 1140 1146 1162 1173 1512 1523 1536 1546 1812 1822 1823 1830 1836 1846 2012 2023 2030 2036 2046 2312 2322 2323 2330 2336 3123 3686 4346 4812 
m200 23 24 40 46 1190 1240 1246 2023 2024 2040 2046 2340 3696 3723 
m420 12 13 22 32 36 40 49 632 682 699 1112 1113 1122 1132 1136 1140 1812 1813 1832 1836 1840 1849 2012 2013 2036 2049 2462 2482 2486 3136 3162 3186 
m654 38 46 1938 1946 2338 2346 
m484 13 22 33 36 40 46 49 672 686 690 1113 1133 1136 1672 1686 1690 1822 2013 2022 2036 2046 2313 2322 2333 2336 2340 2349 2463 2472 2483 2486 3183 
m626 11 13 33 661 1661 4163 
m498 22 23 36 40 41 1123 1136 1140 1172 1822 1823 1836 2022 2023 2036 2072 2073 2086 2090 2091 3673 4323 4586 
m40 38 46 1938 1946 2346 
m233 12 22 36 40 46 49 636 1136 1146 1812 1836 1846 2022 2036 2040 2046 2312 2336 2346 2349 2462 2486 2496 3136 4336 4812 4836 
m398 33 36 38 46 49 1833 1846 1938 1946 2333 2336 2346 2349 2483 2486 2496 4833 
m130 5 23 24 40 46 273 274 1190 1240 1246 2023 2024 2040 2046 2340 3696 3723 
m289 14 36 38 40 738 1838 2014 2036 2038 2040 4314 
m66 23 30 40 46 49 1190 1199 1523 1530 1540 1546 1549 2330 2340 2346 2349 2490 2496 3696 4823 
m208 46 2346 
m108 12 26 46 626 1312 1326 1346 2326 4812 
m163 6 36 40 43 336 340 1806 1836 1840 1843 2006 2036 2043 2186 2190 2843 
m292 22 23 30 36 40 46 49 1122 1123 1130 1136 1140 1146 1149 1172 1173 1180 1186 1190 1199 1522 1523 1530 1536 1540 1546 1549 1822 1823 1830 1836 1840 1846 1849 2022 2023 2030 2036 2040 2046 2322 2330 2336 2340 2472 2473 2480 2486 2496 3696 4823 
m182 23 24 40 46 1190 1240 1246 2023 2024 2040 2046 2340 3696 3723 
m503 30 36 39 40 46 1530 1539 1546 1830 1840 1846 1980 2030 2036 2039 2040 2046 2330 2339 2340 2346 4346 
m375 22 32 46 1122 1132 1146 1622 1646 2322 2332 2346 4846 
m27 5 23 24 40 46 273 274 1190 1240 1246 2023 2024 2040 2046 2340 3696 3723 
m315 22 23 36 41 1123 1822 1823 2072 2073 3673 4323 4586 
m241 14 22 36 40 46 1114 1136 1140 1146 1814 1822 1836 1840 1846 2014 2022 2036 2040 2046 2346 4346 4814 
m369 22 23 36 40 46 1122 1123 1136 1140 1146 1172 1822 2023 2036 2046 2322 2323 2336 2340 2346 4323 4823 4836 
m225 23 30 46 1180 1523 1530 1546 2330 2346 4823 
m22 23 26 34 36 46 1176 1184 1186 1196 1726 1746 1826 1846 2326 4334 
m431 5 22 23 24 40 46 273 274 1123 1146 1190 1222 1240 1246 2022 2023 2024 2040 2046 2340 3696 3723 
m646 14 33 37 46 737 746 2333 3233 4383 4837 
