m598 13 37 4363 
m285 22 44 46 1144 1146 2222 2246 2322 2344 2346 4846 
m661 22 23 30 1122 1123 1130 1172 1173 1180 1522 1523 1530 3673 
m219 46 
m2 16 23 36 40 41 46 836 840 841 1186 1190 1191 1841 2023 2036 2041 2046 2066 2073 2086 2090 2091 2096 2316 2336 2340 2341 3666 4823 
m442 23 38 45 1923 2273 2288 
m138 22 36 46 49 1136 1146 1849 2336 2346 2349 
m217 
m145 46 
m121 13 22 46 672 2322 4813 
m508 14 40 46 2014 2040 2046 2314 2346 4814 
m611 22 23 30 32 36 40 46 1122 1123 1130 1132 1136 1140 1146 1172 1173 1522 1523 1530 1532 1540 1546 1623 1630 1646 1822 1823 1830 1832 1840 1846 2023 2030 2032 2036 2040 2046 2322 2323 2330 2332 2340 2346 3696 4823 
m436 37 40 46 49 1899 2037 2046 2049 2337 2340 2346 2349 4396 
m568 26 46 1346 2346 
m625 14 22 36 1114 1136 4314 
m132 41 46 2341 
m63 22 23 36 37 40 1123 1136 1140 1172 1173 1186 1190 1823 1840 1872 1873 1886 1890 2023 2036 2040 3673 3686 4323 4336 
m188 46 
m120 7 38 46 1907 1946 2307 2338 2346 
m605 14 46 746 2346 
m197 21 23 46 1171 2321 2323 
m34 23 46 2346 4823 
m424 22 23 30 46 1122 1123 1130 1146 1180 1523 1530 1546 2330 2346 4823 
m641 30 38 46 1946 2330 
m127 23 36 40 41 1191 1823 1841 2023 2036 2041 3686 4323 4336 4586 
m319 16 23 40 46 840 846 1190 2016 2023 2040 2046 2340 3323 3696 
m221 36 40 49 1836 1840 1849 2036 2040 2049 2486 2490 2499 
m196 23 30 46 1173 1180 1196 1523 1530 1546 2323 2330 2346 3696 4823 
m131 37 38 39 46 49 1899 1937 1946 1987 1988 1996 2337 2346 2349 4496 4837 
m543 40 46 2340 
m305 23 45 2273 
m98 36 45 1845 
m171 28 38 1928 1938 
m383 33 38 46 1688 1938 1946 2338 4196 
m313 22 40 46 1146 2022 2040 2046 2346 
m15 17 46 2317 2346 4817 
m656 40 45 46 2040 2045 2046 2345 4846 
m586 13 37 38 46 1913 1937 1946 2313 2337 4363 
m485 13 22 36 38 40 672 686 690 1113 1122 1136 1140 1822 1913 1922 1936 2022 2036 
m558 22 46 1122 1146 
m118 22 23 30 38 1122 1123 1130 1172 1173 1188 1522 1523 1530 3673 
m123 46 
m325 13 22 36 38 40 41 1113 1136 1138 1140 1141 1813 1840 1913 1922 1936 1938 1940 1941 2013 2063 2086 2088 2090 
m58 30 36 41 46 49 1536 1541 1841 2080 2086 2091 2096 2099 2330 2336 2341 2346 2349 2480 2486 2491 
m573 22 23 30 38 1123 1130 1172 1173 1188 1523 1530 3673 
m186 22 23 30 46 1122 1123 1130 1146 1180 1523 1530 1546 2330 2346 4823 
m581 45 
m143 26 46 1326 1346 2346 
m351 22 23 30 36 40 41 1122 1123 1130 1136 1140 1141 1173 1180 1190 1522 1523 1530 1536 1540 1822 1823 1830 1840 2022 2023 2030 2036 2072 2073 2080 2086 2090 3673 
m518 26 46 1326 1346 
m31 22 46 1122 1146 
m603 14 46 746 2346 
m293 40 46 2046 
m162 22 23 36 40 41 1123 1136 1173 1186 1190 1191 1823 1836 1840 1841 2023 2036 2040 2041 2073 2086 3673 3686 4323 4586 
m373 13 36 46 49 699 1849 2313 2349 4313 4836 
m448 23 36 41 1186 2073 3673 4323 4586 
m60 46 50 2546 
m107 26 40 46 49 1340 1346 1349 2046 2490 2496 
m231 22 23 30 38 41 1123 1130 1172 1173 1188 1523 1530 2072 2073 2080 3673 
m631 23 46 1173 1196 3696 
m475 22 23 36 40 46 1122 1123 1136 1140 1146 1186 1190 1196 1822 1836 2022 2036 2040 2046 2322 3686 4346 
m209 5 13 22 255 263 272 1105 1113 1122 
m52 23 30 46 49 1180 1199 1549 2323 2330 2346 2349 2473 2496 
m454 22 23 30 36 40 41 46 1122 1123 1130 1136 1140 1141 1146 1191 1523 1536 1541 1546 1841 1846 2023 2030 2036 2040 2041 2046 2072 2073 2091 2341 3696 4323 
m635 36 49 1849 
m29 17 38 46 896 1917 1938 1946 2317 2338 2346 3396 4817 4846 
m82 30 46 2330 
m430 26 38 46 1926 1946 2326 
m432 9 17 40 46 49 859 896 2009 2017 2046 2049 2309 2346 2459 2467 2496 3396 
m311 5 31 36 255 281 286 1555 1581 1586 1805 1831 1836 
m140 37 
m16 36 40 46 49 1836 1840 1846 1849 2036 2046 2049 2336 2340 2346 2349 2486 2490 2496 4346 4836 4846 
m290 46 2346 4846 
m529 36 37 39 40 41 46 49 1837 1839 1840 1841 1846 1849 1889 2037 2039 2046 2087 2089 2090 2096 2487 2490 2491 4396 4839 
m314 40 46 2046 
m312 14 40 45 46 745 2014 2040 2046 2314 2345 2346 3214 4814 
m263 14 22 23 30 730 1114 1122 1123 1130 1180 1514 1522 1523 1530 3223 
m38 14 22 36 40 722 736 740 1114 1122 1136 1140 1822 2022 2036 
m460 22 23 32 36 40 46 49 1122 1123 1132 1136 1146 1149 1172 1173 1182 1186 1190 1196 1199 1622 1623 1632 1636 1640 1646 1822 1823 1832 1836 1840 1846 1849 2022 2023 2032 2036 2046 2322 2323 2332 2336 2346 2349 2472 2473 2482 2486 2490 2496 3673 3686 3696 4323 4346 
m410 22 30 46 1130 1146 2330 
m468 37 
m494 14 22 46 722 746 2322 2346 
m53 23 45 46 1195 2323 2345 4823 4846 
m146 22 40 41 46 1140 1141 2022 2040 2041 2046 2072 2090 2091 2096 2341 
m103 23 36 40 41 45 1186 1190 1823 1836 1840 2023 2036 2040 2073 2086 2090 2291 
m117 17 46 2317 2346 4817 
m411 22 23 30 1123 1172 1173 1180 1522 1523 1530 3673 
m193 13 46 2313 
m386 22 23 30 36 40 46 49 1122 1123 1130 1136 1140 1146 1172 1173 1180 1186 1190 1196 1523 1530 1536 1540 1546 1822 1823 1830 1840 1846 2022 2023 2030 2036 2040 2046 2330 2346 2472 2473 2486 2490 3696 4336 4346 4823 
m243 23 36 40 1823 1836 1840 2023 2036 2040 3686 
m248 23 36 45 46 1186 1196 1836 1846 2273 2286 2296 3686 4836 
m70 26 38 46 1338 1346 1946 2346 
m447 22 41 46 1141 1146 2341 
m234 22 26 46 1146 1322 1346 
m452 14 22 36 40 722 736 740 1114 1122 1136 1140 1822 2022 2036 
m5 22 23 36 40 41 46 1122 1136 1140 1146 1191 1822 1823 1836 1840 1841 1846 2022 2023 2036 2040 2041 2046 2323 2336 2341 2346 3686 4336 4341 4346 4823 
m324 13 22 33 36 40 672 686 690 1113 1122 1133 1136 1140 1672 1686 1690 1822 1840 2022 3183 
m173 5 36 46 49 255 286 1805 1836 1846 1849 2305 2336 2455 2486 2496 
m65 46 2346 
m13 14 33 4164 
m650 26 46 1346 
m17 26 46 1346 
m322 7 22 46 1122 1146 2307 2346 
m569 30 46 2330 
m212 23 30 38 1180 1523 1530 1538 1923 1930 1938 
m593 30 36 46 49 1536 1549 1849 2330 2336 2346 2349 
m395 22 23 30 40 46 1122 1123 1130 1140 1146 1180 1523 1530 1546 2022 2023 2030 2046 2330 2346 4823 
m602 14 46 746 2346 
m408 38 45 1938 1945 
m64 46 2346 4846 
m380 23 32 39 49 1173 1639 1973 2482 2489 3673 
m426 23 30 46 1196 1523 1530 1546 2323 2330 2346 3696 4823 
m522 22 30 39 1130 1139 1980 
m608 22 23 30 38 41 1123 1130 1172 1173 1188 1522 1523 1530 2072 2073 2080 3673 
m101 22 23 30 38 1122 1123 1130 1172 1173 1188 1522 1523 1530 3673 
m187 26 46 1326 1346 2346 
m259 14 27 38 727 1914 1927 
m44 14 45 745 
m165 46 
m393 13 37 4363 
m477 26 36 46 49 1326 1336 1346 1349 1826 1846 1849 2326 2476 2496 
m306 36 38 1936 
m124 22 23 30 1122 1123 1130 1172 1173 1180 1522 1523 1530 3673 
m572 8 22 23 30 46 408 422 423 430 446 1122 1123 1130 1146 1180 1523 1530 1546 2330 4823 
m499 22 23 30 36 40 46 1122 1123 1130 1136 1140 1146 1172 1173 1522 1523 1530 1540 1546 1822 1823 1830 1840 1846 2023 2030 2036 2040 2046 2322 2323 2330 2340 2346 3696 4823 
m154 13 36 40 41 686 690 691 1841 2036 2041 2063 2086 2090 2091 
m294 22 45 46 1145 1146 2296 
m371 23 30 46 1180 1523 1530 1546 2330 2346 4823 
m607 22 44 46 1122 1144 1146 2222 2246 2322 2344 2346 
m507 22 23 30 46 1122 1123 1130 1146 1196 1523 1530 1546 2322 2323 2330 2346 3696 4823 
m570 22 46 1146 
m537 22 23 36 40 41 1123 1136 1140 1141 1172 1822 1823 1836 1840 2023 2036 2072 2073 2086 2090 2091 3673 4323 4586 
m495 14 22 46 722 746 2322 2346 
m4 26 46 50 1326 1346 1350 2350 
m100 36 46 49 1849 2336 2349 4336 
m260 12 14 33 46 712 746 2333 3133 3233 4812 
m62 22 40 46 1146 2340 
m604 23 
m139 11 45 595 
m620 
m28 14 22 46 722 746 2322 2346 
m304 26 46 1346 2346 
m367 45 
m307 36 46 49 1849 2336 2346 2349 4836 
m587 46 48 2348 
m421 22 23 36 40 1122 1123 1136 1140 1173 1186 1190 1822 1823 1836 1840 2022 2023 2036 2040 3673 3686 
m577 22 23 30 38 1122 1123 1130 1138 1172 1173 1188 1523 1530 1538 1922 1923 3673 
m111 22 23 30 38 41 1122 1123 1130 1172 1173 1180 1188 1523 1538 1541 1922 1923 1930 1938 2072 2073 2080 2088 3673 
m51 22 40 46 1140 1146 2046 
m104 22 23 30 36 40 46 1122 1123 1130 1136 1140 1146 1172 1173 1522 1523 1530 1540 1546 1822 1823 1830 1840 1846 2022 2023 2030 2036 2040 2046 2322 2323 2330 2340 2346 3696 4823 
m422 22 23 30 36 40 41 1122 1123 1130 1136 1140 1172 1180 1186 1522 1523 1536 1822 2023 2030 2036 2072 2073 2080 2086 2090 3673 4323 
m629 23 36 1186 
m207 21 36 46 49 1086 1099 1849 2321 2336 2346 2349 
m150 22 45 46 1122 1145 1146 2345 
m202 3 30 153 180 1503 1530 
m262 23 36 40 46 1186 2023 2036 2040 2046 2323 2336 2340 2346 3696 4346 
m427 22 23 30 38 41 1123 1130 1172 1173 1188 1522 1523 1530 2072 2073 2080 3673 
m583 13 22 36 38 40 1113 1122 1136 1138 1140 1813 1840 1913 1936 1940 2013 
