m1131 45 46 2296 2345 2346 4846 
m896 16 23 36 40 41 46 836 840 841 1186 1190 1191 1841 2023 2036 2040 2041 2046 2066 2073 2086 2090 2091 2096 2316 2336 2340 2341 3666 4823 
m2076 37 46 4837 
m3075 36 40 46 1840 2336 2340 
m3430 15 45 795 
m2310 29 
m2944 14 22 40 46 722 746 2014 2022 2046 2322 
m3498 30 32 36 40 46 1630 1640 1646 1830 1840 2030 2330 2332 2336 2340 2346 4136 
m442 36 45 46 1845 2336 2345 
m1488 5 13 22 255 263 272 1105 1113 1122 
m538 23 38 45 1195 1923 1945 3673 
m2050 13 22 1113 1122 
m2004 22 23 32 1122 1123 1132 1182 1622 1623 1632 
m582 22 46 1122 1146 2322 2346 
m2162 16 
m3322 8 41 46 49 408 446 449 2058 2096 2308 2341 2346 2349 2458 2496 
m351 13 33 46 1663 1683 2313 2333 4163 4833 
m2229 22 44 46 1122 1144 1146 2222 2246 2322 2344 2346 
m776 36 40 41 46 49 1836 1841 1846 1849 2036 2040 2041 2046 2086 2096 2099 2336 2346 2349 4346 4586 4836 
m1806 5 36 45 286 295 1845 4336 
m604 14 32 36 41 46 736 741 1614 1641 2314 2332 2336 2341 4136 4586 
m743 32 46 2332 2346 
m2382 46 
m1432 14 45 46 714 745 746 2345 4814 
m343 13 22 33 36 40 45 672 686 690 695 1122 1136 1140 1672 1686 1690 1822 2022 2036 2272 2283 2286 2290 3183 
m789 26 46 1326 1346 
m346 13 22 33 36 40 1113 1122 1133 1136 1140 1813 1833 1840 2013 2033 4163 
m3096 22 23 30 36 40 41 46 1122 1123 1130 1136 1140 1141 1146 1191 1523 1536 1541 1546 1841 1846 2023 2030 2036 2040 2041 2046 2072 2341 3696 4323 
m965 22 23 36 1123 1136 3686 
m2820 22 32 46 1122 1132 1146 1622 1632 1646 2322 2332 2346 
m418 5 37 46 1855 2305 4837 
m1918 23 36 40 41 46 49 1191 1836 1841 2023 2036 2041 2073 2086 2090 2091 2096 2099 2323 2336 2340 2341 2349 2473 2486 2490 2491 2499 4323 4336 4836 
m963 7 45 46 2257 2295 2296 2307 2346 
m2355 22 36 46 49 1136 1146 1149 1849 2336 2346 2349 
m2189 20 22 36 40 1120 1122 1136 1140 1820 1840 2020 
m740 23 38 46 1188 1923 1938 1946 2338 2346 3696 4823 
m2109 13 22 36 38 40 672 686 690 1113 1122 1136 1140 1822 1913 1922 1936 2022 2036 
m2696 13 37 4363 
m141 22 44 46 1146 2344 2346 4846 
m1090 37 45 46 1895 2337 2345 2346 
m1533 14 36 40 49 749 1814 1849 2014 2036 
m1216 22 41 46 1141 1146 2341 
m3521 23 36 41 49 1186 1199 1823 1836 1849 2073 2086 2099 2473 3673 4323 4586 
m1566 22 23 36 40 41 46 1122 1123 1136 1140 1186 1190 1836 1840 2036 2040 2072 2073 2086 2090 2322 2323 2336 2340 2341 3686 
m2571 14 36 1814 4314 4336 
m3210 27 36 40 46 1827 1840 2027 2036 2040 2327 2340 4836 
m210 22 36 46 49 1149 1822 1836 1846 1849 2322 2349 2472 2486 2499 4836 
m541 12 22 30 622 1512 1522 
m3423 22 36 40 46 48 1822 2022 2036 2322 2336 2340 2436 2440 2446 
m1528 18 23 1168 
m2165 40 46 2040 2046 2340 
m3698 13 33 4163 
m497 22 36 45 46 1136 1146 1845 1846 2336 2345 2346 4836 4846 
m1323 22 23 36 41 1122 1123 1136 1141 2073 3686 4586 
m2321 36 40 41 46 1841 2036 2040 2041 2046 2086 2090 2091 2096 2336 2340 2341 2346 
m907 22 33 46 1122 1133 1146 1696 2333 2346 4196 
m947 22 38 45 46 1122 1146 1922 1938 1945 1946 2272 2288 2295 2296 2346 
m3211 23 32 46 1173 1182 1196 1623 1632 1646 2323 2332 2346 4823 
m3710 5 13 22 38 46 655 696 1113 1146 1905 1913 1922 1946 2305 
m1896 37 46 1896 2337 2346 4846 
m3145 14 22 23 30 36 40 41 741 1123 1130 1136 1140 1141 1191 1523 1536 1540 1541 1823 1841 2023 2036 2041 2072 2073 2080 2086 2090 2091 3673 4323 
m2470 12 46 49 2349 2462 4812 
m2486 8 36 46 1808 2308 2336 2346 4836 
m2887 45 46 2345 
m3019 26 37 46 1876 2326 2337 
m2581 12 45 46 645 2345 4812 
m3141 22 23 30 36 40 41 46 49 1122 1123 1130 1136 1140 1141 1146 1149 1172 1173 1190 1191 1522 1523 1530 1536 1540 1541 1546 1822 1823 1830 1836 1840 1846 1849 2022 2023 2030 2036 2040 2041 2046 2049 2322 2323 2330 2336 2340 2341 2346 2473 2480 2486 2490 2496 3696 4823 
m661 13 22 38 1113 1122 1138 1913 
m1367 5 23 27 41 273 291 1355 1373 1391 2073 3673 
m858 
m3166 22 38 44 46 1146 1922 1946 2344 2346 4846 
m1559 22 36 41 49 1122 1136 1141 1149 1822 1841 2072 2086 2091 2099 2472 2486 2491 4336 
m733 13 22 41 691 1113 1122 1141 
m2097 13 17 22 45 46 672 872 2263 2267 2295 2296 2313 2317 2322 3363 
m387 13 36 40 49 2013 2036 2463 2486 2490 4313 
m3112 14 40 46 2014 2040 2046 2314 2346 4814 
m80 44 46 49 2246 2494 2496 
m1254 13 46 696 
m726 14 22 38 46 49 722 749 1938 1946 2314 2322 2346 2349 2472 
m277 13 22 33 36 40 1113 1122 1133 1136 1140 1813 1833 1840 2013 2033 4163 
m3100 36 
m1867 5 22 44 46 272 294 296 1144 1146 2205 2246 2305 2322 2344 2346 4846 
m3624 5 13 14 38 46 655 705 746 1913 1914 1946 2305 2313 3213 
m545 46 
m2278 45 46 2345 2346 
m2763 5 14 40 45 46 705 745 2005 2014 2045 2046 2255 2305 2345 4814 
m2915 22 46 1146 
m1176 36 40 48 49 1836 1840 2036 2436 2440 2449 2486 2490 4336 
m3384 5 36 45 46 286 295 1845 2305 2336 2345 4336 
m549 46 
m2113 30 40 46 49 1540 1546 1549 2030 2040 2046 2330 2340 2346 2349 2490 2496 
m2697 23 
m2576 23 41 1191 2073 2091 
m2214 45 46 2296 
m2197 32 1632 
m1402 37 46 49 1887 1899 2337 2346 2349 2487 2496 4396 4837 
m1211 30 36 40 46 49 1549 1830 1836 1846 1849 2030 2036 2040 2046 2049 2330 2349 2480 2499 
m931 14 40 46 2014 2046 2314 2346 4814 
m2842 13 33 4163 
m3054 13 23 36 1186 1813 3663 
m3641 22 36 40 1122 1136 1140 2022 2036 2040 
m2384 22 30 45 1122 1130 1145 1545 
m1110 32 36 4332 
m2200 32 46 48 2332 2348 2432 
m1344 32 36 41 46 1641 2332 2336 2341 2346 4136 4341 
m1860 33 46 2333 2346 
m1170 36 
m1924 13 22 33 36 40 46 1113 1122 1133 1136 1140 1146 1813 1833 1840 1846 2013 2022 2033 2036 2040 2046 2313 2333 4163 
m3103 30 44 45 1545 2230 2245 
m992 22 38 46 1146 1922 1946 
m1185 36 
m3666 34 46 1746 
m1186 33 38 46 1688 1938 1946 2338 4196 
m2986 22 40 46 1140 1146 2046 
m3465 36 46 49 2336 2349 2486 
m2037 36 40 45 46 1845 2036 2040 2045 2046 2295 2296 2345 4346 
m1263 37 46 1887 1896 2337 2346 4837 
m1029 14 40 46 2014 2040 2046 2314 2346 3214 4814 
m1682 9 13 33 38 463 483 488 688 1688 4163 
m3578 31 36 1581 1586 1836 4086 
m2042 22 45 2272 
m3489 5 22 36 40 41 272 286 290 291 1105 1122 1136 1140 1141 1840 1841 2041 
m1261 30 40 45 46 2030 2040 2045 2046 2280 2290 2296 2330 2340 2346 
m1146 22 30 36 41 1122 1130 1136 1530 1536 1541 1830 2080 4586 
m1575 6 36 42 45 306 345 1845 2106 2145 2836 4306 4606 4636 
m777 22 44 46 1144 1146 2246 2322 2344 2346 4846 
m443 37 45 46 1895 2345 4837 
m509 37 46 2337 
m1984 2 36 45 46 145 1845 2252 2286 2295 2302 2345 2636 4836 
m3414 36 37 40 46 1840 1886 1890 1896 2036 2037 2040 2046 2336 2340 2346 4346 4837 
m1265 37 46 2337 2346 4837 4846 
m3099 22 26 46 1146 1322 1326 1346 
m2033 38 45 1938 1945 2288 2295 
m419 33 45 1695 
m3628 13 22 32 36 40 672 686 1113 1122 1136 1140 1613 1622 1636 1822 1836 1840 2022 2036 2040 
m1178 37 45 1895 
m2122 37 46 4837 
m389 36 46 2336 2346 4836 4846 
m1414 32 45 46 2282 2296 2332 
m1127 36 
m1742 17 22 1117 
m323 23 45 1173 1195 2273 2295 
m1663 5 45 46 2255 2296 2305 
m1441 22 36 40 46 1122 1136 1140 1146 1840 2040 2336 2340 
m1255 32 36 37 46 1646 1882 1896 4136 4346 4386 
m2655 22 26 33 36 49 1126 1133 1676 1822 1826 1833 1849 2472 2476 2483 
m281 14 26 32 726 1614 1626 
m2565 13 22 36 40 41 1113 1136 1140 1813 1840 2013 2063 2072 2086 2090 
m2098 13 46 4813 
m2618 22 44 46 1144 1146 2246 2322 2344 2346 4846 
m3336 22 23 30 46 1122 1123 1130 1146 1180 1523 1530 1546 2330 2346 4823 
m534 32 36 41 46 1636 1641 1841 2332 2336 2341 4136 4336 4341 4836 4846 
m2730 22 23 30 1122 1123 1130 1172 1173 1180 1522 1523 1530 3673 
m717 13 25 38 46 675 1913 1925 1946 2313 2325 
m3081 48 2448 
m3186 22 23 30 36 41 1122 1123 1130 1136 1172 1173 1522 1523 1822 1823 1830 2072 2073 2080 3673 4586 
m876 46 2346 
m1717 23 32 36 40 49 1182 1632 1823 1832 1849 2023 2032 2036 2049 2473 2482 
m2031 32 36 38 41 46 1641 1646 1932 1936 1941 1946 2332 2336 2341 2346 4136 4586 
m2380 36 37 38 40 46 1836 1837 1840 1846 1886 1890 1936 1937 1940 1946 2036 2037 2038 2040 2046 2336 2340 4336 4837 
m570 46 
m1465 37 46 2337 
m1477 46 
m2082 37 45 1887 1895 
m600 20 22 23 46 1023 1120 1123 1146 1173 2320 2323 3673 4823 
m2804 16 45 46 845 2345 4816 
m3695 13 33 49 2463 2483 4163 
m3162 32 36 44 46 1644 2236 2332 2336 2344 2346 4136 
m2942 14 22 1114 
m157 22 32 36 40 46 1122 1132 1136 1140 1622 1632 1636 1640 1840 2040 2322 2332 2336 2346 
m2253 5 14 36 41 45 255 286 291 295 705 736 741 745 1845 2055 2086 2095 4336 
m1751 13 22 36 45 46 672 1822 2263 2272 2286 2296 2313 2322 2336 4313 
m616 23 46 2323 2346 3696 4823 4846 
m2623 16 23 36 1186 1816 3666 
m941 13 22 33 672 1672 3183 
m2959 27 36 46 49 1827 2327 2336 2486 2496 
m3351 36 38 40 45 1838 1936 1938 1940 2036 2038 2286 2288 
m1018 12 45 46 645 2345 4812 
m3575 5 26 38 46 1305 1346 1926 1946 2305 2346 
m3674 46 
m313 46 2346 4846 
m2377 14 46 49 2314 2346 2464 2496 4814 
m1733 44 46 2344 2346 
m1660 36 45 46 49 1846 1849 2286 2296 2299 2349 
m1586 10 32 46 1610 1646 2310 
m2960 30 36 46 49 1830 2330 2336 2480 2486 2496 
m2463 22 44 46 1146 2344 2346 4846 
m131 36 40 46 49 1846 1849 2036 2046 2349 
m1909 13 46 2313 
m1707 22 26 41 46 1141 1146 1322 1341 1346 2341 
m3551 13 14 22 46 672 722 1113 1114 2313 2322 3213 4814 
m921 37 38 46 1888 2338 4396 
m1230 5 26 45 46 276 296 1305 1326 1346 2255 2276 2296 2326 
m1143 22 44 46 1146 2246 2344 2346 4846 
m2510 5 14 46 705 2305 2314 
m3715 37 41 46 2087 2341 4837 
m3047 22 27 36 40 1122 1127 1136 1140 1390 1827 1836 1840 2027 2036 2040 
m416 13 22 32 36 40 672 686 690 1613 1622 1636 1640 1822 1840 2022 2036 2040 4336 
m1531 22 23 31 36 46 1172 1181 1186 1196 1596 1822 1846 2322 3686 4086 4331 4336 4346 
m1406 22 44 46 1146 2344 2346 4846 
m1612 14 22 32 46 1114 1132 1146 1614 2314 2332 
m478 11 13 33 45 563 583 595 2263 2283 3183 
m1420 13 38 46 663 696 1913 1946 
m1321 22 23 30 36 40 1122 1123 1130 1136 1172 1173 1180 1186 1190 1522 1523 1530 1536 1540 1822 1823 1830 1840 2022 2023 2030 3673 
m585 36 41 1841 2086 
m2601 45 
m2758 13 33 36 38 40 688 1688 1813 1833 1838 2013 2033 2036 2038 4163 
m2916 36 
m1104 44 46 2246 2344 2346 4846 
m1269 45 46 2296 
m70 22 23 30 1122 1123 1130 1173 1180 1522 1523 1530 
m1252 37 39 40 46 49 1890 1899 1987 1990 1999 2340 2490 2496 4396 4496 
m296 14 40 46 740 2014 2040 2046 2340 2346 3246 4814 
m2228 22 44 46 1144 1146 2246 2344 2346 4846 
m3025 36 42 46 49 2146 2336 2486 2492 2496 4636 
m2999 22 37 46 1872 2322 4396 
m2956 27 46 49 2327 2346 2477 2496 
m460 14 46 714 746 2314 2346 3246 4814 
m134 13 46 2313 
m2281 38 45 46 49 1946 2299 2345 2346 2349 
m2188 22 23 30 41 46 1122 1123 1130 1141 1146 1172 1173 1180 1191 1522 1523 2072 2073 2080 2322 2323 2330 2341 3673 
m3254 22 26 33 1126 1133 1676 
m2419 45 2295 
m2671 14 30 46 730 746 2330 
m370 12 49 649 2462 2499 
m909 32 49 1649 
m2066 22 44 46 1146 2322 2344 2346 4846 
m3016 13 33 1663 1683 4163 
m3564 36 40 45 46 1840 1845 2036 2040 2045 2340 2345 4836 
m1900 13 22 44 46 694 1113 1146 2313 2344 
m3552 22 23 36 41 1122 1123 1136 1141 1173 1186 1823 2073 3673 3686 4323 4586 
m26 14 23 36 40 46 49 749 1814 1823 1846 1849 2014 2023 2036 2046 2314 2323 2336 2346 2349 2473 3223 4814 4823 
m1147 45 46 2296 
m2650 22 44 46 1146 2322 2344 2346 4846 
m2568 46 
m731 22 23 36 40 46 48 1123 1136 1140 1146 1148 1190 1840 2022 2023 2036 2046 2048 2336 2340 2346 2423 2436 2440 2446 3696 4323 4346 4823 
m1603 22 23 36 40 41 46 49 1123 1136 1140 1149 1173 1186 1190 1199 1840 2022 2023 2036 2040 2041 2049 2072 2073 2086 2090 2099 2322 2323 2340 2341 2473 2486 3673 3686 4323 
m2614 22 38 44 46 1146 1922 1944 1946 2344 2346 4846 
m1568 13 33 36 40 48 698 1698 1813 1833 1848 2013 2033 2036 2048 4163 
m3202 5 36 45 46 286 295 1845 2305 2336 2345 4336 
m3349 22 
m2391 36 37 40 46 48 1848 1886 1890 1896 2036 2040 2046 2048 2336 2340 2346 2348 4396 4836 
m572 26 45 46 1345 1346 2345 
m1212 37 46 4837 
m1595 
m2574 22 26 44 46 1146 1346 2344 2346 4846 
m287 14 34 46 734 746 2334 
m3001 16 23 40 46 840 846 1190 2016 2023 2040 2046 2340 3323 3696 
m174 22 44 46 1146 2344 2346 4846 
m2048 44 46 49 2344 2349 2494 
m1758 5 13 38 45 46 263 296 1905 1913 1946 2255 2263 2288 2296 2313 
m1181 37 45 46 1895 2345 4837 
m3630 32 46 1632 1646 2332 
m2858 22 23 36 40 1122 1123 1136 1140 1173 1823 1840 2023 2040 3673 
m2185 27 45 46 2277 2296 2327 4846 
m1803 12 22 36 622 1112 1122 1136 1822 4312 
m3247 45 46 2296 
m2208 32 1632 
m1317 20 45 1045 
m2938 23 
m2465 18 45 945 
m3595 14 36 49 1814 2464 2486 4314 4336 
m114 22 23 30 36 40 1122 1123 1136 1140 1522 1523 1536 1540 1822 1823 1840 2022 2023 2030 2036 2040 4323 4336 
m3181 22 23 30 44 46 1130 1144 1146 1180 1523 1530 1546 2223 2230 2246 2323 2330 2344 2346 4823 4846 
m402 14 20 40 46 1014 1040 1046 2014 2046 3246 
m3713 23 30 1523 
m1325 37 40 46 2037 2046 4396 
m2357 36 46 2336 2346 4346 4836 
m598 13 36 38 46 49 699 1849 1913 1936 1946 1949 2313 2349 3186 4836 
m1494 14 49 2464 
m2333 26 46 1346 
m3317 22 23 49 1122 1123 1173 1199 2473 3673 
m2285 30 36 41 46 49 1536 1541 1841 2080 2086 2091 2096 2099 2330 2336 2341 2346 2349 2480 2486 2491 
m3636 19 46 969 996 2319 2346 
m608 22 23 36 40 1122 1123 1136 1140 1173 1822 1823 1840 2022 2023 3673 
m2003 22 46 1146 
m2747 5 14 38 45 46 705 745 1905 1914 1945 1946 2255 2305 2345 4814 
m168 5 13 33 36 49 263 283 1805 1813 1833 1849 2455 2463 2483 4163 
m783 37 41 46 2087 2096 4837 
m2362 5 36 46 49 286 296 299 1836 1849 2305 2336 2346 2349 4836 4846 
m3488 14 46 714 746 2314 2346 4814 
m1364 4 42 45 2254 2292 2742 
m2199 32 36 41 46 1641 1646 2332 2336 2341 2346 4136 4586 
m403 14 46 2346 4814 
m2628 32 36 44 46 1832 1836 1844 2232 2236 2332 2336 2344 2346 4332 4336 4736 4836 
m592 37 39 40 46 1890 1987 1990 2340 4396 4496 
m1315 5 22 30 37 46 272 280 287 296 1522 1537 1855 1872 1880 1887 1896 2305 2322 2330 2337 2346 4387 4837 
m2344 23 30 36 49 1180 1199 1549 1823 1830 1849 
m665 14 
m2608 10 36 46 1810 2310 2346 4836 
m1312 5 40 45 46 2005 2045 2046 2255 2296 2305 
m3242 5 45 46 2255 2296 2305 
m1002 22 44 46 1146 2344 2346 4846 
m917 22 23 36 41 49 1123 1136 1141 1172 1173 1186 1191 1199 1822 1823 1841 1849 2072 2073 2086 2091 2099 2472 2473 2486 2491 3673 3686 4323 4336 
m1472 5 45 295 
m3541 14 38 738 
m3406 20 23 1020 1023 1170 
m3178 45 46 2295 2296 2345 
m3571 44 46 2246 2344 2346 
m2857 28 32 36 38 40 46 1628 1632 1636 1640 1646 1828 1832 1836 1932 1936 1940 1946 2028 2032 2036 2040 2046 2328 2332 2336 4136 4332 4836 
m2233 12 23 30 36 41 612 630 636 641 1191 1523 1541 1812 1823 1830 1836 1841 2062 2073 2086 3123 
m2493 37 
m1911 36 49 1836 1849 2486 2499 4336 
m1685 22 36 40 41 46 49 1136 1140 1141 1149 1836 1849 2036 2049 2086 2090 2099 2322 2336 2340 2341 2349 4336 
m2202 36 
m3550 12 36 46 49 649 1812 1849 2336 2349 4812 
m2151 45 46 2296 2345 4846 
m3707 20 37 46 1870 2320 2337 
m1802 26 46 1346 
m1218 26 32 33 37 1333 1626 1633 1637 1876 1883 
m2927 22 23 36 40 41 1122 1123 1136 1140 1141 1186 1190 1836 1840 2036 2040 2072 2073 2086 2090 3686 
m2077 22 36 45 1136 1145 1845 
m2809 37 38 41 46 1937 1938 1941 1946 2087 2096 4837 
m2688 32 37 38 46 1637 1646 1932 1937 1946 2332 2337 2346 4837 
m3681 13 22 45 695 1113 1145 
m2461 26 46 1346 2346 
m1227 22 23 32 36 40 46 49 1122 1123 1132 1136 1146 1149 1172 1173 1182 1186 1190 1196 1199 1622 1623 1632 1636 1640 1646 1822 1823 1832 1836 1840 1846 1849 2022 2023 2032 2036 2046 2322 2323 2332 2336 2346 2349 2472 2473 2482 2486 2490 2496 3673 3686 3696 4323 4346 
m1326 13 33 4163 
m3082 22 23 30 36 40 41 1122 1123 1130 1136 1140 1172 1180 1186 1522 1523 1536 1822 2023 2030 2036 2072 2073 2080 2086 2090 3673 4323 
m1001 22 44 46 1146 2222 2244 2246 2344 2346 4846 
m3540 
m674 13 22 46 1113 1122 1146 2313 2322 2346 
m3266 36 40 45 46 1845 2036 2040 2045 2046 2296 4346 
m3150 40 46 49 2040 2046 2340 2490 2496 
m1646 26 46 49 1326 1346 1349 2349 
m1042 13 25 38 46 1263 1296 1913 1925 1946 2313 
m3248 36 40 46 2036 2046 2336 
m3472 12 36 40 46 49 636 640 649 1836 1849 2036 2049 2336 2340 2349 2499 4812 
m2111 37 40 46 49 1899 2037 2046 2049 2337 2340 2346 2349 4396 
m828 22 33 46 1133 1146 2333 
m3350 45 46 2295 2296 
m518 17 40 46 890 2340 2346 3396 4817 
m1957 13 22 36 40 672 686 690 1113 1122 1136 1140 1822 2022 2036 
m2770 14 39 40 46 740 1990 1996 2014 2039 2040 2046 2340 4464 4814 
m3692 36 45 46 1845 2336 2345 2346 4836 
m1799 17 46 2317 2346 4817 
m1630 5 14 22 33 36 40 264 272 283 286 290 722 736 740 1122 1136 1140 1672 1686 1690 1822 2022 2036 3233 
m747 14 36 46 736 746 2336 
m633 36 
m392 22 23 1122 1123 1173 3673 
m2100 13 16 49 699 849 3166 
m408 5 45 46 2255 2296 2305 
m496 22 36 41 49 1141 1849 2086 2091 2099 4336 
m781 8 22 36 46 1122 1136 1146 2308 2336 2346 4308 4836 
m3512 22 37 40 46 1137 1146 2022 2037 2046 4837 
m2943 14 22 1114 
m2034 10 32 46 1610 1632 1646 2310 2346 
m1429 23 33 44 49 1183 1194 1199 1694 1699 2494 
m3585 37 
m599 22 44 46 2222 2246 2322 2344 2346 4846 
m151 22 
m3407 22 36 41 1136 1141 1822 1841 2072 2086 2091 4336 4586 
m2659 32 1632 
m286 22 1122 
m39 12 23 36 41 46 636 1823 2062 2073 2096 2336 3123 4586 4812 4823 
m2691 32 36 46 1632 1636 1646 1832 1836 1846 2332 2346 4332 4846 
m3584 22 23 36 40 41 46 49 1122 1123 1136 1140 1141 1149 1173 1186 1190 1822 1823 1836 1841 1849 2022 2023 2036 2040 2046 2072 2073 2086 2322 2323 2336 2341 2349 2472 2473 2486 2491 3673 3686 4323 4336 
m2626 11 13 22 33 36 40 661 1111 1113 1122 1133 1136 1140 1661 1811 1813 1833 1840 2011 2013 2033 4163 
m2754 32 40 1632 2032 
m3212 5 45 295 
m798 37 
m2264 22 41 44 46 1146 2072 2094 2096 2344 2346 4846 
m65 14 714 
m1726 22 23 36 40 41 46 49 1123 1136 1140 1173 1186 1190 1199 1840 2022 2023 2036 2040 2041 2049 2072 2073 2086 2090 2091 2099 2322 2323 2340 2341 2473 2486 3673 3686 4323 
m3392 5 45 46 2255 2296 2305 2345 4846 
m1276 26 33 46 1676 1696 2326 2333 2346 
m898 37 38 46 49 1887 1888 1899 1937 1946 2337 2338 2346 2349 4396 4837 
m3648 3 32 37 182 187 1882 
m3354 
m1738 14 23 30 46 1514 1523 1546 2314 2323 2330 2346 3664 4814 4823 
m1969 22 44 46 1146 2322 2344 2346 4846 
m2970 27 36 46 48 1827 2327 2336 2436 2446 
m932 23 32 36 40 46 48 1182 1186 1190 1196 1198 1632 1636 1646 1648 1846 1848 2032 2036 2046 2048 2446 
m2835 14 22 23 36 723 1114 1123 1136 1186 3236 
m1979 37 41 46 2087 2096 4837 
m1701 22 23 30 1122 1123 1130 1172 1173 1180 1522 1523 1530 3673 
m2394 14 22 30 36 40 722 730 736 1114 1122 1130 1136 1140 1522 1536 1540 1822 1840 2022 2040 
m1773 22 26 44 46 1146 1322 1326 1344 1346 2344 2346 4846 
m190 37 46 4396 
m1662 46 
m1570 22 40 46 1146 2340 
m2826 23 30 45 1180 1195 1523 1530 1545 2273 2280 2295 3673 
m850 22 30 36 40 41 46 1136 1141 1146 1541 1822 1830 1841 2022 2046 2086 2096 2336 
m3163 22 44 46 1144 1146 2222 2246 2322 2344 2346 4846 
m2328 5 13 22 26 33 46 263 283 672 1305 1313 1333 1346 1672 2305 2313 2322 2333 4163 
m2430 16 44 49 844 849 2494 
m2653 22 44 46 1144 1146 2246 2344 2346 4846 
m1819 22 37 40 46 1122 1137 1146 2022 2037 2040 2046 2322 2337 2346 4837 
m444 
m1424 17 38 46 867 896 1917 1946 
m873 46 2346 
m1200 46 4846 
m255 32 46 1646 2332 2346 
m1679 5 36 40 46 49 286 296 299 2005 2036 2046 2346 2349 2486 4836 
m2036 22 44 45 46 1146 2272 2294 2296 2344 2346 4846 
m3260 36 
m536 45 2295 
m1964 22 23 30 39 1123 1522 1523 1972 1973 1980 3673 
m2389 22 36 40 41 49 1122 1136 1140 1141 1149 1841 1849 2022 2036 2041 2049 2486 2491 4336 
m3494 38 46 49 1946 1949 2346 2496 2499 
m1592 22 37 46 1137 1146 2337 2346 4837 
m1164 5 13 33 263 283 3183 
m678 22 36 40 41 1136 1140 1822 1836 1840 1841 2036 2072 2086 2090 2091 4586 
m878 46 2346 
m1243 36 38 45 48 1838 1845 1848 1936 1938 1945 1948 2295 2436 2438 2445 2448 4336 
m809 34 38 46 1734 1934 2334 2338 2346 
m3454 13 23 49 673 1163 1173 1199 2463 2473 2499 3163 
m409 22 23 30 1123 1130 1172 1173 1180 1523 3673 
m482 37 46 2337 
m2796 22 44 46 1146 2344 2346 4846 
m577 36 41 45 1845 2095 2295 4586 
m2129 37 1887 
m3170 13 22 33 36 40 46 672 686 690 1113 1122 1133 1136 1140 1672 1686 1690 1822 2022 2036 2313 2322 2333 2336 2340 3183 
m881 23 36 1186 
m1812 37 46 49 2337 2346 2487 2496 4837 
m2845 13 16 38 688 838 3313 
m1451 9 14 36 49 709 1809 1814 1836 1849 2459 2464 2486 2499 
m621 37 45 1895 
m2289 14 22 23 46 1114 1123 1146 1196 2314 3664 
m2249 45 2295 
m636 46 
m2543 30 46 2330 
m3191 22 36 40 46 1122 1136 1146 1822 2022 2036 2322 2336 2340 2346 4836 
m3368 13 33 46 2313 2333 4163 
m2949 26 37 46 1337 1346 2337 2346 4837 
m3028 37 40 46 2037 2046 4837 
m1054 30 45 46 2280 2296 2330 2346 
m1058 22 30 38 1130 1922 1930 1938 
m2339 12 45 645 2295 
m691 33 37 46 1883 1896 4833 
m201 22 36 46 49 1136 1146 1149 1822 1846 2322 2336 2346 2472 2486 2496 
m493 33 46 2333 2346 4833 
m2334 45 46 2296 
m3183 14 36 49 1814 1849 2464 
m1205 22 23 30 36 46 1172 1522 1523 1536 1822 2322 2330 2336 2346 3686 4823 4836 
m3259 23 26 30 36 40 45 49 1173 1186 1190 1195 1323 1330 1336 1345 1349 1523 1526 1530 1536 1545 1549 1836 1840 1845 2036 2045 2473 2486 2495 3686 4323 4336 
m326 22 37 46 1122 1137 1146 1872 2322 4837 
m946 22 46 48 1146 1148 2348 
m3148 23 36 40 46 49 1836 1840 1846 1849 2023 2036 2040 2046 2049 2323 2336 2473 2486 2490 2496 3686 4323 4336 4836 
m2314 5 45 295 
m2848 46 
m1943 22 23 30 36 40 41 46 1122 1123 1130 1136 1140 1141 1146 1191 1523 1536 1541 1546 1841 1846 2023 2030 2036 2040 2041 2046 2072 2341 3696 4323 
m2458 14 32 41 741 1614 1641 
m2212 22 36 40 49 1149 1822 1849 2022 2036 2049 
m2089 33 36 45 46 1686 1695 1845 2333 2345 4836 
m942 22 46 1146 
m502 22 37 46 1872 2322 4837 
m9 11 13 22 45 563 572 595 695 1113 1145 
m2881 30 37 40 46 1880 1890 2030 2046 2330 4396 
m2252 12 22 23 36 41 46 49 622 623 636 641 649 1123 1136 1141 1191 1822 1823 1841 2322 2323 2336 2341 2349 2472 2473 2486 2491 3136 4323 4336 4812 
m3335 33 1683 
m2271 36 49 1849 2486 2499 
m454 22 40 46 1140 1146 2046 
m2237 12 22 23 36 41 46 49 622 623 636 641 649 1123 1136 1141 1191 1822 1823 1841 2322 2323 2336 2341 2349 2472 2473 2486 2491 3136 4323 4336 4812 
m3309 3 36 48 49 186 198 1803 1848 1849 2453 2486 2498 2499 4336 
m3263 22 37 41 46 1122 1137 1141 1146 1891 2341 4837 
m1361 41 2091 
m1672 12 40 46 2012 2046 4812 
m782 22 44 46 1146 2322 2344 2346 4846 
m714 23 30 45 46 1195 1523 1545 1546 2323 2330 2345 2346 3696 4823 4846 
m3495 13 33 46 696 2333 3183 
m3033 14 46 49 2314 2346 2464 2496 4814 
m2906 21 23 46 1171 2321 2323 
m2685 26 41 46 1326 1341 1346 2341 
m135 
m1291 8 22 23 30 46 408 422 423 430 446 1122 1123 1130 1146 1180 1523 1530 1546 2330 4823 
m3133 23 30 45 46 1173 1180 1196 2273 2296 2330 2346 4823 
m641 44 46 49 2246 2494 2496 
m3431 22 23 36 40 46 49 1172 1186 1190 1822 1823 1836 1840 1849 2022 2023 2036 2040 2046 2049 2322 2323 2336 2340 2349 2473 2486 2490 3686 4336 4346 4836 
m256 23 45 46 1195 1196 2296 3673 
m1906 23 36 40 41 1186 1190 1191 1840 1841 2036 2040 2041 
m2236 22 30 36 40 46 1122 1130 1136 1140 1146 1536 1540 1546 1836 1840 1846 2022 2030 2036 2040 2046 2322 2330 2336 2340 2346 4346 
m2030 36 41 44 1841 2086 2091 2094 2236 2241 2244 
m1670 37 46 1887 1896 2337 2346 
m732 45 46 2295 2345 2346 
m848 26 32 36 46 1332 1336 1346 1832 2332 2336 2346 4836 
m1360 18 918 
m247 45 
m30 13 22 32 38 46 682 1113 1132 1146 1913 1922 1932 1946 2313 2332 
m117 22 23 30 36 40 46 49 1122 1123 1130 1136 1140 1146 1149 1172 1173 1522 1523 1530 1540 1546 1822 1823 1830 1840 1846 2022 2023 2030 2036 2040 2046 2322 2323 2330 2336 2340 2346 2349 2480 2486 2490 2496 3696 4823 
m3464 22 23 30 36 40 41 46 1122 1123 1130 1136 1140 1141 1146 1180 1522 1523 1530 1536 1540 1546 1822 1823 1830 1836 1840 1841 1846 2022 2023 2030 2036 2040 2041 2046 2072 2086 2090 2322 2323 2330 2340 4823 4846 
m3084 14 27 36 46 48 736 746 748 1364 1386 1396 1398 1846 1848 2446 
m1102 22 44 46 1144 1146 2246 2322 2344 2346 4846 
m2564 45 46 2345 
m384 14 22 722 1114 1122 
m966 23 30 38 46 1180 1923 1930 1946 2330 2346 4823 
m586 12 13 22 36 40 622 636 640 672 686 690 1112 1113 1122 1136 1140 1822 2022 2036 3162 
m1854 6 42 46 346 2146 2842 
m1928 33 45 1695 
m2414 23 36 40 45 46 49 1190 1195 1836 1840 1845 2036 2045 2323 2336 2340 2345 2473 2486 2495 2496 3686 4323 4336 4836 
m1792 22 23 36 40 41 1122 1123 1136 1140 1141 1172 1173 1186 1190 1191 1822 1823 1836 1840 1841 2023 2036 2041 2072 2073 2086 2090 2091 3673 3686 4323 4336 4586 
m1675 5 13 33 46 655 1655 2305 2313 2333 4163 
m2546 22 23 30 1123 1172 1173 1180 1522 1523 1530 3673 
m3111 14 36 48 714 736 748 1836 1848 2448 
m566 22 44 45 46 1144 1145 1146 2294 2296 2344 2346 
m1467 23 45 1195 2273 2295 
m2452 28 36 1828 1836 
m320 40 45 46 2046 2290 2296 2346 
m1388 23 30 46 49 1180 1199 1549 2323 2330 2346 2349 2473 2480 2496 
m1856 23 36 40 41 45 1186 1190 1823 1836 1840 2023 2036 2040 2073 2086 2090 2291 
m3492 38 46 1946 
m602 5 45 46 2255 2296 2305 
m3361 6 42 2842 
m3703 22 37 46 1872 2322 2337 
m1267 13 45 2263 
m3679 22 36 40 46 1122 1136 1140 1146 1822 1836 1840 1846 2022 2036 2046 2322 2336 2340 2346 4346 4836 
m3135 16 38 46 838 2338 4816 
m2488 22 44 46 1144 1146 2222 2244 2246 2322 2344 2346 4846 
m1862 13 38 46 688 1913 1946 2338 4813 
m525 13 33 4163 
m839 36 46 48 2436 2446 4836 
m3395 14 44 46 49 744 746 2344 2464 2494 2496 
m3429 15 45 795 
m533 27 36 46 49 1827 2327 2336 2486 2496 
m1863 22 26 44 46 1122 1144 1146 1322 1326 1344 1346 2344 2346 4846 
m2261 40 44 46 49 2044 2046 2049 2344 2349 2494 
m1271 5 45 46 2255 2305 2345 2346 
m2332 46 
m796 13 32 38 46 682 1913 1932 1946 2313 2332 
m176 38 45 2288 
m140 22 44 46 1146 2322 2344 2346 4846 
m1224 14 22 36 40 722 736 740 1114 1122 1136 1140 1822 2022 2036 
m2444 30 36 40 45 46 1830 1845 2030 2036 2040 2045 2046 2280 2330 2345 4346 
m1921 13 20 33 36 40 41 670 686 690 691 1033 1036 1040 1041 1686 1690 1691 1840 1841 2036 2041 3183 3536 4336 
m719 16 32 46 832 2332 4816 
m1319 37 40 41 46 2037 2046 2087 2090 2096 4837 
m527 5 36 38 46 49 286 296 299 1849 1905 1936 1946 2346 2349 4836 
m1846 13 22 45 46 696 1113 1146 2263 2272 2296 
m2464 22 45 46 1145 1146 2345 
m2633 14 21 46 721 746 1096 
m2619 22 44 46 1146 2344 2346 4846 
m280 22 36 40 46 49 1146 1822 1840 1846 1849 2036 2046 2049 2322 2340 2472 2496 4846 
m787 38 46 1938 1946 
m3604 36 45 2286 
m3366 13 36 40 45 686 1813 1840 1845 2013 2036 2045 2263 2286 4336 
m2482 40 45 46 2046 2290 2296 4846 
m976 17 46 2317 2346 4817 
m359 36 46 1846 2336 2346 4836 
m818 18 46 2318 
m795 22 40 44 46 1146 2044 2046 2246 2344 2346 4846 
m3450 33 36 41 1686 2083 4586 
m2558 26 37 46 49 1337 1346 1349 1899 2337 2349 2487 2499 4387 
m1095 45 49 2295 2299 
m2892 38 45 46 1945 2338 2345 2346 
m1951 45 46 2345 2346 
m2812 5 36 44 46 49 286 296 299 1849 2205 2236 2246 2249 2346 2349 2455 2486 2494 2496 4836 
m2222 
m1973 32 37 46 1882 2332 2337 
m1285 30 36 40 46 48 1830 1848 2030 2036 2046 2330 2336 2346 2348 2430 
m3078 22 37 46 1872 2322 4837 
m1486 14 45 745 
m2707 22 30 36 40 46 1136 1140 1522 1536 1540 1840 2036 2040 2322 2330 2336 2340 2346 4836 
m3613 31 45 2281 
m3373 41 
m3589 30 45 46 2280 2296 2330 2346 4846 
m2153 22 23 30 36 40 46 1122 1123 1130 1136 1140 1146 1172 1173 1522 1523 1530 1540 1546 1822 1823 1830 1840 1846 2022 2023 2030 2036 2040 2046 2322 2323 2330 2340 2346 3696 4823 
m291 32 49 1632 2482 
m2793 15 46 2315 
m2070 45 
m3144 10 45 46 2295 2296 2310 2346 
m252 22 40 44 46 1140 1144 1146 2022 2040 2044 2046 2222 2240 2246 2322 2340 2344 2346 4846 
m1043 5 36 40 46 286 290 296 2036 2046 2305 2340 2346 4346 4836 
m612 12 22 23 36 40 41 46 49 640 1123 1136 1141 1149 1162 1186 1190 1196 1199 1812 1840 1846 1849 2062 2073 2086 2090 2096 2099 2340 2462 2486 2496 3146 3686 4312 4336 
m2459 23 45 1195 2273 2295 
m2681 22 44 46 1146 2322 2344 2346 4846 
m3152 46 
m112 6 36 40 42 46 49 2006 2036 2042 2046 2049 2306 2336 2342 2349 2456 2486 2492 4306 4342 4606 
m1240 23 38 45 1923 2273 2288 
m40 12 23 36 41 46 636 1823 2062 2073 2096 2336 3123 4586 4812 4823 
m3076 22 36 41 46 49 1141 1822 1841 1846 2322 2341 2486 2491 2496 
m749 
m1403 22 23 46 1123 1172 1173 2322 2323 3673 4823 
m144 22 32 46 1122 1132 1146 2332 2346 4846 
m1329 
m94 22 46 1146 2322 2346 
m1111 45 2295 
m261 22 36 40 46 49 1822 1846 1849 2022 2036 2040 2046 2049 2322 2472 2496 
m1199 37 38 46 1896 1937 1946 
m2766 13 38 688 1913 1938 
m427 5 46 2305 2346 4846 
m2263 
m2312 23 30 45 1195 1523 1545 
m2056 36 43 49 1849 2186 2199 
m2789 23 45 46 1195 2323 2345 4823 4846 
m1124 22 37 46 1137 1146 4837 
m1149 36 1836 
m2358 36 
m973 22 23 36 40 46 1122 1123 1136 1140 1146 1172 1822 2022 2023 2036 2040 2046 2322 2323 2336 2340 2346 4323 4823 
m2411 22 28 1422 
m702 8 37 408 437 
m3227 5 30 32 36 46 280 1605 1630 1646 1805 1830 1846 2305 2330 4332 
m720 5 32 36 255 282 286 1805 1832 
m3153 22 30 36 40 46 1122 1130 1136 1140 1146 1822 1830 1840 1846 2022 2030 2040 2046 2322 2330 2340 2346 
m1297 38 46 1938 1946 
m771 5 32 46 255 282 2305 2332 
m673 14 45 745 2264 2295 
m1524 14 714 
m1232 37 
m3670 22 23 41 1141 1172 1173 1191 
m1873 46 2346 
m3074 46 4846 
m3270 40 46 49 2340 2346 2490 2496 
m1250 13 25 38 46 675 1913 1925 1946 2313 2325 
m1519 32 36 41 46 1641 1646 2332 2336 2341 2346 4136 4586 
m1835 8 36 46 2308 4308 4836 
m919 22 37 46 1122 1146 1872 2322 4396 
m1103 22 44 46 1122 1144 1146 2222 2246 2322 2344 2346 4846 
m3283 22 23 36 40 46 49 1123 1136 1146 1149 1836 1846 1849 2022 2023 2036 2046 2049 2323 2473 2486 2496 3686 4323 4336 4836 
m321 36 38 46 49 1849 1936 1946 2336 2346 2349 4836 
m904 22 23 30 41 49 1123 1130 1173 1523 2072 2073 2080 2472 2473 2480 2491 3673 
m1562 23 30 36 49 1180 1823 1830 1836 1849 2473 2480 2486 2499 
m2105 21 23 45 1171 2271 2273 
m3402 15 22 46 772 2322 4815 
m831 36 40 41 1836 1840 1841 2036 2041 2086 2091 4336 4341 4586 
m2351 18 46 2318 
m1814 17 38 46 896 1917 1938 1946 2317 2338 2346 3396 4817 4846 
m3503 13 22 38 1113 1138 1913 
m2871 22 45 46 1122 1145 1146 2345 
m729 26 36 46 1336 1346 2336 2346 4836 
m2103 14 36 40 46 1814 1846 2014 2036 2040 2046 2346 4346 4814 
m2095 22 44 46 1144 1146 2246 2344 2346 4846 
m2256 27 36 37 46 49 1387 1827 1837 2327 2477 2486 2487 2496 4336 4346 4837 
m2646 23 30 46 1173 1180 1196 1523 1530 1546 2323 2330 2346 3696 4823 4846 
m2817 12 32 612 1612 
m715 22 23 30 46 1122 1123 1130 1146 1180 1523 1530 1546 2330 2346 4823 
m1777 38 45 1938 1945 2288 2295 
m1408 33 37 4383 
m3656 32 1632 
m156 22 36 49 1149 1822 1836 1849 2472 2486 2499 
m84 15 22 46 772 2315 2322 
m3621 46 4846 
m2572 40 45 2045 
m2417 23 36 40 45 46 49 1190 1195 1836 1840 1845 2023 2036 2040 2045 2046 2049 2323 2336 2340 2345 2473 2486 2495 2496 3686 4323 4336 4836 
m1817 5 30 45 46 280 2255 2280 2296 2305 2330 
m1968 22 44 46 1146 2322 2344 2346 4846 
m3308 5 22 36 38 46 49 272 286 296 299 1149 1822 1849 1905 1936 1946 2322 2346 2349 4836 
m96 22 38 44 46 1122 1144 1146 1922 1944 1946 2344 2346 4846 
m1066 37 40 46 1890 2037 2046 2340 4396 
m2971 36 40 46 48 2036 2040 2046 2048 2336 2346 2348 2436 4836 
m2867 22 40 41 46 1140 1141 2022 2040 2041 2046 2072 2090 2091 2096 2341 
m857 22 36 46 1122 1136 1146 1822 1846 2322 
m3204 3 26 46 1303 1346 2346 4803 
m530 14 20 22 720 1114 1120 
m594 26 38 45 46 1338 1345 1346 1938 1945 2288 2338 2345 
m116 22 23 30 38 1122 1123 1130 1138 1172 1173 1188 1522 1523 1530 1538 1922 1923 3673 
m933 22 40 46 1146 2340 
m259 5 13 33 36 46 263 283 1805 1813 1833 2305 2313 2333 4163 4836 
m3553 37 41 46 2087 2096 4837 
m249 36 38 46 1936 1946 4836 
m1362 23 30 37 46 1180 1880 2323 2330 2337 2346 4373 4823 4837 
m2774 5 36 38 46 286 296 1905 1936 1946 4836 
m3272 46 2346 
m3463 45 46 2295 2345 
m226 22 38 44 46 1146 1922 1944 1946 2344 2346 4846 
m154 7 26 46 1307 1346 2307 2346 
m3196 23 36 40 46 49 1836 1840 1846 1849 2023 2036 2046 2049 2323 2336 2473 2486 2490 2496 3686 4323 4336 4836 
m2939 14 33 40 46 733 740 746 1690 2340 4196 
m1461 22 36 40 41 49 1122 1136 1141 1149 1841 1849 2022 2036 2041 2049 2486 2491 4336 
m2554 22 23 30 41 1122 1123 1130 1172 1173 1180 1522 1523 1541 2072 2073 2080 3673 
m682 22 36 41 49 1136 1141 1822 1849 2072 2086 2091 2099 2472 2486 4336 
m1621 22 45 46 1145 1146 2296 
m266 38 45 1938 1945 
m967 22 23 30 38 41 1122 1123 1130 1172 1173 1180 1188 1523 1538 1541 1922 1923 1930 1938 2072 2073 2080 2088 3673 
m1316 14 22 49 749 1114 1149 2464 2472 2499 
m1476 14 36 49 736 749 1849 
m3592 26 36 46 49 1326 1336 1346 1349 1826 1846 1849 2326 2476 2496 
m420 15 38 46 1915 2315 2338 
m2012 22 36 41 46 1122 1136 1141 1146 1822 1836 2072 2086 2091 2322 2336 2341 4586 
m1832 38 46 1946 
m105 13 33 45 1695 2263 4163 
m1515 23 45 46 1195 2323 2345 3673 
m626 22 36 40 41 1136 1141 1836 1840 2036 2086 2090 4586 
m3376 28 38 1928 1938 
m3217 22 23 30 32 36 40 46 1122 1123 1130 1132 1136 1140 1146 1172 1173 1522 1523 1530 1532 1540 1546 1623 1630 1646 1822 1823 1830 1832 1840 1846 2022 2023 2030 2032 2036 2040 2046 2322 2323 2330 2332 2340 2346 3696 4823 
m2421 22 26 46 1146 1322 1346 
m2259 5 32 36 45 1605 1805 1845 2255 2282 4332 
m1716 13 22 30 47 680 697 1113 1122 1130 1147 2380 
m2375 46 
m2879 30 36 40 46 1536 1540 1546 2036 2340 4836 
m1298 23 45 1195 2273 2295 
m324 22 37 41 46 1137 1141 1146 2087 2096 4837 
m2657 22 40 46 2046 2322 2346 
m899 45 49 2295 2299 
m1374 13 33 3183 
m1920 46 
m2712 22 30 36 40 41 46 1122 1130 1136 1140 1141 1146 1536 1540 1546 1846 2022 2030 2036 2040 2046 2072 2090 2340 4346 4846 
m540 46 
m2987 14 36 49 749 1814 1849 
m923 27 28 36 46 1378 1386 1396 1828 2327 2328 2336 2346 4836 
m2039 45 46 48 2345 2445 2446 
m3122 22 45 46 1122 1146 2272 2295 2296 2322 2346 4846 
m999 22 30 38 45 46 1130 1145 1146 1922 1930 1945 1946 2280 2296 2330 
m1926 22 23 36 40 41 46 49 1123 1136 1141 1191 1836 1841 2022 2023 2036 2041 2322 2323 2336 2340 2341 2349 2472 2473 2486 2490 2491 2499 4323 4336 4836 
m3567 22 32 36 40 46 49 1622 1646 1822 1832 1836 1840 1846 1849 2032 2036 2046 2322 2482 2486 2490 2496 4332 
m398 14 46 746 2346 
m2864 22 23 36 41 46 49 1141 1172 1191 1822 1823 1841 1846 2322 2323 2341 2472 2473 2486 2491 2496 
m1691 22 36 41 46 48 1136 1141 1848 2086 2098 2322 2336 2341 2348 4336 
m3439 5 13 14 33 263 283 705 713 733 3183 
m1390 22 23 30 46 1122 1123 1130 1146 1180 1522 1523 1530 1546 2330 4823 
m2425 22 30 36 40 41 46 1122 1130 1136 1140 1141 1146 1536 1540 1541 1830 1836 1840 1841 2030 2036 2040 2041 2086 2090 2322 2330 2336 2340 2341 
m2976 10 46 2310 2346 
m1927 12 36 40 41 46 49 636 640 641 649 1836 1840 1841 2036 2041 2336 2340 2341 2349 2486 2490 2491 3136 4336 4812 
m2831 23 30 36 40 41 1523 1536 1540 1830 1836 1840 2023 2036 2073 2080 2086 2090 3686 4323 4586 
m739 14 40 740 
m2515 27 46 49 2327 2346 2477 2496 
m1719 14 22 38 738 1114 1138 1914 1922 1938 
m1585 22 23 36 40 41 46 49 1136 1140 1146 1172 1186 1190 1196 1199 1822 1823 1836 1840 1846 1849 2022 2023 2036 2040 2046 2049 2072 2073 2086 2099 2322 2323 2336 2340 2341 2346 2349 2472 2473 2486 2490 2496 3686 4323 4336 4836 
m2651 22 44 46 1146 2322 2344 2346 4846 
m926 14 27 38 727 1364 1377 1388 1914 1927 
m1693 23 36 40 46 49 1836 1849 2036 2046 2323 2336 2349 2473 2486 4323 4336 4836 
m3590 13 22 33 36 40 672 686 690 1113 1122 1133 1136 1140 1672 1686 1690 1822 2022 2036 3183 
m3175 26 46 1346 2346 
m2164 13 22 33 36 40 48 672 686 690 1113 1122 1133 1136 1140 1672 1686 1690 1822 2022 2036 2413 2422 2433 2436 2440 3183 
m373 5 45 295 
m2853 22 23 36 40 49 1122 1123 1136 1140 1149 1173 1186 1190 1822 1823 1836 1849 2023 2036 2472 2473 2486 3673 3686 4323 4336 
m3360 17 32 882 1617 1632 
m3188 23 30 36 41 1523 1823 1830 2073 2080 3673 4323 4586 
m3597 36 40 41 1840 1841 2036 2040 2041 4336 
m3044 20 22 23 30 38 1022 1023 1030 1038 1122 1123 1130 1172 1173 1180 1188 1520 1523 1538 1922 1923 1930 3673 
m2680 22 44 46 1146 2344 2346 4846 
m2114 14 22 46 722 746 2322 2346 
m2368 46 2346 
m2610 22 26 44 46 1146 1346 2344 2346 4846 
m2112 22 36 40 46 49 1122 1136 1140 1146 1822 1840 1846 1849 2022 2036 2046 2322 2336 2340 2346 2349 2486 2490 2496 4336 4346 4836 
m2420 45 46 2296 2346 
m2201 32 36 41 46 1641 1646 2332 2336 2341 2346 4136 4586 
m2385 22 36 41 49 1136 1141 1149 1841 1849 2072 2086 2091 2099 2486 2491 4336 
m2933 5 13 22 33 655 1113 1122 1133 1655 1672 4163 
m3017 23 30 36 1180 1530 1823 1830 
m824 22 23 30 45 1123 1130 1145 1173 1180 1523 1530 2273 2280 3673 
m1657 5 45 46 2255 2295 2296 2305 2345 
m1850 22 36 37 46 49 1136 1137 1146 1149 1846 1849 1886 1899 2349 4396 
m1070 23 41 46 1173 2073 2323 2341 3673 
m660 32 46 2332 
m2782 5 32 1605 
m244 6 42 4606 
m1381 22 38 45 46 1138 1145 1146 1938 1945 1946 2345 
m306 22 36 40 46 49 1149 1822 1849 2022 2036 2049 2322 2336 2340 2349 
m1527 14 
m1788 45 46 2296 2345 2346 
m2186 22 46 1122 1146 
m3024 45 46 2295 2296 2346 
m1491 22 36 40 41 46 1122 1136 1140 1141 1146 1822 1836 1841 2036 2041 2046 2072 2086 2090 2091 2096 2322 2336 2340 2341 2346 4346 4586 4836 
m1938 22 44 46 1144 1146 2222 2244 2246 2322 2344 2346 4846 
m1154 
m1894 36 41 46 49 1841 1846 2341 2346 2486 2491 2496 
m3059 22 45 46 1122 1145 1146 2272 2295 2296 2345 
m27 26 45 46 2276 2296 2326 
m2840 26 40 46 49 1340 1346 1349 2046 2490 2496 
m3664 45 49 2295 2299 
m1616 38 46 1946 
m1466 8 37 46 408 437 446 1858 2308 4396 
m1998 22 40 1140 
m3300 36 40 46 49 1836 1840 1846 1849 2036 2040 2046 2336 2340 2346 2349 2486 2490 2496 4336 4346 4836 
m158 37 46 4396 
m1229 47 
m1322 45 46 2345 
m2784 14 22 36 40 722 736 740 1114 1122 1136 1140 1822 2022 2036 
m1133 22 37 45 49 1122 1137 1145 1149 1899 2287 2299 
m871 22 23 30 46 1122 1123 1130 1146 1180 1523 1530 1546 2330 2346 4823 
m1652 22 23 30 36 40 41 46 1122 1123 1130 1136 1140 1141 1146 1191 1523 1536 1541 1546 1841 1846 2023 2030 2036 2040 2041 2046 2072 2073 2091 2341 3696 4323 
m50 22 36 41 1122 1136 1141 1822 2072 4586 
m2336 13 22 36 38 40 1113 1122 1136 1138 1140 1813 1840 1913 1936 1940 2013 
m1582 13 22 36 49 699 1113 1122 1136 1149 1813 1849 
m1512 23 45 46 1195 2323 2345 3673 
m1401 22 45 1122 1145 2272 2295 
m2443 23 36 40 46 1186 2023 2036 2040 2046 2323 2336 2340 2346 3696 4346 
m3106 22 35 46 1135 1146 1796 
m417 13 22 36 40 672 686 690 1822 1840 2022 2036 2040 4336 
m2912 14 22 36 49 749 1114 1136 1149 1814 1849 
m2238 13 22 33 36 40 672 686 690 1113 1122 1133 1136 1140 1672 1686 1690 1822 2022 2036 3183 
m829 22 23 30 36 40 41 1122 1123 1130 1136 1140 1141 1172 1173 1180 1186 1190 1191 1523 1530 1536 1540 1541 1823 1836 1840 1841 2022 2023 2030 2036 2041 2072 2073 2080 2086 2090 2091 3673 3686 4323 4336 4586 
m220 32 45 1645 
m489 22 23 30 38 1122 1123 1130 1138 1172 1173 1188 1522 1523 1530 1538 3673 
m362 9 36 49 1809 2459 2486 2499 2959 4309 4336 
m2980 13 33 45 695 1695 4163 
m2018 36 38 40 45 1845 1936 1938 1940 1945 2036 2045 2286 2295 4336 
m2160 26 37 41 46 1337 1341 1346 1891 2341 4837 
m2043 40 46 2046 2340 2346 4846 
m2017 30 37 46 1880 2330 4837 
m3190 14 36 49 1814 1849 2464 
m48 10 30 36 37 46 1510 1536 1546 1810 1860 1880 1886 1896 2310 2346 4836 
m1740 14 23 30 46 1514 1523 1546 2314 2323 2330 2346 3664 4814 4823 
m860 12 14 22 46 622 722 1112 1114 1122 1146 2314 2322 3114 4812 
m3651 23 36 40 46 49 1836 1840 1846 1849 2023 2036 2040 2046 2049 2323 2336 2473 2486 2490 2496 3686 4323 4336 4836 
m2428 12 36 46 49 649 1849 2336 2349 3136 4812 
m302 44 46 2244 2246 2344 2346 
m742 36 40 46 49 1836 1840 1846 2036 2040 2046 2049 2336 2346 2349 2486 4346 4836 
m1167 22 46 2322 
m2536 13 37 4363 
m2525 14 38 46 49 746 1914 1946 1949 2464 2496 
m1393 22 26 44 46 1146 1322 1344 1346 2344 2346 4846 
m3187 14 22 1114 1122 
m3249 26 36 41 46 1826 2076 2096 2326 4346 4586 
m2884 22 40 46 1140 1146 2340 
m2390 5 13 22 33 36 38 40 46 263 272 283 286 290 672 686 690 1113 1122 1133 1136 1140 1672 1686 1690 1822 1905 1913 1922 1933 1936 1940 1946 2022 2036 2305 2313 2322 2333 2336 2340 3183 
m1990 33 36 46 1686 2333 2336 2346 4833 
m1080 32 46 1632 1646 2332 
m329 17 46 4817 
m2227 14 22 36 46 49 722 736 749 1814 1822 1849 2322 2336 2349 2472 4336 4814 
m756 22 44 46 1146 2246 2344 2346 4846 
m2636 14 36 40 46 1846 2014 2036 2040 2046 4314 4814 
m2794 5 22 1105 1122 
m1960 12 29 36 46 612 629 636 1812 1829 1836 2312 2329 2336 2346 3136 4336 4812 4836 
m3030 33 45 1695 2283 2295 
m637 14 30 37 714 730 737 1880 3237 
m87 43 
m1327 36 40 41 46 49 1841 1846 1849 2036 2041 2046 2049 2336 2341 2486 2491 2496 4336 
m3288 22 45 46 1146 2272 2296 
m3238 13 38 1913 1938 
m2370 5 14 30 46 264 296 1505 1514 1546 2305 2314 2330 2346 4814 
m2044 22 37 40 46 1122 1137 1146 2022 2037 2046 2322 2337 2346 4837 
m1699 23 
m282 29 34 36 1484 1734 1829 1834 1836 
m2972 14 30 40 46 1514 1546 2014 2030 2040 2046 2314 2346 4814 
m1320 13 17 22 672 872 3363 
m1604 14 22 38 46 738 1114 1138 2314 2322 2338 2346 4814 
m2665 9 14 22 44 46 709 744 746 1109 1114 1122 1144 1146 2209 2246 2309 2322 2344 2346 4814 
m816 23 38 45 1188 1195 1945 2288 2295 
m20 23 30 36 40 1173 1180 1190 1523 1530 1536 1540 1823 1830 1836 1840 2023 2030 2036 2040 3686 4323 4336 
m2855 45 46 2345 
m3374 22 36 38 40 46 1136 1138 1140 1146 1838 1946 2036 2038 2040 2046 2336 2338 2340 2346 4346 
m2478 8 46 2308 2346 4846 
m2512 45 
m1437 32 36 38 41 46 1641 1646 1932 1936 1941 1946 2332 2336 2341 2346 4136 4586 
m437 11 45 595 
m613 37 1887 
m1064 23 36 40 1823 1836 1840 2023 2036 2040 3686 
m3387 38 46 1946 
m1206 13 22 33 36 40 672 686 690 1113 1122 1133 1136 1140 1672 1686 1690 2036 3183 
m3415 13 22 46 1113 1122 2322 4813 
m374 36 45 1845 
m672 32 36 41 46 1641 1646 2332 2336 2341 2346 4136 4586 
m799 18 45 945 
m88 23 38 1923 3673 
m1359 36 40 46 49 1836 1840 1846 1849 2036 2046 2049 2336 2340 2346 2349 2486 2490 2496 4346 4836 4846 
m2500 29 36 48 1486 1829 1836 1848 2429 2436 2448 4336 
m369 27 49 1399 
m2875 22 40 46 1122 1140 1146 2340 
m2072 22 36 46 49 1136 1146 1846 1849 2349 
m550 41 45 46 2095 2096 2345 
m1779 5 23 37 46 49 299 1155 1173 1199 1855 1873 1899 2305 2323 2349 4837 
m1970 3 13 22 23 172 672 1163 1172 2663 3653 
m3362 5 13 30 33 46 655 680 1505 1655 1680 2305 2313 2330 2333 4163 
m2104 22 35 46 1135 1146 2322 2335 2346 
m1368 13 22 46 1113 1122 1146 2322 4813 
m2952 36 45 46 1845 2336 2345 2346 4836 
m2648 22 44 46 1146 2222 2246 2322 2344 2346 4846 
m295 40 45 46 49 2045 2046 2299 2345 2349 
m1023 10 13 22 660 663 672 1110 1113 1122 
m3206 
m1485 8 
m2974 40 46 2046 
m1790 34 46 2334 
m1459 22 36 40 41 49 1122 1136 1140 1141 1149 1841 1849 2022 2036 2041 2049 2072 2086 2090 2091 2099 2486 2491 4336 
m2677 22 44 46 1146 2344 2346 4846 
m2932 22 36 37 40 46 1122 1136 1137 1140 1146 1822 1837 1840 1846 1872 2022 2037 2046 2322 2336 2340 2346 4396 4837 
m198 14 32 36 46 746 1614 1632 1636 1646 1814 1832 1836 1846 2314 2332 2336 2346 4332 
m2338 23 30 38 46 1188 1523 1530 1538 1923 1930 1946 2323 2330 2338 2346 
m882 22 46 1122 1146 
m1829 32 38 46 49 1649 1932 1949 2332 2338 2346 2349 4846 
m2841 
m2830 22 23 1122 1123 1172 1173 3673 
m2759 46 
m869 14 32 732 1614 1632 
m746 45 49 2295 2299 
m3168 5 22 46 1105 1146 2305 
m2805 46 2346 4846 
m2392 30 45 46 2280 2296 2330 2346 
m2 10 30 46 530 2310 2330 
m752 14 40 46 740 746 2014 2040 2046 2314 2340 2346 4814 
m2268 36 40 46 1836 1840 1846 2036 2040 2046 2336 2340 2346 4336 4346 
m1747 5 13 33 45 655 1655 1695 2255 2263 4163 
m3704 23 46 1173 1196 3696 
m2234 23 36 40 1190 1840 3686 4336 
m774 22 44 46 1146 2344 2346 4846 
m1021 23 30 40 41 1180 1190 1523 1530 1540 2023 2030 2040 
m1858 22 44 46 1146 2344 2346 4846 
m352 26 27 46 1327 1346 2327 2346 
m469 2 45 46 2252 2296 2302 
m3605 22 37 40 46 1872 2037 2046 2322 2337 2346 4837 
m1668 8 408 
m350 22 23 41 1122 1123 1141 1172 1173 1191 3673 
m1987 11 13 14 37 563 564 587 737 1863 1864 3213 4363 4387 
m2642 
m3173 28 36 38 46 1928 1936 1946 2328 2336 2346 4328 4836 
m1506 12 33 37 46 1862 2333 2337 4162 4383 4812 
m153 5 13 14 33 263 283 705 713 733 4163 
m2757 13 36 40 46 696 1813 2013 2036 2040 2046 4346 
m2244 23 30 45 46 1180 1195 1196 2280 2296 2330 2345 2346 3696 4823 
m970 26 40 46 1326 1340 1346 2026 2046 2326 3826 
m1650 22 40 41 46 1122 1140 1146 2022 2040 2046 2340 
m3622 30 37 46 1530 1537 1546 1880 2330 2337 2346 
m2322 22 33 38 46 1122 1133 1146 1672 1922 1933 1946 2322 4833 
m890 26 46 1346 
m1501 22 23 30 38 41 1123 1130 1172 1173 1188 1522 1523 1530 1538 2072 2073 2080 3673 
m382 32 40 45 46 2032 2045 2046 2282 2296 2332 
m209 45 
m2683 11 13 33 563 583 4163 
m3129 11 13 33 563 583 661 1661 4163 
m463 2 27 36 40 46 1352 1386 1396 1802 2002 2027 2036 2046 2302 4836 
m2807 22 23 36 41 46 49 1141 1172 1191 1822 1823 1841 1846 2322 2323 2341 2472 2473 2486 2491 2496 
m3606 41 45 2291 
m1690 
m2570 5 14 26 33 45 264 276 283 726 1676 2255 2264 2276 2283 3233 
m177 13 22 45 695 1113 1145 2263 2272 2295 
m143 12 22 23 36 41 46 49 622 623 636 641 649 1123 1136 1141 1191 1822 1823 1841 2322 2323 2336 2341 2349 2472 2473 2486 2491 3136 4323 4336 4812 
m996 36 42 4636 
m2474 22 39 45 46 1122 1146 1972 1995 1996 2272 2296 
m2885 
m3487 23 45 46 1195 2323 2345 2346 
m1746 14 23 30 39 46 1189 1514 1523 1539 1546 1964 2314 2323 2330 2339 2346 3664 4814 4823 
m623 27 32 38 46 1382 1396 1927 1932 1946 2332 
m2591 22 26 44 46 1146 1322 1344 1346 2344 2346 4846 
m934 5 14 30 46 705 730 1505 2305 2314 2330 2346 4814 
m1192 5 23 36 45 286 295 1155 1186 1195 1845 4336 
m1633 22 23 36 45 1122 1123 1136 1172 1173 1186 2272 2273 3673 
m1564 14 30 714 730 
m1837 45 46 2296 
m3174 22 37 1872 
m450 22 30 36 39 41 1136 1139 1522 1536 1539 1541 1986 2072 2089 4586 
m1961 23 30 45 46 1195 1523 1545 1546 2295 2345 4823 
m3201 45 2295 
m2181 46 
m1845 22 46 49 1146 1149 2349 2472 2496 
m1412 36 40 41 1836 1840 2036 2086 2090 2091 4586 
m2948 45 46 2295 2296 2346 
m2078 5 45 46 2255 2305 2345 
m367 45 
m1171 23 30 46 1180 1523 1530 1546 2330 2346 4823 
m284 45 
m3224 32 36 1832 4336 
m3070 23 38 45 1923 2273 2288 
m2495 36 48 1836 1848 2436 2448 4336 
m3280 10 36 40 49 536 1810 1836 1849 2010 2036 2049 2460 2486 
m1480 45 2295 
m2921 14 45 2264 3214 
m2203 22 44 46 1146 2344 2346 4846 
m2476 38 
m2775 36 40 45 46 1836 1840 2036 2040 2046 2286 2290 2296 2340 4346 
m2548 21 1071 
m1108 22 38 46 1138 1146 1946 
m2598 14 22 46 722 746 2322 2346 
m542 17 36 46 49 1817 1846 1849 2349 2467 4817 
m3176 22 46 1146 
m1932 22 23 30 1122 1123 1130 1172 1173 1180 1522 1523 1530 3673 
m1447 22 36 45 46 49 1145 1822 1845 2322 2336 2345 2472 2486 2495 2496 
m805 14 38 46 1914 1946 2346 4814 
m709 22 41 1122 1141 2072 
m3006 23 27 32 42 1182 1192 1373 1382 1392 1642 
m1875 14 23 30 38 730 1180 1514 1523 1530 1538 1914 1923 1930 1938 3223 
m1999 5 32 45 1605 1645 2255 
m1997 27 32 1382 
m2631 30 36 40 46 49 1549 1830 1836 1846 1849 2036 2040 2046 2049 2330 2349 2480 2499 
m2990 13 37 4363 
m91 12 45 46 645 2312 2345 
m2594 13 22 36 40 1113 1122 1136 1140 1813 1840 2013 
m2442 14 36 49 749 1814 1849 
m837 11 13 33 39 563 583 589 689 1983 3183 
m299 30 36 39 40 46 1830 1980 1986 1990 1996 2030 2036 2046 2330 4836 
m2776 5 32 255 1605 1632 
m1703 36 38 46 1936 1946 2336 2338 2346 4836 
m622 26 46 49 1346 1349 2346 2496 2499 
m181 14 32 46 732 2314 2332 2346 4814 
m3687 22 44 46 1122 1146 2344 2346 4846 
m331 11 45 595 
m1750 22 28 38 46 1128 1138 1146 1928 1938 2328 2338 
m2900 26 46 1326 1346 2346 
m3045 20 22 23 30 38 1022 1023 1030 1038 1123 1130 1172 1173 1180 1188 1520 1523 1538 1922 1923 1930 1938 3673 
m2110 13 22 1113 1122 
m3380 33 45 46 2283 2296 2333 2346 4833 4846 
m1163 26 46 1346 2346 
m45 23 30 36 40 46 1173 1190 1196 1523 1536 1540 1546 1823 1840 2023 2046 2340 3696 4323 4346 
m32 
m728 36 40 46 49 1836 1840 1846 1849 2036 2040 2046 2336 2340 2346 2349 2486 2490 2496 4336 4346 4836 
m161 37 38 1888 1937 1938 
m28 26 46 1346 
m2883 3 46 2303 2346 4803 4846 
m292 13 22 36 38 40 672 686 690 1113 1122 1136 1140 1822 1913 1922 1936 1940 2022 2036 
m1463 18 45 2268 
m289 14 34 46 734 746 2334 
m486 5 13 14 33 263 283 705 713 733 4163 
m2445 37 46 2346 4396 4837 
m561 12 17 46 612 2312 2317 2346 3117 4812 
m2740 36 37 40 46 1886 1896 2036 2037 2046 2336 2346 4836 4837 
m1299 14 22 39 40 46 740 1114 1122 1139 1140 1146 1990 1996 2014 2040 2046 2340 3246 4464 
m2852 13 14 22 672 722 3213 
m2187 36 
m3123 38 45 46 1945 2288 2295 2296 2338 2345 
m195 38 45 46 1938 1945 1946 2345 
m1681 22 36 41 1136 1141 1841 2072 2086 2091 4586 
m521 46 2346 4846 
m242 22 38 40 1140 1922 1938 1940 
m1736 10 30 36 46 1510 1536 1546 1810 1846 2310 2346 
m2874 22 36 46 1122 1136 1146 1822 1846 2322 
m1310 12 14 45 46 645 712 745 2312 2314 2345 2346 4814 
m319 22 27 36 46 49 1127 1136 1146 1149 1377 1386 1396 1399 1827 1849 2322 2327 2336 2346 2349 2477 2486 2496 2499 
m2296 38 45 46 1945 1946 2296 
m516 32 36 46 49 1849 2332 2336 2346 2349 2482 4332 
m1371 5 15 38 40 46 755 1905 1915 1938 1940 1946 2005 2015 2038 2040 2046 2305 2315 2346 4815 
m3672 22 45 46 1145 2322 2345 
m2786 14 45 745 
m710 23 36 1173 1186 1823 1836 3673 3686 4323 
m806 14 23 30 46 1514 1523 1546 2314 2323 2330 2346 3664 4814 4823 
m3580 9 36 46 49 459 486 496 499 1809 1846 1849 2309 2336 2346 2349 2459 2486 2496 2499 4336 
m434 9 14 709 
m2717 14 46 714 746 2346 3246 
m1354 22 37 40 46 1137 1146 2022 2037 2046 2337 2346 4837 
m2243 22 36 37 40 46 1122 1136 1137 1140 1146 1822 1836 1837 1840 1846 1890 2022 2036 2037 2040 2046 2322 2336 2337 2340 2346 4837 
m1749 36 
m1623 22 23 36 49 1123 1136 1172 1173 1186 1199 1822 1823 1849 2472 2473 2486 3673 4323 4336 
m2246 36 49 1849 
m3708 5 13 38 46 263 288 296 696 1913 1938 1946 2305 2313 2338 2346 
m1840 23 32 45 46 1182 2273 2282 2296 2323 2332 2346 4823 
m3711 22 36 45 1136 1145 1845 
m2553 12 23 30 36 41 46 49 630 1180 1812 1830 1846 2062 2073 2080 2086 2096 2323 2330 2462 2473 2480 2486 2491 2496 3123 4323 4812 
m3132 22 44 46 1146 2322 2344 2346 4846 
m877 26 33 46 49 1333 1346 1349 2349 2483 4833 
m238 45 46 2345 
m1409 30 46 2330 
m2490 23 45 46 1195 2323 2345 
m1715 33 45 48 1695 1698 2298 
m222 6 42 46 2306 2342 2842 
m2226 12 23 30 36 41 612 630 636 641 1191 1523 1541 1812 1823 1830 1836 1841 2062 2073 2086 3123 
m1493 41 45 2091 2095 2291 2295 
m3401 32 36 1832 
m457 13 33 40 46 2013 2033 2046 2313 2333 4163 
m901 5 14 36 264 286 4314 
m2504 
m3281 40 45 46 2046 2290 2296 2340 2346 
m245 13 22 38 1113 1913 1922 
m2507 22 44 46 1146 2246 2344 2346 4846 
m2090 22 38 44 45 46 1146 1922 1944 1946 2272 2288 2294 2296 2344 2346 4846 
m54 14 36 40 46 1814 1846 2014 2036 2046 3246 
m3068 14 49 2464 
m1913 13 22 26 33 36 40 672 686 690 1113 1122 1133 1136 1140 1313 1322 1333 1336 1340 1663 1672 1683 1686 1690 1822 2022 2036 3183 
m1454 37 39 40 46 1890 1987 1990 2037 2039 2046 2340 4396 4496 
m2750 6 14 23 32 36 706 723 732 736 1156 1182 1606 1636 1806 3686 
m3400 8 36 40 46 1808 1836 1840 1846 2008 2036 2040 2046 2308 2336 4336 
m791 22 44 46 1146 2344 2346 4846 
m2378 13 22 32 45 682 1113 1132 1145 2263 2282 
m2020 13 33 45 46 2263 2283 2296 2313 2333 4163 
m581 12 32 46 632 2332 4812 
m2016 18 45 945 2295 
m429 36 42 4636 
m451 26 45 46 1345 1346 2295 2345 
m410 30 38 46 1930 1946 2330 
m2022 22 23 30 41 46 1122 1123 1130 1146 1180 1523 1530 1546 2072 2073 2080 2091 2096 2330 4823 
m567 22 36 40 46 1122 1136 1140 1822 2022 2036 2040 2322 2336 2340 4336 
m267 22 30 46 1130 1146 2330 
m75 13 22 44 46 694 1113 1122 1144 1146 2313 2344 
m3108 14 36 38 46 48 736 746 748 1848 1914 1936 1938 1946 1948 2314 2336 2338 2346 2348 
m2795 37 40 46 2037 2046 2337 4837 4846 
m2710 5 36 45 46 49 286 296 299 1836 1846 1849 2255 2286 2296 2299 2336 2349 
m3311 26 40 46 1346 2026 2046 2346 
m1667 13 33 36 40 47 686 690 697 1686 1690 1697 1840 1847 2036 2040 2047 3183 4336 
m2436 5 32 36 45 1605 1805 2255 2282 2286 4332 
m1052 38 40 45 46 1938 1945 1946 2290 2340 2345 
m1821 22 36 40 46 1122 1136 1140 1146 1840 2036 2040 2336 2340 
m3109 10 14 46 710 746 2310 2346 
m614 22 36 40 41 1136 1141 1836 1840 2036 2086 2090 4586 
m3496 22 23 30 46 1122 1123 1130 1146 1180 1523 1530 1546 2330 2346 4823 
m3427 33 37 46 1883 1896 4833 
m3626 22 26 33 40 1126 1133 1676 2022 2026 2033 
m1304 22 23 30 39 41 1123 1130 1139 1141 1523 1973 1980 1991 2073 2080 3673 4473 
m813 22 23 30 1122 1123 1130 1172 1173 1180 1522 1523 1530 3673 
m1639 5 45 295 2255 2295 
m240 5 14 32 705 1605 1614 
m988 37 
m559 40 41 46 2046 2090 2096 2340 2341 2346 
m995 22 44 46 1146 2222 2246 2344 2346 4846 
m1055 36 
m2446 38 46 1946 2346 
m3455 22 36 40 46 1122 1136 1140 1146 1840 2040 2336 2340 
m3557 9 17 40 46 49 859 896 2009 2017 2046 2049 2309 2346 2459 2467 2496 3396 
m3011 5 13 14 33 655 705 713 1655 1664 4163 
m718 22 41 1122 1141 
m1088 12 14 33 46 712 746 2333 3133 3233 4812 
m1688 22 36 40 41 46 48 1136 1140 1141 1148 1836 1848 2036 2048 2086 2090 2098 2322 2336 2340 2341 2348 4336 
m697 22 23 36 40 46 49 1172 1822 1836 1849 2022 2023 2036 2040 2046 2049 2322 2323 2336 2349 2472 2473 2486 4323 4336 4836 
m650 13 22 36 38 40 41 1113 1136 1138 1140 1141 1813 1840 1913 1922 1936 1938 1940 1941 2013 2063 2086 2088 2090 
m234 3 23 30 41 46 180 1180 2053 2073 2080 2096 2303 2330 2673 4823 
m1766 5 36 45 46 286 295 1845 2255 2286 2295 2305 2336 2345 4336 
m3408 36 38 46 48 1836 1838 1848 1936 1938 1948 2336 2338 2348 2436 2438 2448 4336 4836 
m2041 14 22 32 46 732 1114 1132 1146 2314 2332 2346 4814 
m314 22 37 38 45 46 1872 1922 1937 1945 1946 2272 2287 2296 2322 4837 
m233 23 45 1195 
m3640 22 23 36 40 41 1122 1123 1136 1140 1141 1172 1822 1823 1836 1840 2023 2036 2072 2073 2086 2090 2091 3673 4323 4586 
m2174 22 23 30 36 40 41 1123 1130 1136 1140 1172 1173 1180 1186 1190 1523 1822 1823 1830 1836 1840 1841 2022 2023 2030 2036 2041 2072 2073 2086 2090 3673 4323 4336 4586 
m1135 22 23 30 1123 1173 1522 1523 3673 
m337 22 23 30 36 41 46 1122 1123 1136 1141 1191 1522 1523 1536 1841 2322 2323 2330 2336 3686 
m1852 38 46 1946 
m1039 17 22 44 46 49 899 1144 1146 2217 2246 2317 2344 2346 2349 3396 4817 4846 
m2468 12 46 612 2312 2346 4812 
m2532 22 44 46 1146 2322 2344 2346 4846 
m2911 3 30 153 180 1503 1530 
m3437 8 36 46 49 1808 1846 2308 2336 2458 2486 2496 4336 
m2678 22 44 46 1146 2322 2344 2346 4846 
m3549 46 
m2331 5 13 22 26 33 46 263 283 672 1305 1313 1322 1333 1346 1672 2305 2313 2322 2333 4163 
m2456 32 44 46 1644 1646 2344 
m2123 22 40 46 1146 2022 2046 2346 
m692 22 30 36 40 46 1130 1136 1140 1146 1536 1540 1546 1840 2030 2036 2040 2046 2330 2336 2340 2346 4346 
m1497 13 22 33 36 49 1113 1133 1136 1149 1813 1833 1849 2463 2483 2486 2499 4163 
m1014 45 
m3104 12 22 36 41 46 49 622 641 1141 1812 1822 1841 2322 2336 2341 2462 2472 2486 2491 2496 3136 4312 4336 4812 
m459 46 2346 
m1189 22 23 30 36 40 46 49 1122 1123 1130 1136 1140 1146 1172 1173 1180 1186 1190 1522 1523 1530 1536 1540 1546 1822 1823 1830 1840 1846 1849 2022 2023 2030 2036 2040 2046 2049 2322 2323 2330 2336 2340 2346 2349 2472 2473 2480 2496 3696 4823 
m2705 30 39 1980 
m2781 22 38 44 46 1146 1946 2344 2346 4846 
m2924 5 7 36 46 49 286 296 299 355 386 396 1836 1849 2336 2346 2349 2486 2499 4836 
m2849 32 36 38 41 46 1641 1646 1932 1936 1941 1946 2332 2336 2341 2346 4136 4586 
m2573 22 37 46 1122 1137 1146 1872 2322 2346 4387 4396 4837 
m590 37 46 4396 
m961 13 22 33 36 40 1113 1133 1136 1140 1813 1833 1840 2013 2033 4163 
m2457 40 46 2046 
m1572 22 37 1122 1137 1872 1887 
m1797 32 
m2230 18 36 40 1818 2018 2036 
m2135 
m1234 3 30 45 46 180 195 2280 2296 2330 2345 2346 2696 4803 
m3442 22 23 36 40 1122 1123 1136 1140 1173 1822 1823 1840 2022 2023 2040 3673 
m2145 45 46 2296 
m447 45 46 2345 
m3525 9 14 36 49 709 1809 1814 1836 1849 2459 2464 2486 2499 
m631 14 22 41 714 741 1114 1141 2064 2072 2091 
m1656 32 46 2332 2346 
m2890 26 
m2945 12 45 46 645 2345 4812 
m136 5 36 37 38 45 46 286 295 1845 1855 1886 1895 1936 1937 1938 1946 2305 2336 2337 4336 
m404 11 13 22 38 563 572 588 688 1113 1138 
m368 17 22 41 46 872 891 1141 2322 2341 4817 
m1988 13 22 46 1113 2313 2322 
m160 36 38 1838 1936 1938 
m1026 45 46 2295 2296 2346 
m605 22 44 46 1146 2222 2244 2246 2322 2344 2346 4846 
m1382 30 36 41 46 1830 1836 1841 1846 2080 2330 2336 2341 2346 4586 4836 
m499 26 33 47 1333 1347 1697 
m3714 40 45 46 2040 2045 2046 2345 4846 
m985 11 45 595 
m250 22 44 46 1144 1146 2222 2246 2322 2344 2346 4846 
m2340 22 36 40 1122 1136 1140 1822 2022 2036 
m147 22 46 1146 
m1109 22 23 30 36 40 41 1122 1123 1130 1136 1140 1141 1172 1173 1186 1190 1191 1522 1523 1536 1541 1840 1841 2023 2036 2041 2072 2073 2086 2090 2091 3673 3686 4323 4336 4586 
m3699 26 46 2326 2346 
m854 22 38 46 1146 1922 1946 
m1584 26 46 1346 2346 
m1151 14 714 
m504 37 38 39 46 49 1899 1937 1946 1987 1988 1996 1999 2337 2346 2349 4496 4837 
m619 36 40 41 46 1836 1840 1841 1846 2036 2040 2041 2046 2336 2340 2341 2346 4346 4586 
m360 22 23 30 38 1123 1130 1172 1173 1188 1522 1523 1530 1538 3673 
m1542 34 1734 
m1933 22 44 46 1146 2244 2246 2344 2346 4846 
m1040 5 22 37 45 1105 1122 1137 1145 1855 1895 2255 
m13 18 46 918 946 2318 2346 
m3022 5 13 14 33 655 705 713 1655 1664 4163 
m1307 36 40 1836 1840 2036 2040 
m2744 32 37 46 1632 1637 1882 2332 2337 
m348 12 36 40 41 46 636 640 641 1836 1840 1841 2036 2041 2336 2340 2341 3136 4336 4812 
m2582 22 36 40 41 1136 1141 2036 2086 2090 
m3056 22 36 40 46 1136 1146 1836 1840 1846 2036 2046 2336 2340 2346 4836 
m2473 41 46 2091 2096 2341 
m1456 36 46 2336 
m601 32 36 41 46 1641 1646 2332 2336 2341 2346 4136 4586 
m2132 22 32 37 1622 1872 1882 
m823 5 13 22 33 36 40 655 1105 1113 1122 1133 1136 1140 1655 1805 1813 1833 1840 2013 2033 3183 
m438 
m2315 18 
m2085 22 26 38 46 1122 1146 1322 1338 1346 1922 1938 1946 2322 
m230 22 27 40 46 1127 1140 1146 2027 2046 2327 
m2686 22 23 30 1122 1123 1130 1172 1173 1180 1522 1523 1530 3673 
m3467 36 46 49 1849 2336 2346 2349 4836 
m3667 22 44 46 1146 2222 2244 2246 2344 2346 4846 
m1567 7 22 46 1107 1122 1146 2307 2346 
m2435 36 40 46 49 1849 2036 2040 2046 2049 2336 2346 2349 4336 4836 
m2218 22 23 31 46 49 1123 1146 1196 1572 1573 1596 2323 2346 2473 2481 2496 4846 
m1805 14 36 40 45 46 736 740 745 1840 1845 1846 2036 2045 2046 2286 2296 2336 3246 4336 
m2297 22 37 40 46 1137 1140 1146 1890 2037 2040 2046 2337 2340 2346 4396 
m2823 22 40 44 46 1146 2022 2044 2046 2344 2346 4846 
m3428 5 33 45 46 1655 1695 2255 2305 2345 4833 
m3379 6 14 32 314 332 732 
m34 22 30 40 46 1130 2022 2030 2040 2046 2322 2330 2346 
m2606 37 46 1896 
m2701 23 36 40 41 44 1186 1190 1191 1194 1840 1841 2041 2240 2241 4736 
m1387 30 37 40 46 1537 1540 1546 1890 2340 4396 
m2888 37 46 4837 
m3342 22 37 46 1122 1137 1146 2322 2337 2346 4837 
m2822 14 22 45 745 1114 1145 
m3157 40 46 2040 2046 
m2309 23 32 38 46 1182 1188 1196 1923 1932 1938 1946 2332 2338 2346 3696 4823 
m2350 13 37 46 1896 2313 4363 
m466 13 22 33 36 40 1113 1122 1133 1136 1140 1813 1822 1833 1840 2013 2022 2033 4163 
m3358 22 41 46 1122 1141 1146 2341 
m3225 14 714 
m2670 23 38 45 46 1195 1923 1945 1946 2323 2345 
m171 45 46 2295 2296 2345 2346 4846 
m1125 46 2346 
m1996 22 23 30 41 1122 1123 1130 1172 1173 1180 1191 1522 1523 1541 2072 2073 2080 3673 
m910 14 22 41 46 741 1114 1141 2314 2322 2341 2346 4814 
m1044 22 37 1122 1137 
m1423 36 46 49 1849 2336 2349 4336 
m1289 22 23 36 40 41 1122 1123 1136 1140 1141 1172 1173 1186 1190 1191 1822 1823 1836 1840 1841 2023 2036 2041 2072 2073 2086 2090 2091 3673 3686 4323 4586 
m2772 22 45 46 1145 1146 2345 4846 
m1190 22 46 1146 
m477 14 45 745 2264 2295 
m1223 14 32 46 714 732 2314 2332 2346 4814 
m2302 
m703 22 23 36 40 46 49 1172 1822 1836 1849 2022 2023 2036 2046 2049 2322 2323 2336 2349 2472 2473 2486 4323 4336 4836 
m609 36 38 48 1838 1848 1936 1948 2436 2438 2448 
m208 3 38 45 195 1903 1938 1945 
m1784 22 23 36 40 41 46 1123 1136 1140 1141 1146 1190 1822 1823 1836 1840 1841 2023 2036 2040 2041 2046 2072 2073 2086 2096 2322 2323 2336 2340 2341 2346 3673 3686 4323 4346 4823 
m786 8 
m1514 45 46 2296 
m276 5 14 32 705 1605 1614 
m3012 23 30 36 41 1523 1823 1830 2073 2080 3673 4323 4586 
m2638 36 38 46 1936 1938 1946 2336 2346 
m1470 5 36 46 49 255 286 1805 1836 1846 1849 2305 2336 2455 2486 2496 
m2399 22 36 41 49 1136 1141 1822 1841 1849 2072 2086 2091 2099 2472 2486 2491 4336 
m2326 22 23 36 41 1123 1136 1141 1191 3686 4341 
m2640 22 44 46 1144 1146 2344 2346 
m2009 45 
m2152 45 46 2345 
m1099 22 23 36 40 41 46 1122 1123 1136 1140 1141 1146 1190 1191 1822 1823 1836 1840 1841 1846 2022 2023 2036 2040 2041 2046 2323 2336 2340 2341 3673 3686 4323 4336 
m3665 30 40 45 46 2045 2046 2280 2296 2330 2345 4846 
m954 22 38 40 45 46 1138 1146 1938 1940 1946 2272 2288 2290 2296 2340 2346 
m2497 14 22 36 46 722 736 1822 2314 2322 4836 
