m570 12 22 23 36 40 41 46 49 640 1123 1136 1141 1149 1162 1186 1190 1196 1199 1812 1840 1846 1849 2062 2073 2086 2090 2096 2099 2340 2462 2486 2496 3146 3686 4312 4336 
m2053 32 36 41 46 1641 1646 2332 2336 2341 2346 4136 4586 
m1523 37 
m277 44 46 2244 2246 2344 2346 
m527 22 36 40 46 1122 1136 1140 1822 2022 2036 2040 2322 2336 2340 4336 
m3407 23 30 41 45 1180 1191 1541 2273 2280 2291 
m2700 
m588 14 22 41 714 741 1114 1141 2064 2072 2091 
m2858 22 36 40 46 1136 1146 1836 1840 1846 2036 2046 2336 2340 2346 4836 
m2212 5 36 46 49 286 296 299 1836 1849 2305 2336 2346 2349 4836 4846 
m1619 14 46 2314 2346 4814 
m2879 22 23 30 36 40 41 1122 1123 1130 1136 1140 1172 1180 1186 1522 1523 1536 1822 2023 2030 2036 2072 2073 2080 2086 2090 3673 4323 
m274 30 36 39 40 46 1830 1980 1986 1990 1996 2030 2036 2046 2330 4836 
m3130 22 40 46 1122 1140 2322 2340 
m1389 41 45 2091 2095 2291 2295 
m809 46 2346 
m746 36 1836 
m520 22 40 41 46 1122 1140 1141 1146 2041 2046 2341 2346 
m177 38 45 46 1938 1945 1946 2345 
m2940 23 36 40 46 49 1836 1840 1846 1849 2023 2036 2040 2046 2049 2323 2336 2473 2486 2490 2496 3686 4323 4336 4836 
m325 21 36 41 1821 2071 4341 
m2337 29 36 48 1486 1829 1836 1848 2429 2436 2448 4336 
m216 5 14 32 705 1605 1614 
m162 13 22 45 695 1113 1145 2263 2272 2295 
m1262 18 918 
m2604 5 32 1605 
m1959 22 35 46 1135 1146 2322 2335 2346 
m1311 22 23 30 36 40 46 48 1122 1123 1130 1136 1140 1146 1148 1172 1173 1522 1523 1530 1540 1546 1822 1823 1830 1840 1846 2022 2023 2030 2036 2040 2046 2322 2323 2330 2340 2346 2430 2436 2440 2446 3696 4823 
m2324 8 36 46 1808 2308 2336 2346 4836 
m3367 45 46 2296 
m423 14 46 714 746 2314 2346 3246 4814 
m2299 40 46 2046 
m1671 22 40 45 46 1140 1146 2272 2290 2296 2340 
m1209 22 23 30 39 41 1123 1130 1139 1141 1523 1973 1980 1991 2073 2080 3673 4473 
m3263 36 40 1836 1840 2036 2040 4336 
m1877 18 45 945 2295 
m2521 13 37 4363 
m899 26 40 46 1326 1340 1346 2026 2046 2326 3826 
m1632 36 
m609 17 33 38 45 895 1695 1917 1933 1938 1945 3383 
m2506 22 44 46 1146 2322 2344 2346 4846 
m744 14 23 30 46 1514 1523 1546 2314 2323 2330 2346 3664 4814 4823 
m2805 16 23 40 46 840 846 1190 2016 2023 2040 2046 2340 3323 3696 
m457 33 46 2333 2346 4833 
m1583 36 45 46 1845 2286 2295 2345 4836 
m1098 22 23 30 36 40 46 49 1122 1123 1130 1136 1140 1146 1172 1173 1180 1186 1190 1522 1523 1530 1536 1540 1546 1822 1823 1830 1840 1846 1849 2022 2023 2030 2036 2040 2046 2049 2322 2323 2330 2336 2340 2346 2349 2472 2473 2480 2496 3696 4823 
m1175 13 45 2263 
m2400 46 
m3474 22 36 45 1136 1145 1845 
m842 14 22 41 46 741 1114 1141 2314 2322 2341 2346 4814 
m3177 7 45 2257 
m1356 22 36 40 41 49 1122 1136 1140 1141 1149 1841 1849 2022 2036 2041 2049 2072 2086 2090 2091 2099 2486 2491 4336 
m1734 22 44 46 1146 2344 2346 4846 
m914 13 16 3313 
m2790 
m2453 40 46 2046 2346 
m1802 22 23 30 1122 1123 1130 1172 1173 1180 1522 1523 1530 3673 
m2140 14 22 23 46 1114 1123 1146 1196 2314 3664 
m2395 37 40 46 49 1899 2037 2046 2049 2337 2340 2346 2349 4396 
m1706 17 46 2317 2346 4817 
m615 3 32 36 41 46 186 191 1603 1641 2303 2332 2336 2341 4136 4586 
m3095 22 46 1122 1146 
m2721 38 
m1220 5 22 30 37 46 272 280 287 296 1522 1537 1855 1872 1880 1887 1896 2305 2322 2330 2337 2346 4387 4837 
m3321 12 36 46 49 649 1812 1849 2336 2349 4812 
m2618 22 44 46 1146 2344 2346 4846 
m2095 23 30 45 46 1180 1195 1196 2280 2296 2330 2345 2346 3696 4823 
m1385 39 45 1995 2289 2295 
m999 45 46 2296 2346 4846 
m2060 22 45 46 1145 1146 2296 4846 
m2965 28 36 38 46 1928 1936 1946 2328 2336 2346 4328 4836 
m652 8 37 408 437 
m181 22 23 30 36 40 46 49 1122 1123 1130 1136 1140 1146 1149 1172 1173 1180 1186 1190 1199 1522 1523 1530 1536 1540 1546 1549 1822 1823 1830 1836 1840 1846 1849 2022 2023 2030 2036 2040 2046 2322 2330 2336 2340 2346 2349 2472 2473 2480 2486 2496 3696 4823 
m1331 14 45 46 714 745 746 2345 4814 
m670 5 13 22 45 46 655 1113 1145 1146 2255 2263 2296 2305 2313 
m480 32 36 46 49 1849 2332 2336 2346 2349 2482 4332 
m606 8 408 
m2294 28 36 1828 1836 
m2842 5 26 33 45 1305 1333 1345 1655 1695 2255 
m17 37 40 46 2037 2046 4837 
m2052 32 46 48 2332 2348 2432 
m1546 14 36 40 46 740 1814 1836 1840 1846 2014 2036 2040 2046 2314 2340 2346 3246 4314 4346 4836 
m2968 22 37 45 46 49 1122 1137 1145 1146 1895 2322 2345 2346 2472 2487 2495 2496 4396 4837 
m3306 14 46 746 4846 
m127 
m3446 22 45 1122 1145 2272 2295 
m43 22 26 33 36 49 1322 1333 1349 1672 1822 1826 1833 1849 2472 2483 
m3173 14 36 40 45 736 740 745 1840 2036 2286 2290 4336 
m815 23 36 1186 
m2006 22 23 30 36 40 46 1122 1123 1130 1136 1140 1146 1172 1173 1522 1523 1530 1540 1546 1822 1823 1830 1840 1846 2022 2023 2030 2036 2040 2046 2322 2323 2330 2340 2346 3696 4823 
m3260 23 45 46 1195 2323 2345 2346 
m3219 22 23 36 40 1122 1123 1136 1140 1173 1822 1823 1840 2022 2023 2040 3673 
m1240 14 22 36 1114 1136 4314 
m1872 28 36 1828 1836 
m275 26 
m3297 9 14 36 49 709 1809 1814 1836 1849 2459 2464 2486 2499 
m1938 37 45 1887 1895 
m535 22 30 36 40 1136 1140 1522 1536 1822 1830 1836 1840 2022 2030 2036 2040 4336 
m2405 22 26 44 46 1146 1346 2344 2346 4846 
m3473 5 13 22 38 46 655 696 1113 1146 1905 1913 1922 1946 2305 
m3372 22 37 40 46 1872 2037 2046 2322 2337 2346 4837 
m1847 13 22 36 38 40 1113 1122 1136 1138 1140 1813 1840 1913 1936 1940 2013 
m1609 14 22 38 46 49 722 749 1914 1938 1946 1949 2314 2322 2338 2346 2349 2472 4814 
m648 22 23 36 40 46 49 1172 1822 1836 1849 2022 2023 2036 2040 2046 2049 2322 2323 2336 2349 2472 2473 2486 4323 4336 4836 
m2736 5 7 36 46 49 286 296 299 355 386 396 1836 1849 2336 2346 2349 2486 2499 4836 
m1693 17 38 46 896 1917 1938 1946 2317 2338 2346 3396 4817 4846 
m1268 5 23 27 41 273 291 1355 1373 1391 2073 3673 
m2977 22 23 30 36 41 1122 1123 1130 1136 1172 1173 1522 1523 1822 1823 1830 2072 2073 2080 3673 4586 
m1205 22 40 46 1146 2046 2322 2340 2346 
m2954 26 46 1346 
m1420 4 204 
m1269 13 22 46 1113 1122 1146 2322 4813 
m433 2 45 46 2252 2296 2302 
m1223 37 40 45 46 1890 2287 2290 2337 2340 2345 
m1184 13 33 663 683 1663 1683 3183 4163 
m3289 14 40 46 740 746 2014 2040 2046 2314 2340 2346 3214 3246 4814 
m3340 44 46 2246 2344 2346 
m2615 5 22 1105 1122 
m2815 5 13 14 33 655 705 713 1655 1664 4163 
m2926 22 44 46 1146 2322 2344 2346 4846 
m3039 45 46 2296 
m1094 17 46 2317 2346 3396 4817 
m1261 36 40 46 49 1836 1840 1846 1849 2036 2046 2049 2336 2340 2346 2349 2486 2490 2496 4346 4836 4846 
m235 22 36 40 46 49 1822 1846 1849 2022 2036 2040 2046 2049 2322 2472 2496 
m2995 
m3357 12 26 45 46 645 1312 1345 1346 2345 4812 
m1351 36 38 40 41 1841 1941 2036 2041 2086 2090 2091 
m1574 22 36 41 46 48 1136 1141 1848 2086 2098 2322 2336 2341 2348 4336 
m358 46 
m2830 45 2295 
m1306 37 46 49 1887 1899 2337 2346 2349 2487 2496 4396 4837 
m103 14 22 46 722 746 2322 
m1668 14 32 36 44 46 736 1614 2214 2232 2236 2314 2332 2336 2344 4136 4846 
m3001 5 45 295 
m562 5 45 46 2255 2296 2305 
m1903 22 45 2272 
m2158 14 40 46 49 2014 2040 2046 2314 2346 2464 2490 2496 4814 
m3230 13 23 49 673 1163 1173 1199 2463 2473 2499 3163 
m101 13 33 45 1695 2263 4163 
m660 22 41 1122 1141 2072 
m1364 23 45 1195 2273 2295 
m3470 20 37 46 1870 2320 2337 
m3060 46 2346 
m471 22 36 37 40 1122 1136 1137 1140 1822 1872 1886 1890 2022 2036 
m1410 23 45 46 1195 2323 2345 3673 
m1547 46 
m2975 22 36 41 46 49 1136 1141 1849 2086 2099 2322 2336 2341 2349 4336 
m76 14 22 46 722 746 2322 2346 
m2523 22 23 30 38 41 1122 1123 1130 1138 1172 1173 1188 1522 1523 1530 1538 2072 2073 2080 3673 
m2202 18 46 2318 
m2039 22 23 30 41 46 1122 1123 1130 1141 1146 1172 1173 1180 1191 1522 1523 2072 2073 2080 2322 2323 2330 2341 3673 
m2991 5 36 45 46 286 295 1845 2305 2336 2345 4336 
m2200 37 39 40 46 1890 1987 1990 2340 4396 4496 
m2515 32 36 46 1632 1636 1646 1832 1836 1846 2332 2346 4332 4846 
m2245 46 
m2600 22 26 44 46 1146 1322 1344 1346 2344 2346 4846 
m2759 14 27 38 727 1914 1927 
m1620 14 23 30 46 1514 1523 1546 2314 2323 2330 2346 3664 4814 4823 
m912 12 14 32 37 46 614 632 732 737 1882 2314 2332 2337 3137 4812 
m283 36 40 45 1845 2036 2045 2286 2290 2295 
m2647 30 36 38 1530 1536 1538 1830 1836 1838 1930 1936 1938 4036 4330 
m305 5 13 26 33 263 283 1305 1313 1333 1655 1663 1683 3183 
m3210 22 23 36 40 46 49 1172 1186 1190 1822 1823 1836 1840 1849 2022 2023 2036 2040 2046 2049 2322 2323 2336 2340 2349 2473 2486 2490 3686 4336 4346 4836 
m1459 13 33 36 40 48 698 1698 1813 1833 1848 2013 2033 2036 2048 4163 
m2226 13 22 32 45 682 1113 1132 1145 2263 2282 
m14 13 22 32 33 36 40 46 690 696 1113 1122 1132 1133 1136 1140 1146 1613 1633 1636 1640 1646 1690 1813 1833 1840 1846 2013 2033 2046 2333 2340 3183 
m2111 40 44 46 49 2044 2046 2049 2344 2349 2494 
m2119 36 40 46 1836 1840 1846 2036 2040 2046 2336 2340 2346 4336 4346 
m1738 13 38 46 688 1913 1946 2338 4813 
m1711 38 46 1946 
m3162 33 45 46 2283 2296 2333 2346 4833 4846 
m2347 45 
m2308 12 46 612 2312 2346 4812 
m506 23 30 46 1173 1180 1196 1523 1530 1546 2323 2330 2346 3696 4823 
m478 32 37 46 1632 1637 1646 2332 2337 2346 4837 
m1598 13 22 30 47 680 697 1113 1122 1130 1147 2380 
m728 8 
m1760 23 30 36 40 46 49 1180 1830 1836 2023 2030 2036 2046 2049 2323 2330 2336 2473 2480 2486 2496 4323 4836 
m1827 13 22 36 40 672 686 690 1113 1122 1136 1140 1822 2022 2036 
m2872 22 44 46 1146 2222 2244 2246 2322 2344 2346 4846 
m214 45 46 2345 
m2249 6 43 4656 
m406 37 45 46 1895 2345 4837 
m1812 36 46 2336 
m1516 13 22 38 1113 1122 1138 1913 1938 
m1969 14 22 46 722 746 2322 2346 
m469 8 45 46 2258 2296 2308 
m3347 31 36 1581 1586 1836 4086 
m2063 22 36 40 49 1149 1822 1849 2022 2036 2049 
m541 12 32 46 632 2332 4812 
m320 13 33 46 1663 1683 2313 2333 4163 4833 
m2469 
m1435 34 1734 
m1843 37 41 46 2087 2096 4837 
m3133 45 46 2295 2296 
m3336 22 32 36 40 46 49 1622 1646 1822 1832 1836 1840 1846 1849 2032 2036 2046 2322 2482 2486 2490 2496 4332 
m1436 14 37 40 46 737 740 746 2037 2046 4837 
m28 26 45 46 2276 2296 2326 
m3104 8 41 46 49 408 446 449 2058 2096 2308 2341 2346 2349 2458 2496 
m3291 26 45 46 1326 1345 1346 2276 2296 2326 
m2505 22 44 46 1146 2344 2346 4846 
m542 22 46 1122 1146 2322 2346 
m2210 22 23 36 40 41 1122 1123 1136 1140 1141 1172 1822 1823 1836 1840 1841 2022 2023 2036 2040 2041 2072 2073 2086 3686 
m1869 23 30 40 46 1190 1196 1523 1530 1540 1546 2040 2046 2340 
m3027 13 38 1913 1938 
m354 18 37 46 1868 2318 4837 
m3313 14 38 738 
m2512 32 37 38 46 1637 1646 1932 1937 1946 2332 2337 2346 4837 
m1465 6 36 42 45 306 345 1845 2106 2145 2836 4306 4606 4636 
m2271 12 36 46 49 649 1849 2336 2349 3136 4812 
m3067 10 36 40 49 536 1810 1836 1849 2010 2036 2049 2460 2486 
m2376 30 46 2330 
m2526 23 36 40 41 44 1186 1190 1191 1194 1840 1841 2041 2240 2241 4736 
m3105 23 30 40 1173 1190 1523 1530 1540 2023 2030 2040 3673 
m256 29 34 36 1484 1734 1829 1834 1836 
m2898 30 44 45 1545 2230 2245 
m29 26 46 1346 
m1982 37 1887 
m1913 36 43 49 1849 2186 2199 
m357 36 46 2336 2346 4836 4846 
m2596 36 40 45 46 1836 1840 2036 2040 2046 2286 2290 2296 2340 4346 
m2692 13 36 40 41 686 690 691 1841 2036 2041 2063 2086 2090 2091 
m547 34 45 2284 
m2567 22 23 1122 1123 1173 3673 
m1661 5 23 37 46 49 299 1155 1173 1199 1855 1873 1899 2305 2323 2349 4837 
m2206 22 36 46 49 1136 1146 1149 1849 2336 2346 2349 
m877 22 38 45 46 1122 1146 1922 1938 1945 1946 2272 2288 2295 2296 2346 
m499 23 38 45 1195 1923 1945 3673 
m3320 46 
m1797 22 23 36 40 41 46 49 1123 1136 1141 1191 1836 1841 2022 2023 2036 2041 2322 2323 2336 2340 2341 2349 2472 2473 2486 2490 2491 2499 4323 4336 4836 
m2903 10 14 46 710 746 2310 2346 
m1573 
m1558 5 13 33 46 655 1655 2305 2313 2333 4163 
m3328 9 17 40 46 49 859 896 2009 2017 2046 2049 2309 2346 2459 2467 2496 3396 
m2679 23 36 41 1186 1191 1823 1836 1841 2073 2086 2091 4341 4586 
m497 45 2295 
m2397 13 22 36 40 41 1113 1136 1140 1813 1840 2013 2063 2072 2086 2090 
m1767 22 36 40 1122 1136 2022 2036 2040 
m3436 46 
m766 36 40 41 1836 1840 1841 2036 2041 2086 2091 4336 4341 4586 
m926 12 36 40 45 46 640 645 1845 2036 2045 2336 2340 2345 3136 4812 
m487 3 45 195 2295 
m2924 22 44 46 1144 1146 2222 2246 2322 2344 2346 4846 
m139 22 36 40 41 49 1136 1140 1141 1822 1836 1840 1841 2036 2072 2086 2090 2091 2472 2486 2491 4336 
m918 22 38 46 1146 1922 1946 
m350 32 40 45 46 2032 2045 2046 2282 2296 2332 
m832 37 38 46 49 1887 1888 1899 1937 1946 2337 2338 2346 2349 4396 4837 
m128 5 36 37 38 45 46 286 295 1845 1855 1886 1895 1937 1938 1946 2305 2336 2337 4336 
m501 46 
m781 26 32 36 38 46 1332 1336 1346 1832 1926 1932 1936 1946 2332 2336 2346 4836 
m3334 36 40 45 46 1840 1845 2036 2040 2045 2340 2345 4836 
m2534 5 36 45 46 49 286 296 299 1836 1846 1849 2255 2286 2296 2299 2336 2349 
m456 22 45 1145 
m2412 22 36 40 41 1136 1141 2036 2086 2090 
m2402 5 14 26 33 45 264 276 283 726 1676 2255 2264 2276 2283 3233 
m1120 30 36 40 46 49 1549 1830 1836 1846 1849 2030 2036 2040 2046 2049 2330 2349 2480 2499 
m73 13 22 44 46 694 1113 1122 1144 1146 2313 2344 
m841 32 49 1649 
m3139 23 36 41 1823 2073 3673 4323 4586 
m2264 22 26 46 1146 1322 1346 
m367 36 
m1562 5 36 40 46 49 286 296 299 2005 2036 2046 2346 2349 2486 4836 
m1023 14 36 38 40 738 1838 2014 2036 2038 2040 4314 
m1225 13 17 22 672 872 3363 
m2316 8 46 2308 2346 4846 
m1224 37 40 41 46 2037 2046 2087 2090 2096 4837 
m3149 22 23 45 1122 1123 1145 1173 2272 2273 2295 3673 
m736 12 22 36 40 41 45 46 49 636 640 641 645 649 1145 1822 1836 1840 1841 1845 2012 2022 2036 2040 2041 2045 2046 2049 2072 2095 2272 2295 2336 2340 2349 2486 2490 2491 3136 4336 4812 
m463 26 33 47 1333 1347 1697 
m3288 27 45 46 2277 2296 2327 2346 
m2465 36 38 46 1936 1938 1946 2336 2346 
m331 9 36 49 1809 2459 2486 2499 2959 4309 4336 
m1930 2 40 46 140 146 2046 
m2599 22 46 1122 1146 
m3356 22 23 30 36 49 1123 1130 1136 1149 1522 1523 1530 1822 1823 1830 1836 1849 2472 2473 2480 2486 2499 
m2248 42 45 2145 
m2237 36 37 40 46 48 1848 1886 1890 1896 2036 2040 2046 2048 2336 2340 2346 2348 4396 4836 
m343 14 22 46 722 1114 1146 2322 3246 
m1780 13 46 2313 
m287 22 37 38 45 46 1872 1922 1937 1945 1946 2272 2287 2296 2322 4837 
m1472 26 46 1346 2346 
m3186 22 36 41 1136 1141 1822 1841 2072 2086 2091 4336 4586 
m3312 
m3325 26 38 46 1926 1946 2326 
m3442 5 13 38 45 46 655 1913 1946 2255 2263 2288 2296 2305 2313 
m860 23 36 3686 
m2436 10 36 46 1810 2310 2346 4836 
m431 8 36 408 2936 4308 
m2860 22 45 46 1122 1145 1146 2272 2295 2296 2345 
m30 26 32 36 41 46 49 1332 1336 1341 1346 1349 1641 1646 2332 2336 2341 2346 2482 2486 2491 2496 4136 4586 
m734 22 30 36 40 41 49 1130 1136 1141 1536 1540 1541 1830 1836 1840 1841 2036 2072 2080 2086 2090 2091 2472 2480 2486 2491 
m2929 16 38 46 838 2338 4816 
m1108 46 4846 
m1063 14 714 
m2233 22 36 40 41 49 1136 1141 1822 1836 1840 1841 1849 2036 2072 2086 2090 2091 2472 2486 2491 4336 
m2138 46 
m515 16 23 30 38 45 46 830 1180 1516 1523 1530 1546 1916 1930 1945 1946 2266 2273 2280 2296 2316 2323 2330 2345 2346 3323 4823 
m2899 12 22 36 41 46 49 622 641 1141 1812 1822 1841 2322 2336 2341 2462 2472 2486 2491 2496 3136 4312 4336 4812 
m1028 32 36 4332 
m1637 22 32 38 46 1146 1922 1932 1938 1946 2332 2346 
m2963 13 22 33 36 40 46 672 686 690 1113 1122 1133 1136 1140 1672 1686 1690 1822 2022 2036 2313 2322 2333 2336 2340 3183 
m341 5 45 295 
m492 14 20 22 720 1114 1120 
m82 15 22 46 772 2315 2322 
m336 45 
m2262 45 2295 
m1202 38 46 1938 1946 
m502 12 22 30 622 1512 1522 
m2973 22 26 44 46 1146 1322 1344 1346 2326 2344 2346 4846 
m392 5 46 2305 2346 4846 
m2382 22 23 36 40 1122 1123 1136 1140 1173 1186 1190 1822 1823 1836 1840 2022 2023 2036 2040 3673 3686 
m1726 11 
m78 44 46 49 2246 2494 2496 
m1076 26 46 1346 2346 
m3392 36 37 39 40 41 46 49 1837 1839 1840 1841 1846 1849 1889 2037 2039 2046 2087 2089 2090 2096 2487 2490 2491 4396 4839 
m2215 26 46 1346 2346 
m1377 45 2295 
m1022 44 46 2246 2344 2346 4846 
m945 45 46 2295 2296 2346 
m87 23 38 1923 3673 
m3155 41 
m1130 16 32 40 44 46 832 844 1644 2016 2032 2044 2046 2316 2332 2344 
m1049 22 37 45 49 1122 1137 1145 1149 1899 2287 2299 
m2547 14 37 714 737 1887 3237 
m2663 13 16 38 688 838 3313 
m2645 23 30 45 1180 1195 1523 1530 1545 2273 2280 2295 3673 
m2017 40 46 2040 2046 2340 
m2918 36 38 40 41 1838 1841 1941 2036 2038 2041 
m1825 13 22 36 40 672 686 690 1113 1122 1136 1140 1822 2022 2036 
m629 14 45 745 2264 2295 
m2651 13 46 2313 2346 4813 
m2141 46 2346 4846 
m2176 14 32 48 732 2414 2432 
m1456 14 30 714 730 
m434 13 20 22 33 36 40 670 672 686 690 1022 1033 1036 1040 1672 1686 1690 1822 1840 2022 2036 3183 3536 4336 
m132 22 44 46 1146 2344 2346 4846 
m510 46 
m345 26 37 38 46 1876 1926 1937 1946 2326 4396 
m628 32 36 41 46 1641 1646 2332 2336 2341 2346 4136 4586 
m2362 22 36 40 1136 1140 1840 2036 2040 
m2853 40 44 46 2044 2046 2344 
m2748 14 33 40 46 733 740 746 1690 2340 4196 
m2443 22 38 44 46 1146 1922 1944 1946 2344 2346 4846 
m1304 22 45 46 49 1146 1149 2272 2296 2299 2349 2472 2495 2496 
m567 36 38 48 1838 1848 1936 1948 2436 2438 2448 
m3322 13 14 22 46 672 722 1113 1114 2313 2322 3213 4814 
m1571 22 36 40 41 46 48 1136 1140 1141 1148 1836 1848 2036 2048 2086 2090 2098 2322 2336 2340 2341 2348 4336 
m632 23 28 38 1178 1188 1928 1938 
m1203 23 45 1195 2273 2295 
m2289 38 46 1946 2346 
m2937 14 22 23 30 36 40 41 741 1123 1130 1136 1140 1141 1191 1523 1536 1540 1541 1823 1841 2023 2036 2041 2072 2073 2080 2086 2090 2091 3673 4323 
m229 32 46 1646 2332 2346 
m2778 14 30 40 46 1514 1546 2014 2030 2040 2046 2314 2346 4814 
m1367 5 36 46 49 255 286 1805 1836 1846 1849 2305 2336 2455 2486 2496 
m1673 22 23 36 40 41 1122 1123 1136 1140 1141 1172 1173 1186 1190 1191 1822 1823 1836 1840 1841 2023 2036 2041 2072 2073 2086 2090 2091 3673 3686 4323 4336 4586 
m2878 48 2448 
m3166 38 46 1946 
m1809 23 45 1195 2273 2295 
m1768 37 46 1896 2337 2346 4846 
m3428 34 46 1746 
m1317 22 23 45 1172 1173 2272 2273 3673 
m1925 13 46 2313 
m1228 22 23 36 41 1122 1123 1136 1141 2073 3686 4586 
m808 22 23 30 36 38 40 1123 1130 1136 1140 1172 1173 1180 1186 1188 1190 1522 1523 1538 1822 1830 1922 1923 1930 1936 1938 1940 2022 2023 2030 2036 2040 3673 4323 
m1273 5 15 38 40 46 755 1905 1915 1938 1940 1946 2005 2015 2038 2040 2046 2305 2315 2346 4815 
m2350 27 46 49 2327 2346 2477 2496 
m2334 14 22 36 46 722 736 1822 2314 2322 4836 
m39 22 30 45 1122 1130 1145 1522 2272 2280 
m2533 13 33 36 49 663 683 686 699 1663 1683 1686 1699 1833 1849 2463 2483 2486 3183 
m2078 12 23 30 36 41 612 630 636 641 1191 1523 1541 1812 1823 1830 1836 1841 2062 2073 2086 3123 
m725 37 41 46 2087 2096 4837 
m447 22 36 40 41 45 46 49 1122 1136 1140 1146 1149 1836 1841 1846 2036 2041 2046 2272 2286 2290 2295 2296 2299 2336 2341 2346 2472 2486 2490 2496 2499 4341 4836 
m2664 32 36 38 41 46 1641 1646 1932 1936 1941 1946 2332 2336 2338 2341 2346 4136 4586 
m337 17 22 41 46 872 891 1141 2322 2341 4817 
m2411 12 45 46 645 2345 4812 
m1608 22 23 36 40 41 46 49 1123 1136 1140 1173 1186 1190 1199 1840 2022 2023 2036 2040 2041 2049 2072 2073 2086 2090 2091 2099 2322 2323 2340 2341 2473 2486 3673 3686 4323 
m654 22 23 36 46 49 1123 1136 1146 1149 1836 1846 1849 2323 2336 2473 2486 2496 3686 4323 4336 4836 
m1940 32 36 37 1632 1637 1882 1886 1887 4136 4332 
m1730 38 46 1946 
m156 45 46 2295 2296 2345 2346 4846 
m1732 6 42 46 346 2146 2842 
m724 8 22 36 46 1122 1136 1146 2308 2336 2346 4308 4836 
m3056 23 30 46 1180 2323 2330 2346 
m2012 26 37 41 46 1337 1341 1346 1891 2341 4837 
m194 22 36 40 41 45 1122 1136 1140 1836 1840 2036 2040 2072 2086 2272 2286 2291 
m933 45 
m556 26 27 46 1327 1346 1377 2327 
m3169 36 46 4836 4846 
m1785 22 36 40 46 49 1122 1136 1146 1149 1822 1836 1840 1846 1849 2022 2036 2040 2046 2049 2349 2472 2486 2490 2496 
m209 23 45 1195 
m2487 46 2346 
m49 10 30 36 37 46 1510 1536 1546 1810 1860 1880 1886 1896 2310 2346 4836 
m3305 22 23 30 36 40 41 46 1122 1123 1130 1136 1140 1141 1146 1172 1173 1180 1186 1190 1191 1523 1536 1540 1541 1841 2023 2036 2041 2073 2080 2086 2090 2091 2322 2323 2330 2341 3673 4323 
m2134 6 43 46 2306 2343 4656 
m2073 
m2195 23 30 36 49 1180 1199 1549 1823 1830 1849 
m2118 36 40 46 1836 1840 1846 2036 2040 2046 2336 2340 2346 4336 4346 
m922 22 30 38 45 46 1130 1145 1146 1922 1930 1945 1946 2280 2296 2330 
m623 22 32 36 37 40 1122 1136 1137 1140 1622 1636 1637 1640 1822 1872 1886 1890 2022 2036 
m123 36 45 49 1849 2286 2299 
m2038 36 
m316 28 36 40 1428 1828 1836 2028 2036 3936 4328 
m1831 22 45 46 1146 2272 2296 4846 
m2330 14 32 46 1614 2314 2332 
m3176 14 36 40 45 736 740 745 1840 2036 2286 2290 4336 
m1646 23 30 40 1180 1523 1530 2023 2030 
m662 30 44 45 1530 1544 1545 2230 2244 2245 2280 2294 2295 
m576 36 40 41 46 1836 1840 1841 1846 2036 2040 2041 2046 2336 2340 2341 2346 4346 4586 
m2185 26 46 1346 
m2447 22 44 46 1146 2344 2346 4846 
m867 17 23 46 2317 2323 2346 3667 4817 4823 4846 
m2566 32 37 46 1632 1637 1882 2332 2337 
m1908 12 30 45 630 2262 2280 
m2086 22 32 45 46 1146 2272 2282 2295 2296 2332 2346 
m2697 30 37 40 46 1880 1890 2030 2046 2330 4396 
m373 5 45 46 2255 2296 2305 
m937 12 45 46 645 2345 4812 
m409 14 22 46 722 746 2322 2346 
m1772 13 22 44 46 694 1113 1146 2313 2344 
m601 41 
m21 23 30 36 40 1173 1180 1190 1523 1530 1536 1540 1823 1830 1836 1840 2023 2030 2036 2040 3686 4323 4336 
m148 36 38 1838 1936 1938 
m672 22 32 40 46 1146 2022 2032 2040 2046 2332 2346 4846 
m2034 23 30 38 45 46 1180 1923 1930 1946 2273 2280 2288 2296 2330 2346 4823 
m2286 23 36 40 46 1186 2023 2036 2040 2046 2323 2336 2340 2346 3696 4346 
m2056 22 23 30 38 1122 1123 1130 1138 1172 1173 1188 1522 1523 1530 1538 1922 1923 3673 
m1555 12 40 46 2012 2046 4812 
m1873 22 36 41 46 1122 1136 1141 1146 1822 1836 2072 2086 2091 2322 2336 2341 4586 
m2288 37 46 2346 4396 4837 
m530 46 
m2495 23 38 45 46 1195 1923 1945 1946 2323 2345 
m2876 22 37 46 1872 2322 4837 
m2180 5 13 22 26 33 46 263 283 672 1305 1313 1333 1346 1672 2305 2313 2322 2333 4163 
m1162 13 46 696 
m695 14 36 46 736 746 2336 
m3192 36 37 40 46 1840 1886 1890 1896 2036 2037 2040 2046 2336 2340 2346 4346 4837 
m1747 46 2346 
m2832 37 40 46 2037 2046 4837 
m233 5 13 33 36 46 263 283 1805 1813 1833 2305 2313 2333 4163 4836 
m44 9 36 45 46 486 495 496 1845 2309 2336 2345 2346 
m1003 5 13 33 45 263 283 2255 2263 2283 3183 
m2100 12 14 36 40 41 46 636 640 641 736 740 741 1841 2036 2041 2314 2336 2340 2341 3114 3236 4336 4812 
m1199 45 46 2295 2345 
m3323 22 23 36 41 1122 1123 1136 1141 1173 1186 1823 2073 3673 3686 4323 4586 
m2384 22 23 36 40 46 49 1172 1822 1823 1836 1840 1849 2022 2023 2036 2040 2046 2049 2322 2323 2336 2349 2473 2486 3686 4336 4346 4836 
m1584 22 23 30 1122 1123 1130 1172 1173 1180 1522 1523 1530 3673 
m2780 40 46 2046 
m3345 32 36 38 46 1832 1932 1936 1938 1946 2332 2336 2346 4836 
m3003 13 22 32 46 682 1113 1122 1132 1146 2313 2322 2332 
m963 21 
m313 37 
m2254 22 28 1422 
m1907 44 46 49 2344 2349 2494 
m730 26 46 1326 1346 
m2883 5 13 22 33 46 655 1113 1133 1146 1655 1696 2305 2313 4163 
m2791 22 40 46 1140 1146 2046 
m1565 9 13 33 38 463 483 488 688 1688 4163 
m3274 13 22 38 1113 1138 1913 
m3451 22 44 46 1122 1146 2344 2346 4846 
m782 1 32 36 38 45 46 82 96 1901 1932 1936 1946 2251 2282 2286 2288 2296 2332 2586 4136 4836 
m410 45 46 2345 
m293 36 38 46 49 1849 1936 1946 2336 2346 2349 4836 
m2762 14 40 46 714 746 2014 2040 2046 2314 2340 2346 3246 4814 
m1112 22 23 30 36 40 41 1122 1123 1130 1136 1140 1172 1180 1186 1522 1523 1536 1822 2023 2030 2036 2072 2073 2080 2086 2090 3673 4323 
m3303 
m2803 22 37 46 1872 2322 4396 
m3038 26 36 41 46 1826 2076 2096 2326 4346 4586 
m2603 22 38 44 46 1146 1946 2344 2346 4846 
m1362 37 46 2337 
m1879 36 38 40 45 1845 1936 1938 1940 1945 2036 2045 2286 2295 4336 
m2582 11 13 33 36 40 661 1661 1811 1813 1833 2011 2013 2033 2036 4163 
m3193 13 22 46 1113 1122 2322 4813 
m1360 18 45 2268 
m2691 22 36 46 1122 1136 1146 1822 1846 2322 
m804 22 23 30 46 1122 1123 1130 1146 1180 1523 1530 1546 2330 2346 4823 
m292 22 27 36 46 49 1127 1136 1146 1149 1377 1386 1396 1399 1827 1849 2322 2327 2336 2346 2349 2477 2486 2496 2499 
m1650 5 37 45 46 1855 1895 2255 2305 2337 2345 2346 4837 4846 
m579 26 46 49 1346 1349 2346 2496 2499 
m1319 13 38 46 663 696 1913 1946 
m3239 45 46 2295 2345 
m1746 3 22 30 38 180 188 1522 1922 1930 1938 
m2784 14 22 27 40 727 1114 1127 2014 2022 2027 
m421 46 50 2546 
m2219 5 14 30 46 264 296 1505 1514 1546 2305 2314 2330 2346 4814 
m2956 22 44 46 1144 1146 2222 2246 2322 2344 2346 4846 
m855 22 46 1122 1146 
m383 5 37 46 1855 2305 4837 
m1916 5 37 46 255 287 1855 1887 1896 2305 2337 2346 4837 
m2980 14 36 49 1814 1849 2464 
m3234 
m2628 37 38 41 46 1937 1938 1941 1946 2087 2096 4837 
m1866 22 23 32 1122 1123 1132 1182 1622 1623 1632 
m435 22 23 30 1123 1130 1180 1530 
m1985 22 32 37 1622 1872 1882 
m1193 30 36 40 46 48 1830 1848 2030 2036 2046 2330 2336 2346 2348 2430 
m1728 22 36 37 46 49 1136 1137 1146 1149 1846 1849 1886 1899 2349 4396 
m3449 22 44 45 46 1146 2272 2294 2296 2344 2346 4846 
m192 17 22 46 1117 1122 1146 2346 4817 
m2683 46 
m2247 26 40 45 46 1340 1346 2026 2040 2045 2046 2276 2290 2296 2340 
m1231 13 33 4163 
m33 
m1390 14 49 2464 
m1611 22 23 38 46 49 1122 1123 1138 1146 1199 1923 1938 1946 1949 2323 2346 2349 
m1870 45 
m2464 22 44 46 1146 2344 2346 4846 
m2109 5 32 36 45 1605 1805 1845 2255 2282 4332 
m3395 32 46 1632 1646 2332 
m1509 22 23 36 49 1123 1136 1172 1173 1186 1199 1822 1823 1849 2472 2473 2486 3673 4323 4336 
m976 22 30 38 1130 1922 1930 1938 
m1461 22 37 1122 1137 1887 
m689 36 40 46 49 1836 1840 1846 2036 2040 2046 2336 2346 2349 2486 4346 4836 
m819 38 46 1946 2338 2346 
m2087 22 30 36 40 46 1122 1130 1136 1140 1146 1536 1540 1546 1836 1840 1846 2022 2030 2036 2040 2046 2322 2330 2336 2340 2346 4346 
m2217 36 37 38 46 1837 1838 1888 1938 2338 4346 4837 
m2769 30 36 46 49 1830 2330 2336 2480 2486 2496 
m3170 5 13 33 655 663 683 1655 1663 1683 4163 
m1255 22 37 40 46 1137 1146 2022 2037 2046 2337 2346 4837 
m1570 22 36 40 41 46 49 1136 1140 1141 1836 1849 2036 2049 2086 2090 2099 2322 2336 2340 2341 2349 4336 
m551 5 14 26 45 705 745 1305 1314 1345 2255 
m2114 
m1496 
m3131 22 30 36 40 46 1122 1130 1136 1146 1522 1536 1822 2022 2030 2036 2322 2330 2336 2340 2346 4836 
m240 38 45 1938 1945 
m2287 30 36 40 45 46 1830 1845 2030 2036 2040 2045 2046 2280 2330 2345 4346 
m1933 22 36 45 1136 1145 1845 
m2583 22 23 36 49 1123 1136 1149 1173 1186 2473 2486 3673 4323 
m296 13 16 36 40 49 1813 1816 1836 1849 2013 2016 2036 2049 2463 2466 3166 
m3443 13 22 45 695 1113 1145 
m3226 33 36 41 1686 2083 4586 
m955 45 46 2296 2346 
m2031 46 
m360 22 23 1122 1123 1173 3673 
m573 23 30 46 1523 1546 2323 
m2152 
m3071 5 13 22 263 272 1105 1113 1122 
m716 22 44 46 1144 1146 2246 2322 2344 2346 4846 
m1832 22 23 30 39 1123 1522 1523 1972 1973 1980 3673 
m2917 38 45 46 1945 2288 2295 2296 2338 2345 
m1218 5 40 45 46 2005 2045 2046 2255 2296 2305 
m90 12 45 46 645 2312 2345 
m3158 28 38 1928 1938 
m1336 32 36 38 41 46 1641 1646 1932 1936 1941 1946 2332 2336 2341 2346 4136 4586 
m2686 37 39 40 46 1890 1987 1990 2340 4396 4496 
m2626 22 23 36 41 46 49 1141 1172 1191 1822 1823 1841 1846 2322 2323 2341 2472 2473 2486 2491 2496 
m1016 14 40 46 49 2014 2046 2314 2346 2464 2490 2496 4814 
m2345 5 14 46 705 2305 2314 
m2146 38 45 46 1945 1946 2296 
m2909 14 40 46 2014 2040 2046 2314 2346 4814 4846 
m1154 36 38 49 1849 1936 1938 1949 
m2851 22 23 36 40 46 49 1123 1136 1140 1146 1149 1190 1822 1840 2023 2036 2040 2046 2049 2322 2336 2340 2346 2472 2473 2486 2496 3696 4323 4346 4823 
m3365 36 40 41 1840 1841 2036 2040 2041 4336 
m1541 32 46 2332 2346 
m2058 29 36 41 1486 1829 1836 1841 2079 2086 2091 
m1138 5 26 45 46 276 296 1305 1326 1346 2255 2276 2296 2326 
m1073 22 30 46 1522 1546 2322 4846 
m66 26 34 38 46 1326 1334 1346 1734 1926 1938 1946 2334 2346 
m110 22 23 30 36 40 46 49 1122 1123 1130 1136 1140 1146 1149 1172 1173 1522 1523 1530 1540 1546 1822 1823 1830 1840 1846 2022 2023 2030 2036 2040 2046 2322 2323 2330 2336 2340 2346 2349 2480 2486 2490 2496 3696 4823 
m2967 22 46 1146 
m1350 9 14 36 49 709 1809 1814 1836 1849 2459 2464 2486 2499 
m1820 45 46 2345 2346 
m1829 23 30 45 46 1195 1523 1545 1546 2295 2345 4823 
m1029 45 2295 
m1685 14 36 40 45 46 736 740 745 1840 1845 1846 2036 2045 2046 2286 2296 2336 3246 4336 
m1222 20 45 1045 
m824 26 46 1346 
m2328 23 45 46 1195 2323 2345 
m1551 13 33 36 40 47 686 690 697 1686 1690 1697 1840 1847 2036 2040 2047 3183 4336 
m2823 26 37 46 1876 2326 2337 
m519 40 41 46 2046 2090 2096 2340 2341 2346 
m2435 14 38 40 45 46 740 745 1914 1938 1940 1945 1946 2290 2340 2345 3246 
m3013 14 714 
m1892 32 36 38 41 46 1641 1646 1932 1936 1941 1946 2332 2336 2341 2346 4136 4586 
m230 23 45 46 1195 1196 2296 3673 
m810 26 33 46 49 1333 1346 1349 2349 2483 4833 
m1008 12 13 33 46 662 696 2333 3133 3183 4812 
m1212 36 40 1836 1840 2036 2040 
m1708 32 38 46 49 1649 1932 1949 2332 2338 2346 2349 4846 
m297 22 37 46 1122 1137 1146 1872 2322 4837 
m1936 32 36 38 46 49 1632 1636 1649 1849 1932 1936 1946 2332 2336 2349 
m1902 14 22 32 46 732 1114 1132 1146 2314 2332 2346 4814 
m2454 11 13 22 33 36 40 661 1111 1113 1122 1133 1136 1140 1661 1811 1813 1833 1840 2011 2013 2033 4163 
m9 11 13 22 45 563 572 595 695 1113 1145 
m754 18 46 2318 
m1520 22 23 36 45 1122 1123 1136 1172 1173 1186 2272 2273 3673 
m2131 38 45 46 49 1946 2299 2345 2346 2349 
m2783 40 45 46 2046 2290 2296 
m1018 22 23 36 40 41 46 1122 1123 1136 1140 1141 1146 1190 1191 1822 1823 1836 1840 1841 1846 2022 2023 2036 2040 2041 2046 2323 2336 2340 2341 3673 3686 4323 4336 
m3339 30 36 46 1830 2330 2336 2346 4336 
m812 46 2346 
m2108 37 38 46 1888 1938 2338 4837 
m1533 6 42 4606 
m1026 22 38 46 1138 1146 1946 
m2292 18 23 36 923 936 1186 1836 3686 
m2451 16 23 36 1186 1816 3666 
m740 36 41 46 1841 2341 4836 
m2177 22 23 36 41 1123 1136 1141 1191 3686 4341 
m1654 22 26 44 46 1146 1322 1326 1344 1346 2344 2346 4846 
m1137 47 
m1624 17 22 1117 
m1105 13 22 40 46 1113 1122 1146 2013 2022 2046 2313 
m602 36 49 1836 1849 
m347 8 45 46 49 408 446 449 2258 2296 2299 2349 
m3262 5 22 36 40 41 272 286 290 291 1105 1122 1136 1140 1141 1840 1841 2041 
m578 37 45 1895 
m2994 45 46 49 2295 2299 2345 2349 
m1216 12 14 45 46 645 712 745 2312 2314 2345 2346 4814 
m1197 5 13 33 46 263 283 2305 2313 2333 4163 
m2333 45 
m1828 12 29 36 46 612 629 636 1812 1829 1836 2312 2329 2336 2346 3136 4336 4812 4836 
m778 30 36 46 49 1536 1549 1849 2330 2336 2346 2349 
m3088 37 41 46 1891 2087 2091 2096 2341 4396 
m1967 22 36 40 46 49 1122 1136 1140 1146 1822 1840 1846 1849 2022 2036 2046 2322 2336 2340 2346 2349 2486 2490 2496 4336 4346 4836 
m32 38 46 1938 1946 2346 
m2826 5 13 14 33 655 705 713 1655 1664 4163 
m857 32 1632 
m3284 22 37 40 46 1137 1146 2022 2037 2046 4837 
m430 13 22 33 36 40 1113 1122 1133 1136 1140 1813 1822 1833 1840 2013 2022 2033 4163 
m2881 14 27 36 46 48 736 746 748 1364 1386 1396 1398 1846 1848 2446 
m2460 30 36 40 46 49 1549 1830 1836 1846 1849 2036 2040 2046 2049 2330 2349 2480 2499 
m675 36 40 46 49 1836 1840 1846 1849 2036 2040 2046 2336 2340 2346 2349 2486 2490 2496 4336 4346 4836 
m2510 22 23 30 1122 1123 1130 1172 1173 1180 1522 1523 1530 3673 
m1232 36 40 41 46 49 1841 1846 1849 2036 2041 2046 2049 2336 2341 2486 2491 2496 4336 
m2418 22 44 46 1146 2344 2346 4846 
m42 
m2671 13 22 46 672 2322 4813 
m2244 22 47 2372 2397 
m577 36 45 46 2286 2295 2296 2336 2346 4836 
m3215 8 36 46 49 1808 1846 2308 2336 2458 2486 2496 4336 
m2386 22 23 30 41 1122 1123 1130 1172 1173 1180 1522 1523 1541 2072 2073 2080 3673 
m942 10 13 22 660 663 672 1110 1113 1122 
m3415 23 36 40 46 49 1836 1840 1846 1849 2023 2036 2040 2046 2049 2323 2336 2473 2486 2490 2496 3686 4323 4336 4836 
m1597 33 45 48 1695 1698 2298 
m1811 16 22 44 49 844 849 1116 1144 2494 
m407 
m2198 22 23 30 1122 1123 1130 1172 1173 1180 1522 1523 1530 3673 
m2051 32 36 41 46 1641 1646 2332 2336 2341 2346 4136 4586 
m2438 22 26 44 46 1146 1346 2344 2346 4846 
m786 33 45 46 1695 2345 4833 
m3434 22 45 46 1145 2322 2345 
m2280 36 37 40 46 49 1837 1849 1899 2036 2037 2046 2049 2336 2349 4837 
m1285 30 36 41 46 1830 1836 1841 1846 2080 2330 2336 2341 2346 4586 4836 
m3145 5 13 30 33 46 655 680 1505 1655 1680 2305 2313 2330 2333 4163 
m2179 40 45 2290 2295 
m2624 16 45 46 845 2345 4816 
m249 
m1485 12 22 37 46 1112 1137 1146 2337 4362 4812 
m2592 30 40 46 2030 2040 2046 2330 
m352 14 22 722 1114 1122 
m3054 22 36 46 49 1822 1846 1849 2322 2346 2472 2496 
m251 13 22 33 36 40 1113 1122 1133 1136 1140 1813 1833 1840 2013 2033 4163 
m2606 14 22 36 40 722 736 740 1114 1122 1136 1140 1822 2022 2036 
m2591 14 39 40 46 740 1990 1996 2014 2039 2040 2046 2340 4464 4814 
m422 46 2346 
m896 23 30 38 46 1180 1923 1930 1946 2330 2346 4823 
m1806 44 46 49 2344 2349 2494 
m191 22 36 46 49 1149 1822 1836 1846 1849 2322 2349 2472 2486 2499 4836 
m1043 46 2346 
m685 14 40 740 
m3459 13 33 49 2463 2483 4163 
m559 22 44 46 2222 2246 2322 2344 2346 4846 
m1382 8 
m2649 23 30 36 40 41 1523 1536 1540 1830 1836 1840 2023 2036 2073 2080 2086 2090 3686 4323 4586 
m2659 26 40 46 49 1340 1346 1349 2046 2490 2496 
m638 14 32 714 732 
m2315 11 13 33 45 563 583 595 695 1695 3183 
m2667 32 36 38 41 46 1641 1646 1932 1936 1941 1946 2332 2336 2341 2346 4136 4586 
m2137 22 34 36 1134 1136 1834 
m1854 33 36 46 1686 2333 2336 2346 4833 
m1683 12 22 36 622 1112 1122 1136 1822 4312 
m2665 23 38 1923 
m917 38 46 1946 
m1909 13 22 1113 1122 
m2467 22 44 46 1144 1146 2344 2346 
m473 37 46 2337 
m3091 23 36 3686 
m1590 22 26 41 46 1141 1146 1322 1341 1346 2341 
m1715 45 46 2296 
m124 36 40 46 49 1846 1849 2036 2046 2349 
m1793 46 2346 
m2363 13 22 38 672 1113 1138 1913 1922 
m3429 22 44 46 1146 2222 2244 2246 2344 2346 4846 
m2370 37 
m241 22 30 46 1130 1146 2330 
m2732 23 30 38 1180 1523 1530 1538 1923 1930 1938 
m3143 17 32 882 1617 1632 
m564 23 30 40 45 46 1173 1180 1523 2023 2030 2046 2273 2280 2290 2296 2323 2330 3673 4823 
m197 17 38 46 888 2317 2338 2346 3396 
m2470 32 36 46 1832 2332 2336 2346 4836 
m990 23 40 46 49 1196 2023 2040 2046 2473 2490 2496 
m2483 32 1632 
m3423 22 40 46 1122 1140 1146 2340 2346 
m377 23 30 33 46 1180 1523 1530 1533 1546 1680 2330 2333 4173 4823 
m756 12 41 45 46 2062 2096 2262 2291 2296 4812 
m2161 29 
m3187 36 38 46 48 1836 1838 1848 1936 1938 1948 2336 2338 2348 2436 2438 2448 4336 4836 
m888 36 46 49 1849 2336 2349 2486 2499 
m1616 12 22 23 36 40 45 46 49 622 623 636 640 645 649 1123 1136 1140 1145 1195 1822 1823 1840 1845 1849 2012 2023 2036 2045 2046 2049 2322 2323 2336 2345 2349 2472 2473 2486 2490 2495 3136 4323 4336 4812 
m749 14 46 49 2314 2346 2464 2496 4814 
m3286 22 33 46 1672 1696 2322 
m2719 21 23 46 1171 2321 2323 
m261 22 1122 
m2614 15 46 2315 
m1779 13 14 33 38 40 46 49 664 690 696 699 749 1664 1690 1696 1913 1933 2014 2046 2049 2314 2349 2464 2496 4163 
m2682 22 23 30 40 41 1130 1140 1180 1523 1530 2022 2023 2030 2072 2090 
m1237 22 45 1122 1145 2272 
m2768 27 36 46 49 1827 2327 2336 2486 2496 
m2014 16 
m518 22 46 49 1122 1146 1149 2349 2472 2496 
m2167 5 32 36 1605 1636 1805 
m2810 23 27 32 42 1182 1192 1373 1382 1392 1642 
m2677 22 23 36 38 40 41 46 1136 1138 1140 1146 1923 1936 1940 1946 2022 2036 2038 2046 2072 2090 2323 4323 4836 
m893 7 45 46 2257 2295 2296 2307 2346 
m2004 45 46 2296 2345 4846 
m100 22 23 30 36 46 49 1122 1123 1130 1146 1149 1172 1173 1180 1199 1522 1523 1530 1549 1822 1823 1830 1846 1849 2322 2323 2330 2349 2472 2473 2480 2496 3673 4823 
m2187 13 22 36 38 40 1113 1122 1136 1138 1140 1813 1840 1913 1936 1940 2013 
m2516 22 26 44 46 1146 1322 1344 1346 2326 2344 2346 4846 
m627 
m3243 36 46 49 1849 2336 2346 2349 4836 
m1373 14 36 49 736 749 1849 
m565 37 38 40 46 1890 1937 1938 1946 2340 4837 
m2165 5 45 295 
m1891 36 41 44 1841 2086 2091 2094 2236 2241 2244 
m2040 20 22 36 40 1120 1122 1136 1140 1820 1840 2020 
m3132 22 
m2777 36 40 46 48 2036 2040 2046 2048 2336 2346 2348 2436 4836 
m821 38 46 1946 2338 2346 
m2729 36 
m2789 13 37 4363 
m2257 23 36 40 45 46 49 1190 1195 1836 1840 1845 2036 2045 2323 2336 2340 2345 2473 2486 2495 2496 3686 4323 4336 4836 
m2638 30 45 46 2280 2295 2296 2330 2346 
m1299 32 36 1832 
m2504 22 44 46 1146 2322 2344 2346 4846 
m2388 44 46 2344 2346 
m414 26 45 46 1345 1346 2295 2345 
m2442 22 38 44 46 1146 1922 1944 1946 2344 2346 4846 
m129 46 
m2573 22 36 40 41 1122 1136 1140 1141 1836 1840 1841 2036 2040 2086 2090 2091 4586 
m3206 33 37 46 1883 1896 4833 
m1618 10 30 36 46 1510 1536 1546 1810 1846 2310 2346 
m2867 14 49 2464 
m2261 5 36 41 45 46 286 291 1836 1841 2286 2291 2296 2305 2336 2341 4836 
m590 36 
m126 13 46 2313 
m2404 22 37 46 1122 1137 1146 1872 2322 2346 4387 4396 4837 
m1358 22 36 40 41 49 1122 1136 1141 1149 1841 1849 2022 2036 2041 2049 2486 2491 4336 
m1507 22 45 46 1145 1146 2296 
m2016 13 22 33 36 40 48 672 686 690 1113 1122 1133 1136 1140 1672 1686 1690 1822 2022 2036 2413 2422 2433 2436 2440 3183 
m2616 37 40 46 2037 2046 2337 4837 4846 
m253 9 22 46 1109 1146 2309 2346 4846 
m3393 13 22 32 36 40 672 686 1113 1122 1136 1140 1613 1622 1636 1822 1836 1840 2022 2036 2040 
m2278 36 40 46 49 1849 2036 2040 2046 2049 2336 2346 2349 4336 4836 
m467 22 41 1141 
m2569 5 14 38 45 46 705 745 1905 1914 1945 1946 2255 2305 2345 4814 
m1687 22 46 1146 
m972 30 45 46 2280 2296 2330 2346 
m3120 14 46 714 746 2314 2346 4814 
m618 13 22 38 1113 1122 1138 1913 
m1848 2 36 45 46 145 1845 2252 2286 2295 2302 2345 2636 4836 
m2916 22 45 46 1122 1146 2272 2295 2296 2322 2346 4846 
m1568 22 36 40 41 46 49 1136 1140 1141 1149 1836 1849 2036 2049 2086 2090 2099 2322 2336 2340 2341 2349 4336 
m2934 22 23 30 36 40 41 46 49 1122 1123 1130 1136 1140 1141 1146 1149 1172 1173 1190 1191 1522 1523 1530 1536 1540 1541 1546 1822 1823 1830 1836 1840 1846 1849 2022 2023 2030 2036 2040 2041 2046 2049 2322 2323 2330 2336 2340 2341 2346 2473 2480 2486 2490 2496 3696 4823 
m1987 14 46 714 746 2314 2346 4814 
m517 22 38 45 46 1145 1146 1922 1945 1946 2345 
m1709 36 40 45 1845 2036 2045 
m707 22 30 32 36 40 41 46 49 1122 1130 1132 1136 1140 1141 1146 1522 1532 1536 1546 1622 1646 1822 1830 1832 1836 1840 1846 1849 2022 2030 2032 2036 2040 2046 2049 2072 2090 2096 2322 2472 2480 2482 2486 2490 2496 4346 4846 
m1782 36 49 1836 1849 2486 2499 4336 
m1111 5 36 41 46 1805 2055 2096 2305 2336 4586 
m2147 22 37 40 46 1137 1140 1146 1890 2037 2040 2046 2337 2340 2346 4396 
m362 14 46 746 2346 
m2905 14 36 48 714 736 748 1836 1848 2448 
m693 45 49 2295 2299 
m1881 13 33 45 46 2263 2283 2296 2313 2333 4163 
m1131 14 32 46 714 732 2314 2332 2346 4814 
m475 22 46 49 2322 2346 2472 2496 
m2820 13 33 1663 1683 4163 
m3435 22 46 1146 
m2962 36 
m1116 30 38 40 45 46 1930 1938 1945 1946 2030 2038 2045 2046 2280 2288 2296 2330 2338 
m3171 5 45 46 2255 2296 2305 2345 4846 
m1526 5 45 295 2255 2295 
m1384 5 13 22 255 263 272 1105 1113 1122 
m2612 26 32 36 38 46 1332 1336 1346 1832 1926 1932 1936 1946 2332 2336 2346 4836 
m2530 36 38 41 1838 2088 4341 
m371 11 13 22 38 563 572 588 688 1113 1138 
m1955 13 16 49 699 849 3166 
m3477 37 41 46 2087 2341 4837 
m1090 22 30 41 46 1130 1146 1522 1546 2072 2080 2096 2322 
m295 22 37 41 46 1137 1141 1146 2087 2096 4837 
m1690 41 2091 
m1707 26 38 46 1338 1346 1946 2346 
m1077 5 13 33 263 283 3183 
m3005 22 23 30 32 36 40 46 1122 1123 1130 1132 1136 1140 1146 1172 1173 1522 1523 1530 1532 1540 1546 1623 1630 1646 1822 1823 1830 1832 1840 1846 2022 2023 2030 2032 2036 2040 2046 2322 2323 2330 2332 2340 2346 3696 4823 
m108 22 23 30 36 40 41 46 1122 1123 1130 1136 1140 1141 1146 1191 1523 1536 1541 1546 1841 1846 2023 2030 2036 2040 2041 2046 2072 2073 2091 2341 3696 4323 
m3453 22 45 46 1145 1146 2345 4846 
m1796 23 36 40 41 46 49 1191 1836 1841 2023 2036 2041 2323 2336 2340 2341 2349 2473 2486 2490 2491 2496 2499 3686 4323 4336 4836 
m552 37 39 40 46 1890 1987 1990 2340 4396 4496 
m1692 36 45 46 1845 2345 4836 
m667 23 30 46 1196 1523 1530 1546 2323 2330 2346 3696 4823 
m1171 37 46 1887 1896 2337 2346 4837 
m2174 22 23 30 36 40 46 1122 1123 1130 1136 1140 1146 1172 1173 1522 1523 1530 1540 1546 1822 1823 1830 1840 1846 2022 2023 2030 2036 2040 2046 2322 2323 2330 2340 2346 3696 4823 
m35 22 30 40 46 1130 2022 2030 2040 2046 2322 2330 2346 
m1480 22 37 46 1137 1146 2337 2346 4837 
m3269 30 32 36 40 46 1630 1640 1646 1830 1840 2030 2330 2332 2336 2340 2346 4136 
m1014 45 49 2295 2299 
m1942 21 26 45 46 1321 1345 1346 2271 2321 2345 
m276 23 36 45 1186 2273 2286 2295 3673 3686 
m3015 5 30 32 36 46 280 1605 1630 1646 1805 1830 1846 2305 2330 4332 
m1439 14 30 46 730 746 1530 2330 
m686 32 36 46 2332 2336 2346 4332 4836 
m2972 22 23 30 44 46 1130 1144 1146 1180 1523 1530 1546 2223 2230 2246 2323 2330 2344 2346 4823 4846 
m266 32 49 1632 2482 
m3044 22 26 33 1126 1133 1676 
m1462 22 37 1122 1137 1872 1887 
m2525 22 45 46 1145 1146 2296 
m1140 37 
m1363 8 37 46 408 437 446 1858 2308 4396 
m64 23 26 32 46 1182 1323 1332 1346 2323 2332 
m891 13 22 33 36 40 1113 1133 1136 1140 1813 1833 1840 2013 2033 4163 
m902 22 23 36 40 46 1122 1123 1136 1140 1146 1172 1822 2022 2023 2036 2040 2046 2322 2323 2336 2340 2346 4323 4823 
m636 22 36 41 49 1136 1141 1822 1849 2072 2086 2091 2099 2472 2486 4336 
m1107 37 38 46 1896 1937 1946 
m2949 40 46 2040 2046 
m159 22 44 46 1146 2344 2346 4846 
m737 37 
m489 5 36 38 46 49 286 296 299 1849 1905 1936 1946 2346 2349 4836 
m271 14 40 46 740 2014 2040 2046 2340 2346 3246 4814 
m889 22 36 40 1122 1136 1140 2036 
m2646 22 23 1122 1123 1172 1173 3673 
m2829 36 42 46 49 2146 2336 2486 2492 2496 4636 
m1861 22 40 1140 
m631 13 22 46 1113 1122 1146 2313 2322 2346 
m2189 23 30 38 46 1188 1523 1530 1538 1923 1930 1946 2323 2330 2338 2346 
m901 37 46 1896 
m2421 22 26 44 46 1146 1322 1344 1346 2344 2346 4846 
m2472 5 32 36 46 49 282 286 296 1632 1636 1649 1849 2305 2332 2336 2346 2349 
m86 43 
m3161 6 14 32 314 332 732 
m3157 13 37 4363 
m806 46 2346 
m526 22 44 45 46 1144 1145 1146 2294 2296 2344 2346 
m1418 14 39 1964 
m835 22 23 36 39 41 1123 1136 1972 1973 1986 1991 2072 2073 3673 4323 4586 
m1858 23 45 1195 2295 
m2312 41 46 2091 2096 2341 
m3190 23 30 38 46 1173 1180 1188 1523 1530 1538 1923 1930 1938 2323 2330 2338 2346 3673 4823 
m1686 5 36 45 286 295 1845 4336 
m1997 30 46 2330 2346 
m1718 23 32 45 46 1182 2273 2282 2296 2323 2332 2346 4823 
m673 22 23 30 1122 1123 1130 1172 1173 1180 1522 1523 3673 
m594 14 30 37 714 730 737 1880 3237 
m484 23 32 46 1182 2323 2332 2346 3696 4823 
m2168 5 37 46 1855 2305 2337 2346 
m446 37 46 2337 
m2658 36 49 1849 2486 2499 
m264 14 34 46 734 746 2334 
m1695 5 22 37 46 255 1105 1137 1146 1855 1887 1896 2305 2322 2337 2346 4837 
m1894 38 45 1938 1945 2288 2295 
m1975 14 22 46 722 746 2322 2346 
m1569 22 36 40 41 1822 1836 1841 2036 2041 2072 2086 2090 2091 4586 
m62 14 714 
m2593 22 45 46 1145 1146 2345 4846 
m2524 22 36 46 1822 2322 2336 2346 
m222 45 
m351 10 26 37 46 1310 1337 1346 1860 1896 2310 2346 4396 
m2338 22 45 46 1122 1145 1146 2296 2346 
m400 11 45 595 
m445 13 33 45 2263 2283 3183 
m172 37 46 4396 
m1359 22 23 32 38 46 1123 1132 1146 1182 1196 1922 1923 1932 1946 2332 
m3390 5 13 14 38 46 655 705 746 1913 1914 1946 2305 2313 3213 
m837 22 23 30 41 49 1123 1130 1173 1523 2072 2073 2080 2472 2473 2480 2491 3673 
m895 22 23 36 1123 1136 3686 
m2037 22 46 1122 1146 
m2856 13 23 36 1186 1813 3663 
m1860 27 32 1382 
m2817 22 46 49 1146 1149 2322 2346 2349 2496 
m2490 9 14 22 44 46 709 744 746 1109 1114 1122 1144 1146 2209 2246 2309 2322 2344 2346 4814 
m3036 45 46 2296 
m998 32 46 1632 1646 2332 
m140 22 
m2556 30 36 46 1536 1546 2330 2336 2346 4836 
m1366 12 14 23 30 46 630 723 730 746 1180 1512 1523 1530 1546 2312 2330 3123 3212 4823 
m2365 22 23 30 36 40 46 49 1122 1123 1130 1136 1140 1146 1172 1173 1180 1186 1190 1196 1523 1530 1536 1540 1546 1822 1823 1830 1840 1846 2022 2023 2030 2036 2040 2046 2330 2346 2472 2473 2486 2490 3696 4336 4346 4823 
m879 27 32 38 46 1382 1388 1396 1638 1646 1946 
m3293 23 36 41 49 1186 1199 1823 1836 1849 2073 2086 2099 2473 3673 4323 4586 
m2486 18 45 2268 
m1941 22 26 38 46 1122 1146 1322 1338 1346 1922 1938 1946 2322 
m1932 37 46 4837 
m2221 5 46 2305 
m219 6 42 4606 
m1372 14 36 40 46 740 746 1814 1840 1846 2014 2036 2040 2046 2314 2340 2346 3214 3246 4346 4814 
m1270 23 45 46 1195 2295 2345 2346 4823 
m1622 14 23 30 46 1514 1523 1546 2314 2323 2330 2346 3664 4814 4823 
m468 37 38 39 46 49 1899 1937 1946 1987 1988 1996 1999 2337 2346 2349 4496 4837 
m862 14 40 46 2014 2046 2314 2346 4814 
m427 2 27 36 40 46 1352 1386 1396 1802 2002 2027 2036 2046 2302 4836 
m1592 40 46 2340 
m2846 20 22 23 30 38 1022 1023 1030 1038 1122 1123 1130 1172 1173 1180 1188 1520 1523 1538 1922 1923 1930 3673 
m763 22 23 31 36 1123 1131 1136 1172 1173 1573 1822 1823 3673 3686 4086 4323 
m2865 22 36 40 46 48 1136 1140 1146 1848 2036 2040 2046 2336 2340 2346 2348 4336 4836 
m2243 22 36 41 49 1136 1141 1822 1841 1849 2072 2086 2091 2099 2472 2486 2491 4336 
m1621 17 22 1117 
m2855 16 23 36 46 1186 1816 2316 2323 2336 3666 
m308 23 30 33 46 1180 1523 1530 1533 1546 1680 2323 2330 2333 2346 4173 4823 
m507 46 
m312 13 22 33 36 40 45 672 686 690 695 1122 1136 1140 1672 1686 1690 1822 2022 2036 2272 2283 2286 2290 3183 
m904 14 46 746 
m1837 22 23 30 1122 1123 1130 1172 1173 1180 1522 1523 1530 3673 
m3031 5 45 46 2255 2296 2305 
m2069 22 23 31 46 49 1123 1146 1196 1572 1573 1596 2323 2346 2473 2481 2496 4846 
m112 32 38 46 1632 1646 1932 1938 1946 2332 
m3360 45 46 2295 2296 2345 4846 
m1416 22 36 40 41 45 46 1136 1140 1141 1146 2036 2046 2090 2096 2272 2286 2291 2296 4346 4586 
m441 14 45 745 2264 2295 
m2224 12 38 45 46 645 1912 1946 2345 4812 
m850 22 23 30 36 39 40 41 1123 1130 1136 1140 1172 1173 1180 1186 1190 1523 1536 1540 1822 1823 1830 1836 1840 1972 1973 1980 1986 1990 2022 2023 2030 2036 2072 2073 2080 2086 2089 2090 2091 3673 4323 
m1458 22 23 36 40 41 46 1122 1123 1136 1140 1186 1190 1836 1840 2036 2040 2072 2073 2086 2090 2322 2323 2336 2340 2341 3686 
m3380 31 45 2281 
m2369 13 37 4363 
m2340 
m721 36 40 41 46 49 1836 1841 1846 1849 2036 2040 2041 2046 2086 2096 2099 2336 2346 2349 4346 4586 4836 
m2414 22 23 36 40 46 1122 1123 1136 1140 1146 1172 1186 1190 1196 1822 1836 2022 2036 2040 2046 2322 3686 4346 
m453 22 23 30 38 1122 1123 1130 1138 1172 1173 1188 1522 1523 1530 1538 3673 
m1053 46 
m3377 37 40 45 46 1890 2287 2290 2296 2340 4396 
m2173 22 33 38 46 1122 1133 1146 1672 1922 1933 1946 2322 4833 
m1067 30 36 38 40 46 1536 1540 1546 1838 1840 1846 2046 2330 2338 2340 2346 4836 
m892 45 46 2295 2296 
m989 41 46 2341 
m385 15 38 46 1915 2315 2338 
m1276 13 33 3183 
m2648 22 23 1122 1123 1172 1173 3673 
m3401 19 46 969 996 2319 2346 
m2890 5 32 36 38 45 46 49 282 286 288 296 1632 1638 1645 1646 1838 1845 1846 1932 1936 1945 1946 2295 2332 2338 2345 2346 2455 2482 2486 2488 2496 4136 4332 4836 
m924 36 38 46 49 1849 1936 1946 1949 2336 2338 2346 2349 2486 2496 
m607 13 22 36 38 40 41 1113 1136 1138 1140 1141 1813 1840 1913 1922 1936 1938 1940 1941 2013 2063 2086 2088 2090 
m2265 22 23 30 36 40 45 46 1122 1123 1130 1136 1140 1145 1146 1172 1173 1180 1190 1196 1522 1523 1536 1540 1545 1546 1822 1823 1830 1836 1840 1845 1846 2022 2023 2030 2036 2040 2045 2046 2272 2273 2280 2286 2290 2296 2322 2323 2330 2336 2340 2345 2346 4823 
m561 32 36 41 46 1641 1646 2332 2336 2341 2346 4136 4586 
m1737 23 
m2990 45 2295 
m2631 5 36 44 46 49 286 296 299 1849 2205 2236 2246 2249 2346 2349 2455 2486 2494 2496 4836 
m374 22 23 30 1123 1130 1172 1173 1180 1523 3673 
m363 14 46 746 2346 
m975 37 39 46 1987 4396 4496 
m816 22 46 1122 1146 
m2166 18 
m1421 22 45 46 1145 1146 2296 
m382 13 22 36 40 672 686 690 1822 1840 2022 2036 2040 4336 
m2735 5 36 38 41 46 286 291 296 1905 1936 1938 1941 1946 2341 4341 4836 
m2183 5 13 22 26 33 46 263 283 672 1305 1313 1322 1333 1346 1672 2305 2313 2322 2333 4163 
m3267 13 33 46 696 2333 3183 
m2304 22 44 46 1146 2344 2346 4846 
m826 32 45 1645 
m2873 36 40 46 1840 2336 2340 
m1099 22 46 1146 
m2403 40 45 2045 
m437 22 46 1122 1146 
m1900 45 46 48 2345 2445 2446 
m355 13 36 40 49 2013 2036 2463 2486 2490 4313 
m2923 11 13 33 563 583 661 1661 4163 
m153 5 13 33 36 49 263 283 1805 1813 1833 1849 2455 2463 2483 4163 
m3261 14 46 714 746 2314 2346 4814 
m1599 23 32 36 40 49 1182 1632 1823 1832 1849 2023 2032 2036 2049 2473 2482 
m490 39 
m2463 14 36 40 46 1846 2014 2036 2040 2046 4314 4814 
m2892 22 23 30 36 40 41 46 1122 1123 1130 1136 1140 1141 1146 1191 1523 1536 1541 1546 1841 1846 2023 2030 2036 2040 2041 2046 2072 2341 3696 4323 
m1091 37 45 46 1895 2345 4837 
m1696 5 30 45 46 280 2255 2280 2296 2305 2330 
m598 44 46 49 2246 2494 2496 
m849 22 23 36 41 49 1123 1136 1141 1172 1173 1186 1191 1199 1822 1823 1841 1849 2072 2073 2086 2091 2099 2472 2473 2486 2491 3673 3686 4323 4336 
m751 22 23 30 1122 1123 1130 1172 1173 1180 1522 1523 1530 3673 
m2422 23 36 40 46 48 1190 1823 1836 1840 1846 1848 2023 2036 2040 2046 2048 2336 2340 2346 2423 2436 2446 3686 3696 4323 4346 4823 4836 
m2753 14 22 40 46 722 746 2014 2022 2046 2322 
m856 27 28 36 46 1378 1386 1396 1828 2327 2328 2336 2346 4836 
m2696 22 23 36 40 41 1123 1136 1140 1173 1186 1190 1191 1823 1836 1840 1841 2023 2036 2040 2041 2073 2086 3673 3686 4323 4586 
m1586 36 38 46 1936 1946 2336 2338 2346 4836 
m2625 46 2346 4846 
m1294 36 45 46 49 1845 2336 2345 2346 2349 2486 2495 2496 
m1723 22 46 49 1146 1149 2349 2472 2496 
m3147 27 36 48 49 1386 1398 1399 1827 1848 1849 2486 2498 2499 4336 
m608 26 32 36 40 46 49 1340 1346 1632 1636 1649 1849 2032 2036 2040 2046 2332 2336 2340 2346 2349 
m2902 14 36 38 46 48 736 746 748 1848 1914 1936 1938 1946 1948 2314 2336 2338 2346 2348 
m2009 12 23 30 36 41 46 49 630 1180 1812 1830 1846 2062 2073 2080 2086 2096 2323 2330 2462 2473 2480 2486 2491 2496 3123 4323 4812 
m1703 14 36 49 736 749 1849 2486 2499 4336 
m2847 20 22 23 30 38 1022 1023 1030 1038 1123 1130 1172 1173 1180 1188 1520 1523 1538 1922 1923 1930 1938 3673 
m2752 14 22 1114 
m413 22 30 36 39 41 1136 1139 1522 1536 1539 1541 1986 2072 2089 4586 
m3358 30 45 46 2280 2296 2330 2346 4846 
m617 32 46 2332 
m496 27 36 46 48 1827 2327 2336 2436 2446 
m2115 22 41 44 46 1146 2072 2094 2096 2344 2346 4846 
m226 22 40 44 46 1140 1144 1146 2022 2040 2044 2046 2222 2240 2246 2322 2340 2344 2346 4846 
m3333 14 22 46 714 722 746 2322 3246 
m418 30 46 1546 2330 4846 
m658 14 23 30 46 1514 1523 1546 2314 2323 2330 2346 3664 4814 4823 
m1882 8 33 46 433 446 4833 
m1447 13 33 36 40 46 690 1813 1833 1840 2033 2313 2333 3183 4836 
m1349 9 14 22 36 49 709 1109 1114 1136 1149 1809 1814 1836 1849 2459 2464 2486 2499 
m3266 38 46 49 1946 1949 2346 2496 2499 
m759 5 13 22 33 36 40 655 1105 1113 1122 1133 1136 1140 1655 1805 1813 1833 1840 2013 2033 3183 
m2305 22 45 46 1145 1146 2345 
m1840 23 26 30 46 1180 1323 1330 1346 1523 1530 2330 4823 
m169 22 36 41 1122 1136 1141 1841 2091 4586 
m983 37 40 46 1890 2037 2046 2340 4396 
m1998 45 46 2296 
m755 13 22 32 36 38 40 672 686 690 1113 1122 1136 1140 1613 1622 1636 1640 1822 1913 1922 1932 1936 2022 2036 
m1312 5 13 14 23 33 655 705 713 1155 1163 1164 1183 1655 1664 4163 
m666 22 41 1122 1141 
m1394 13 46 47 696 2363 2396 
m2260 23 36 40 45 46 49 1190 1195 1836 1840 1845 2023 2036 2040 2045 2046 2049 2323 2336 2340 2345 2473 2486 2495 2496 3686 4323 4336 4836 
m2186 32 42 46 2132 2146 2332 
m1540 22 23 30 1122 1123 1130 1172 1173 1180 1522 1523 1530 3673 
m1265 4 42 45 2254 2292 2742 
m3066 26 33 45 1333 1345 1695 
m1582 23 
m1682 26 46 1346 
m2163 23 30 45 1195 1523 1545 
m1601 14 22 38 738 1114 1138 1914 1922 1938 
m263 26 32 46 1626 1646 2326 
m401 
m2798 23 30 38 1180 1188 1523 1538 1938 3673 
m1613 13 22 33 1113 1672 4163 
m2036 27 45 46 2277 2296 2327 4846 
m1290 30 37 40 46 1537 1540 1546 1890 2340 4396 
m3118 22 23 30 46 1122 1123 1130 1146 1180 1523 1530 1546 2330 2346 4823 
m1777 23 36 40 41 1186 1190 1191 1840 1841 2036 2040 2041 
m521 12 17 46 612 2312 2317 2346 3117 4812 
m2570 22 45 1145 
m2025 22 23 30 36 40 41 1123 1130 1136 1140 1172 1173 1180 1186 1190 1523 1822 1823 1830 1836 1840 1841 2022 2023 2030 2036 2041 2072 2073 2086 2090 3673 4323 4336 4586 
m3344 5 26 38 46 1305 1346 1926 1946 2305 2346 
m2532 44 46 49 2246 2494 2496 
m2706 38 45 46 1945 2338 2345 2346 
m2238 30 45 46 2280 2296 2330 2346 
m1300 
m560 20 22 23 46 1023 1120 1123 1146 1173 2320 2323 3673 4823 
m2088 12 22 23 36 41 46 49 622 623 636 641 649 1123 1136 1141 1191 1822 1823 1841 2322 2323 2336 2341 2349 2472 2473 2486 2491 3136 4323 4336 4812 
m3002 32 37 1882 
m2457 32 36 44 46 1832 1836 1844 2232 2236 2332 2336 2344 2346 4332 4336 4736 4836 
m2531 22 30 36 40 46 1136 1140 1522 1536 1540 1840 2036 2040 2322 2330 2336 2340 2346 4836 
m971 13 20 22 33 36 40 45 672 686 690 1013 1022 1036 1040 1045 1113 1122 1133 1136 1140 1145 1672 1686 1690 1813 1822 1833 1836 1840 2013 2022 2033 2036 2040 2263 2272 2286 2290 2295 3183 
m2866 22 23 45 1123 1145 1172 1195 3673 
m715 5 32 36 46 49 282 286 296 299 1649 1832 1849 2332 2336 2349 2486 4136 4336 
m1083 22 23 30 46 1122 1123 1130 1146 1180 1523 1530 1546 2330 2346 4823 
m1441 49 
m1666 22 23 36 40 41 46 1123 1136 1140 1141 1146 1190 1822 1823 1836 1840 1841 2023 2036 2040 2041 2046 2072 2073 2086 2096 2322 2323 2336 2340 2341 2346 3673 3686 4323 4346 4823 
m2712 40 46 2046 2346 
m1064 46 2346 
m2597 5 32 255 1605 1632 
m1928 22 36 46 49 1136 1146 1846 1849 2349 
m830 16 23 36 40 41 46 836 840 841 1186 1190 1191 1841 2023 2036 2040 2041 2046 2066 2073 2086 2090 2091 2096 2316 2336 2340 2341 3666 4823 
m2744 5 13 22 33 655 1113 1122 1133 1655 1672 4163 
m2440 22 38 44 46 1146 1922 1944 1946 2344 2346 4846 
m1789 23 36 40 41 46 49 1191 1836 1841 2023 2036 2041 2073 2086 2090 2091 2096 2099 2323 2336 2340 2341 2349 2473 2486 2490 2491 2499 4323 4336 4836 
m2836 20 1020 
m677 22 23 36 40 46 48 1123 1136 1140 1146 1148 1190 1840 2022 2023 2036 2046 2048 2336 2340 2346 2423 2436 2440 2446 3696 4323 4346 4823 
m554 26 38 45 46 1338 1345 1346 1938 1945 2288 2338 2345 
m2263 45 46 2296 2346 
m3247 12 36 40 46 49 636 640 649 1836 1849 2036 2049 2336 2340 2349 2499 4812 
m1545 36 45 46 49 1846 1849 2286 2296 2299 2349 
m936 26 33 37 44 46 1333 1337 1344 1346 2233 2237 2333 2337 2344 2346 4383 
m3068 40 45 46 2046 2290 2296 2340 2346 
m2672 45 46 2345 
m919 3 38 153 188 1903 
m1974 13 38 663 1913 1938 
m1305 22 45 1122 1145 2272 2295 
m1548 5 45 46 2255 2296 2305 
m2774 8 37 46 437 446 4837 
m2389 22 23 30 38 41 1122 1123 1130 1138 1172 1173 1188 1522 1523 1530 1538 2072 2073 2080 3673 
m1449 22 23 1122 1123 1172 
m789 22 38 46 1146 1922 1946 
m452 45 
m493 36 49 1836 1849 2486 2499 
m2551 22 23 30 1122 1123 1130 1172 1173 1180 1522 1523 1530 3673 
m1481 12 13 22 36 40 622 636 640 672 686 690 1112 1113 1122 1136 1140 1822 2022 2036 3162 
m2641 14 22 45 745 1114 1145 
m1192 36 41 46 2341 4341 4836 
m2196 45 
m1337 7 38 46 1907 1946 2307 2338 2346 
m1353 36 46 2336 
m3117 33 1683 
m1352 37 39 40 46 1890 1987 1990 2037 2039 2046 2340 4396 4496 
m2375 22 37 46 1122 1137 1146 2322 2337 2346 4837 
m962 22 37 1122 1137 
m1340 22 36 40 46 1122 1136 1140 1146 1840 2040 2336 2340 
m2502 22 44 46 1146 2344 2346 4846 
m732 22 44 46 1146 2344 2346 4846 
m2653 14 22 23 36 723 1114 1123 1136 1186 3236 
m329 22 23 30 38 1123 1130 1172 1173 1188 1522 1523 1530 1538 3673 
m364 22 23 32 46 1123 1132 1146 1182 1196 2332 
m3467 22 37 46 1872 2322 2337 
m1422 14 
m2751 14 22 1114 
m678 45 46 2295 2345 2346 
m1808 22 44 46 1144 1146 2222 2244 2246 2322 2344 2346 4846 
m2241 13 22 1113 
m1635 14 46 746 2346 3246 
m2720 22 46 49 1149 2322 2346 2349 
m1148 23 38 45 1923 2273 2288 
m210 3 23 30 41 46 180 1180 2053 2073 2080 2096 2303 2330 2673 4823 
m1114 22 23 30 36 46 1172 1522 1523 1536 1822 2322 2330 2336 2346 3686 4823 4836 
m2065 45 46 2296 
m2268 22 30 36 40 41 46 1122 1130 1136 1140 1141 1146 1536 1540 1541 1830 1836 1840 1841 2030 2036 2040 2041 2086 2090 2322 2330 2336 2340 2341 
m3092 26 40 46 1346 2026 2046 2346 
m2135 30 36 41 46 49 1536 1541 1841 2080 2086 2091 2096 2099 2330 2336 2341 2346 2349 2480 2486 2491 
m300 17 46 4817 
m2959 22 38 44 46 1146 1922 1946 2344 2346 4846 
m2301 23 45 1195 2273 2295 
m495 27 36 46 49 1827 2327 2336 2486 2496 
m2496 14 30 46 730 746 2330 
m2121 36 49 1849 2486 2499 
m1702 23 30 46 1196 1523 1530 1546 2323 2330 2346 3696 4823 
m739 22 44 46 1146 2222 2244 2246 2322 2344 2346 4846 
m1527 38 1938 
m2894 26 39 41 1339 1341 1991 2091 
m2477 22 44 46 1146 2322 2344 2346 4846 
m3450 26 46 1346 2346 
m3301 22 23 30 40 46 1122 1123 1130 1140 1146 1180 1523 1530 1546 2022 2023 2030 2046 2330 2346 4823 
m1430 22 23 1123 1173 3673 
m3122 22 36 37 40 46 1122 1136 1137 1140 1146 1837 1840 1890 2036 2037 2040 2322 2336 2337 2340 2346 4837 
m1106 13 33 46 2313 2333 2346 4163 4813 4833 
m865 5 14 30 46 705 730 1505 2305 2314 2330 2346 4814 
m2385 12 23 30 36 41 46 49 630 1180 1812 1830 1846 2062 2073 2080 2086 2096 2323 2330 2462 2473 2480 2486 2491 2496 3123 4323 4812 
m1198 8 22 23 30 46 408 422 423 430 446 1122 1123 1130 1146 1180 1523 1530 1546 2330 4823 
m2082 18 36 40 1818 2018 2036 
m1393 13 22 33 36 49 1113 1133 1136 1149 1813 1833 1849 2463 2483 2486 2499 4163 
m370 14 46 2346 4814 
m2475 22 44 46 1146 2222 2246 2322 2344 2346 4846 
m2190 12 45 645 2295 
m1323 17 38 46 867 896 1917 1946 
m2563 9 36 46 459 486 496 1809 2309 2336 2346 4836 
m2102 12 22 23 36 41 46 49 622 623 636 641 649 1123 1136 1141 1191 1822 1823 1841 2322 2323 2336 2341 2349 2472 2473 2486 2491 3136 4323 4336 4812 
m2652 22 32 36 37 40 1622 1636 1637 1640 1822 1840 1872 1886 1890 2022 2036 2040 4336 
m2306 18 45 945 
m1658 38 45 1938 1945 2288 2295 
m1977 22 40 46 1146 2022 2046 2346 
m1851 11 13 14 37 563 564 587 737 1863 1864 3213 4363 4387 
m2310 12 46 49 2349 2462 4812 
m2688 22 45 46 1122 1145 1146 2345 
m2828 45 46 2295 2296 2346 
m2969 45 46 2295 2296 2345 
m831 16 23 36 40 41 46 836 840 841 1186 1190 1191 1841 2023 2036 2041 2046 2066 2073 2086 2090 2091 2096 2316 2336 2340 2341 3666 4823 
m1474 10 32 46 1610 1646 2310 
m1284 22 38 45 46 1138 1145 1146 1938 1945 1946 2345 
m1204 14 22 39 40 46 740 1114 1122 1139 1140 1146 1990 1996 2014 2040 2046 2340 3246 4464 
m2552 22 23 30 1122 1123 1130 1172 1173 1180 1522 1523 1530 3673 
m280 23 38 1923 1938 
m1263 23 30 37 46 1180 1880 2323 2330 2337 2346 4373 4823 4837 
m1498 14 22 32 46 1114 1132 1146 1614 2314 2332 
m2844 23 32 39 49 1173 1639 1973 2482 2489 3673 
m1346 22 36 45 46 49 1145 1822 1845 2322 2336 2345 2472 2486 2495 2496 
m3069 10 21 36 46 521 536 546 1821 2321 2346 4836 
m3073 13 22 33 36 40 672 1113 1122 1133 1136 1140 1672 1813 1822 1833 1840 2013 2022 2033 4163 
m1357 22 36 41 49 1136 1149 1841 1849 2072 2086 2091 2099 2486 2491 4336 
m2610 23 45 46 1195 2323 2345 4823 4846 
m1656 38 46 1946 
m1960 21 23 45 1171 2271 2273 
m1132 14 22 36 40 722 736 740 1114 1122 1136 1140 1822 2022 2036 
m3151 36 37 40 46 1837 1846 2036 2037 2040 2046 2337 2346 4346 4837 
m1183 13 22 33 36 37 40 41 683 686 690 1113 1122 1133 1136 1140 1141 1690 1813 1822 1833 1836 1840 1872 1886 1887 2013 2022 2033 2036 2040 2063 2072 2086 
m3238 36 45 1845 2286 2295 
m2509 36 49 1836 1849 2499 
m3432 22 23 41 1141 1172 1173 1191 
m298 16 38 44 49 844 849 1916 1938 1944 1949 2494 
m2529 8 408 
m2754 12 45 46 645 2345 4812 
m580 27 32 38 46 1382 1396 1927 1932 1946 2332 
m1824 14 45 745 
m2821 23 30 36 1180 1530 1823 1830 
m25 40 46 2040 2046 2346 
m2084 12 23 30 36 41 612 630 636 641 1191 1523 1541 1812 1823 1830 1836 1841 2062 2073 2086 3123 
m1266 13 22 36 40 672 686 690 1113 1122 1136 1140 1822 2022 2036 
m1739 32 33 36 1632 1633 1636 1683 1686 1833 1836 4136 4186 4333 4336 
m334 22 36 40 41 1822 1836 1840 1841 2022 2036 2040 2072 2086 2090 2091 4336 4586 
m31 13 22 32 38 46 682 1113 1132 1146 1913 1922 1946 2313 2332 
m760 22 23 30 45 1123 1130 1145 1173 1180 1523 1530 2273 2280 3673 
m2795 13 37 4363 
m959 5 22 37 45 1105 1122 1137 1145 1855 1895 2255 
m1605 22 23 27 36 40 1122 1123 1127 1136 1140 1190 1372 1373 1386 1390 1823 1840 2023 2040 
m1517 5 14 22 33 36 40 264 272 283 286 290 722 736 740 1122 1136 1140 1672 1686 1690 1822 2022 2036 3233 
m2673 46 
m3448 22 33 46 1122 1133 1146 1672 1683 1696 2322 2333 2346 4833 
m3471 5 13 38 46 263 288 296 696 1913 1938 1946 2305 2313 2338 2346 
m1322 36 46 49 1849 2336 2349 4336 
m1301 22 45 1145 
m802 14 32 732 1614 1632 
m1371 12 45 46 645 2345 4812 
m3265 38 46 1946 
m267 13 22 36 38 40 672 686 690 1113 1122 1136 1140 1822 1913 1922 1936 2022 2036 
m668 16 32 46 832 2332 4816 
m671 30 45 46 2280 2295 2296 2330 2346 
m1724 13 22 45 46 696 1113 1146 2263 2272 2296 
m2775 22 30 32 36 40 41 46 49 1122 1130 1132 1136 1140 1141 1146 1522 1532 1536 1546 1622 1646 1822 1830 1832 1836 1840 1846 1849 2022 2030 2032 2036 2040 2046 2049 2072 2090 2096 2322 2472 2480 2482 2486 2490 2496 4346 4846 
m528 36 40 49 1836 1840 1849 2036 2040 2049 2486 2490 2499 
m2617 37 38 46 1937 1946 2337 2346 4837 
m1454 5 31 36 255 281 286 1555 1581 1586 1805 1831 1836 
m1082 23 30 46 1180 1523 1530 1546 2330 2346 4823 
m1009 37 45 46 1895 2337 2345 2346 
m664 22 23 30 46 1122 1123 1130 1146 1180 1523 1530 1546 2330 2346 4823 
m2320 40 45 46 2046 2290 2296 4846 
