m653 
m2083 33 45 1695 
m1416 32 36 46 49 1636 1646 1849 2332 2336 2346 2349 4136 4336 4836 
m1284 30 46 2330 2346 4846 
m2900 22 23 30 36 41 1123 1130 1141 1191 1523 1541 1822 1823 1830 1841 
m1184 36 40 46 49 1836 1846 2036 2040 2046 2049 2336 2346 2349 2486 2496 4336 4836 
m985 12 13 20 22 32 36 40 49 632 682 699 1012 1013 1022 1032 1036 1040 1112 1113 1122 1132 1136 1140 1812 1813 1832 1836 1840 1849 2012 2013 2032 2036 2049 2462 2482 2486 3136 3162 3186 
m1037 23 30 46 1180 1523 1530 1546 2330 2346 4823 
m2959 32 36 46 49 1636 1649 1849 2332 2336 2346 2349 2486 2499 4136 4336 
m3225 14 22 36 40 46 714 1114 1136 1140 1146 1814 2014 2036 2046 3236 3246 4346 4814 
m1393 36 40 46 49 1836 1840 1846 1849 2036 2040 2046 2049 2336 2340 2346 2349 2486 2490 2496 4346 
m860 22 23 30 46 49 1122 1123 1130 1146 1149 1172 1173 1180 1199 1522 1523 1530 1549 2322 2323 2330 2349 2472 2473 2480 3673 4823 
m1994 14 32 36 46 732 736 1832 2314 2332 4836 
m640 22 23 36 40 1122 1123 1136 1140 1172 1173 1186 1190 1822 1836 1840 2022 2023 2036 2040 3673 4336 
m3179 22 36 41 1122 1136 1141 1841 2072 2086 2091 4586 
m3191 5 36 45 286 295 1845 2255 2286 2295 4336 
m3429 6 14 32 36 314 332 732 1806 1814 1832 
m2586 32 36 46 1832 2332 2336 2346 4836 
m1485 22 36 38 48 49 1136 1148 1149 1822 1836 1838 1848 1849 1922 1936 1948 1949 2422 2436 2438 2448 2449 2486 2498 
m1234 22 23 30 36 40 46 1122 1123 1130 1136 1140 1146 1172 1173 1522 1523 1530 1540 1546 1822 1823 1830 1840 1846 2022 2023 2030 2036 2040 2046 2322 2323 2330 2336 2340 2346 3696 4823 
m750 14 26 46 714 726 746 1314 1326 1346 2314 2326 2346 4814 
m3380 46 2346 
m206 17 40 46 2017 2046 2346 4817 
m3336 22 23 30 36 41 1123 1130 1136 1141 1186 1191 1523 1536 1541 1841 2073 2080 2091 3673 4323 4586 
m1825 12 36 40 41 46 49 636 640 641 649 1836 1840 1841 2036 2041 2336 2340 2341 2349 2486 2490 2491 3136 4336 4812 
m1674 26 37 46 1337 1346 1896 2346 
m2545 14 40 46 2014 2040 2046 2314 2346 4814 4846 
m2231 38 46 1938 1946 2346 
m223 30 38 40 45 46 1930 2030 2038 2045 2046 2280 2288 2296 2330 2338 
m3022 5 13 33 655 1655 4163 
m166 12 26 46 1312 1326 1346 2312 2346 4812 
m1390 22 23 30 36 40 41 1122 1123 1130 1136 1140 1172 1173 1180 1186 1190 1523 1822 1823 1830 1836 2023 2030 2036 2072 2073 3673 4323 4586 
m3627 5 36 37 46 49 286 296 299 1849 1855 1886 1896 1899 2305 2336 2346 2349 4836 4837 
m263 14 23 30 46 1514 1523 1546 2314 2323 2330 2346 3664 4814 4823 
m1011 22 23 36 40 41 1122 1123 1136 1140 1141 1173 1823 1836 1840 1841 2023 2036 2040 2041 2072 2073 2086 2090 2091 3686 4323 
m1717 41 46 2091 2096 2341 
m829 13 22 38 49 699 1113 1122 1138 1913 1938 1949 
m1079 46 2346 4846 
m2805 22 40 41 46 1140 1141 2022 2040 2041 2046 2072 2090 2091 2096 2341 
m982 12 32 36 46 1612 1812 2312 2332 2336 2346 4136 4812 4836 
m200 22 23 30 36 40 46 49 1122 1123 1130 1136 1140 1146 1149 1172 1173 1180 1186 1190 1199 1522 1523 1530 1536 1540 1546 1549 1822 1823 1830 1836 1840 1846 1849 2022 2023 2030 2036 2040 2046 2322 2330 2336 2340 2346 2349 2472 2473 2480 2486 2496 3696 4823 
m1121 22 23 36 40 41 1122 1123 1136 1140 1141 1172 1173 1822 1823 1836 1840 1841 2022 2023 2036 2040 2041 2072 2073 3673 4586 
m72 46 2346 
m1640 14 36 40 46 740 1814 1836 1840 1846 2014 2036 2040 2046 2314 2340 2346 3246 4314 4346 4836 
m335 5 13 26 33 263 283 1305 1313 1333 1655 1663 1683 3183 
m2600 22 23 30 36 40 41 46 1123 1130 1136 1141 1146 1180 1186 1190 1523 1530 1536 1540 1546 1830 2022 2023 2030 2036 2040 2046 2072 2073 2080 2086 2090 2091 2330 3696 4836 
m1325 22 23 30 46 1123 1130 1146 1172 1173 1180 1196 1523 1530 1546 2330 4823 
m2775 33 34 38 40 46 1690 1696 1733 1734 1738 1746 1933 1938 1940 1946 2333 2338 2340 2346 
m91 36 40 46 1840 2036 2040 2336 2340 
m2655 22 36 40 1122 1136 1140 2036 
m1632 32 46 2332 
m1769 22 46 1122 1146 2322 2346 
m144 12 22 23 36 41 46 49 622 623 636 641 649 1123 1136 1141 1191 1822 1823 1841 2322 2323 2336 2341 2349 2472 2473 2486 2491 3136 4323 4336 4812 
m796 34 38 40 46 1734 1934 2034 2038 2040 2046 2334 2338 2346 
m588 23 35 46 1773 2335 2346 4823 
m1104 45 46 2296 2345 2346 4846 
m1847 22 23 26 1123 1126 1173 1176 1323 3673 
m2836 22 23 36 40 1123 1136 1173 1186 1190 1836 1840 2036 3673 3686 
m1132 22 26 44 46 1122 1126 1144 1146 1322 1344 1346 2222 2246 2322 2326 2344 2346 4846 
m2322 36 37 40 46 1837 1846 2036 2037 2040 2046 2337 2346 4346 4837 
m61 22 32 46 1122 1132 1146 2332 2346 
m147 14 32 46 714 732 746 1614 1646 4814 
m1792 14 22 36 40 46 1114 1136 1140 1146 1814 1846 2014 2036 2046 2346 4346 4814 
m570 45 
m505 22 23 36 40 41 1122 1123 1136 1140 1173 1186 1190 1823 1836 2022 2023 2036 2040 2072 2073 2086 2090 2091 3686 4323 
m1558 22 24 1124 
m2215 5 14 22 23 30 41 46 49 273 280 291 705 723 730 741 1123 1130 1172 1173 1180 1522 1523 1530 1541 2072 2073 2080 2305 2323 2330 2341 2346 2464 2496 2499 3673 4814 
m890 22 23 30 36 39 40 41 1123 1130 1136 1140 1172 1173 1180 1186 1190 1523 1536 1540 1822 1823 1830 1836 1840 1972 1973 1980 1986 1990 2022 2023 2030 2036 2072 2073 2080 2086 2089 2090 2091 3673 4323 
m423 22 37 46 49 1122 1137 1146 1899 2346 2349 2496 4396 4837 
m2091 14 46 714 746 2314 2346 4814 
m748 5 26 36 46 49 50 276 296 300 1346 1350 1805 1826 1846 1849 1850 2305 2326 2346 2349 2350 2455 2476 2496 2500 
m1411 14 38 1914 
m1611 21 22 23 30 36 40 46 1072 1073 1080 1090 1096 1121 1122 1123 1130 1136 1140 1146 1172 1173 1522 1523 1530 1546 1821 1822 1823 1830 1840 1846 2021 2022 2023 2030 2036 2040 2046 2321 2322 2323 2330 2340 2346 3696 4823 
m513 22 23 46 49 1122 1123 1146 1149 1199 2323 2346 2349 
m2203 12 15 30 46 1512 1515 1546 2312 3262 4815 
m2253 22 37 40 46 1137 1146 1890 2022 2037 2040 2046 2322 2337 2340 2346 4396 
m235 14 22 40 46 714 722 740 746 1114 1140 1146 2014 2046 2314 2340 2346 3246 4814 
m2505 14 46 714 3246 4814 
m2148 22 37 46 1122 1137 1146 2322 2337 2346 4837 
m1055 22 26 46 1122 1126 1146 1326 1346 2346 
m928 12 13 22 32 36 40 622 636 640 672 686 690 1112 1113 1122 1136 1140 1612 1613 1622 1636 1640 1822 2022 2036 3162 
m3004 22 36 40 46 48 1136 1140 1146 1848 2036 2040 2046 2336 2340 2346 2348 4336 4836 
m1527 23 30 36 40 41 1173 1180 1186 1190 1523 1530 1536 1540 1823 1830 1836 1840 2023 2030 2036 2040 2073 2080 2086 2090 3673 4323 
m1876 8 32 37 46 49 408 437 446 449 1882 1896 2332 2346 2482 2487 2496 4396 
m384 13 36 40 49 2013 2036 2463 2486 2490 4313 
m1483 30 38 40 45 46 1930 1938 1946 2030 2038 2046 2280 2288 2290 2296 2330 
m1315 14 38 46 49 746 749 1914 1938 1946 1949 2346 2349 
m1366 23 30 36 40 49 1180 1199 1549 1823 1830 1836 1840 1849 2023 2030 2036 2040 2049 2473 2480 2486 2490 
m3106 22 30 37 46 1130 1137 1146 1880 2322 2330 2337 2346 4837 
m1463 32 36 4332 
m2314 14 22 36 40 46 722 740 746 1140 1146 1822 1840 2014 2036 2040 2046 2322 2336 2340 2346 3236 4346 4814 
m1697 6 14 32 36 314 332 732 1806 1814 1832 
m887 23 26 34 36 46 1176 1184 1186 1196 1726 1746 1826 1846 2326 4334 
m1357 22 23 36 40 41 1172 1822 1841 2022 2023 2036 2041 2072 2073 4323 4336 4586 
m2652 13 33 36 49 663 683 686 699 1663 1683 1686 1699 1833 1849 2463 2483 2486 3183 
m467 22 36 37 40 41 1137 1140 1822 1836 1840 1841 2022 2036 2037 2040 2041 2072 2086 2090 2091 4586 
m179 13 22 32 36 40 41 672 686 690 1122 1136 1140 1613 1622 1636 1640 1822 2022 2036 2063 2072 2082 2086 
m732 46 2346 4846 
m2076 13 38 46 1913 1946 2313 
m2174 22 23 30 36 40 46 1122 1123 1130 1136 1140 1146 1180 1522 1523 1530 1536 1540 1546 1822 1823 1830 1836 1840 1846 2022 2023 2030 2036 2040 2046 2322 2323 2330 2340 4823 4846 
m3398 22 46 1122 1146 2322 2346 
m1596 37 40 45 46 49 1895 1899 2037 2040 2045 2046 2340 2345 2346 2349 2495 4387 4396 4837 
m867 36 40 41 46 1841 2036 2041 2086 2090 2091 2336 2340 2341 4336 4836 4846 
m2550 14 46 714 746 2314 2346 4814 
m2982 5 13 33 38 263 283 288 655 663 1655 1663 1905 1913 1933 1938 4163 
m2078 46 2346 
m180 26 38 46 1326 1346 1926 1946 2326 4846 
m1812 23 32 45 46 1182 2273 2282 2296 2323 2332 2346 4823 
m2658 37 46 4837 
m2162 37 46 49 1899 2346 2349 4396 4837 
m236 14 22 46 714 722 746 2314 2322 2346 3246 4814 
m1410 23 46 49 2323 2346 2473 2496 4823 
m649 22 23 30 36 37 40 46 49 1123 1130 1136 1137 1140 1146 1149 1180 1523 1530 1546 1822 1823 1830 1836 1837 1840 1846 1849 1872 1873 1880 1886 1890 1896 2022 2023 2030 2036 2037 2040 2046 2330 2346 2472 2473 2480 2486 2487 2490 2496 4396 4823 
m772 23 32 46 1196 1623 1646 2346 
m2096 13 22 33 36 40 46 49 672 686 690 1113 1133 1136 1140 1672 1686 1690 1822 2013 2022 2036 2046 2313 2322 2333 2336 2340 2349 2463 2472 2483 2486 2490 3183 
m430 33 45 46 1695 2283 2295 2333 2345 
m840 22 37 46 49 1122 1137 1146 1899 2346 2349 2496 4396 4837 
m2352 22 23 30 36 40 46 1122 1123 1130 1136 1140 1146 1180 1522 1523 1530 1536 1540 1546 1822 1823 1830 1836 1840 1846 2022 2023 2030 2036 2040 2046 2322 2323 2330 2340 4823 4846 
m1101 22 23 30 1122 1123 1130 1173 1522 1523 3673 
m380 10 26 37 46 1310 1337 1346 1860 1896 2310 2346 4396 
m1016 13 25 38 46 1263 1296 1913 1925 1946 2313 
m2664 23 36 42 1173 1186 1192 3686 4342 
m3248 22 46 1122 1146 
m1242 6 42 306 342 2106 2142 2842 4606 
m157 22 23 36 40 41 1122 1123 1136 1822 1823 1836 1840 2022 2023 2036 2072 2073 2086 2090 3673 4323 4586 
m713 22 23 36 40 41 46 1122 1136 1140 1141 1186 1190 1191 1196 1823 1836 1840 1841 1846 2023 2036 2040 2041 2046 2072 2073 2086 2090 2091 2096 2336 2340 2341 3686 
m74 32 39 46 1632 1639 1646 1989 2339 2346 4496 4839 
m756 22 23 30 1122 1123 1130 1180 1522 1523 1530 
m1781 46 2346 
m425 5 36 38 46 49 286 296 299 1849 1905 1936 1946 1949 2305 2336 2338 2346 2349 2486 2499 4836 4846 
m3545 30 40 46 2030 2046 2330 2340 2346 4846 
m3609 13 38 46 1913 1938 1946 2313 2346 
m2259 36 38 46 1838 1846 2338 2346 4836 
m2487 22 37 46 1122 1137 1146 2322 2337 2346 4837 
m763 22 44 46 1122 1144 1146 2322 2344 2346 4846 
m272 36 37 38 40 46 49 1836 1838 1840 1846 1849 1886 1890 1936 1937 1938 1940 1946 2036 2037 2038 2040 2046 2336 2337 2338 2340 2346 2486 2488 2490 2496 2499 
m60 13 22 36 45 46 49 699 1113 1136 1849 2286 2295 2296 2313 2322 2336 2349 3186 
m1650 12 40 46 2012 2046 4812 
m2239 6 43 46 2306 2343 4656 
m3009 22 23 46 1123 1146 1172 2322 3696 
m2376 22 46 1122 1146 2346 
m2317 14 36 38 46 49 714 736 738 746 749 1814 1846 1849 1914 1936 1946 1949 2314 2336 2338 2346 2349 2464 2486 2496 4814 
m2754 13 22 32 36 40 672 686 690 1113 1122 1136 1140 1613 1622 1636 1640 1822 2022 2036 
m2605 5 13 26 33 41 46 655 696 1305 1313 1326 1333 1341 1346 1655 1676 1691 1696 2055 2063 2096 2305 4163 
m3017 22 23 41 1122 1123 1141 1172 1173 1191 2072 2073 2091 3673 
m1736 22 23 30 36 40 46 1122 1123 1130 1136 1140 1146 1172 1173 1522 1523 1530 1540 1546 1822 1823 1830 1840 1846 2022 2023 2030 2036 2040 2046 2322 2323 2330 2340 2346 3696 4823 
m1486 26 32 36 38 46 1332 1336 1346 1832 1926 1932 1936 1938 1946 2332 2336 2346 4836 
m2647 8 408 
m3529 36 40 41 1836 1840 1841 2036 2086 2090 2091 4586 
m3188 36 48 49 1848 1849 2486 2498 2499 4336 
m2843 22 23 30 46 49 1122 1123 1130 1146 1149 1172 1173 1180 1522 1523 1530 1549 2322 2323 2330 2349 2472 2473 2480 3673 4823 
m2669 30 44 45 2230 2245 2280 
m1808 14 38 40 46 49 1914 1940 1946 1949 2014 2046 2049 2346 2464 2496 4814 
m3286 22 30 36 1522 1536 1822 
m1767 30 46 2330 
m2538 36 38 40 46 49 1836 1838 1840 1846 1849 1938 2036 2038 2040 2046 2049 2336 2338 2340 2346 2349 2486 2488 4336 4346 4836 
m2074 14 26 32 46 1314 1346 1626 1646 2314 2346 4814 
m1414 22 30 46 1122 1130 1146 2322 2330 2346 
m2913 13 45 46 2263 2295 2296 2313 2346 3196 
m2153 22 23 36 40 1122 1123 1136 1140 1173 1186 1190 1822 1823 1836 1840 2022 2023 2036 2040 3673 4323 
m998 37 40 46 1890 2037 2040 2046 2337 2340 2346 4396 
m1557 22 23 30 1122 1123 1130 1172 1173 1180 1522 1523 1530 3673 
m727 8 13 32 33 46 49 408 413 432 433 446 449 682 1682 2313 2332 2333 2463 2482 2483 2496 4163 
m2801 22 23 30 36 40 46 1122 1123 1130 1136 1140 1146 1172 1173 1180 1186 1190 1522 1523 1530 1536 1540 1546 1823 1840 2023 2036 2040 2322 2323 2330 2336 2340 2346 3696 4823 
m2433 6 14 36 46 49 314 706 714 736 746 749 1806 1814 1846 2306 2456 2464 2486 2496 4814 
m1369 23 30 46 49 1180 1199 1549 2323 2330 2346 2349 2473 2480 2496 
m3148 14 20 40 46 720 2014 2020 2046 2320 3246 
m30 26 32 36 41 46 49 1332 1336 1341 1346 1349 1641 1646 2332 2336 2341 2346 2482 2486 2491 2496 4136 4586 
m1631 22 23 30 36 40 41 46 1122 1123 1130 1136 1140 1141 1146 1191 1523 1536 1541 1546 1841 1846 2023 2030 2036 2040 2041 2046 2072 2073 2091 2341 3696 4323 
m231 23 30 36 40 41 49 1190 1523 1530 1540 1541 1823 1830 1836 1840 1841 1849 2073 2080 2090 2473 2480 2486 2490 2491 2499 
m610 5 22 23 30 46 255 273 280 296 1105 1122 1123 1130 1146 1180 1505 1523 1530 1546 2330 4823 
m3463 22 46 1146 2322 2346 
m993 36 38 1936 1938 
m1354 22 38 44 46 1138 1144 1146 1944 1946 2344 2346 
m2852 12 13 22 27 36 40 622 636 640 672 686 690 1112 1113 1122 1136 1140 1362 1363 1372 1386 1390 1822 2022 2036 3162 
m1923 13 22 33 36 40 672 1113 1122 1133 1136 1140 1672 1813 1822 1833 1840 2013 2022 2033 4163 
m2197 22 36 40 41 1122 1136 1140 1141 1822 1836 1840 1841 2022 2036 2040 2041 2072 2086 2090 
m1263 9 36 40 46 49 490 496 499 1840 1849 2049 2309 2336 2340 2346 2349 2459 2486 2490 2496 2499 2959 2986 
m2031 37 38 46 1888 1896 2337 2338 2346 
m2975 22 23 30 36 40 1123 1130 1136 1140 1172 1173 1186 1190 1523 1536 1540 1823 2022 2023 2036 3673 4323 
m3247 26 38 46 1346 1926 1946 2346 
m1549 22 23 36 41 1122 1123 1172 1173 1822 1823 1841 2072 2073 2091 3673 4586 
m2311 36 46 2336 2346 4346 4836 
m1189 22 41 46 1122 1141 1146 2341 2346 
m2988 23 24 40 46 1190 1240 1246 2023 2024 2040 2046 2340 3696 3723 
m3462 14 46 746 4846 
m3211 5 13 22 263 272 1105 1113 1122 
m368 26 36 37 46 49 1826 1837 1846 1849 1876 1899 2326 2476 2496 4396 
m2241 23 
m2771 13 38 1913 1938 
m739 23 45 1195 
m3101 22 37 40 46 1137 1146 2022 2037 2040 2046 2337 2346 4837 
m1774 12 13 22 49 649 699 1112 1113 1149 3162 
m1687 22 33 46 1133 1146 1672 1683 1696 2322 2333 2346 4833 
m315 5 36 38 46 49 286 288 296 299 1805 1836 1838 1846 1849 1905 1936 1946 2346 2349 2486 2499 4836 
m2484 14 23 30 38 730 1180 1514 1523 1530 1914 1923 1930 3223 
m310 13 20 22 33 36 40 672 686 690 1013 1022 1033 1036 1040 1122 1136 1140 1672 1686 1690 1822 2022 2036 3183 
m16 23 46 2323 2346 4823 
m500 22 23 30 41 1122 1123 1130 1172 1173 1180 1522 1523 1530 2072 2073 2080 3673 
m2589 22 46 1122 1146 2322 2346 
m2308 12 23 36 46 49 636 649 1199 1849 2336 2349 3123 3686 4812 4823 
m1865 36 41 46 49 1841 1846 2341 2346 2486 2491 2496 
m2569 22 23 30 38 41 1141 1172 1191 1522 1523 1538 1541 1922 1923 1930 1938 1941 
m1580 22 23 40 46 1123 1140 1146 1190 2022 2023 2040 2046 2340 2346 3696 4823 
m1760 22 38 46 49 1122 1138 1146 1149 1922 1938 1946 1949 2322 2346 2349 
m76 
m690 14 23 30 46 1514 1523 1546 2314 2323 2330 2346 3664 4814 4823 
m1201 22 23 32 36 40 46 49 1122 1123 1132 1136 1140 1146 1149 1172 1173 1182 1186 1190 1196 1199 1622 1623 1632 1636 1640 1646 1822 1823 1832 1836 1840 1846 1849 2022 2023 2032 2036 2046 2049 2322 2323 2332 2336 2346 2349 2472 2473 2482 2486 2490 2496 3673 3686 3696 4323 4346 
m1755 22 36 41 1136 1141 1841 2072 2086 2091 4586 
m267 46 2346 
m3221 
m1973 23 30 40 46 1190 1196 1523 1530 1540 1546 2040 2046 2340 
m3617 22 23 36 41 1123 1136 1141 1172 1173 1186 1822 1823 2072 2073 2086 2091 3673 4586 
m3560 22 45 46 1122 1146 2272 2296 2322 2346 4846 
m1620 22 23 36 40 1122 1123 1136 1140 1173 1186 1190 1822 1823 1836 1840 2022 2023 2036 2040 3673 4323 
m2532 14 46 714 3246 
m3537 14 36 46 49 714 736 746 749 1814 1836 1846 1849 2314 2336 2346 2349 2464 2486 2496 3246 4814 
m2691 38 46 49 1938 1946 1949 2349 
m3496 22 37 46 1122 1137 1146 4837 
m94 32 36 46 49 1632 1636 1649 1849 2332 2336 2349 
m2501 44 46 2344 2346 
m3220 5 13 22 263 272 1105 1113 1122 
m1219 22 36 38 40 1122 1136 1138 1140 1836 1838 1840 1936 1938 2036 2038 2040 
m1788 5 22 37 46 255 1105 1137 1146 1855 1887 1896 2305 2322 2337 2346 4837 
m1989 5 22 38 46 1122 1146 1905 1922 1938 1946 2305 2346 
m902 12 45 46 645 2345 4812 
m705 36 40 41 46 49 1841 2036 2040 2046 2336 2341 2346 2349 2486 2491 2496 4346 4836 4846 
m2757 22 23 30 36 40 46 1122 1123 1130 1136 1140 1146 1172 1173 1522 1523 1530 1540 1546 1822 1823 1830 1840 1846 2022 2023 2030 2036 2040 2046 2322 2323 2330 2340 2346 3696 4823 
m2905 12 13 46 662 696 2312 2346 3196 4812 
m3601 16 22 36 40 822 836 840 1116 1122 1136 1140 1822 2022 2036 
m2021 23 31 46 49 1196 1573 1596 2346 2473 2481 2496 2499 
m1745 22 23 37 1122 1123 1172 1173 1872 1873 3673 
m1047 23 36 45 46 1186 1196 1836 1846 2273 2286 2296 3686 4836 
m1336 22 37 40 46 1137 1146 2022 2037 2040 2046 2322 2337 2346 4837 
m2974 5 38 46 1905 1938 1946 2305 2338 2346 
m3265 14 37 3237 
m3092 22 37 49 1122 1137 1149 1872 1899 2472 2487 2499 
m2034 23 36 38 40 46 1923 1936 1940 1946 2023 2036 2046 2323 3686 4836 
m960 13 22 45 695 1113 1122 1145 
m3451 22 30 32 36 46 49 1532 1536 1546 1549 1622 1636 1649 1822 1849 2322 2330 2332 2336 2346 2349 2472 4136 4336 4836 
m639 14 32 36 41 46 1614 2064 2082 2086 2314 2332 2336 2341 4136 4314 
m2804 46 
m1662 
m2609 14 36 40 46 740 1814 1836 1840 1846 2014 2036 2040 2046 2314 2340 2346 3246 4314 4346 4836 
m566 44 46 2344 2346 
m3135 16 26 36 40 46 49 826 1826 2016 2036 2046 2316 2326 2346 2466 2486 2490 2496 3336 3346 4346 4836 
m1158 17 46 2317 2346 3396 4817 
m2431 22 23 30 40 46 1122 1123 1130 1140 1146 1172 1173 1180 1190 1196 1522 1523 1530 1540 1546 2023 2046 2323 3673 3696 4823 4846 
m3187 41 44 45 2241 2245 2291 
m931 22 40 46 1146 2046 2322 2340 2346 
m1521 22 23 30 46 1122 1123 1130 1146 1180 1523 1530 1546 2330 2346 4823 
m308 13 14 22 40 46 672 722 2013 2014 2040 2046 2313 2314 3164 
m1058 37 40 41 46 1891 2037 2041 2046 2087 2090 2091 2096 2337 2340 2341 2346 4396 
m953 23 45 1173 2273 3673 
m3073 22 23 30 46 1123 1130 1146 1180 1523 1530 1546 2330 4823 
m1245 22 30 36 38 40 41 45 46 1130 1136 1138 1140 1141 1145 1146 1522 1536 1540 1541 1822 1836 1840 1922 1945 1946 2022 2036 2040 2086 2090 2272 2296 2322 2330 2336 2341 
m3082 22 23 30 1172 1522 1523 
m3241 22 36 40 46 49 1136 1140 1146 1840 1846 2022 2036 2040 2046 2049 2336 2340 2346 2349 2486 4836 
m2061 38 41 46 1941 1946 2091 2341 
m2032 13 46 2313 
m2416 23 36 40 41 1173 1823 1836 1840 1841 2023 2036 2040 2041 2073 2086 2090 2091 3686 4323 
m3621 14 22 23 30 40 45 46 714 746 1114 1145 1146 1164 1172 1190 1195 1196 1514 1522 1523 1530 1540 1545 1546 2014 2022 2023 2030 2040 2045 2046 2264 2296 2314 3664 
m3356 15 27 38 41 45 46 777 1915 1938 1941 1946 2065 2077 2088 2096 2288 2291 2296 2315 2327 2346 
m1672 41 
m363 13 22 33 36 38 40 1113 1122 1133 1136 1138 1140 1813 1833 1838 1840 1913 1933 2013 2033 2038 4163 
m99 5 45 2255 
m2395 22 23 36 41 1122 1123 1172 1173 1822 1823 2072 2073 3673 4586 
m809 12 30 36 46 49 1512 1530 1546 1812 1830 1836 1846 1849 2346 2480 2496 2499 4812 
m1330 12 26 46 612 1312 1346 2312 2346 4812 
m2479 22 23 30 36 40 46 49 1122 1123 1130 1136 1140 1146 1180 1523 1530 1536 1540 1546 1822 1823 1830 1840 1846 2022 2023 2030 2036 2046 2322 2323 2330 2336 2340 2346 2472 2486 2490 2496 4336 4346 4823 4846 
m645 36 41 1836 1841 2086 2091 4586 
m2531 26 40 46 49 2026 2046 2326 2340 2346 2476 2496 
m470 22 23 30 32 36 46 49 1122 1123 1130 1146 1149 1172 1173 1180 1522 1523 1530 1549 1622 1623 1630 1632 1636 1646 1649 1822 1823 1830 1846 1849 2322 2323 2330 2349 2472 2473 2480 2486 2496 2499 3673 4823 
m2440 22 23 30 36 40 1122 1123 1130 1136 1523 1830 2022 2023 2030 2036 4323 
m3337 14 46 2314 2346 4814 
m311 
m3568 36 46 4836 
m1053 32 36 46 49 1832 1849 2332 2336 2346 2349 2482 4332 4336 4836 
m3267 13 22 672 1113 1122 
m3119 36 40 41 46 1836 1841 1846 2036 2040 2041 2046 2336 2341 2346 4341 4346 4836 4846 
m2144 13 22 33 36 40 672 686 690 1113 1122 1133 1136 1140 1672 1686 1690 1822 2022 2036 3183 
m2041 46 2346 
m1851 8 46 49 408 446 449 2349 
m1221 36 38 40 46 49 1936 1938 1940 1946 2036 2046 2049 2346 2349 2486 4836 
m2005 14 22 32 46 49 732 749 1114 1132 1146 1649 2314 2332 2346 2349 4814 
m1418 22 23 30 1122 1123 1130 1522 1523 
m1817 22 46 49 1146 1149 2349 2472 2496 
m2625 36 49 1836 1849 2499 
m1404 22 23 36 40 41 46 49 1123 1136 1140 1141 1146 1191 1822 1823 1836 1840 1841 1849 2022 2023 2036 2040 2041 2046 2072 2073 2086 2090 2091 2322 2323 2336 2340 2341 2349 2472 2473 2486 2490 2491 4323 4336 4346 4836 
m2680 5 37 46 287 1855 2305 2337 
m2853 22 36 40 41 1136 1140 1141 1841 2036 2041 4336 4586 
m3289 23 24 40 46 1190 1240 1246 2023 2024 2040 2046 2323 2324 2340 3696 3723 
m712 26 36 46 1336 1346 2336 2346 4836 
m2150 22 32 37 38 46 49 1132 1137 1146 1637 1646 1922 1938 1946 1949 2332 2337 2346 2472 2487 2496 4837 
m2451 40 46 48 2040 2046 2340 2346 2348 2440 2446 
m3133 22 36 40 41 1822 1840 2022 2036 2072 2086 2090 4336 4586 
m2500 22 23 36 41 1122 1123 1172 1173 1822 1823 2072 2073 3673 4586 
m1833 23 
m3141 14 45 46 49 2264 2296 2299 2314 2346 2464 2496 4814 
m1338 14 30 46 730 746 2314 2330 2346 4814 4846 
m545 22 46 49 1122 1146 1149 2349 2472 2496 
m2834 28 36 38 46 1828 1836 1928 1936 1938 1946 2328 2336 
m1196 26 32 36 46 1332 1336 1346 1832 2332 2336 2346 4836 
m52 22 37 46 1122 1137 1146 2322 2337 2346 4837 
m2196 23 36 40 41 1173 1186 1190 1191 1823 1840 2023 2036 2073 2086 2090 3673 4323 4336 4586 
m2105 22 38 45 46 1138 1145 1146 1938 1945 1946 2345 
m1126 30 36 38 40 46 1830 1930 1936 1940 1946 2030 2036 2046 2330 2336 2340 2346 4836 
m3080 23 38 46 49 1188 1199 1938 1946 2338 2346 2349 3696 4823 
m2149 22 32 37 38 46 49 1132 1137 1146 1637 1646 1922 1938 1946 1949 2332 2337 2346 2472 2487 2496 4837 
m2797 27 36 41 46 1386 1391 1396 1841 2336 2341 2346 4836 
m3452 46 2346 
m3059 22 36 46 49 1122 1146 1149 1822 1846 1849 2472 2496 
m884 32 33 36 1632 1633 1636 1683 1686 1833 1836 4136 4186 4333 4336 
m1801 26 46 1346 2346 
m3055 32 36 46 49 1632 1636 1649 1849 2332 2336 2346 2349 
m216 17 38 46 888 2317 2338 2346 3396 
m1153 14 23 30 730 1180 1523 1530 3223 
m2990 22 32 36 37 40 1122 1132 1136 1137 1140 1637 1832 1837 1840 2032 2037 
m2333 5 21 22 38 46 271 272 288 296 1121 1138 1146 1921 1946 2305 2321 2322 2338 2346 
m3158 14 38 40 738 1914 1938 1940 2014 2038 2040 
m1240 12 41 46 2062 2091 2096 2312 2346 4812 
m2137 23 45 46 1196 2273 2296 2323 2346 3696 4823 
m2397 5 36 38 46 49 286 296 299 1849 1905 1936 1938 1946 2346 2349 2486 2499 4836 
m2695 6 14 32 36 49 706 714 732 736 749 1606 1636 1806 2456 2482 2486 
m2896 23 30 36 38 46 49 1173 1180 1186 1188 1196 1199 1523 1530 1536 1538 1546 1549 1823 1830 1838 1846 1849 1923 1930 1936 1946 1949 2323 2330 2336 2338 2346 2349 2473 2480 2486 2488 2496 4823 
m1741 22 23 36 40 41 46 1122 1123 1136 1140 1141 1146 1190 1836 1840 2022 2023 2036 2040 2041 2046 2073 2086 2090 2096 2322 2323 2336 2340 2341 2346 3673 3686 4323 4823 
m2591 14 46 2346 3246 4814 
m192 22 23 36 40 41 1122 1123 1136 1140 1141 1172 1173 1822 1823 1836 1840 1841 2022 2023 2036 2040 2041 2072 2073 3673 4586 
m1367 14 38 46 1914 1946 4814 
m3409 36 
m1497 32 36 46 1832 2332 2336 2346 4836 
m203 12 32 36 38 46 1612 1646 1812 1912 1932 1936 1946 2312 2332 2336 2346 3146 4136 4346 4812 
m1507 4 204 
m3197 14 26 38 41 741 1314 1341 1914 1926 1941 
m3165 13 38 1913 1938 
m224 22 38 1122 1922 1938 
m1426 23 30 46 1523 2323 2330 2346 4823 
m2530 22 23 36 40 46 1122 1123 1136 1140 1146 1172 1186 1190 1196 1822 1836 2022 2036 2040 2046 2322 3686 4346 
m3512 22 23 36 40 41 1122 1123 1136 1140 1141 1172 1173 1822 1823 1836 1840 1841 2022 2023 2036 2040 2041 2072 2073 3673 4586 
m1320 14 36 38 40 46 49 738 1814 1838 1914 1936 1938 1940 1946 1949 2014 2036 2046 2314 2336 2338 2340 2346 2349 2464 2486 2490 2496 3246 4346 
m3467 13 38 1913 1938 
m205 14 40 46 2014 2040 2046 2314 2346 4814 4846 
m2616 14 40 46 714 740 746 2014 2046 2314 2340 2346 4814 
m2873 26 40 46 2026 2046 2326 
m79 13 33 40 690 1690 4163 
m1258 14 29 31 36 49 729 731 736 1579 1586 1814 1829 1831 1836 1849 2464 2479 2481 2486 3236 4086 4336 
m1794 32 46 2332 
m629 46 2346 
m700 13 25 38 46 675 1913 1925 1946 2313 2325 
m2929 22 38 46 49 1146 1946 1949 2322 2346 2349 2472 2496 4846 
m2815 23 30 41 46 1180 2073 2080 2096 2323 2330 2341 4823 4846 
m140 23 30 46 1180 1523 1530 1546 2330 2346 4823 
m1280 40 41 46 2046 2090 2096 2340 
m2486 5 36 38 40 46 49 286 296 1805 1836 1838 1846 1849 1905 1936 1938 1946 1949 2036 2038 2046 2049 2346 2349 2455 2486 2496 4836 
m3559 22 23 36 38 40 41 1122 1123 1136 1140 1172 1822 1823 1836 1840 1922 1923 1936 1941 2023 2036 2072 2073 2086 2088 2090 2091 3673 4323 4586 
m361 14 22 30 38 46 730 1114 1130 1138 1146 1914 1930 1946 2330 3246 
m3137 12 26 46 626 2326 4812 
m2904 6 23 1156 1173 
m3263 26 39 46 1339 1346 2326 2339 4839 4846 
m1700 22 36 40 1122 1136 1140 2036 
m2178 28 36 1428 1436 1828 1836 3936 4328 
m3001 22 23 30 36 37 40 41 46 49 1123 1130 1136 1137 1140 1146 1149 1180 1523 1530 1546 1822 1823 1830 1836 1837 1840 1846 1849 1872 1873 1880 1886 1890 1896 2022 2023 2030 2036 2037 2040 2046 2072 2086 2090 2099 2330 2346 2472 2473 2480 2486 2487 2490 2496 4396 4823 
m3278 12 26 46 626 1312 1326 1346 2326 4812 
m2057 22 44 46 1144 1146 2246 2344 2346 4846 
m1748 23 30 36 40 1180 1186 1523 1530 1536 1540 1830 2023 2030 2036 
m2166 14 714 
m1970 34 45 2284 
m688 23 46 2346 4823 
m1979 5 32 36 255 282 286 1605 1805 1832 1836 4332 
m333 22 23 30 36 40 41 1122 1123 1130 1136 1140 1173 1522 1523 1536 1822 1823 1830 1836 2022 2023 2030 2036 2072 2073 2080 2086 2090 2091 3673 4323 4586 
m197 23 26 46 1176 1346 3696 4846 
m465 36 40 46 1836 1840 1846 2036 2040 2046 2336 2340 4846 
m3332 46 2346 
m1731 22 23 36 40 46 1123 1136 1140 1146 1172 1822 2022 2023 2036 2040 2046 2322 2323 2336 2340 2346 4323 4836 
m3448 5 32 46 1605 2305 2332 2346 4846 
m3052 13 23 36 46 49 1813 1823 1846 1849 2313 2346 2463 2473 2496 3663 4813 4823 
m691 12 36 40 46 49 1812 2012 2036 2046 2049 2336 2346 2462 2486 2496 3146 4346 4812 
m1 22 23 41 46 1123 1141 1146 1173 2073 2323 2341 2346 3673 4823 
m1573 22 36 37 40 46 1136 1137 1140 1146 1837 1840 1846 1890 2022 2036 2037 2040 2046 2336 2340 2346 4336 4346 4396 4837 
m124 22 23 30 36 40 41 46 1130 1146 1541 1546 1836 1841 2023 2036 2041 2073 2086 2323 2336 2340 2341 3686 4323 4591 
m2263 30 46 2330 2346 
m3240 37 41 46 1891 2087 2091 2096 2341 4396 
m2623 32 36 41 46 1632 1636 1641 1646 1832 1836 1841 1846 2082 2086 2091 2096 2332 2336 4586 4846 
m1006 22 23 30 41 1122 1123 1130 1172 1173 1180 1522 1523 1530 2072 2073 2080 3673 
m1052 37 40 46 1890 2037 2040 2046 2337 2340 2346 4396 
m227 29 34 36 1484 1486 1729 1734 1736 1829 1834 1836 4236 4334 
m3643 13 22 23 32 36 40 41 672 673 686 690 691 1122 1123 1136 1140 1141 1186 1190 1191 1613 1622 1623 1636 1823 1840 1841 2023 2041 3673 
m1853 23 36 40 46 49 1190 1836 1840 1846 2023 2036 2040 2046 2049 2323 2336 2340 2346 2349 2473 2486 2490 2496 3696 4323 4346 4823 4836 
m1358 23 38 1923 
m3354 22 46 1122 1146 2322 2346 4846 
m3509 20 40 48 2020 2420 2440 
m478 23 36 38 49 1186 1923 1936 1938 1949 2473 2486 
m1655 22 23 30 39 46 1123 1130 1139 1146 1172 1173 1180 1189 1196 1522 1523 1539 1546 1972 1973 1980 1989 1996 2322 2323 2330 2339 2346 3689 3696 4473 4496 4823 
m1872 22 30 36 49 1122 1136 1522 
m1262 27 38 46 1927 1946 2327 
m1744 22 23 30 36 40 46 1122 1123 1130 1136 1140 1146 1172 1173 1180 1186 1190 1522 1523 1530 1536 1540 1546 1823 1840 2022 2023 2030 2036 2040 2046 2322 2330 2336 2340 2346 3696 4823 
m3170 11 13 33 661 1661 4163 
m495 22 36 37 40 1122 1136 1137 1140 1822 1872 1886 1890 2022 2036 
m3318 46 
m3503 32 36 38 46 1832 1932 1936 1938 1946 2332 2336 2346 4836 
m3528 36 41 1841 2086 2091 4586 
m2654 22 23 30 45 1123 1173 1180 1523 2272 2273 3673 
m2401 23 30 49 1180 1199 1549 2473 2480 2499 
m541 5 46 2305 2346 
m2611 23 38 45 46 1195 1923 1945 1946 2323 2345 
m971 22 23 37 1123 1137 1172 1173 1187 1872 1873 3673 
m1308 17 46 49 896 899 2317 2346 2349 
m19 14 30 46 730 2314 2330 
m3307 22 36 38 40 46 1136 1140 1146 1838 1946 2036 2038 2040 2046 2336 2338 2340 2346 4346 
m1355 36 38 40 41 46 1840 1846 1936 1938 1940 1941 1946 2036 2038 2040 2041 2046 2090 2096 2340 2346 4346 4586 
m3250 22 23 30 36 40 46 1122 1123 1130 1136 1140 1146 1172 1173 1180 1522 1523 1530 1822 1823 1830 1846 2022 2023 2030 2036 2046 2322 2323 2330 3673 4823 
m1035 26 30 36 44 46 1330 1336 1344 1346 1830 2230 2330 2336 2344 2346 4736 
m538 14 22 33 722 1672 4164 
m1903 22 30 38 39 46 1130 1138 1139 1146 1930 1938 1939 1946 1980 2330 2339 2346 4839 
m1346 14 23 30 46 730 1180 2314 2323 2330 2346 3223 4814 4823 
m1470 22 23 30 36 40 46 1122 1123 1130 1136 1140 1146 1172 1173 1522 1523 1530 1540 1546 1822 1823 1830 1840 1846 2022 2023 2030 2036 2040 2046 2322 2323 2330 2340 2346 3696 4823 
m3490 13 38 46 1913 1938 1946 2313 
m3515 30 45 46 2280 2296 2330 2346 4846 
m2522 13 36 38 40 1813 1913 1936 1940 2013 2036 
m1461 5 23 38 273 1905 1923 
m1532 26 32 36 38 46 1332 1336 1346 1832 1926 1932 1936 1938 1946 2332 2336 2346 4836 
m3091 14 33 46 1664 1696 2314 2346 4196 4814 
m719 46 2346 
m3155 22 23 30 1122 1123 1130 1173 1180 1523 3673 
m895 22 46 1122 1146 
m3193 23 30 36 40 46 1180 1523 1530 1830 2023 2030 2036 2046 2330 4323 4346 4823 
m2879 5 13 22 33 36 40 263 272 283 286 290 672 686 690 1113 1122 1133 1136 1140 1672 1686 1690 1822 2022 2036 3183 
m828 22 23 30 46 1122 1123 1130 1146 1523 1530 1546 2330 2346 3696 4823 
m1050 26 41 46 1341 1346 2341 
m1327 14 23 32 36 49 723 732 736 749 1182 1199 1636 1649 1849 3686 
m261 26 37 46 1326 1337 1346 1876 2326 4396 
m1810 36 40 46 49 1840 1846 1849 2036 2040 2046 2049 2336 2340 2346 2486 2496 4336 4346 4846 
m2672 23 30 36 39 40 41 1173 1186 1190 1191 1523 1539 1541 1823 1973 1986 1991 2023 2036 2073 2086 2090 2091 3673 4323 4336 4586 
m2300 22 30 36 40 46 1122 1130 1136 1146 1522 1536 1822 2022 2030 2036 2322 2330 2336 2340 2346 4836 
m1563 13 17 46 2313 2317 3363 
m397 5 14 22 23 32 36 37 41 264 282 286 722 737 741 1122 1123 1137 1141 1155 1182 1186 1614 1637 1814 1837 1872 1882 1886 1887 1891 2087 3664 4136 4332 
m3075 22 46 1122 1146 2346 
m2202 13 46 2313 
m2254 37 40 46 1890 2037 2040 2046 2337 2340 2346 4396 
m1066 12 32 36 46 1612 1646 1812 2336 2346 3146 4136 4346 4812 
m912 22 27 36 40 46 1122 1127 1136 1140 1146 1390 1822 1827 1836 1840 1846 2022 2027 2036 2040 2046 2327 2336 2340 
m2673 36 40 46 49 1836 1840 1846 1849 2036 2040 2046 2049 2336 2340 2346 2349 4346 4836 4846 
m699 46 49 2346 2349 4846 
m1213 23 30 36 41 49 1191 1523 1530 1541 1823 1830 1836 1841 1849 2073 2080 2086 2091 2099 2473 2480 2486 2491 2499 
m202 23 26 30 46 1176 1323 1326 1330 1346 1523 1526 1546 2326 2330 2346 3696 4823 4846 
m2426 30 46 49 2330 2480 2496 
m3428 45 46 2345 
m3404 22 36 41 49 1122 1136 1141 1149 1849 2072 2086 2099 4336 
m3056 22 23 30 36 40 41 46 1122 1123 1130 1136 1140 1141 1146 1180 1522 1523 1530 1536 1540 1546 1822 1823 1830 1836 1840 1846 2022 2023 2030 2036 2040 2046 2072 2086 2090 2091 2322 2323 2330 2340 4823 4846 
m2977 13 38 41 691 1913 1938 1941 
m2952 22 46 49 1146 1149 2322 2346 2349 2496 
m1590 22 23 36 40 41 46 1123 1136 1141 1146 1191 1822 1823 1836 1841 1846 2022 2023 2036 2040 2041 2046 2323 2336 2341 2346 3686 4341 4346 4823 
m1516 23 30 36 40 41 1173 1523 1536 1540 1823 1830 1836 1840 2023 2030 2036 2040 2073 2080 2086 2090 3673 4323 4586 
m784 22 23 30 45 46 1123 1130 1145 1146 1196 1523 1545 1546 2273 2296 2346 
m917 11 13 22 46 563 572 596 696 1111 1113 1122 1146 
m2396 23 36 40 46 49 1190 1823 1840 1846 1849 2323 2340 2349 2473 
m569 23 30 36 40 46 1180 1823 1830 1836 1846 2023 2030 2036 2040 2046 2323 2330 2336 2346 4323 4346 4823 4836 
m3344 23 30 38 46 1173 1180 1188 1523 1530 1538 1923 1930 1938 2323 2330 2338 2346 3673 4823 
m2403 14 32 38 40 41 46 738 740 741 746 1614 1638 1640 1641 1646 1941 1946 2090 2340 2341 
m12 14 37 46 49 2314 2337 2346 2464 2487 2496 4364 
m1664 22 36 40 41 1822 1836 1841 2036 2041 2072 2086 2090 2091 4586 
m811 12 30 45 46 49 645 1512 1530 1545 1546 2295 2345 2346 2480 2496 2499 4812 
m1605 36 40 46 1840 1846 2036 2040 2046 2346 4346 
m3542 22 48 1122 1148 
m877 22 23 36 41 1122 1123 1136 1141 1191 3686 4586 
m764 22 44 46 1122 1144 1146 2322 2344 2346 4846 
m1020 22 36 40 46 1822 1840 1846 2022 2036 2040 2046 2322 2336 2340 2346 4336 4346 4836 
m2345 12 23 36 40 41 46 49 623 636 640 641 649 1191 1823 1840 1841 2012 2023 2036 2040 2041 2046 2073 2086 2090 2091 2099 2312 2323 2336 2341 2346 2349 2473 2486 2490 2491 3136 4323 4336 4812 
m165 46 2346 
m3620 13 33 38 1913 1933 1938 4163 
m3229 22 23 36 41 1123 1136 1141 1191 1823 1841 2073 2091 3673 4323 4586 
m1759 14 32 36 44 46 736 1614 2214 2232 2236 2314 2332 2336 2344 4136 4846 
m2348 5 36 46 1805 1846 2305 2336 2346 4346 4836 4846 
m110 22 36 41 46 1136 1146 1846 2072 2096 2322 2336 2341 2346 4586 4836 
m1270 3 30 33 41 46 180 196 1653 1680 2053 2080 2083 2096 2330 4196 
m1259 14 32 36 38 41 46 1614 1914 1932 1936 1938 1941 1946 2064 2082 2086 2314 2332 2336 2341 4136 4314 
m1376 22 37 40 46 1137 1140 1146 1890 2022 2037 2040 2046 2322 2337 2340 2346 4396 
m3524 32 36 40 46 1832 2032 2036 2332 2336 2340 2346 4136 4336 4836 
m3472 13 38 1913 1938 
m1231 14 40 46 2014 2040 2046 2314 2346 4814 
m2359 30 36 40 46 1830 2030 2036 2330 2336 2340 2346 4836 
m1661 22 36 40 41 1136 1141 1836 1840 1841 2036 2041 2072 2086 2090 2091 4586 
m1944 13 22 32 36 38 40 672 686 690 1113 1136 1140 1613 1622 1636 1640 1822 1913 1922 1932 1936 1940 2022 2036 2040 3186 4336 
m1816 12 32 36 40 612 632 636 640 1612 1640 1812 2012 2036 4136 
m217 
m84 14 40 46 2014 2040 2046 2314 2346 4814 
m2534 14 40 46 2014 2040 2046 2314 2346 4814 
m1361 6 43 4656 
m1290 14 22 46 714 746 1114 1146 2314 2346 3246 4814 
m2357 23 31 45 46 49 1195 1196 1573 1595 1596 2295 2323 2345 2346 2473 2481 2496 
m510 22 30 36 40 45 46 1122 1130 1136 1140 1145 1146 1536 1540 1836 1840 2036 2040 2272 2296 2322 2330 
m3156 22 36 40 41 46 1136 1141 1146 2022 2036 2041 2046 2086 2096 2336 
m2636 22 45 46 1145 1146 2296 
m1450 22 23 45 1123 1173 1195 3673 
m2661 12 14 22 45 46 49 645 712 745 1112 1114 1146 2314 2345 2346 2462 2464 2472 2496 3146 3246 4812 
m3036 22 23 41 1122 1123 1141 1172 2073 
m416 22 23 30 46 1122 1123 1130 1146 1180 1523 1530 1546 2323 2330 3673 4823 
m292 22 23 24 40 46 1123 1124 1140 1146 1190 1240 1246 2022 2023 2024 2046 2340 3696 3723 
m612 23 45 1173 2273 3673 
m2613 30 38 41 46 1930 1941 1946 2080 2330 2338 2341 2346 
m1314 14 38 46 49 746 749 1914 1938 1946 1949 2346 2349 
m3025 22 23 30 36 40 41 46 1122 1123 1130 1136 1140 1141 1146 1191 1523 1536 1541 1546 1841 1846 2023 2030 2036 2040 2041 2046 2072 2341 3696 4323 
m2656 17 37 46 2337 3387 4817 
m190 22 23 30 46 1122 1123 1130 1146 1196 1523 1546 2346 
m1310 13 26 38 46 1313 1346 1913 1926 1946 2313 
m3431 6 14 32 314 332 732 
m8 37 
m863 22 30 38 46 1130 1146 1922 1930 1946 2322 2330 2346 
m2677 
m3343 22 23 30 36 40 41 1122 1123 1130 1136 1140 1173 1522 1523 1536 1822 1823 1830 1836 2022 2023 2030 2036 2072 2073 2080 2086 2090 2091 3673 4323 4586 
m1831 14 23 30 40 47 730 1180 1514 1523 1530 1547 2014 2023 2030 2047 2364 2373 2380 3223 
m1880 22 40 45 46 49 1145 2046 2272 2295 2322 2345 2346 2490 2496 
m1585 22 30 36 1522 1536 1822 
m893 22 23 30 36 40 41 1122 1123 1136 1140 1141 1172 1173 1186 1190 1191 1522 1523 1536 1541 1840 1841 2023 2036 2041 2072 2073 2086 2090 2091 3673 3686 4323 4336 4586 
m594 22 36 40 41 1136 1141 1836 1840 2036 2086 2090 4586 
m2399 5 36 38 46 49 286 296 299 1836 1846 1849 1905 1936 1938 1946 1949 2346 2349 2455 2486 2496 2499 4836 
m514 5 36 38 46 49 286 296 299 1849 1905 1936 1946 2346 2349 4836 
m1572 12 13 22 36 40 622 636 640 672 686 690 1112 1113 1122 1136 1140 1822 2022 2036 3162 
m1870 23 36 1186 1836 3686 
m2237 12 38 41 46 1912 1941 1946 2062 2091 2096 2312 
m995 22 38 46 1138 1146 1922 1938 1946 2322 2338 
m3067 23 30 38 46 1188 1523 1530 1538 1546 1923 1930 1938 1946 2330 2338 2346 3696 4823 
m360 12 14 46 712 2314 2346 3146 3246 4812 
m2059 46 2346 
m3599 22 36 40 46 49 1136 1140 1146 1822 1840 1846 2022 2036 2040 2046 2049 2322 2336 2340 2346 2349 2472 2486 2490 2496 4836 
m1086 14 22 45 46 722 745 746 1146 2272 2296 2346 3246 
m439 22 23 30 36 40 41 46 49 1122 1123 1130 1136 1140 1141 1146 1172 1173 1186 1190 1191 1199 1522 1523 1530 1536 1540 1541 1546 1549 1822 1823 1830 1836 1840 1841 1846 1849 2022 2023 2030 2036 2040 2041 2046 2049 2072 2073 2086 2090 2096 2099 2330 2336 2340 2341 2349 2472 2473 2486 2490 2496 3696 4823 
m901 23 36 3686 
m1477 21 22 30 36 40 41 46 1072 1096 1121 1122 1130 1136 1140 1141 1146 1521 1522 1536 1546 1821 1822 1846 2021 2022 2030 2036 2040 2046 2072 2090 2096 2321 2322 2340 4346 4846 
m3321 46 
m289 36 46 2336 2346 4836 
m962 12 14 46 712 2314 2346 3146 3246 4812 
m42 
m1587 22 23 36 40 41 46 1122 1123 1136 1140 1141 1146 1191 1822 1823 1836 1841 1846 2022 2023 2036 2040 2041 2046 2323 2336 2341 2346 3686 4341 4346 4823 
m113 22 23 30 36 40 41 46 1122 1123 1130 1136 1140 1141 1146 1191 1523 1536 1541 1546 1841 1846 2023 2030 2036 2040 2041 2046 2072 2073 2091 2341 3696 4323 
m57 22 23 30 46 1122 1123 1130 1146 1523 1530 1546 2330 2346 3696 4823 
m614 22 23 30 36 40 41 46 49 1122 1123 1130 1136 1140 1141 1146 1172 1173 1186 1190 1191 1199 1522 1523 1530 1536 1540 1541 1546 1549 1822 1823 1830 1836 1840 1841 1846 1849 2022 2023 2030 2036 2040 2041 2046 2049 2072 2073 2086 2090 2096 2099 2330 2336 2340 2341 2349 2472 2473 2486 2490 2496 3696 4336 4823 
m1057 23 30 36 40 1180 1523 1530 1536 1540 1830 2023 2030 2036 2040 4323 
m1598 22 23 36 49 1123 1136 1173 1186 1199 1823 1849 2473 2486 3673 4323 4336 
m1453 
m297 3 30 36 40 46 180 186 190 196 1830 2030 2036 2046 2330 4836 
m1282 36 40 1836 1840 2036 2040 
m2953 30 40 46 49 2030 2046 2049 2330 2349 2480 2496 4846 
m3576 14 44 46 49 744 746 2344 2464 2494 2496 
m3365 14 22 32 732 1114 1132 
m3493 36 40 41 46 49 1841 1846 2036 2041 2046 2336 2340 2341 2346 2349 2486 2490 2491 2496 4346 
m1227 37 39 40 46 49 1890 1899 1987 1990 1999 2340 2490 2496 4396 4496 
m2194 38 46 1938 1946 
m1249 14 22 36 41 46 714 722 736 741 1822 1836 1841 2072 2314 2322 2336 2341 3236 4314 4586 4814 
m2023 11 13 22 33 36 40 563 572 583 586 590 672 686 690 1113 1122 1133 1136 1140 1672 1686 1690 1822 2022 2036 3183 
m173 22 32 46 1122 1132 1146 1632 2322 2332 2346 
m1623 14 22 36 40 46 49 722 1814 1822 1846 1849 2014 2036 2046 2322 2336 2349 2464 2472 4336 4814 
m3161 12 41 46 641 2062 2091 2096 2312 2341 2346 
m984 6 36 40 43 336 340 1806 1836 1840 1843 2006 2036 2043 2186 2190 2843 
m1869 23 36 1186 1836 3686 
m1974 45 
m3244 23 36 3686 
m1446 22 23 41 1123 1141 1173 2073 3673 
m3389 22 30 36 40 41 46 49 1122 1130 1136 1140 1141 1146 1149 1522 1536 1546 1822 1846 2022 2030 2036 2040 2046 2049 2072 2090 2322 2472 2480 2486 2496 4346 4846 
m3232 17 40 46 896 2017 2046 2346 3396 
m1283 36 40 41 1836 1840 1841 2036 2040 2041 
m1089 6 23 36 46 1156 1186 2306 2323 2336 4306 
m1289 14 22 40 46 714 746 1114 1146 2014 2022 2046 2314 2346 3246 4814 
m2701 14 22 26 37 39 722 737 1314 1322 1337 1339 1872 1964 1972 1987 
m1840 37 46 2337 2346 4837 
m3237 23 36 3686 
m3412 46 
m2009 14 23 30 38 40 730 1180 1514 1523 1530 1540 1914 1923 1930 1940 2014 2023 2030 3223 
m718 37 46 49 1899 2346 2349 2487 2496 4396 4837 
m1861 9 23 30 46 1159 1509 1523 1546 2309 2323 2346 4823 
m816 23 26 30 38 40 46 1180 1323 1330 1338 1346 1923 1930 1938 1946 2023 2026 2030 2038 2046 2330 4823 
m815 22 27 46 1146 1372 1377 1396 
m2346 14 34 36 40 46 1714 1734 1736 1740 1746 1814 1836 1840 1846 2014 2036 2040 2046 2314 2346 4346 4814 4846 
m3363 12 26 40 46 626 2012 2026 2046 2312 2326 2340 2346 4812 
m3581 26 38 46 1926 1938 1946 2326 
m2610 12 14 46 712 2314 2346 3146 3246 4812 
m168 32 36 38 40 46 1636 1638 1640 1646 1836 1838 1840 1846 2036 2046 2332 2336 2338 2340 2346 4136 4336 4346 
m660 22 36 38 40 1138 1822 1838 1922 1936 1938 1940 2022 2036 2038 
m2937 13 22 36 38 40 45 1113 1136 1138 1140 1145 1813 1840 1913 1936 1940 2013 2263 2286 2288 2290 
m2475 22 1122 
m2121 22 36 40 46 49 1822 1836 1840 1846 1849 2022 2036 2040 2046 2049 2322 2336 2340 2346 2349 2486 2490 2496 4346 
m215 28 46 1428 2328 2346 
m2324 32 40 46 1632 1640 1646 2032 2040 2046 2332 2340 2346 
m3438 38 46 1946 2346 
m1013 22 36 46 1136 1146 1846 2322 2336 4846 
m1933 13 38 688 1913 1938 
m3002 14 
m2199 23 30 45 46 1180 1195 1196 2280 2296 2330 2345 2346 3696 4823 
m11 13 33 4163 
m1567 37 41 46 49 1891 2337 2341 2346 2349 2487 2491 2496 4396 
m1041 13 16 22 36 40 672 686 690 822 836 840 1113 1116 1122 1136 1140 1822 2022 2036 3166 
m1561 12 23 30 46 1162 1196 1512 1523 1530 1546 2312 2330 2346 3696 4812 4823 
m2246 23 30 40 46 49 1190 1199 1523 1530 1540 1546 1549 2330 2340 2346 2349 2490 2496 3696 4823 
m900 22 24 1124 
m302 44 46 2244 2246 2344 2346 4846 
m1609 5 14 22 33 36 40 264 272 283 286 290 722 736 740 1122 1136 1140 1672 1686 1690 1822 2022 2036 3233 
m630 33 34 38 40 46 1690 1696 1733 1734 1738 1746 1933 1938 1940 1946 2333 2338 2340 2346 
m2490 46 2346 
m3164 22 23 30 36 38 40 46 1123 1130 1136 1140 1172 1173 1180 1186 1188 1190 1196 1523 1538 1546 1822 1830 1922 1923 1936 1940 1946 2022 2023 2030 2036 2040 2322 2323 2330 2336 2340 3673 4323 
m2177 46 2346 
m3548 30 37 46 1530 1537 1546 1880 2330 2337 2346 
m717 22 36 37 46 49 1822 1837 1846 1849 1872 2322 2346 2487 2496 4396 4837 
m2821 5 23 30 40 46 1155 1180 1505 1523 1530 1546 2005 2023 2030 2040 2046 2305 2323 2330 2340 4846 
m407 38 46 1938 1946 2338 2346 
m431 6 14 32 36 49 706 714 732 736 749 1606 1636 1806 2456 2482 2486 
m2053 22 23 24 40 46 1123 1124 1140 1146 1190 1240 1246 2023 2024 2040 2046 2340 3696 3723 
m3279 5 23 30 38 40 273 280 290 1190 1523 1530 1540 1905 1923 1930 1940 2023 2030 2040 
m342 22 23 27 41 45 1122 1123 1127 1141 1145 1195 1372 1391 2073 2095 
m2025 23 41 1191 2073 3673 
m1092 23 32 36 46 49 1199 1623 1636 1649 1823 1836 1846 1849 2323 2332 2336 2346 2349 3686 4332 
m932 36 46 49 1849 2336 2349 2486 2499 
m646 22 26 38 46 1146 1322 1346 1922 1926 1946 2346 
m163 37 38 1888 1937 1938 
m3588 38 45 46 1938 1945 1946 2345 
m1170 22 23 30 36 40 1123 1130 1173 1186 1190 1523 1530 1536 1823 2023 2036 3673 3686 
m354 22 37 46 1872 1896 2322 2346 4837 
m1607 32 37 38 44 46 1637 1644 1646 1894 1932 1937 1944 1946 2337 2344 
m2747 36 38 1936 
m1904 28 36 38 1928 1936 1938 4328 
m1400 44 46 2344 2346 
m257 14 32 46 732 2332 4814 
m813 13 38 46 688 1913 1938 1946 2313 2338 2346 3196 
m2422 22 37 39 46 1122 1137 1139 1146 2337 2339 2346 4487 4837 4839 
m1068 28 
m1988 8 408 
m601 22 23 30 36 38 41 1122 1123 1130 1136 1138 1172 1173 1522 1523 1822 1823 1830 1838 1922 1923 1930 2072 2073 2080 2088 3673 4586 
m188 22 23 38 1123 1138 1923 
m2238 12 41 46 2062 2091 2096 2312 
m3400 26 40 46 2026 2040 2046 2326 
m1978 22 38 46 49 1122 1146 1149 1922 1938 1946 1949 2322 2346 2349 4846 
m2483 36 40 41 46 1840 2036 2040 2041 2046 2086 2096 2336 2340 2346 4346 4846 
m6 22 41 46 1141 1146 2091 2341 
m2173 32 36 46 49 1636 1649 1832 1836 1846 1849 2332 2336 2346 2349 2482 2486 2496 2499 4332 4336 
m1921 14 22 23 30 40 46 722 723 730 746 1114 1122 1123 1130 1146 1172 1173 1180 1196 1514 1522 1523 1530 1546 2014 2022 2023 2030 2046 2323 2330 2346 3246 3696 4823 
m1635 32 46 2332 2346 
m1350 
m1606 22 23 30 41 1123 1141 1172 1173 1191 1522 1523 1541 2072 2073 2080 2091 3673 
m1878 38 41 1938 1941 2088 2091 
m2528 11 46 2311 
m1739 23 30 40 1180 1523 1530 2023 2030 
m1117 13 22 32 36 37 40 672 686 690 1113 1122 1136 1137 1140 1613 1622 1636 1637 1822 1872 1886 1890 2022 2036 3187 
m3357 14 36 40 46 2014 2036 2040 2046 2336 4314 4814 
m509 32 36 46 1832 2332 2336 2346 4836 
m1413 22 37 40 45 46 1146 1872 1887 1890 1895 1896 2022 2037 2046 2287 2290 2295 2296 2322 2337 2340 2346 4396 
m1652 23 30 36 39 40 41 1173 1180 1186 1190 1191 1523 1823 1830 1836 1973 1986 1990 1991 2023 2030 2036 2041 2073 2080 2086 2091 3673 3686 4323 4586 
m3079 38 49 1938 1949 
m1103 22 23 30 1122 1123 1130 1173 1522 1523 3673 
m2075 
m490 23 46 2323 2346 4823 
m3226 8 10 38 508 1908 1910 
m1843 46 2346 
m1889 22 36 40 46 49 1136 1140 1146 1836 1846 2022 2036 2040 2046 2049 2336 2346 2349 2486 2496 4336 4836 
m1959 27 32 1382 
m2043 26 41 46 1341 1346 2096 
m1971 26 39 40 46 1339 1340 1346 1990 2339 2340 4496 4846 
m819 5 36 46 49 286 296 299 1849 2346 2349 2486 2499 4836 
m1165 23 30 46 1180 1523 1530 1546 2330 4823 
m1815 22 23 46 49 1122 1146 1149 1172 1199 2322 2346 2349 3696 4823 
m239 14 22 31 36 46 731 736 1114 1136 1146 1846 2314 2331 2346 3246 4331 4836 
m2912 14 30 40 46 1514 1546 2014 2030 2040 2046 2314 2346 4814 
m1142 22 23 36 40 46 49 1122 1123 1136 1146 1149 1172 1822 1849 2022 2023 2036 2046 2049 2322 2323 2336 2349 2472 2473 2486 4323 4336 4836 
m1997 22 23 36 40 1123 1136 1140 1173 1186 1190 1823 1840 2023 2036 3673 4323 4336 
m2828 14 46 714 746 2314 2346 4814 
m3390 23 1173 3673 
m3535 22 23 36 40 41 1122 1123 1136 1140 1141 1172 1173 1822 1823 1836 1840 2022 2023 2036 2040 2041 2073 2086 2090 3673 4586 
m176 15 23 30 40 46 773 1515 1523 1530 1546 2015 2023 2030 2046 2315 4823 
m2565 12 13 22 27 36 40 627 677 1112 1113 1122 1127 1136 1140 1812 1813 1827 1840 2012 2013 2027 3162 
m455 22 36 40 41 1136 1140 1141 1836 1840 1841 2036 2041 2072 2086 2090 2091 4586 
m674 22 23 30 36 40 41 46 1122 1123 1130 1136 1140 1141 1146 1172 1173 1180 1186 1190 1191 1523 1536 1540 1541 1841 2023 2036 2041 2072 2073 2080 2086 2090 2091 2096 2322 2323 2330 2341 3673 4323 
m87 11 23 30 41 1161 1173 1180 1511 1523 1530 2061 2073 2080 3673 
m3564 22 23 36 38 41 1122 1123 1136 1141 1172 1822 1823 1922 1923 1936 1941 2072 2073 2086 2088 2091 3673 4323 4586 
m3460 36 46 2336 2346 4836 4846 
m1419 26 32 36 46 1326 1332 1336 1346 1832 2332 2336 2346 4836 
m2003 22 23 45 1123 1145 1172 1173 2272 2273 3673 
m262 8 32 37 38 46 49 408 432 438 446 449 1637 1646 1932 1946 2332 2337 2346 2482 2487 2488 2496 
m709 14 22 38 46 49 722 749 1938 1946 2314 2322 2346 2349 2472 
m41 22 23 36 37 40 1123 1136 1140 1172 1173 1186 1190 1823 1840 1872 1873 1886 1890 2023 2036 2040 3673 3686 4323 4336 
m317 14 46 49 749 2346 2349 2464 2496 3246 4814 
m2880 22 30 36 40 41 49 1136 1140 1536 1541 1549 1830 1836 1840 1841 1849 2030 2036 2040 2041 2049 2072 2086 2090 2091 2099 2472 2486 
m1966 22 26 44 46 1144 1146 1322 1344 1346 2244 2246 2344 2346 4846 
m3597 21 36 40 46 1090 1096 1840 1846 2321 2336 2340 2346 4321 
m2844 26 33 1676 
m2830 26 38 46 1926 1938 1946 2326 
m942 12 36 38 41 46 641 1841 1912 1936 1938 1941 1946 2062 2086 2091 2096 2312 2336 2341 4312 
m3238 13 38 1913 1938 
m417 22 23 30 46 1122 1123 1130 1146 1180 1523 1530 1546 2323 2330 3673 4823 
m1841 22 23 38 46 1123 1138 1146 1172 1173 1922 1923 1938 1946 2322 2323 3673 4823 
m1233 14 40 46 2014 2040 2046 2314 2346 4814 
m3053 32 36 38 46 49 1632 1636 1649 1849 1932 1936 1938 1946 1949 2332 2336 2338 2346 2349 
m2511 23 36 37 40 41 1173 1186 1187 1190 1823 1873 1886 1890 2023 2036 2073 2086 2087 3673 4323 
m623 22 30 36 40 41 49 1122 1136 1140 1141 1149 1536 1540 1822 1840 1841 2022 2036 2040 2041 2080 2086 2090 2472 2486 2490 
m3353 44 46 49 2246 2249 2344 2346 2349 
m1437 22 23 30 36 40 46 1122 1123 1130 1136 1140 1146 1173 1180 1186 1190 1522 1523 1530 1536 1540 1822 1823 1830 1836 1840 1846 2022 2023 2030 2036 2040 2046 2322 2323 2330 2336 3673 4823 
m1178 22 23 30 36 40 41 1122 1123 1130 1136 1140 1172 1180 1186 1522 1523 1536 1822 2023 2030 2036 2072 2073 2080 2086 2090 3673 4323 
m916 36 40 41 1836 1840 2036 2086 2090 2091 4586 
m1591 22 23 36 40 41 46 1123 1136 1141 1146 1191 1822 1823 1836 1841 1846 2022 2023 2036 2040 2041 2046 2323 2336 2341 2346 3686 4341 4346 4823 
m2808 16 23 38 40 46 49 1923 1940 1946 2016 2023 2046 2316 2323 2346 2349 2466 2473 3666 4823 
m386 36 46 2336 2346 4836 4846 
m1318 22 23 36 40 1122 1123 1136 1140 1172 1173 1186 1190 1822 1823 1836 1840 2022 2023 2036 2040 3673 4323 
m2273 30 36 40 41 1536 1540 1541 1836 1840 1841 2036 2041 2091 4586 
m2544 5 22 32 36 46 49 286 299 1605 1622 1636 1646 1649 1805 1822 1846 1849 2305 2322 2332 2336 2346 2349 2472 2486 2499 4136 4336 4836 
m2113 23 30 44 46 1194 1523 1544 2330 2344 2346 4823 
m573 34 45 2284 
m1777 12 14 46 712 2312 2314 2346 3146 3246 4812 
m1203 22 23 30 36 40 1122 1123 1130 1136 1140 1172 1173 1180 1186 1190 1522 1523 1536 1540 1822 2022 2023 2036 3673 3686 4323 4336 
m2715 22 36 40 41 1136 1140 1141 1836 1840 1841 2036 2040 2072 2086 2090 2091 4586 
m1844 23 36 41 49 1191 1823 1836 1841 1849 2473 2486 2491 3686 4323 4336 4341 
m451 14 20 40 46 49 720 2014 2020 2046 2049 2314 2320 2346 2349 2464 2470 2496 4814 
m3614 22 44 46 1122 1146 2344 2346 4846 
m2448 13 30 680 1530 
m2045 12 45 46 645 2345 4812 
m2666 22 23 36 40 41 1123 1136 1140 1141 1173 1186 1190 1823 1836 2023 2036 2040 2072 2073 2086 2090 2091 3686 4323 
m2026 23 41 1191 2073 3673 
m3402 23 30 36 41 1173 1180 1186 1191 1523 1530 1536 1541 1823 1830 1836 1841 2073 2080 2086 2091 3673 4323 4586 
m187 22 36 41 1122 1136 1141 1841 2091 4586 
m3145 22 23 46 1123 1146 1196 2322 2323 4846 
m3029 5 32 36 38 45 46 49 282 286 288 295 296 1632 1638 1645 1646 1838 1845 1846 1932 1936 1945 1946 2295 2332 2338 2345 2346 2455 2482 2486 2488 2496 4136 4332 4836 
m1063 22 37 40 46 1122 1137 1140 1146 1872 2022 2037 2046 2322 2337 2340 2346 4396 
m1657 5 36 40 46 49 286 296 299 2005 2036 2046 2346 2349 2486 4836 
m744 22 30 32 36 40 41 46 49 1122 1130 1132 1136 1140 1141 1146 1522 1532 1536 1546 1622 1646 1822 1830 1832 1836 1840 1846 1849 2022 2030 2032 2036 2040 2046 2049 2072 2090 2096 2322 2472 2480 2482 2486 2490 2496 4346 4846 
m807 14 23 30 36 40 46 730 1180 1814 1823 1830 1846 2014 2023 2030 2036 2040 2046 2314 2330 2346 3223 4346 4814 4823 
m1232 14 40 46 2014 2040 2046 2314 2346 4814 
m3391 22 30 36 40 41 46 49 1122 1130 1136 1140 1141 1146 1149 1522 1536 1546 1822 1830 1836 1840 1846 1849 2022 2030 2036 2040 2046 2049 2072 2090 2322 2472 2480 2486 2490 2496 4346 4846 
m1829 22 44 46 1146 2344 2346 4846 
m3420 22 36 40 46 1146 1822 1846 2022 2036 2040 2046 2346 4346 
m749 23 41 46 2073 2323 2341 3673 
m1524 14 22 38 46 1114 1146 1914 1922 1938 1946 2314 2322 2346 4814 
m3413 22 37 46 1122 1137 1146 1872 2322 2337 2346 4837 
m3274 22 30 36 46 1136 1146 1522 1536 1546 1846 2346 
m2111 14 23 30 36 40 46 730 1180 1814 1823 1830 1846 2014 2023 2030 2036 2040 2046 2314 2330 2346 3223 4346 4814 4823 
m2175 37 39 46 1889 4396 4839 
m3177 12 22 23 27 30 41 46 641 1112 1123 1127 1130 1141 1146 1173 1191 1362 1372 1373 1380 1391 1512 1522 1523 1527 1530 1541 2062 2072 2073 2077 2080 2091 2312 2322 2323 2327 2330 2341 3123 3662 4823 
m3281 22 40 46 1122 1140 2322 2340 
m1374 37 46 49 1899 2346 2349 2496 4396 4837 
m2874 5 38 46 288 296 1946 
m793 22 23 36 40 41 1122 1123 1136 1140 1141 1173 1186 1190 1823 1836 1840 1841 2022 2023 2036 2040 2041 2072 2073 2086 2090 2091 3686 4323 
m3154 12 22 23 30 36 40 46 612 622 623 630 636 640 646 1112 1123 1136 1140 1146 1162 1173 1512 1523 1536 1546 1812 1822 1823 1830 1836 1846 2012 2022 2023 2030 2036 2046 2312 2322 2323 2330 2336 2346 3123 3686 4346 4812 
m2684 22 23 36 40 46 49 1123 1136 1140 1146 1149 1199 1822 1823 1836 1840 1849 2022 2023 2036 2040 2046 2049 2323 2336 2340 2349 3686 4336 4346 4836 
m1123 32 46 1646 2332 2346 
m415 22 23 36 41 1123 1822 1823 2072 2073 3673 4323 4586 
m642 22 36 37 40 46 1122 1136 1140 1146 1822 1836 1837 1840 1846 1872 1896 2022 2036 2037 2040 2046 2322 2337 2346 4387 4396 4837 4846 
m3563 22 23 36 38 41 1122 1123 1136 1141 1172 1822 1823 1922 1923 1936 1941 2072 2073 2086 2088 2091 3673 4323 4586 
m2134 36 4336 
m1457 14 36 40 46 740 746 1814 1840 1846 2014 2036 2040 2046 2314 2340 2346 3214 3246 4346 4814 
m2222 14 46 746 2346 3246 4846 
m1205 46 
m3585 22 36 37 40 49 1136 1137 1822 1836 1837 1840 1849 1886 2022 2036 2037 2040 2472 2486 2487 2490 2499 
m67 12 26 46 1312 1346 2346 4812 
m3016 23 37 46 49 2323 2473 2487 2496 3687 4837 
m1466 13 38 45 46 688 2263 2295 2296 2313 2338 2346 3196 
m2719 22 32 46 1122 1132 1146 2332 2346 
m5 32 36 38 41 46 1638 1646 1838 1846 2082 2096 2332 2336 2338 2341 2346 4332 4586 
m2763 22 40 44 46 1146 2022 2044 2046 2344 2346 4846 
m1065 5 11 32 36 37 46 286 287 296 555 586 587 596 1605 1611 1636 1637 1646 1855 1861 1886 1887 1896 2305 2311 2332 2336 2337 2346 4337 4837 
m1324 36 49 1836 1849 2499 
m2579 14 36 40 46 1846 2014 2036 2040 2046 4314 4814 
m332 22 36 40 44 46 1136 1144 1146 1822 1836 1846 2022 2036 2044 2046 2236 2246 2322 2336 2344 2346 4346 4736 4836 4846 
m171 23 30 46 1180 1523 1530 1546 2330 4823 
m857 21 32 33 46 1082 1083 1096 1633 2321 2332 2333 2346 4833 
m1941 22 23 1123 
m139 12 23 36 40 41 46 49 1162 1190 1196 1199 1812 1840 1846 1849 2012 2023 2036 2040 2041 2046 2062 2073 2086 2096 2099 2312 2323 2336 2341 2346 2462 2486 2490 2496 3146 3686 4312 4336 
m2372 23 30 41 46 1191 1523 1530 1541 1546 2073 2080 2091 2096 2330 2341 2346 3696 4823 
m3046 14 36 48 714 736 748 1836 1848 2448 
m453 5 13 27 38 46 263 296 1355 1363 1396 1905 1913 1927 1946 2313 2346 4813 
m3504 6 17 23 32 36 856 873 882 886 1156 1182 1606 1636 1806 3686 
m2284 22 23 36 40 46 49 1172 1822 1823 1836 1840 1849 2022 2023 2036 2040 2046 2322 2323 2336 2340 2349 2473 2486 2490 4323 4336 4346 4836 
m134 5 45 46 2255 2296 2305 2346 
m2016 
m2250 5 32 1605 
m1533 26 32 36 38 46 1332 1336 1346 1832 1926 1936 1946 2332 2336 2346 4836 
m2444 38 46 1938 1946 2346 
m3595 22 37 46 49 1137 1146 1899 2346 2349 2496 4396 4837 
m2599 32 34 38 46 1632 1646 1732 1734 1746 1932 1934 1946 2332 
m3243 3 36 48 49 186 198 1803 1848 1849 2453 2486 2498 2499 4336 
m3635 37 46 2346 4837 
m3519 22 23 36 40 41 1122 1123 1136 1140 1141 1172 1173 1822 1823 1836 1840 1841 2022 2023 2036 2040 2041 2072 2073 2086 2090 3673 4586 
m1957 13 22 37 672 1872 4363 
m2340 5 13 22 26 33 36 40 263 272 283 286 290 672 686 690 1113 1122 1133 1136 1140 1305 1313 1322 1333 1336 1340 1655 1663 1672 1683 1686 1690 1822 2022 2036 3183 
m2450 13 22 33 36 40 1113 1122 1133 1136 1140 1686 1690 1813 1840 2013 4163 
m2903 13 22 25 46 1113 1125 1146 1263 1296 2313 
m1617 32 36 38 39 46 1832 1839 1936 1939 1946 1982 2332 2336 2339 
m1030 5 36 46 49 286 296 299 1849 2336 2346 2349 2486 2499 4836 4846 
m405 23 49 1173 2473 3673 
m3534 22 23 36 37 40 1122 1123 1136 1137 1140 1172 1173 1823 1837 1840 1872 1873 2023 2036 2037 2040 3673 
m3610 14 22 32 36 40 45 46 714 722 732 736 740 746 1114 1145 1146 1614 1622 1632 1640 1646 1814 1822 1840 2014 2022 2040 2045 2046 2264 2286 2314 2322 2332 2336 2345 2346 3246 4332 4346 
m1334 13 22 30 680 1113 1122 1130 
m2766 30 36 38 1530 1538 1838 1930 1936 1938 4036 4330 
m3293 22 36 40 46 48 1136 1140 1146 1822 1836 1840 1846 2022 2036 2040 2046 2048 2322 2336 2340 2346 2348 2422 2436 2440 2446 4346 4836 
m2755 36 40 41 1836 1840 1841 2036 2041 2086 2090 2091 4586 
m1892 30 38 39 40 46 49 1930 1938 1939 1946 1980 2030 2038 2039 2046 2330 2339 2346 2488 2490 2496 4839 
m547 22 40 41 46 1122 1140 1141 1146 2041 2046 2341 2346 
m1737 22 23 36 40 46 49 1172 1822 1836 1840 1846 2022 2023 2036 2040 2046 2049 2322 2323 2336 2340 2346 2349 2473 2486 2490 2496 3696 4323 4346 4823 4836 
m1279 22 23 30 39 41 1123 1130 1139 1141 1523 1973 1980 1991 2073 2080 3673 4473 
m2027 23 41 1191 2073 3673 
m442 22 46 1146 2322 2346 
m774 14 37 38 46 737 738 746 1888 1896 2338 
m3064 5 23 30 36 46 255 273 280 286 296 1180 1505 1523 1530 1536 1546 1830 1846 2330 4323 4823 
m2548 32 46 2332 
m85 
m1637 13 38 46 1913 1946 4813 
m2707 22 23 36 37 40 41 1122 1123 1136 1137 1140 1141 1823 1836 1873 1886 1890 2023 2036 2073 2086 2087 2090 3673 4323 4373 4586 
m2597 22 23 30 36 40 41 1122 1123 1130 1136 1140 1173 1522 1523 1536 1822 1823 1830 1836 2022 2023 2030 2036 2072 2073 2080 2086 2090 3673 4323 4586 
m2114 22 23 30 41 1122 1123 1130 1141 1173 1191 1522 1523 1541 2073 3673 
m2810 23 30 36 41 1186 1191 1523 1536 1541 3673 3686 4586 
m3551 26 36 46 49 1336 1346 2476 2486 2496 4836 4846 
m2255 13 22 36 38 40 1113 1122 1136 1138 1140 1813 1840 1913 1936 1940 2013 
m3114 22 23 36 40 41 1122 1123 1136 1140 1141 1173 1822 1823 1836 2022 2023 2036 2072 2073 2086 2090 2091 3673 4323 4586 
m681 14 23 36 38 46 49 1164 1814 1823 1838 1846 1849 1914 1923 1946 1949 2323 2464 2473 2496 4814 
m3214 33 37 46 49 1883 1896 2333 2346 2483 2487 2496 4833 4837 
m2705 32 36 38 46 49 1632 1636 1649 1849 1932 1936 1938 1946 1949 2332 2336 2346 2349 
m1704 26 36 37 40 46 1346 1837 2036 2037 2040 2336 2337 
m3474 37 40 46 1890 2037 2040 2046 2337 2340 2346 4396 
m2628 14 36 40 41 46 714 736 2014 2036 2046 2064 2086 2090 2096 3246 4314 4346 4814 
m3437 46 49 2346 2349 
m3335 22 36 40 41 1136 1140 1141 1836 1840 2036 2086 2090 4586 
m2243 22 23 30 36 40 46 49 1122 1123 1130 1136 1140 1146 1149 1172 1173 1186 1190 1199 1522 1523 1530 1536 1540 1546 1549 1822 1823 1830 1836 1840 1846 1849 2022 2023 2030 2036 2040 2046 2049 2322 2330 2336 2340 2346 2472 2473 2480 2486 2490 2496 3696 4823 
m2997 36 40 46 49 1840 1846 1849 2036 2040 2046 2049 2340 2346 2486 2490 2496 4336 4346 4846 
m150 22 23 27 30 36 40 46 49 1122 1123 1130 1136 1140 1146 1149 1172 1173 1180 1186 1190 1199 1372 1373 1380 1386 1396 1399 1522 1523 1530 1536 1540 1546 1549 1822 1823 1830 1836 1840 1846 1849 2022 2023 2027 2030 2036 2040 2046 2322 2327 2330 2336 2340 2346 2349 2472 2473 2480 2486 2496 3696 4823 
m2811 36 40 46 1846 2036 2040 2046 
m3169 13 38 1913 1938 
m1849 22 23 38 46 1122 1123 1138 1146 1172 1922 1923 1938 1946 2322 3696 
m926 13 22 33 36 38 40 1113 1122 1133 1136 1138 1140 1813 1833 1838 1840 1913 1933 2013 2033 2038 4163 
m1428 22 37 46 49 1872 2322 2346 2487 2496 4396 4837 
m3579 36 46 2336 
m2523 36 40 46 49 1836 1840 1846 1849 2036 2040 2046 2049 2336 2340 2346 2349 2486 2490 2496 4346 
m2131 5 23 32 36 46 273 282 286 1623 2305 2323 2332 2336 2346 4323 4332 4823 4836 
m1906 30 36 38 46 1830 1930 1936 1946 2330 2336 2346 4836 
m2126 45 46 2296 2345 2346 
m43 22 26 33 36 49 1322 1333 1349 1672 1822 1826 1833 1849 2472 2483 
m3538 14 44 46 49 744 746 2344 2464 2494 2496 
m3315 12 13 36 46 613 646 2313 2336 2346 3136 4313 4812 4813 
m1540 22 23 30 36 40 41 1122 1123 1130 1136 1140 1141 1173 1522 1523 1536 1822 1823 1830 1836 2022 2023 2030 2036 2072 2073 2080 2086 2090 2091 3673 4323 4586 
m2130 
m81 22 23 30 46 1123 1130 1146 1180 1523 1530 1546 2330 4823 
m1991 12 22 36 38 40 46 612 636 1112 1122 1136 1138 1140 1146 1812 1836 1840 1846 1912 1922 1936 1938 1940 1946 2012 2022 2036 2038 2046 2312 2336 2346 3146 4812 4836 
m476 34 1734 
m3239 22 23 24 40 45 46 1122 1145 1172 1190 1195 1222 1240 1245 1246 2022 2023 2024 2040 2045 2046 2272 2295 2322 2340 2345 3696 3723 
m1356 40 45 46 2045 2046 2290 2295 2296 2340 2345 2346 
m109 22 23 30 36 41 46 1122 1123 1130 1136 1141 1146 1172 1522 1523 1530 1536 1546 1822 1823 1830 2072 2073 2080 2096 2322 2330 2336 2346 3696 4346 4586 4823 
m2556 22 23 36 41 1122 1123 1136 1141 1191 1841 2073 2091 4323 4586 
m151 14 36 46 714 736 1836 2314 2336 2346 3236 4814 4836 
m1492 22 23 30 41 46 1123 1130 1146 1172 1522 1523 1530 1546 2072 2073 2080 2096 2322 3696 
m824 22 30 36 40 45 1122 1136 1140 1522 1536 1540 1836 1840 2022 2036 2040 2272 2280 2286 
m1886 22 30 36 49 1122 1130 1136 1149 1522 1536 1549 1822 1830 1849 2472 4336 
m2195 22 23 36 40 1123 1136 1173 1186 1190 1836 1840 2036 3673 3686 
m983 37 40 46 1890 1896 2040 2046 2340 2346 4837 
m3231 23 46 2346 4823 
m911 14 37 46 2314 2337 2346 4364 4814 
m2973 13 23 36 46 49 1813 1823 1846 1849 2313 2346 2463 2473 2486 2496 2499 3663 4813 4823 
m1576 23 30 46 1523 1530 1546 2346 3696 4823 
m1332 29 36 41 1829 1836 2079 2086 4336 
m3290 23 36 41 1823 2073 3673 4323 4586 
m1628 10 36 46 49 546 1836 1846 1849 2310 2336 2346 2349 2486 2496 2499 
m2948 23 40 46 1190 2023 2040 2046 2340 2346 3696 4823 
m3266 3 23 30 36 49 180 186 199 1153 1180 1199 1549 1830 1849 3686 
m1695 13 36 38 40 41 686 690 691 1841 1913 1936 1941 2036 2041 2063 2086 2088 2090 2091 
m3556 22 23 30 41 1122 1123 1130 1173 1523 1530 2072 2073 2080 3673 
m2703 6 36 40 1806 2006 2036 
m2019 30 36 46 49 1530 1536 1546 1549 1849 2330 2336 2346 2349 
m3411 5 22 36 38 46 49 286 296 299 1105 1136 1138 1146 1849 1905 1936 1946 2346 2349 2486 2499 4836 
m3533 36 37 40 46 1840 1886 1890 1896 2036 2037 2040 2046 2336 2337 2340 2346 4346 4387 4396 4837 
m2504 14 26 33 726 1314 1326 1333 1664 1676 1683 3233 
m1766 22 36 37 40 46 1122 1136 1137 1140 1146 1822 1836 1837 1840 1846 1872 1896 2022 2036 2037 2040 2046 2322 2337 2346 4387 4396 4837 4846 
m2067 36 40 46 49 1849 2036 2040 2046 2049 2336 2346 2349 4336 4836 
m1143 22 23 30 46 1122 1123 1130 1146 1180 1523 1530 1546 2330 2346 4823 
m2512 22 23 37 41 1123 1172 1173 1187 1191 1872 1873 2072 2073 2087 2091 3673 
m1859 23 30 32 46 1182 1523 1532 1546 2323 2332 2346 4823 
m2010 14 23 30 40 730 1180 1514 1523 1530 1540 2014 2023 2030 3223 
m2132 33 41 48 1691 2433 2441 
m967 14 22 40 46 746 1114 1146 2014 2046 2346 
m161 30 36 40 46 1830 2030 2036 2046 2330 2336 2340 2346 4836 
m2212 36 37 41 46 49 1837 1841 2087 2341 2486 2487 2491 2496 4336 4346 4837 
m735 22 23 30 46 1122 1123 1130 1146 1180 1523 1530 1546 2330 2346 4823 
m1514 23 36 40 46 49 1186 1196 1836 1846 2023 2036 2046 2323 2473 2486 2490 2496 3673 4323 4836 
m888 5 13 22 38 263 272 288 663 1105 1113 1122 1138 1905 1913 1922 1938 
m2857 32 46 1646 
m83 
m1659 22 36 41 1136 1141 1841 2072 2086 2091 4586 
m1945 22 23 30 36 40 46 1122 1123 1130 1136 1140 1146 1180 1523 1530 1536 1546 1830 1846 2022 2023 2030 2036 2040 2046 2330 4323 4823 
m1043 14 40 45 46 2014 2040 2046 2264 2290 2296 2314 2346 3214 4814 
m797 13 22 32 36 38 40 672 686 690 1113 1122 1136 1140 1613 1622 1636 1640 1822 1913 1922 1932 1936 2022 2036 
m1305 22 30 36 1130 1822 1830 
m3541 22 23 30 1122 1123 1130 1172 1173 1180 1522 1523 1530 
m751 
m62 14 32 46 732 2332 4814 
m1939 14 22 36 40 41 46 714 722 736 741 1822 1836 1841 2014 2036 2046 2072 2314 2322 2336 2341 3236 4314 4586 4814 
m422 22 36 40 46 49 1136 1146 1149 1836 1840 1846 1849 2022 2036 2040 2046 2049 2336 2340 2346 2349 2472 2486 2490 2496 4346 
m1067 46 2346 
m232 22 23 36 40 1123 1136 1173 1186 1190 1836 1840 2036 3673 3686 
m3408 
m2935 22 23 36 41 1123 1822 1823 2072 2073 3673 4323 4586 
m2058 36 41 1841 
m2230 3 
m2690 22 36 40 41 1122 1136 1140 1141 1836 1840 1841 2036 2040 2086 2090 2091 4586 
m3320 38 46 1946 
m3129 23 36 46 49 1196 1199 1846 1849 2346 2496 3686 
m1269 31 36 37 40 46 1587 1590 1596 1831 1837 1840 1846 1890 1896 2340 
m934 36 
m3371 26 39 46 1326 1339 1346 1976 2326 4496 
m3623 14 22 23 30 40 41 46 714 746 1114 1141 1146 1164 1172 1190 1191 1196 1514 1522 1523 1530 1540 1541 1546 2014 2022 2023 2030 2040 2041 2046 2064 2096 2314 3664 
m218 38 41 44 46 1941 1944 1946 2094 2096 2344 
m2326 14 46 49 2314 2346 2464 2496 4814 
m1460 
m2103 32 38 46 1632 1646 1932 1938 1946 2332 2346 
m716 22 36 46 1136 1146 2346 4836 
m1209 22 30 36 40 1122 1136 1140 1522 1536 1540 1822 1836 1840 2022 2036 
m3401 13 26 46 1313 1346 2313 2326 2346 
m2489 22 36 40 46 1136 1140 1146 1846 2022 2036 2040 2046 4336 4346 
m1868 22 32 36 38 45 46 49 1122 1146 1632 1636 1645 1646 1649 1845 1846 1849 1932 1936 1946 2272 2295 2296 2322 2332 2336 2345 2346 2349 2495 2496 4846 
m3006 14 23 34 36 40 46 734 1184 1734 1814 1823 1834 1840 1846 2014 2023 2034 2036 2040 2046 2314 2323 2334 2346 3664 4346 4814 4823 
m1364 8 46 49 408 446 449 2349 
m1423 22 23 41 1122 1123 1173 2072 2073 3673 
m1133 22 37 46 49 1872 2322 2346 2487 2496 4396 4837 
m1398 22 37 40 46 1872 2022 2037 2040 2046 2322 2337 2340 2346 4396 
m994 23 30 40 41 1180 1190 1523 1530 1540 2023 2030 2040 
m3345 12 14 40 46 646 2012 2014 2046 2314 2346 3114 4812 
m898 22 24 1124 
m3203 23 30 46 1180 2323 2330 2346 
m1499 14 32 40 46 732 1632 1646 2014 2032 2046 2332 3246 
m2152 32 1632 
m2886 14 26 46 49 1314 1346 1349 2346 2464 2496 4814 
m3070 22 23 30 46 1122 1123 1130 1146 1172 1173 1180 1196 1522 1523 1530 1546 2323 2330 2346 3696 
m1119 22 30 36 41 1122 1130 1136 1530 1536 1541 1830 2080 4586 
m1685 14 22 44 46 1114 1144 1146 2214 2246 2314 2322 2344 2346 3246 4846 
m2467 22 23 30 46 49 1122 1123 1130 1146 1180 1523 1530 1546 2330 2346 2472 2473 2480 2496 4823 
m1947 22 23 30 38 40 41 1140 1523 1530 1538 1923 1930 2022 2023 2030 2040 2072 2090 
m3058 36 38 40 41 1838 1841 1941 2036 2038 2041 
m3483 5 22 23 24 40 46 273 274 290 1123 1146 1190 1222 1240 1246 2022 2023 2024 2046 2340 3696 3723 
m3612 22 44 45 46 1146 2272 2294 2296 2344 2346 4846 
m372 14 22 46 722 1114 1146 2322 3246 
m631 22 23 1123 1173 3673 
m1884 22 36 40 46 49 1122 1136 1146 1149 1822 1836 1840 1846 1849 2022 2036 2040 2046 2049 2349 2472 2486 2490 2496 
m121 22 23 36 46 1123 1136 1146 2323 4323 4836 
m2066 22 23 36 41 1123 1136 1141 1173 1186 1191 3673 3686 4341 
m2306 5 23 24 40 46 273 274 290 296 1190 1240 1246 2023 2024 2040 2046 2340 3696 3723 
m2562 5 23 30 46 273 280 296 1180 1505 1523 1530 1546 2305 2323 2330 2346 4823 
m3426 22 23 24 40 46 1122 1123 1146 1172 1222 1246 2022 2023 2024 2040 2046 2322 3696 3723 
m3037 22 23 36 40 41 46 49 1123 1136 1141 1149 1836 1849 2022 2036 2041 2046 2049 2073 2086 2091 2099 2322 2323 2336 2341 2349 2472 2473 2486 2491 4323 4336 4836 
m3549 22 23 30 37 40 46 1122 1123 1130 1137 1146 1172 1187 1522 1523 1530 1537 1546 1872 2022 2023 2030 2037 2040 2046 2322 2323 2330 2346 3696 4396 4837 
m1109 30 36 38 40 46 1830 1930 1936 1940 1946 2030 2036 2046 2330 2336 2340 2346 4836 
m204 30 36 37 40 46 1536 1537 1540 1546 1837 1840 1846 1890 2037 2046 2340 4396 
m2942 12 14 46 712 746 2312 2346 3246 4812 
m388 37 40 46 1890 2037 2040 2046 2337 2340 2346 4396 
m3040 13 30 36 46 1513 1536 1546 2313 2330 2336 2346 4313 4813 4836 
m2210 36 37 38 46 49 1837 1838 1888 1938 2338 2486 2487 2488 2496 4346 4837 
m3276 23 24 40 46 1190 1240 1246 2023 2024 2040 2046 2340 3696 3723 
m1210 36 46 49 1849 2346 2349 4836 
m100 22 23 36 1123 1136 1172 1173 1186 1822 1823 3673 
m3606 46 2346 
m1756 22 23 36 40 1122 1123 1136 1140 1172 1173 1186 1190 1822 1823 1836 1840 2022 2023 2036 2040 3673 3686 4323 
m551 22 23 36 41 1123 1136 1141 1172 1173 1822 1823 2072 2073 3673 4586 
m638 22 44 45 46 1146 2272 2294 2296 2344 2346 4846 
m3319 20 48 2420 
m2983 5 14 36 46 49 264 286 296 299 746 749 1849 2349 2486 2499 3236 4836 
m2226 22 36 40 41 45 1122 1136 1140 1141 1145 1822 1836 1840 1845 2022 2036 2040 2045 2072 
m2662 33 46 49 1696 1699 2349 
m2525 22 36 37 40 46 1122 1136 1137 1140 1146 1837 2036 2037 2040 2046 2322 2336 2337 2340 2346 4346 4396 
m2109 13 33 38 46 1913 1933 1946 2313 2333 2338 2346 4163 
m270 22 23 45 1122 1123 1172 1173 2272 2273 3673 
m3624 14 23 30 38 46 723 730 746 1180 1523 1530 1546 1923 1930 1946 2323 2330 2338 2346 4823 
m1753 22 23 30 32 40 41 1140 1182 1523 1530 1532 2022 2023 2030 2032 2040 2072 2090 
m1512 22 23 30 46 1123 1130 1146 1180 1523 1530 1546 2330 4823 
m747 30 36 46 49 1536 1549 1849 2330 2336 2346 2349 
m2136 30 38 45 46 1945 1946 2280 2296 2330 2338 2345 2346 4846 
m943 12 36 38 41 46 641 1841 1912 1936 1938 1941 1946 2062 2086 2091 2096 2312 2336 2341 4312 
m2160 22 32 33 36 40 1122 1132 1133 1136 1140 1633 1672 1822 1832 1833 1836 1840 2022 2032 2033 2036 4136 4186 
m2235 21 22 46 1121 1146 2321 4846 
m636 36 46 49 2486 2496 4836 4846 
m1915 10 38 1910 1938 
m3445 14 40 46 740 746 2014 2040 2046 2314 2340 2346 3214 3246 4814 
m2668 13 38 46 1913 1938 1946 2313 
m543 5 22 27 46 1146 1355 2305 2327 
m3024 23 30 36 38 40 46 1180 1186 1190 1523 1530 1536 1540 1546 1830 1923 1930 1936 1940 1946 2023 2030 2036 2038 2040 2046 2323 2330 2340 4836 
m3296 5 13 30 33 46 655 680 1505 1655 1680 2305 2313 2330 2333 4163 
m2316 5 36 46 49 286 296 299 1836 1849 2305 2336 2346 2349 2455 2486 2496 4836 4846 
m1920 22 40 46 1140 1146 2022 2040 2046 2340 2346 
m2355 6 43 4656 
m1118 45 2295 
m1010 36 38 41 46 1841 1936 1941 1946 2086 2091 2336 2341 
m3088 36 40 46 2036 2046 2336 2340 2346 4836 4846 
m471 22 36 38 40 41 46 1136 1141 1836 1840 1841 1936 1940 1941 1946 2022 2036 2038 2040 2041 2046 2086 2090 2091 2322 2336 2341 4586 
m463 23 30 46 1180 1196 2323 2330 2346 3673 4823 
m1621 16 22 23 46 822 846 1122 1146 1172 2322 3323 3696 
m3123 30 40 46 2030 2040 2046 2330 2340 2346 
m2093 23 36 41 46 1836 1841 1846 2073 2086 2323 2341 4323 4836 
m1813 22 23 30 46 1122 1123 1130 1146 1523 1530 1546 2330 2346 3696 4823 
m3045 38 41 46 1938 1941 1946 2341 
m2601 26 46 1346 
m3573 22 23 36 40 41 1172 1186 1190 1191 1822 1836 1840 1841 2022 2023 2036 2040 2041 2072 2073 2086 2090 2091 3686 4323 4336 4586 
m1148 22 23 30 46 1122 1123 1130 1146 1180 1523 1530 1546 2330 2346 4823 
m3527 28 36 38 1438 1838 1928 1936 4328 
m1656 36 38 40 46 1840 1846 1936 1940 1946 2036 2046 2340 
m2062 14 36 40 46 740 1814 1840 2014 2036 2040 2046 2336 2340 2346 3246 4346 4814 
m885 12 22 23 36 45 46 49 622 645 1122 1145 1172 1195 1812 1822 1845 1846 2272 2295 2322 2345 2462 2473 2486 2496 3662 3696 4323 4812 
m174 10 26 46 1310 1326 1346 2310 2346 
m2168 14 22 45 46 722 1114 1145 1146 2264 2272 2296 2314 2322 2345 2346 3246 
m1176 5 37 46 1855 2305 2337 2346 4837 
m1004 22 38 46 1138 1146 1938 1946 2338 
m1556 22 23 36 40 1122 1123 1136 1140 1190 1822 1823 1836 1840 2022 2023 2036 2040 
m3632 33 44 49 1694 1699 2494 
m675 36 46 48 49 1846 1848 1849 2336 2348 2486 2496 2498 2499 4336 
m2706 22 30 36 38 41 46 48 1122 1138 1141 1146 1830 1848 1930 1936 1941 1946 2080 2086 2088 2091 2096 2098 2330 2336 2348 2430 4336 
m2996 22 23 30 36 40 46 1122 1123 1130 1136 1140 1146 1172 1180 1186 1190 1196 1522 1523 1530 1536 1540 1546 1830 2022 2023 2030 2036 2046 2330 4836 
m1360 36 41 46 2096 2336 2341 2346 4586 4836 4846 
m1595 14 36 40 46 1814 1840 1846 2014 2036 2040 2046 2314 2346 4346 4814 4846 
m3584 37 40 46 1890 2037 2040 2046 2337 2340 2346 4396 
m1085 14 26 726 
m2567 27 38 46 1927 1938 1946 2327 
m800 22 36 40 46 1136 1140 1146 1840 2336 2340 4336 4836 
m1130 23 30 46 49 1180 1523 1530 1546 2330 2346 2480 2496 4823 
m3465 23 46 49 2346 2349 2473 4823 
m2607 22 40 46 1122 1140 1146 2022 2040 2046 2322 
m1371 46 2346 
m279 14 26 32 726 1614 1626 
m2471 22 46 1122 1146 2346 
m945 26 36 37 46 49 1336 1337 1346 1349 1837 1846 1849 2476 2486 2487 2496 2499 4837 
m1128 30 36 38 40 46 1536 1540 1546 1838 1840 1846 2046 2330 2338 2340 2346 4836 
m162 36 38 1838 1936 1938 
m981 22 23 27 30 36 40 49 1123 1130 1136 1172 1173 1177 1180 1186 1190 1199 1372 1373 1380 1386 1522 1523 1527 1530 1536 1540 1549 1822 1823 1827 1830 1836 1849 2023 2027 2030 2036 2040 2049 2472 2473 2477 2480 2486 2499 3686 4336 
m3013 22 30 36 41 45 1130 1536 1541 2272 2280 4586 
m2101 38 41 46 49 1938 1946 1949 2088 2096 2099 2341 2346 2349 
m1875 30 36 40 46 1830 1836 1840 1846 2030 2036 2040 2046 2330 2336 2340 2346 4336 4346 4836 
m225 
m3602 22 23 30 36 37 40 46 49 1122 1123 1130 1136 1137 1140 1146 1149 1180 1523 1530 1546 1822 1823 1830 1836 1837 1840 1846 1872 1873 1880 1886 1890 1896 2022 2023 2030 2036 2037 2040 2046 2330 2346 2472 2473 2480 2486 2487 2490 2496 4396 4823 
m3544 
m2730 22 36 40 41 1136 1140 1141 1836 1841 2036 2041 2086 2090 2091 4586 
m3089 22 26 32 46 1126 1132 1146 1332 1346 1646 2326 2332 2346 
m146 13 22 41 691 1113 1122 1141 
m1913 22 23 30 36 40 41 46 1122 1123 1130 1136 1140 1141 1146 1180 1522 1523 1530 1536 1540 1546 1822 1823 1830 1836 1840 1841 1846 2022 2023 2030 2036 2040 2041 2046 2072 2086 2090 2322 2323 2330 2340 4823 4846 
m2383 22 38 46 1138 1146 1938 1946 
m2885 30 36 38 46 1536 1546 1838 1930 1936 1946 2338 4346 
m2020 36 43 49 1849 2186 2199 
m3172 13 38 1913 1938 
m229 34 36 1734 1736 1834 1836 4236 4334 
m3540 14 36 40 46 49 714 736 740 746 749 1814 1836 1840 1846 1849 2014 2036 2046 2049 2314 2336 2346 2349 2464 2486 2490 2496 3246 4814 
m2223 36 40 46 1836 1840 1846 2036 2040 2046 2336 2340 2346 4336 4346 
m1051 14 32 42 46 732 2114 2132 2314 2332 2342 
m2660 12 14 22 36 45 46 49 645 712 745 1112 1114 1146 1812 1814 1822 1845 1846 1849 2314 2345 2346 2462 2464 2472 2496 3146 3246 4812 
m359 9 36 49 1809 2459 2486 2499 2959 4309 4336 
m3351 14 40 46 714 740 746 2014 2046 2314 2340 2346 4814 
m1667 22 23 36 40 41 1122 1123 1136 1140 1141 1172 1173 1822 1823 1836 1840 1841 2022 2023 2036 2040 2041 2072 2073 2086 2090 3673 4586 
m1007 14 16 23 46 716 723 746 2316 3323 4823 
m3565 22 23 30 36 40 46 49 1122 1123 1130 1136 1140 1146 1149 1172 1173 1180 1186 1190 1199 1522 1523 1530 1536 1540 1546 1549 1823 1840 2022 2023 2030 2036 2040 2046 2322 2330 2336 2340 2346 2349 2472 2473 2480 2486 2490 2496 3696 4823 
m269 14 34 36 40 46 1714 1734 1736 1740 1746 1814 1836 1840 1846 2014 2036 2040 2046 2314 2346 4346 4814 4846 
m3 22 23 30 46 1122 1123 1130 1146 1180 1522 1523 1530 1546 2323 2330 
m2859 22 23 1122 1123 1173 3673 
m2056 14 32 49 732 2464 
m1135 22 30 46 1522 1546 2322 4846 
m303 36 40 41 1841 2036 2041 2086 2090 2091 
m3255 12 22 36 46 622 636 646 1136 1812 1836 1846 2322 2336 2346 4336 4812 4836 
m3488 22 23 37 41 1122 1123 1137 1141 1172 1173 1872 1873 2072 2073 2087 3673 
m98 14 36 38 41 46 714 1814 1836 1838 1914 1936 2064 2086 2088 2096 2314 2336 2338 3236 4314 4586 4814 
m358 14 22 40 45 46 722 2014 2045 2046 2264 2272 2296 2314 2322 2340 2345 2346 4814 
m314 26 36 46 1826 1846 2326 4336 4346 
m562 22 41 1122 1141 2072 
m3546 30 38 46 1930 1938 1946 2330 2346 
m1417 14 36 40 46 1814 1836 1840 1846 2014 2036 2040 2046 2314 2336 2346 3236 4346 4814 4836 
m128 23 26 30 33 40 46 49 1180 1330 1333 1340 1346 1673 1680 1696 2023 2030 2033 2046 2330 2476 2480 2483 2490 2496 4823 
m2858 23 30 38 1180 1523 1530 1538 1923 1930 1938 
m3305 36 37 40 46 1840 1886 1890 1896 2036 2037 2040 2046 2336 2340 2346 4346 4837 
m1131 6 36 42 49 2456 2486 2492 2836 4606 4636 
m517 36 49 1836 1849 2486 2499 
m2751 5 36 44 46 49 286 296 299 1849 2205 2236 2246 2249 2346 2349 2455 2486 2494 2496 4836 
m3489 22 23 36 40 41 1122 1123 1136 1140 1141 1172 1173 1186 1822 1823 1836 1840 1841 2022 2023 2036 2040 2041 2072 2073 2086 2090 3673 4586 
m1535 14 37 40 46 737 740 746 1890 2037 2046 2340 4396 
m97 14 22 36 38 41 46 714 736 1114 1136 1836 1914 1922 1936 1941 2064 2072 2086 2314 2322 2336 2338 2341 3236 4314 4586 4814 
m582 22 23 36 40 1122 1123 1136 1140 1173 1822 1823 1840 2022 2023 3673 
m3574 3 32 37 182 187 1882 
m3212 22 23 36 40 1122 1123 1136 1140 1173 1186 1190 1822 1823 1836 1840 2022 2023 2036 2040 3673 4323 
m385 37 40 46 1890 2037 2040 2046 2337 2340 2346 4396 
m2139 37 49 1899 2487 2499 
m2503 26 37 46 49 1337 1346 1349 1899 2337 2349 2487 2499 4387 
m1250 38 41 46 49 1938 1946 1949 2088 2096 2099 2341 2346 2349 
m3142 22 46 1122 1146 2322 2346 
m2170 22 40 44 46 1146 2022 2044 2046 2344 2346 4846 
m75 22 44 46 1122 1144 1146 2222 2246 2322 2344 2346 4846 
m2615 22 23 38 46 1172 1922 1923 1938 1946 2322 2323 2346 
m1337 14 46 2314 2346 4814 
m1586 22 23 45 1123 1173 1195 3673 
m191 37 46 4396 
m1529 36 38 46 1936 1946 2336 
m362 22 36 40 41 1822 1836 1840 1841 2022 2036 2040 2072 2086 2090 2091 4336 4586 
m194 13 22 33 36 40 1113 1122 1133 1136 1140 1686 1690 1813 2013 2036 4163 
m2022 23 31 46 48 49 1196 1573 1596 2346 2423 2431 2446 2473 2481 2496 2498 
m2378 28 36 46 1828 1836 2328 2336 4846 
m338 22 32 36 40 1122 1132 1136 1140 1622 1636 1640 1822 1836 1840 2022 2036 4332 
m184 10 14 27 38 710 1360 1364 1388 1910 1914 1927 1938 
m22 22 23 30 46 1122 1123 1130 1146 1180 1523 1530 1546 2330 2346 4823 
m2307 23 36 41 1823 2073 3673 4323 4586 
m555 22 23 1123 1173 3673 
m1570 22 23 36 40 46 1122 1123 1136 1140 1146 1196 1823 1836 2022 2023 2036 2040 2046 3686 4346 4836 
m954 14 36 714 3236 
m637 36 46 49 2486 2496 4836 4846 
m1276 5 36 38 46 49 286 296 299 1905 1936 1946 2346 2349 2486 4836 
m1090 22 23 30 36 41 1122 1123 1130 1136 1141 1172 1173 1180 1523 1822 1823 2072 2073 3673 4586 
m1864 38 49 1938 1949 2488 2499 
m1691 36 37 40 46 1840 1886 1890 2036 2037 2046 2340 4346 4396 
m673 22 30 36 40 46 1130 1136 1140 1146 1536 1540 1546 1840 2030 2036 2040 2046 2330 2336 2340 2346 4346 
m211 17 22 46 1117 1122 1146 2346 4817 
m2480 22 46 1122 1146 2322 2346 
m3143 14 46 2314 2346 4814 
m1167 36 37 38 40 46 49 1837 1849 1936 1937 1940 1946 2036 2037 2046 2049 2336 2337 2349 2487 
m131 22 23 30 41 46 1122 1123 1130 1141 1146 1172 1173 1180 1191 1196 1522 1523 1530 1541 1546 2072 2073 2080 2322 2323 2330 2341 2346 3673 3696 4823 
m2278 14 22 26 46 714 722 726 746 1114 1122 1126 1146 1314 1322 1346 2314 2322 2326 2346 3246 
m3458 13 22 32 36 40 672 686 690 1113 1136 1140 1613 1622 1636 1640 1822 2022 2036 2040 3186 4336 
m581 26 27 46 1327 1346 1377 2327 
m3094 37 46 4837 
m648 22 32 36 37 40 1122 1136 1137 1140 1622 1636 1637 1640 1822 1872 1886 1890 2022 2036 
m434 
m1059 23 30 36 40 1180 1523 1530 1536 1540 1830 2023 2030 2036 2040 4323 
m729 45 49 2295 2299 
m3571 13 22 33 36 40 46 672 686 690 1113 1122 1133 1136 1140 1672 1686 1690 1822 2022 2036 2313 2322 2333 2336 2340 3183 
m125 13 22 44 46 694 1113 1146 2313 2344 
m1569 12 23 30 46 1162 1196 1512 1523 1530 1546 2346 3696 4812 
m2310 22 23 36 37 40 1122 1123 1136 1137 1140 1172 1173 1822 1823 1836 1837 1840 1872 1873 1886 1890 2022 2023 2036 2037 2040 3673 
m3441 22 40 46 1146 2022 2046 2346 4846 
m3578 21 36 38 45 1095 1845 1921 1936 1945 3586 
m3210 22 23 36 40 41 1122 1123 1136 1140 1141 1172 1173 1822 1823 1836 1840 2022 2023 2036 2040 2072 2073 2086 2090 3673 4586 
m728 23 24 40 46 1190 1240 1246 2023 2024 2040 2046 2340 3696 3723 
m1758 23 30 46 1180 1523 1530 1546 2330 2346 4823 
m3182 23 30 36 40 41 49 1186 1190 1199 1523 1530 1536 1540 1549 1836 1840 1849 2073 2080 2086 2090 2099 2490 3686 4336 
m3352 22 23 30 46 1123 1130 1146 1180 1523 1530 1546 2330 4823 
m3028 22 23 30 36 40 41 46 1122 1123 1130 1136 1140 1141 1146 1191 1522 1523 1536 1541 1546 1841 1846 2023 2030 2036 2040 2041 2046 2072 2080 2341 3696 4323 
m503 22 1122 
m2936 22 23 36 41 1123 1136 1823 2072 2073 3673 4323 4586 
m3456 27 40 46 1396 2027 2040 2046 2340 2346 
m3251 23 30 45 46 1523 1545 1546 2273 2296 2345 2346 3696 4823 
m435 5 23 24 40 46 273 274 290 296 1190 1240 1246 2023 2024 2040 2046 2340 3696 3723 
m3475 12 36 46 49 612 636 646 649 1812 1849 2312 2336 2346 2349 2462 2486 2496 2499 4812 
m2000 22 23 36 40 46 49 1123 1136 1146 1199 1822 1823 1836 1840 1846 1849 2022 2023 2036 2040 2046 2049 2323 2336 2346 2349 3686 4346 4823 4836 
m1734 5 36 46 49 286 296 299 1849 2346 2349 2499 4836 
m2738 17 41 46 891 2067 2096 2341 4817 
m2729 26 32 36 38 46 1332 1336 1346 1832 1926 1932 1936 1946 2332 2336 2346 4836 
m377 21 23 27 38 46 1073 1077 1096 1177 1921 1923 1946 2323 2327 
m1942 22 37 46 49 1137 1146 2322 2337 2346 2472 2496 4396 4837 
m746 22 23 30 36 40 41 1123 1130 1136 1141 1173 1186 1191 1523 1536 1541 1836 2022 2023 2030 2036 2041 2073 2080 2086 2091 3673 3686 4323 4586 
m2469 13 22 36 40 1113 1122 1136 1140 1813 1840 2013 
m2535 26 38 46 1926 1946 2326 
m1626 36 40 41 46 49 1836 1840 1846 1849 2036 2040 2041 2046 2049 2086 2090 2096 2099 2336 2340 2346 2349 2486 2490 2496 4346 4586 4836 
m2015 14 46 49 2314 2346 2464 2496 4814 4846 
m2321 46 2346 
m7 14 38 40 46 49 1914 1938 1940 1946 1949 2014 2046 2049 2346 2464 2496 4814 
m3638 23 30 36 39 40 41 1173 1186 1189 1190 1191 1523 1536 1539 1541 1823 1973 1986 1990 1991 2023 2036 2073 2086 2089 2090 2091 3686 4336 4586 
m2229 33 38 41 46 1691 1933 1941 1946 2341 4833 
m918 32 46 1632 1646 2332 2346 4846 
m446 23 24 40 46 1190 1240 1246 2023 2024 2040 2046 2323 2324 2340 2346 3696 3723 
m3134 22 23 30 36 40 46 1122 1123 1130 1136 1140 1146 1180 1523 1530 1822 1823 1830 1840 1846 2022 2023 2030 2046 2330 4823 
m2289 32 42 46 2132 2146 2332 
m2868 14 20 38 46 49 720 1914 1946 1949 2320 2464 2470 2496 4814 
m1207 22 23 41 1122 1123 1141 1172 2073 
m3557 46 
m1140 6 36 43 336 1806 1836 1843 2186 2843 
m3499 22 38 46 1122 1138 1146 1922 1938 1946 2322 2338 2346 
m1343 14 23 30 46 730 1180 2314 2323 2330 2346 3223 4814 4823 
m101 26 41 46 1341 1346 2341 
m2686 23 41 1173 1191 2073 3673 
m3023 5 13 22 33 46 655 1113 1133 1146 1655 1696 2305 2313 4163 
m2218 45 
m1965 22 23 30 36 1172 1180 1522 1822 1823 1830 
m2104 14 38 46 738 2314 2338 2346 4814 
m3132 12 14 46 712 2314 2346 3146 3246 4812 
m903 21 23 36 40 46 1171 1821 1823 1846 2021 2023 2036 2040 2046 2321 2323 2346 4346 4823 
m2790 22 23 45 1123 1173 1195 3673 
m1860 37 46 2337 2346 
m337 14 30 36 38 46 1514 1530 1536 1538 1814 1830 1836 1838 1914 1938 1946 2314 2330 2336 2346 4036 4330 
m3507 46 2346 
m1247 22 46 49 1122 1146 1149 2346 2349 
m389 37 40 46 1890 2037 2040 2046 2337 2340 2346 4396 
m1429 6 306 
m3205 22 23 36 41 1123 1136 1141 1172 1173 1822 1823 2072 2073 3673 4586 
m2799 22 23 30 40 41 1123 1130 1140 1180 1522 1523 1530 2022 2023 2030 2072 2090 
m395 22 30 36 40 41 1122 1130 1136 1140 1141 1522 1541 1840 2036 2040 2086 2090 
m2318 26 46 1346 2346 
m2561 14 22 46 1114 2314 2322 2346 4814 
m929 22 40 46 1140 1146 2022 2046 2322 2340 2346 
m3084 5 36 38 46 49 286 296 299 1849 1905 1936 1938 1946 2346 2349 2486 2499 4836 
m3522 22 23 36 40 41 1122 1123 1136 1140 1141 1172 1173 1822 1823 1836 1840 1841 2022 2023 2036 2040 2041 2073 2086 2090 3673 4586 
m2833 33 38 46 1688 1933 1938 1946 2338 4196 
m1235 14 40 46 2014 2046 2314 2346 4814 
m1105 13 38 46 1913 1946 2313 2346 4813 
m3455 22 26 33 1122 1126 1133 1676 
m2036 5 36 38 46 49 1805 1838 1846 1849 1905 1938 1946 1949 2305 2488 2496 
m2943 22 45 1145 2272 2295 
m64 11 13 22 33 36 40 661 1111 1113 1122 1133 1136 1140 1661 1811 1813 1833 1840 2011 2013 2033 4163 
m3604 5 13 38 45 46 655 1913 1946 2255 2263 2288 2296 2305 2313 
m780 12 22 36 40 41 45 46 49 636 640 641 645 649 1145 1822 1836 1840 1841 1845 2012 2022 2036 2040 2041 2045 2046 2049 2072 2095 2272 2295 2336 2340 2349 2486 2490 2491 2495 3136 4336 4812 
m260 12 13 22 36 40 622 636 640 672 686 690 1112 1113 1122 1136 1140 1822 2022 2036 3162 
m667 46 2346 
m3364 14 22 23 30 46 49 722 746 1122 1123 1130 1146 1149 1172 1522 1523 1530 2322 2323 2330 2349 2473 2480 3673 4823 4846 
m2749 22 23 30 32 36 40 41 49 1140 1182 1199 1523 1530 1532 1536 1549 1823 1830 1832 1849 2022 2023 2030 2032 2036 2040 2072 2090 2482 
m1316 36 
m321 36 37 40 41 1841 1886 1890 1891 2036 2041 2086 2087 2090 2091 
m334 22 30 37 41 46 1130 1137 1141 1146 1537 1541 1546 2087 2096 2322 2330 2337 2341 2346 4837 
m1525 36 41 2086 
m3048 5 17 41 46 255 867 891 2091 2317 2341 2346 4817 
m3328 14 44 46 49 744 746 2344 2464 2494 2496 
m2068 13 22 36 38 40 672 686 690 1113 1122 1136 1140 1822 1913 1922 1936 2022 2036 
m846 22 23 30 36 40 1123 1130 1173 1186 1190 1523 1536 1540 2023 2036 3673 
m865 37 46 49 2346 2487 2496 4837 
m666 46 2346 
m2110 22 23 30 36 40 41 46 1122 1123 1130 1136 1140 1141 1146 1180 1522 1523 1530 1536 1540 1546 1822 1823 1830 1836 1840 1846 2022 2023 2030 2036 2040 2046 2072 2086 2090 2091 2322 2323 2330 2340 4823 4846 
m1823 14 22 25 46 725 1114 1125 1146 2325 3246 
m2764 23 30 36 40 41 49 1186 1190 1199 1523 1530 1536 1540 1549 1823 1836 1840 1849 2073 2080 2086 2090 2099 2490 3686 4336 
m2582 23 36 40 41 1186 1190 1191 1836 1840 1841 2023 2036 2040 2041 2073 2086 2090 2091 3686 4323 4336 4586 
m2972 14 46 49 2314 2346 2464 2496 4814 
m2816 26 38 46 1926 1938 1946 2326 
m1439 14 46 2314 2346 4814 
m3387 
m1914 22 40 46 1140 1146 2040 2046 2340 2346 
m3030 22 23 30 36 40 41 46 1122 1123 1130 1136 1140 1141 1146 1191 1523 1536 1541 1546 1822 1830 1841 1846 2023 2030 2036 2040 2041 2046 2072 2091 2341 3696 4323 4586 
m2581 36 38 46 1936 1938 1946 2336 2346 
m1584 22 37 45 46 1122 1137 1145 1146 1872 2272 2287 2296 2322 4837 
m539 14 22 46 722 2322 3246 
m3369 5 36 46 255 286 2305 2336 2346 
m3228 13 38 1913 1938 
m2989 22 23 36 40 46 49 1123 1136 1140 1146 1149 1190 1822 1840 2023 2036 2040 2046 2049 2322 2336 2340 2346 2472 2473 2486 2496 3696 4323 4346 4823 
m2739 22 30 36 37 41 1130 1136 1536 1537 1541 1886 2086 2087 
m1545 22 36 40 41 1136 1140 1141 1836 1840 1841 2036 2041 2072 2086 2090 2091 4586 
m3424 22 23 24 40 46 1122 1123 1124 1146 1190 1222 1240 1246 2022 2023 2024 2046 2340 3696 3723 
m834 22 23 36 40 46 1122 1123 1136 1140 1146 1172 1186 1190 1196 1822 1836 2022 2036 2040 2046 2322 3686 4346 
m3246 30 36 40 45 46 49 1545 1549 1830 1845 1849 2030 2036 2045 2046 2330 2336 2345 2349 2495 
m2848 23 24 40 46 1190 1240 1246 2023 2024 2040 2046 2340 3696 3723 
m2281 22 36 40 1122 1136 1140 1822 1836 1840 2022 2036 
m768 12 14 45 46 645 712 745 2314 2345 2346 3146 3246 4812 
m3166 22 23 30 36 40 46 1122 1123 1130 1136 1140 1146 1172 1173 1180 1186 1190 1522 1523 1530 1536 1540 1546 1823 1840 2022 2023 2030 2036 2040 2046 2322 2323 2330 2336 2340 2346 3696 4823 
m1854 22 23 30 36 40 41 1123 1136 1141 1172 1186 1190 1191 1522 1523 1536 1540 1541 2022 2023 2036 2041 2086 3673 3686 4336 4586 
m3093 14 30 46 730 2314 2330 
m108 5 14 38 46 705 738 746 1905 1914 1938 1946 2305 
m331 12 36 38 41 46 641 1841 1912 1936 1938 1941 1946 2062 2086 2091 2096 2312 2336 2341 4312 
m869 16 23 36 40 41 46 836 840 841 1186 1190 1191 1841 2023 2036 2041 2046 2066 2073 2086 2090 2091 2096 2316 2336 2340 2341 3666 4823 
m2085 36 49 1836 1849 2499 
m2740 23 30 1180 1523 1530 
m37 22 23 30 41 46 1122 1123 1130 1141 1146 1522 1541 1546 2072 2073 2322 2323 2341 2346 
m93 22 
m1139 13 20 22 32 36 40 672 686 690 1013 1022 1032 1036 1040 1122 1136 1140 1613 1622 1636 1640 1822 2022 2036 
m3204 22 23 36 41 1122 1123 1136 1141 1172 1173 1186 1191 1822 1823 2072 2073 3673 4586 
m3526 14 22 23 722 1164 1172 
m243 22 46 1122 1146 2322 2346 
m507 14 36 41 46 714 736 741 1836 1841 2091 2314 2336 2341 3236 4314 4586 4814 
m119 13 22 36 38 40 672 686 690 1113 1122 1136 1140 1822 1913 1922 1936 2022 2036 
m2408 22 23 36 40 41 1122 1123 1136 1140 1141 1172 1173 1822 1823 1836 1840 2022 2023 2036 2040 2072 2073 2086 2090 3673 4586 
m2998 23 31 46 49 1196 1573 1596 2323 2346 2473 2481 2496 
m1070 30 38 1930 1938 
m664 23 26 30 40 46 1173 1180 1323 1330 1346 1523 2023 2026 2030 2046 2323 2330 3673 4823 
m2777 36 46 2336 2346 4836 
m1856 23 36 41 49 1191 1823 1836 1841 1849 2473 2486 2491 3686 4323 4336 4341 
m2373 12 36 46 49 646 649 1849 2336 2346 2349 3136 4812 
m886 32 36 40 46 2032 2036 2040 2046 2332 4332 4836 
m3446 14 36 46 49 736 746 749 1849 2336 2346 2349 4814 4836 
m1649 22 23 36 40 41 1122 1123 1136 1140 1141 1172 1173 1822 1823 1836 1840 1841 2023 2036 2040 2041 2072 2073 3673 4341 
m523 23 24 40 46 1190 1240 1246 2023 2024 2040 2046 2340 3696 3723 
m3376 14 26 46 726 746 1314 1326 1346 2326 2346 4814 
m3374 22 38 46 1146 1922 1938 1946 2346 
m3405 38 46 1946 
m1912 22 23 30 36 40 41 46 1122 1123 1130 1136 1140 1141 1146 1191 1523 1536 1541 1546 1841 1846 2023 2030 2036 2040 2041 2046 2072 2341 3696 4323 
m3051 22 23 36 46 1122 1123 1136 1146 1173 1822 1823 1846 2323 3673 4823 
m2787 23 38 1923 
m228 22 38 44 46 1146 1922 1944 1946 2344 2346 4846 
m2540 13 26 38 40 46 690 1313 1346 1913 1926 1938 1946 2313 2340 2346 
m195 14 22 40 46 1114 1146 2014 2022 2040 2046 2314 2346 4814 4846 
m678 17 22 38 46 888 1117 1138 2322 2338 4817 
m677 14 22 46 1114 1122 1146 2314 2346 4814 
m634 26 32 36 40 46 49 1336 1340 1346 1349 1632 1636 1649 1849 2032 2036 2040 2046 2332 2336 2340 2346 2349 
m1003 22 36 40 45 1122 1136 1140 1145 1836 1840 1845 2036 2040 2045 2286 2290 
m1475 22 23 32 36 1123 1132 1136 1173 1182 1186 1623 1823 3673 4332 
m120 32 38 46 1632 1646 1932 1938 1946 2332 
m3264 37 46 49 1899 2337 2346 2349 4396 4837 4846 
m803 37 46 1896 2346 4837 
m955 22 23 30 36 39 41 1123 1130 1139 1141 1522 1523 1822 1823 1830 1839 1841 1972 1973 1980 1991 2072 2073 2080 2086 2089 2091 3673 4586 
m1743 22 37 46 1122 1137 1146 2322 2337 2346 4837 
m2760 12 14 40 46 712 2012 2014 2046 2314 2346 3146 3246 4812 
m2260 22 23 36 40 49 1122 1123 1136 1140 1149 1172 1173 1186 1190 1199 1840 2022 2023 2036 2040 2049 2473 2486 2490 3673 3686 4323 
m788 14 23 30 46 730 1180 2314 2323 2330 2346 3223 4814 4823 
m2146 30 36 37 40 46 1536 1537 1540 1546 1837 1840 1846 1890 2037 2046 2340 4396 
m3384 13 22 38 672 1113 1138 1913 1922 
m694 5 13 38 46 263 296 1905 1913 1938 1946 2305 2313 2346 4813 
m2151 20 40 48 1040 2040 2420 2440 
m2466 5 13 22 26 33 36 40 655 1113 1122 1126 1133 1136 1140 1305 1313 1333 1655 1663 1683 1805 1813 1826 1833 1840 2005 2013 2026 2033 4163 
m1287 23 36 41 45 1186 1191 2273 2286 2291 3673 3686 4586 
m1610 22 26 38 46 1146 1322 1346 1922 1926 1946 2346 
m3372 37 38 46 1937 1946 2337 
m1345 13 22 36 40 672 686 690 1113 1122 1136 1140 1822 2022 2036 
m529 14 22 36 41 46 714 736 1114 1122 1136 1141 1146 1836 2064 2072 2086 2314 2322 2336 2341 3236 4314 4586 4814 
m1112 23 1173 3673 
m2089 12 15 26 40 41 626 776 2012 2015 2026 2041 2062 2065 2076 3262 
m1331 13 22 38 49 699 1113 1122 1138 1149 1913 1938 1949 
m1837 22 26 44 46 1126 1144 1146 1322 1344 1346 2222 2246 2322 2326 2344 2346 4846 
m1363 30 36 41 46 1830 1836 1841 1846 2080 2330 2336 2341 2346 4586 4836 
m2447 23 31 46 49 1196 1573 1596 2346 2473 2481 2496 2499 
m2296 5 23 26 32 46 1155 1182 1305 1323 1332 1346 1605 2305 2332 2346 4823 
m2941 23 30 36 41 1180 1186 1830 2073 2080 3673 3686 4323 4586 
m1500 32 36 38 46 1832 1932 1936 1946 2332 2336 2346 4836 
m2018 23 36 41 46 1836 1841 1846 2073 2086 2323 2341 4323 4836 
m622 22 23 1123 
m1916 23 30 40 46 1180 1523 1530 1546 2023 2030 2046 2323 2330 
m2572 14 22 23 30 46 730 746 1114 1122 1123 1130 1146 1180 1514 1523 1530 1546 2330 3223 4823 
m1319 14 40 46 49 2014 2040 2046 2314 2346 2464 2490 2496 4814 
m844 14 21 40 714 721 740 2014 2021 
m613 22 23 30 40 41 1123 1130 1140 1190 1523 1530 1540 2022 2023 2030 2072 2090 
m3422 38 46 49 1946 1949 2346 2496 2499 
m1107 22 23 30 40 46 1123 1130 1146 1180 1523 1530 1546 2022 2023 2030 2046 2322 2323 2330 2340 2346 4823 
m3615 14 36 40 46 1814 1840 1846 2014 2036 2040 2046 2314 2346 4346 4814 4846 
m183 22 23 36 40 41 1122 1123 1136 1140 1141 1172 1173 1822 1823 1836 1840 1841 2022 2023 2036 2040 2041 2072 2073 3673 4586 
m414 14 36 46 49 736 746 2336 2346 2349 2464 2486 2496 4814 4836 
m1987 22 23 30 41 46 1122 1123 1130 1146 1180 1523 1530 1546 2072 2073 2080 2091 2096 2330 4823 
m1579 22 23 30 46 1122 1123 1130 1146 1172 1173 1180 1196 1522 1523 1530 1546 2322 2323 2330 2346 3673 4823 
m1863 13 46 2313 
m1520 22 26 44 45 46 1144 1145 1146 1322 1344 1345 1346 2294 2296 2344 2346 
m608 22 46 1122 1146 2322 2346 4846 
m1281 30 36 46 49 1549 1830 1846 1849 2330 2336 2346 2349 
m880 29 36 38 49 1488 1499 1829 1836 1838 1849 1936 1938 1949 2479 2486 2488 2499 
m3587 22 40 46 1122 1140 1146 2340 2346 
m2038 38 45 46 49 1938 1946 1949 2288 2296 2299 2349 
m3407 5 22 36 38 46 49 286 296 299 1136 1138 1146 1149 1836 1846 1849 1905 1936 1938 1946 1949 2346 2349 2455 2486 2496 2499 4836 
m2456 22 23 30 36 40 46 1122 1123 1130 1136 1140 1146 1180 1522 1523 1530 1536 1540 1546 1822 1823 1830 1836 1840 1846 2022 2023 2030 2036 2040 2046 2322 2323 2330 2340 4823 4846 
m2933 23 30 38 1180 1188 1523 1538 1938 3673 
m1682 5 45 255 295 2255 2295 
m3583 22 30 37 40 46 1130 1137 1146 1537 1540 1546 1890 2340 4396 
m1048 23 30 46 1180 2323 2330 2346 
m1675 5 22 36 38 46 49 286 296 299 1136 1138 1146 1149 1836 1846 1849 1905 1936 1946 2346 2349 2455 2486 2488 2496 4836 
m3508 22 23 36 37 40 1122 1123 1136 1137 1140 1172 1173 1822 1823 1836 1837 1840 1872 1873 2022 2023 2036 2037 2040 3673 
m2921 22 23 30 36 41 1123 1130 1523 1822 1823 1830 2072 2073 2080 3673 4323 4586 
m1746 14 22 36 38 46 722 1814 1822 1914 1936 1946 2314 2322 2336 2346 4814 
m737 22 36 37 40 46 1122 1136 1137 1146 1822 1837 1872 2036 2037 2046 2322 2336 2337 2340 2346 4346 4396 
m2588 5 32 36 46 49 282 286 296 1632 1636 1649 1849 2305 2332 2336 2346 2349 
m1353 13 20 22 32 36 40 670 686 690 1113 1120 1136 1140 1613 1620 1622 1636 1640 1820 2020 2036 2040 3186 4336 
m2674 14 36 40 46 1814 1846 2014 2036 2040 2046 2314 2346 4346 4814 4846 
m1597 22 30 36 40 41 1136 1141 1536 1540 1541 1822 1836 1840 1841 2022 2036 2040 2041 2086 4336 4586 
m1217 32 36 40 41 46 1640 1641 1646 1846 2032 2036 2040 2041 2046 2096 2332 2336 2340 2341 2346 4136 4586 
m1226 14 26 36 40 46 1314 1336 1340 1346 1814 1846 2014 2036 2040 2046 2346 4346 4814 
m1814 22 23 24 38 40 46 1123 1146 1190 1222 1240 1246 1923 1924 1938 1940 1946 2022 2023 2024 2040 2046 2340 3696 3723 
