m591 38 46 1938 1946 
m1082 5 32 46 255 282 2305 2332 
m623 23 36 40 1190 1840 3686 4336 
m828 8 46 408 446 2308 2346 
m1027 38 1938 
m230 22 44 46 1146 2244 2246 2344 2346 4846 
m568 30 41 46 2080 2330 2341 2346 
m142 11 45 595 
m629 32 36 1832 4336 
m171 3 46 2303 2346 4803 4846 
m294 22 23 30 41 1122 1123 1130 1172 1173 1180 1191 1522 1523 1541 2072 2073 2080 3673 
m651 36 
m334 16 23 40 46 840 846 1190 2016 2023 2040 2046 2340 3323 3696 
m619 36 
m433 26 44 46 1346 2226 2246 2326 2344 2346 
m830 22 36 40 46 1122 1136 1140 1822 2022 2036 2040 2322 2336 2340 4336 
m494 44 46 2244 2246 2344 2346 
m1162 36 40 41 1836 1840 1841 2036 2041 2086 2091 4336 4341 4586 
m299 27 32 1382 
m374 23 30 46 1180 1523 1530 1546 2330 2346 4823 
m1134 36 1836 
m269 14 22 23 30 730 1114 1122 1123 1130 1180 1514 1522 1523 1530 3223 
m676 23 30 46 1180 2330 2346 4823 
m185 22 23 30 38 1122 1123 1130 1138 1172 1173 1188 1523 1530 1538 1922 1923 3673 
m445 22 41 46 1141 1146 2341 
m819 11 13 33 563 583 3183 
m275 14 32 46 732 2314 2332 2346 4814 
m564 36 
m330 36 
m238 16 22 44 49 844 849 1116 2494 
m667 40 44 46 49 2044 2046 2049 2344 2349 2494 
m516 22 30 39 1130 1139 1980 
m664 22 23 30 38 41 1123 1172 1173 1188 1523 1530 2073 2080 3673 
m573 30 46 2330 
m1028 8 25 46 49 408 446 449 1258 1296 2349 
m608 46 
m671 15 38 46 1915 2315 2338 
m495 14 40 46 2014 2040 2046 2314 2346 4814 
m303 22 32 33 36 40 1122 1132 1133 1136 1140 1633 1636 1832 1833 1836 1840 2032 2033 2036 4186 4333 4336 
m393 22 40 44 46 1140 1144 1146 2040 2046 2222 2240 2246 2322 2340 2344 2346 4846 
m424 12 13 22 32 36 40 49 632 682 699 1112 1113 1122 1132 1136 1140 1812 1813 1832 1836 1840 1849 2012 2013 2032 2036 2049 2462 2482 2486 3136 3162 3186 
m1190 22 23 30 38 41 1123 1130 1172 1173 1188 1522 1523 1530 2072 2073 2080 3673 
m55 23 30 46 1196 1523 1530 1546 2323 2330 2346 3696 4823 
m32 22 41 44 46 49 1146 1149 2072 2094 2096 2099 2344 2349 2494 
m614 14 46 746 2346 
m436 30 40 46 49 1540 1546 1549 2030 2040 2046 2330 2340 2346 2349 2490 2496 
m297 44 46 2246 2344 2346 4846 
m1201 44 46 49 2246 2494 2496 
m824 32 36 1832 
m474 23 38 45 1923 2273 2288 
m134 41 46 2341 
m16 22 33 46 1122 1133 1146 1696 2333 2346 4196 
m831 36 40 49 1836 1840 1849 2036 2040 2049 2486 2490 2499 
m1014 5 32 36 255 282 286 1805 1832 
m113 13 38 46 688 1913 1946 2338 4813 
m884 14 37 40 46 737 740 746 2037 2046 4837 
m110 
m1219 26 46 1346 
m163 12 36 40 45 46 640 645 1845 2036 2045 2336 2340 2345 3136 4812 
m417 22 26 38 46 1122 1146 1322 1338 1346 1922 1938 1946 2322 
m1126 22 36 40 1122 1136 1140 2022 2036 2040 
m304 14 32 36 46 746 1614 1632 1636 1646 1814 1832 1836 1846 2314 2332 2336 2346 4332 
m552 13 22 33 36 40 1113 1122 1133 1136 1140 1813 1833 1840 2013 2033 4163 
m233 44 46 49 2344 2349 2494 
m354 22 27 40 46 1127 1140 1146 2027 2046 2327 
m1105 11 13 22 33 36 40 661 1111 1113 1122 1133 1136 1140 1661 1811 1813 1833 1840 2011 2013 2033 4163 
m502 30 40 45 46 2030 2040 2045 2046 2280 2290 2296 2330 2340 2346 
m200 21 23 46 1171 2321 2323 
m575 33 44 49 1694 1699 2494 
m112 13 33 4163 
m650 36 40 46 2036 2046 2336 
m867 23 36 40 46 1186 2023 2036 2040 2046 2323 2336 2340 2346 3696 4346 
m295 22 44 46 1144 1146 2246 2322 2344 2346 4846 
m1009 22 23 30 41 1122 1123 1130 1172 1173 1180 1522 1523 1541 2072 2073 2080 3673 
m668 26 46 50 1326 1346 1350 2350 
m910 7 22 46 1107 1122 1146 2307 2346 
m876 28 36 1828 1836 
m609 14 46 746 2346 
m44 14 22 36 40 722 736 740 1114 1122 1136 1140 1822 2022 2036 
m49 26 46 1346 
m47 14 45 745 
m1140 26 44 46 49 1344 1346 2246 2476 2494 2496 
m17 17 46 2317 2346 4817 
m156 22 45 46 1122 1145 1146 2345 
m682 6 14 32 36 49 706 714 732 736 749 1606 1636 1806 2456 2482 2486 
m191 14 22 36 40 46 722 1814 1822 1836 1840 1846 2014 2022 2036 2040 2046 2314 2322 2340 2346 3246 4314 4346 4836 
m423 46 4846 
m493 22 23 30 46 1122 1123 1130 1146 1196 1523 1530 1546 2322 2323 2330 2346 3696 4823 
m519 40 45 46 2046 2290 2296 2346 
m395 22 44 46 1144 1146 2222 2246 2322 2344 2346 4846 
m1177 30 36 46 49 1536 1549 1849 2330 2336 2346 2349 
m1224 40 45 46 2040 2045 2046 2345 4846 
m1209 23 46 1173 1196 3696 
m1192 22 23 36 38 40 1123 1136 1138 1140 1173 1922 1923 1936 1938 1940 2023 2036 2038 3686 
m235 22 44 46 1144 1146 2222 2246 2322 2344 2346 4846 
m285 23 38 45 1923 2273 2288 
m1042 22 23 30 36 40 41 46 1122 1123 1130 1136 1140 1141 1146 1191 1523 1536 1541 1546 1841 1846 2023 2030 2036 2040 2041 2046 2072 2073 2091 2341 3696 4323 
m655 32 37 1632 1637 1882 
m633 32 33 40 46 1633 2032 2033 2040 2046 2332 2333 
m756 22 23 30 46 1122 1123 1130 1146 1180 1523 1530 1546 2330 2346 4823 
m574 21 36 41 1821 2071 4341 
m301 38 45 46 1938 1945 1946 2345 
m582 36 
m636 5 36 38 286 1905 1936 
m392 23 32 39 49 1173 1639 1973 2482 2489 3673 
m977 22 23 30 36 40 46 49 1122 1123 1130 1136 1140 1146 1172 1173 1180 1186 1190 1196 1523 1530 1536 1540 1546 1822 1823 1830 1840 1846 2022 2023 2030 2036 2040 2046 2330 2346 2472 2473 2486 2490 3696 4336 4346 4823 
m898 5 31 36 255 281 286 1555 1581 1586 1805 1831 1836 
m548 40 46 2040 2046 
m840 14 22 36 40 722 736 740 1114 1122 1136 1140 1822 2022 2036 
m263 14 27 38 727 1914 1927 
m531 13 22 33 36 37 40 41 683 686 690 1113 1122 1133 1136 1140 1141 1690 1813 1822 1833 1836 1840 1872 1886 1887 2013 2022 2033 2036 2040 2063 2072 2086 
m455 36 49 1836 1849 2499 
m363 3 23 30 41 46 180 1180 2053 2073 2080 2096 2303 2330 2673 4823 
m539 5 13 26 33 263 283 1305 1313 1333 1655 1663 1683 3183 
m214 36 40 46 49 1846 1849 2036 2046 2349 
m361 26 46 1346 2346 
m1058 22 23 36 40 46 1122 1123 1136 1140 1146 1186 1190 1196 1822 1836 2022 2036 2040 2046 2322 3686 4346 
m187 22 23 30 36 40 46 49 1122 1123 1130 1136 1140 1146 1149 1172 1173 1522 1523 1530 1540 1546 1822 1823 1830 1840 1846 2022 2023 2030 2036 2040 2046 2322 2323 2330 2336 2340 2346 2349 2480 2486 2490 2496 3696 4823 
m892 23 45 2273 
m1175 23 28 36 1178 1186 1823 1828 1836 3673 
m14 5 14 36 264 286 4314 
m15 14 33 4164 
m242 23 36 40 1823 1836 1840 2023 2036 2040 3686 
m738 8 36 408 2936 4308 
m720 46 2346 4846 
m1176 32 36 46 1632 1636 1646 1832 1836 1846 2332 2346 4332 4846 
m343 17 38 46 888 2317 2338 2346 3396 
m317 36 38 1936 
m759 23 46 49 2323 2346 2473 2496 4823 
m468 26 32 46 1626 1646 2326 
m558 26 46 1346 
m207 3 30 153 180 1503 1530 
m419 38 45 1938 1945 
m437 14 22 46 722 746 2322 2346 
m1010 23 30 46 1196 1523 1530 1546 2323 2330 2346 3696 4823 
m59 22 23 30 36 40 46 49 1122 1123 1130 1136 1140 1146 1149 1172 1173 1180 1186 1190 1199 1522 1523 1530 1536 1540 1546 1549 1823 1840 2022 2023 2030 2036 2040 2046 2322 2330 2336 2340 2346 2472 2473 2480 2486 2490 2496 3696 4823 
m613 22 44 46 1144 1146 2246 2344 2346 4846 
m628 
m400 22 40 44 46 1140 1144 1146 2022 2040 2044 2046 2222 2240 2246 2322 2340 2344 2346 4846 
m771 22 23 30 1122 1123 1130 1172 1173 1180 1522 1523 1530 3673 
m526 22 23 1123 1173 3673 
m116 32 36 46 1632 1636 1646 1832 1836 1846 2332 2336 2346 4332 
m1187 26 46 1346 2346 
m675 36 42 4636 
m1025 37 40 46 49 1899 2037 2046 2049 2337 2340 2346 2349 4396 
m489 22 23 30 36 40 46 1122 1123 1130 1136 1140 1146 1172 1173 1522 1523 1530 1540 1546 1822 1823 1830 1840 1846 2022 2023 2030 2036 2040 2046 2322 2323 2330 2340 2346 3696 4823 
m920 14 46 714 746 2314 2346 4814 
m399 33 38 46 1688 1938 1946 2338 4196 
m316 14 28 36 728 736 1828 1836 
m817 5 13 33 655 663 683 1655 1663 1683 4163 
m815 23 30 46 1173 1180 1196 1523 1530 1546 2323 2330 2346 3696 4823 
m1228 22 23 30 1122 1123 1130 1172 1173 1180 1522 1523 1530 3673 
m492 22 23 30 38 1122 1123 1130 1172 1173 1188 1522 1523 1530 3673 
m165 22 23 36 40 41 1123 1136 1173 1186 1190 1191 1823 1836 1840 1841 2023 2036 2040 2041 2073 2086 3673 3686 4323 4586 
m73 32 46 1632 1646 2332 2346 
m158 22 40 46 1122 1140 1146 2340 
m138 13 22 33 36 40 686 690 1113 1133 1136 1686 1690 1840 3183 
m912 8 408 
m66 17 46 2317 2346 4817 
m454 22 23 32 36 40 46 49 1122 1123 1132 1136 1146 1149 1172 1173 1182 1186 1190 1196 1199 1622 1623 1632 1636 1640 1646 1822 1823 1832 1836 1840 1846 1849 2022 2023 2032 2036 2046 2322 2323 2332 2336 2346 2349 2472 2473 2482 2486 2490 2496 3673 3686 3696 4323 4346 
m236 22 46 1146 
m616 22 44 46 1122 1144 1146 2222 2246 2322 2344 2346 
m1093 5 13 33 38 46 655 1655 1696 1913 1933 1946 2305 2313 4163 
m318 3 38 45 195 1903 1938 1945 
m1065 46 
m611 22 23 36 41 1122 1123 1136 1141 2073 3686 4586 
m1226 22 23 30 1122 1123 1130 1172 1173 1180 1522 1523 1530 3673 
m811 5 13 22 33 36 38 40 46 263 272 283 286 672 686 690 1113 1122 1133 1136 1140 1672 1686 1690 1822 1905 1913 1922 1933 1936 1940 1946 2022 2036 2305 2313 2322 2333 2336 3183 
m1170 36 39 42 1986 2139 4636 
m598 8 45 46 49 408 446 449 2258 2296 2349 
m863 22 23 31 36 46 1172 1181 1186 1196 1596 1822 1846 2322 3686 4086 4331 4336 4346 
m549 37 
m1183 13 37 4363 
m1074 14 22 46 722 746 2322 2346 
m222 
m820 21 36 46 49 1086 1099 1849 2321 2336 2346 2349 
m265 12 13 33 46 662 696 2333 3133 3183 4812 
m807 22 36 41 49 1136 1141 1149 1841 1849 2072 2086 2091 2099 2486 2491 4336 
m444 14 22 46 722 746 2322 2346 
m325 28 36 1828 1836 
m757 22 33 44 49 1133 1694 1699 2494 
m642 36 49 1849 
m80 27 32 38 46 1382 1388 1396 1638 1646 1946 
m673 36 40 46 49 1836 1840 1846 1849 2036 2046 2049 2336 2340 2346 2349 2486 2490 2496 4346 4836 4846 
m35 5 36 38 46 286 296 1905 1936 1946 4836 
m296 22 44 46 1144 1146 2222 2246 2322 2344 2346 4846 
m790 5 13 30 33 46 655 680 1505 1655 1680 2305 2313 2330 2333 4163 
m845 12 33 37 46 1862 2333 2337 4162 4383 4812 
m1075 8 408 
m1179 22 45 46 1146 2272 2296 
m1061 
m306 22 23 30 36 40 46 49 1122 1123 1130 1136 1140 1146 1149 1172 1173 1180 1186 1190 1199 1522 1523 1530 1536 1540 1546 1549 1822 1823 1830 1836 1840 1846 1849 2022 2023 2030 2036 2040 2046 2322 2330 2336 2340 2346 2472 2473 2480 2486 2496 3696 4823 
m407 22 23 30 36 40 46 49 1122 1123 1130 1136 1140 1146 1172 1173 1180 1186 1190 1522 1523 1530 1536 1540 1546 1822 1823 1830 1840 1846 1849 2022 2023 2030 2036 2040 2046 2049 2322 2330 2336 2340 2346 2349 2472 2473 2480 2496 3696 4823 
m305 22 23 30 36 40 41 1122 1123 1130 1136 1140 1141 1172 1173 1186 1190 1191 1523 1536 1541 1840 1841 2023 2036 2041 2072 2073 2086 2090 2091 3673 3686 4323 4336 4586 
m1121 36 41 46 1841 2341 4836 
m4 22 23 36 40 41 46 1122 1136 1140 1146 1191 1822 1823 1836 1840 1841 1846 2022 2023 2036 2040 2041 2046 2323 2336 2341 2346 3686 4336 4341 4346 4823 
m9 34 46 2334 
m106 23 36 40 41 45 1186 1190 1823 1836 1840 2023 2036 2040 2073 2086 2090 2291 
m148 30 37 46 1530 1537 1546 1880 2330 2337 2346 
m918 22 44 46 1144 1146 2222 2246 2322 2344 2346 4846 
m203 38 
m560 22 44 46 1144 1146 2222 2246 2322 2344 2346 4846 
m20 26 46 1346 
m1120 
m970 14 40 46 740 746 2014 2040 2046 2314 2340 2346 3214 3246 4814 
m555 28 36 40 1428 1828 1836 2028 2036 3936 4328 
m837 22 23 30 38 41 1123 1130 1172 1173 1188 1523 1530 2072 2073 2080 3673 
m126 13 22 46 672 2322 4813 
m781 26 46 1326 1346 2346 
m376 13 36 46 49 699 1849 2313 2349 4313 4836 
m893 36 46 49 1849 2336 2346 2349 4836 
m796 46 
m1112 32 38 45 46 49 1638 1646 1649 1938 1946 1949 2282 2288 2296 2299 2332 2338 2346 2349 
m716 30 36 41 46 49 1536 1541 1841 2080 2086 2091 2096 2099 2330 2336 2341 2346 2349 2480 2486 2491 
m905 22 36 41 49 1122 1136 1141 1149 1849 2072 2086 2099 4336 
m463 37 
m755 22 23 30 38 1122 1123 1130 1172 1173 1188 1522 1523 1530 3673 
m406 37 46 4837 
m1003 30 44 45 1530 1544 1545 2230 2244 2245 2280 2294 2295 
m1185 22 28 38 46 1128 1138 1146 1928 1938 2328 2338 
m1100 38 46 1938 1946 
m620 22 23 30 32 36 40 46 1122 1123 1130 1132 1136 1140 1146 1172 1173 1522 1523 1530 1532 1540 1546 1623 1630 1646 1822 1823 1830 1832 1840 1846 2022 2023 2030 2032 2036 2040 2046 2322 2323 2330 2332 2340 2346 3696 4823 
m1021 9 17 40 46 49 859 896 2009 2017 2046 2049 2309 2346 2459 2467 2496 3396 
m610 44 46 2246 2344 2346 4846 
m76 26 46 1346 2346 
m855 16 44 49 844 849 2494 
m889 12 22 23 30 36 46 630 636 1172 1180 1186 1522 1536 1822 2330 2336 3123 3686 4336 4812 4823 
m1006 22 23 36 40 1122 1123 1136 1140 1173 1186 1190 1822 1823 1836 1840 2022 2023 2036 2040 3673 3686 
m449 16 32 40 44 46 832 844 1644 2016 2032 2046 2316 2332 2344 
m563 22 46 1122 1146 
m1056 30 45 46 2280 2296 2330 2346 4846 
m678 13 22 36 40 672 686 690 1113 1122 1136 1140 1822 2022 2036 
m1011 22 23 30 38 41 1123 1130 1172 1173 1188 1522 1523 1530 2072 2073 2080 3673 
m579 9 36 49 1809 2459 2486 2499 2959 4309 4336 
m861 22 23 36 41 45 1122 1123 1136 1141 1145 1173 1186 1195 1845 2073 2095 3673 3686 4323 4586 
m712 23 30 46 49 1180 1199 1549 2323 2330 2346 2349 2473 2496 
m973 23 36 41 49 1186 1199 1823 1836 1849 2073 2086 2099 2473 3673 4323 4586 
m802 6 14 32 314 332 732 
m1059 26 36 46 49 1326 1336 1346 1349 1826 1846 1849 2326 2476 2496 
m982 13 37 4363 
m777 22 36 46 49 1136 1146 1849 2336 2346 2349 
m719 26 40 46 1346 2026 2046 2346 
m1230 13 22 23 32 36 40 41 672 673 686 690 1122 1123 1136 1140 1141 1186 1190 1191 1613 1622 1623 1636 1823 1840 1841 2023 2041 3673 
m197 13 46 2313 
m129 46 
m854 12 13 22 36 40 622 636 640 672 686 690 1112 1113 1122 1136 1140 1822 2022 2036 3162 
m646 30 38 46 1946 2330 
m1092 22 38 44 46 1146 1922 1944 1946 2344 2346 4846 
m1128 12 36 46 612 636 646 1812 1836 1846 2312 2336 2346 
m425 22 23 30 36 40 41 1122 1123 1130 1136 1140 1172 1180 1186 1522 1523 1536 1822 2023 2030 2036 2072 2073 2080 2086 2090 3673 4323 
m1008 22 23 30 46 1122 1123 1130 1146 1180 1523 1530 1546 2330 2346 4823 
m202 22 46 49 1149 2322 2346 2349 
m788 36 38 40 41 1841 1941 2036 2041 2086 2090 2091 
m109 26 40 46 49 1340 1346 1349 2046 2490 2496 
