m178 38 45 2288 
m196 38 45 46 1938 1945 1946 2345 
m2898 26 36 46 1826 2326 2336 2346 4346 
m497 13 36 38 46 49 663 686 688 696 699 1813 1836 1838 1846 1849 1913 1936 1946 1949 2336 2338 2346 2349 2463 2486 2496 3196 4813 
m1218 13 45 2263 
m265 22 30 46 1130 1146 2330 
m3424 22 32 36 40 46 49 1622 1646 1822 1832 1836 1840 1846 1849 2032 2036 2046 2322 2482 2486 2490 2496 4332 
m2955 48 2448 
m48 10 30 36 37 46 1510 1536 1546 1810 1860 1880 1886 1896 2310 2346 4836 
m3444 12 26 45 46 645 1312 1345 1346 2345 4812 
m2119 36 
m3008 28 37 38 39 46 1878 1928 1937 1938 1939 1946 1978 1987 2328 4396 4496 
m2859 40 45 46 2046 2290 2296 
m538 41 45 46 2095 2096 2345 
m617 46 
m1630 22 36 40 41 46 49 1136 1140 1141 1836 1849 2036 2049 2086 2090 2099 2322 2336 2340 2341 2349 4336 
m2575 22 44 46 1146 2322 2344 2346 4846 
m376 8 45 46 49 408 446 449 2258 2296 2299 2349 
m606 36 46 1836 1846 4836 
m2323 23 36 40 45 46 49 1190 1195 1836 1840 1845 2023 2036 2040 2045 2046 2049 2323 2336 2340 2345 2473 2486 2495 2496 3686 4323 4336 4836 
m937 14 46 746 
m573 12 13 22 36 40 622 636 640 672 686 690 1112 1113 1122 1136 1140 1822 2022 2036 3162 
m3255 5 45 46 2255 2296 2305 2345 4846 
m2286 13 22 32 45 682 1113 1132 1145 2263 2282 
m1459 12 33 37 46 1862 2333 2337 4162 4383 4812 
m3468 31 45 2281 
m2592 22 23 30 36 40 41 1122 1123 1130 1136 1140 1141 1180 1186 1190 1522 1523 1536 1540 1541 1822 1830 1836 1840 1841 2022 2023 2030 2036 2041 2080 2086 
m2923 22 27 36 40 1122 1127 1136 1140 1390 1827 1836 1840 2027 2036 2040 
m2087 13 22 33 36 40 690 1113 1122 1133 1136 1140 1690 1813 1833 1840 2013 2033 4163 
m1504 22 23 1122 1123 1172 
m2430 22 36 40 1136 1140 1840 2036 2040 
m438 
m1478 22 45 46 1145 1146 2296 
m3326 36 46 49 1849 2336 2346 2349 4836 
m870 37 38 46 49 1887 1888 1899 1937 1946 2337 2338 2346 2349 4396 4837 
m1379 36 46 49 1849 2336 2349 4336 
m374 26 37 38 46 1876 1926 1937 1946 2326 4396 
m2808 14 45 2264 3214 
m3040 22 40 45 46 1140 1145 1146 2045 2046 2345 
m2331 22 30 36 40 41 46 1122 1130 1136 1140 1141 1146 1536 1540 1541 1830 1836 1840 1841 2030 2036 2040 2041 2086 2090 2322 2330 2336 2340 2341 
m2011 33 36 45 46 1686 1695 1845 2333 2345 4836 
m1138 22 23 30 36 40 46 49 1122 1123 1130 1136 1140 1146 1172 1173 1180 1186 1190 1522 1523 1530 1536 1540 1546 1822 1823 1830 1840 1846 1849 2022 2023 2030 2036 2040 2046 2049 2322 2323 2330 2336 2340 2346 2349 2472 2473 2480 2496 3696 4823 
m3361 13 22 38 1113 1138 1913 
m2871 13 37 4363 
m1353 
m661 30 45 1530 2280 
m2230 18 
m3258 14 36 40 45 736 740 745 1840 2036 2286 2290 4336 
m107 22 23 30 36 46 49 1122 1123 1130 1146 1149 1172 1173 1180 1199 1522 1523 1530 1549 1822 1823 1846 1849 2322 2323 2330 2349 2472 2473 2480 2496 3673 4823 
m1477 14 714 
m1046 12 13 33 46 662 696 2333 3133 3183 4812 
m1575 13 22 38 1113 1122 1138 1913 1938 
m2305 11 13 33 563 583 3183 
m85 15 22 46 772 2315 2322 
m3061 22 36 40 46 1122 1136 1146 1822 2022 2036 2322 2336 2340 2346 4836 
m1171 16 32 40 44 46 832 844 1644 2016 2032 2044 2046 2316 2332 2344 
m496 8 45 46 2258 2296 2308 
m2478 23 41 1191 2073 2091 
m739 22 44 46 1146 2222 2244 2246 2322 2344 2346 4846 
m2677 14 45 745 
m27 26 46 1346 
m33 22 30 40 46 1130 2022 2030 2040 2046 2322 2330 2346 
m2636 32 37 46 1632 1637 1882 2332 2337 
m598 23 30 46 1523 1546 2323 
m618 14 30 37 714 730 737 1880 3237 
m375 22 37 39 1137 1139 1987 
m220 32 45 1645 
m1314 41 2091 
m2879 22 37 46 1872 2322 4396 
m144 22 44 46 1146 2322 2344 2346 4846 
m1013 30 45 46 2280 2296 2330 2346 
m394 36 
m490 26 33 47 1333 1347 1697 
m599 23 46 2323 2346 3696 4823 4846 
m2049 37 1887 
m2693 32 46 1632 1646 2332 2346 
m14 18 46 2318 2346 
m1794 22 44 46 1146 2344 2346 4846 
m1828 22 36 40 1122 1136 2022 2036 2040 
m780 22 44 46 1146 2222 2244 2246 2322 2344 2346 4846 
m1975 13 22 1113 1122 
m2742 45 46 2345 
m2385 40 45 46 2046 2290 2296 4846 
m1014 36 
m3292 15 45 795 
m913 11 
m1312 36 40 46 49 1836 1840 1846 1849 2036 2046 2049 2336 2340 2346 2349 2486 2490 2496 4346 4836 4846 
m697 22 41 1122 1141 
m669 22 36 37 40 46 1137 1146 1822 1837 1846 1872 2022 2036 2046 2322 2337 2346 4346 4837 
m2894 13 33 1663 1683 4163 
m1262 5 40 45 46 2005 2045 2046 2255 2296 2305 
m2033 37 40 46 49 1899 2037 2046 2049 2337 2340 2346 2349 4396 
m2802 22 46 1146 
m2559 46 2346 
m2117 32 46 48 2332 2348 2432 
m2514 22 38 44 46 1146 1922 1944 1946 2344 2346 4846 
m835 12 14 22 46 622 722 1112 1114 1122 1146 2314 2322 3114 4812 
m2 10 30 46 530 2310 2330 
m3536 13 22 45 695 1113 1145 
m70 22 23 30 1122 1123 1130 1173 1180 1522 1523 1530 
m2689 36 40 46 1836 1840 1846 2036 2046 2336 2340 2346 
m1683 23 30 36 46 1173 1180 1186 1196 1523 1530 1536 1546 1823 1830 1836 1846 2323 2330 2336 2346 3696 4823 4836 
m776 13 32 38 46 682 1913 1932 1946 2313 2332 
m2203 14 22 23 46 1114 1123 1146 1196 2314 3664 
m234 3 23 30 41 46 180 1180 2053 2073 2080 2096 2303 2330 2673 4823 
m212 3 45 153 2253 
m1545 22 37 45 46 49 1137 1146 2272 2287 2296 2299 2472 2487 2496 4837 
m1994 45 
m3336 12 26 34 45 46 634 645 1312 1334 1345 1346 1734 2284 2334 2345 4812 
m148 22 32 46 1122 1132 1146 2332 2346 4846 
m1426 5 45 295 
m2831 14 22 40 46 722 746 2014 2022 2046 2322 
m2376 41 46 2091 2096 2341 
m2019 13 17 22 45 46 672 872 2263 2267 2295 2296 2313 2317 2322 3363 
m1665 22 23 27 36 40 1122 1123 1127 1136 1140 1190 1372 1373 1386 1390 1823 1840 2023 2040 
m151 22 46 1146 
m641 32 46 2332 
m1122 17 45 895 2267 2295 
m1511 14 30 714 730 
m778 37 
m176 22 44 46 1146 2344 2346 4846 
m2435 12 40 45 46 645 2012 2045 2046 2312 2340 2345 2346 4812 
m829 22 38 46 1146 1922 1946 
m259 22 36 40 46 49 1822 1846 1849 2022 2036 2040 2046 2049 2322 2472 2496 
m3445 30 45 46 2280 2296 2330 2346 4846 
m1280 
m2399 45 
m1562 38 46 1946 
m2204 46 2346 4846 
m529 17 36 46 49 1817 1846 1849 2349 2467 4817 
m1688 36 
m2656 13 38 688 1913 1938 
m698 23 30 46 1196 1523 1530 1546 2323 2330 2346 3696 4823 
m2383 13 22 33 36 40 672 686 690 1113 1122 1133 1136 1140 1672 1686 1690 1822 1840 2022 3183 
m1658 13 22 30 47 680 697 1113 1122 1130 1147 2380 
m3476 46 4846 
m1043 22 32 45 46 1132 1145 1146 2282 2296 2332 
m1991 22 44 46 1146 2322 2344 2346 4846 
m2534 22 44 46 1146 2344 2346 4846 
m1126 36 40 48 49 1836 1840 2036 2436 2440 2449 2486 2490 4336 
m2776 37 46 4837 
m141 5 36 37 38 45 46 286 295 1845 1855 1886 1895 1936 1937 1938 1946 2305 2336 2337 4336 
m3152 22 23 36 40 46 49 1123 1136 1146 1149 1836 1846 1849 2022 2023 2036 2046 2049 2323 2473 2486 2496 3686 4323 4336 4836 
m1759 23 30 46 1196 1523 1530 1546 2323 2330 2346 3696 4823 
m2210 38 45 46 1945 1946 2296 
m349 13 33 46 1663 1683 2313 2333 4163 4833 
m404 30 38 46 1930 1946 2330 
m3280 14 714 
m653 14 45 745 2264 2295 
m1901 3 13 22 23 172 672 1163 1172 2663 3653 
m285 14 34 46 734 746 2334 
m731 
m2673 5 32 1605 
m3087 22 23 30 32 36 40 46 1122 1123 1130 1132 1136 1140 1146 1172 1173 1522 1523 1530 1532 1540 1546 1623 1630 1646 1822 1823 1830 1832 1840 1846 2022 2023 2030 2032 2036 2040 2046 2322 2323 2330 2332 2340 2346 3696 4823 
m2852 36 40 46 48 2036 2040 2046 2048 2336 2346 2348 2436 4836 
m3299 5 13 14 33 263 283 705 713 733 3183 
m724 32 46 2332 2346 
m39 12 23 36 41 46 636 1823 2062 2073 2096 2336 3123 4586 4812 4823 
m1036 32 46 1632 1646 2332 
m1357 22 45 46 49 1146 1149 2272 2296 2299 2349 2472 2495 2496 
m1749 36 45 46 1845 2345 4836 
m312 22 37 38 45 46 1872 1922 1937 1945 1946 2272 2287 2296 2322 4837 
m2621 22 23 30 1122 1123 1130 1172 1173 1180 1522 1523 1530 3673 
m631 13 22 36 38 40 41 1113 1136 1138 1140 1141 1813 1840 1913 1922 1936 1938 1940 1941 2013 2063 2086 2088 2090 
m3380 23 36 41 49 1186 1199 1823 1836 1849 2073 2086 2099 2473 3673 4323 4586 
m2752 22 23 30 40 41 1130 1140 1180 1523 1530 2022 2023 2030 2072 2090 
m605 27 32 38 46 1382 1396 1927 1932 1946 2332 
m2235 36 40 41 46 1841 2036 2040 2041 2046 2086 2090 2091 2096 2336 2340 2341 2346 
m1296 36 
m914 27 32 38 46 1382 1388 1396 1638 1646 1946 
m2460 26 37 46 49 1337 1346 1349 1899 2337 2349 2487 2499 4387 
m2475 22 37 46 1122 1137 1146 1872 2322 2346 4387 4396 4837 
m2252 12 45 645 2295 
m77 22 23 30 38 1122 1123 1130 1172 1173 1188 1522 1523 1530 1538 3673 
m547 40 41 46 2046 2090 2096 2340 2341 2346 
m3022 46 
m1297 32 36 41 46 1641 2332 2336 2341 2346 4136 4341 
m2069 22 23 30 36 40 46 1122 1123 1130 1136 1140 1146 1172 1173 1522 1523 1530 1540 1546 1822 1823 1830 1840 1846 2022 2023 2030 2036 2040 2046 2322 2323 2330 2340 2346 3696 4823 
m1002 22 37 1122 1137 
m1168 22 37 46 1137 2322 4837 
m584 22 44 46 2222 2246 2322 2344 2346 4846 
m1446 14 49 2464 
m961 22 30 38 45 46 1130 1145 1146 1922 1930 1945 1946 2280 2296 2330 
m708 36 40 46 49 1836 1840 1846 1849 2036 2040 2046 2336 2340 2346 2349 2486 2490 2496 4336 4346 4836 
m3495 22 36 40 1122 1136 1140 2022 2036 2040 
m518 39 
m1461 26 32 36 46 1332 1336 1346 1832 2332 2336 2346 4836 
m2310 26 40 45 46 1340 1346 2026 2040 2045 2046 2276 2290 2296 2340 
m2905 37 40 46 2037 2046 4837 
m3123 22 26 33 1126 1133 1676 
m122 13 22 36 38 40 672 686 690 1113 1122 1136 1140 1822 1913 1922 1936 2022 2036 
m2538 22 23 30 45 46 1123 1130 1145 1146 1196 1523 1545 1546 2273 2280 2295 2296 2323 2346 4823 4846 
m2236 22 33 38 46 1122 1133 1146 1672 1922 1933 1946 2322 4833 
m2675 14 22 36 40 722 736 740 1114 1122 1136 1140 1822 2022 2036 
m2778 26 
m3014 10 45 46 2295 2296 2310 2346 
m862 26 46 1346 
m2649 13 33 36 38 40 688 1688 1813 1833 1838 2013 2033 2036 2038 4163 
m3566 23 30 36 39 40 41 1173 1186 1189 1190 1191 1523 1536 1539 1541 1823 1973 1986 1990 1991 2023 2036 2073 2086 2089 2090 2091 3686 4336 4586 
m2032 13 22 1113 1122 
m2414 45 
m2147 13 22 45 46 672 2263 2295 2296 2313 2322 2346 4813 
m664 14 32 714 732 
m182 14 32 46 732 2314 2332 2346 4814 
m1839 23 36 40 41 1186 1190 1191 1840 1841 2036 2040 2041 
m1968 22 45 2272 
m1959 38 45 1938 1945 2288 2295 
m2442 22 36 40 41 1122 1136 1140 1141 1822 1836 1840 1841 2022 2036 2041 2072 2086 2090 2091 
m788 34 38 46 1734 1934 2334 2338 2346 
m3307 46 
m596 37 1887 
m1266 14 22 49 749 1114 1149 2464 2472 2499 
m2438 13 37 4363 
m2216 
m2044 14 26 32 46 726 732 746 1314 1326 1332 1346 1626 1646 2326 
m2186 36 49 1849 2486 2499 
m1924 23 45 1195 2295 
m2598 22 26 44 46 1146 1322 1346 2326 2344 2346 4846 
m3269 20 23 1020 1023 1170 
m247 22 40 44 46 1140 1144 1146 2040 2046 2222 2240 2246 2322 2340 2344 2346 4846 
m3538 37 45 1895 
m2726 36 49 1849 2486 2499 
m1957 32 36 38 41 46 1641 1646 1932 1936 1941 1946 2332 2336 2341 2346 4136 4586 
m3072 5 36 45 46 286 295 1845 2305 2336 2345 4336 
m705 22 23 30 1122 1123 1130 1172 1173 1180 1522 1523 3673 
m1642 23 
m1197 14 45 714 745 2264 2295 
m2886 22 37 46 1137 1146 4837 
m3193 13 33 3183 
m2365 26 46 1346 2346 
m3523 13 22 36 38 40 1113 1122 1136 1138 1140 1813 1840 1913 1936 1940 2013 
m2977 12 22 36 41 46 49 622 641 1141 1812 1822 1841 2322 2336 2341 2462 2472 2486 2491 2496 3136 4312 4336 4812 
m3551 13 33 49 2463 2483 4163 
m998 17 22 44 46 49 899 1144 1146 2217 2246 2317 2344 2346 2349 3396 4817 4846 
m2103 36 
m3150 40 45 46 2046 2290 2296 2340 2346 
m773 22 30 36 40 41 49 1130 1136 1141 1536 1540 1541 1830 1836 1840 1841 2036 2072 2080 2086 2090 2091 2472 2480 2486 2491 
m3356 30 32 36 40 46 1630 1640 1646 1830 1840 2030 2330 2332 2336 2340 2346 4136 
m423 36 42 4636 
m576 37 46 4396 
m1029 41 46 2341 
m2497 14 22 46 722 746 2322 2346 
m3094 32 36 1832 4336 
m950 37 
m3202 33 1683 
m2684 5 22 1105 1122 
m2379 38 
m2473 14 36 1814 4314 4336 
m812 11 13 33 39 563 583 589 689 1983 3183 
m1985 5 37 46 255 287 1855 1887 1896 2305 2337 2346 4837 
m447 22 40 46 1140 1146 2046 
m2034 22 36 40 46 49 1136 1140 1146 1822 1840 1846 1849 2022 2036 2046 2322 2336 2340 2346 2349 2486 2490 2496 4336 4346 4836 
m654 13 22 46 1113 1122 1146 2313 2322 2346 
m2167 12 22 23 36 41 46 49 622 623 636 641 649 1123 1136 1141 1191 1822 1823 1841 2322 2323 2336 2341 2349 2472 2473 2486 2491 3136 4323 4336 4812 
m3053 22 36 41 46 49 1136 1141 1849 2086 2099 2322 2336 2341 2349 4336 
m173 45 46 2295 2296 2345 2346 4846 
m462 2 45 46 2252 2296 2302 
m1451 13 46 47 696 2363 2396 
m2201 46 
m1851 23 36 40 41 46 49 1191 1836 1841 2023 2036 2041 2073 2086 2090 2091 2096 2099 2323 2336 2340 2341 2349 2473 2486 2490 2491 2499 4323 4336 4836 
m2296 22 36 40 41 49 1122 1136 1140 1141 1149 1841 1849 2022 2036 2041 2049 2486 2491 4336 
m1406 9 14 22 36 49 709 1109 1114 1136 1149 1809 1814 1836 1849 2459 2464 2486 2499 
m1518 22 37 1122 1137 1887 
m800 5 13 22 33 36 40 655 1105 1113 1122 1133 1136 1140 1655 1805 1813 1833 1840 2013 2033 3183 
m2392 23 45 46 1195 2323 2345 
m565 36 41 45 1845 2095 2295 4586 
m1605 36 45 46 49 1846 1849 2286 2296 2299 2349 
m707 8 25 46 49 408 446 449 1258 1296 2349 
m2250 22 37 45 46 1122 1137 1145 1146 1887 1895 1896 2287 2296 2337 
m1753 5 30 45 46 280 2255 2280 2296 2305 2330 
m1166 45 2295 
m2131 45 46 2296 
m3514 22 26 36 45 46 1126 1136 1146 1336 1345 1346 1845 2336 2345 2346 4836 
m1088 22 37 45 49 1122 1137 1145 1149 1899 2287 2299 
m1416 22 36 41 49 1136 1149 1841 1849 2072 2086 2091 2099 2486 2491 4336 
m2164 45 2295 
m3281 14 22 36 40 722 736 740 1114 1122 1136 1140 1822 2022 2036 
m2101 27 45 46 2277 2296 2327 4846 
m1737 12 13 22 49 649 699 1112 1113 1149 3162 
m1861 33 45 1695 
m3219 38 40 45 46 1946 2038 2046 2288 2290 2296 
m2984 14 36 48 714 736 748 1836 1848 2448 
m3534 22 36 40 46 1122 1136 1140 1146 1822 1836 1840 1846 2022 2036 2046 2322 2336 2340 2346 4346 4836 
m366 27 49 1399 
m485 33 46 2333 2346 4833 
m3484 32 46 1632 1646 2332 
m3398 14 38 738 
m2466 45 46 2345 
m1508 5 31 36 255 281 286 1555 1581 1586 1805 1831 1836 
m3310 33 36 41 1686 2083 4586 
m1397 22 36 40 46 1122 1136 1140 1146 1840 2040 2336 2340 
m1167 26 32 33 37 1333 1626 1633 1637 1876 1883 
m2434 22 44 46 1146 2322 2344 2346 4846 
m3037 5 22 46 1105 1146 2305 
m1274 22 23 36 41 1122 1123 1136 1141 2073 3686 4586 
m1774 45 46 2296 
m1047 37 45 46 1895 2337 2345 2346 
m1041 5 13 33 45 263 283 2255 2263 2283 3183 
m1130 22 30 41 46 1130 1146 1522 1546 2072 2080 2096 2322 
m3047 45 46 2295 2296 2345 
m1513 22 23 36 40 41 46 1122 1123 1136 1140 1186 1190 1836 1840 2036 2040 2072 2073 2086 2090 2322 2323 2336 2340 2341 3686 
m2723 14 22 23 36 723 1114 1123 1136 1186 3236 
m1183 3 30 45 46 180 195 2280 2296 2330 2345 2346 2696 4803 
m2240 22 23 36 41 1123 1136 1141 1191 3686 4341 
m2483 12 45 46 645 2345 4812 
m1388 14 45 46 714 745 746 2345 4814 
m246 45 
m2328 22 23 30 36 40 45 46 1122 1123 1130 1136 1140 1145 1146 1172 1173 1180 1190 1196 1522 1523 1536 1540 1545 1546 1822 1823 1830 1836 1840 1845 1846 2022 2023 2030 2036 2040 2045 2046 2272 2273 2280 2286 2290 2296 2322 2323 2330 2336 2340 2345 2346 4823 
m463 13 20 22 33 36 40 670 672 686 690 1022 1033 1036 1040 1672 1686 1690 1822 1840 2022 2036 3183 3536 4336 
m3222 23 36 41 1823 2073 3673 4323 4586 
m528 46 
m493 22 37 46 1872 2322 4837 
m787 36 1836 
m694 22 23 30 46 1122 1123 1130 1146 1180 1523 1530 1546 2330 2346 4823 
m2149 12 23 30 36 41 612 630 636 641 1191 1523 1541 1812 1823 1830 1836 1841 2062 2073 2086 3123 
m2270 36 
m2539 
m492 5 11 15 33 38 46 555 565 583 588 596 755 1655 1696 1915 1933 1946 2305 2315 4165 
m3466 37 40 45 46 1890 2287 2290 2296 2340 4396 
m1058 22 44 46 1144 1146 2246 2322 2344 2346 4846 
m1918 13 22 46 1113 2313 2322 
m578 22 37 40 46 1137 1146 2022 2037 2040 2046 2322 2337 2346 4837 
m1675 12 22 23 36 40 45 46 49 622 623 636 640 645 649 1123 1136 1140 1145 1195 1822 1823 1840 1845 1849 2012 2023 2036 2045 2046 2049 2322 2323 2336 2340 2345 2349 2472 2473 2486 2490 2495 3136 4323 4336 4812 
m208 3 38 45 195 1903 1938 1945 
m2350 38 46 1946 2346 
m2558 18 45 2268 
m2123 29 36 41 1486 1829 1836 1841 2079 2086 2091 
m402 5 45 46 2255 2296 2305 
m2868 14 36 49 749 1814 1849 
m3505 23 36 40 46 49 1836 1840 1846 1849 2023 2036 2040 2046 2049 2323 2336 2473 2486 2490 2496 3686 4323 4336 4836 
m801 22 23 30 45 1123 1130 1145 1173 1180 1523 1530 2273 2280 3673 
m2867 22 40 46 1140 1146 2046 
m3129 36 
m2517 22 44 46 1144 1146 2246 2322 2344 2346 4846 
m719 14 40 740 
m1267 20 45 1045 
m3271 36 38 46 48 1836 1838 1848 1936 1938 1948 2336 2338 2348 2436 2438 2448 4336 4836 
m3270 22 36 41 1136 1141 1822 1841 2072 2086 2091 4336 4586 
m2398 36 48 1836 1848 2436 2448 4336 
m608 22 36 40 41 1136 1141 1836 1840 2036 2086 2090 4586 
m1608 5 45 46 2255 2296 2305 
m2367 22 44 46 1146 2344 2346 4846 
m577 5 14 26 45 705 745 1305 1314 1345 2255 
m3149 10 36 40 49 536 1810 1836 1849 2010 2036 2049 2460 2486 
m955 3 38 153 188 1903 
m3043 22 37 1872 
m3347 5 22 36 40 41 272 286 290 291 1105 1122 1136 1140 1141 1840 1841 2041 
m1054 14 40 46 49 2014 2046 2314 2346 2464 2490 2496 4814 
m2340 36 40 46 49 1849 2036 2040 2046 2049 2336 2346 2349 4336 4836 
m356 36 46 1846 2336 2346 4836 
m444 26 45 46 1345 1346 2295 2345 
m1995 22 36 46 49 1136 1146 1846 1849 2349 
m3018 23 36 40 46 49 1836 1840 1846 1849 2023 2036 2040 2046 2049 2323 2336 2473 2486 2490 2496 3686 4323 4336 4836 
m2308 46 
m2872 40 46 2046 
m3375 27 45 46 2277 2296 2327 2346 
m3168 36 40 46 49 1836 1840 1846 1849 2036 2040 2046 2336 2340 2346 2349 2486 2490 2496 4336 4346 4836 
m2180 32 45 1645 
m1853 46 
m1259 5 41 2055 
m378 11 13 45 563 595 695 
m2781 
m1938 45 
m964 22 44 46 1146 2344 2346 4846 
m2193 45 46 2345 2346 
m1514 7 22 46 1107 1122 1146 2307 2346 
m1841 13 14 33 38 40 46 49 664 690 696 699 749 1664 1690 1696 1913 1933 2014 2046 2049 2314 2349 2464 2496 4163 
m2133 22 40 44 46 1146 2022 2044 2046 2344 2346 4846 
m3148 26 33 45 1333 1345 1695 
m162 37 46 4396 
m2771 3 46 2303 2346 4803 4846 
m1354 22 45 1145 
m2589 32 1632 
m722 11 
m2403 29 36 48 1486 1829 1836 1848 2429 2436 2448 4336 
m2562 9 14 22 44 46 709 744 746 1109 1114 1122 1144 1146 2209 2246 2309 2322 2344 2346 4814 
m2272 22 23 36 40 41 1122 1123 1136 1140 1141 1172 1822 1823 1836 1840 1841 2022 2023 2036 2040 2041 2072 2073 2086 3686 
m2537 22 44 46 1144 1146 2344 2346 
m2143 12 23 30 36 41 612 630 636 641 1191 1523 1541 1812 1823 1830 1836 1841 2062 2073 2086 3123 
m286 26 32 46 1626 1646 2326 
m2729 13 33 4163 
m1176 22 23 32 36 40 46 49 1122 1123 1132 1136 1146 1149 1172 1173 1182 1186 1190 1196 1199 1622 1623 1632 1636 1640 1646 1822 1823 1832 1836 1840 1846 1849 2022 2023 2032 2036 2046 2322 2323 2332 2336 2346 2349 2472 2473 2482 2486 2490 2496 3673 3686 3696 4323 4346 
m2242 40 45 2045 2290 2295 
m132 5 37 45 46 1855 2255 2287 2296 2305 4837 
m1965 45 46 48 2345 2445 2446 
m1809 14 23 30 38 730 1180 1514 1523 1530 1538 1914 1923 1930 1938 3223 
m471 11 13 33 45 563 583 595 2263 2283 3183 
m2551 22 26 33 36 49 1126 1133 1676 1822 1826 1833 1849 2472 2476 2483 
m3076 
m1003 21 
m370 5 45 295 
m713 13 22 41 691 1113 1122 1141 
m342 37 
m2951 22 37 46 1872 2322 4837 
m1363 22 44 46 1146 2344 2346 4846 
m1172 14 32 46 714 732 2314 2332 2346 4814 
m237 22 38 46 49 1146 1149 1922 1946 1949 2349 2472 2488 2496 
m2121 22 23 30 38 1122 1123 1130 1138 1172 1173 1188 1522 1523 1530 1538 1922 1923 3673 
m1678 14 23 30 46 1514 1523 1546 2314 2323 2330 2346 3664 4814 4823 
m2042 37 46 4837 
m3261 21 36 46 49 1086 1099 1849 2321 2336 2346 2349 
m1286 14 22 36 1114 1136 4314 
m1550 14 22 38 46 738 1114 1138 2314 2322 2338 2346 4814 
m1668 22 23 36 40 41 46 49 1123 1136 1140 1173 1186 1190 1199 1840 2022 2023 2036 2040 2041 2049 2072 2073 2086 2090 2091 2099 2322 2323 2340 2341 2473 2486 3673 3686 4323 
m3080 27 36 40 46 1827 1840 2027 2036 2040 2327 2340 4836 
m591 37 38 40 46 1890 1937 1938 1946 2340 4837 
m734 14 40 46 740 746 2014 2040 2046 2314 2340 2346 4814 
m2043 22 40 46 1146 2022 2046 2346 
m1153 22 44 46 1146 2344 2346 4846 
m1544 12 22 37 46 1112 1137 1146 2337 4362 4812 
m941 41 46 2341 
m2292 22 36 41 49 1136 1141 1149 1841 1849 2072 2086 2091 2099 2486 2491 4336 
m3542 22 33 46 1122 1133 1146 1672 1683 1696 2322 2333 2346 4833 
m560 26 45 46 1345 1346 2345 
m3220 
m2158 22 36 37 40 46 1122 1136 1137 1140 1146 1822 1836 1837 1840 1846 1890 2022 2036 2037 2040 2046 2322 2336 2337 2340 2346 4837 
m1439 14 45 745 
m433 26 38 46 1926 1946 2326 
m2301 14 22 30 36 40 722 730 736 1114 1122 1130 1136 1140 1522 1536 1540 1822 1840 2022 2040 
m681 36 46 2336 
m2067 45 46 2296 2345 4846 
m1417 22 36 40 41 49 1122 1136 1141 1149 1841 1849 2022 2036 2041 2049 2486 2491 4336 
m2455 12 23 30 36 41 46 49 630 1180 1812 1830 1846 2062 2073 2080 2086 2096 2323 2330 2462 2473 2480 2486 2491 2496 3123 4323 4812 
m1865 22 23 30 1122 1123 1130 1172 1173 1180 1522 1523 1530 3673 
m2793 21 23 46 1171 2321 2323 
m290 13 22 36 38 40 672 686 690 1113 1122 1136 1140 1822 1913 1922 1936 1940 2022 2036 
m2780 38 45 46 1945 2338 2345 2346 
m1625 9 13 33 38 463 483 488 688 1688 4163 
m209 45 
m3345 23 45 46 1195 2323 2345 2346 
m2803 36 
m877 22 33 46 1122 1133 1146 1696 2333 2346 4196 
m135 36 45 49 1849 2286 2299 
m3277 36 37 40 46 1840 1886 1890 1896 2036 2037 2040 2046 2336 2340 2346 4346 4837 
m3427 30 36 46 1830 2330 2336 2346 4336 
m1928 5 32 45 1605 1645 2255 
m238 45 46 2345 
m2381 8 46 2308 2346 4846 
m2000 5 45 46 2255 2305 2345 
m1346 22 23 30 46 1122 1123 1130 1146 1180 1522 1523 1530 1546 2330 4823 
m1265 5 22 30 37 46 272 280 287 296 1522 1537 1855 1872 1880 1887 1896 2305 2322 2330 2337 2346 4387 4837 
m2574 22 44 46 1146 2344 2346 4846 
m3098 36 39 40 1836 1839 1840 1986 1990 2036 2039 
m3273 8 46 408 446 2308 2346 
m2956 22 23 30 36 40 41 1122 1123 1130 1136 1140 1172 1180 1186 1522 1523 1536 1822 2023 2030 2036 2072 2073 2080 2086 2090 3673 4323 
m3119 45 46 2296 
m3378 26 45 46 1326 1345 1346 2276 2296 2326 
m2227 23 30 45 1195 1523 1545 
m2266 12 23 36 46 49 636 649 1199 1849 2336 2349 3123 3686 4812 4823 
m2467 13 22 36 40 41 1113 1136 1140 1813 1840 2013 2063 2072 2086 2090 
m1136 45 2295 
m625 41 
m502 22 46 49 2322 2346 2472 2496 
m3005 16 38 46 838 2338 4816 
m3440 22 23 36 40 41 46 49 1122 1123 1136 1140 1141 1149 1173 1186 1190 1822 1823 1836 1841 1849 2022 2023 2036 2040 2046 2072 2073 2086 2322 2323 2336 2341 2349 2472 2473 2486 2491 3673 3686 4323 4336 
m2606 5 36 45 46 49 286 296 299 1836 1846 1849 2255 2286 2296 2299 2336 2349 
m3197 5 45 2255 2295 
m484 22 45 1145 
m1008 37 41 46 2087 2096 4837 
m826 33 45 46 1695 2345 4833 
m3296 22 23 36 41 45 1122 1123 1136 1141 1145 1173 1186 1195 1845 2073 2095 3673 3686 4323 4586 
m3522 22 44 46 1146 2222 2244 2246 2344 2346 4846 
m384 13 36 40 49 2013 2036 2463 2486 2490 4313 
m2168 5 14 36 41 45 255 286 291 295 705 736 741 1845 2055 2086 2095 4336 
m1940 28 36 1828 1836 
m2840 36 40 46 1836 2036 2046 2336 
m1064 22 38 46 1138 1146 1946 
m1509 23 30 36 49 1180 1823 1830 1836 1849 2473 2480 2486 2499 
m2732 13 16 38 688 838 3313 
m2860 14 22 27 40 727 1114 1127 2014 2022 2027 
m1927 22 40 1140 
m1763 17 46 2317 2346 4817 
m3245 33 45 46 2283 2296 2333 2346 4833 4846 
m1863 22 23 30 41 46 1122 1141 1146 1191 1523 1530 1541 1546 2073 2080 2091 2096 2322 2323 2330 2341 2346 
m1227 26 33 46 1676 1696 2326 2333 2346 
m1743 22 46 1146 
m2513 45 46 2296 
m145 22 44 46 1146 2344 2346 4846 
m1300 32 37 1632 1637 1882 
m2129 22 36 40 49 1149 1822 1849 2022 2036 2049 
m1361 17 46 2317 2346 4817 
m1670 22 23 38 46 49 1122 1123 1138 1146 1199 1923 1938 1946 1949 2323 2346 2349 
m804 22 23 31 36 1123 1131 1136 1172 1173 1573 1822 1823 3673 3686 4086 4323 
m622 44 46 49 2246 2494 2496 
m2405 22 45 46 1122 1145 1146 2296 2346 
m2980 22 23 30 38 1122 1123 1130 1172 1173 1188 1522 1523 1530 1538 3673 
m200 22 23 30 36 40 46 49 1122 1123 1130 1136 1140 1146 1149 1172 1173 1180 1186 1190 1199 1522 1523 1530 1536 1540 1546 1549 1822 1823 1830 1836 1840 1846 1849 2022 2023 2030 2036 2040 2046 2322 2330 2336 2340 2346 2472 2473 2480 2486 2496 3696 4823 
m2952 22 45 46 2272 2296 2322 2346 
m2333 12 36 46 49 649 1849 2336 2349 3136 4812 
m2739 13 14 22 672 722 3213 
m935 22 23 36 40 46 1122 1123 1136 1140 1146 1172 1822 2022 2023 2036 2040 2046 2322 2323 2336 2340 2346 4323 4823 
m1517 22 40 46 1146 2340 
m2390 22 44 46 1144 1146 2222 2244 2246 2322 2344 2346 4846 
m912 22 38 45 46 1122 1146 1922 1938 1945 1946 2272 2288 2295 2296 2346 
m2594 23 
m2298 36 37 40 46 48 1848 1886 1890 1896 2036 2040 2046 2048 2336 2340 2346 2348 4396 4836 
m2151 22 32 45 46 1146 2272 2282 2295 2296 2332 2346 
m1807 3 22 30 38 172 180 188 1522 1922 1930 1938 
m2459 22 23 30 38 41 1122 1123 1130 1172 1173 1188 1522 1523 1530 1538 2072 2073 2080 3673 
m201 
m2369 18 45 945 
m341 13 22 33 36 40 45 672 686 690 695 1122 1136 1140 1672 1686 1690 1822 2022 2036 2272 2283 2286 2290 3183 
m2745 22 23 36 40 1122 1123 1136 1140 1173 1823 1840 2023 2040 3673 
m2417 27 46 49 2327 2346 2477 2496 
m397 14 46 2346 4814 
m2672 22 38 44 46 1146 1946 2344 2346 4846 
m3085 13 22 32 46 682 1113 1122 1132 1146 2313 2322 2332 
m2844 12 14 23 30 41 46 641 723 730 741 1191 1512 1514 1523 1530 1541 2312 2314 2330 2341 3212 3662 4823 
m1892 23 30 45 46 1195 1523 1545 1546 2295 2345 4823 
m1786 22 36 37 46 49 1136 1137 1146 1149 1846 1849 1886 1899 2349 4396 
m1152 22 23 30 36 40 41 1122 1123 1130 1136 1140 1172 1180 1186 1522 1523 1536 1822 2023 2030 2036 2072 2073 2080 2086 2090 3673 4323 
m3189 8 41 46 49 408 446 449 2058 2096 2308 2341 2346 2349 2458 2496 
m1842 13 46 2313 
m1238 30 41 46 2080 2330 2341 2346 
m2493 22 26 44 46 1146 1322 1344 1346 2344 2346 4846 
m2450 21 1071 
m1690 13 22 36 45 46 672 1822 2263 2272 2286 2296 2313 2322 2336 4313 
m1738 26 46 1346 
m1894 22 45 46 1146 2272 2296 4846 
m2506 37 46 1896 
m2547 22 44 46 1146 2322 2344 2346 4846 
m2144 14 22 36 46 49 722 736 749 1814 1822 1849 2322 2336 2349 2472 4336 4814 
m2766 32 36 46 49 1632 1636 1649 1849 2332 2336 2346 2349 
m2080 40 46 2040 2046 2340 
m16 37 40 46 2037 2046 4837 
m1799 22 26 44 46 1122 1144 1146 1322 1326 1344 1346 2344 2346 4846 
m1414 22 36 38 41 49 1136 1138 1141 1149 1822 1838 1841 1849 1922 1936 1941 2072 2086 2088 2099 2472 2486 2488 2491 4336 
m1441 39 45 1995 2289 2295 
m3544 22 44 46 1122 1146 2344 2346 4846 
m2341 5 32 36 45 1605 1805 2255 2282 2286 4332 
m600 37 1887 
m1347 36 45 46 49 1845 2336 2345 2346 2349 2486 2495 2496 
m3453 36 40 41 1840 1841 2036 2040 2041 4336 
m2756 37 39 40 46 1890 1987 1990 2340 4396 4496 
m1813 13 22 33 36 40 686 690 1113 1133 1136 1140 1686 1690 1840 3183 
m25 37 45 46 1895 2337 2345 2346 4396 
m1291 30 46 2330 
m1793 22 44 46 1146 2344 2346 4846 
m1216 37 46 2337 2346 4837 4846 
m2176 40 44 46 49 2044 2046 2049 2344 2349 2494 
m1936 14 28 36 728 736 1828 1836 
m3448 26 36 46 49 1326 1336 1346 1349 1826 1846 1849 2326 2476 2496 
m755 22 44 46 1146 2344 2346 4846 
m2543 23 30 46 1173 1180 1196 1523 1530 1546 2323 2330 2346 3696 4823 4846 
m2832 12 45 46 645 2345 4812 
m287 14 34 46 734 746 2334 
m861 45 2295 
m240 5 14 32 705 1605 1614 
m189 22 36 41 1122 1136 1141 1822 2072 4586 
m422 10 22 44 46 546 1110 1144 1146 2210 2246 2310 2344 2346 4846 
m3035 22 38 44 46 1146 1922 1946 2344 2346 4846 
m202 22 36 46 49 1136 1146 1149 1822 1846 2322 2336 2346 2472 2486 2496 
m1748 37 46 49 2337 2346 2487 2496 4837 
m443 22 30 36 39 41 1136 1139 1522 1536 1539 1541 1986 2072 2089 4586 
m2884 23 27 32 42 1182 1192 1373 1382 1392 1642 
m1742 5 36 45 286 295 1845 4336 
m2324 5 36 41 45 46 286 291 1836 1841 2286 2291 2296 2305 2336 2341 4836 
m1454 22 23 30 38 41 1123 1130 1172 1173 1188 1522 1523 1530 1538 2072 2073 2080 3673 
m2439 37 
m677 22 23 36 40 46 49 1172 1822 1836 1849 2023 2036 2040 2046 2049 2322 2323 2336 2349 2472 2473 2486 4323 4336 4836 
m411 13 22 36 40 672 686 690 1822 1840 2022 2036 2040 4336 
m233 23 45 1195 
m1612 13 33 36 40 47 686 690 697 1686 1690 1697 1840 1847 2036 2040 2047 3183 4336 
m2958 14 27 36 46 48 736 746 748 1364 1386 1396 1398 1846 1848 2446 
m1278 36 40 41 46 49 1841 1846 1849 2036 2041 2046 2049 2336 2341 2486 2491 2496 4336 
m2153 12 22 23 36 41 46 49 622 623 636 641 649 1123 1136 1141 1191 1822 1823 1841 2322 2323 2336 2341 2349 2472 2473 2486 2491 3136 4323 4336 4812 
m2313 46 4846 
m2161 14 36 40 46 740 746 1840 2014 2036 2040 2046 2336 2340 2346 3236 4346 4814 
m1476 14 39 1964 
m806 22 23 30 36 40 41 1122 1123 1130 1136 1140 1141 1172 1173 1180 1186 1190 1191 1523 1536 1540 1541 1823 1836 1840 1841 2022 2023 2030 2036 2041 2072 2073 2080 2086 2090 2091 3673 3686 4323 4336 4586 
m1045 12 14 33 46 712 746 2333 3133 3233 4812 
m3134 26 46 50 1326 1346 1350 2350 
m2855 40 46 2046 
m1750 17 38 46 896 1917 1938 1946 2317 2338 2346 3396 4817 4846 
m2761 22 36 46 1122 1136 1146 1822 1846 2322 
m495 37 38 39 46 49 1899 1937 1946 1987 1988 1996 1999 2337 2346 2349 4496 4837 
m2076 26 37 41 46 1337 1341 1346 1891 2341 4837 
m3455 45 46 2296 
m808 13 37 38 46 1913 1937 1946 2313 2337 4363 
m371 36 45 1845 
m3056 14 22 1114 1122 
m3410 37 41 46 2087 2096 4837 
m3435 31 36 1581 1586 1836 4086 
m2824 22 36 41 49 1122 1136 1141 1149 1822 1841 1849 2072 2086 2091 2099 2472 2486 2491 4336 
m3407 12 36 46 49 649 1812 1849 2336 2349 4812 
m1226 13 33 663 683 1663 1683 3183 4163 
m3023 22 36 41 46 1822 2072 2096 2322 4586 4836 
m1769 38 46 1946 
m3234 13 33 46 2313 2333 4163 
m2683 15 46 2315 
m1645 22 
m2787 22 23 30 46 1122 1123 1130 1146 1180 1523 1530 1546 2330 2346 4823 
m586 5 45 46 2255 2296 2305 
m2171 27 36 37 46 49 1387 1827 1837 2327 2477 2486 2487 2496 4336 4346 4837 
m1239 22 23 36 40 41 1122 1123 1136 1140 1141 1172 1173 1186 1190 1191 1822 1823 1836 1840 1841 2023 2036 2041 2072 2073 2086 2090 2091 3673 3686 4323 4586 
m833 
m121 22 23 30 36 40 46 49 1122 1123 1130 1136 1140 1146 1149 1172 1173 1522 1523 1530 1540 1546 1822 1823 1830 1840 1846 2022 2023 2030 2036 2040 2046 2322 2323 2330 2336 2340 2346 2349 2480 2486 2490 2496 3696 4823 
m2004 37 45 1887 1895 
m2368 22 45 46 1145 1146 2345 
m2224 23 32 38 46 1182 1188 1196 1923 1932 1938 1946 2332 2338 2346 3696 4823 
m2664 5 36 38 46 286 296 1905 1936 1946 4836 
m3409 22 23 36 41 1122 1123 1136 1141 1173 1186 1823 2073 3673 3686 4323 4586 
m3441 37 
m146 22 44 46 1146 2246 2344 2346 4846 
m1057 22 44 46 1144 1146 2246 2344 2346 4846 
m2431 13 22 38 672 1113 1138 1913 1922 
m890 37 38 46 1888 2338 4396 
m1080 46 2346 
m2861 13 33 45 695 1695 4163 
m1692 22 32 38 46 1146 1922 1932 1938 1946 2332 2346 
m3481 22 26 33 40 1126 1133 1676 2022 2026 2033 
m3384 9 14 36 49 709 1809 1814 1836 1849 2459 2464 2486 2499 
m511 46 2346 4846 
m1060 44 46 2246 2344 2346 4846 
m3527 22 45 46 1145 2322 2345 
m2815 22 23 36 40 41 1122 1123 1136 1140 1141 1186 1190 1836 1840 2036 2040 2072 2073 2086 2090 3686 
m1721 22 23 36 40 41 46 1123 1136 1140 1146 1190 1822 1823 1836 1840 1841 2023 2036 2040 2041 2046 2072 2073 2086 2096 2322 2323 2336 2340 2341 2346 3673 3686 4323 4346 4823 
m64 45 46 2295 2345 2346 
m367 12 49 649 2462 2499 
m2407 
m3461 22 37 40 46 1872 2037 2046 2322 2337 2346 4837 
m3447 45 46 2295 2296 2345 4846 
m2600 22 23 30 45 46 1122 1123 1130 1145 1146 1195 1522 1523 1530 1545 1546 2273 2280 2295 2296 2322 2330 2345 2346 3696 4823 
m1358 22 45 1122 1145 2272 2295 
m2228 12 36 45 46 636 645 1845 2312 2336 2345 2346 4812 4836 
m432 
m729 14 36 46 736 746 2336 
m1628 22 36 40 41 46 49 1136 1140 1141 1149 1836 1849 2036 2049 2086 2090 2099 2322 2336 2340 2341 2349 4336 
m2599 23 36 40 41 44 1186 1190 1191 1194 1840 1841 2041 2240 2241 4736 
m2602 36 38 41 1838 2088 4341 
m383 18 37 46 1868 2318 4837 
m1021 23 36 40 1823 1836 1840 2023 2036 2040 3686 
m1689 22 28 38 46 1128 1138 1146 1928 1938 2328 2338 
m630 8 408 
m3562 20 37 46 1870 2320 2337 
m2410 22 44 46 1146 2246 2344 2346 4846 
m2640 22 45 1145 
m1904 32 37 46 1882 2332 2337 
m1833 13 22 44 46 694 1113 1146 2313 2344 
m3525 22 23 41 1141 1172 1173 1191 
m874 22 23 30 41 49 1123 1130 1173 1523 2072 2073 2080 2472 2473 2480 2491 3673 
m387 46 
m1974 12 30 45 630 2262 2280 
m777 12 22 36 40 41 45 46 49 636 640 641 645 649 1145 1822 1836 1840 1841 1845 2012 2022 2036 2040 2041 2045 2046 2072 2095 2272 2295 2336 2340 2349 2486 2490 2491 2495 3136 4336 4812 
m1270 13 17 22 672 872 3363 
m1634 22 36 41 46 48 1136 1141 1848 2086 2098 2322 2336 2341 2348 4336 
m995 45 46 2296 2346 
m1100 22 30 36 41 1122 1130 1136 1530 1536 1541 1830 2080 4586 
m327 17 46 4817 
m1079 22 37 46 1137 1146 4837 
m1374 22 23 45 1172 1173 2272 2273 3673 
m1467 45 46 2296 
m975 45 
m2821 5 13 22 33 655 1113 1122 1133 1655 1672 4163 
m703 30 45 46 2280 2295 2296 2330 2346 
m968 13 23 30 46 696 1163 1173 1180 1196 1513 1523 1530 1546 2313 2323 2330 2346 3196 3663 3696 4823 
m1891 12 29 36 46 612 629 636 1812 1829 1836 2312 2329 2336 2346 3136 4336 4812 4836 
m556 36 40 49 1836 1840 1849 2036 2040 2049 2486 2490 2499 
m2545 22 44 46 1146 2222 2246 2322 2344 2346 4846 
m2380 11 13 33 45 563 583 595 695 1695 3183 
m1725 45 46 2296 2345 2346 
m2914 14 49 2464 
m1214 37 46 1887 1896 2337 2346 4837 
m652 32 36 41 46 1641 1646 2332 2336 2341 2346 4136 4586 
m2698 22 23 36 41 46 49 1141 1172 1191 1822 1823 1841 1846 2322 2323 2341 2472 2473 2486 2491 2496 
m110 14 22 46 722 746 2322 
m2012 22 38 44 45 46 1146 1922 1944 1946 2272 2288 2294 2296 2344 2346 4846 
m1788 38 46 1946 
m2595 22 23 30 38 41 1122 1123 1130 1172 1173 1188 1522 1523 1530 1538 2072 2073 2080 3673 
m3340 14 45 2264 
m1946 36 38 40 45 1845 1936 1938 1940 1945 2036 2045 2286 2295 4336 
m2794 22 46 49 1149 2322 2346 2349 
m1380 17 38 46 867 896 1917 1946 
m938 17 46 2317 2346 4817 
m1219 8 22 36 45 46 1108 1122 1136 1145 1146 2258 2286 2295 2296 2308 2336 2346 4308 4836 
m398 11 13 22 38 563 572 588 688 1113 1138 
m987 14 22 36 40 46 722 1814 1822 1836 1840 1846 2014 2022 2036 2040 2046 2314 2322 2340 2346 3246 4314 4346 4836 
m633 17 33 38 45 895 1695 1917 1933 1938 1945 3383 
m2735 46 
m3050 22 23 30 44 46 1130 1144 1146 1180 1523 1530 1546 2223 2230 2246 2323 2330 2344 2346 4823 4846 
m2865 13 37 4363 
m3518 45 49 2295 2299 
m2454 22 23 36 40 46 49 1172 1822 1823 1836 1840 1849 2022 2023 2036 2040 2046 2049 2322 2323 2336 2349 2473 2486 3686 4336 4346 4836 
m524 45 2295 
m3163 22 32 36 1622 1822 4136 
m2025 14 36 40 46 1814 1846 2014 2036 2040 2046 2346 4346 4814 
m3003 23 30 45 46 1173 1180 1196 2273 2296 2330 2346 4823 
m758 32 36 45 46 1832 2282 2286 2296 2332 2336 2346 4836 
m1727 34 46 2334 
m31 
m3498 45 46 2296 2345 4846 
m1465 23 45 46 1195 2323 2345 3673 
m2738 45 2295 
m2727 26 40 46 49 1340 1346 1349 2046 2490 2496 
m1874 36 46 2336 
m2267 22 36 46 49 1136 1146 1149 1849 2336 2346 2349 
m8 11 13 22 45 563 572 595 695 1113 1145 
m727 45 49 2295 2299 
m2994 38 45 46 1945 2288 2295 2296 2338 2345 
m2484 22 36 40 41 1136 1141 2036 2086 2090 
m610 22 45 46 1145 1146 2296 
m2866 
m1846 13 22 26 33 36 40 672 686 690 1113 1122 1133 1136 1140 1313 1322 1333 1336 1340 1663 1672 1683 1686 1690 1822 2022 2036 3183 
m2716 22 23 1122 1123 1172 1173 3673 
m1617 12 40 46 2012 2046 4812 
m226 22 38 44 46 1146 1922 1944 1946 2344 2346 4846 
m3428 44 46 2246 2344 2346 
m1428 12 45 46 645 2345 4812 
m721 23 38 46 1188 1923 1938 1946 2338 2346 3696 4823 
m871 45 49 2295 2299 
m1422 23 45 1195 2273 2295 
m2502 45 
m1336 22 38 45 46 1138 1145 1146 1938 1945 1946 2345 
m2695 16 45 46 845 2345 4816 
m642 13 22 38 1113 1122 1138 1913 
m821 26 32 36 38 46 1332 1336 1346 1832 1926 1936 1946 2332 2336 2346 4836 
m885 22 23 36 41 49 1123 1136 1141 1172 1173 1186 1191 1199 1822 1823 1841 1849 2072 2073 2086 2091 2099 2472 2473 2486 2491 3673 3686 4323 4336 
m431 11 45 595 
m779 18 45 945 
m1729 22 23 36 40 41 1122 1123 1136 1140 1141 1172 1173 1186 1190 1191 1822 1823 1836 1840 1841 2023 2036 2041 2072 2073 2086 2090 2091 3673 3686 4323 4336 4586 
m3146 23 30 46 1180 2330 2346 4823 
m2274 5 36 46 49 286 296 299 1836 1849 2305 2336 2346 2349 4836 4846 
m1056 22 23 36 40 41 46 1122 1123 1136 1140 1141 1146 1190 1191 1822 1823 1836 1840 1841 1846 2022 2023 2036 2040 2041 2046 2323 2336 2340 2341 3673 3686 4323 4336 
m3244 6 14 32 314 332 732 
m3414 9 17 40 46 49 859 896 2009 2017 2046 2049 2309 2346 2459 2467 2496 3396 
m298 26 
m2139 
m2743 46 
m3132 22 37 41 46 1122 1137 1141 1146 1891 2341 4837 
m986 45 46 2295 2296 2346 
m2027 21 23 45 1171 2271 2273 
m2751 22 23 36 41 46 49 1141 1172 1191 1822 1823 1841 1846 2322 2323 2341 2472 2473 2486 2491 2496 
m2510 22 26 44 46 1146 1346 2344 2346 4846 
m3529 46 
m2006 32 36 37 1632 1637 1882 1886 1887 4136 4332 
m535 22 46 2322 2346 
m2788 26 46 1326 1346 2346 
m3520 30 40 45 46 2045 2046 2280 2296 2330 2345 4846 
m1421 8 37 46 408 437 446 1858 2308 4396 
m2942 14 49 2464 
m2685 37 40 46 2037 2046 2337 4837 4846 
m1407 9 14 36 49 709 1809 1814 1836 1849 2459 2464 2486 2499 
m2525 32 36 44 46 1832 1836 1844 2232 2236 2332 2336 2344 2346 4332 4336 4736 4836 
m1644 22 23 30 1122 1123 1130 1172 1173 1180 1522 1523 1530 3673 
m1328 13 33 3183 
m1352 32 36 1832 
m2395 37 
m2349 37 46 2346 4396 4837 
m1568 22 23 36 49 1123 1136 1172 1173 1186 1199 1822 1823 1849 2472 2473 2486 3673 4323 4336 
m572 36 41 1841 2086 
m1193 36 38 45 48 1838 1845 1848 1936 1938 1945 1948 2295 2436 2438 2445 2448 4336 
m537 46 
m926 7 45 46 2257 2295 2296 2307 2346 
m3179 30 36 40 45 46 49 1545 1549 1830 1845 1849 2030 2036 2045 2046 2330 2336 2345 2349 2495 
m1403 22 36 45 46 49 1145 1822 1845 2322 2336 2345 2472 2486 2495 2496 
m2054 
m545 22 38 45 46 1145 1146 1922 1945 1946 2345 
m2767 30 36 40 46 1536 1540 1546 2036 2340 4836 
m2173 37 38 46 1888 1938 2338 4837 
m1631 22 36 40 41 46 48 1136 1140 1141 1148 1836 1848 2036 2048 2086 2090 2098 2322 2336 2340 2341 2348 4336 
m2830 14 22 1114 
m3324 36 46 49 2336 2349 2486 
m2555 32 1632 
m2283 5 46 2305 
m1673 46 48 2348 
m686 13 22 33 1113 1133 4163 
m2318 22 28 1422 
m2549 22 44 46 1144 1146 2246 2344 2346 4846 
m3367 22 23 30 1122 1123 1130 1172 1173 1522 1523 3673 
m1480 18 23 1168 
m3460 36 45 2286 
m3483 32 45 46 1632 1646 2282 2296 2332 
m2363 23 45 1195 2273 2295 
m2509 22 26 44 46 1146 1322 1344 1346 2344 2346 4846 
m3265 15 22 46 772 2322 4815 
m751 5 32 36 46 49 282 286 296 299 1649 1832 1849 2332 2336 2349 2486 4136 4336 
m1585 5 45 295 2255 2295 
m3399 
m1674 44 46 2344 2346 
m2150 23 36 40 1190 1840 3686 4336 
m2632 36 37 40 46 1886 1896 2036 2037 2046 2336 2346 4836 4837 
m2476 22 26 44 46 1146 1346 2344 2346 4846 
m2839 14 40 46 714 746 2014 2040 2046 2314 2340 2346 3246 4814 
m1484 14 36 40 49 749 1814 1849 2014 2036 
m1415 22 36 40 41 49 1122 1136 1140 1141 1149 1841 1849 2022 2036 2041 2049 2072 2086 2090 2091 2099 2486 2491 4336 
m2499 14 22 46 722 746 2322 2346 
m1277 13 33 4163 
m2289 46 
m452 46 2346 
m117 22 23 30 36 40 1122 1123 1136 1140 1522 1523 1536 1540 1822 1823 1840 2022 2023 2030 2036 2040 4323 4336 
m767 38 46 1938 1946 
m2838 36 45 46 1845 2336 2345 2346 4836 
m711 22 23 36 40 46 48 1123 1136 1140 1146 1148 1190 1840 2022 2023 2036 2046 2048 2336 2340 2346 2423 2436 2440 2446 3696 4323 4346 4823 
m2903 45 2295 
m1023 37 40 46 1890 2037 2046 2340 4396 
m299 23 36 45 1186 2273 2286 2295 3673 3686 
m3348 36 40 1836 1840 2036 2040 4336 
m2394 14 32 46 1614 2314 2332 
m1247 38 46 1938 1946 
m3298 8 36 46 49 1808 1846 2308 2336 2458 2486 2496 4336 
m1566 22 45 46 1145 1146 2296 
m1963 36 40 45 46 1845 2036 2040 2045 2046 2295 2296 2345 4346 
m1803 5 22 44 46 272 294 296 1144 1146 2246 2305 2322 2344 2346 4846 
m864 32 45 1645 
m1726 22 40 45 46 1140 1146 2272 2290 2296 2340 
m2851 8 37 46 437 446 4837 
m3000 22 44 46 1144 1146 2222 2246 2322 2344 2346 4846 
m2668 22 46 1122 1146 
m2715 23 30 45 1180 1195 1523 1530 1545 2273 2280 2295 3673 
m3554 13 33 4163 
m500 37 46 2337 
m412 5 37 46 1855 2305 4837 
m1949 8 33 46 433 446 4833 
m1271 22 23 30 36 40 1122 1123 1130 1136 1172 1173 1180 1186 1190 1522 1523 1530 1536 1540 1822 1823 1830 1840 2022 2023 2030 3673 
m1502 13 33 36 40 46 690 1813 1833 1840 2033 2313 2333 3183 4836 
m1798 13 38 46 688 1913 1946 2338 4813 
m2400 14 22 36 46 722 736 1822 2314 2322 4836 
m1027 23 41 46 1173 2073 2323 2341 3673 
m1248 23 45 1195 2273 2295 
m1059 22 44 46 1122 1144 1146 2222 2246 2322 2344 2346 4846 
m1147 37 38 46 1896 1937 1946 
m1696 5 13 38 45 46 263 296 1905 1913 1946 2255 2263 2288 2296 2313 
m2921 20 22 23 30 38 1022 1023 1030 1038 1123 1130 1172 1173 1180 1188 1520 1523 1538 1922 1923 1930 1938 3673 
m1154 22 23 30 36 46 1172 1522 1523 1536 1822 2322 2330 2336 2346 3686 4823 4836 
m2949 22 36 41 46 49 1141 1822 1841 1846 2322 2341 2486 2491 2496 
m2927 40 44 46 2044 2046 2344 
m3031 32 36 44 46 1644 2236 2332 2336 2344 2346 4136 
m1067 45 2295 
m2875 40 45 46 2040 2045 2046 2345 
m289 32 49 1632 2482 
m2253 22 36 40 1122 1136 1140 1822 2022 2036 
m1643 36 45 46 1845 2286 2295 2345 4836 
m791 22 23 30 1122 1123 1130 1172 1173 1180 1522 1523 1530 3673 
m29 13 22 32 38 46 682 1113 1132 1146 1913 1922 1932 1946 2313 2332 
m1657 33 45 48 1695 1698 2298 
m3128 23 26 30 36 40 45 49 1173 1186 1190 1195 1323 1330 1336 1345 1349 1523 1526 1530 1536 1545 1549 1836 1840 1845 2036 2045 2473 2486 2495 3686 4323 4336 
m2126 22 45 46 1145 1146 2296 4846 
m428 9 14 709 
m1342 30 37 40 46 1537 1540 1546 1890 2340 4396 
m845 22 23 30 46 1122 1123 1130 1146 1180 1523 1530 1546 2330 2346 4823 
m1716 5 23 37 46 49 299 1155 1173 1199 1855 1873 1899 2305 2323 2349 4837 
m2306 22 36 41 49 1136 1141 1822 1841 1849 2072 2086 2091 2099 2472 2486 2491 4336 
m386 36 46 2336 2346 4836 4846 
m2456 22 23 30 41 1122 1123 1130 1172 1173 1180 1522 1523 1541 2072 2073 2080 3673 
m2307 22 47 2372 2397 
m321 23 45 1173 1195 2273 2295 
m1541 
m934 37 46 1896 
m476 22 36 40 41 45 46 49 1122 1136 1140 1146 1149 1836 1841 1846 2036 2041 2046 2272 2286 2290 2295 2296 2299 2336 2341 2346 2472 2486 2490 2496 2499 4341 4836 
m450 13 33 40 46 2013 2033 2046 2313 2333 4163 
m928 23 30 38 46 1180 1923 1930 1946 2330 2346 4823 
m1285 32 33 40 46 1633 2032 2033 2040 2046 2332 2333 
m2947 46 4846 
m2533 14 36 40 46 1846 2014 2036 2040 2046 4314 4814 
m350 26 27 46 1327 1346 2327 2346 
m1404 26 46 1326 1346 2346 
m3052 14 36 49 1814 1849 2464 
m3451 14 36 49 1814 2464 2486 4314 4336 
m488 22 36 41 49 1141 1849 2086 2091 2099 4336 
m46 36 46 2336 2346 4836 
m282 45 
m2448 22 23 30 1123 1172 1173 1180 1522 1523 1530 3673 
m2022 13 16 49 699 849 3166 
m1148 46 4846 
m1528 13 22 36 49 699 1113 1122 1136 1149 1813 1849 
m1179 5 26 45 46 276 296 1305 1326 1346 2255 2276 2296 2326 
m925 45 46 2295 2296 
m1317 4 42 45 2254 2292 2742 
m590 23 30 40 45 46 1173 1180 1523 2023 2030 2046 2273 2280 2290 2296 2323 2330 3673 4823 
m957 22 44 46 1146 2222 2246 2344 2346 4846 
m1249 14 22 39 40 46 740 1114 1122 1139 1140 1146 1990 1996 2014 2040 2046 2340 3246 4464 
m228 22 38 44 46 1146 1922 1944 1946 2344 2346 4846 
m2896 26 37 46 1876 2326 2337 
m1613 8 408 
m3107 13 38 1913 1938 
m569 22 46 1122 1146 2322 2346 
m1646 36 38 46 1936 1946 2336 2338 2346 4836 
m1532 10 32 46 1610 1646 2310 
m738 22 44 46 1146 2246 2344 2346 4846 
m323 13 16 36 40 49 1813 1816 1836 1849 2013 2016 2036 2049 2463 2466 3166 
m451 46 50 2546 
m3497 23 30 41 45 1180 1191 1541 2273 2280 2291 
m948 13 16 3313 
m2465 37 40 46 49 1899 2037 2046 2049 2337 2340 2346 2349 4396 
m297 30 36 39 40 46 1830 1980 1986 1990 1996 2030 2036 2046 2330 4836 
m1430 14 36 49 736 749 1849 
m3278 13 22 46 1113 1122 2322 4813 
m1757 22 36 40 46 1122 1136 1140 1146 1840 2036 2040 2336 2340 
m1369 36 40 41 1836 1840 2036 2086 2090 2091 4586 
m3559 23 46 1173 1196 3696 
m858 38 46 1946 2338 2346 
m1672 13 22 33 1113 1672 4163 
m2590 22 45 46 1146 2272 2296 
m353 21 36 41 1821 2071 4341 
m2799 14 22 36 49 749 1114 1136 1149 1814 1849 
m689 23 36 1173 1186 1823 1836 3673 3686 4323 
m3116 45 46 2296 
m2917 5 26 33 45 1305 1333 1345 1655 1695 2255 
m602 36 45 46 2286 2295 2296 2336 2346 4836 
m1685 14 23 30 39 46 1189 1514 1523 1539 1546 1964 2314 2323 2330 2339 2346 3664 4814 4823 
m1479 14 
m520 14 20 22 720 1114 1120 
m2874 45 46 2345 2346 
m2651 22 23 36 49 1123 1136 1149 1173 1186 2473 2486 3673 4323 
m2225 29 
m3371 22 37 40 46 1137 1146 2022 2037 2046 4837 
m3240 13 37 4363 
m757 22 44 46 1144 1146 2246 2322 2344 2346 4846 
m999 5 22 37 45 1105 1122 1137 1145 1855 1895 2255 
m482 22 23 30 38 1122 1123 1130 1172 1173 1188 1522 1523 1530 1538 3673 
m2026 22 35 46 1135 1146 2322 2335 2346 
m2470 46 
m927 9 36 1809 1836 2959 4309 4336 
m1859 22 23 36 40 41 46 49 1123 1136 1141 1191 1836 1841 2022 2023 2036 2041 2322 2323 2336 2340 2341 2349 2472 2473 2486 2490 2491 2499 4323 4336 4836 
m3413 22 45 1145 
m81 44 46 49 2246 2494 2496 
m1676 10 30 36 46 1536 1546 1810 1846 2310 2346 
m322 22 37 41 46 1137 1141 1146 2087 2096 4837 
m324 22 37 46 1122 1137 1146 1872 2322 4837 
m2231 5 32 36 1605 1636 1805 
m3521 34 46 1746 
m852 46 2346 
m1343 23 30 46 49 1180 1199 1549 2323 2330 2346 2349 2473 2480 2496 
m1128 37 45 1895 
m2287 36 37 38 40 46 1836 1837 1840 1846 1886 1890 1936 1937 1940 1946 2036 2037 2038 2040 2046 2336 2340 4336 4837 
m50 22 36 41 1122 1136 1141 1822 2072 4586 
m2997 22 30 39 1130 1139 1980 
m2697 22 23 1123 1173 3673 
m3373 22 33 46 1672 1696 2322 
m1409 36 38 40 41 1841 1941 2036 2041 2086 2090 2091 
m2622 22 23 30 1122 1123 1130 1172 1173 1180 1522 1523 1530 3673 
m414 15 38 46 1915 2315 2338 
m978 12 45 46 645 2345 4812 
m2804 36 38 49 1849 1936 1949 2486 2488 2499 
m1066 32 36 4332 
m1181 37 
m3081 23 32 46 1173 1182 1196 1623 1632 1646 2323 2332 2346 4823 
m1871 23 45 1195 2273 2295 
m3104 5 36 38 286 1905 1936 
m2666 5 32 255 1605 1632 
m1419 18 45 2268 
m230 22 27 40 46 1127 1140 1146 2027 2046 2327 
m1159 26 44 46 1346 2226 2246 2326 2344 2346 
m2094 36 40 46 1840 2336 2340 
m2981 14 36 38 46 48 736 746 748 1848 1914 1936 1938 1946 1948 2314 2336 2338 2346 2348 
m752 5 32 46 255 282 2305 2332 
m359 9 36 49 1809 2459 2486 2499 2959 4309 4336 
m2680 23 45 46 1195 2323 2345 4823 4846 
m507 32 36 46 49 1849 2332 2336 2346 2349 2482 4332 
m843 14 32 732 1614 1632 
m2251 23 30 38 46 1188 1523 1530 1538 1923 1930 1946 2323 2330 2338 2346 
m303 23 38 1923 1938 
m1844 36 49 1836 1849 2486 2499 4336 
m3111 5 45 46 2255 2296 2305 
m3071 45 2295 
m945 12 14 32 37 46 614 632 732 737 1882 2314 2332 2337 3137 4812 
m437 37 45 46 1895 2345 4837 
m2512 22 38 44 46 1146 1922 1944 1946 2344 2346 4846 
m823 26 32 36 46 1332 1336 1346 1832 2332 2336 2346 4836 
m3006 22 44 46 1146 2344 2346 4846 
m2361 40 46 2046 
m1123 22 23 30 46 1122 1123 1130 1146 1180 1523 1530 1546 2330 2346 4823 
m1950 22 23 30 41 46 1122 1123 1130 1146 1180 1523 1530 1546 2072 2073 2080 2091 2096 2330 4823 
m763 37 41 46 2087 2096 4837 
m317 22 27 36 46 49 1127 1136 1146 1149 1377 1386 1396 1399 1827 1849 2322 2327 2336 2346 2349 2477 2486 2496 2499 
m907 22 46 1146 
m2718 22 23 1122 1123 1172 1173 3673 
m2490 22 44 46 1146 2344 2346 4846 
m1488 22 30 36 1136 1536 
m888 22 37 46 1122 1146 1872 2322 4396 
m849 22 23 30 36 38 40 1123 1130 1136 1140 1172 1173 1180 1186 1188 1190 1522 1523 1538 1822 1830 1922 1923 1930 1936 1938 1940 2022 2023 2030 2036 2040 3673 4323 
m855 23 36 1186 
m1313 18 918 
m319 36 38 46 49 1849 1936 1946 2336 2346 2349 4836 
m3259 14 36 40 45 736 740 745 1840 2036 2286 2290 4336 
m2730 13 14 32 46 664 696 1613 1614 1646 4814 
m1260 12 14 45 46 645 712 745 2312 2314 2345 2346 4814 
m3293 22 23 36 40 46 49 1172 1186 1190 1822 1823 1836 1840 1849 2022 2023 2036 2040 2046 2049 2322 2323 2336 2340 2349 2473 2486 2490 3686 4336 4346 4836 
m3289 33 37 46 1883 1896 4833 
m825 22 30 36 40 41 46 1136 1141 1146 1541 1822 1830 1841 2022 2046 2086 2096 2336 
m2909 20 1020 
m3020 40 46 49 2040 2046 2340 2490 2496 
m699 16 32 46 832 2332 4816 
m3232 13 36 40 45 686 1813 1840 1845 2013 2036 2045 2263 2286 4336 
m1463 23 30 38 41 46 49 1173 1523 1930 1938 1946 1949 2073 2080 2323 2330 2341 2480 2491 2496 3673 
m712 45 46 2295 2345 2346 
m1212 30 40 45 46 2030 2040 2045 2046 2280 2290 2296 2330 2340 2346 
m3118 26 36 41 46 1826 2076 2096 2326 4346 4586 
m1103 36 1836 
