m2884 5 37 46 1855 2305 2337 2346 4837 4846 
m438 14 32 49 732 2464 
m2130 22 46 1122 1146 2322 2346 
m2743 22 36 41 1136 1141 1841 2072 2086 2091 4586 
m1607 22 23 30 36 40 46 1122 1123 1130 1136 1140 1146 1172 1173 1180 1186 1190 1522 1523 1530 1536 1540 1546 1823 1840 2023 2036 2040 2322 2323 2330 2336 2340 2346 3696 4823 
m2227 10 21 36 46 521 536 546 1821 2321 2346 4836 
m2249 34 45 2284 
m233 12 22 36 40 46 49 636 1112 1136 1146 1149 1812 1836 1846 2022 2036 2040 2046 2312 2336 2346 2349 2462 2486 2496 3136 4336 4812 4836 
m2577 22 23 36 40 46 1122 1123 1136 1140 1146 1196 1823 1836 2022 2023 2036 2040 2046 3686 4346 4836 
m2213 22 23 36 40 41 1122 1123 1136 1140 1141 1172 1173 1822 1823 1836 1840 2022 2023 2036 2040 2072 2073 2086 2090 3673 4586 
m1985 22 23 30 41 1123 1130 1141 1522 1523 2073 2080 3673 
m1395 14 21 40 714 721 740 2014 2021 
m136 46 2346 
m2097 23 30 1173 1180 1523 1530 
m266 12 26 46 1312 1326 1346 2312 2346 4812 
m661 12 22 23 36 40 46 49 636 649 1172 1186 1199 1822 1836 1840 2022 2036 2322 2336 2349 2486 3123 3146 3686 4336 4823 
m1679 22 36 46 1136 1146 1846 2322 2336 4846 
m1246 22 44 46 1122 1144 1146 2322 2344 2346 4846 
m2646 36 40 46 1840 1846 2036 2040 2046 2346 4346 
m1856 32 36 46 49 1636 1649 1849 2332 2336 2346 2349 2486 2499 4136 4336 
m2721 36 41 1841 2086 2091 4586 
m176 22 30 36 49 1122 1136 1522 
m127 37 46 2337 2346 4837 
m1397 22 23 30 36 40 1123 1130 1173 1186 1190 1523 1536 1540 2023 2036 3673 
m2484 5 36 46 255 286 2305 2336 2346 
m105 14 22 25 46 725 1114 1146 2325 3246 
m1720 37 40 46 1890 2037 2046 2340 4396 
m146 30 38 46 1930 1938 1946 2330 2346 
m2090 30 40 46 2030 2040 2046 2330 2340 2346 
m2745 22 36 40 41 1136 1141 1836 1840 1841 2036 2041 2072 2086 2090 2091 4586 
m2010 22 23 30 36 40 41 46 1122 1123 1130 1136 1140 1141 1146 1180 1522 1523 1536 1540 1546 1822 1823 1830 1836 1840 1846 2022 2023 2030 2036 2040 2046 2072 2086 2090 2322 2323 2330 2340 4823 4846 
m2407 22 36 40 41 46 1136 1140 1141 1146 1822 1836 1841 2022 2036 2041 2046 2072 2086 2090 2091 2096 2322 2336 2340 2341 2346 4346 4586 4836 
m726 30 46 1546 2330 4846 
m2641 22 30 36 40 41 1136 1141 1536 1540 1541 1822 1836 1840 1841 2022 2036 2040 2041 2086 4336 4586 
m2332 38 46 1938 1946 
m2695 23 30 1173 1180 1523 1530 3673 
m1011 22 46 1122 1146 2322 2346 4846 
m2401 46 
m2264 30 37 40 46 1537 1540 1546 1890 2340 4396 
m1220 22 23 30 36 40 41 1123 1130 1136 1141 1173 1186 1191 1523 1536 1541 1836 2022 2023 2030 2036 2041 2073 2080 2086 2091 3673 3686 4323 4586 
m1002 36 40 41 46 1836 1840 1841 1846 2036 2040 2041 2046 2336 2340 2341 2346 4346 4586 
m2451 26 32 36 38 46 1332 1336 1346 1832 1926 1932 1936 1938 1946 2332 2336 2346 4836 
m2520 
m108 12 26 46 1312 1346 2346 4812 
m1182 46 2346 
m593 12 14 46 712 2314 2346 3146 3246 4812 
m708 26 38 46 1926 1946 2326 
m930 22 23 1123 1173 3673 
m1291 5 38 46 1905 1946 2305 
m1425 22 23 36 40 41 1123 1136 1140 1141 1173 1186 1190 1823 1836 2023 2036 2040 2072 2073 2086 2090 2091 3686 4323 
m312 13 22 33 36 40 1113 1122 1133 1136 1140 1686 1690 1813 2013 2036 4163 
m1139 22 36 40 41 1122 1136 1140 1141 1822 1836 1840 1841 2022 2036 2041 2072 2086 2090 2091 
m836 14 22 36 40 46 722 740 746 1140 1146 1822 1840 2014 2036 2040 2046 2322 2336 2340 2346 3236 4346 4814 
m2619 22 30 32 36 46 49 1532 1536 1546 1549 1622 1636 1649 1822 1849 2322 2330 2332 2336 2346 2349 2472 4136 4336 4836 
m1650 33 38 46 1688 1933 1938 1946 2338 4196 
m2448 14 40 46 714 740 746 2014 2046 2314 2340 2346 4814 
m1029 22 23 1123 
m1593 22 23 30 40 41 1123 1130 1140 1180 1522 1523 1530 2022 2023 2030 2072 2090 
m350 8 408 
m1631 12 13 20 22 32 36 40 49 632 682 699 1012 1013 1022 1036 1040 1112 1113 1122 1132 1136 1140 1812 1813 1832 1836 1840 1849 2012 2013 2032 2036 2049 2462 2482 2486 3136 3162 3186 
m2315 14 38 1914 
m69 32 38 46 49 1649 1932 1949 2332 2338 2346 2349 4846 
m2192 13 17 45 46 49 2263 2267 2295 2296 2313 2317 2349 2463 2467 3363 
m32 41 2091 
m747 37 40 46 1890 2037 2040 2046 2337 2340 2346 4396 
m134 8 23 30 38 46 423 430 1173 1180 1508 1523 1908 1923 1930 1946 2308 2323 2330 3673 
m2902 22 36 41 1136 1141 1841 2072 2086 2091 4586 
m2177 14 40 46 49 2014 2040 2046 2314 2346 2464 2490 2496 4814 
m322 23 26 30 46 1176 1323 1326 1330 1346 1523 1526 1546 2326 2330 2346 3696 4823 4846 
m475 13 16 38 46 1913 1916 1946 2313 2316 3313 
m1875 22 30 46 1522 1546 2322 4846 
m749 37 40 46 1890 2037 2040 2046 2337 2340 2346 4396 
m2291 12 22 36 46 622 636 646 1136 1812 1836 1846 2322 2336 2346 4336 4812 4836 
m1855 22 23 36 40 41 1122 1123 1136 1140 1141 1172 1173 1822 1823 1836 1840 1841 2022 2023 2036 2040 2041 2072 2073 3673 4586 
m229 22 32 46 1122 1132 1146 2332 2346 4846 
m2025 23 30 38 46 1188 1523 1530 1538 1546 1923 1930 1938 1946 2330 2338 2346 3696 4823 
m1363 5 36 46 49 286 296 299 1849 2346 2349 2486 2499 4836 
m942 22 23 46 1123 1146 1196 
m1760 23 30 36 38 46 49 1173 1180 1186 1188 1196 1199 1523 1530 1536 1538 1546 1549 1823 1830 1838 1846 1849 1923 1930 1936 1946 1949 2323 2330 2336 2338 2346 2349 2473 2480 2486 2488 2496 4823 
m355 38 41 44 46 1941 1944 1946 2094 2096 2344 
m1096 36 40 46 1836 1840 2036 2040 2336 2340 2346 
m334 45 46 2296 2346 
m548 26 27 46 1326 1327 1346 1376 1396 2326 
m2855 14 22 32 36 40 45 46 714 722 732 736 740 746 1114 1145 1146 1614 1622 1632 1640 1646 1814 1822 1840 2014 2022 2040 2045 2046 2264 2286 2314 2322 2332 2336 2345 2346 3246 4332 4346 
m1993 10 14 46 710 746 2310 2346 
m307 22 23 36 40 41 1122 1123 1136 1140 1141 1172 1173 1822 1823 1836 1840 1841 2022 2023 2036 2040 2041 2072 2073 3673 4586 
m2054 14 32 36 38 41 46 1614 1914 1932 1936 1938 1941 1946 2064 2082 2086 2314 2332 2336 2341 4136 4314 
m632 37 40 46 1890 2037 2040 2046 2337 2340 2346 4396 
m125 32 39 46 1632 1639 1646 1989 2339 2346 4496 4839 
m1707 5 36 46 49 286 296 299 1849 2336 2346 2349 2486 2499 4836 4846 
m239 22 23 30 36 40 41 46 1122 1123 1130 1136 1140 1141 1146 1191 1523 1536 1541 1546 1841 1846 2023 2030 2036 2040 2041 2046 2072 2341 3696 4323 
m56 32 37 1882 
m2496 26 36 40 45 46 1826 1845 1846 2026 2036 2040 2045 2046 2276 2296 2326 2346 4346 4846 
m1744 37 40 41 46 1891 2037 2041 2046 2087 2090 2091 2096 2337 2340 2341 2346 4396 
m851 36 37 40 46 1837 1846 2036 2037 2040 2046 2337 2346 4346 4837 
m1698 14 20 38 46 49 720 1914 1946 1949 2320 2464 2496 4814 
m303 14 41 46 2064 2091 2096 2314 2346 4814 4846 
m1489 22 32 46 1122 1132 1146 2332 2346 
m1437 30 36 46 1536 1546 2330 2336 2346 4836 
m676 36 37 38 46 49 1837 1838 1888 1938 2338 2486 2487 2496 4346 4837 
m1727 23 40 46 49 1196 2023 2040 2046 2473 2490 2496 
m1059 14 32 36 41 46 1614 2064 2082 2086 2314 2332 2336 2341 4136 4314 
m152 22 
m283 15 23 30 40 46 773 1515 1523 1530 1546 2015 2023 2030 2046 2315 4823 
m1083 13 22 23 32 672 673 1113 1122 1123 1172 1613 1622 1623 
m630 22 23 30 41 1122 1123 1130 1141 1172 1173 1180 1191 1522 1523 1530 2072 2073 2080 2091 3673 
m806 32 42 46 2132 2146 2332 
m821 22 23 30 1122 1123 1130 1172 1173 1180 1522 1523 1530 3673 
m1046 22 39 45 46 1122 1146 1972 1995 1996 2272 2296 
m2440 38 45 46 49 1938 1946 1949 2288 2296 2299 2349 
m684 44 46 49 2344 2349 2494 
m1848 13 22 32 36 37 40 672 686 690 1113 1122 1136 1137 1140 1613 1622 1636 1637 1822 1872 1886 1890 2022 2036 3187 
m330 34 45 2284 
m2769 46 
m2165 11 13 33 661 1661 4163 
m31 26 38 41 1326 1338 1341 1926 1941 2076 2088 4591 
m454 36 37 38 40 46 49 1836 1838 1840 1846 1849 1886 1890 1936 1937 1938 1940 1946 2036 2037 2038 2040 2046 2336 2337 2338 2340 2346 2486 2488 2490 2496 2499 
m2421 22 23 46 49 1123 1146 1149 1173 2323 2473 2496 3673 4823 
m2865 22 23 36 40 41 1122 1123 1136 1140 1141 1172 1173 1822 1823 1836 1840 1841 2022 2023 2036 2040 2041 2072 2073 3673 4586 
m395 22 46 1122 1146 2322 2346 
m2301 26 39 46 1339 1346 2326 2339 4839 4846 
m1202 46 2346 4846 
m659 23 30 45 46 1180 1195 1196 2280 2296 2330 2345 2346 3696 4823 
m713 37 45 46 1895 2345 4837 
m868 5 36 38 46 49 286 296 1849 1905 1936 1946 2346 2349 4836 
m1382 5 36 46 49 286 296 299 1849 2346 2349 2486 2499 4836 
m2445 40 45 46 2290 2296 2340 2346 
m830 22 23 36 37 40 1122 1123 1136 1137 1140 1172 1173 1822 1823 1836 1837 1840 1872 1873 1886 1890 2022 2023 2036 2037 2040 3673 
m1595 14 36 714 3236 
m1902 22 36 37 40 46 1122 1136 1137 1140 1146 1822 1837 1846 1890 2022 2036 2037 2040 2046 2337 2340 2346 4346 4837 
m1973 22 23 30 36 40 41 46 1122 1123 1130 1136 1140 1141 1146 1191 1522 1523 1536 1541 1546 1841 1846 2023 2030 2036 2040 2041 2046 2072 2080 2341 3696 4323 
m565 37 49 1899 2487 2499 
m2532 36 40 46 49 1836 1840 1846 1849 2036 2040 2046 2049 2336 2340 2346 2349 2486 2490 2496 4836 
m157 23 30 32 46 1182 1523 1532 1546 2323 2332 2346 4823 
m1346 32 36 41 46 1632 1636 1641 1646 1832 1836 1841 1846 2082 2086 2091 2096 2332 2336 4586 4846 
m786 30 36 40 41 1536 1540 1541 1836 1840 1841 2036 2041 2091 4586 
m1312 34 38 40 46 1734 1934 2034 2038 2040 2046 2334 2338 2346 
m2245 22 23 36 41 1123 1136 1141 1191 1823 1841 2073 2091 3673 4323 4586 
m2686 23 30 1523 
m2680 22 37 46 1122 1137 1146 4837 
m1534 26 46 1346 
m687 22 23 36 41 1123 1822 1823 2072 2073 3673 4323 4586 
m946 22 32 46 1122 1132 1146 2322 2332 2346 4846 
m1430 37 46 49 2346 2487 2496 4837 
m1963 22 30 36 40 1122 1136 1140 1522 1536 1540 1822 1836 1840 2022 2036 
m2033 22 23 30 36 40 41 46 49 1122 1123 1130 1136 1140 1141 1146 1149 1172 1173 1190 1191 1522 1523 1530 1536 1540 1541 1546 1822 1823 1830 1836 1840 1841 1846 1849 2022 2023 2030 2036 2040 2041 2046 2049 2322 2323 2330 2336 2340 2341 2346 2473 2480 2486 2490 2496 3696 4823 
m1355 13 38 46 688 1913 1938 1946 2313 2338 2346 3196 
m554 5 13 26 33 263 283 1305 1313 1333 1655 1663 1683 3183 
m296 37 41 46 2087 2096 4837 
m241 22 23 36 41 1123 1136 1141 1186 1823 2072 2073 2086 2091 3673 4586 
m2632 14 46 746 4846 
m2804 6 14 32 36 314 332 732 1806 1814 1832 
m1636 30 36 40 49 1536 1549 1830 1836 1849 2030 2036 2499 4336 
m2754 22 23 36 40 41 1122 1123 1136 1140 1141 1172 1173 1822 1823 1836 1840 1841 2022 2023 2036 2040 2041 2072 2073 2086 2090 3673 4586 
m2185 32 39 46 1632 1639 1646 1982 1996 2332 2339 2346 
m896 38 41 46 1938 1941 1946 2341 
m1688 13 46 2313 2346 
m197 22 37 40 46 1137 1140 1146 1890 2022 2037 2040 2046 2337 2340 2346 4837 
m2254 13 38 1913 1938 
m437 23 24 40 46 1190 1240 1246 2023 2024 2040 2046 2323 2324 2340 2346 3696 3723 
m1714 5 36 40 46 49 286 296 299 1836 1849 2005 2036 2046 2336 2346 2349 2486 2499 4836 
m2844 14 23 30 46 1514 1523 1546 2314 2323 2330 2346 3664 4814 4823 
m2589 6 14 32 314 332 732 
m323 30 36 37 40 46 1536 1537 1540 1546 1837 1840 1846 1890 2037 2046 2340 4396 
m149 22 36 38 46 1822 1936 1946 2322 2336 2346 4836 
m214 46 2346 
m2673 22 23 26 30 36 40 41 1122 1123 1126 1136 1140 1141 1172 1173 1180 1186 1191 1323 1336 1340 1523 1536 1541 1822 1823 1826 1836 1840 1841 2022 2023 2026 2036 2040 2041 2072 2073 2076 2086 2090 3673 4586 
m1639 37 46 4837 
m920 23 31 45 46 49 1195 1196 1573 1595 1596 2295 2323 2345 2346 2473 2481 2496 
m729 12 38 41 46 1912 1941 1946 2062 2091 2096 2312 
m793 22 23 30 36 40 46 1122 1123 1130 1136 1140 1146 1172 1173 1522 1523 1530 1540 1546 1822 1823 1830 1840 1846 2022 2023 2030 2036 2040 2046 2322 2323 2330 2340 2346 3696 4823 
m1381 38 46 1938 1946 2346 
m1852 45 2295 
m1553 30 36 38 1530 1538 1838 1930 1936 1938 4036 4330 
m2760 41 
m244 22 23 30 36 40 41 46 1122 1123 1130 1136 1140 1141 1146 1180 1522 1523 1536 1540 1546 1822 1823 1830 1836 1840 1841 1846 2022 2023 2030 2036 2040 2041 2046 2072 2086 2090 2322 2323 2330 2340 4823 4846 
m869 45 46 2296 2346 
m2354 22 36 40 46 48 1136 1140 1146 1822 1840 1846 2022 2036 2040 2046 2048 2322 2336 2340 2346 2348 2422 2436 2440 2446 4346 4836 
m968 13 22 40 45 46 1122 1140 1145 1146 2013 2040 2046 2272 2290 2296 2313 2346 3196 
m2085 36 40 41 46 1836 1841 1846 2036 2040 2041 2046 2336 2341 2346 4341 4346 4836 4846 
m2696 20 40 48 2020 2420 2440 
m995 23 36 40 46 49 1190 1823 1840 1846 1849 2323 2340 2349 2473 
m872 26 32 36 41 46 1332 1336 1341 1346 1641 1646 2332 2336 2341 2346 4136 4586 
m1786 14 30 40 46 1514 1546 2014 2030 2040 2046 2314 2346 4814 
m1745 23 30 36 40 1180 1523 1530 1536 1540 1830 2023 2030 2036 2040 4323 
m1106 36 46 48 49 1846 1848 1849 2336 2348 2486 2496 2499 4336 
m1478 5 13 22 38 263 272 288 663 1105 1113 1122 1138 1905 1913 1922 1938 
m2600 46 49 2346 2349 
m579 37 46 1896 2346 4837 
m2239 8 10 38 508 1908 1910 
m2030 28 37 38 39 46 1878 1928 1937 1938 1939 1946 1978 1987 2328 4396 4496 
m66 36 46 2336 2346 4836 
m2444 15 26 46 776 2326 4815 
m1669 26 33 1676 
m2009 5 23 24 40 41 46 273 274 290 291 296 1190 1240 1246 2023 2024 2040 2046 2073 2074 2090 2096 2340 3696 3723 
m1703 3 14 46 703 2314 2346 2696 3246 4803 
m1323 5 30 37 38 46 280 1855 1880 1896 1905 1930 1937 1946 2305 2330 
m613 5 32 33 46 283 296 1605 1633 1646 2333 
m1581 26 36 37 46 49 1336 1337 1346 1349 1837 1846 1849 2476 2486 2487 2496 2499 4837 
m515 23 30 44 46 1194 1523 1544 2330 2344 2346 4823 
m1811 22 37 46 49 1137 1146 1899 2346 2349 2496 4396 4837 
m2002 22 23 30 36 40 46 1122 1123 1130 1136 1140 1146 1172 1173 1522 1523 1530 1540 1546 1822 1823 1830 1840 1846 2022 2023 2030 2036 2040 2046 2322 2323 2330 2336 2340 2346 3696 4823 
m1772 12 13 46 662 696 2312 2346 3196 4812 
m1788 14 22 45 46 722 745 746 1146 2272 2296 2346 3246 
m2874 14 22 23 30 40 45 46 714 746 1114 1145 1146 1164 1172 1190 1195 1196 1514 1522 1523 1530 1540 1545 1546 2014 2022 2023 2030 2040 2045 2046 2264 2296 2314 3664 
m154 32 36 46 49 1632 1636 1649 1849 2332 2336 2349 
m641 46 2346 4846 
m856 32 40 46 1640 1646 2032 2040 2046 2332 2340 2346 
m948 12 32 46 632 2332 4812 
m2459 23 30 38 41 46 49 1173 1523 1930 1938 1941 1946 1949 2073 2080 2323 2330 2341 2473 2480 2491 2496 3673 
m2693 32 46 2332 
m2319 22 37 40 46 1122 1137 1140 1146 2022 2037 2046 2322 2337 2346 4837 
m158 5 45 2255 
m1198 11 46 2311 
m1010 23 30 49 1180 1199 1549 2473 2480 
m553 22 30 37 41 46 1130 1137 1141 1146 1537 1541 1546 2087 2096 2322 2330 2337 2341 2346 4837 
m2850 46 2346 
m2870 5 36 46 49 286 296 299 1849 2346 2349 2499 4836 
m186 22 23 30 36 40 46 49 1122 1123 1130 1136 1140 1146 1149 1172 1173 1522 1523 1530 1540 1546 1822 1823 1830 1840 1846 2022 2023 2030 2036 2040 2046 2322 2323 2330 2336 2340 2346 2349 2480 2486 2490 2496 3696 4823 
m2907 22 38 46 49 1122 1138 1146 1149 1922 1938 1946 2322 2346 2349 
m2000 5 17 41 46 255 867 891 2055 2091 2317 2341 2346 4817 
m123 36 46 49 1846 1849 2346 2349 2496 4836 
m1941 26 32 36 46 1332 1336 1346 1832 2332 2336 2346 4836 
m1034 38 41 46 1941 1946 2341 
m1040 23 36 40 41 1173 1823 1836 1840 1841 2023 2036 2040 2041 2073 2086 2090 2091 3686 4323 
m1564 33 34 38 40 46 1690 1696 1733 1734 1738 1746 1933 1938 1946 2333 2338 2340 2346 
m2187 28 36 1828 1836 
m2386 
m2055 36 40 46 2036 2046 2336 2340 2346 4836 4846 
m379 14 22 32 46 732 1114 1132 1146 2314 2332 2346 4814 
m2305 14 37 3237 
m1617 5 36 46 49 286 296 299 1836 1849 2336 2346 2349 2486 2496 4836 
m1148 23 30 36 40 41 1173 1180 1186 1190 1191 1523 1823 1830 1836 1841 2023 2030 2036 2073 2080 2086 2090 2091 3673 4323 4586 
m900 5 36 46 1805 1846 2305 2336 2346 4346 4836 4846 
m168 22 32 36 38 45 46 49 1122 1146 1632 1636 1645 1646 1649 1845 1846 1849 1932 1936 1946 2272 2295 2296 2322 2332 2336 2345 2346 2349 2495 2496 4846 
m1740 14 26 46 49 1314 1346 1349 2346 2464 2496 4814 
m1675 12 13 22 27 36 40 622 636 640 672 686 690 1112 1113 1122 1136 1140 1362 1363 1372 1386 1390 1822 2022 2036 3162 
m2016 22 30 39 1139 1980 
m2720 28 36 38 1438 1838 1928 1936 4328 
m340 22 36 40 41 46 49 1136 1140 1146 1149 1822 1840 1846 1849 2022 2046 2072 2086 2090 2096 2322 2336 2340 2346 2349 2490 2496 4336 
m1931 22 23 30 36 37 40 41 46 49 1123 1130 1136 1137 1140 1146 1149 1180 1523 1530 1546 1822 1823 1830 1836 1837 1840 1846 1849 1872 1873 1880 1886 1890 1896 2022 2023 2030 2036 2037 2040 2046 2086 2090 2099 2330 2346 2472 2473 2480 2486 2487 2490 2496 4396 4823 
m2232 23 45 46 1195 2295 2345 2346 4823 
m644 14 20 40 46 1014 1040 1046 2014 2046 3246 
m2327 14 36 40 46 1814 1836 1840 1846 2014 2036 2040 2046 2314 2336 2346 3236 4346 4814 4836 
m717 6 36 42 46 49 2306 2336 2342 2456 2486 2492 2496 2836 4606 4636 
m2784 13 22 33 36 40 46 672 686 690 1113 1122 1133 1136 1140 1672 1686 1690 1822 2022 2036 2313 2322 2333 2336 2340 3183 
m1531 22 23 36 40 41 1122 1136 1140 1141 1173 1186 1190 1823 1836 1840 1841 2022 2023 2036 2040 2041 2073 2086 2090 2091 3686 4323 
m1971 5 32 36 38 46 49 282 286 288 296 1632 1638 1646 1838 1846 1932 1936 1946 2332 2338 2346 2455 2482 2486 2488 2496 4136 4332 4836 
m206 22 30 36 49 1122 1130 1136 1149 1522 1536 1549 1822 1830 1849 2472 4336 
m894 14 34 36 40 46 1714 1734 1736 1740 1746 1814 1836 1840 1846 2014 2036 2040 2046 2314 2346 4346 4814 4846 
m1504 22 36 40 41 1136 1140 1141 1836 1841 2036 2041 2086 2090 2091 4586 
m2488 5 13 14 33 263 283 705 713 733 3183 
m2102 22 23 30 36 40 41 1122 1123 1130 1136 1140 1173 1522 1523 1536 1822 1823 1830 1836 2022 2023 2030 2036 2072 2073 2080 2086 2090 2091 3673 4323 4586 
m730 12 41 46 2062 2091 2096 2312 
m2788 3 32 37 182 187 1882 
m2076 22 37 45 46 49 1122 1137 1145 1146 1895 2322 2345 2346 2472 2487 2495 2496 4396 4837 
m2235 22 23 30 41 1123 1130 1172 1173 1180 1191 1522 1523 1530 1541 2072 2073 2080 
m369 22 23 36 40 46 49 1123 1136 1146 1199 1822 1823 1836 1840 1846 1849 2022 2023 2036 2040 2046 2049 2323 2336 2346 2349 3686 4346 4823 4836 
m1619 36 38 46 49 1849 1936 1946 1949 2336 2338 2346 2349 2486 2496 
m2248 22 23 36 40 41 1172 1822 1841 2022 2023 2036 2041 2072 2073 4323 4336 4586 
m2288 22 44 46 1146 2344 2346 4846 
m656 14 38 46 49 1914 1946 2314 2464 2488 2496 
m374 23 30 36 40 41 49 1190 1523 1530 1540 1541 1823 1830 1836 1840 1841 1849 2073 2080 2090 2473 2480 2486 2490 2491 2499 
m1112 5 13 22 26 33 36 40 655 1113 1122 1126 1133 1136 1140 1313 1333 1655 1663 1683 1805 1813 1826 1833 1840 2005 2013 2026 2033 4163 
m59 22 23 30 36 40 46 49 1122 1123 1130 1136 1140 1146 1149 1172 1173 1180 1186 1190 1199 1522 1523 1530 1536 1540 1546 1549 1823 1840 2022 2023 2030 2036 2040 2046 2322 2330 2336 2340 2346 2349 2472 2473 2480 2486 2496 3696 4823 
m1502 26 32 36 38 46 1332 1336 1346 1832 1926 1932 1936 1946 2332 2336 2346 4836 
m51 32 46 2332 
m569 22 23 30 36 40 46 1122 1123 1130 1136 1140 1146 1172 1173 1522 1523 1530 1540 1546 1822 1823 1830 1840 1846 2022 2023 2030 2036 2040 2046 2322 2323 2330 2340 2346 3696 4823 
m522 13 14 22 40 46 672 722 2013 2014 2040 2046 2313 2314 3164 
m1497 32 1632 
m1874 22 30 46 1522 1546 2322 4846 
m2473 22 36 40 41 45 46 1136 1140 1141 1146 2036 2046 2090 2096 2272 2286 2291 2296 4346 4586 
m1999 14 40 46 2014 2040 2046 2314 2346 4814 
m94 36 41 1836 1841 2086 2091 4586 
m2191 23 30 36 40 46 1180 1523 1530 1830 2023 2030 2036 2046 2330 4323 4346 4823 
m982 23 35 46 1773 2335 2346 4823 
m2200 13 22 38 49 699 1113 1122 1138 1149 1913 1938 1949 
m2497 14 26 46 726 746 1314 1326 1346 2326 2346 4814 
m304 22 30 40 46 1122 1130 1140 1146 1530 1546 2022 2030 2040 2046 2322 2330 2340 2346 
m1309 14 46 49 2314 2346 2464 2496 4814 
m1324 26 32 33 46 1332 1333 1346 1682 2332 4833 
m1851 38 41 46 1938 1941 1946 2341 2346 
m2027 22 30 36 38 40 41 45 46 1130 1136 1138 1140 1141 1145 1146 1522 1536 1540 1541 1822 1836 1840 1922 1945 1946 2022 2036 2040 2086 2090 2272 2296 2322 2330 2336 2341 
m308 22 30 36 38 46 49 1536 1538 1546 1549 1822 1930 1936 1938 1946 1949 2322 2330 2336 2338 2346 2349 2472 2486 2496 
m2728 23 30 36 39 40 41 1173 1180 1186 1190 1191 1523 1823 1830 1836 1973 1986 1990 1991 2023 2030 2036 2041 2073 2080 2086 2091 3673 3686 4323 4586 
m460 36 40 46 49 1849 2036 2040 2046 2049 2336 2346 2349 4336 4836 
m945 22 36 40 41 1141 1822 1836 1841 2036 2041 2072 2086 2091 4586 
m927 13 16 27 32 46 677 827 1613 1616 1627 2313 2316 2327 2332 3166 
m2015 22 36 46 49 1122 1146 1149 1822 1846 1849 2472 2496 
m35 22 23 36 40 45 1122 1123 1136 1140 1172 1173 1822 1823 1836 1840 1845 2022 2023 2036 2040 2045 2272 2273 3673 
m1533 23 26 30 38 46 1180 1323 1330 1338 1346 1923 1930 1946 2330 2346 4823 
m1749 22 37 40 46 1122 1137 1140 1146 1872 2022 2037 2046 2322 2337 2340 2346 4396 
m2841 14 22 23 30 46 722 1172 1514 1522 1523 1546 2314 2322 2323 2330 2346 3664 4814 4823 
m2409 5 13 33 655 663 683 1655 1663 1683 4163 
m1107 29 
m419 12 13 22 36 40 622 636 640 672 686 690 1112 1113 1122 1136 1140 1822 2022 2036 3162 
m44 40 46 2040 2046 2346 
m2188 14 23 32 36 49 723 732 736 749 1182 1199 1636 1649 1849 3686 
m207 32 1632 
m2203 29 36 41 1829 1836 2079 2086 4336 
m2135 22 23 46 1123 1146 1196 2322 2323 4846 
m497 38 41 46 49 1938 1946 1949 2088 2096 2099 2341 2346 2349 
m1603 14 22 40 46 746 1114 1146 2014 2046 2346 
m2244 36 38 40 41 46 1840 1846 1936 1938 1940 1941 1946 2036 2038 2040 2041 2046 2090 2096 2340 2346 4346 4586 
m2625 14 23 38 46 49 1196 1914 1923 1946 1949 2464 2473 2496 3664 4814 
m471 22 40 46 1146 2022 2046 2346 
m1390 5 36 46 286 296 2305 2336 2346 4836 
m1761 30 38 1930 1938 
m2814 38 45 46 1938 1945 1946 2345 
m1610 16 23 38 40 46 49 1923 1940 1946 2016 2023 2046 2316 2323 2346 2349 2466 2473 3666 4823 
m2633 22 46 1146 2322 2346 
m2080 23 36 40 41 46 1191 1823 1836 1841 1846 2023 2036 2040 2041 2046 2323 2336 2341 2346 3686 4341 4346 4823 
m899 22 46 49 2322 2346 2349 2472 4846 
m2461 14 22 36 40 41 46 714 722 736 741 1822 1836 1841 2014 2036 2041 2046 2072 2314 2322 2336 2341 3236 4314 4586 4814 
m2862 22 32 38 46 1146 1922 1932 1938 1946 2332 2346 
m2328 22 40 46 1122 1140 2322 2340 
m2029 22 23 30 46 1122 1123 1130 1146 1172 1173 1180 1196 1522 1523 1530 1546 2323 2330 2346 3696 
m1487 22 37 46 1122 1146 1872 2322 4396 
m1408 22 23 36 40 41 1123 1141 1173 1186 1190 1823 1836 2023 2036 2040 2072 2073 2086 2090 2091 3686 4323 
m2554 36 46 49 1846 1849 2336 2346 2486 2496 4336 4346 4846 
m559 30 38 45 46 1945 1946 2280 2296 2330 2338 2345 2346 4846 
m1643 26 38 46 1926 1938 1946 2326 
m320 22 36 46 49 1136 1146 1149 1822 1846 2322 2336 2346 2486 2496 
m1292 5 32 36 46 49 282 286 296 1632 1636 1649 1849 2305 2332 2336 2346 2349 
m2492 23 30 36 40 41 1173 1523 1536 1540 1823 1830 1836 1840 2023 2030 2036 2040 2073 2080 2086 2090 3673 4323 4586 
m1212 26 38 46 1926 1946 2326 
m351 17 38 46 888 2317 2338 2346 3396 
m2898 23 30 36 39 40 41 1173 1186 1189 1191 1523 1536 1539 1541 1823 1973 1986 1990 1991 2023 2036 2073 2086 2089 2090 2091 3686 4336 4586 
m1889 36 38 1836 1936 1938 
m1161 14 26 33 726 1314 1326 1333 1664 1676 1683 3233 
m756 23 36 38 40 41 46 1823 1838 1841 1923 1941 1946 2023 2036 2038 2040 2041 2046 2073 2323 2341 4346 
m1622 23 30 41 46 1180 2073 2080 2096 2323 2330 2341 4823 4846 
m647 13 22 33 36 40 672 686 690 1113 1122 1133 1136 1140 1672 1686 1690 1822 2022 2036 3183 
m1165 22 30 40 46 1130 1146 2022 2030 2046 2322 2330 2346 
m2694 22 23 36 37 40 1122 1123 1136 1137 1140 1172 1173 1822 1823 1836 1837 1840 1873 2022 2023 2036 2037 2040 3673 
m1693 36 40 46 49 1840 1846 1849 2036 2040 2046 2049 2340 2346 2486 2490 2496 4336 4346 4846 
m248 23 30 40 46 1180 1523 1530 1546 2023 2030 2046 2323 2330 
m2675 30 36 46 1536 1546 2330 2336 2346 4836 
m177 22 36 41 46 1136 1146 1846 2072 2096 2322 2336 2341 2346 4586 4836 
m857 14 46 49 2314 2346 2464 2496 4814 
m1159 36 40 41 46 49 1841 2036 2040 2046 2336 2341 2346 2349 2486 2491 2496 4346 4836 4846 
m1545 22 40 46 1146 2046 2322 2340 2346 
m532 14 46 49 749 2346 2349 2464 2496 3246 4814 
m1873 22 26 44 46 1122 1126 1144 1146 1322 1344 1346 2222 2246 2322 2326 2344 2346 4846 
m1019 22 23 36 40 41 1122 1123 1136 1140 1141 1172 1173 1822 1823 1836 1840 2022 2023 2036 2040 2072 2073 2086 2090 3673 4586 
m417 46 2346 
m1840 30 36 38 40 46 1830 1930 1936 1940 1946 2030 2036 2046 2330 2336 2340 2346 4836 
m1796 22 23 30 36 41 1122 1123 1130 1136 1141 1172 1173 1180 1523 1822 1823 2072 2073 3673 4586 
m404 36 40 41 1836 1840 1841 2036 2040 2041 2086 2090 2091 
m1614 22 44 46 1146 2344 2346 4846 
m1308 30 45 46 2280 2296 2330 2345 2346 4846 
m2670 13 38 46 1913 1938 1946 2313 
m2278 23 30 49 1180 1199 1549 2473 2480 2499 
m2499 22 46 1122 1146 2322 2346 4846 
m1790 14 22 45 46 722 746 1146 2264 2296 2346 3246 
m753 36 38 46 1838 1846 2338 2346 4836 
m501 14 38 46 738 2314 2338 2346 4814 
m131 14 40 46 2014 2040 2046 2314 2346 4814 
m2349 22 23 30 36 40 41 1123 1136 1140 1141 1173 1180 1823 1830 1836 1840 1841 2023 2030 2036 2040 2041 2073 3673 4586 
m153 22 23 1123 1172 1173 3673 
m1145 22 36 40 46 1136 1140 1146 1846 2022 2036 2040 2046 4336 4346 
m839 26 46 1346 2346 
m2709 22 23 36 40 41 1122 1123 1136 1140 1141 1172 1173 1822 1823 1836 1840 1841 2022 2023 2036 2040 2041 2072 2073 2086 2090 3673 4586 
m541 45 46 2296 2345 2346 
m279 10 26 46 1310 1326 1346 2310 2346 
m2777 22 23 36 38 41 1122 1123 1136 1141 1172 1822 1823 1922 1923 1936 1941 2072 2073 2086 2088 2091 3673 4323 4586 
m298 36 37 40 46 1837 1846 2036 2037 2040 2046 2337 2346 4346 
m415 14 32 46 732 2332 4814 
m203 37 40 46 1890 2037 2040 2046 2337 2340 2346 4396 
m2572 22 23 36 40 41 46 49 1136 1140 1146 1172 1186 1190 1196 1199 1822 1823 1836 1840 1846 1849 2023 2036 2040 2046 2049 2072 2073 2086 2099 2322 2323 2336 2340 2341 2349 2472 2473 2486 2490 2496 3686 4323 4336 4836 
m1989 13 30 36 46 1513 1536 1546 2313 2330 2336 2346 4313 4813 4836 
m60 13 22 33 40 690 1113 1122 1133 1140 1690 3183 
m2037 22 46 49 1122 1146 1149 2346 2349 
m922 40 46 2040 2046 2346 
m2714 36 40 45 46 1845 2036 2045 2046 2336 2345 4836 4846 
m393 36 43 49 1849 2186 2199 
m2449 22 23 30 46 1123 1130 1146 1180 1523 1546 2330 4823 
m147 23 36 41 49 1191 1823 1836 1841 1849 2473 2486 2491 3686 4323 4336 4341 
m21 14 37 46 49 2314 2337 2346 2496 4364 
m1770 13 22 25 46 1113 1125 1146 1263 1296 2313 
m292 13 22 32 36 38 40 672 686 690 1113 1136 1140 1613 1622 1636 1640 1822 1913 1922 1932 1936 1940 2022 2036 2040 3186 4336 
m135 22 23 38 46 1123 1138 1146 1172 1173 1922 1923 1938 1946 2322 2323 3673 4823 
m2210 22 23 36 40 41 1122 1123 1136 1140 1141 1172 1173 1822 1823 1836 1840 1841 2022 2023 2036 2040 2041 2073 3673 4586 
m2173 22 36 41 1122 1136 1141 1841 2072 2086 2091 4586 
m884 23 36 40 41 1173 1823 1836 1840 2023 2036 2040 2073 2086 2090 3686 4323 
m1942 22 41 46 1122 1141 1146 2341 2346 
m2585 14 38 40 46 49 1938 1940 1946 2014 2046 2049 2346 2464 2496 4814 
m2761 5 32 36 45 46 49 282 286 295 299 1636 1645 1649 1845 1849 2255 2282 2286 2295 2305 2332 2336 2345 2349 2495 4136 4336 
m1812 22 38 46 49 1146 1946 1949 2322 2346 2349 2472 2496 4846 
m1271 23 30 38 1188 1523 1538 1923 1930 1938 
m1932 36 40 46 49 1836 1846 2036 2040 2046 2049 2336 2346 2349 2486 2496 4336 4836 
m926 22 23 36 41 1123 1136 1141 1172 1173 1823 2073 3673 4586 
m1280 12 22 36 40 41 45 46 49 636 640 641 645 649 1145 1822 1836 1840 1841 1845 2012 2022 2036 2040 2041 2045 2046 2049 2072 2095 2272 2295 2336 2340 2349 2486 2490 2491 2495 3136 4336 4812 
m977 22 36 40 46 1122 1136 1140 1146 1840 1846 2022 2036 2040 2046 2322 2340 2346 4836 
m1440 6 14 23 32 36 706 723 732 736 1156 1182 1606 1636 1806 3686 
m1074 14 36 46 714 736 1836 2314 2336 2346 3236 4814 4836 
m1452 22 23 1122 1123 1173 3673 
m1401 13 33 36 49 663 683 686 699 1663 1683 1686 1699 1833 1849 2463 2483 2486 3183 
m399 5 13 33 46 263 283 2305 2313 2333 4163 
m481 22 46 1122 1146 2346 
m2783 14 22 44 46 1114 1144 1146 2214 2246 2314 2322 2344 2346 3246 4846 
m685 22 30 38 46 1122 1146 1922 1930 1938 1946 2330 2346 
m2478 14 22 23 30 46 49 722 746 1122 1123 1130 1146 1149 1172 1522 1523 1530 2322 2323 2330 2349 2473 2480 3673 4823 4846 
m1937 37 46 4837 
m2669 22 23 36 40 41 1122 1123 1136 1140 1141 1172 1173 1186 1822 1823 1836 1840 1841 2022 2023 2036 2040 2041 2072 2073 2086 2090 3673 4586 
m507 13 33 38 46 1913 1933 1946 2313 2333 2338 2346 4163 
m1051 22 46 49 1146 2472 2496 
m1826 22 23 30 46 1122 1123 1130 1146 1180 1523 1530 1546 2330 4823 
m2640 13 38 1913 1938 
m224 36 49 1836 1849 2486 2499 
m509 30 36 39 40 46 1830 1980 1986 1990 1996 2030 2036 2046 2330 4836 
m2307 41 46 49 2341 2491 2496 
m2072 9 36 40 46 49 490 496 499 1840 1849 2049 2309 2336 2340 2346 2349 2459 2486 2490 2496 2499 2959 2986 
m1093 22 23 36 40 41 1123 1136 1140 1141 1173 1823 1836 1840 1841 2023 2036 2040 2041 2072 2073 2086 2090 2091 3686 4323 
m1266 14 37 38 46 737 738 746 1888 1896 2338 
m14 22 46 1122 1146 2322 2346 
m2205 23 30 46 1180 2323 2330 2346 
m2536 22 36 40 1122 1822 1836 1840 2022 2036 2040 
m1739 22 26 46 1122 1126 1146 1326 1346 2346 
m1479 37 46 2337 2346 
m2756 26 36 46 49 1336 1346 2476 2486 2496 4836 4846 
m526 46 2346 4846 
m530 5 36 38 46 49 255 286 288 296 299 1805 1836 1838 1846 1849 1905 1936 1946 2346 2349 2486 2499 4836 
m2770 22 23 30 46 1122 1123 1130 1146 1523 1546 2323 3673 4823 
m70 22 36 41 1122 1136 1141 1822 2072 2086 2091 4586 
m318 22 23 30 36 40 46 49 1122 1123 1130 1136 1140 1146 1149 1172 1173 1180 1186 1190 1199 1522 1523 1530 1536 1540 1546 1549 1822 1823 1830 1836 1840 1846 1849 2022 2023 2030 2036 2040 2046 2322 2330 2336 2340 2346 2349 2472 2473 2480 2486 2496 3696 4823 
m1965 22 23 36 38 41 1122 1123 1136 1138 1141 1922 1923 1936 1938 1941 2073 3686 4586 
m1418 12 14 22 45 46 49 645 712 745 1112 1114 1146 2314 2345 2346 2462 2464 2472 2496 3146 3246 4812 
m2329 26 32 36 46 1326 1332 1336 1346 1832 2332 2336 2346 4836 
m1119 14 23 36 38 46 49 1164 1814 1823 1838 1846 1849 1914 1923 1946 1949 2323 2464 2473 2496 4814 
m1335 26 37 46 1337 1346 2337 2346 4837 
m2406 33 38 46 1696 1933 1946 2333 2346 
m89 5 32 45 46 1605 1645 1646 2255 2305 2345 
m1700 23 45 1173 2273 3673 
m294 22 23 36 40 41 1122 1123 1136 1140 1141 1172 1173 1822 1823 1836 1840 1841 2022 2023 2036 2040 2041 2073 3673 4586 
m2258 37 41 46 1891 2087 2091 2096 2341 4396 
m1022 22 23 30 36 40 41 46 49 1122 1123 1130 1136 1140 1141 1146 1149 1172 1173 1190 1191 1522 1523 1530 1536 1540 1541 1546 1822 1823 1830 1836 1840 1841 1846 1849 2022 2023 2030 2036 2040 2041 2046 2049 2322 2323 2330 2336 2340 2341 2346 2472 2473 2480 2486 2490 2496 3696 4823 
m955 23 30 36 40 46 1180 1823 1830 1836 1846 2023 2030 2036 2040 2046 2323 2330 2336 2346 4323 4346 4823 4836 
m1375 13 22 38 49 699 1113 1122 1138 1913 1938 1949 
m843 36 37 38 46 1837 1838 1888 1938 2338 4346 4837 
m2807 13 36 38 686 688 1838 
m1372 38 40 41 46 1940 1941 1946 2090 2340 2341 
m1501 33 36 38 46 49 1683 1686 1688 1696 1699 1833 1846 1933 1936 1946 1949 2333 2336 2338 2346 2349 2483 2486 2496 4833 
m2540 16 22 23 30 46 830 1116 1122 1123 1130 1146 1523 1546 2316 2330 2346 3323 3346 3696 4823 
m2476 14 39 1964 
m2691 6 17 23 32 36 856 873 882 886 1156 1182 1606 1636 1806 3686 
m2606 22 37 45 46 1122 1137 1145 1146 1872 2272 2287 2296 2322 4837 
m297 22 23 30 38 40 41 1140 1523 1530 1538 1923 1930 2022 2023 2030 2040 2072 2090 
m2051 14 22 23 30 40 45 46 714 746 1114 1145 1146 1164 1172 1190 1195 1196 1514 1522 1523 1530 1540 1545 1546 2014 2022 2023 2030 2040 2045 2046 2264 2296 2314 3664 
m137 23 36 41 49 1191 1823 1836 1841 1849 2473 2486 2491 3686 4323 4336 4341 
m817 5 23 26 32 46 1155 1182 1323 1332 1346 1605 2305 2332 2346 4823 
m2617 22 23 36 40 41 46 1123 1136 1141 1146 1191 1822 1823 1836 1841 1846 2022 2023 2036 2040 2041 2046 2323 2336 2341 2346 3686 4341 4346 4823 
m1449 22 23 36 41 1122 1123 1136 1141 1191 3686 4586 
m2665 37 1887 
m163 37 40 46 1890 2037 2040 2046 2337 2340 2346 4396 
m373 22 23 45 1123 1145 1172 1173 2272 2273 3673 
m529 36 40 46 49 1836 1840 1846 1849 2036 2040 2046 2049 2336 2340 2346 2349 2486 2490 2496 4346 
m2661 37 
m1320 5 13 26 33 41 46 655 696 1305 1313 1326 1333 1341 1346 1655 1676 1691 1696 2055 2063 2096 2305 4163 
m845 22 23 30 41 1122 1123 1130 1172 1173 1180 1522 1523 1530 2072 2073 2080 3673 
m1991 22 35 46 1135 1146 1796 
m1072 13 22 33 36 40 47 672 686 690 697 1113 1122 1133 1136 1140 1147 1672 1686 1690 1697 1847 2036 2047 3183 
m953 22 37 46 1872 1896 2322 2346 4837 
m725 21 22 46 1121 1146 2321 4846 
m2162 14 46 49 2314 2346 2464 2496 4814 
m2174 23 24 40 46 1190 1240 1246 2023 2024 2040 2046 2340 3696 3723 
m2263 14 38 46 1914 1946 4814 
m2797 36 46 2336 
m1413 17 37 46 2337 3387 4817 
m686 14 36 46 49 736 746 2336 2346 2349 2464 2486 2496 4814 4836 
m2252 13 38 1913 1938 
m114 22 44 46 1146 2344 2346 4846 
m1493 37 49 1899 2487 
m231 30 36 38 46 1830 1936 1946 2330 2336 2346 4836 
m1754 46 2346 
m2519 26 32 36 38 46 1332 1336 1346 1832 1926 1936 1938 1946 2332 2336 2346 4836 
m5 22 23 30 46 1122 1123 1130 1146 1180 1522 1523 1530 1546 2323 2330 
m601 12 22 23 36 40 41 46 49 636 640 641 646 649 1123 1136 1141 1146 1149 1812 1836 1840 1841 1846 1849 2036 2041 2046 2073 2086 2090 2091 2096 2099 2322 2323 2336 2340 2341 2349 2462 2472 2473 2486 2491 2496 2499 4323 4336 4812 4836 
m1862 5 13 14 33 655 705 713 1655 1664 4163 
m576 10 26 32 46 526 532 546 1310 1326 1332 1346 1610 1626 1632 1646 2310 2326 2332 2346 
m909 22 23 30 36 40 46 1122 1123 1130 1136 1140 1146 1180 1522 1523 1536 1540 1546 1822 1823 1830 1836 1840 1846 2022 2023 2030 2036 2040 2046 2322 2323 2330 2340 4823 4846 
m1329 11 13 23 30 33 563 573 580 583 673 680 1173 1180 1513 1523 1533 1673 1680 3183 3673 
m360 14 32 36 46 732 736 1832 2314 2332 4836 
m1156 44 46 2344 2346 
m1598 32 37 1632 1637 1882 
m2230 13 22 33 36 40 672 1113 1122 1133 1136 1140 1672 1813 1822 1833 1840 2013 2022 2033 4163 
m808 22 23 41 1123 1173 1191 3673 
m118 14 23 30 40 47 730 1180 1514 1523 1547 2014 2023 2030 2047 2364 2373 2380 3223 
m668 38 46 1938 1946 2338 2346 
m2567 12 23 30 46 1162 1196 1512 1523 1530 1546 2312 2330 2346 3696 4812 4823 
m2373 36 37 40 46 1840 1886 1890 1896 2036 2037 2040 2046 2336 2340 2346 4346 4837 
m1884 13 23 36 46 49 1813 1823 1846 1849 2313 2346 2463 2473 2486 2496 2499 3663 4813 4823 
m1596 22 23 30 36 39 41 1123 1130 1139 1141 1522 1523 1822 1823 1830 1839 1841 1972 1973 1980 1991 2072 2073 2080 2086 2089 2091 3673 4586 
m2550 22 23 36 41 1122 1123 1172 1173 1822 1823 1841 2072 2073 2091 3673 4586 
m1514 17 41 46 2067 2096 2341 4817 
m2450 44 46 49 2246 2249 2344 2346 2349 
m2899 5 23 37 46 49 299 1155 1173 1199 1855 1873 1899 2305 2323 2349 4837 
m2537 26 40 46 2026 2040 2046 2326 
m1253 14 22 46 1114 2314 2322 2346 4814 
m1930 38 44 45 46 49 1938 1946 2238 2246 2249 2288 2294 2296 2299 2338 2344 2346 2349 
m144 23 36 40 46 49 1190 1840 1846 2023 2036 2040 2046 2049 2323 2336 2340 2346 2349 2473 2486 2490 2496 3696 4323 4346 4823 4836 
m2287 23 30 45 46 1523 1545 1546 2273 2296 2345 2346 3696 4823 
m1248 22 44 46 1122 1144 1146 2322 2344 2346 4846 
m256 14 22 23 30 40 46 722 723 730 746 1114 1122 1123 1130 1146 1172 1173 1180 1196 1514 1522 1523 1530 1546 2014 2022 2023 2030 2046 2323 2330 2346 3246 3696 4823 
m1526 22 23 36 40 46 49 1122 1123 1136 1172 1822 1823 1836 1849 2023 2036 2040 2046 2049 2322 2323 2336 2349 2472 2473 2486 4323 4336 4346 4836 
m1833 45 46 2296 2345 2346 4846 
m1136 23 46 2346 4823 
m2412 3 30 38 46 180 188 196 1903 1930 1938 1946 2330 
m232 14 32 46 714 732 746 1614 1646 4814 
m1318 22 23 30 38 46 1123 1130 1146 1180 1523 1546 1922 1923 1930 1938 1946 2330 4823 
m875 5 21 22 38 46 271 272 288 296 1121 1138 1146 1921 1946 2305 2321 2322 2338 2346 
m1672 21 22 23 1073 1171 1172 1173 
m2289 22 23 49 1122 1123 1173 1199 2473 3673 
m1134 17 38 40 46 888 1917 1946 2017 2038 2046 2338 4817 
m1654 38 41 46 49 1938 1946 1949 2088 2096 2349 
m1434 36 40 41 46 1841 2036 2041 2086 2090 2091 2336 2340 2341 4336 4836 4846 
m768 36 40 46 1836 1840 1846 2036 2040 2046 2336 2340 4846 
m2495 22 38 46 1146 1922 1938 1946 2346 
m281 22 23 30 1122 1123 1130 1172 1173 1180 1522 1523 1530 3673 
m2467 32 36 38 46 1832 1932 1936 1946 2332 2336 2346 4836 
m1576 23 38 1923 
m1016 23 45 1173 2273 3673 
m1075 
m2789 36 40 46 1840 2036 2040 2046 2340 4346 
m518 5 13 33 46 263 283 296 696 2305 2313 2333 2346 3183 
m238 36 46 2336 
m2525 22 30 36 40 41 46 49 1122 1130 1136 1140 1141 1146 1149 1522 1536 1546 1822 1846 2022 2030 2036 2040 2046 2049 2072 2090 2322 2472 2480 2486 2496 4346 4846 
m145 22 23 30 36 40 41 1123 1136 1141 1172 1186 1190 1191 1522 1523 1536 1540 1541 2022 2023 2036 2041 2086 3673 3686 4336 4586 
m253 30 36 40 46 1830 2030 2036 2046 2330 2336 2340 2346 4836 
m1828 21 23 36 1071 1073 1821 4321 4323 4336 
m52 38 46 1938 1946 2346 
m2275 22 46 1122 1146 
m378 14 22 32 46 49 732 749 1114 1132 1146 1649 2314 2332 2346 2349 4814 
m2310 22 23 36 40 41 46 49 1123 1136 1140 1141 1146 1191 1822 1823 1836 1840 1841 1849 2022 2023 2036 2040 2041 2046 2072 2073 2086 2090 2091 2322 2323 2336 2340 2341 2349 2472 2473 2486 2490 2491 4323 4336 4346 4836 
m2280 12 14 22 45 46 645 712 745 1112 1114 1146 2314 2345 2346 3146 3246 4812 
m1998 14 40 46 2014 2040 2046 2314 2346 4814 
m1646 26 33 37 44 46 1337 1344 1346 2233 2237 2333 2337 2344 2346 4383 
m1476 30 40 46 2030 2040 2046 2330 
m1206 14 46 714 3246 
m610 14 22 46 722 1114 1146 2322 3246 
m1030 22 30 36 40 41 49 1122 1130 1136 1140 1141 1149 1536 1540 1822 1840 1841 2022 2036 2040 2041 2080 2086 2090 2472 2486 2490 
m250 22 32 36 40 46 1122 1132 1136 1140 1622 1632 1636 1640 1840 2040 2322 2332 2336 2340 2346 
m1017 22 23 30 40 41 1140 1190 1523 1530 1540 2022 2023 2030 2072 2090 
m161 26 41 46 1341 1346 2341 
m48 26 32 36 41 46 49 1332 1336 1341 1346 1349 1641 1646 2332 2336 2341 2346 2482 2486 2491 2496 4136 4586 
m2290 
m215 5 45 46 2296 2305 2346 
m2561 5 13 23 30 33 263 273 280 283 673 680 1173 1180 1513 1523 1533 1673 1680 3183 3673 
m1771 6 23 1156 1173 
m2017 6 42 306 342 2106 2142 2842 4606 
m61 22 23 30 41 46 1122 1123 1130 1141 1146 1522 1541 1546 2072 2073 2322 2323 2341 2346 
m227 22 30 38 39 46 1130 1138 1139 1146 1930 1938 1939 1946 1980 2330 2339 2346 4839 
m1877 12 22 23 36 40 46 49 636 646 649 1172 1186 1196 1199 1822 1836 1840 1846 2022 2036 2322 2336 2346 2349 2486 2496 3123 3146 3686 4336 4823 
m20 12 13 22 49 649 699 1112 1113 3162 
m1227 
m129 14 22 46 722 746 2322 2346 
m90 22 23 46 49 1122 1146 1149 1172 1199 2322 2346 2349 3696 4823 
m2858 14 46 746 2346 3246 
m2611 36 38 49 1838 1849 1936 1938 1949 
m274 14 22 36 45 46 714 746 1114 1122 1136 1145 1146 1846 2264 2286 2296 3236 3246 4314 
m2626 13 22 32 36 40 672 686 690 1113 1136 1140 1613 1622 1636 1640 1822 2022 2036 2040 3186 4336 
m2171 12 22 23 27 30 41 46 641 1112 1123 1127 1130 1141 1146 1173 1191 1362 1372 1373 1380 1391 1512 1522 1523 1527 1530 1541 2062 2072 2073 2077 2080 2091 2312 2322 2323 2327 2330 2341 3123 3662 4823 
m785 14 36 46 714 3236 3246 4814 4836 
m723 22 38 46 1138 1146 1922 1938 1946 
m2889 12 46 2346 4812 
m1359 23 26 30 38 40 46 1180 1323 1330 1338 1346 1923 1930 1938 1946 2023 2026 2030 2038 2046 2330 4823 
m1213 22 44 46 1146 2222 2246 2322 2344 2346 4846 
m2446 30 38 40 45 46 1930 1938 1946 2030 2038 2046 2280 2288 2290 2296 2330 
m992 22 23 36 41 1122 1123 1172 1173 1822 1823 2072 2073 3673 4586 
m1424 22 30 38 46 1130 1146 1922 1930 1946 2322 2330 2346 
m413 5 36 38 46 49 1805 1838 1846 1849 1905 1938 1946 1949 2305 2488 2496 
m702 14 22 46 722 2314 2322 2346 4814 
m91 12 32 36 40 612 632 636 640 1612 1640 1812 2012 2036 4136 
m1747 22 37 40 46 1122 1137 1140 1146 1890 2022 2037 2040 2046 2337 2340 2346 4837 
m680 5 37 46 1855 2305 4837 
m1118 14 38 46 49 746 1914 1946 1949 2464 2496 
m2660 14 36 40 46 740 1814 1836 1840 1846 2014 2036 2040 2046 2314 2340 2346 3246 4314 4346 4836 
m1865 30 36 38 40 46 1536 1540 1546 1838 1840 1846 2046 2330 2338 2340 2346 4836 
m586 22 23 36 40 1122 1123 1136 1140 1173 1186 1190 1822 1823 1836 1840 2022 2023 2036 2040 3673 4323 
m1737 37 40 46 1890 2037 2040 2046 2337 2340 2346 4396 
m80 14 38 40 46 49 1914 1940 1946 1949 2014 2046 2049 2346 2464 2496 4814 
m1050 22 23 1123 1173 3673 
m2482 14 36 46 49 736 746 749 1849 2336 2346 2349 4814 4836 
m433 14 32 36 49 714 732 736 749 1636 1649 1849 2482 2486 2499 
m1872 11 13 22 36 38 40 563 572 586 588 590 1113 1136 1138 1140 1813 1840 1913 1936 1940 2013 
m1314 22 23 30 36 40 41 46 1123 1130 1136 1141 1146 1180 1186 1190 1523 1530 1536 1540 1546 1830 2022 2023 2030 2036 2040 2046 2072 2073 2080 2086 2090 2091 2330 3696 4836 
m2312 37 46 4837 
m2389 22 23 36 40 41 1122 1140 1141 1173 1186 1190 1823 1836 2022 2023 2036 2040 2041 2073 2086 2090 2091 3686 4323 
m446 14 36 40 46 740 1814 1840 2014 2036 2040 2046 2336 2340 2346 3246 4346 4814 
m86 23 32 45 46 1182 2273 2282 2296 2323 2332 2346 4823 
m2620 46 2346 
m2810 22 36 40 1122 1136 1140 2036 
m2137 5 45 295 
m2001 12 13 20 22 36 40 622 636 640 670 672 686 690 1012 1022 1036 1040 1822 1840 2022 2036 3162 3536 4336 
m1453 23 41 1173 1191 2073 3673 
m1699 37 40 46 1890 2340 4396 
m1879 13 20 22 32 36 40 672 686 690 1013 1022 1032 1036 1040 1122 1136 1140 1613 1622 1636 1640 1822 2022 2036 
m2110 36 40 41 1836 1840 1841 2036 2040 2041 
m42 23 30 46 1173 1180 1196 1523 1530 1546 2323 2330 2346 3696 4823 
m2868 22 23 30 36 41 1123 1130 1136 1141 1186 1191 1523 1536 1841 2073 2080 2091 3673 4323 4586 
m1803 23 30 36 41 1523 1823 1830 2073 2080 3673 4323 4586 
m1604 22 23 36 40 41 1123 1136 1140 1141 1173 1186 1190 1823 1836 2023 2036 2040 2072 2073 2086 2090 2091 3686 4323 
m2592 22 23 36 40 41 1122 1123 1136 1140 1141 1172 1173 1186 1190 1191 1823 1840 1841 2023 2040 2041 3673 
m181 22 23 30 32 36 40 46 1122 1123 1130 1132 1136 1140 1146 1172 1173 1522 1523 1530 1546 1622 1623 1630 1640 1646 1822 1823 1830 1832 1840 1846 2022 2023 2030 2032 2036 2040 2046 2322 2323 2330 2332 2336 2340 2346 3696 4823 
m1548 22 40 44 46 1146 2022 2044 2046 2344 2346 4846 
m2186 36 48 49 1848 1849 2486 2498 2499 4336 
m268 22 23 30 39 1123 1522 1523 1972 1973 1980 3673 
m2739 36 38 40 46 1840 1846 1936 1940 1946 2036 2046 2340 
m917 22 40 41 46 1122 1140 1141 1146 2041 2046 2341 2346 
m1232 30 36 39 40 46 1539 1546 1830 1839 1840 1846 1980 2030 2036 2039 2040 2046 2330 2339 2340 2346 4346 
m2198 13 22 37 672 1872 4363 
m2272 22 37 40 46 1137 1140 1146 1890 2022 2037 2040 2046 2322 2337 2340 2346 4396 
m1121 22 46 1146 2346 4846 
m855 23 32 46 1182 2323 2332 2346 3696 4823 
m2671 14 22 46 714 722 746 2322 3246 
m2502 22 26 44 45 46 1144 1145 1146 1322 1345 1346 2294 2296 2344 2346 
m938 12 14 40 46 712 2012 2014 2046 2314 2346 3146 3246 4812 
m2812 22 40 46 1122 1140 1146 2340 2346 
m2524 14 37 40 46 737 740 746 1890 2037 2046 2340 4396 
m337 22 38 46 49 1122 1146 1149 1922 1938 1946 1949 2322 2346 2349 4846 
m1516 33 38 40 46 1690 1696 1933 1938 1946 2333 2338 2340 2346 
m574 30 36 37 40 46 1536 1537 1540 1546 1837 1840 1846 1890 2037 2046 2340 4396 
m689 22 23 30 46 1122 1123 1130 1146 1180 1523 1530 1546 2323 2330 3673 4823 
m289 22 23 1123 
m466 13 38 46 1913 1946 2313 
m1252 22 38 44 46 1146 1922 1946 2344 2346 4846 
m1102 22 36 41 1122 1136 1141 1841 2091 4586 
m908 16 46 816 846 2346 3346 
m2793 14 44 46 49 744 746 2344 2464 2494 2496 
m848 32 37 46 1632 1637 1646 2332 2337 2346 4837 
m1594 22 23 30 36 40 46 1122 1123 1130 1136 1140 1146 1172 1173 1180 1186 1190 1522 1523 1530 1536 1540 1546 1823 1840 2023 2036 2040 2322 2323 2330 2336 2340 2346 3696 4823 
m2776 22 23 36 38 41 1122 1123 1136 1141 1172 1822 1823 1922 1923 1936 1941 2072 2073 2086 2088 2091 3673 4323 4586 
m2477 12 26 40 46 626 2012 2026 2046 2312 2326 2340 2346 4812 
m2516 36 38 46 1936 1946 2336 
m1530 37 38 41 46 1937 1938 1941 1946 2087 2096 4837 
m2690 32 36 38 46 1832 1932 1936 1938 1946 2332 2336 2346 4836 
m886 32 46 1646 2332 2346 
m2609 14 36 46 49 736 746 749 1849 2336 2346 2349 4814 4836 
m2251 23 38 1923 
m1442 22 23 30 36 40 46 49 1172 1173 1190 1196 1522 1523 1536 1546 1549 1822 1823 1840 2022 2023 2046 2322 2472 2473 2486 2490 2496 3696 4323 4346 
m847 22 23 30 41 1123 1130 1141 1172 1173 1180 1191 1522 1523 1541 2072 2073 2080 2091 3673 
m1652 22 38 46 1138 1146 1922 1938 1946 2322 2338 
m1207 22 36 37 40 46 1122 1136 1137 1146 1837 1872 2036 2037 2046 2322 2336 2337 2340 2346 4346 4396 
m2575 22 23 36 40 46 1122 1123 1136 1146 1172 1822 1823 1836 2022 2023 2036 2040 2046 2322 2323 4323 4346 4836 
m2877 23 30 40 1180 1523 1530 2023 2030 
m2040 38 41 46 49 1938 1946 1949 2088 2096 2099 2341 2346 2349 
m1974 5 32 36 38 45 46 49 282 286 288 295 296 1632 1638 1645 1646 1838 1845 1846 1932 1936 1945 1946 2295 2332 2338 2345 2346 2455 2482 2486 2488 2496 4136 4332 4836 
m694 22 41 44 46 1146 2072 2094 2096 2344 2346 4846 
m476 22 38 1122 1922 
m1968 23 30 36 41 49 1191 1523 1530 1541 1823 1830 1836 1841 1849 2073 2080 2086 2091 2099 2473 2480 2486 2491 2499 
m73 23 30 36 49 1180 1523 1530 1549 1823 1830 1836 1849 2473 2480 2486 2499 
m2215 14 30 46 730 746 2314 2330 2346 4814 4846 
m1117 13 22 36 40 1113 1122 1136 1140 1813 1840 2013 
m291 26 38 46 1326 1346 1926 1946 2326 4846 
m1234 14 46 714 746 2314 2346 4814 
m2212 14 22 36 41 46 714 722 736 741 1822 1836 1841 2072 2314 2322 2336 2341 3236 4314 4586 4814 
m2405 32 36 4332 
m935 22 44 46 1122 1144 1146 2322 2344 2346 4846 
m139 11 23 30 41 1161 1173 1180 1511 1523 1530 2061 2073 2080 3673 
m173 5 14 38 46 705 738 746 1905 1914 1938 1946 2305 
m2501 16 36 3336 
m2571 38 46 1946 
m159 22 23 36 1123 1136 1172 1173 1186 1822 1823 3673 
m1042 38 46 1938 2338 
m2751 30 38 46 1930 1938 1946 2330 2346 
m1656 22 30 36 40 41 46 1122 1140 1141 1146 1522 1536 1540 1822 1840 1841 1846 2022 2036 2040 2041 2046 2072 2096 2322 
m2618 23 30 36 41 49 1173 1180 1186 1199 1523 1530 1823 1830 1849 2073 2080 2086 2099 2473 2480 3673 
m505 45 46 2345 
m230 28 36 38 1928 1936 1938 4328 
m2372 22 23 32 38 46 1123 1146 1182 1196 1922 1923 1932 1946 2332 
m2741 46 2346 
m715 5 23 24 40 46 273 274 290 296 1190 1240 1246 2023 2024 2040 2046 2340 3696 3723 
m2470 26 32 36 38 46 1332 1336 1346 1832 1926 1932 1936 1946 2332 2336 2346 4836 
m2396 46 
m1484 22 36 40 41 1136 1140 1141 1836 1840 1841 2036 2040 2072 2086 2090 2091 4586 
m962 23 46 2323 2346 4823 
m1838 22 46 49 1146 1149 2322 2346 2349 2496 
m2602 22 37 40 46 1137 1146 2022 2037 2046 4837 
m853 17 40 46 890 2340 2346 3396 4817 
m620 32 36 46 49 1636 1649 1832 1836 1846 1849 2332 2336 2346 2349 2482 2486 2496 2499 4332 4336 
m43 22 37 40 46 1122 1137 1146 2022 2037 2040 2046 2322 2337 2346 4837 
m1961 22 23 41 1122 1123 1141 1172 2073 
m1245 22 23 36 41 1122 1123 1136 1141 1191 1841 2073 2091 4323 4586 
m2236 5 15 38 40 46 755 1905 1915 1938 1940 1946 2005 2015 2038 2040 2046 2305 2315 2346 4815 
m506 22 23 30 36 40 46 1122 1123 1130 1136 1140 1146 1172 1173 1522 1523 1530 1540 1546 1822 1823 1830 1840 1846 2022 2023 2030 2036 2040 2046 2322 2323 2330 2340 2346 3696 4823 
m119 33 46 2333 2346 
m2394 14 36 40 46 740 746 1814 1840 1846 2014 2036 2040 2046 2314 2340 2346 3214 3246 4346 4814 
m796 14 22 26 46 714 722 726 746 1114 1122 1126 1146 1314 1322 1346 2314 2322 2326 2346 3246 
m1800 22 23 30 36 41 1123 1130 1523 1822 1823 1830 2072 2073 2080 3673 4323 4586 
m405 5 23 38 45 46 1155 1945 1946 2255 2273 2305 2323 2345 2346 4823 
m592 22 32 33 36 40 1122 1132 1133 1136 1140 1633 1672 1822 1832 1833 1836 1840 2022 2032 2033 2036 4136 4186 
m2508 14 22 38 46 1114 1146 1914 1922 1938 1946 2314 2322 2346 4814 
m2558 5 22 36 38 46 49 286 296 299 1105 1136 1138 1146 1849 1905 1936 1946 2346 2349 2486 2499 4836 
m170 23 36 1186 1836 3686 
m653 23 36 40 41 1173 1186 1190 1191 1823 1840 2023 2036 2073 2086 2090 3673 4323 4336 4586 
m2375 22 36 38 40 46 1136 1138 1140 1146 1838 1946 2036 2038 2040 2046 2336 2338 2340 2346 4346 
m84 36 40 46 49 1840 1846 1849 2036 2040 2046 2049 2336 2340 2346 2486 2496 4336 4346 4846 
m2145 22 23 30 38 1122 1123 1130 1138 1173 1180 1523 1922 1923 1930 1938 3673 
m2746 
m2806 22 36 37 40 49 1136 1137 1822 1836 1837 1840 1849 1886 2022 2036 2037 2040 2472 2486 2487 2490 2499 
m36 22 23 36 40 45 1122 1123 1136 1140 1145 1173 1822 1823 1836 1840 1845 2022 2023 2036 2040 2045 2273 3673 
m1924 5 37 46 1855 2305 2337 2346 4837 
m1891 30 45 46 49 2280 2296 2299 2330 2480 2496 
m2325 32 36 46 49 1636 1646 1849 2332 2336 2346 2349 4136 4336 4836 
m2158 22 23 30 36 38 40 46 1123 1130 1136 1140 1172 1173 1180 1186 1188 1190 1196 1523 1538 1546 1822 1830 1922 1923 1936 1940 1946 2022 2023 2030 2036 2040 2322 2323 2330 2336 2340 3673 4323 
m1802 23 30 36 41 1523 1823 1830 2073 2080 3673 4323 4586 
m1261 27 38 46 1927 1938 1946 2327 
m516 22 23 30 41 1122 1123 1130 1141 1173 1191 1522 1523 1541 2073 3673 
m1841 30 40 46 49 2030 2046 2049 2330 2349 2480 2496 4846 
m1537 13 22 32 36 40 672 686 690 1113 1122 1136 1140 1613 1622 1636 1640 1822 2022 2036 
m764 22 23 45 1123 1145 1173 2273 3673 
m1913 33 38 40 46 1690 1696 1933 1938 1940 1946 2333 2338 2340 2346 
m1224 23 41 46 2073 2323 2341 3673 
m2623 22 26 33 1122 1126 1133 1676 
m1488 22 23 30 36 40 41 1122 1123 1136 1140 1141 1172 1173 1186 1190 1191 1522 1523 1536 1541 1840 1841 2023 2036 2041 2072 2073 2086 2090 2091 3673 3686 4323 4336 4586 
m2297 36 38 40 46 1840 1846 1936 1940 1946 2036 2038 2040 2046 2336 2338 2340 2346 
m205 22 36 40 46 1122 1136 1140 1146 1836 1840 2022 2036 2040 2046 2322 2336 2340 2346 4836 
m652 22 23 36 40 1123 1136 1173 1186 1190 1836 1840 2036 3673 3686 
m2384 6 14 32 36 314 332 732 1806 1814 1832 
m1419 33 46 49 1696 1699 2349 
m761 30 46 2330 2346 
m209 22 36 40 46 49 1136 1140 1146 1836 1846 2022 2036 2040 2046 2049 2336 2346 2349 2486 2496 4336 4836 
m12 13 38 688 1913 1938 
m185 22 37 40 46 1137 1140 1146 1890 2022 2037 2040 2046 2337 2340 2346 4837 
m577 22 32 37 38 46 49 1132 1137 1146 1637 1646 1922 1938 1946 1949 2332 2337 2346 2472 2487 2496 4837 
m2059 14 30 46 730 2314 2330 
m2048 20 22 36 41 1022 1120 1122 1136 1141 1820 1822 2070 2072 4586 
m802 5 13 22 26 33 46 263 283 672 1305 1313 1322 1333 1346 1672 2305 2313 2322 2333 4163 
m358 6 42 46 2306 2342 2842 
m2259 8 46 49 408 446 449 2349 
m1683 5 36 40 46 286 290 296 2036 2046 2305 2340 2346 4346 4836 
m2582 22 37 46 1137 1146 2337 2346 4837 
m2429 22 36 40 41 46 1122 1136 1140 1141 1146 1822 1836 1841 2036 2041 2046 2072 2086 2090 2091 2096 2322 2336 2340 2341 2346 4346 4586 4836 
m1577 12 36 38 41 46 641 1841 1912 1936 1938 1941 1946 2062 2086 2091 2096 2312 2336 2341 4312 
m1226 14 26 46 714 726 746 1314 1326 1346 2314 2326 2346 4814 
m2515 38 40 46 49 1940 1946 2046 2346 2488 2490 2496 
m542 16 38 44 49 844 849 1916 1938 1944 1949 2494 
m2722 36 40 41 1836 1840 1841 2036 2086 2090 2091 4586 
m255 22 40 46 1140 1146 2022 2040 2046 2340 2346 
m2805 37 40 46 1890 2037 2040 2046 2337 2340 2346 4396 
m1549 23 30 36 40 41 49 1186 1190 1199 1523 1530 1536 1540 1549 1823 1836 1840 1849 2073 2080 2086 2099 2490 3686 4336 
m1045 33 34 38 40 46 1690 1696 1733 1734 1738 1746 1933 1938 1940 1946 2333 2338 2340 2346 
m611 8 41 46 49 408 446 449 2058 2096 2099 2349 
m2377 22 23 41 1123 1141 1173 2073 3673 
m1179 22 36 37 46 49 1822 1837 1846 1849 1872 2322 2346 2487 2496 4396 4837 
m1325 14 36 40 46 740 1814 1836 1840 1846 2014 2036 2040 2046 2314 2340 2346 3246 4314 4346 4836 
m2141 13 22 32 46 682 1113 1122 1132 1146 2313 2322 2332 
m954 22 46 1122 1146 2346 
m270 13 38 688 1913 1938 
m2304 3 14 703 714 
m1976 22 23 30 36 40 41 46 1122 1123 1130 1136 1140 1141 1146 1191 1523 1536 1541 1546 1841 1846 2023 2030 2036 2040 2041 2046 2072 2341 3696 4323 
m82 14 36 40 46 1814 1846 2014 2036 2046 3246 
m126 
m1203 26 40 46 49 2026 2046 2326 2340 2346 2496 
m607 14 22 45 46 722 1114 1145 1146 2264 2272 2296 2314 2322 2345 2346 3246 
m983 14 22 32 46 722 732 746 1132 1146 2332 4846 
m1417 12 14 22 36 45 46 49 645 712 745 1112 1114 1146 1812 1814 1822 1845 1846 1849 2314 2345 2346 2462 2464 2472 2496 3146 3246 4812 
m1423 27 38 46 1927 1946 2327 
m682 5 14 22 23 30 41 46 49 273 280 291 705 723 730 741 1123 1130 1172 1173 1180 1522 1523 1530 1541 2072 2073 2080 2305 2323 2330 2341 2346 2464 2496 2499 3673 4814 
m72 10 30 36 37 46 1510 1536 1546 1810 1860 1880 1886 1896 2310 2346 4836 
m388 14 22 31 36 46 731 736 1114 1136 1146 1846 2314 2331 2346 3246 4331 4836 
m46 14 23 36 40 46 49 749 1814 1823 1846 1849 2014 2023 2036 2046 2314 2323 2336 2346 2349 2473 3223 4814 4823 
m160 9 23 30 46 1159 1509 1523 1546 2309 2323 2346 4823 
m1677 22 23 36 40 41 1122 1123 1136 1140 1141 1173 1823 1836 1840 1841 2023 2036 2040 2041 2072 2073 2086 2090 2091 3686 4323 
m2457 15 22 27 38 46 777 1115 1146 1915 1922 1938 1946 2315 2327 2346 
m290 23 26 30 46 1180 1323 1330 1346 1523 1530 2330 4823 
m2379 37 46 2337 
m1752 37 45 46 1895 2337 2345 2346 
m30 14 23 30 36 40 46 730 1180 1814 1823 1830 1846 2014 2023 2030 2036 2040 2046 2314 2323 2330 2346 3223 4346 4814 4823 
m781 5 37 46 1855 2305 2337 2346 
m459 22 23 36 41 1123 1136 1141 1173 1186 1191 3673 3686 4341 
m2107 16 26 36 40 46 49 826 1826 2016 2036 2046 2316 2326 2346 2466 2486 2490 2496 3336 3346 4346 4836 
m500 32 38 46 1632 1646 1932 1938 1946 2332 2346 
m1520 36 40 41 1836 1840 2036 2086 2090 2091 4586 
m2791 36 37 40 46 1840 1886 1890 2036 2037 2046 2340 4346 4396 
m442 46 2346 
m1192 36 40 46 49 1836 1840 1846 1849 2036 2040 2046 2049 2336 2340 2346 2349 2486 2490 2496 4346 
m2574 37 41 46 49 1891 2337 2341 2346 2349 2487 2491 2496 4396 
m906 14 22 46 722 2322 3246 
m1870 37 40 46 2037 2046 4837 
m2668 22 23 36 40 1122 1123 1136 1140 1173 1186 1190 1822 1823 1836 1840 2022 2023 2036 2040 3673 4323 
m1626 37 40 46 1890 1896 2040 2046 2340 2346 4837 
m1632 5 23 30 40 46 1155 1180 1505 1523 1530 1546 2005 2023 2030 2040 2046 2305 2323 2330 2340 4846 
m800 22 23 36 40 46 49 1172 1822 1823 1836 1840 1849 2022 2023 2036 2040 2046 2049 2322 2323 2336 2340 2349 2473 2486 2490 4323 4336 4346 4836 
m445 46 2346 
m2326 3 26 36 41 186 191 1303 1336 1341 2091 4341 4586 
m2062 46 2346 
m2139 37 40 46 2037 2046 4396 
m339 17 22 46 1117 1122 1146 2346 4817 
m1109 14 22 36 40 46 722 1814 1822 1836 1846 2014 2036 2040 2046 2322 2336 2346 3236 3246 4346 4814 
m2681 22 23 46 49 1123 1146 1196 2472 2473 2496 
m2099 5 36 38 46 49 286 296 299 1905 1936 1946 2346 2349 2486 4836 
m9 22 36 37 40 46 1122 1136 1137 1140 1146 1822 1836 1837 1840 1846 1872 1896 2022 2036 2037 2040 2046 2322 2337 2346 4387 4396 4837 4846 
m1043 39 40 41 46 1990 1991 1996 2040 2046 2090 2096 
m2612 5 32 46 1605 2305 2332 2346 4846 
m971 26 27 46 1327 1346 1377 2327 
m742 5 32 1605 
m2785 22 33 46 1133 1146 1672 1683 1696 2322 2333 2346 4833 
m265 22 23 36 40 41 1122 1123 1136 1140 1141 1172 1173 1822 1823 1836 1840 1841 2022 2023 2036 2040 2041 2073 2086 2090 3673 4586 
m1012 22 23 37 46 1123 1137 1146 2323 2337 3687 4837 4846 
m1354 32 36 38 46 1832 1932 1936 1938 1946 2332 2336 2346 4836 
m575 22 23 30 46 1122 1123 1130 1146 1180 1523 1530 1546 2330 4823 
m2481 14 22 32 732 1114 1132 
m2039 14 22 36 41 46 714 722 736 741 1822 1836 1841 2072 2314 2322 2336 2341 3236 4314 4586 4814 
m789 14 23 38 46 1164 1196 1914 1923 1946 4814 
m424 8 32 37 38 46 49 408 432 438 446 449 1637 1646 1932 1946 2332 2337 2346 2482 2487 2488 2496 
m698 14 46 746 2346 3246 4846 
m2615 22 23 36 40 41 46 1123 1136 1141 1146 1191 1822 1823 1836 1841 1846 2022 2023 2036 2040 2041 2046 2323 2336 2341 2346 3686 4341 4346 4823 
m1691 26 3826 
m2166 13 38 1913 1938 
m2458 12 14 40 46 712 2012 2014 2046 2314 2346 3146 3246 4812 
m2509 36 41 2086 
m757 8 36 408 2936 4308 
m2403 5 23 38 273 1905 1923 
m1733 26 41 46 1341 1346 2341 
m1692 14 46 714 746 2314 2346 4814 
m199 23 26 30 33 40 46 49 1180 1323 1333 1340 1346 1673 1680 1696 2023 2030 2033 2046 2330 2476 2480 2483 2490 2496 4823 
m2340 22 30 36 1522 1536 1822 
m2435 23 30 38 46 1173 1180 1188 1523 1530 1538 1923 1930 1938 2323 2330 2338 2346 3673 4823 
m183 23 30 40 46 1180 2023 2030 2046 2330 2346 4823 
m2042 38 49 1938 1949 
m2603 22 40 46 1146 2022 2046 2346 4846 
m1299 14 23 30 46 730 1180 2314 2323 2330 2346 3223 4814 4823 
m2391 12 13 36 46 613 646 2313 2336 2346 3136 4313 4812 4813 
m1131 22 23 30 36 40 46 49 1122 1123 1130 1136 1140 1146 1180 1523 1530 1536 1540 1546 1822 1823 1830 1840 1846 2022 2023 2030 2036 2046 2322 2323 2330 2336 2340 2346 2472 2486 2490 2496 4336 4346 4823 4846 
m603 14 714 
m2246 40 45 46 2045 2046 2290 2295 2296 2340 2345 2346 
m1970 22 23 30 36 40 41 46 1122 1123 1130 1136 1140 1141 1146 1191 1523 1536 1541 1546 1841 1846 2023 2030 2036 2040 2041 2046 2072 2341 3696 4323 
m1368 22 23 30 36 40 41 1122 1123 1130 1136 1140 1141 1180 1186 1190 1522 1523 1536 1540 1541 1822 1830 1836 1840 1841 2022 2023 2030 2036 2041 2080 2086 
m234 5 13 22 33 36 40 46 263 272 283 286 290 672 686 690 1113 1122 1133 1136 1140 1672 1686 1690 1822 2022 2036 2305 2313 2322 2333 2336 2340 3183 
m2013 12 41 46 2062 2091 2096 2312 2346 4812 
m1166 14 22 38 46 49 722 749 1938 1946 2314 2322 2346 2349 2472 
m315 22 36 40 46 1146 1822 1836 1840 1846 2022 2036 2040 2046 2322 2336 2340 2346 4336 4346 4836 
m1462 6 14 32 36 49 706 714 732 736 749 1606 1636 1806 2456 2482 2486 
m2111 30 46 2330 2346 4846 
m2132 22 37 40 46 1137 1146 2022 2037 2040 2046 2322 2337 2346 4837 
m2556 22 27 46 1122 1127 1146 1377 2327 2346 
m1219 13 26 38 40 46 690 1313 1346 1913 1926 1938 1946 2313 2340 2346 
m432 22 23 36 40 41 1123 1136 1140 1141 1173 1186 1190 1823 1836 2023 2036 2040 2072 2073 2086 2090 2091 3686 4323 
m58 22 32 36 40 46 49 1136 1140 1146 1149 1640 1646 1832 1836 1840 1846 2032 2036 2040 2046 2049 2332 2336 2340 2346 2349 2486 2496 4136 4346 
m669 12 14 36 40 41 46 636 640 641 736 740 741 1841 2036 2041 2314 2336 2340 2341 3114 3236 4336 4812 
m332 23 30 40 46 1190 1196 1523 1530 1540 1546 2040 2046 2340 
m162 22 33 41 1122 1141 1672 1683 1691 
m2836 22 23 30 36 37 40 41 46 49 1123 1130 1137 1141 1146 1190 1191 1523 1537 1541 1546 1822 1823 1830 1836 1837 1840 1846 1873 1890 1891 1896 2022 2030 2036 2037 2040 2041 2046 2086 2091 2099 2340 2341 2346 2486 2490 2499 4396 4823 
m16 12 14 27 46 712 746 1362 1364 1396 2312 2346 3246 4812 
m1815 22 23 30 36 41 1123 1130 1136 1523 1823 1830 2072 2073 2080 3673 4323 4586 
m1431 30 44 45 2230 2245 2280 
m18 22 23 36 38 40 41 1122 1123 1136 1140 1173 1186 1190 1823 1836 1922 1923 1936 1940 1941 2022 2023 2036 2040 2072 2073 2086 2090 3686 4323 
m1544 22 36 40 41 46 1136 1141 1146 2022 2036 2041 2046 2086 2096 2336 
m1827 23 27 32 42 1182 1192 1373 1382 1392 1642 
m1097 5 14 46 705 2305 2314 
m1104 22 23 30 36 41 1123 1130 1136 1141 1180 1523 1823 1830 2073 2080 3673 4323 4586 
m1268 11 13 22 33 36 40 661 1113 1122 1133 1136 1140 1661 1811 1813 1833 1840 2011 2013 2033 4163 
m634 37 40 46 1890 2037 2040 2046 2337 2340 2346 4396 
m184 8 32 37 46 49 408 432 437 446 449 1882 1896 2332 2346 2482 2487 2496 4396 
m2676 36 40 41 46 49 1841 1846 2036 2041 2046 2336 2340 2341 2346 2349 2486 2490 2491 2496 4346 
m406 37 38 46 1888 1896 2337 2338 2346 
m696 14 22 46 722 2314 2322 2346 4814 
m1978 22 36 38 40 1122 1136 1138 1140 1836 1838 1840 1936 1938 2036 2038 2040 
m1668 22 23 30 41 1122 1123 1130 1172 1173 1180 1522 1523 1530 2072 2073 2080 3673 
m1969 5 13 33 46 655 1655 2305 2313 2333 4163 
m2208 22 23 36 41 1123 1136 1141 1172 1173 1823 2073 3673 4586 
m1887 22 23 36 40 1122 1123 1136 1140 1172 1173 1186 1190 1823 2022 2023 2036 3673 4323 
m623 22 23 30 36 40 46 1122 1123 1130 1136 1140 1146 1180 1522 1523 1536 1540 1546 1822 1823 1830 1836 1840 1846 2022 2023 2030 2036 2040 2046 2322 2323 2330 2340 4823 4846 
m1507 37 40 46 2037 2046 2337 4837 4846 
m2096 23 36 46 49 1196 1199 1846 1849 2346 2496 3686 
m1197 22 23 36 40 41 1123 1141 1173 1186 1190 1823 1836 2023 2036 2040 2072 2073 2086 2090 2091 3686 4323 
m1808 14 40 45 46 745 2014 2040 2046 2314 2345 2346 3214 4814 
m841 32 36 38 40 46 49 1632 1636 1649 1849 1932 1936 1946 1949 2032 2036 2038 2046 2332 2336 2338 2340 2346 2349 
m1081 36 37 46 1837 2336 2337 4336 4337 
m2838 12 46 646 2312 2346 3146 4846 
m2019 22 36 46 1822 1846 2322 4846 
m2576 12 23 30 46 1162 1196 1512 1523 1530 1546 2346 3696 4812 
m150 36 40 46 1840 2036 2040 2336 2340 
m2643 5 12 41 45 46 296 2055 2062 2096 2255 2291 2296 2341 2345 4812 
m213 22 37 40 46 1137 1140 1146 1890 2022 2037 2040 2046 2337 2340 2346 4837 
m2058 22 37 49 1122 1137 1149 1872 1899 2472 2487 2499 
m1432 23 30 36 39 40 41 1173 1186 1190 1191 1523 1539 1541 1823 1973 1986 1991 2023 2036 2073 2086 2090 2091 3673 4323 4336 4586 
m1255 5 23 30 46 273 280 296 1180 1505 1523 1546 2305 2323 2330 2346 4823 
m1037 22 30 40 46 1122 1130 1146 2022 2046 2330 
m1141 14 23 30 46 1514 1523 1546 2314 2323 2330 2346 3664 4814 4823 
m392 30 36 46 49 1530 1536 1546 1549 1849 2330 2336 2346 2349 
m2598 22 23 40 46 1123 1140 1146 1190 2022 2023 2040 2046 2340 2346 3696 4823 
m2142 23 30 38 41 1173 1180 1523 1923 1930 1938 1941 2073 2080 2088 2091 3673 
m580 22 37 46 1872 1896 2322 2346 4837 
m1728 23 36 45 46 1186 1196 1836 1846 2273 2286 2296 3686 4836 
m325 22 26 44 46 1144 1146 1322 1344 1346 2244 2246 2344 2346 4846 
m1217 36 38 40 46 49 1836 1838 1840 1846 1849 1938 2036 2038 2040 2046 2049 2336 2338 2340 2346 2349 2486 2488 4336 4346 4836 
m2648 13 38 1913 1938 
m614 26 37 38 46 1876 1926 1937 1946 2326 4396 
m264 26 38 46 1338 1346 2338 2346 
m1535 13 33 4163 
m544 5 14 22 23 32 36 37 41 264 282 286 722 737 741 1123 1136 1141 1155 1182 1186 1614 1637 1814 1837 1872 1882 1886 1887 1891 2087 3664 4136 4332 
m165 5 14 46 705 2305 2314 
m40 5 22 37 46 255 1105 1137 1146 1855 1887 1896 2305 2322 2337 2346 4837 
m1475 14 39 40 46 740 1990 1996 2014 2039 2040 2046 2340 4464 4814 
m700 36 40 46 1836 1840 1846 2036 2040 2046 2336 2340 2346 4336 4346 
m401 32 36 46 1636 2332 2336 2346 4332 4336 4836 
m2161 13 26 38 46 1313 1346 1913 1926 1946 2313 
m1676 36 38 41 46 1841 1936 1941 1946 2086 2091 2336 2341 
m6 22 23 30 46 1122 1123 1130 1146 1180 1523 1546 2330 4823 
m1481 22 23 30 36 39 40 41 1123 1130 1136 1140 1172 1173 1180 1186 1190 1523 1536 1540 1822 1823 1830 1836 1840 1972 1973 1980 1986 1990 2022 2023 2030 2036 2072 2073 2080 2086 2089 2090 2091 3673 4323 
m1420 27 38 46 1927 1946 2327 
m2295 36 41 46 2336 2341 2346 4586 4846 
m1024 22 23 1123 1172 1173 3673 
m2647 22 23 30 41 1123 1141 1172 1173 1191 1522 1523 1541 2072 2073 2080 2091 3673 
m1378 22 23 36 40 46 49 1172 1822 1823 1836 1846 1849 2023 2036 2040 2046 2049 2322 2336 2346 2349 2472 2473 2486 4323 4346 4823 4836 
m148 23 36 41 49 1191 1823 1836 1841 1849 2473 2486 2491 3686 4323 4336 4341 
m2433 22 23 30 36 40 41 1122 1123 1130 1136 1140 1173 1522 1523 1536 1822 1823 1830 1836 2022 2023 2030 2036 2072 2073 2080 2086 2090 2091 3673 4323 4586 
m1383 22 38 45 46 49 1138 1145 1146 1922 1938 1945 1946 1949 2296 2299 2349 
m2424 22 23 30 36 41 1123 1130 1136 1141 1186 1191 1523 1536 1541 1841 2073 2080 2091 3673 4323 4586 
m2546 5 22 36 38 46 49 286 296 299 1136 1138 1146 1149 1836 1846 1849 1905 1936 1938 1946 1949 2346 2349 2455 2486 2496 2499 4836 
m775 22 36 38 40 41 46 1136 1141 1836 1840 1841 1936 1940 1941 1946 2022 2036 2038 2040 2041 2046 2086 2090 2091 2322 2336 2341 4586 
m2197 14 26 38 41 741 1314 1341 1914 1926 1941 
m1055 36 46 49 2486 2496 4836 4846 
m903 14 22 33 722 1672 4164 
m1330 22 23 38 46 1172 1922 1923 1938 1946 2322 2323 2346 
m1071 11 13 22 46 563 572 596 1113 1122 1146 2313 2322 2346 4846 
m352 
m1428 13 38 46 1913 1938 1946 2313 
m911 5 22 27 46 1146 1355 2305 2327 
m1641 14 26 38 726 1914 1926 1938 
m1846 22 30 36 46 1130 1136 1146 1536 1546 1822 1830 1836 1846 2322 2330 2336 2346 4836 
m733 23 
m2300 32 40 45 46 1646 2032 2045 2046 2282 2296 
m705 22 36 40 41 45 1122 1136 1140 1141 1145 1822 1836 1840 1845 2022 2036 2040 2045 2072 
m561 23 45 46 1196 2273 2296 2323 2346 3696 4823 
m166 37 46 1896 2337 2346 4846 
m556 36 4336 
m2402 
m1886 22 23 30 36 40 1123 1130 1136 1140 1172 1173 1186 1190 1523 1536 1540 1823 2022 2023 2036 3673 4323 
m1821 22 23 30 1122 1123 1130 1173 1522 1523 3673 
m1456 13 22 40 690 1113 1122 
m2712 22 23 36 40 41 1122 1123 1136 1140 1141 1172 1173 1822 1823 1836 1840 1841 2022 2023 2036 2040 2041 2073 2086 2090 3673 4586 
m2866 22 23 36 41 1123 1136 1141 1172 1173 1186 1822 1823 2072 2073 2086 2091 3673 4586 
m2685 22 38 46 1122 1138 1146 1922 1938 1946 2322 2338 2346 
m1090 13 22 33 36 40 1113 1122 1133 1136 1140 1686 1690 1813 1840 2013 4163 
m2786 22 23 36 40 41 1172 1186 1190 1191 1822 1836 1840 1841 2022 2023 2036 2040 2041 2072 2073 2086 2090 2091 3686 4323 4336 4586 
m326 22 23 30 36 40 45 1123 1130 1136 1145 1523 1830 2022 2023 2030 2036 2045 2273 2280 2286 4323 
m1914 41 2091 
m631 36 46 2336 2346 4836 4846 
m2182 36 49 1836 1849 2499 
m2321 5 23 30 38 40 273 280 290 1190 1523 1530 1540 1905 1923 1930 1940 2023 2030 2040 
m2737 14 36 40 46 49 714 736 740 746 749 1814 1836 1840 1846 1849 2014 2036 2046 2049 2314 2336 2346 2349 2464 2486 2490 2496 3246 4814 
m1061 6 14 36 46 49 314 706 714 736 746 749 1806 1814 1846 2306 2456 2464 2486 2496 4814 
m598 13 22 33 36 38 40 1113 1122 1133 1136 1138 1140 1813 1833 1838 1840 1913 1933 2013 2033 2038 4163 
m457 30 38 39 1930 1980 1988 
m2153 12 41 46 641 2062 2091 2096 2312 2341 2346 
m1409 22 36 40 1122 1136 1140 2036 
m2454 15 27 38 41 45 46 777 1938 1941 1946 2065 2088 2096 2288 2291 2296 2315 2327 2346 
m81 14 46 2314 2346 4814 
m1959 46 
m2334 22 23 41 1122 1123 1173 2072 2073 3673 
m394 11 13 22 33 36 40 563 572 583 586 590 672 686 690 1113 1122 1133 1136 1140 1672 1686 1690 1822 2022 2036 3183 
m1193 22 36 37 40 46 1122 1136 1137 1140 1146 1837 2036 2037 2040 2046 2322 2336 2337 2340 2346 4346 4396 
m665 23 30 36 40 46 1186 1190 1523 1530 1536 1540 1546 1823 1830 1836 1846 2023 2030 2036 2046 2330 2336 2340 2346 3696 4823 
m1500 22 24 1124 
m503 14 40 46 740 2014 2040 2046 2340 2346 3246 4814 
m1536 22 23 36 40 41 1122 1136 1140 1141 1173 1186 1190 1823 1836 1840 1841 2022 2023 2036 2040 2041 2073 2086 2090 2091 3686 4323 
m2427 22 23 30 36 40 46 1122 1123 1130 1136 1140 1146 1172 1173 1522 1523 1530 1540 1546 1822 1823 1830 1840 1846 2022 2023 2030 2036 2040 2046 2322 2323 2330 2340 2346 3696 4823 
m219 23 36 40 41 46 49 1191 1836 1841 2023 2036 2041 2323 2336 2340 2341 2349 2473 2486 2490 2491 2496 2499 3686 4323 4336 4836 
m2270 37 46 49 1899 2346 2349 2496 4396 4837 
m2344 22 37 46 49 1872 2322 2346 2487 2496 4396 4837 
m2629 22 30 36 40 41 1136 1141 1522 1536 1540 1541 1822 1836 1840 1841 2022 2036 2040 2041 2086 4336 4586 
m2762 21 38 46 1921 1946 2321 2346 4846 
m2323 22 46 1122 1146 2346 
m8 22 41 46 1141 1146 2091 2341 
m812 22 36 45 46 1136 1146 1845 1846 2336 2345 2346 4836 4846 
m1138 36 40 41 46 1840 2036 2040 2041 2046 2086 2096 2336 2340 2346 4346 4846 
m1385 23 30 36 40 41 1173 1180 1186 1190 1523 1536 1540 1823 1830 1840 2023 2036 2073 2086 3673 4336 
m2131 14 46 2314 2346 4814 
m331 26 39 40 46 1339 1340 1346 1990 2339 2340 4496 4846 
m2824 22 46 2322 2346 
m2587 6 14 32 36 314 332 732 1806 1814 1832 
m1459 38 46 49 1938 1946 1949 2349 
m1294 22 46 1122 1146 2322 2346 
m11 37 
m271 13 38 688 1913 1938 
m1929 30 38 40 45 46 1930 1938 1945 1946 2030 2038 2045 2046 2280 2288 2296 2330 2338 
m1730 23 30 46 1180 2323 2330 2346 
m2734 14 36 46 49 714 736 746 749 1814 1836 1846 1849 2314 2336 2346 2349 2464 2486 2496 3246 4814 
m966 41 46 2341 
m242 5 13 14 33 263 283 705 713 733 4163 
m1191 13 36 38 40 1813 1913 1936 1940 2013 2036 
m1967 23 30 36 38 40 46 1180 1186 1190 1523 1530 1536 1540 1546 1830 1923 1930 1936 1940 1946 2023 2030 2036 2038 2040 2046 2323 2330 2340 4836 
m2528 22 30 36 40 41 46 49 1122 1130 1136 1140 1141 1146 1149 1522 1536 1546 1822 1830 1836 1840 1846 1849 2022 2030 2036 2040 2046 2049 2072 2090 2322 2472 2480 2486 2490 2496 4346 4846 
m703 36 40 46 1836 1840 1846 2036 2040 2046 2336 2340 2346 4336 4346 
m2176 22 23 36 40 1122 1123 1136 1140 1172 1173 1186 1190 1822 1823 1836 1840 2022 2023 2036 2040 3673 4323 
m746 22 37 40 46 1137 1146 1890 2022 2037 2040 2046 2322 2337 2340 2346 4396 
m2214 14 46 2314 2346 4814 
m1908 22 32 36 37 40 1122 1132 1136 1137 1140 1637 1832 1837 1840 2032 2037 
m1640 36 37 40 1836 1837 1840 2036 2037 2040 
m1171 22 23 36 40 41 46 1122 1136 1140 1141 1186 1190 1191 1196 1823 1836 1840 1841 1846 2023 2036 2040 2041 2046 2072 2073 2086 2090 2091 2096 2336 2340 2341 3686 
m2518 31 36 1581 1586 1831 1836 4086 
m2069 27 38 46 1927 1946 2327 
m251 37 46 4396 
m2122 12 26 46 626 2326 4812 
m103 10 510 
m247 22 23 38 45 46 1123 1138 1145 1146 1195 1923 1938 1945 1946 2323 2345 
m436 22 23 24 40 46 1123 1124 1140 1146 1190 1240 1246 2023 2024 2040 2046 2340 3696 3723 
m498 36 49 1836 1849 2499 
m617 22 23 27 30 36 40 49 1172 1186 1199 1373 1380 1386 1399 1522 1523 1527 1530 1536 1549 1822 1823 1827 1830 1836 1840 1849 2023 2027 2030 2036 2040 2049 2472 2473 2477 2480 2486 2499 3686 4336 
m880 23 40 2023 3673 
m2894 37 46 2346 4837 
m440 36 41 1841 
m2586 45 46 2345 
m2861 22 38 46 49 1946 2322 2346 2349 2472 4846 
m2893 5 13 38 46 263 288 296 696 1913 1938 1946 2305 2313 2338 2346 
m428 14 23 30 46 1514 1523 1546 2314 2323 2330 2346 3664 4814 4823 
m1111 17 22 38 46 888 1117 1138 2322 2338 4817 
m2534 22 23 30 36 40 41 1122 1123 1130 1136 1140 1141 1173 1522 1523 1536 1822 1823 1830 1836 2022 2023 2030 2036 2072 2073 2080 2086 2090 2091 3673 4323 4586 
m2345 6 306 
m156 14 22 36 38 41 46 714 736 1114 1136 1836 1914 1922 1936 1941 2064 2072 2086 2314 2322 2336 2338 2341 3236 4314 4586 4814 
m1944 14 46 4814 
m192 22 30 36 40 41 49 1122 1130 1136 1140 1141 1536 1540 1822 1840 1841 2022 2036 2040 2041 2080 2086 2090 2472 2486 2490 
m750 14 38 45 46 1914 1938 1945 1946 2264 2314 2338 2345 2346 4814 
m1494 22 46 1122 1146 
m914 42 45 2145 
m651 38 46 1938 1946 
m2079 3 30 33 41 46 180 196 1653 1680 2053 2080 2083 2096 2330 4196 
m2190 22 26 44 46 1122 1144 1146 1322 1344 1346 2344 2346 
m1725 23 40 46 2023 2040 2046 2323 2346 4823 
m2170 11 13 33 661 1661 4163 
m2006 14 40 46 2014 2040 2046 2314 2346 4814 
m664 23 49 1173 2473 3673 
m2479 4 204 
m2635 22 23 30 36 40 46 1122 1123 1130 1136 1140 1146 1172 1173 1522 1523 1530 1540 1546 1822 1823 1830 1840 1846 2022 2023 2030 2036 2040 2046 2322 2323 2330 2340 2346 3696 4823 
m732 6 43 46 2306 2343 4656 
m364 30 38 40 45 46 1930 2030 2038 2045 2046 2280 2288 2296 2330 2338 
m387 14 46 49 2314 2346 2464 2496 4814 4846 
m1713 22 36 40 41 1136 1140 1141 1836 1840 1841 2036 2040 2086 2090 2091 4586 
m2101 14 40 46 2014 2040 2046 2314 2346 4814 
m486 22 45 46 1145 2322 2345 2346 
m1759 27 46 49 2327 2346 2477 2496 
m1461 22 23 30 36 40 41 46 1122 1123 1130 1136 1140 1141 1146 1173 1186 1190 1522 1523 1536 1540 1541 1823 1836 1840 1841 2023 2036 2040 2041 2073 2086 2090 2322 2323 2330 2336 2340 2341 2346 3673 3686 4323 4336 
m10 30 46 2330 
m2430 13 16 22 36 40 672 686 690 822 836 840 1113 1116 1122 1136 1140 1822 2022 2036 3166 
m101 11 13 22 33 36 40 661 1113 1122 1133 1136 1140 1661 1811 1813 1833 1840 2011 2013 2033 4163 
m2 22 23 41 46 1123 1141 1146 1173 2073 2323 2341 2346 3673 4823 
m531 22 23 46 1122 1123 1146 1196 2323 3673 
m596 14 22 30 38 46 730 1114 1130 1138 1146 1914 1930 1946 2330 3246 
m2339 23 30 46 1523 2323 2330 2346 4823 
m2716 6 14 36 49 706 714 736 749 1806 2456 2486 
m356 26 32 36 46 1332 1336 1346 1832 2332 2336 2346 4836 
m1469 32 33 36 1632 1633 1636 1683 1686 1833 1836 4136 4186 4333 4336 
m2684 10 36 46 49 546 1810 1836 1846 1849 2310 2336 2346 2349 2486 2496 2499 
m2871 22 23 30 36 40 46 1122 1123 1130 1136 1140 1146 1172 1173 1522 1523 1530 1540 1546 1822 1823 1830 1840 1846 2022 2023 2030 2036 2040 2046 2322 2323 2330 2340 2346 3696 4823 
m391 23 36 41 46 1841 1846 2073 2086 2323 2341 4323 4836 
m737 36 46 49 1836 2336 2346 2349 2486 2499 4336 
m959 22 23 1122 1123 
m1888 13 38 41 691 1913 1938 1941 
m1933 14 
m1364 23 30 38 40 46 1180 1923 1930 1946 2023 2038 2046 2330 4823 
m1404 23 36 40 46 49 1190 1823 1836 1840 1846 1849 2023 2036 2040 2046 2336 2340 2346 2349 2473 2486 2490 4323 4346 4823 4836 
m755 22 23 30 36 40 45 46 1123 1130 1136 1140 1146 1180 1523 1536 1546 1830 2023 2030 2036 2046 2272 2273 2280 2286 2290 2296 2330 2336 4323 4823 
m1657 37 40 46 1890 2037 2040 2046 2337 2340 2346 4396 
m2353 22 41 46 1122 1141 1146 2341 
m748 13 22 36 38 40 1113 1122 1136 1138 1140 1813 1840 1913 1936 1940 2013 
m1264 23 32 46 1196 1623 1646 2346 
m2196 12 26 46 612 1312 1346 2312 2346 4812 
m249 13 20 22 33 36 38 40 688 1013 1022 1033 1036 1038 1040 1113 1133 1136 1138 1140 1688 1813 1822 1833 1838 1840 2013 2033 2036 2038 3183 3536 4336 
m2195 32 46 1632 1646 2332 2346 
m2504 46 2346 
m654 23 36 38 40 41 1823 1840 1923 1936 2023 2036 2073 2086 2088 2090 4323 4336 4586 
