m71 38 46 1946 
m1477 22 45 46 1145 1146 2345 4846 
m2483 8 36 46 49 1808 1846 2308 2336 2458 2486 2496 4336 
m2361 27 36 48 49 1386 1399 1827 1848 1849 2486 2498 2499 4336 
m2425 39 45 1995 2289 2295 
m2320 22 37 40 45 46 1146 1872 1887 1890 1895 1896 2022 2037 2046 2287 2290 2295 2296 2322 2337 2340 2346 4396 
m988 22 23 36 40 1122 1123 1136 1140 1173 1822 1823 1840 2022 2023 3673 
m728 38 45 46 49 1946 2299 2345 2346 2349 
m1066 32 46 2332 
m2782 22 26 41 46 1141 1146 1322 1341 1346 2341 
m2156 5 30 32 36 46 280 1605 1630 1646 1805 1830 1846 2305 2330 4332 
m2091 14 36 49 1814 1849 2464 
m2014 37 46 2337 2346 4837 4846 
m871 39 
m866 13 33 4163 
m2547 22 23 36 40 41 46 1122 1123 1136 1140 1186 1190 1836 1840 2036 2040 2072 2073 2086 2090 2322 2323 2336 2340 2341 3686 
m599 17 22 41 46 872 891 1141 2322 2341 4817 
m1260 37 38 46 1888 2338 2346 4396 4837 
m547 17 46 4817 
m1695 22 23 36 40 41 1122 1123 1136 1140 1141 1186 1190 1836 1840 2036 2040 2072 2073 2086 2090 3686 
m2469 32 36 41 46 1641 1646 2332 2336 2341 2346 4136 4586 
m1167 45 46 2345 
m368 22 38 44 46 1146 1922 1946 2344 2346 4846 
m974 36 37 40 46 49 1837 1849 1899 2036 2037 2046 2049 2336 2349 4837 
m928 22 44 45 46 1144 1145 1146 2294 2296 2344 2346 
m1899 20 22 23 30 38 1022 1023 1030 1038 1123 1130 1172 1173 1180 1188 1520 1523 1538 1922 1923 1930 1938 3673 
m1869 45 2295 
m739 22 37 46 1122 1137 1146 2322 2337 2346 4837 
m115 26 34 38 46 1326 1334 1346 1734 1926 1938 1946 2334 2346 
m2331 22 30 36 40 46 1122 1136 1146 1522 1536 1822 2022 2030 2036 2322 2330 2336 2340 2346 4836 
m2531 36 46 49 2336 2349 2486 
m448 32 46 1632 1646 2332 2346 
m987 37 38 40 46 1890 1937 1938 1946 2340 4837 
m912 22 38 45 46 1145 1146 1922 1945 1946 2345 
m1353 32 37 38 46 1637 1646 1932 1946 2332 2337 2346 4837 
m2471 5 33 45 46 1655 1695 2255 2305 2345 4833 
m537 23 45 1173 1195 2273 2295 
m1705 5 13 22 33 655 1113 1122 1133 1655 1672 4163 
m2672 36 40 45 46 1840 1845 2036 2040 2045 2340 2345 4836 
m720 22 30 36 39 41 1136 1139 1522 1536 1539 1541 1986 2072 2089 4586 
m110 23 26 32 46 1182 1323 1332 1346 2323 2332 
m1333 22 23 30 45 1123 1130 1145 1173 1180 1523 1530 2273 2280 3673 
m670 13 22 32 36 40 672 686 690 1613 1636 1640 1822 1840 2022 2036 2040 4336 
m2395 5 36 45 46 286 295 1845 2305 2336 2345 4336 
m2387 5 45 295 
m1552 13 22 33 36 40 1113 1133 1136 1140 1813 1833 1840 2013 2033 4163 
m876 46 
m2242 14 23 30 46 1196 1514 1523 1546 2314 2323 2330 2346 3664 4814 4823 
m2314 13 33 45 2263 2283 4163 
m7 32 36 38 41 46 1638 1646 1838 1846 2082 2096 2332 2336 2338 2341 2346 4332 4586 
m989 37 46 2346 4396 4837 
m2063 30 36 40 46 48 1830 1848 2036 2046 2330 2336 2346 2348 2430 
m2296 36 40 41 1836 1840 2036 2086 2090 2091 4586 
m564 23 30 38 45 46 1180 1923 1930 1946 2273 2280 2288 2296 2330 2346 4823 
m972 5 32 36 45 1605 1805 2255 2282 2286 4332 
m461 13 22 1113 1122 
m539 13 16 36 40 49 1813 1816 1836 1849 2013 2016 2036 2049 2463 2466 3166 
m1275 22 30 36 40 41 49 1130 1136 1141 1536 1540 1541 1830 1836 1840 1841 2036 2072 2080 2086 2090 2091 2472 2480 2486 2491 
m2157 36 39 40 1836 1839 1840 1986 1990 2036 2039 
m67 23 30 36 40 46 1173 1190 1196 1523 1536 1540 1546 1823 1840 2023 2046 2340 3696 4323 4346 
m194 13 46 2313 
m1602 22 38 46 1146 1922 1946 
m1172 22 23 36 40 46 48 1123 1136 1140 1146 1148 1190 1840 2022 2023 2036 2046 2048 2336 2340 2346 2423 2436 2440 2446 3696 4323 4346 4823 
m587 32 36 41 46 1641 1646 2332 2336 2341 2346 4136 4586 
m1992 14 36 38 46 48 736 746 748 1848 1914 1936 1938 1946 2314 2336 2338 2346 2348 
m381 40 46 2046 2340 2346 4846 
m706 11 45 595 
m2294 23 30 40 1173 1190 1523 1530 1540 2023 2030 2040 3673 
m832 8 45 46 2258 2296 2308 
m2500 46 
m2523 
m372 36 40 45 46 1845 2036 2040 2045 2046 2295 2296 2345 4346 
m825 13 37 46 1896 2313 4363 
m1966 5 13 22 33 46 655 1113 1133 1146 1655 1696 2305 2313 4163 
m1689 5 36 38 41 46 286 291 296 1905 1936 1938 1941 1946 2341 4341 4836 
m1857 26 36 46 1826 2326 2336 2346 4346 
m1709 22 30 38 1130 1922 1930 1938 
m276 22 44 46 1146 2322 2344 2346 4846 
m2573 10 32 46 1610 1646 2310 
m1235 22 44 46 1146 2344 2346 4846 
m447 14 36 40 46 1814 1846 2014 2036 2040 2046 2346 4346 4814 
m362 32 36 38 41 46 1641 1646 1932 1936 1941 1946 2332 2336 2341 2346 4136 4586 
m712 36 49 1849 2486 2499 
m1189 36 40 46 49 1836 1840 1846 2036 2040 2046 2049 2336 2346 2349 2486 4346 4836 
m443 13 16 49 699 849 3166 
m1298 14 23 30 46 1514 1523 1546 2314 2323 2330 2346 3664 4814 4823 
m2707 45 46 2295 2296 2345 4846 
m2724 36 45 2286 
m2895 5 13 22 38 46 655 696 1113 1146 1913 1922 1946 2305 
m1525 22 38 45 46 1122 1146 1922 1938 1945 1946 2272 2288 2295 2296 2346 
m1018 23 45 1195 2273 2295 
m2199 22 37 41 46 1122 1137 1141 1146 1891 2341 4837 
m1769 5 23 45 46 1155 2255 2273 2305 2345 2346 4823 
m254 45 46 2345 2346 
m2542 14 21 45 46 721 745 2271 2321 2345 4814 
m1473 13 38 688 1913 1938 
m1868 36 42 46 49 2146 2336 2486 2492 2496 4636 
m798 22 23 36 41 1123 1136 1141 1191 3686 4341 
m944 36 41 45 1845 2095 2295 4586 
m2614 23 36 41 49 1186 1199 1823 1836 1849 2073 2086 2099 2473 3673 4323 4586 
m112 30 36 39 40 46 1536 1540 1546 1830 1836 1840 1846 1980 1986 1990 1996 2030 2036 2040 2046 2330 2336 2340 2346 4346 4496 4836 
m925 13 38 1913 1938 
m2835 17 22 1117 
m2811 22 23 36 40 41 46 49 1123 1136 1140 1173 1186 1190 1199 1840 2022 2023 2036 2040 2041 2049 2072 2073 2086 2090 2091 2099 2322 2323 2340 2341 2473 2486 3673 3686 4323 
m2662 22 23 36 41 1122 1123 1136 1141 1173 1186 1823 2073 3673 3686 4323 4586 
m2541 14 30 714 730 
m1256 22 44 46 1144 1146 2246 2322 2344 2346 4846 
m1454 5 14 38 45 46 705 745 1905 1914 1945 1946 2255 2305 2345 4814 
m1927 22 23 30 36 46 1172 1522 1523 1536 1822 2322 2330 2336 2346 3686 4823 4836 
m1943 22 44 46 1146 2222 2246 2322 2344 2346 4846 
m2816 22 44 45 46 1146 2272 2294 2296 2344 2346 4846 
m172 14 22 46 722 746 2322 
m1297 22 44 46 1146 2322 2344 2346 4846 
m1829 22 37 46 1137 1146 4837 
m314 23 45 1195 2295 
m711 36 45 46 1845 2336 2345 
m916 40 41 46 2046 2090 2096 2340 2341 2346 
m1612 22 44 46 1146 2246 2344 2346 4846 
m782 5 13 14 33 263 283 705 713 733 4163 
m1783 45 2295 
m1048 11 13 33 45 563 583 595 695 1695 3183 
m892 17 36 46 49 1817 1846 1849 2349 2467 4817 
m2827 22 23 41 1141 1172 1173 1191 
m2364 22 23 45 1122 1123 1145 1173 2272 2273 2295 3673 
m1905 22 23 36 40 46 49 1123 1136 1140 1146 1149 1190 1822 1840 2023 2036 2040 2046 2049 2322 2336 2340 2346 2472 2473 2486 2496 3696 4323 4346 4823 
m1620 32 36 38 41 46 1641 1646 1936 1941 1946 2332 2336 2341 2346 4136 4586 
m2829 22 46 1146 
m2225 40 45 46 2046 2290 2296 2340 2346 
m998 23 30 46 1523 1546 2323 
m2906 13 22 23 32 36 40 41 672 673 686 690 1122 1123 1136 1140 1141 1186 1190 1191 1613 1622 1623 1636 1823 1840 1841 2023 2041 3673 
m2698 5 45 46 2255 2295 2296 2305 2345 
m2333 22 
m1237 14 38 40 45 46 740 745 1914 1938 1940 1945 1946 2290 2340 2345 3246 
m2358 5 13 30 33 46 655 680 1505 1655 1680 2305 2313 2330 2333 4163 
m2659 13 14 22 46 672 722 1113 1114 2313 2322 3213 4814 
m225 22 44 46 1146 2344 2346 4846 
m402 22 44 46 1146 2322 2344 2346 4846 
m1726 41 46 2341 
m1835 13 38 46 1913 1946 2313 2346 4813 
m319 
m2089 23 30 36 41 1523 1823 1830 2073 2080 3673 4323 4586 
m2309 13 38 46 663 696 1913 1946 
m822 5 11 15 33 38 46 565 583 588 596 755 1655 1696 1915 1933 1946 2305 2315 4165 
m2335 45 46 2295 2296 
m1444 9 36 46 459 486 496 1809 2309 2336 2346 4836 
m976 22 44 46 2222 2246 2322 2344 2346 4846 
m1470 5 14 40 45 46 705 745 2005 2014 2045 2046 2255 2305 2345 4814 
m2860 22 44 46 1122 1146 2344 2346 4846 
m628 46 2346 
m2316 14 46 714 746 2314 2346 4814 
m1834 5 13 14 33 655 705 713 1655 1664 4163 
m1600 22 23 36 41 46 49 1141 1172 1191 1822 1823 1841 1846 2322 2323 2341 2472 2473 2486 2491 2496 
m410 45 
m1659 45 46 2295 2296 2346 
m2194 36 
m2480 22 45 46 1145 1146 2296 
m1724 23 41 46 1173 2073 2323 2341 3673 
m2538 12 36 40 46 49 636 640 649 1836 1849 2036 2049 2336 2340 2349 2499 4812 
m1574 13 16 38 688 838 3313 
m2378 13 37 4363 
m859 46 2346 4846 
m1366 1 32 36 38 45 46 82 96 1901 1932 1936 1946 2251 2282 2286 2288 2296 2332 2586 4136 4836 
m1571 13 14 32 46 664 696 1613 1614 1646 4814 
m827 22 41 1141 
m2286 22 44 46 1146 2344 2346 4846 
m918 6 43 4656 
m2713 5 45 46 2255 2296 2305 
m2267 22 23 30 46 1122 1123 1130 1146 1180 1522 1523 1530 1546 2330 4823 
m2725 22 23 36 40 41 1122 1123 1136 1140 1141 1172 1173 1822 1823 1836 1840 1841 2023 2036 2040 2041 2073 3673 4341 
m1819 22 23 30 1122 1123 1130 1173 1180 1522 1523 1530 
m2828 22 45 46 1145 2322 2345 
m202 5 37 45 46 1855 2255 2287 2296 2305 4837 
m582 20 40 48 1040 2040 2420 2440 
m111 6 42 46 346 2146 2842 
m2767 32 46 1632 1646 2332 
m1907 5 23 36 45 286 295 1155 1186 1195 1845 4336 
m2822 13 22 36 38 40 1113 1122 1136 1138 1140 1813 1840 1913 1936 1940 2013 
m472 22 36 40 46 49 1146 1822 1840 1846 1849 2036 2046 2049 2322 2340 2472 2496 4846 
m2201 22 36 46 49 1822 1846 1849 2322 2346 2472 2496 
m1524 22 46 48 1146 2348 
m2276 
m1850 23 30 36 1180 1530 1823 1830 
m1938 14 49 2464 
m400 45 
m2257 30 36 41 46 1830 1836 1841 1846 2080 2330 2336 2341 2346 4586 4836 
m2901 37 41 46 2087 2341 4837 
m1146 22 23 30 1123 1172 1173 1180 1522 1523 1530 3673 
m1830 23 40 46 1190 2023 2040 2046 2340 2346 3696 4823 
m1175 13 22 41 691 1113 1122 1141 
m2763 23 
m2277 22 45 1145 
m1546 22 40 44 46 1146 2022 2044 2046 2344 2346 4846 
m2313 33 1683 
m2004 14 40 46 2014 2040 2046 2314 2346 4814 4846 
m2463 23 45 46 1195 2323 2345 3673 
m648 14 46 2346 4814 
m2514 49 
m1229 5 32 36 46 49 282 286 296 299 1649 1832 1849 2332 2336 2349 2486 4136 4336 
m2878 5 37 46 255 1855 1887 1896 2305 2337 2346 4837 
m2022 22 44 46 1144 1146 2222 2246 2322 2344 2346 4846 
m1585 13 14 22 672 722 3213 
m2070 22 40 45 46 1140 1145 1146 2045 2046 2345 
m1160 5 13 22 45 46 655 1113 1145 1146 2255 2263 2296 2305 2313 
m521 36 40 45 1845 2036 2045 2286 2290 2295 
m763 29 
m837 5 36 46 49 286 296 299 1836 1849 2305 2336 2346 2349 4836 4846 
m1605 22 23 30 40 41 1130 1140 1180 1523 1530 2022 2023 2030 2072 2090 
m2699 22 23 36 40 41 46 49 1122 1123 1136 1140 1141 1149 1173 1186 1190 1822 1823 1836 1841 1849 2022 2023 2036 2040 2046 2072 2073 2086 2322 2323 2336 2341 2349 2472 2473 2486 2491 3673 3686 4323 4336 
m1813 13 37 4363 
m1519 16 45 46 845 2345 4816 
m502 40 45 46 49 2045 2046 2299 2345 2349 
m262 37 38 1888 1937 1938 
m863 14 46 49 2314 2346 2464 2496 4814 
m1345 22 44 46 1146 2322 2344 2346 4846 
m2505 33 36 41 1686 2083 4586 
m772 18 
m626 18 37 46 1868 2318 4837 
m2367 13 33 46 2313 2333 4163 
m2399 46 
m2144 36 40 41 46 49 1841 1846 1849 2036 2041 2046 2049 2336 2341 2486 2491 2496 4336 
m1955 48 2448 
m1912 13 23 36 1186 1813 3663 
m45 37 45 46 1895 2337 2345 2346 4396 
m487 14 34 46 734 746 2334 
m1133 22 23 36 46 49 1123 1136 1146 1149 1836 1846 1849 2323 2336 2473 2486 2496 3686 4323 4336 4836 
m1986 22 23 41 1122 1123 1141 1173 2072 2073 3673 
m403 36 38 46 1936 1946 4836 
m1627 32 36 46 49 1632 1636 1649 1849 2332 2336 2346 2349 
m1384 22 26 44 46 1146 1322 1346 2326 2344 2346 4846 
m1597 12 14 32 37 46 614 632 732 737 1882 2314 2332 2337 3137 4812 
m2150 14 38 40 738 1914 1938 1940 2014 2038 2040 
m2666 32 36 38 39 46 1832 1839 1936 1939 1946 1982 2332 2336 2339 
m1041 12 46 49 2349 2462 4812 
m2221 14 23 30 46 730 1180 2314 2323 2330 2346 3223 4814 4823 
m1579 32 36 38 41 46 1641 1646 1932 1936 1941 1946 2332 2336 2341 2346 4136 4586 
m1195 22 36 40 41 1136 1141 2036 2086 2090 
m1638 45 
m1587 22 23 36 40 49 1122 1123 1136 1140 1149 1173 1186 1190 1822 1823 1836 1849 2023 2036 2472 2473 2486 3673 3686 4323 4336 
m1673 45 46 2296 2346 
m1311 22 23 30 1122 1123 1130 1172 1173 1180 1522 1523 1530 3673 
m994 12 22 23 36 40 41 46 49 640 1123 1136 1141 1149 1162 1186 1196 1199 1812 1840 1846 1849 2062 2073 2086 2090 2096 2099 2340 2462 2486 2496 3146 3686 4312 4336 
m510 26 
m581 36 46 1846 2336 2346 4836 
m888 22 36 40 41 49 1122 1136 1140 1141 1149 1841 1849 2022 2036 2041 2049 2486 2491 4336 
m2368 22 36 40 41 49 1122 1136 1141 1149 1841 1849 2022 2036 2041 2049 2486 2491 4336 
m1031 22 44 46 1146 2344 2346 4846 
m1435 37 38 46 49 1887 1888 1899 1937 1946 2337 2338 2346 2349 4396 4837 
m716 45 46 2345 
m2202 36 40 45 46 1845 2036 2040 2045 2046 2296 4346 
m2831 46 
m1779 22 30 32 36 40 41 46 49 1122 1130 1132 1136 1140 1141 1146 1522 1532 1536 1546 1622 1646 1822 1830 1832 1836 1840 1846 1849 2022 2030 2032 2036 2040 2046 2049 2072 2090 2096 2322 2472 2480 2482 2486 2490 2496 4346 4846 
m2885 22 23 36 40 41 46 1122 1123 1136 1140 1141 1146 1190 1836 1840 2022 2023 2036 2040 2041 2046 2073 2086 2090 2096 2322 2323 2336 2340 2341 2346 3673 3686 4323 4823 
m2485 18 23 1168 
m2462 45 46 2296 
m2306 22 23 45 1172 1173 2272 2273 3673 
m47 26 45 46 2276 2296 2326 
m1704 38 40 45 46 1938 1945 1946 2290 2340 2345 
m2408 36 46 4836 4846 
m2808 22 26 36 45 46 1126 1136 1146 1336 1345 1346 1845 2336 2345 2346 4836 
m1758 38 46 1946 
m2126 37 40 41 46 2037 2046 2087 2090 2096 4837 
m1818 40 45 46 2040 2045 2046 2345 
m416 22 36 45 1136 1145 1845 
m1208 22 36 37 40 46 1122 1136 1137 1140 1146 1886 1890 2036 2037 2040 2046 2322 2336 2337 2340 2346 4396 
m2414 14 44 46 49 744 746 2344 2464 2494 2496 
m714 
m1686 22 37 1122 1137 
m282 22 44 46 1146 2344 2346 4846 
m2494 22 23 1123 1173 3673 
m777 37 46 2337 
m347 8 33 46 433 446 4833 
m752 
m2522 13 33 36 40 46 690 1813 1833 1840 2033 2313 2333 3183 4836 
m1370 22 30 36 40 41 46 1136 1141 1146 1541 1822 1830 1841 2022 2046 2086 2096 2336 
m1925 5 36 41 46 1805 2055 2096 2305 2336 4586 
m2583 22 23 24 40 46 1122 1123 1124 1146 1190 1222 1240 1246 2022 2023 2024 2046 2340 3696 3723 
m2363 22 36 38 41 49 1136 1138 1141 1149 1822 1838 1841 1849 1922 1936 2072 2086 2088 2099 2472 2486 2488 2491 4336 
m902 41 45 46 2095 2096 2345 
m1270 32 36 44 46 1832 1836 1844 2232 2236 2332 2336 2344 2346 4332 4336 4736 4836 
m2677 36 40 41 46 49 1836 1840 1846 1849 2036 2040 2041 2046 2049 2086 2090 2096 2099 2336 2340 2346 2349 2486 2490 2496 4346 4586 4836 
m2155 22 45 1122 1145 2272 
m389 5 14 32 705 1605 1614 
m1351 22 23 30 1122 1123 1130 1172 1173 1180 1522 1523 1530 3673 
m555 22 23 30 36 41 46 1122 1123 1136 1141 1191 1522 1523 1536 1541 1841 2322 2323 2330 2336 3686 
m2045 23 36 40 46 49 1836 1840 1846 1849 2023 2036 2040 2046 2049 2323 2336 2473 2486 2490 2496 3686 4323 4336 4836 
m734 22 34 36 1136 1834 
m1187 23 38 46 1188 1923 1938 1946 2338 2346 3696 4823 
m1746 5 13 33 45 263 283 2255 2263 2283 3183 
m760 14 40 46 49 2014 2040 2046 2314 2346 2464 2490 2496 4814 
m660 22 23 30 1123 1130 1172 1173 1180 1523 3673 
m890 12 22 30 622 1512 1522 
m2443 13 46 47 696 2363 2396 
m2392 12 45 46 645 2345 4812 
m2679 22 32 36 40 46 49 1622 1646 1822 1832 1836 1840 1846 1849 2032 2036 2046 2322 2482 2486 2490 2496 4332 
m1274 14 21 46 721 746 1096 
m731 13 33 40 46 2013 2033 2046 2313 2333 4163 
m1339 22 33 46 1133 1146 2333 
m1236 37 46 1896 
m1258 22 44 46 1146 2344 2346 4846 
m78 22 23 30 36 40 1122 1123 1130 1136 1140 1180 1830 2023 2030 2036 4323 
m517 26 37 41 46 1337 1341 1346 1891 2341 4837 
m2262 5 22 36 38 46 49 272 286 296 1149 1822 1849 1905 1936 1946 2322 2346 2349 4836 
m57 22 30 40 46 1130 2022 2030 2040 2046 2322 2330 2346 
m2084 22 36 41 46 49 1136 1141 1849 2086 2322 2336 2341 2349 4336 
m2237 22 45 46 1146 2272 2296 
m1068 14 
m1844 46 
m366 38 45 1938 1945 2288 2295 
m1174 46 
m674 5 14 36 41 45 255 286 291 295 705 736 741 1845 2055 2086 2095 4336 
m1157 22 23 30 38 41 1122 1123 1130 1172 1173 1188 1522 1523 1530 1538 2072 2073 2080 2088 3673 
m2026 16 38 46 838 2338 4816 
m557 46 
m1795 40 45 46 2046 2290 2296 
m2413 14 36 40 45 736 740 745 1840 2036 2286 2290 4336 
m883 22 30 45 1122 1130 1145 1545 
m697 32 45 1645 
m1190 32 46 2332 2346 
m671 13 22 36 40 672 686 690 1822 1840 2022 2036 2040 4336 
m999 23 46 2323 2346 3696 4823 4846 
m2474 15 45 795 
m1492 5 32 1605 
m2780 23 30 41 45 1180 1191 1541 2273 2280 2291 
m646 12 22 23 36 41 46 49 622 623 636 641 649 1123 1136 1141 1191 1822 1823 1841 2322 2323 2336 2341 2349 2472 2473 2486 2491 3136 4323 4336 4812 
m1949 22 45 46 2272 2296 2322 2346 
m819 45 
m277 45 46 2295 2296 2345 2346 4846 
m1678 17 22 44 46 49 899 1144 1146 2217 2246 2317 2344 2346 2349 3396 4817 4846 
m2867 5 13 38 45 46 263 296 1905 1913 1946 2255 2263 2288 2296 2313 
m2366 22 36 41 49 1136 1149 1841 1849 2072 2086 2091 2099 2486 4336 
m384 45 46 2345 
m259 13 22 36 40 672 686 690 1113 1122 1136 1140 1822 2022 2036 
m441 13 46 4813 
m2892 20 37 46 1870 2320 2337 
m1663 14 22 44 46 1114 1144 1146 2214 2246 2314 2322 2344 2346 3246 4846 
m2081 22 23 30 44 46 1130 1144 1146 1180 1523 1546 2223 2230 2246 2323 2330 2344 2346 4823 4846 
m662 22 36 37 40 1122 1136 1137 1140 1822 1872 1886 1890 2022 2036 
m1403 46 2346 
m639 18 36 40 1818 2018 2036 
m568 20 22 36 40 1120 1122 1136 1140 1820 1840 2020 
m2018 13 45 2263 
m1341 22 44 46 1146 2322 2344 2346 4846 
m344 13 33 45 46 2263 2283 2296 2313 2333 4163 
m1326 23 38 45 46 1195 1923 1945 1946 2323 2345 
m527 22 37 38 45 46 1872 1922 1937 1945 1946 2272 2287 2296 2322 4837 
m850 32 36 46 49 1849 2332 2336 2346 2349 2482 4332 
m113 14 46 47 747 2346 2347 4814 
m1241 22 26 44 46 1146 1322 1344 1346 2344 2346 4846 
m1731 14 22 1114 
m2639 22 23 36 49 1123 1136 1172 1173 1186 1199 1822 1823 1849 2472 2473 2486 3673 4323 4336 
m485 14 34 46 734 746 2334 
m1319 12 41 45 46 2062 2096 2262 2291 2296 4812 
m53 14 36 49 736 749 1849 2486 2499 4336 
m2900 23 30 1523 
m1748 22 32 45 46 1145 1146 2282 2296 2332 
m106 38 46 1946 
m2627 14 36 40 46 1814 1840 1846 2014 2036 2040 2046 2314 2346 4346 4814 4846 
m965 33 37 38 1933 1937 4383 
m345 3 45 153 2253 
m382 22 38 46 49 1146 1922 1946 1949 2349 2472 2488 2496 
m302 22 36 41 1122 1136 1141 1822 2072 4586 
m1317 46 2346 
m2385 6 14 32 314 332 732 
m1893 5 26 33 45 1305 1333 1345 1655 1695 2255 
m1866 45 46 2295 2296 2346 
m910 16 23 30 38 45 46 830 1180 1516 1523 1530 1546 1930 1945 1946 2266 2273 2280 2296 2316 2323 2330 2345 2346 3323 4823 
m1342 22 44 46 1146 2322 2344 2346 4846 
m300 13 22 36 38 40 1113 1122 1136 1138 1140 1813 1840 1913 1936 1940 2013 
m1184 14 40 740 
m2204 22 37 40 46 1137 1146 2022 2037 2046 2337 2346 4837 
m2044 26 33 46 1676 1696 2326 2333 2346 
m286 32 37 46 1882 2332 2337 
m1987 30 44 45 1545 2230 2245 
m1554 22 23 1122 1123 1172 1173 3673 
m1882 20 1020 
m1997 14 40 46 2014 2040 2046 2314 2346 4814 
m823 22 37 46 1872 2322 4837 
m2411 13 38 45 46 688 2263 2288 2295 2296 2313 2338 2346 3196 
m1331 5 13 22 33 36 40 655 1105 1113 1122 1133 1136 1140 1655 1805 1813 1833 1840 2013 2033 3183 
m1151 23 30 45 46 1195 1523 1545 1546 2323 2330 2345 2346 3696 4823 4846 
m2818 30 40 45 46 2045 2046 2280 2296 2330 2345 4846 
m1820 13 22 36 38 40 45 1113 1136 1138 1140 1145 1813 1840 1913 1936 1940 2013 2263 2286 2288 2290 
m336 22 36 41 46 1122 1136 1141 1146 1822 1836 2072 2086 2091 2322 2336 2341 4586 
m2529 36 45 1845 2286 2295 
m2439 13 22 46 1113 1122 2322 4813 
m1295 14 38 46 1914 1946 2346 4814 
m905 22 47 2372 2397 
m2774 36 38 46 1936 1946 2336 2338 2346 4836 
m1147 21 1071 
m1776 46 2346 4846 
m361 36 41 44 1841 2086 2091 2094 2236 2241 2244 
m2645 
m1367 26 32 36 46 1332 1336 1346 1832 2332 2336 2346 4836 
m2792 33 45 48 1695 1698 2298 
m2442 14 714 
m489 36 46 2336 2346 4836 
m1837 23 30 36 41 1523 1823 1830 2073 2080 3673 4323 4586 
m2491 22 23 36 40 1122 1123 1136 1140 1173 1822 1823 1840 2022 2023 2040 3673 
m608 5 45 295 
m993 5 36 40 46 255 1805 1846 2005 2036 2040 2046 2305 2346 4346 
m504 45 46 2296 2345 4846 
m237 22 36 40 41 49 1136 1140 1141 1822 1836 1840 1841 2036 2072 2086 2090 2091 2472 2486 2491 4336 
m1517 13 22 33 672 1672 3183 
m514 12 23 30 36 41 46 49 630 1180 1812 1830 1846 2062 2073 2080 2086 2096 2323 2330 2462 2473 2486 2491 2496 3123 4323 4812 
m540 22 37 46 1122 1137 1146 1872 2322 4837 
m2733 5 13 33 46 655 1655 2305 2313 2333 4163 
m1897 5 14 36 46 49 264 286 296 299 746 749 1849 2349 2486 2499 3236 4836 
m2031 22 44 46 1146 2344 2346 4846 
m288 13 22 32 36 40 41 672 686 690 1122 1136 1140 1613 1622 1636 1640 1822 2022 2036 2063 2072 2082 2086 
m1150 22 23 36 40 46 49 1172 1822 1823 1836 1840 1849 2022 2023 2036 2040 2046 2049 2322 2323 2336 2349 2473 2486 3686 4336 4346 4836 
m2179 45 46 2296 
m2341 38 40 45 46 1946 2038 2046 2288 2290 2296 
m2021 11 13 33 563 583 661 1661 4163 
m1286 32 36 46 1832 2332 2336 2346 4836 
m2842 23 30 36 46 1173 1180 1186 1196 1523 1530 1536 1546 1823 1830 1836 1846 2323 2330 2336 2346 3696 4823 4836 
m1371 33 45 46 1695 2345 4833 
m2231 13 22 46 1113 1122 1146 2322 4813 
m1132 22 23 36 40 46 49 1172 1822 1836 1849 2023 2036 2046 2049 2322 2323 2336 2349 2472 2473 2486 4323 4336 4836 
m1327 14 30 46 730 746 2330 
m1005 26 46 49 1346 1349 2346 2496 2499 
m2880 5 36 45 46 286 295 1845 2255 2286 2295 2305 2336 2345 4336 
m854 5 14 30 46 264 296 1505 1514 1546 2305 2314 2330 2346 4814 
m1060 8 36 46 1808 2308 2336 2346 4836 
m494 30 46 2330 2346 
m1716 23 
m2404 45 2295 
m1400 26 33 46 49 1333 1346 1349 2349 2483 4833 
m2338 36 38 40 45 1838 1936 1938 1940 2036 2038 2286 2288 
m934 44 46 2246 2344 2346 4846 
m1344 22 44 46 1146 2344 2346 4846 
m2348 23 36 41 1823 2073 3673 4323 4586 
m1785 36 40 46 48 2036 2040 2046 2048 2336 2346 2348 2436 4836 
m2717 32 36 40 46 1832 2032 2036 2332 2336 2340 2346 4136 4336 4836 
m2613 
m1858 32 46 1646 2332 2346 
m2864 22 45 46 1145 1146 2345 4846 
m2705 36 45 46 49 1846 1849 2286 2296 2299 2349 
m1004 37 45 1895 
m1563 14 22 23 36 723 1114 1123 1136 1186 3236 
m1053 17 33 38 45 895 1695 1917 1933 1938 1945 3383 
m2875 13 33 49 2463 2483 4163 
m600 22 45 46 1145 1146 2296 4846 
m483 22 1122 
m1778 8 37 46 437 446 4837 
m2120 20 45 1045 
m2356 6 42 2842 
m1215 22 26 44 46 1146 1322 1346 2344 2346 4846 
m2475 22 23 36 40 46 49 1172 1186 1190 1822 1823 1836 1840 1849 2022 2023 2036 2040 2046 2049 2322 2323 2336 2340 2349 2473 2486 2490 3686 4336 4346 4836 
m2119 14 22 49 749 1114 2464 2472 2499 
m2624 38 40 41 46 49 1941 1946 2090 2340 2341 2488 2491 2496 
m261 12 29 36 46 612 629 636 1812 1829 1836 2312 2329 2336 2346 3136 4336 4812 4836 
m1751 36 45 46 1845 2336 2345 2346 4836 
m881 23 24 40 46 1190 1240 1246 2023 2024 2040 2046 2340 3696 3723 
m1584 22 23 36 40 46 1122 1123 1136 1140 1146 1172 1822 2022 2023 2036 2040 2046 2322 2323 2336 2340 2346 4323 4823 
m2023 22 44 46 1146 2322 2344 2346 4846 
m2849 5 13 38 45 46 655 1913 1946 2263 2288 2296 2305 2313 
m1315 18 46 2318 
m26 14 36 40 45 46 736 740 745 1840 1845 1846 2036 2045 2046 2286 2296 2336 3246 4336 
m1958 5 26 45 46 276 296 1305 1326 1346 2255 2276 2296 2326 
m549 11 45 595 
m1251 22 44 46 1146 2322 2344 2346 4846 
m2815 45 49 2295 2299 
m997 22 36 40 41 1136 1141 1836 1840 2036 2086 2090 4586 
m1904 22 46 1146 
m2697 32 46 2332 2346 
m2706 13 22 33 36 40 672 686 690 1113 1122 1133 1136 1140 1672 1686 1690 1822 2022 2036 3183 
m546 22 23 30 36 40 41 1123 1130 1136 1140 1172 1173 1180 1186 1190 1523 1822 1823 1830 1836 1840 1841 2022 2023 2030 2036 2041 2072 2073 2086 2090 3673 4323 4336 4586 
m1348 22 32 46 1132 1146 2332 
m2526 22 23 1122 1123 1172 
m558 22 32 36 40 1122 1132 1136 1140 1622 1636 1640 1822 1836 1840 2022 2036 4332 
m1262 8 
m280 3 13 22 23 172 672 1163 1172 2663 3653 
m1644 38 45 46 1945 2338 2345 2346 
m831 36 46 2336 2346 4346 4836 
m329 22 23 32 1122 1123 1132 1182 1622 1623 1632 
m1613 22 30 38 45 46 1130 1145 1146 1922 1930 1945 1946 2280 2296 2330 
m1946 22 37 46 1137 2322 4837 
m975 13 36 38 46 49 699 1849 1913 1936 1946 2313 2349 3186 4836 
m2383 12 14 23 30 46 630 723 730 746 1180 1512 1523 1530 1546 2312 2330 3123 3212 4823 
m957 34 45 2284 
m2796 21 36 38 45 1095 1845 1921 1936 1945 3586 
m2465 28 
m1067 13 22 38 1113 1122 1138 1913 
m4 22 40 45 46 1140 1146 2272 2290 2296 2340 
m63 12 23 36 41 46 636 1823 2062 2073 2096 2336 3123 4586 4812 4823 
m2123 3 26 46 1303 1346 2346 4803 
m164 36 41 46 49 1841 1846 2341 2346 2486 2491 2496 
m2127 13 17 22 672 872 3363 
m1380 22 36 46 1822 2322 2336 2346 
m2752 22 36 40 41 46 48 1136 1140 1141 1148 1836 1848 2036 2086 2090 2098 2322 2336 2340 2341 2348 4336 
m216 13 46 2313 
m196 36 49 1836 1849 2486 2499 4336 
m2050 46 
m1606 46 
m2837 14 23 30 46 1514 1523 1546 2314 2323 2330 2346 3664 4814 4823 
m22 18 46 918 946 2318 2346 
m2773 22 
m862 12 38 45 46 645 1912 1946 2345 4812 
m2856 22 33 46 1122 1133 1146 1672 1683 1696 2322 2333 2346 4833 
m619 22 23 31 46 49 1123 1146 1196 1572 1573 1596 2323 2346 2473 2481 2496 4846 
m879 27 36 46 48 1827 2327 2336 2436 2446 
m1513 22 44 46 1146 2344 2346 4846 
m1483 5 32 255 1605 1632 
m2580 13 33 46 696 2333 3183 
m1154 22 41 1122 1141 
m688 22 38 45 46 1145 1945 1946 2322 2345 
m1137 37 
m2530 45 46 2295 2345 
m990 36 38 48 1838 1848 1936 1948 2436 2438 2448 
m898 13 22 1113 
m2628 
m2726 22 37 40 46 1872 2037 2046 2322 2337 2346 4837 
m55 
m1793 10 46 2310 2346 
m1980 22 26 46 1146 1322 1326 1346 
m2616 14 22 32 46 1114 1132 1146 1614 2314 2332 
m523 16 
m1100 22 46 1146 2346 
m1377 
m478 37 1887 
m2419 8 36 40 46 1808 1836 1840 1846 2008 2036 2040 2046 2308 2336 4336 
m470 37 46 4837 
m1273 30 36 40 46 49 1549 1830 1836 1846 1849 2036 2040 2046 2330 2349 2480 2499 
m1412 22 23 36 41 46 49 1136 1146 1149 1191 1836 1841 2323 2336 2341 2473 2486 2491 2496 4323 4336 4836 
m179 22 23 30 36 40 1122 1123 1136 1140 1522 1523 1536 1540 1822 1823 1840 2022 2023 2030 2036 2040 4323 4336 
m1550 22 36 40 1122 1136 1140 2036 
m1143 22 41 1122 1141 2072 
m2238 13 20 22 32 36 40 670 686 690 1113 1120 1136 1140 1613 1620 1622 1636 1640 1820 2020 2036 2040 3186 4336 
m309 33 36 46 1686 2333 2336 2346 4833 
m609 36 45 1845 
m2034 45 46 2296 
m2798 23 32 36 40 49 1182 1632 1823 1832 1849 2023 2032 2036 2049 2473 2482 
m1717 23 30 46 1180 1523 1546 2330 2346 4823 
m1457 6 14 23 32 36 706 723 732 736 1156 1182 1606 1636 1806 3686 
m1247 45 46 2296 
m1757 45 49 2295 2299 
m2799 12 22 23 36 40 41 46 49 640 641 646 1123 1136 1141 1146 1149 1812 1836 1840 1841 1846 1849 2036 2041 2046 2073 2086 2090 2091 2096 2099 2322 2323 2336 2340 2341 2349 2462 2473 2486 2491 2496 4323 4336 4812 4836 
m412 23 45 46 1195 1196 2296 3673 
m2869 36 45 46 1845 2336 2345 2346 4836 
m1094 14 32 714 732 
m814 12 45 645 2295 
m1063 3 32 36 41 46 186 191 1603 1641 2303 2332 2336 2341 4136 4586 
m891 30 45 46 2280 2296 2330 2346 
m2183 45 46 2296 
m2759 23 36 40 46 49 1836 1849 2036 2046 2323 2336 2349 2473 2486 4323 4336 4836 
m794 22 45 1145 
m2269 30 36 40 45 46 49 1545 1549 1830 1845 1849 2030 2036 2045 2046 2330 2336 2345 2349 2495 
m645 22 30 36 40 46 1122 1130 1136 1140 1146 1536 1540 1546 1836 1840 1846 2022 2030 2036 2040 2046 2322 2330 2336 2340 2346 4346 
m2557 6 36 42 45 306 345 1845 2106 2145 2836 4306 4606 4636 
m468 13 38 663 1913 1938 
m2100 23 36 40 46 49 1836 1840 1846 1849 2023 2036 2046 2049 2323 2336 2473 2486 2490 2496 3686 4323 4336 4836 
m602 27 49 1399 
m1635 
m1508 23 32 36 40 46 48 1182 1186 1190 1196 1198 1632 1636 1646 1648 1846 1848 2032 2036 2046 2048 2446 
m638 22 23 32 46 1123 1132 1146 1182 1196 2332 
m1077 14 45 745 2264 2295 
m1670 23 24 40 46 1190 1240 1246 2023 2024 2040 2046 2340 3696 3723 
m1588 45 46 2345 
m2218 41 2091 
m2163 22 23 1122 1123 1172 
m1158 16 32 46 832 2332 4816 
m2599 22 23 30 1122 1123 1130 1172 1173 1523 3673 
m2555 14 45 2264 
m1568 36 49 1849 2486 2499 
m102 45 46 2295 2345 2346 
m897 22 46 2322 2346 
m1455 22 45 1145 
m2846 5 13 33 45 655 1655 1695 2255 2263 4163 
m1903 22 27 36 40 1122 1127 1136 1140 1390 1827 1836 1840 2027 2036 2040 
m2432 14 49 2464 
m2795 23 36 40 46 49 1836 1840 1846 1849 2023 2036 2040 2046 2049 2323 2336 2473 2486 2490 2496 3686 4323 4336 4836 
m357 32 45 1645 
m2823 22 23 38 46 49 1122 1123 1138 1146 1199 1923 1938 1946 1949 2323 2346 2349 
m1284 22 23 30 45 46 1123 1130 1145 1146 1196 1523 1545 1546 2273 2280 2295 2296 2323 2346 4823 4846 
m657 22 36 37 40 46 1122 1136 1137 1140 1146 1822 1836 1837 1840 1846 1890 2022 2036 2037 2040 2046 2322 2336 2337 2340 2346 4837 
m1082 29 36 48 1486 1829 1836 1848 2429 2436 2448 4336 
m864 3 45 195 2295 
m2151 14 714 
m2274 32 36 1832 
m873 14 20 22 720 1114 1120 
m765 23 30 45 1195 1523 1545 
m1376 22 36 46 1122 1136 1146 1822 1846 2322 
m807 13 22 36 38 40 1113 1122 1136 1138 1140 1813 1840 1913 1936 1940 2013 
m2136 23 32 46 1173 1182 1196 1623 1632 1646 2323 2332 2346 4823 
m570 22 23 41 1122 1123 1141 1172 1173 1191 3673 
m1799 13 33 45 695 1695 4163 
m594 29 36 41 1486 1829 1836 1841 2079 2086 2091 
m1386 23 36 40 41 44 1186 1190 1191 1194 1840 1841 2041 2240 2241 4736 
m1039 36 49 1836 1849 
m1374 22 38 46 1146 1922 1946 
m2727 41 45 2291 
m2046 40 46 49 2040 2046 2340 2490 2496 
m245 22 36 49 1149 1822 1836 1849 2472 2486 2499 
m787 22 23 30 38 1122 1123 1130 1172 1173 1188 1522 1523 1530 1538 3673 
m691 
m1782 32 36 4332 
m1702 22 36 37 40 46 1122 1136 1137 1140 1146 1822 1837 1840 1846 1872 2022 2037 2046 2322 2336 2340 2346 4396 4837 
m738 14 46 714 746 2314 2346 3246 4814 
m2219 23 30 37 46 1180 1880 2323 2330 2337 2346 4373 4823 4837 
m2125 
m791 22 33 38 46 1122 1133 1146 1672 1922 1933 1946 2322 4833 
m2825 13 22 33 1113 1672 4163 
m769 12 36 45 46 636 645 1845 2312 2336 2345 2346 4812 4836 
m1637 45 46 2345 
m528 40 46 2040 2046 2340 
m1124 13 22 38 672 1113 1138 1913 1922 
m2350 11 38 46 588 596 1911 1938 1946 2338 
m411 22 36 46 49 1136 1146 1846 1849 2349 
m2683 44 46 2246 2344 2346 
m1173 45 46 2295 2345 2346 
m50 22 36 40 46 1122 1136 1140 1146 1840 2036 2040 2336 2340 
m858 5 46 2305 
m1303 22 26 33 36 49 1133 1676 1822 1826 1833 1849 2472 2476 2483 
m1238 22 44 46 1146 2344 2346 4846 
m1608 22 44 46 1146 2222 2246 2344 2346 4846 
m1876 33 45 1695 2283 2295 
m2351 9 14 22 36 49 709 1109 1114 1136 1149 1809 1814 1836 1849 2459 2464 2486 2499 
m2172 5 45 46 2255 2296 2305 
m985 23 30 40 45 46 1173 1180 1523 2023 2030 2046 2273 2280 2290 2296 2323 2330 3673 4823 
m2282 22 45 1122 1145 2272 2295 
m1947 22 36 41 46 49 1141 1822 1841 1846 2322 2341 2486 2491 2496 
m1543 14 22 45 745 1114 1145 
m2095 14 22 39 40 46 740 1114 1122 1139 1140 1146 1990 1996 2014 2040 2046 2340 3246 4464 
m2883 22 37 46 1872 2322 2337 
m1711 5 38 46 288 296 1946 
m2857 13 22 36 45 46 672 1822 2263 2272 2286 2296 2313 2322 2336 4313 
m751 
m1389 14 32 732 1614 1632 
m1306 34 38 46 1734 1934 2334 2338 2346 
m75 22 36 41 1122 1136 1141 1822 2072 4586 
m1518 22 46 1146 
m949 22 46 1122 1146 2322 2346 
m1307 22 40 46 2046 2322 2346 
m469 9 22 46 1109 1146 2309 2346 4846 
m2604 22 23 36 40 41 46 49 1123 1136 1140 1149 1173 1186 1190 1199 1840 2022 2023 2036 2040 2041 2049 2072 2073 2086 2090 2099 2322 2323 2340 2341 2473 2486 3673 3686 4323 
m1609 37 39 40 46 1890 1987 1990 2340 4396 4496 
m465 
m321 5 32 45 1605 1645 2255 
m2498 
m1064 23 45 46 1195 2323 2345 
m2336 22 36 40 46 1122 1136 1140 1146 1840 2040 2336 2340 
m2352 9 14 36 49 709 1809 1814 1836 1849 2459 2464 2486 2499 
m41 5 30 45 46 280 2255 2280 2296 2305 2330 
m776 13 33 45 2263 2283 3183 
m535 36 38 46 49 1849 1936 1946 2336 2346 2349 4836 
m1199 45 49 2295 2299 
m524 37 40 41 46 1890 2037 2046 2087 2090 2096 2340 4396 
m762 23 32 38 46 1182 1188 1196 1923 1938 1946 2332 2338 2346 3696 4823 
m981 5 45 46 2255 2296 2305 
m2360 36 46 2336 
m1006 27 32 38 46 1382 1396 1927 1932 1946 2332 
m1283 22 44 46 1144 1146 2344 2346 
m1909 40 44 46 2044 2046 2344 
m64 12 23 36 41 46 636 1823 2062 2073 2096 2336 3123 4586 4812 4823 
m327 22 46 1146 
m615 22 37 39 1137 1139 1987 
m1736 12 45 46 645 2345 4812 
m1388 22 23 30 45 46 1122 1123 1130 1145 1146 1195 1522 1523 1530 1545 1546 2273 2280 2295 2296 2322 2330 2345 2346 3696 4823 
m2104 22 23 30 39 41 1123 1130 1139 1141 1523 1973 1980 1991 2073 2080 3673 4473 
m385 12 30 45 630 2262 2280 
m2718 45 46 2296 
m1170 26 36 46 1336 1346 2336 2346 4836 
m1340 22 44 46 1146 2344 2346 4846 
m673 12 22 23 36 41 46 49 622 623 636 641 649 1123 1136 1141 1191 1822 1823 1841 2322 2323 2336 2341 2349 2472 2473 2486 2491 3136 4323 4336 4812 
m2206 22 37 40 46 1137 1146 2022 2037 2040 2046 2322 2337 2346 4837 
m365 22 38 1122 1922 1938 
m1122 5 26 30 37 46 1337 1346 1505 1855 1880 2305 2330 2337 2346 4837 4846 
m1142 22 37 46 1122 1137 1146 2322 2337 2346 4837 
m1178 14 36 1814 4314 4336 
m1660 45 46 2295 2296 2346 
m1634 22 40 46 1140 1146 2340 
m2302 32 45 46 2282 2296 2332 
m996 37 1887 
m25 18 46 2318 2346 
m98 11 
m870 36 37 38 40 46 1836 1837 1840 1846 1886 1890 1936 1937 1940 1946 2036 2037 2038 2040 2046 2336 2340 4336 4837 
m543 13 22 33 36 40 690 1113 1122 1133 1136 1140 1690 1813 1833 1840 2013 2033 4163 
m1393 36 38 41 1838 2088 4341 
m2317 22 36 37 40 46 1122 1136 1137 1140 1146 1837 1840 1890 2036 2037 2040 2322 2336 2337 2340 2346 4837 
m1108 22 36 40 46 1122 1136 1140 1146 1840 2022 2040 2046 2322 2336 2340 2346 
m346 22 36 40 41 45 1122 1136 1140 1836 1840 2036 2040 2072 2086 2272 2286 2291 
m1396 46 2346 
m1582 45 2295 
m2708 26 36 46 49 1326 1336 1346 1349 1826 1846 1849 2326 2476 2496 
m941 45 46 2296 2346 
m1239 10 36 46 1810 2310 2346 4836 
m1972 22 23 30 46 1123 1130 1146 1180 1523 1530 1546 2330 4823 
m1611 36 42 4636 
m1216 23 36 40 46 48 1190 1823 1836 1840 1846 1848 2023 2036 2040 2046 2048 2336 2340 2346 2423 2436 2446 3686 3696 4323 4346 4823 4836 
m1647 12 45 46 645 2345 4812 
m571 13 33 46 1663 1683 2313 2333 4163 4833 
m1152 12 23 30 36 41 46 49 630 1180 1812 1830 1846 2062 2073 2080 2086 2096 2323 2330 2462 2473 2486 2491 2496 3123 4323 4812 
m1975 22 23 30 36 40 41 46 1122 1123 1130 1136 1140 1141 1146 1191 1523 1536 1541 1546 1822 1841 1846 2023 2030 2036 2040 2041 2046 2072 2091 2341 3696 4323 4586 
m566 27 45 46 2277 2296 2327 4846 
m1032 22 45 46 1145 1146 2345 
m2036 14 22 23 30 36 40 41 741 1123 1130 1136 1140 1141 1191 1523 1536 1540 1541 1823 1841 2023 2036 2041 2072 2073 2080 2086 2090 2091 3673 4323 
m1265 40 46 2046 2346 
m907 46 
m1557 22 23 1122 1123 1172 1173 3673 
m341 18 45 945 2295 
m1506 5 22 1105 1122 
m1674 14 22 36 49 749 1114 1136 1149 1814 1849 
m217 13 22 33 36 40 46 1113 1122 1133 1136 1140 1146 1813 1833 1840 1846 2013 2022 2033 2036 2040 2046 2313 2333 4163 
m1996 13 46 696 
m169 13 33 45 1695 2263 4163 
m1446 22 23 36 39 41 1123 1136 1972 1973 1986 1991 2072 2073 3673 4323 4586 
m1743 26 37 46 1337 1346 2337 2346 4837 
m482 14 46 714 746 2314 2346 4814 
m2108 45 2295 
m2247 22 32 36 1622 1822 4136 
m2845 14 23 30 39 46 1189 1514 1523 1539 1546 1964 2314 2323 2330 2339 2346 3664 4814 4823 
m1809 14 36 49 749 1814 1849 
m1630 30 37 40 46 1880 1890 2030 2046 2330 4396 
m2820 34 46 1746 
m2365 22 36 40 41 49 1122 1136 1140 1141 1149 1841 1849 2022 2036 2041 2049 2072 2086 2090 2091 2099 2486 2491 4336 
m809 22 37 45 46 1122 1137 1145 1146 1887 1895 1896 2287 2296 2337 
m1485 22 26 44 46 1146 1322 1344 1346 2344 2346 4846 
m1805 
m640 13 22 45 46 672 2263 2272 2295 2296 2313 2322 2346 4813 
m2551 22 40 46 1146 2340 
m2228 22 23 36 40 46 49 1123 1136 1146 1149 1836 1846 1849 2022 2023 2036 2046 2049 2323 2473 2486 2496 3686 4323 4336 4836 
m1621 13 23 30 46 696 1163 1173 1180 1196 1513 1523 1530 1546 2313 2323 2330 2346 3196 3663 3696 4823 
m1920 37 38 46 1896 1937 1946 
m1922 22 45 46 1122 1145 1146 2272 2295 2296 2345 
m1926 22 44 46 1146 2344 2346 4846 
m1685 14 45 2264 3214 
m474 29 34 36 1484 1734 1829 1834 1836 
m1288 32 36 37 46 1832 1882 1886 1896 2332 2336 2346 4836 
m2826 44 46 2344 2346 
m2566 5 22 36 40 41 272 286 290 291 1105 1122 1136 1140 1141 1840 1841 2041 
m2852 36 
m409 32 46 1646 2332 2346 
m1365 26 32 36 38 46 1332 1336 1346 1832 1926 1936 1946 2332 2336 2346 4836 
m1839 22 23 30 1123 1173 1522 1523 3673 
m2078 45 46 2295 2296 2345 
m1186 32 36 46 2332 2336 2346 4332 4836 
m1665 22 23 30 46 49 1122 1123 1130 1146 1149 1172 1173 1180 1522 1523 1530 1549 2322 2323 2330 2349 2472 2473 2480 3673 4823 
m964 22 37 40 46 1137 1146 2022 2037 2040 2046 2322 2337 2346 4837 
m1205 14 40 46 740 746 2014 2040 2046 2314 2340 2346 4814 
m567 22 23 30 41 46 1122 1123 1130 1141 1146 1172 1173 1180 1191 1522 1523 2072 2073 2080 2322 2323 2330 2341 3673 
m2074 22 37 1872 
m15 32 
m1823 22 30 46 1130 1146 2322 2330 2346 
m1934 30 36 40 46 49 1549 1830 1836 1846 1849 2030 2036 2040 2046 2049 2330 2349 2480 2499 
m1014 22 36 40 41 1136 1141 1836 1840 2036 2086 4586 
m1681 22 46 1146 
m1900 45 2295 
m1196 23 24 40 46 1190 1240 1246 2023 2024 2040 2046 2340 3696 3723 
m1427 32 45 1645 
m636 12 23 30 36 41 612 630 636 641 1191 1523 1541 1812 1823 1830 1836 1841 2062 2073 2086 2091 3123 
m1352 11 13 33 39 563 583 589 689 1983 3183 
m2380 28 38 1928 1938 
m1337 22 23 31 36 1123 1131 1136 1172 1173 1573 1822 1823 3673 3686 4086 4323 
m1263 16 23 36 1186 1816 3666 
m1854 45 46 2296 
m439 22 44 46 1144 1146 2246 2344 2346 4846 
m2265 23 30 46 49 1180 1199 1549 2323 2330 2346 2349 2473 2480 2496 
m1881 22 46 2322 
m2715 36 40 41 1840 1841 2036 2040 2041 4336 
m62 22 30 45 1122 1130 1145 1522 2272 2280 
m834 13 36 38 46 49 663 686 688 696 699 1813 1836 1838 1846 1849 1913 1936 1946 1949 2336 2338 2346 2349 2463 2486 2496 3196 4813 
m222 33 45 1695 
m223 22 23 30 41 46 1122 1141 1146 1191 1523 1530 1541 1546 2073 2080 2091 2096 2322 2323 2330 2341 2346 
m2118 5 22 30 37 46 272 280 287 296 1522 1537 1855 1872 1880 1887 1896 2305 2322 2330 2337 2346 4387 4837 
m666 12 15 30 46 1512 1515 1546 2312 3262 4815 
m2134 27 36 40 46 1827 1840 2027 2036 2040 2327 2340 4836 
m1163 30 45 46 2280 2295 2296 2330 2346 
m2061 32 36 44 46 1644 2236 2332 2336 2344 2346 4136 
m1539 30 45 46 2280 2295 2296 2330 2346 
m1243 22 44 46 1144 1146 2246 2322 2344 2346 4846 
m1313 32 1632 
m2011 22 45 46 1122 1146 2272 2295 2296 2322 2346 4846 
m2397 14 36 49 736 749 1849 
m1578 26 40 46 1326 1340 1346 2026 2046 2326 3826 
m984 14 36 49 749 1814 1849 
m693 10 22 44 46 546 1110 1144 1146 2210 2246 2310 2344 2346 4846 
m2591 14 23 36 40 46 1814 1823 1846 2014 2023 2036 2040 2046 2314 2323 2346 3664 4346 4814 4823 
m1129 8 37 408 437 
m1086 22 45 46 1122 1145 1146 2296 2346 
m1169 36 40 46 49 1836 1840 1846 1849 2036 2040 2046 2336 2340 2346 2349 2486 2490 2496 4336 4346 4836 
m1244 32 36 45 46 1832 2282 2286 2296 2332 2336 2346 4836 
m865 13 22 32 45 682 1113 1132 1145 2263 2282 
m2590 
m2896 22 36 45 1136 1145 1845 
m187 13 22 36 38 40 672 686 690 1113 1122 1136 1140 1822 1913 1922 1936 2022 2036 
m1088 
m2224 10 36 40 49 536 1810 1836 1849 2010 2036 2049 2460 2486 
m2881 26 46 2326 2346 
m759 13 20 22 33 36 40 670 672 686 690 1022 1033 1036 1040 1672 1686 1690 1822 1840 2022 2036 3183 3536 4336 
m462 13 22 33 36 40 1113 1122 1133 1136 1140 1813 1833 1840 2013 2033 4163 
m2452 22 36 40 46 48 1822 2022 2036 2322 2336 2340 2436 2440 2446 
m2460 23 45 46 1195 2323 2345 3673 
m1662 14 40 46 2014 2040 2046 2314 2346 3214 4814 
m479 38 46 1946 
m679 37 38 46 1888 1938 2338 4837 
m1822 22 37 46 1872 2322 4396 
m1101 22 36 37 40 46 1137 1146 1822 1837 1846 1872 2022 2036 2046 2322 2337 2346 4346 4837 
m774 11 13 33 45 563 583 595 2263 2283 3183 
m1293 23 30 46 1173 1180 1196 1523 1530 1546 2323 2330 2346 3696 4823 4846 
m621 32 40 45 46 2032 2045 2046 2282 2296 2332 
m2086 22 23 30 36 41 1122 1123 1130 1136 1172 1173 1522 1523 1822 1823 1830 2072 2073 2080 3673 4586 
m2053 22 30 36 40 46 1122 1130 1136 1140 1146 1822 1830 1840 1846 2022 2030 2040 2046 2322 2330 2340 2346 
m1076 32 36 41 46 1641 1646 2332 2336 2341 2346 4136 4586 
m1878 5 13 33 263 283 3183 
m815 22 36 40 1122 1136 1140 1822 2022 2036 
m1547 36 46 49 1849 2336 2349 2486 2499 
m1321 9 14 22 44 46 709 744 746 1109 1114 1122 1144 1146 2209 2246 2309 2322 2344 2346 4814 
m2311 17 38 46 867 896 1917 1946 
m212 13 20 33 36 40 41 670 686 690 691 1033 1036 1040 1041 1686 1690 1691 1840 1841 2036 2041 3183 3536 4336 
m2634 22 45 46 1145 1146 2296 
m38 36 45 46 1845 2345 4836 
m2879 13 33 4163 
m1123 22 36 40 1136 1140 1840 2036 2040 
m121 22 26 44 46 1122 1144 1146 1322 1326 1346 2344 2346 4846 
m2041 13 33 663 683 1663 1683 3183 4163 
m2357 37 39 40 46 1890 1987 1990 2037 2039 2046 2340 4396 4496 
m618 8 45 46 49 408 446 449 2258 2296 2299 2349 
m624 14 22 722 1114 1122 
m1450 40 45 2045 
m2381 23 45 1195 2273 2295 
m287 13 22 45 695 1113 2263 2272 2295 
m2256 22 38 45 46 1138 1145 1146 1938 1945 1946 2345 
m1052 40 45 46 2046 2290 2296 4846 
m681 5 32 36 45 1605 1805 1845 2255 2282 4332 
m333 45 
m306 13 22 46 1113 2313 2322 
m117 22 23 30 1122 1123 1130 1173 1180 1522 1523 1530 
m267 22 45 46 1146 2272 2296 4846 
m1774 22 44 46 1144 1146 2246 2322 2344 2346 4846 
m1735 14 22 40 46 722 746 2014 2022 2046 2322 
m519 22 36 40 46 49 1149 1822 1849 2022 2036 2049 2322 2336 2340 2349 
m17 17 46 2317 2346 4817 
m2065 22 38 44 46 1146 1922 1946 2344 2346 4846 
m24 13 22 32 33 36 40 46 690 696 1113 1122 1132 1133 1136 1140 1146 1613 1633 1636 1640 1646 1690 1813 1833 1840 1846 2013 2033 2046 2333 2340 3183 
m2426 20 23 1020 1023 1170 
m243 7 26 46 1307 1346 2307 2346 
m1194 12 45 46 645 2345 4812 
m49 13 22 32 38 46 682 1113 1132 1146 1913 1922 1932 1946 2313 2332 
m2241 13 33 3183 
m2801 32 1632 
m1510 5 14 30 46 705 730 1505 2305 2314 2330 2346 4814 
m2664 22 45 1145 
m2748 22 36 40 41 1822 1836 1841 2036 2041 2072 2086 2090 2091 4586 
m2891 38 45 1938 1945 2288 2295 
m658 5 45 46 2255 2296 2305 
m2369 36 37 40 46 1837 1846 2036 2037 2040 2046 2337 2346 4346 4837 
m2012 38 45 46 1945 2288 2295 2296 2338 2345 
m301 2 36 45 46 145 1845 2252 2286 2295 2302 2345 2636 4836 
m1764 27 36 46 49 1827 2327 2336 2486 2496 
m1416 38 46 1946 2338 2346 
m1415 14 46 714 746 2346 3246 
m1983 14 45 714 745 2264 2295 
m1860 46 2346 
m840 22 36 37 40 1122 1136 1137 1140 1822 1872 1886 1890 2022 2036 
m79 29 
m1357 36 46 48 2436 2446 4836 
m2834 14 23 30 46 1514 1523 1546 2314 2323 2330 2346 3664 4814 4823 
m538 22 37 41 46 1137 1141 1146 2087 2096 4837 
m1035 22 40 46 1146 2022 2040 2046 2346 
m2821 22 44 46 1146 2222 2244 2246 2344 2346 4846 
m1890 36 40 48 49 1836 1840 2036 2436 2440 2449 2486 2490 4336 
m1000 37 1887 
m1981 36 
m2650 13 22 38 1113 1122 1138 1913 1938 
m93 13 22 45 46 696 1113 1146 2263 2272 2296 
m2533 22 36 41 49 1122 1136 1141 1149 1822 1841 2072 2086 2099 2472 2486 2491 4336 
m23 12 22 36 622 1112 1136 1822 4312 
m2109 36 40 1836 1840 2036 2040 
m1103 33 37 46 1883 1896 4833 
m1278 22 44 46 1146 2344 2346 4846 
m1505 15 46 2315 
m1712 22 36 41 49 1122 1136 1141 1149 1822 1841 1849 2072 2086 2091 2099 2472 2486 2491 4336 
m218 5 36 37 38 45 46 286 295 1845 1855 1886 1895 1936 1937 1938 1946 2305 2336 2337 2345 4336 
m2678 6 42 4606 
m1078 36 48 1836 1848 2436 2448 4336 
m901 46 
m2887 22 26 44 46 1146 1322 1326 1344 1346 2344 2346 4846 
m2121 37 40 45 46 1890 2287 2290 2337 2340 2345 
m188 23 36 40 41 1186 1190 1191 1840 1841 2036 2040 2041 
m766 22 23 30 1123 1130 1180 1530 
m724 22 40 46 1140 1146 2046 
m956 36 41 1841 2086 
m2472 15 45 795 
m718 45 46 2345 2346 
m1871 6 36 42 49 2456 2486 2492 2836 4606 4636 
m878 32 36 41 46 1636 1641 1841 2332 2336 2341 4136 4336 4341 4836 4846 
m952 22 30 36 40 41 46 1122 1130 1136 1140 1141 1146 1536 1540 1541 1830 1836 1840 1841 2030 2036 2040 2041 2086 2090 2322 2330 2336 2340 2341 
m1254 37 41 46 2087 2096 4837 
m826 18 46 2318 
m842 37 46 2337 
m1285 22 44 46 1146 2222 2244 2246 2322 2344 2346 4846 
m2047 36 40 46 2036 2046 2340 2346 4836 4846 
m2771 22 23 30 1122 1123 1130 1172 1173 1180 1522 1523 1530 3673 
m96 37 46 1896 2337 2346 4837 
m2376 18 45 2268 
m1859 14 714 
m2233 
m2579 45 2295 
m418 5 13 33 36 46 263 283 1805 1813 1833 2305 2313 2333 4163 4836 
m2692 31 36 1581 1586 1836 4086 
m1426 14 37 714 737 1887 3237 
m104 22 36 37 46 49 1136 1137 1146 1149 1846 1849 1886 1899 2349 4396 
m779 36 45 1845 
m2362 13 36 40 45 686 1813 1840 1845 2013 2036 2045 2263 2286 4336 
m269 14 22 32 36 39 40 41 49 722 1614 1622 1639 1641 1814 1822 1832 1836 1839 1841 1849 1972 2014 2022 2036 2041 2049 2064 2072 2082 2089 2091 2482 2486 2491 4464 4586 
m2711 14 36 49 1814 2464 2486 4314 4336 
m1185 23 41 1191 2073 2091 
m1218 13 22 36 40 1113 1122 1136 1140 1813 1840 2013 
m2024 23 30 45 46 1173 1180 1196 2273 2296 2330 2346 4823 
m434 33 36 45 46 1686 1695 1845 2333 2345 4836 
m1853 26 37 46 1876 2326 2337 
m2663 37 41 46 2087 2096 4837 
m1496 27 28 36 46 1378 1386 1396 1828 2327 2328 2336 2346 4836 
m591 22 23 30 38 1122 1123 1130 1138 1172 1173 1188 1522 1523 1530 1538 1922 1923 3673 
m2642 
m874 36 49 1836 1849 2486 2499 
m885 22 36 40 41 49 1136 1141 1822 1836 1840 1841 1849 2036 2072 2086 2090 2091 2472 2486 2491 4336 
m2851 37 45 1895 
m633 22 23 1122 1123 1173 3673 
m649 11 13 22 38 563 572 688 1113 1138 
m978 20 22 23 46 1023 1120 1123 1146 1173 2320 2323 3673 4823 
m317 14 30 46 730 2330 4814 
m588 32 46 48 2332 2348 2432 
m367 10 32 46 1610 1632 1646 2310 2346 
m480 22 32 37 1622 1872 1882 
m116 22 44 46 1144 1146 2344 2346 4846 
m960 5 14 26 45 705 745 1305 1314 1345 2255 
m1765 30 36 46 49 1830 2330 2336 2480 2486 2496 
m458 5 14 32 705 1605 1614 
m707 
m1807 22 40 46 1140 1146 2046 
m1957 47 
m2464 32 36 46 1832 2332 2336 2346 4836 
m1551 23 30 45 1180 1195 1523 1530 1545 2273 2280 2295 3673 
m376 23 45 1195 
m803 46 
m1928 13 22 33 36 40 672 686 690 1113 1122 1133 1136 1140 1672 1686 1690 2036 3183 
m771 5 45 295 
m1741 45 46 2295 2296 2346 
m2133 45 46 2345 
m683 33 45 1695 
m398 13 22 38 1113 1913 1922 
m1399 46 2346 
m65 9 36 45 46 486 495 496 1845 2309 2336 2345 2346 
m1230 22 44 46 1144 1146 2246 2322 2344 2346 4846 
m1599 13 16 3313 
m2744 9 13 33 38 463 483 488 688 1688 4163 
m2038 5 45 46 2255 2305 2345 2346 
m34 23 30 36 40 1173 1180 1190 1523 1530 1536 1540 1823 1830 1836 1840 2023 2030 2036 2040 3686 4323 4336 
m397 5 37 46 255 287 1855 1887 1896 2305 2337 2346 4837 
m2268 36 45 46 49 1845 2336 2345 2346 2349 2486 2495 2496 
m2765 36 45 46 1845 2286 2295 2345 4836 
m2431 36 38 46 48 1836 1838 1848 1936 1938 1948 2336 2338 2348 2436 2438 2448 4336 4836 
m2453 14 32 36 46 732 736 746 1832 2332 2336 2346 3246 4836 
m1832 23 32 42 1182 1192 1642 
m1269 22 37 46 1872 2322 2337 
m1642 26 
m1690 5 7 36 46 49 286 296 299 355 386 396 1836 1849 2336 2346 2349 2486 2499 4836 
m1128 22 44 46 1146 2322 2344 2346 4846 
m1687 21 
m773 14 45 745 2264 2295 
m1767 22 23 36 40 41 46 1122 1123 1136 1140 1141 1146 1190 1191 1822 1823 1836 1840 1841 1846 2022 2023 2036 2040 2041 2046 2323 2336 2340 2341 3673 3686 4323 4336 
m1804 13 37 4363 
m2056 36 42 46 2336 2342 2346 4342 
m2007 37 46 1887 1896 2337 2346 4837 
m191 22 23 36 46 1123 1136 1146 2323 4323 4836 
m967 26 38 45 46 1338 1345 1346 1938 1945 2288 2338 2345 
m2543 22 36 41 49 1122 1136 1141 1149 1849 2072 2086 2099 4336 
m643 22 32 45 46 1146 2272 2282 2295 2296 2332 2346 
m496 13 22 36 38 40 672 686 690 1113 1122 1136 1140 1822 1913 1922 1936 1940 2022 2036 
