m1603 21 38 46 1921 1946 2321 2346 4846 
m291 26 36 46 1826 1846 2326 4336 4346 
m128 22 23 30 41 46 1122 1123 1130 1141 1146 1172 1173 1180 1191 1196 1522 1523 1530 1541 1546 2072 2073 2080 2322 2323 2330 2341 2346 3673 3696 4823 
m2741 14 46 714 746 2314 2346 4814 
m227 14 22 46 714 722 746 1114 1146 2314 2346 3246 4814 
m1943 38 45 46 49 1938 1946 1949 2288 2296 2299 2349 
m166 17 23 26 30 46 880 896 1180 1317 1323 1330 1346 1517 1523 1530 1546 2330 3373 4823 
m1867 22 30 36 38 46 49 1522 1536 1538 1546 1549 1822 1930 1936 1938 1946 1949 2322 2330 2336 2338 2346 2349 2472 2486 2496 
m2017 13 33 38 46 1913 1933 1946 2313 2333 2338 2346 4163 
m1753 22 26 44 46 1122 1126 1144 1146 1322 1344 1346 2222 2246 2322 2326 2344 2346 4846 
m716 22 23 30 46 1122 1123 1130 1146 1180 1523 1530 1546 2330 2346 4823 
m3380 28 36 38 1438 1838 1928 1936 4328 
m3269 46 
m3430 37 40 46 1890 2037 2040 2046 2337 2340 2346 4396 
m2078 46 2346 
m613 22 44 45 46 1146 2272 2294 2296 2344 2346 4846 
m1406 22 23 46 49 1123 1146 1149 1173 2323 2473 2496 3673 4823 
m3392 14 36 40 46 49 714 736 740 746 749 1814 1836 1840 1846 1849 2014 2036 2046 2049 2314 2336 2346 2349 2464 2486 2490 2496 3246 4814 
m1345 22 23 36 40 41 46 49 1123 1136 1140 1141 1146 1191 1822 1823 1836 1840 1841 1849 2022 2023 2036 2040 2041 2046 2072 2073 2086 2090 2091 2322 2323 2336 2340 2341 2349 2472 2473 2486 2490 2491 4323 4336 4346 4836 
m515 14 22 46 722 2322 3246 
m2344 22 23 36 40 41 1123 1136 1140 1141 1173 1823 1836 1840 1841 2023 2036 2040 2041 2072 2073 2086 2090 2091 3686 4323 
m1165 22 23 41 1122 1123 1141 1172 2073 
m2855 2 22 36 40 41 122 136 140 1136 1140 1141 1822 1836 1840 1841 2036 2041 2636 
m1875 22 23 30 36 1172 1180 1522 1822 1823 1830 
m1479 22 36 40 41 1136 1140 1141 1836 1840 1841 2036 2041 2072 2086 2090 2091 4586 
m897 22 23 36 40 46 49 1122 1123 1136 1172 1822 1823 1836 1849 2022 2023 2036 2040 2046 2049 2322 2323 2336 2349 2472 2473 2486 4323 4336 4346 4836 
m106 5 14 38 46 705 738 746 1905 1914 1938 1946 2305 
m959 27 36 46 49 1827 1846 1849 2327 2346 2477 2496 
m2556 36 40 46 49 1836 1840 1846 1849 2036 2040 2046 2049 2336 2340 2346 2349 4346 4836 4846 
m2206 22 36 40 46 49 1136 1140 1146 1149 1836 1840 1846 1849 2036 2040 2046 2049 2336 2340 2346 2349 2486 2490 2496 4346 
m2087 46 2346 4846 
m2159 30 46 2330 2346 
m899 27 32 38 46 1382 1388 1396 1638 1646 1946 
m1364 13 33 46 1696 2313 4163 
m2181 5 13 22 26 33 46 263 283 672 1305 1313 1322 1333 1346 1672 2305 2313 2322 2333 4163 
m3348 22 37 46 1122 1137 1146 4837 
m1349 22 33 44 49 1133 1144 1694 1699 2494 
m1889 5 32 36 255 282 286 1605 1805 1832 1836 4332 
m2481 45 
m3229 37 38 46 1937 1946 2337 
m506 14 22 36 41 46 714 736 1114 1122 1136 1141 1146 1836 2064 2072 2086 2314 2322 2336 2341 3236 4314 4586 4814 
m1730 5 23 24 40 46 273 274 290 1190 1240 1246 2023 2024 2040 2046 2340 3696 3723 
m1472 12 22 23 30 36 46 622 630 636 1172 1180 1186 1522 1536 1822 2322 2330 2336 3123 3686 4336 4812 4823 
m1616 12 22 36 40 41 45 46 49 636 640 641 645 649 1145 1822 1836 1840 1841 1845 2012 2022 2036 2040 2041 2045 2046 2049 2072 2095 2272 2295 2336 2340 2349 2486 2490 2491 2495 3136 4336 4812 
m30 38 46 1938 1946 2346 
m1718 23 30 46 1180 1523 1530 2330 4823 
m993 22 23 30 46 1122 1123 1130 1146 1523 1530 1546 2330 2346 3696 4823 
m198 17 40 46 2017 2046 2346 4817 
m840 22 23 30 46 49 1122 1123 1130 1146 1149 1172 1173 1180 1199 1522 1523 1530 1549 2322 2323 2330 2349 2472 2473 2480 3673 4823 
m2843 11 13 22 36 38 40 563 572 586 588 590 1113 1136 1138 1140 1813 1840 1913 1936 1940 2013 
m1152 13 36 46 49 1813 2313 2336 2346 2349 2463 2486 2496 4813 
m1564 13 38 46 1913 1946 4813 
m2424 13 26 38 40 46 690 1313 1346 1913 1926 1938 1946 2313 2340 2346 
m1186 14 40 46 2014 2040 2046 2314 2346 4814 
m2202 23 36 41 1823 2073 3673 4323 4586 
m2487 26 46 1346 
m791 13 38 46 688 1913 1938 1946 2313 2338 2346 3196 
m2445 5 23 30 46 273 280 296 1180 1505 1523 1530 1546 2305 2323 2330 2346 4823 
m74 
m2458 23 30 38 1188 1523 1538 1923 1930 1938 
m3270 22 37 46 1122 1137 1146 1872 2322 2337 2346 4837 
m2062 37 46 49 1899 2346 2349 4396 4837 
m464 12 30 38 40 46 630 1912 1930 1946 2012 2030 2038 2040 2046 2312 2330 2346 4812 
m1160 22 23 30 36 40 1122 1123 1130 1136 1140 1172 1173 1180 1186 1190 1522 1523 1536 1540 1822 2022 2023 2036 3673 3686 4323 4336 
m2352 22 36 41 1122 1136 1141 1841 2091 4586 
m1254 36 46 49 1849 2346 2349 2486 2499 4836 
m551 41 46 2341 2346 
m2277 22 38 46 1138 1146 1922 1938 1946 
m756 22 23 30 45 46 1123 1130 1145 1146 1196 1523 1545 1546 2273 2296 2346 
m1073 30 36 38 40 46 1830 1930 1936 1940 1946 2030 2036 2046 2330 2336 2340 2346 4836 
m1903 14 32 36 46 732 736 1832 2314 2332 4836 
m294 14 46 49 749 2346 2349 2464 2496 3246 4814 
m2346 23 30 36 41 1173 1180 1186 1191 1523 1530 1536 1541 1823 1830 1836 1841 2073 2080 2091 3673 4323 4586 
m3433 22 40 46 1122 1140 1146 2340 2346 
m2587 32 36 38 46 49 1632 1636 1649 1849 1932 1936 1938 1946 1949 2332 2336 2346 2349 
m2903 5 32 36 38 45 46 49 282 286 288 295 296 1632 1638 1645 1646 1838 1845 1846 1932 1936 1945 1946 2295 2332 2338 2345 2346 2455 2482 2486 2488 2496 4136 4332 4836 
m3379 14 22 23 722 1164 1172 
m1724 26 36 46 1336 1346 4836 4846 
m885 14 40 46 2014 2046 2314 2346 4814 
m241 14 32 46 732 2332 4814 
m1671 23 30 36 40 1180 1186 1523 1530 1536 1540 1830 2023 2030 2036 
m1488 22 27 46 1122 1127 1146 1377 2327 2346 
m642 46 2346 
m433 13 22 33 36 40 1113 1122 1133 1136 1140 1813 1822 1833 1840 2013 2022 2033 4163 
m3409 22 23 36 38 40 41 1122 1123 1136 1140 1172 1822 1823 1836 1840 1922 1923 1936 1941 2023 2036 2072 2073 2086 2088 2090 2091 3673 4323 4586 
m1167 22 30 36 40 1122 1136 1140 1522 1536 1540 1822 1836 1840 2022 2036 
m740 5 7 13 22 257 263 272 363 372 1107 1113 1122 
m2152 37 40 46 1890 2037 2040 2046 2337 2340 2346 4396 
m1126 33 38 40 46 1690 1696 1933 1938 1940 1946 2333 2338 2340 2346 
m745 14 37 38 46 737 738 746 1888 1896 2338 
m162 22 
m3477 12 46 2346 4812 
m2895 22 36 40 46 49 1136 1140 1146 1149 1822 1836 1840 1846 1849 2022 2036 2040 2046 2049 2322 2336 2340 2346 2349 2486 2490 2496 4346 
m1546 32 36 38 39 46 1832 1839 1936 1939 1946 1982 2332 2336 2339 
m710 14 40 46 740 746 2014 2040 2046 2314 2340 2346 4814 
m3426 12 22 23 36 40 41 46 49 640 641 646 1112 1123 1136 1141 1146 1149 1812 1836 1840 1841 1846 1849 2036 2041 2046 2073 2086 2090 2091 2096 2099 2322 2323 2336 2340 2341 2349 2462 2473 2486 2491 2496 4323 4336 4812 4836 
m2525 22 26 44 46 1146 1322 1344 1346 2326 2344 2346 4846 
m359 37 40 46 1890 2037 2040 2046 2337 2340 2346 4396 
m2604 14 22 38 44 46 744 746 1114 1138 1144 1146 1914 1938 1944 1946 2344 2346 3246 
m2772 23 30 36 38 46 49 1173 1180 1186 1188 1196 1199 1523 1530 1536 1538 1546 1549 1823 1830 1838 1846 1849 1923 1930 1936 1946 1949 2323 2330 2336 2338 2346 2349 2473 2480 2486 2488 2496 4823 
m2501 22 23 38 46 1172 1922 1923 1938 1946 2322 2323 2346 
m1541 22 26 38 46 1146 1322 1346 1922 1926 1946 2346 
m3462 14 36 40 46 1814 1840 1846 2014 2036 2040 2046 2314 2346 4346 4814 4846 
m2449 37 38 46 1888 2338 2346 4396 4837 
m1362 22 23 41 1122 1123 1173 2072 2073 3673 
m2798 23 30 36 41 1523 1823 1830 2073 2080 3673 4323 4586 
m758 5 38 46 1905 1946 2305 
m3303 14 36 46 49 736 746 749 1849 2336 2346 2349 4814 4836 
m2870 41 2091 
m2448 12 13 22 27 36 40 627 677 1112 1113 1122 1127 1136 1140 1812 1813 1827 1840 2012 2013 2027 3162 
m1028 22 37 40 46 1122 1137 1140 1146 1890 2022 2037 2040 2046 2337 2340 2346 4837 
m208 22 40 44 46 1146 2022 2044 2046 2344 2346 4846 
m1858 22 23 30 38 40 41 1140 1523 1530 1538 1923 1930 2022 2023 2030 2040 2072 2090 
m1937 13 46 2313 
m1959 22 23 24 40 46 1123 1124 1140 1146 1190 1240 1246 2023 2024 2040 2046 2340 3696 3723 
m2104 12 15 30 46 1512 1515 1546 2312 3262 4815 
m2594 22 36 40 41 1136 1140 1141 1836 1840 1841 2036 2040 2072 2086 2090 2091 4586 
m1054 6 23 36 46 1156 1186 2306 2323 2336 4306 
m432 14 38 45 46 1914 1938 1945 1946 2264 2314 2338 2345 2346 4814 
m1864 22 30 40 46 1122 1130 1140 1146 1530 1546 2022 2030 2040 2046 2322 2330 2340 2346 
m2574 38 46 49 1938 1946 1949 2349 
m1075 23 1173 3673 
m2030 45 46 2296 2345 2346 
m3047 28 36 1828 1836 
m1776 37 46 2337 2346 
m3192 22 23 30 36 41 1123 1130 1136 1141 1186 1191 1523 1536 1541 1841 2073 2080 2091 3673 4323 4586 
m1436 32 36 38 46 1832 1932 1936 1946 2332 2336 2346 4836 
m743 23 32 46 1196 1623 1646 2346 
m1975 36 40 46 49 1849 2036 2040 2046 2049 2336 2346 2349 4336 4836 
m1646 14 22 23 30 46 722 1172 1514 1522 1523 1546 2314 2322 2323 2330 2346 3664 4814 4823 
m1901 26 32 36 46 1332 1336 1346 1832 2332 2336 2346 4836 
m1531 23 30 36 40 41 49 1186 1190 1199 1523 1530 1536 1540 1549 1836 1840 1849 2073 2080 2086 2090 2099 2486 2490 2499 3686 4336 
m1815 36 49 1836 1849 2486 2499 
m1624 13 36 38 686 688 1838 
m1928 30 36 46 49 1530 1536 1546 1549 1849 2330 2336 2346 2349 
m1163 46 
m3349 22 23 46 49 1123 1146 1196 2472 2473 2496 
m492 5 36 38 46 49 286 296 299 1849 1905 1936 1946 2346 2349 4836 
m1212 27 38 46 1927 1946 2327 
m3129 22 37 46 1122 1137 1146 2322 2337 2346 4837 
m3414 22 23 30 36 40 46 49 1122 1123 1130 1136 1140 1146 1149 1172 1173 1180 1186 1190 1199 1522 1523 1530 1536 1540 1546 1549 1823 1840 2022 2023 2030 2036 2040 2046 2322 2330 2336 2340 2346 2349 2472 2473 2480 2486 2490 2496 3696 4823 
m3317 14 46 746 4846 
m3444 21 36 40 46 1090 1096 1840 1846 2321 2336 2340 2346 4321 
m926 23 38 45 46 1196 1923 1945 1946 2273 2296 2323 2346 3696 4823 
m806 22 23 30 46 1122 1123 1130 1146 1523 1530 1546 2330 2346 3696 4823 
m1270 22 23 30 46 1123 1130 1146 1172 1173 1180 1196 1523 1530 1546 2330 4823 
m3041 30 46 49 1530 1549 2330 2346 2349 
m3196 22 40 46 49 2040 2046 2322 2346 2490 2496 
m3062 22 23 36 41 1123 1136 1141 1172 1173 1822 1823 2072 2073 3673 4586 
m1310 23 30 36 49 1180 1199 1549 1823 1830 1849 2473 2480 2486 
m2486 22 23 30 36 40 41 46 1123 1130 1136 1141 1146 1180 1186 1190 1523 1530 1536 1540 1546 1830 2022 2023 2030 2036 2040 2046 2072 2073 2080 2086 2090 2091 2330 3696 4836 
m2297 23 30 49 1180 1199 1549 2473 2480 2499 
m640 23 26 30 40 46 1173 1180 1323 1330 1346 1523 2023 2026 2030 2046 2323 2330 3673 4823 
m2008 22 23 36 40 1122 1123 1136 1140 1173 1823 2023 2036 3673 
m1529 22 23 36 49 1123 1136 1173 1186 1199 1823 1849 2473 2486 3673 4323 4336 
m1579 22 23 30 41 46 1122 1123 1130 1146 1180 1523 1530 1546 2072 2073 2080 2091 2096 2330 4823 
m1727 14 38 40 46 49 1914 1940 1946 1949 2014 2046 2049 2346 2464 2496 4814 
m1852 22 23 1123 
m2048 22 23 30 41 46 1122 1123 1130 1141 1146 1172 1173 1191 1522 1523 1530 1541 1546 2322 2323 2330 2341 2346 3696 4823 
m218 23 30 36 40 41 49 1190 1523 1530 1540 1541 1823 1830 1836 1840 1841 1849 2073 2080 2090 2473 2480 2486 2490 2491 2499 
m206 
m3214 15 22 27 38 46 777 1115 1127 1146 1915 1922 1938 1946 2315 2327 2346 
m798 23 30 38 40 46 1180 1923 1930 1946 2023 2038 2046 2330 4823 
m1719 13 22 33 40 690 1113 1122 1133 1140 1690 3183 
m2129 38 46 1938 1946 2346 
m2050 22 23 30 46 1122 1123 1130 1146 1180 1523 1530 1546 2330 4823 
m393 22 23 36 41 1123 1822 1823 2072 2073 3673 4323 4586 
m1275 12 26 46 612 1312 1346 2312 2346 4812 
m3009 22 23 46 1123 1146 1196 2322 2323 4846 
m2408 38 46 1938 1946 2338 2346 
m833 22 23 36 40 41 1123 1141 1173 1186 1190 1823 1836 2023 2036 2040 2072 2073 2086 2090 2091 3686 4323 
m2861 23 40 44 46 1173 1194 1196 2023 2040 2046 2323 2344 2346 3696 4823 
m2827 22 46 49 1146 1149 2322 2346 2349 2496 
m715 10 37 46 537 546 4396 
m3210 22 46 1122 1146 2322 2346 4846 
m766 22 23 36 40 41 1122 1123 1136 1140 1141 1173 1186 1190 1823 1836 1840 1841 2022 2023 2036 2040 2041 2072 2073 2086 2090 2091 3686 4323 
m3028 13 38 1913 1938 
m2832 38 41 46 1938 1941 1946 2341 2346 
m1787 22 30 36 49 1122 1136 1522 
m1915 14 22 32 46 732 1114 1132 1146 2314 2332 2346 4814 
m2884 22 23 46 1123 1146 1172 2322 3696 
m2905 26 39 41 1339 1341 1991 2091 
m1206 20 22 36 41 1022 1120 1122 1136 1141 1820 1822 2070 2072 4586 
m3108 14 22 40 46 722 2014 2046 2314 2322 2346 4814 
m3060 23 30 46 1180 2323 2330 2346 
m354 10 26 37 46 1310 1337 1346 1860 1896 2310 2346 4396 
m104 22 23 30 36 40 41 1123 1173 1180 1186 1190 1191 1830 2023 2030 2036 2040 2041 2073 2080 2086 2090 3673 4323 
m825 14 21 40 714 721 740 2014 2021 
m514 14 22 33 722 1672 4164 
m3410 22 45 46 1122 1146 2272 2296 2322 2346 4846 
m2359 22 23 30 1123 1130 1522 1523 1530 
m1508 22 46 1146 2346 
m195 23 26 30 46 1176 1323 1326 1330 1346 1523 1526 1546 2326 2330 2346 3696 4823 4846 
m550 36 41 1841 
m587 5 22 23 30 46 255 273 280 296 1105 1122 1123 1130 1146 1180 1505 1523 1530 1546 2330 4823 
m1696 22 23 36 38 40 41 1122 1123 1136 1140 1173 1186 1190 1823 1836 1922 1923 1936 1940 1941 2022 2023 2036 2040 2072 2073 2086 2090 3686 4323 
m69 22 23 30 1122 1123 1130 1173 1180 1522 1523 1530 
m1992 23 38 1173 1188 1923 
m2284 22 30 40 46 1130 1140 1146 2022 2030 2040 2046 2322 2330 2340 2346 
m2585 22 32 38 46 1132 1146 1632 1646 1922 1932 1938 1946 2332 
m84 8 23 30 38 46 423 430 1173 1180 1508 1523 1908 1923 1930 1946 2308 2323 2330 3673 
m709 22 23 30 46 1122 1123 1130 1146 1180 1523 1530 1546 2330 2346 4823 
m1103 22 23 36 40 46 49 1122 1123 1136 1146 1149 1172 1822 1849 2022 2023 2036 2046 2049 2322 2323 2336 2349 2472 2473 2486 4323 4336 4836 
m3024 12 41 46 641 2062 2091 2096 2312 2341 2346 
m3353 23 30 1523 
m1325 23 30 49 1180 1199 1549 2473 2480 2499 
m3132 12 26 46 626 1312 1326 1346 2326 4812 
m3157 36 37 40 46 1837 1846 2036 2037 2040 2046 2337 2346 4346 4837 
m3312 22 26 33 1122 1126 1133 1676 
m62 11 13 22 33 36 40 661 1111 1113 1122 1133 1136 1140 1661 1811 1813 1833 1840 2011 2013 2033 4163 
m210 22 26 44 46 1146 1322 1344 1346 2344 2346 4846 
m1304 2 41 141 
m2611 22 36 40 41 1136 1140 1141 1836 1841 2036 2041 2086 2090 2091 4586 
m1170 23 30 36 41 49 1191 1523 1530 1541 1823 1830 1836 1841 1849 2073 2080 2086 2091 2099 2473 2480 2486 2491 2499 
m2293 5 36 38 46 49 286 296 299 1849 1905 1936 1938 1946 2346 2349 2486 2499 4836 
m1356 32 36 46 49 1636 1646 1849 2332 2336 2346 2349 4136 4336 4836 
m1030 22 37 40 46 1122 1137 1140 1146 1872 2022 2037 2046 2322 2337 2340 2346 4396 
m3346 23 36 41 1186 2073 3673 4323 4586 
m3140 22 30 36 1522 1536 1822 
m3450 16 22 36 40 822 836 840 1116 1122 1136 1140 1822 2022 2036 
m905 22 36 40 41 46 1136 1141 1146 2022 2036 2041 2046 2086 2096 2336 
m3321 36 41 1836 1841 2086 2091 4586 
m225 14 22 31 36 46 731 736 1114 1136 1146 1846 2314 2331 2346 3246 4331 4836 
m1447 22 23 30 46 1122 1123 1130 1146 1180 1523 1530 1546 2330 4823 
m1456 22 26 44 45 46 1144 1145 1146 1322 1344 1345 1346 2294 2296 2344 2346 
m664 13 22 33 1113 1133 4163 
m1361 38 46 1938 1946 
m3101 26 38 46 1346 1926 1946 2346 
m3407 46 
m1869 13 22 37 672 1872 4363 
m3005 14 45 46 49 2264 2296 2299 2314 2346 2464 2496 4814 
m2473 5 32 36 46 49 282 286 296 1632 1636 1649 1849 2305 2332 2336 2346 2349 
m3083 13 38 1913 1938 
m1553 30 36 46 1536 1546 2330 2336 2346 4836 
m2339 23 31 46 49 1196 1573 1596 2346 2473 2481 2496 2499 
m2719 45 2295 
m2744 14 20 38 46 49 720 1914 1946 1949 2320 2464 2470 2496 4814 
m97 5 45 2255 
m55 22 23 30 46 1122 1123 1130 1146 1523 1530 1546 2330 2346 3696 4823 
m949 5 36 46 49 286 296 299 1836 1849 2336 2346 2349 2486 2496 2499 4836 
m611 36 46 49 2486 2496 4836 4846 
m1142 36 40 46 49 1836 1846 2036 2040 2046 2049 2336 2346 2349 2486 2496 4336 4836 
m2654 38 46 1946 2346 
m1768 23 36 40 46 49 1190 1836 1840 1846 2023 2036 2040 2046 2049 2323 2336 2340 2346 2349 2473 2486 2490 2496 3696 4323 4346 4823 4836 
m996 3 14 46 703 2314 2346 2696 3246 4803 
m2493 22 40 46 1122 1140 1146 2022 2040 2046 2322 
m3 22 23 30 46 1122 1123 1130 1146 1180 1522 1523 1530 1546 2323 2330 
m1083 22 23 36 40 41 1122 1123 1136 1140 1141 1172 1173 1822 1823 1836 1840 1841 2022 2023 2036 2040 2041 2072 2073 3673 4586 
m3098 3 36 48 49 186 198 1803 1848 1849 2453 2486 2498 2499 4336 
m67 14 46 47 747 2346 2347 4814 
m1047 22 23 30 36 40 41 1122 1123 1130 1136 1140 1141 1172 1173 1186 1190 1191 1522 1523 1536 1541 1840 1841 2023 2036 2041 2072 2073 2086 2090 2091 3673 3686 4323 4336 4586 
m3019 22 36 40 41 46 1136 1141 1146 2022 2036 2041 2046 2086 2096 2336 
m845 37 46 49 2346 2487 2496 4837 
m1130 13 33 46 2313 2333 2346 4163 4813 4833 
m1266 22 23 30 36 38 40 41 1123 1136 1140 1141 1172 1173 1180 1186 1188 1190 1191 1830 1922 1923 1936 1940 1941 2022 2023 2030 2036 2038 2040 2041 2073 2080 2086 2090 3673 4323 
m1735 12 32 36 40 612 632 636 640 1612 1640 1812 2012 2036 4136 
m2499 30 38 41 46 1930 1941 1946 2080 2330 2338 2341 2346 
m2257 30 36 40 46 1830 2030 2036 2330 2336 2340 2346 4836 
m2766 36 37 40 41 46 1841 1846 1886 2036 2037 2046 2086 2087 2090 2096 2336 2337 2340 2341 2346 4346 4396 4836 
m1773 22 23 1122 1123 1172 1173 3673 
m2602 37 49 1899 2487 
m2274 28 36 46 1828 1836 2328 2336 4846 
m1987 13 38 663 1913 1938 
m482 22 23 36 40 41 1122 1123 1136 1140 1173 1186 1190 1823 1836 2022 2023 2036 2040 2072 2073 2086 2090 2091 3686 4323 
m2037 36 4336 
m1366 21 22 23 36 41 1121 1122 1123 1171 1172 1173 1821 1822 1823 2071 2072 2073 3673 4586 
m1474 22 23 30 36 40 41 1122 1123 1130 1136 1140 1141 1173 1522 1523 1536 1822 1823 1830 1836 2022 2023 2030 2036 2072 2073 2080 2086 2090 2091 3673 4323 4586 
m3054 14 26 38 41 741 1314 1341 1914 1926 1941 
m1513 
m1826 22 40 46 1140 1146 2040 2046 2340 2346 
m11 14 37 46 49 2314 2337 2346 2464 2487 2496 4364 
m77 13 33 40 690 1690 4163 
m708 22 23 30 36 40 41 1122 1123 1130 1136 1140 1141 1172 1173 1180 1186 1190 1523 1822 1823 1830 1836 2023 2030 2036 2072 2073 3673 4323 4586 
m808 13 22 38 49 699 1113 1122 1138 1913 1938 1949 
m124 37 38 46 1888 1937 1938 1946 2338 4837 
m2547 27 38 46 1927 1946 2327 
m1993 13 16 38 46 1913 1916 1946 2313 2316 3313 
m2543 12 14 22 45 46 49 645 712 745 1112 1114 1146 2314 2345 2346 2462 2464 2472 2496 3146 3246 4812 
m1229 22 23 30 36 40 41 1122 1123 1130 1136 1140 1173 1522 1523 1536 1822 1823 1830 1836 2022 2023 2030 2036 2072 2073 2080 2086 2090 2091 3673 4323 4586 
m2201 5 23 24 40 46 273 274 290 296 1190 1240 1246 2023 2024 2040 2046 2340 3696 3723 
m735 22 44 46 1122 1144 1146 2322 2344 2346 4846 
m179 10 14 27 38 710 1360 1364 1388 1910 1914 1927 1938 
m558 26 27 46 1327 1346 1377 2327 
m1281 14 46 2314 2346 4814 
m3464 22 23 36 41 1123 1136 1141 1172 1173 1186 1822 1823 2072 2073 2086 2091 3673 4586 
m2213 32 36 38 40 46 49 1632 1636 1649 1849 1932 1936 1946 1949 2032 2036 2038 2046 2332 2336 2338 2340 2346 2349 
m1025 37 40 41 46 1891 2037 2041 2046 2087 2090 2091 2096 2337 2340 2341 2346 4396 
m712 22 36 37 40 46 1122 1136 1137 1140 1146 1886 1890 2036 2037 2040 2046 2322 2336 2337 2340 2346 4396 
m2712 33 38 46 1688 1933 1938 1946 2338 4196 
m1769 22 23 30 36 40 41 1123 1136 1141 1172 1186 1190 1191 1522 1523 1536 1540 1541 2022 2023 2036 2041 2086 3673 3686 4336 4586 
m2419 26 38 46 1926 1946 2326 
m102 22 23 30 36 46 49 1122 1123 1130 1146 1149 1172 1173 1180 1199 1522 1523 1530 1549 1822 1823 1830 1846 1849 2322 2323 2330 2349 2472 2473 2480 2496 3673 4823 
m1318 37 46 49 1899 2346 2349 2496 4396 4837 
m3454 46 2346 
m620 22 26 38 46 1146 1322 1338 1346 1922 1946 2346 
m2204 22 23 36 37 40 1122 1123 1136 1137 1140 1172 1173 1822 1823 1836 1837 1840 1872 1873 1886 1890 2022 2023 2036 2037 2040 3673 
m3244 
m1196 22 30 36 38 40 41 45 46 1130 1136 1138 1140 1141 1145 1146 1522 1536 1540 1541 1822 1836 1840 1922 1945 1946 2022 2036 2040 2086 2090 2272 2296 2322 2330 2336 2341 
m2135 12 41 46 2062 2091 2096 2312 
m252 46 2346 
m237 22 30 36 40 1130 1136 1140 1522 1530 1536 1540 1822 1830 1836 1840 2030 2036 2040 4336 
m2495 14 36 40 46 740 1814 1836 1840 1846 2014 2036 2040 2046 2314 2340 2346 3246 4314 4346 4836 
m633 27 44 45 46 1394 2277 2294 2296 2327 2344 
m3081 8 10 38 508 1908 1910 
m10 30 41 46 2080 2096 2330 2341 2346 
m3095 37 41 46 1891 2087 2091 2096 2341 4396 
m1732 22 23 30 46 1122 1123 1130 1146 1523 1530 1546 2330 2346 3696 4823 
m1257 13 26 38 46 1313 1346 1913 1926 1946 2313 
m1367 22 37 46 49 1872 2322 2346 2487 2496 4396 4837 
m41 
m187 22 23 30 36 1123 1130 1136 1172 1180 1522 1822 1823 1830 
m1630 26 36 37 40 46 1346 1837 2036 2037 2040 2336 2337 
m1094 22 26 44 46 1122 1126 1144 1146 1322 1344 1346 2222 2246 2322 2326 2344 2346 4846 
m2695 26 38 46 1926 1938 1946 2326 
m3381 36 41 1841 2086 2091 4586 
m1168 36 46 49 1849 2346 2349 4836 
m1534 22 30 36 40 41 1136 1141 1536 1540 1541 1822 1836 1840 1841 2022 2036 2040 2041 2086 4336 4586 
m478 22 23 30 41 1123 1130 1141 1172 1173 1180 1191 1522 1523 1541 2072 2073 2080 2091 3673 
m161 12 26 46 1312 1326 1346 2312 2346 4812 
m147 14 36 46 714 736 1836 2314 2336 2346 3236 4814 4836 
m257 22 23 30 36 40 41 1122 1123 1130 1136 1140 1141 1172 1173 1186 1190 1191 1522 1523 1536 1541 1840 1841 2023 2036 2041 2072 2073 2086 2090 2091 3673 3686 4323 4336 4586 
m3089 34 45 2284 
m61 13 20 22 33 36 38 40 1013 1022 1033 1036 1038 1040 1113 1122 1133 1136 1138 1140 1813 1833 1838 1840 1913 1933 2013 2033 2038 4163 
m2867 37 38 46 1888 2338 4396 
m2005 13 22 33 36 40 46 49 672 686 690 1113 1133 1136 1140 1672 1686 1690 1822 2013 2022 2036 2046 2313 2322 2333 2336 2340 2349 2463 2472 2483 2486 2490 3183 
m281 36 40 41 1841 2036 2041 2086 2090 2091 
m2815 22 23 30 36 40 41 46 1122 1123 1130 1136 1140 1141 1146 1172 1173 1180 1186 1190 1191 1523 1536 1540 1541 1841 2023 2036 2041 2072 2073 2080 2086 2090 2091 2096 2322 2323 2330 2341 2346 3673 4323 
m599 23 45 2273 
m532 22 23 1123 1173 3673 
m1220 22 23 36 40 46 49 1172 1822 1823 1836 1849 2022 2023 2036 2040 2046 2049 2322 2323 2336 2349 2473 2486 3686 4336 4346 4836 
m2510 11 13 33 563 583 4163 
m1805 22 36 40 46 49 1136 1140 1146 1836 1846 2022 2036 2040 2046 2049 2336 2346 2349 2486 2496 4336 4836 
m596 22 23 30 36 38 40 41 46 1122 1123 1130 1136 1140 1146 1172 1173 1180 1186 1190 1522 1523 1530 1536 1540 1546 1823 1840 1922 1923 1930 1938 1941 1946 2023 2030 2036 2038 2040 2041 2046 2072 2073 2080 2086 2096 2322 2330 2336 2340 2346 3696 4823 
m204 28 46 1428 2328 2346 
m2902 22 23 30 46 1123 1130 1146 1180 1523 1530 1546 2330 4823 
m2406 13 36 38 40 1813 1913 1936 1940 2013 2036 
m1078 22 30 36 46 1130 1136 1146 1536 1546 1822 1830 1836 1846 2322 2330 2336 2346 4836 
m1188 14 40 46 2014 2046 2314 2346 4814 
m2313 38 46 1938 2338 
m720 30 36 46 49 1536 1549 1849 2330 2336 2346 2349 
m1947 46 2346 
m82 
m8 37 
m2793 
m2049 30 36 37 40 46 1536 1537 1540 1546 1837 1840 1846 1890 2037 2046 2340 4396 
m3330 22 44 46 1146 2222 2244 2246 2322 2344 2346 4846 
m692 22 36 37 46 49 1822 1837 1846 1849 1872 2322 2346 2487 2496 4396 4837 
m1933 32 36 46 1636 2332 2336 2346 4332 4336 4836 
m1598 22 23 46 1122 1123 1146 2346 3696 4823 
m1058 
m3061 22 23 36 41 1122 1123 1136 1141 1172 1173 1186 1191 1822 1823 2072 2073 3673 4586 
m2853 13 38 41 691 1913 1938 1941 
m1446 5 23 24 38 40 46 273 274 290 296 1190 1240 1246 1905 1923 1924 1938 1946 2023 2024 2040 2046 2340 3696 3723 
m1663 23 30 40 1180 1523 1530 2023 2030 
m1074 37 45 46 2287 2296 2337 2346 4837 
m3449 22 23 30 36 37 40 41 46 49 1123 1130 1137 1141 1146 1190 1191 1523 1537 1540 1541 1546 1822 1823 1830 1836 1837 1840 1846 1873 1890 1891 1896 2022 2030 2036 2037 2040 2041 2046 2086 2091 2099 2340 2341 2346 2486 2490 2496 2499 4396 4823 
m3318 22 46 1146 2322 2346 
m929 22 23 30 36 39 41 1123 1130 1139 1141 1522 1523 1822 1823 1830 1839 1841 1972 1973 1980 1991 2072 2073 2080 2086 2089 2091 3673 4586 
m2387 22 23 36 41 1122 1123 1172 1173 1822 1823 2072 2073 3673 4586 
m3422 14 44 46 49 744 746 2344 2464 2494 2496 
m516 16 46 816 846 2346 3346 
m456 12 23 30 38 41 46 641 1191 1512 1523 1541 1546 1912 1923 1930 1941 1946 2341 3662 4812 4823 
m36 22 23 30 41 46 1122 1123 1130 1141 1146 1522 1541 1546 2072 2073 2322 2323 2341 2346 
m2609 33 36 38 46 49 1683 1686 1688 1696 1699 1833 1846 1933 1936 1946 1949 2333 2336 2338 2346 2349 2483 2486 2496 4833 
m1457 22 23 30 46 1122 1123 1130 1146 1180 1523 1530 1546 2330 2346 4823 
m1772 22 36 38 46 1822 1936 1946 2322 2336 2346 4836 
m1376 22 23 30 36 40 46 1122 1123 1130 1136 1140 1146 1173 1180 1186 1190 1522 1523 1530 1536 1540 1822 1823 1830 1836 1840 1846 2022 2023 2030 2036 2040 2046 2322 2323 2330 2336 3673 4823 
m3134 3 26 36 41 186 191 1303 1336 1341 2091 4341 4586 
m3093 13 38 1913 1938 
m2828 30 40 46 49 2030 2046 2049 2330 2349 2480 2496 4846 
m764 30 45 46 2280 2296 2330 2345 2346 4846 
m3354 22 23 30 36 40 46 1122 1123 1130 1136 1140 1146 1180 1522 1523 1530 1536 1540 1546 1822 1823 1830 1836 1840 1846 2022 2023 2030 2036 2040 2046 2322 2323 2330 2340 4823 4846 
m606 22 23 1123 1173 3673 
m3457 13 38 46 1913 1938 1946 2313 2346 
m3076 
m1920 10 32 46 1610 1632 1646 2310 2346 
m670 23 30 36 40 41 1173 1180 1186 1190 1191 1523 1823 1830 1836 1841 2023 2030 2036 2073 2080 2086 2090 2091 3673 4323 4586 
m655 14 23 36 38 46 49 1164 1814 1823 1838 1846 1849 1914 1923 1946 1949 2323 2464 2473 2496 4814 
m425 13 33 40 46 2013 2033 2046 2313 2333 4163 
m1114 14 23 30 730 1180 1523 1530 3223 
m3220 12 26 40 46 626 2012 2026 2046 2312 2326 2340 2346 4812 
m1495 12 23 30 46 1162 1196 1512 1523 1530 1546 2312 2330 2346 3696 4812 4823 
m1595 22 23 36 40 41 1122 1123 1136 1140 1141 1172 1173 1822 1823 1836 1840 1841 2022 2023 2036 2040 2041 2072 2073 2086 2090 3673 4586 
m2491 5 13 26 33 41 46 655 696 1305 1313 1326 1333 1341 1346 1655 1676 1691 1696 2055 2063 2096 2305 4163 
m2938 23 30 38 46 1188 1523 1530 1538 1546 1923 1930 1938 1946 2330 2338 2346 3696 4823 
m1790 30 36 40 46 1830 1836 1840 1846 2030 2036 2040 2046 2330 2336 2340 2346 4336 4346 4836 
m2845 41 
m669 5 13 38 46 263 296 1905 1913 1938 1946 2305 2313 2346 4813 
m2422 36 38 40 46 49 1836 1838 1840 1846 1849 1938 2036 2038 2040 2046 2049 2336 2338 2340 2346 2349 2486 2488 4336 4346 4836 
m940 14 22 40 46 746 1114 1146 2014 2046 2346 
m1565 36 37 49 1836 1837 1849 2486 2487 2499 
m212 30 38 40 45 46 1930 2030 2038 2045 2046 2280 2288 2296 2330 2338 
m2018 22 23 30 36 40 41 46 1122 1123 1130 1136 1140 1141 1146 1180 1522 1523 1530 1536 1540 1546 1822 1823 1830 1836 1840 1846 2022 2023 2030 2036 2040 2046 2072 2086 2090 2091 2322 2323 2330 2340 4823 4846 
m1088 30 36 38 40 46 1830 1930 1936 1940 1946 2030 2036 2046 2330 2336 2340 2346 4836 
m2993 22 30 36 40 41 1122 1130 1136 1140 1141 1522 1536 1840 2036 2040 2072 2080 2086 
m1273 22 23 30 38 41 1123 1172 1173 1188 1522 1523 1530 1538 2072 2073 2080 2088 3673 
m1684 22 38 46 49 1122 1138 1146 1149 1922 1938 1946 2322 2346 2349 
m2555 23 30 36 39 40 41 1173 1186 1190 1191 1523 1539 1541 1823 1973 1986 1991 2023 2036 2073 2086 2090 2091 3673 4323 4336 4586 
m2687 16 23 38 40 46 49 1923 1940 1946 2016 2023 2046 2316 2323 2346 2349 2466 2473 3666 4823 
m666 12 36 40 46 49 1812 2012 2036 2046 2049 2336 2346 2462 2486 2496 3146 4346 4812 
m431 22 36 40 41 1136 1140 1141 1836 1840 1841 2036 2041 2072 2086 2090 2091 4586 
m656 12 38 40 45 46 1912 1945 1946 2012 2038 2045 2046 2262 2296 2312 2346 4812 
m308 12 36 38 41 46 641 1841 1912 1936 1938 1941 1946 2062 2086 2091 2096 2312 2336 2341 4312 
m87 30 38 46 1930 1938 1946 2330 2346 
m1572 13 33 36 38 40 41 686 690 691 1686 1690 1691 1841 1913 1933 1936 1938 1941 2036 2041 2063 2083 2086 2090 2091 3183 
m2509 32 36 41 46 1632 1636 1641 1646 1832 1836 1841 1846 2082 2086 2091 2096 2332 2336 4586 4846 
m3413 22 23 36 38 41 1122 1123 1136 1141 1172 1822 1823 1922 1923 1936 1941 2072 2073 2086 2088 2091 3673 4323 4586 
m194 22 36 46 49 1136 1146 1149 1822 1846 2322 2336 2346 2472 2486 2496 
m2931 14 23 40 46 49 1196 2014 2023 2046 2049 2464 2473 2496 3664 4814 
m2875 13 25 38 46 675 1913 1925 1946 2313 2325 
m1219 31 36 37 40 46 1587 1590 1596 1831 1837 1840 1846 1890 1896 2340 
m2809 23 30 38 1180 1188 1523 1538 1938 3673 
m2042 37 49 1899 2487 2499 
m2823 23 40 46 1190 2023 2040 2046 2340 2346 3696 4823 
m1906 22 23 36 40 1123 1136 1140 1173 1186 1190 1823 1840 2023 2036 3673 4323 4336 
m2015 45 46 2345 
m2920 12 13 20 22 36 40 622 636 640 670 672 686 690 1012 1022 1036 1040 1822 1840 2022 2036 3162 3536 4336 
m1570 36 40 45 46 1845 2036 2045 2046 2336 2345 4836 4846 
m2749 26 40 46 2026 2046 2326 
m3388 22 23 36 40 41 1122 1123 1136 1140 1141 1172 1173 1822 1823 1836 1840 2022 2023 2036 2040 2041 2073 2086 2090 3673 4586 
m1051 14 22 45 46 722 745 746 1146 2272 2296 2346 3246 
m1775 23 30 32 46 1182 1523 1532 1546 2323 2332 2346 4823 
m293 22 23 46 1122 1123 1146 1196 2323 3673 
m1294 
m3107 
m1157 22 23 32 36 40 46 49 1122 1123 1132 1136 1140 1146 1149 1172 1173 1182 1186 1190 1196 1199 1622 1623 1632 1636 1640 1646 1822 1823 1832 1836 1840 1846 1849 2022 2023 2032 2036 2046 2049 2322 2323 2332 2336 2346 2349 2472 2473 2482 2486 2490 2496 3673 3686 3696 4323 4346 
m880 21 23 36 40 46 1171 1821 1823 1846 2021 2023 2036 2040 2046 2321 2323 2346 4346 4823 
m316 23 30 33 38 46 1180 1523 1530 1533 1546 1680 1923 1930 1933 1946 2323 2330 2333 2346 4173 4823 
m2689 23 30 36 41 1186 1191 1523 1536 1541 3673 3686 4586 
m2134 12 38 41 46 1912 1941 1946 2062 2091 2096 2312 
m958 12 13 20 22 32 36 40 49 632 682 699 1012 1013 1022 1032 1036 1040 1112 1113 1122 1132 1136 1140 1812 1813 1832 1836 1840 1849 2012 2013 2032 2036 2049 2462 2482 2486 3136 3162 3186 
m847 36 40 41 46 1841 2036 2041 2086 2090 2091 2336 2340 2341 4336 4836 4846 
m1357 14 36 40 46 1814 1836 1840 1846 2014 2036 2040 2046 2314 2336 2346 3236 4346 4814 4836 
m1147 14 46 4814 
m812 22 23 36 40 46 49 1172 1822 1823 1836 1846 1849 2023 2036 2040 2046 2049 2322 2336 2346 2349 2472 2473 2486 4323 4346 4823 4836 
m190 23 26 46 1176 1346 3696 4846 
m2656 3 22 23 36 40 41 46 172 186 190 196 1122 1136 1140 1146 1191 1822 1823 1836 1840 1841 1846 2022 2023 2036 2040 2041 2046 2323 2336 2341 2346 3686 4336 4341 4346 4823 
m2908 22 23 41 1122 1123 1141 1172 2073 
m2599 22 32 46 1122 1132 1146 2332 2346 
m3265 5 22 36 38 46 49 286 296 299 1136 1138 1146 1149 1836 1846 1849 1905 1936 1938 1946 1949 2346 2349 2455 2486 2496 2499 4836 
m423 30 46 1546 2330 4846 
m1660 22 23 30 36 40 46 1122 1123 1130 1136 1140 1146 1172 1173 1522 1523 1530 1540 1546 1822 1823 1830 1840 1846 2022 2023 2030 2036 2040 2046 2322 2323 2330 2340 2346 3696 4823 
m1803 32 1632 
m1424 26 32 36 38 46 1332 1336 1346 1832 1926 1932 1936 1938 1946 2332 2336 2346 4836 
m585 22 46 1122 1146 2322 2346 4846 
m119 22 23 36 46 1123 1136 1146 2323 4323 4836 
m52 14 46 2314 2346 4814 
m519 5 22 27 46 1146 1355 2305 2327 
m3105 23 30 45 46 1523 1545 1546 2273 2296 2345 2346 3696 4823 
m759 14 38 46 1914 1946 2346 4814 
m122 13 22 44 46 694 1113 1146 2313 2344 
m1437 32 36 41 46 1641 1646 2332 2336 2341 2346 4136 4586 
m1274 32 46 1632 1646 2332 2346 
m3231 22 38 46 1146 1922 1938 1946 2346 
m2537 22 36 40 1122 1136 1140 2036 
m779 37 46 1896 2346 4837 
m591 22 23 30 36 40 41 46 49 1122 1123 1130 1136 1140 1141 1146 1172 1173 1186 1190 1191 1199 1522 1523 1530 1536 1540 1541 1546 1549 1822 1823 1830 1836 1840 1841 1846 1849 2022 2023 2030 2036 2040 2041 2046 2049 2072 2073 2086 2090 2096 2099 2330 2336 2340 2341 2349 2472 2473 2486 2490 2496 3696 4336 4823 
m2626 36 38 1936 
m1742 14 22 25 46 725 1114 1125 1146 2325 3246 
m725 22 23 36 40 41 1123 1136 1140 1172 1822 1823 1836 2023 2036 2072 2073 2086 2090 2091 3673 4323 4586 
m3109 12 22 36 46 622 636 646 1136 1812 1836 1846 2322 2336 2346 4336 4812 4836 
m2228 5 21 22 38 46 271 272 288 296 1121 1138 1146 1921 1946 2305 2321 2322 2338 2346 
m400 23 30 38 1180 1188 1523 1530 1538 1938 
m2368 22 46 1122 1146 2322 2346 
m1172 22 36 38 40 1122 1136 1138 1140 1836 1838 1840 1936 1938 2036 2038 2040 
m2027 36 40 46 49 1836 1840 1846 1849 2036 2040 2046 2049 2336 2340 2346 2349 2486 2490 2496 4346 
m3239 46 4846 
m2678 22 23 30 40 41 1123 1130 1140 1180 1522 1523 1530 2022 2023 2030 2072 2090 
m2954 5 36 38 46 49 286 296 299 1849 1905 1936 1938 1946 2346 2349 2486 2499 4836 
m1602 5 22 36 38 46 49 286 296 299 1136 1138 1146 1149 1836 1846 1849 1905 1936 1946 2346 2349 2455 2486 2488 2496 4836 
m976 22 36 40 45 1122 1136 1140 1145 1836 1840 1845 2036 2040 2045 2286 2290 
m214 
m2653 33 34 38 40 46 1690 1696 1733 1734 1738 1746 1933 1938 1940 1946 2333 2338 2340 2346 
m3104 22 23 30 36 40 46 1122 1123 1130 1136 1140 1146 1172 1173 1180 1522 1523 1530 1822 1823 1830 1846 2022 2023 2030 2036 2046 2322 2323 2330 3673 4823 
m1110 36 38 1836 1936 1938 
m2560 
m827 22 23 30 36 40 1123 1130 1173 1186 1190 1523 1536 1540 2023 2036 3673 
m1549 22 23 36 40 1122 1123 1136 1140 1173 1186 1190 1822 1823 1836 1840 2022 2023 2036 2040 3673 4323 
m1955 22 23 36 40 41 1123 1136 1140 1141 1173 1186 1190 1823 1836 2023 2036 2040 2072 2073 2086 2090 2091 3686 4323 
m2998 16 26 36 40 46 49 826 1826 2016 2036 2046 2316 2326 2346 2466 2486 2490 2496 3336 3346 4346 4836 
m1909 22 23 36 40 46 49 1123 1136 1146 1199 1822 1823 1836 1840 1846 1849 2022 2023 2036 2040 2046 2049 2323 2336 2346 2349 3686 4346 4823 4836 
m113 23 30 40 46 1180 2023 2030 2046 2330 2346 4823 
m631 13 22 23 32 672 673 1113 1122 1123 1172 1613 1622 1623 
m1312 14 38 46 1914 1946 4814 
m2542 12 14 22 36 45 46 49 645 712 745 1112 1114 1146 1812 1814 1822 1845 1846 1849 2314 2345 2346 2462 2464 2472 2496 3146 3246 4812 
m1050 14 26 726 
m384 23 30 36 40 46 1186 1190 1523 1530 1536 1540 1546 1823 1830 1836 1846 2023 2030 2036 2046 2330 2336 2340 2346 3696 4823 
m1263 22 23 36 40 1122 1123 1136 1140 1172 1173 1186 1190 1822 1823 1836 1840 2022 2023 2036 2040 3673 4323 
m144 14 32 46 714 732 746 1614 1646 4814 
m1384 22 23 41 1123 1141 1173 2073 3673 
m201 17 22 46 1117 1122 1146 2346 4817 
m1900 12 22 36 38 40 46 612 636 1112 1122 1136 1138 1140 1146 1812 1836 1840 1846 1912 1922 1936 1938 1940 1946 2012 2022 2036 2038 2046 2312 2336 2346 3146 4812 4836 
m2899 5 13 33 46 655 1655 2305 2313 2333 4163 
m146 12 22 36 40 46 49 636 1112 1136 1146 1149 1812 1836 1846 2022 2036 2040 2046 2312 2336 2346 2349 2462 2486 2496 3136 4336 4812 4836 
m590 22 23 30 40 41 1123 1130 1140 1190 1523 1530 1540 2022 2023 2030 2072 2090 
m70 46 2346 
m3394 
m2618 17 41 46 891 2067 2096 2341 4817 
m1575 22 23 30 36 39 40 41 1123 1136 1140 1172 1173 1186 1190 1191 1523 1536 1539 1541 1823 1972 1973 1986 1991 2023 2036 2072 2073 2086 2090 3673 4323 4336 4586 
m376 23 36 38 40 41 1823 1840 1923 1936 2023 2036 2073 2086 2088 2090 4323 4336 4586 
m54 5 32 45 46 1605 1645 1646 2255 2305 2345 
m2259 13 16 27 32 46 677 827 1613 1616 1627 2313 2316 2327 2332 3166 
m2821 21 23 36 1071 1073 1821 4321 4323 4336 
m1680 22 23 36 40 1122 1123 1136 1140 1172 1173 1186 1190 1822 1823 1836 1840 2022 2023 2036 2040 3673 3686 4323 
m477 22 23 30 41 1122 1123 1130 1172 1173 1180 1522 1523 1530 2072 2073 2080 3673 
m1470 14 37 40 46 737 740 746 1890 2037 2046 2340 4396 
m1272 14 23 32 36 49 723 732 736 749 1182 1199 1636 1649 1849 3686 
m236 14 23 30 46 714 723 730 746 1180 2314 2323 2330 2346 3223 4814 4823 
m1468 26 32 36 38 46 1332 1336 1346 1832 1926 1936 1946 2332 2336 2346 4836 
m3103 12 14 22 45 46 645 712 745 1112 1114 1146 2314 2345 2346 3146 3246 4812 
m3361 46 2346 
m775 22 36 40 46 1136 1140 1146 1840 2336 2340 4336 4836 
m3237 46 2346 
m2684 22 40 41 46 1140 1141 2022 2040 2041 2046 2072 2090 2091 2096 2341 
m1829 13 20 22 33 36 38 40 688 1013 1022 1033 1036 1038 1040 1113 1133 1136 1138 1140 1688 1813 1822 1833 1838 1840 2013 2033 2036 2038 3183 3536 4336 
m1974 22 23 36 41 1123 1136 1141 1173 1186 1191 3673 3686 4341 
m1018 14 32 42 46 732 2114 2132 2314 2332 2342 
m1134 5 37 46 1855 2305 2337 2346 4837 
m723 14 26 46 714 726 746 1314 1326 1346 2314 2326 2346 4814 
m2819 22 23 30 46 1122 1123 1130 1146 1180 1523 1530 1546 2330 4823 
m3431 22 36 37 40 49 1136 1137 1822 1836 1837 1840 1849 1886 2022 2036 2037 2040 2472 2486 2487 2490 2499 
m2151 13 22 36 38 40 1113 1122 1136 1138 1140 1813 1840 1913 1936 1940 2013 
m2789 13 45 46 2263 2295 2296 2313 2346 3196 
m1853 22 37 46 49 1137 1146 2322 2337 2346 2472 2496 4396 4837 
m3429 22 30 37 40 46 1130 1137 1146 1537 1540 1546 1890 2340 4396 
m1234 36 40 41 1836 1840 1841 2036 2040 2041 
m3435 38 45 46 1938 1945 1946 2345 
m1528 22 30 36 40 41 1136 1141 1522 1536 1540 1541 1822 1836 1840 1841 2022 2036 2040 2041 2086 4336 4586 
m151 5 13 14 33 263 283 705 713 733 4163 
m1817 22 30 38 39 46 1130 1138 1139 1146 1930 1938 1939 1946 1980 2330 2339 2346 4839 
m4 22 23 30 46 1122 1123 1130 1146 1180 1523 1530 1546 2330 4823 
m3224 14 36 46 49 736 746 749 1849 2336 2346 2349 4814 4836 
m2193 22 23 30 40 46 1122 1123 1130 1140 1146 1180 1196 1523 1530 1546 2022 2023 2030 2046 2330 3673 4823 
m2428 5 22 32 36 46 49 286 299 1605 1622 1636 1646 1649 1805 1822 1846 1849 2305 2322 2332 2336 2346 2349 2472 2486 2499 4136 4336 4836 
m984 22 23 36 40 41 1122 1123 1136 1140 1141 1173 1823 1836 1840 1841 2023 2036 2040 2041 2072 2073 2086 2090 2091 3686 4323 
m1844 13 38 688 1913 1938 
m3370 13 22 33 36 40 672 686 690 1113 1122 1133 1136 1140 1672 1686 1690 1822 2022 2036 3183 
m3162 22 36 38 40 46 1136 1138 1140 1146 1838 1946 2036 2038 2040 2046 2336 2338 2340 2346 4346 
m2256 40 46 2040 2046 2346 
m528 22 23 36 41 1123 1136 1141 1172 1173 1822 1823 2072 2073 3673 4586 
m2631 26 46 1346 
m1351 14 38 1914 
m1269 36 49 1836 1849 2499 
m761 14 23 30 46 730 1180 2314 2323 2330 2346 3223 4814 4823 
m3035 8 408 
m303 16 38 44 49 844 849 1916 1938 1944 1949 2494 
m1580 23 30 36 39 40 41 1173 1180 1186 1190 1191 1523 1823 1830 1836 1973 1986 1990 1991 2023 2030 2036 2041 2073 2080 2086 2091 3673 3686 4323 4586 
m2967 23 32 46 1196 1623 1646 2346 
m1925 
m559 22 23 36 40 1122 1123 1136 1140 1173 1822 1823 1840 2022 2023 3673 
m2545 27 38 46 1927 1946 2327 
m665 14 23 30 46 1514 1523 1546 2314 2323 2330 2346 3664 4814 4823 
m3091 13 38 1913 1938 
m1571 6 14 36 49 706 714 736 749 1806 2456 2486 
m544 44 46 2344 2346 
m3286 45 46 2345 
m178 22 23 36 40 41 1122 1123 1136 1140 1141 1172 1173 1822 1823 1836 1840 1841 2022 2023 2036 2040 2041 2072 2073 3673 4586 
m2668 22 23 45 1123 1173 1195 3673 
m472 22 36 37 40 1122 1136 1137 1140 1822 1872 1886 1890 2022 2036 
m2628 22 23 30 32 36 40 41 49 1140 1182 1199 1523 1530 1532 1536 1549 1823 1830 1832 1849 2022 2023 2030 2032 2036 2040 2072 2090 2482 
m1876 22 26 44 46 1144 1146 1322 1344 1346 2244 2246 2344 2346 4846 
m1765 22 23 38 46 1122 1123 1138 1146 1172 1922 1923 1938 1946 2322 3696 
m34 22 32 36 40 46 49 1136 1140 1146 1149 1640 1646 1832 1836 1840 1846 2032 2036 2040 2046 2049 2332 2336 2340 2346 2349 2486 2496 4136 4346 
m3193 14 46 2314 2346 4814 
m326 26 27 46 1327 1346 2327 2346 
m865 32 36 40 46 2032 2036 2040 2046 2332 4332 4836 
m2004 38 46 1938 1946 2338 2346 
m1930 23 31 46 48 49 1196 1573 1596 2346 2423 2431 2446 2473 2481 2496 2498 
m3203 38 45 46 49 1938 1946 1949 2288 2296 2299 2349 
m2003 2 26 46 126 2302 2326 
m1615 36 40 46 1840 2036 2040 2046 2340 4346 
m1524 14 23 38 46 49 1196 1914 1923 1946 1949 2464 2473 2496 3664 4814 
m334 9 36 49 1809 2459 2486 2499 2959 4309 4336 
m424 23 24 40 46 1190 1240 1246 2023 2024 2040 2046 2323 2324 2340 2346 3696 3723 
m1409 22 23 30 36 40 46 1122 1123 1130 1136 1140 1146 1172 1173 1522 1523 1530 1540 1546 1822 1823 1830 1840 1846 2022 2023 2030 2036 2040 2046 2322 2323 2330 2340 2346 3696 4823 
m1309 8 46 49 408 446 449 2349 
m1736 22 46 49 1146 1149 2349 2472 2496 
m1115 22 30 41 46 1130 1146 1522 1546 2072 2080 2096 2322 
m2984 36 40 41 46 1836 1841 1846 2036 2040 2041 2046 2336 2341 2346 4341 4346 4836 4846 
m1758 12 22 36 37 40 41 46 612 622 636 637 640 641 646 1112 1136 1137 1140 1141 1146 1812 1837 1840 1846 1872 1886 1890 1891 2012 2022 2036 2037 2040 2041 2046 2062 2072 2086 2087 2090 2096 2312 2322 2336 2340 2341 4837 
m2540 37 46 4837 
m3049 22 26 44 46 1122 1144 1146 1322 1344 1346 2344 2346 
m50 22 37 46 1122 1137 1146 2322 2337 2346 4837 
m2743 5 22 36 38 40 46 49 286 296 299 1136 1138 1140 1146 1149 1836 1846 1849 1905 1936 1938 1946 1949 2036 2038 2046 2049 2346 2349 2455 2486 2496 2499 4836 
m786 12 30 36 46 49 1512 1530 1546 1812 1830 1836 1846 1849 2346 2480 2496 2499 4812 
m2755 5 13 22 33 36 40 263 272 283 286 290 672 686 690 1113 1122 1133 1136 1140 1672 1686 1690 1822 2022 2036 3183 
m3326 13 38 1913 1938 
m3001 12 26 46 626 2326 4812 
m1483 22 23 36 41 1122 1123 1172 1173 1822 1823 1841 2072 2073 2091 3673 4586 
m1976 13 22 36 38 40 672 686 690 1113 1122 1136 1140 1822 1913 1922 1936 2022 2036 
m2226 45 46 2296 2346 
m2581 46 
m874 22 46 1122 1146 
m1231 40 41 46 2046 2090 2096 2340 
m3474 
m2218 32 40 46 1632 1640 1646 2032 2040 2046 2332 2340 2346 
m679 36 40 41 46 49 1841 2036 2040 2046 2336 2341 2346 2349 2486 2491 2496 4346 4836 4846 
m3106 22 23 49 1122 1123 1173 1199 2473 3673 
m820 22 37 46 49 1122 1137 1146 1899 2346 2349 2496 4396 4837 
m1503 12 23 30 46 1162 1196 1512 1523 1530 1546 2346 3696 4812 
m1512 22 23 40 46 1123 1140 1146 1190 2022 2023 2040 2046 2340 2346 3696 4823 
m794 23 26 30 38 40 46 1180 1323 1330 1338 1346 1923 1930 1938 1946 2023 2026 2030 2038 2046 2330 4823 
m621 22 26 38 46 1146 1322 1346 1922 1926 1946 2346 
m156 30 36 40 46 1830 2030 2036 2046 2330 2336 2340 2346 4836 
m2700 5 23 30 40 46 1155 1180 1505 1523 1530 1546 2005 2023 2030 2040 2046 2305 2323 2330 2340 4846 
m543 22 32 46 1122 1132 1146 2322 2332 2346 4846 
m2568 23 41 1173 1191 2073 3673 
m2112 36 37 41 46 49 1837 1841 2087 2341 2486 2487 2491 2496 4336 4346 4837 
m990 22 36 40 46 1822 1840 1846 2022 2036 2040 2046 2322 2336 2340 2346 4336 4346 4836 
m1354 22 30 46 1122 1130 1146 2322 2330 2346 
m1898 8 408 
m118 32 38 46 1632 1646 1932 1938 1946 2332 
m3278 36 40 46 1840 1846 2036 2040 2046 2346 4346 
m2535 22 23 30 45 1123 1173 1180 1523 2272 2273 3673 
m2575 30 38 41 46 1930 1941 1946 2080 2096 2330 2341 2346 
m663 23 46 2346 4823 
m2001 22 45 46 1145 2322 2345 2346 
m3427 26 38 46 1926 1938 1946 2326 
m1729 36 40 46 49 1840 1846 1849 2036 2040 2046 2049 2336 2340 2346 2486 2496 4336 4346 4846 
m1062 30 46 2330 2346 4846 
m1464 36 38 46 1936 1946 2336 
m1658 22 23 36 40 41 1122 1123 1136 1140 1141 1172 1173 1822 1823 1836 1840 1841 2022 2023 2036 2040 2041 2072 2073 3673 4586 
m2725 23 24 40 46 1190 1240 1246 2023 2024 2040 2046 2340 3696 3723 
m793 22 27 46 1146 1372 1377 1396 
m453 23 36 38 49 1186 1923 1936 1938 1949 2473 2486 
m188 13 22 33 36 40 1113 1122 1133 1136 1140 1686 1690 1813 2013 2036 4163 
m1213 9 36 40 46 49 490 496 499 1840 1849 2049 2309 2336 2340 2346 2349 2459 2486 2490 2496 2499 2959 2986 
m980 14 16 23 46 716 723 746 2316 3323 4823 
m3030 14 46 49 2314 2346 2464 2496 4814 
m356 22 37 40 46 1137 1140 1146 1890 2022 2037 2040 2046 2322 2337 2340 2346 4396 
m445 22 23 30 32 36 46 49 1122 1123 1130 1146 1149 1172 1173 1180 1522 1523 1530 1549 1622 1623 1630 1632 1636 1646 1649 1822 1823 1830 1846 1849 2322 2323 2330 2349 2472 2473 2480 2486 2496 2499 3673 4823 
m2132 21 22 46 1121 1146 2321 4846 
m2336 38 46 1938 1946 2346 
m2863 23 24 40 46 1190 1240 1246 2023 2024 2040 2046 2340 3696 3723 
m1845 14 22 36 45 46 714 746 1114 1122 1136 1145 1146 1846 2264 2286 2296 3236 3246 4314 
m3301 22 37 46 49 1137 1146 1899 2346 2349 2496 4396 4837 
m180 22 36 40 41 1136 1140 1141 1836 1840 1841 2036 2041 2091 4586 
m649 22 23 30 36 40 41 46 1122 1123 1130 1136 1140 1141 1146 1172 1173 1180 1186 1190 1191 1523 1536 1540 1541 1841 2023 2036 2041 2072 2073 2080 2086 2090 2091 2096 2322 2323 2330 2341 3673 4323 
m1394 14 36 40 46 740 746 1814 1840 1846 2014 2036 2040 2046 2314 2340 2346 3214 3246 4346 4814 
m1941 5 36 38 46 49 1805 1838 1846 1849 1905 1938 1946 1949 2305 2488 2496 
m1800 22 36 40 46 49 1122 1136 1146 1149 1822 1836 1840 1846 1849 2022 2036 2040 2046 2049 2349 2472 2486 2490 2496 
m2808 22 23 30 36 41 1123 1130 1136 1523 1823 1830 2072 2073 2080 3673 4323 4586 
m1477 16 22 23 30 46 830 1116 1122 1123 1130 1146 1523 1546 2316 2330 2346 3323 3346 3696 4823 
m184 22 23 30 46 1122 1123 1130 1146 1196 1523 1546 2346 
m1818 28 36 38 1928 1936 1938 4328 
m3191 22 36 40 41 1136 1140 1141 1836 1840 2036 2086 2090 4586 
m1793 38 41 1938 1941 2088 2091 
m1169 22 23 36 38 41 1122 1123 1136 1138 1141 1922 1923 1936 1938 1941 2073 3686 4586 
m428 12 13 22 27 36 40 622 636 640 672 686 690 1112 1113 1122 1136 1140 1362 1363 1372 1386 1390 1822 2022 2036 3162 
m3403 13 22 32 36 40 672 686 1113 1122 1136 1140 1613 1622 1636 1822 1836 1840 2022 2036 2040 
m3325 30 46 49 2330 2349 2480 
m3077 13 22 33 36 40 672 1113 1122 1133 1136 1140 1672 1813 1822 1833 1840 2013 2022 2033 4163 
m2694 23 30 41 46 1180 2073 2080 2096 2323 2330 2341 4823 4846 
m3299 22 40 46 1146 2022 2046 2346 4846 
m1414 22 44 46 1122 1144 1146 2322 2344 2346 4846 
m1235 30 46 2330 2346 4846 
m1300 36 38 40 41 46 1840 1846 1936 1938 1940 1941 1946 2036 2038 2040 2041 2046 2090 2096 2340 2346 4346 4586 
m866 23 26 34 36 46 1176 1184 1186 1196 1726 1746 1826 1846 2326 4334 
m1276 13 22 38 49 699 1113 1122 1138 1149 1913 1938 1949 
m123 22 37 40 46 1137 1140 1146 1890 2022 2037 2040 2046 2337 2340 2346 4837 
m2500 11 13 23 30 33 563 573 580 583 673 680 1173 1180 1513 1523 1533 1673 1680 3183 3673 
m1655 22 38 46 49 1946 2322 2346 2349 2472 4846 
m3174 20 48 2420 
m1277 29 36 41 1829 1836 2079 2086 4336 
m3478 33 44 49 1694 1699 2494 
m1209 14 32 36 38 41 46 1614 1914 1932 1936 1938 1941 1946 2064 2082 2086 2314 2332 2336 2341 4136 4314 
m2407 36 40 46 49 1836 1840 1846 1849 2036 2040 2046 2049 2336 2340 2346 2349 2486 2490 2496 4346 
m2538 17 37 46 2337 3387 4817 
m3342 13 38 46 1913 1938 1946 2313 
m2155 36 38 46 1838 1846 2338 2346 4836 
m5 32 36 38 41 46 1638 1646 1838 1846 2082 2096 2332 2336 2338 2341 2346 4332 4586 
m917 12 36 38 41 46 641 1841 1912 1936 1938 1941 1946 2062 2086 2091 2096 2312 2336 2341 4312 
m645 22 23 30 1122 1123 1130 1173 1523 1530 3673 
m1097 12 22 23 36 40 46 49 636 646 649 1186 1196 1199 1822 1836 1840 1846 2022 2036 2322 2336 2346 2349 2486 2496 3123 3146 3686 4336 4823 
m963 26 33 37 44 46 1333 1337 1344 1346 2233 2237 2333 2337 2344 2346 4383 
m2496 12 14 46 712 2314 2346 3146 3246 4812 
m774 5 30 37 38 46 280 1855 1880 1896 1905 1930 1937 1946 2305 2330 
m172 15 23 30 40 46 773 1515 1523 1530 1546 2015 2023 2030 2046 2315 4823 
m1982 14 26 32 46 1314 1346 1626 1646 2314 2346 4814 
m2157 23 36 38 40 41 46 1823 1838 1841 1923 1941 1946 2023 2036 2038 2040 2041 2046 2073 2323 2341 4346 
m277 3 30 36 40 46 180 186 190 196 1830 2030 2036 2046 2330 4836 
m2242 14 34 36 40 46 1714 1734 1736 1740 1746 1814 1836 1840 1846 2014 2036 2040 2046 2314 2346 4346 4814 4846 
m3400 26 36 46 49 1336 1346 2476 2486 2496 4836 4846 
m1419 22 36 41 1122 1136 1141 1841 2072 2086 2091 4586 
m3448 22 36 40 46 49 1136 1140 1146 1822 1840 1846 2022 2036 2040 2046 2049 2322 2336 2340 2346 2349 2472 2486 2490 2496 4836 
m1413 22 23 32 36 1123 1132 1136 1173 1182 1186 1623 1823 3673 4332 
m867 5 13 22 38 263 272 288 663 1105 1113 1122 1138 1905 1913 1922 1938 
m487 32 36 46 1832 2332 2336 2346 4836 
m362 37 40 46 1890 2037 2040 2046 2337 2340 2346 4396 
m1208 14 29 31 36 49 729 731 736 1579 1586 1814 1829 1831 1836 1849 2464 2479 2481 2486 3236 4086 4336 
m838 15 16 37 46 1865 2315 2316 2337 2346 3315 4366 
m2662 14 22 41 46 722 2064 2072 2096 2314 2322 2341 2346 4814 
m312 22 23 30 36 41 46 1122 1123 1136 1141 1191 1522 1523 1536 1841 2322 2323 2330 2336 3686 
m3078 22 23 30 41 1123 1130 1172 1173 1180 1191 1522 1523 1530 1541 2072 2073 2080 
m1421 30 38 40 45 46 1930 1938 1946 2030 2038 2046 2280 2288 2290 2296 2330 
m120 22 23 30 36 40 46 49 1122 1123 1130 1136 1140 1146 1149 1172 1173 1522 1523 1530 1540 1546 1822 1823 1830 1840 1846 2022 2023 2030 2036 2040 2046 2322 2323 2330 2340 2346 2472 2480 2486 2490 2496 3696 4823 
m624 22 23 30 36 37 40 46 49 1123 1130 1136 1137 1140 1146 1149 1180 1523 1530 1546 1822 1823 1830 1836 1837 1840 1846 1849 1872 1873 1880 1886 1890 1896 2022 2023 2030 2036 2037 2040 2046 2330 2346 2472 2473 2480 2486 2487 2490 2496 4396 4823 
m2923 32 36 38 46 49 1632 1636 1649 1849 1932 1936 1938 1946 1949 2332 2336 2338 2346 2349 
m1491 22 23 30 1122 1123 1130 1172 1173 1180 1522 1523 1530 3673 
m1961 23 24 40 46 1190 1240 1246 2023 2024 2040 2046 2323 2324 2340 2346 3696 3723 
m3199 23 30 38 46 1173 1180 1188 1523 1530 1538 1923 1930 1938 2323 2330 2338 2346 3673 4823 
m721 5 26 36 46 49 50 276 296 300 1346 1350 1805 1826 1846 1849 1850 2305 2326 2346 2349 2350 2455 2476 2496 2500 
m3287 6 14 32 36 314 332 732 1806 1814 1832 
m3282 22 23 24 40 46 1122 1123 1124 1146 1190 1222 1240 1246 2022 2023 2024 2046 2340 3696 3723 
m2235 5 13 22 26 33 36 40 263 272 283 286 290 672 686 690 1113 1122 1133 1136 1140 1305 1313 1322 1333 1336 1340 1655 1663 1672 1683 1686 1690 1822 2022 2036 3183 
m1870 27 32 1382 
m693 37 46 49 1899 2346 2349 2487 2496 4396 4837 
m1264 14 40 46 49 2014 2040 2046 2314 2346 2464 2490 2496 4814 
m1802 22 30 36 49 1122 1130 1136 1149 1522 1536 1549 1822 1830 1849 2472 4336 
m3131 22 37 40 46 1122 1137 1140 1146 2022 2037 2046 2322 2337 2346 4837 
m3159 36 37 40 46 1836 1837 1840 1846 2036 2037 2040 2046 2337 2346 4346 4837 
m364 37 40 46 1890 2037 2040 2046 2337 2340 2346 4396 
m1791 8 32 37 46 49 408 437 446 449 1882 1896 2332 2346 2482 2487 2496 4396 
m2848 13 23 36 46 49 1813 1823 1846 1849 2313 2346 2463 2473 2486 2496 2499 3663 4813 4823 
m3042 23 30 36 40 41 49 1186 1190 1199 1523 1530 1536 1540 1549 1836 1840 1849 2073 2080 2086 2090 2099 2490 3686 4336 
m593 22 23 30 36 40 41 46 49 1122 1123 1130 1136 1140 1141 1146 1149 1172 1173 1190 1191 1522 1523 1530 1536 1540 1541 1546 1822 1823 1830 1836 1840 1841 1846 1849 2022 2023 2030 2036 2040 2041 2046 2049 2322 2323 2330 2336 2340 2341 2346 2472 2473 2480 2486 2490 2496 3696 4823 
m906 22 40 46 1146 2046 2322 2340 2346 
m1683 14 32 36 44 46 736 1614 2214 2232 2236 2314 2332 2336 2344 4136 4846 
m3150 5 13 30 33 46 655 680 1505 1655 1680 2305 2313 2330 2333 4163 
m1052 23 36 40 41 1173 1186 1190 1823 1840 2023 2036 2040 2073 2086 2090 3673 
m1880 34 45 2284 
m266 22 38 1122 1922 
m1014 23 36 45 46 1186 1196 1836 1846 2273 2286 2296 3686 4836 
m2171 14 23 38 46 1164 1196 1914 1923 1946 4814 
m2876 22 23 30 36 37 40 41 46 49 1123 1130 1136 1137 1140 1146 1149 1180 1523 1530 1546 1822 1823 1830 1836 1837 1840 1846 1849 1872 1873 1880 1886 1890 1896 2022 2023 2030 2036 2037 2040 2046 2086 2090 2099 2330 2346 2472 2473 2480 2486 2487 2490 2496 4396 4823 
m3102 22 46 1122 1146 
m150 22 23 36 41 1123 1136 1141 1186 1823 2072 2073 2086 2091 3673 4586 
m1533 26 31 36 37 46 1576 1587 1596 1826 1831 1837 1846 1876 1896 2326 
m3118 37 46 49 1899 2337 2346 2349 4396 4837 4846 
m3408 22 23 30 46 1122 1123 1130 1146 1523 1546 2323 3673 4823 
m2851 22 23 36 40 1122 1123 1136 1140 1172 1173 1186 1190 1823 2022 2023 2036 3673 4323 
m1670 22 26 44 46 1146 1322 1326 1344 1346 2344 2346 4846 
m323 22 23 30 36 40 46 1122 1123 1130 1136 1140 1146 1172 1173 1522 1523 1530 1540 1546 1822 1823 1830 1840 1846 2022 2023 2030 2036 2040 2046 2322 2323 2330 2340 2346 3696 4823 
m500 23 24 40 46 1190 1240 1246 2023 2024 2040 2046 2340 3696 3723 
m485 23 32 46 1182 2323 2332 2346 3696 4823 
m2391 14 26 33 726 1314 1326 1333 1664 1676 1683 3233 
m2459 14 46 2346 3246 4814 
m1315 41 46 2091 2096 2341 
m1777 9 23 30 46 1159 1509 1523 1546 2309 2323 2346 4823 
m2175 14 22 26 46 714 722 726 746 1114 1122 1126 1146 1314 1322 1346 2314 2322 2326 2346 3246 
m1822 5 13 22 33 36 40 46 263 272 283 286 290 672 686 690 1113 1122 1133 1136 1140 1672 1686 1690 1822 2022 2036 2305 2313 2322 2333 2336 2340 3183 
m372 14 20 40 46 1014 1040 1046 2014 2046 3246 
m1703 26 38 41 1326 1338 1341 1926 1941 2076 2088 4591 
m536 46 
m1227 5 36 38 46 49 286 296 299 1905 1936 1946 2346 2349 2486 4836 
m3460 22 44 45 46 1146 2272 2294 2296 2344 2346 4846 
m819 23 30 36 40 41 1173 1180 1186 1190 1523 1536 1540 1823 1830 1840 2023 2036 2073 2086 3673 4336 
m2924 5 23 24 40 41 46 273 274 290 291 296 1190 1240 1246 2023 2024 2040 2046 2073 2074 2090 2096 2340 3696 3723 
m788 12 30 45 46 49 645 1512 1530 1545 1546 2295 2345 2346 2480 2496 2499 4812 
m2377 22 36 40 46 1136 1140 1146 1846 2022 2036 2040 2046 4336 4346 
m3046 36 48 49 1848 1849 2486 2498 2499 4336 
m557 13 22 40 45 46 1122 1140 1145 1146 2013 2040 2046 2272 2290 2296 2313 2346 3196 
m2244 5 36 46 1805 1846 2305 2336 2346 4346 4836 4846 
m463 22 36 45 46 1136 1146 1845 1846 2336 2345 2346 4836 4846 
m3067 22 23 36 40 41 1122 1123 1136 1140 1141 1172 1173 1822 1823 1836 1840 2022 2023 2036 2040 2072 2073 2086 2090 3673 4586 
m2170 30 36 40 41 1536 1540 1541 1836 1840 1841 2036 2041 2091 4586 
m1918 14 23 30 38 40 730 1180 1514 1523 1530 1540 1914 1923 1930 1940 2014 2023 2030 3223 
m2562 5 37 46 287 1855 2305 2337 
m1581 5 13 33 46 655 1655 2305 2313 2333 4163 
m2394 22 30 40 46 1130 1146 2022 2030 2046 2322 2330 2346 
m1090 30 36 38 40 46 1536 1540 1546 1838 1840 1846 2046 2330 2338 2340 2346 4836 
m3296 38 46 1946 2346 
m1556 10 36 46 49 546 1836 1846 1849 2310 2336 2346 2349 2486 2496 2499 
m309 22 36 40 44 46 1136 1144 1146 1822 1836 1846 2022 2036 2044 2046 2236 2246 2322 2336 2344 2346 4346 4736 4836 4846 
m2762 14 26 46 49 1314 1346 1349 2346 2464 2496 4814 
m99 26 41 46 1341 1346 2341 
m1890 22 36 40 41 46 49 1136 1140 1146 1149 1822 1840 1846 1849 2022 2046 2072 2086 2090 2096 2322 2336 2340 2346 2349 2490 2496 4336 
m175 13 22 32 36 40 41 672 686 690 1122 1136 1140 1613 1622 1636 1640 1822 2022 2036 2063 2072 2082 2086 
m1914 14 22 32 46 49 732 749 1114 1132 1146 1649 2314 2332 2346 2349 4814 
m2273 22 46 1122 1146 2346 
m2857 5 13 33 38 263 283 288 655 663 1655 1663 1905 1913 1933 1938 4163 
m2322 22 46 49 1146 2472 2496 
m818 22 38 45 46 49 1138 1145 1146 1922 1938 1945 1946 1949 2296 2299 2349 
m1978 37 40 46 49 1899 2037 2046 2049 2337 2340 2346 2349 4396 
m1664 5 37 46 255 1855 1887 1896 2305 2337 2346 4837 
m1962 14 32 49 732 2464 
m1623 6 14 32 36 314 332 732 1806 1814 1832 
m163 32 36 38 40 46 1636 1638 1640 1646 1836 1838 1840 1846 2036 2046 2332 2336 2338 2340 2346 4136 4336 4346 
m928 14 36 714 3236 
m3088 17 40 46 896 2017 2046 2346 3396 
m466 23 46 2323 2346 4823 
m2260 21 46 2321 2346 4846 
m1112 30 45 46 49 2280 2296 2299 2330 2480 2496 
m1542 21 22 23 30 36 40 46 1072 1073 1080 1090 1096 1121 1122 1123 1130 1136 1140 1146 1172 1173 1522 1523 1530 1546 1821 1822 1823 1830 1840 1846 2021 2022 2023 2030 2036 2040 2046 2321 2322 2323 2330 2340 2346 3696 4823 
m1632 22 46 2322 2346 
m1265 14 36 38 40 46 49 738 1814 1838 1914 1936 1938 1940 1946 1949 2014 2036 2046 2314 2336 2338 2340 2346 2349 2464 2486 2490 2496 3246 4346 
m2577 22 23 30 36 40 41 46 1122 1123 1130 1136 1140 1141 1146 1173 1186 1190 1522 1523 1536 1540 1541 1823 1836 1840 1841 2023 2036 2040 2041 2073 2086 2090 2322 2323 2330 2336 2340 2341 2346 3673 3686 4323 4336 
m259 
m1143 30 36 40 46 49 1549 1830 1836 1846 1849 2030 2036 2040 2046 2049 2330 2349 2480 2499 
m1640 14 23 30 46 1514 1523 1546 2314 2323 2330 2346 3664 4814 4823 
m956 37 40 46 1890 1896 2040 2046 2340 2346 4837 
m3213 14 36 40 46 2014 2036 2040 2046 2336 4314 4814 
m1348 37 46 4837 
m57 22 38 44 46 1146 1922 1938 1944 1946 2344 2346 4846 
m2817 12 14 46 712 746 2312 2346 3246 4812 
m1017 26 41 46 1341 1346 2341 
m2357 5 13 22 26 33 36 40 655 1113 1122 1126 1133 1136 1140 1305 1313 1333 1655 1663 1683 1805 1813 1826 1833 1840 2005 2013 2026 2033 4163 
m846 22 23 36 45 1172 1822 2272 2273 2286 4323 
m2736 13 46 2313 2346 
m1538 32 37 38 44 46 1637 1644 1646 1894 1932 1937 1944 1946 2337 2344 
m2019 14 23 30 36 40 46 730 1180 1814 1823 1830 1846 2014 2023 2030 2036 2040 2046 2314 2330 2346 3223 4346 4814 4823 
m125 23 26 30 33 40 46 49 1180 1323 1330 1333 1340 1346 1673 1680 1696 2023 2030 2033 2046 2330 2476 2480 2483 2490 2496 4823 
m2414 22 23 36 40 46 1122 1123 1136 1140 1146 1172 1186 1190 1196 1822 1836 2022 2036 2040 2046 2322 3686 4346 
m1321 22 36 40 46 1136 1140 1146 1840 2336 2340 4336 4836 
m1760 23 36 41 49 1191 1823 1836 1841 1849 2473 2486 2491 3686 4323 4336 4341 
m2255 22 26 44 46 1122 1126 1144 1146 1346 2222 2226 2246 2322 2326 2344 2346 4846 
m1985 13 38 46 1913 1938 1946 2313 
m1024 23 30 36 40 1180 1523 1530 1536 1540 1830 2023 2030 2036 2040 4323 
m2412 11 46 2311 
m695 23 30 36 41 1173 1523 1823 1830 2073 2080 3673 4323 4586 
m852 22 23 30 36 40 46 49 1172 1173 1190 1196 1522 1523 1536 1546 1549 1822 1823 1840 2022 2023 2046 2322 2472 2473 2486 2490 2496 3696 4323 4346 
m3221 14 22 23 30 46 49 722 746 1122 1123 1130 1146 1149 1172 1522 1523 1530 2322 2323 2330 2349 2473 2480 3673 4823 4846 
m1116 23 32 46 1196 1623 1646 2346 
m615 22 23 36 40 1122 1123 1136 1140 1172 1173 1186 1190 1822 1836 1840 2022 2023 2036 2040 3673 4336 
m1740 10 510 
m421 22 38 46 1138 1146 1922 1938 1946 
m979 22 23 30 41 1122 1123 1130 1172 1173 1180 1522 1523 1530 2072 2073 2080 3673 
m1081 45 2295 
m1453 22 23 30 46 1122 1123 1146 1180 2330 2346 4823 
m284 22 32 36 46 49 1622 1649 1822 1832 1849 2322 2332 2336 2346 2349 2472 4136 4336 4836 
m2779 13 22 25 46 1113 1125 1146 1263 1296 2313 
m1059 22 23 46 1123 1146 1172 1173 2322 2323 3673 4823 
m1037 30 38 1930 1938 
m2472 36 46 2336 2346 4836 
m109 38 45 1945 
m96 14 36 38 41 46 714 1814 1836 1838 1914 1936 2064 2086 2088 2096 2314 2336 2338 3236 4314 4586 4814 
m1011 23 40 46 2023 2040 2046 2323 2346 4823 
m2946 22 46 1122 1146 2346 
m88 36 40 46 1840 2036 2040 2336 2340 
m1326 22 37 40 46 1872 2037 2040 2046 2322 2337 2346 4837 
m3212 15 27 38 41 45 46 777 1915 1938 1941 1946 2065 2077 2088 2096 2288 2291 2296 2315 2327 2346 
m3020 36 38 41 46 1838 2096 2338 4346 4586 
m2219 14 46 49 2314 2346 2464 2496 4814 
m870 30 46 49 2330 2480 2496 
m991 36 40 46 49 1840 1846 1849 2036 2040 2046 2049 2340 2346 2486 2490 2496 4336 4346 4846 
m2841 14 714 
m3039 22 36 41 1122 1136 1141 1841 2072 2086 2091 4586 
m2714 38 41 46 49 1938 1946 1949 2088 2096 2349 
m3266 
m229 22 46 1122 1146 2322 2346 
m3040 23 24 40 46 1190 1240 1246 2023 2024 2040 2046 2340 3696 3723 
m832 23 36 40 46 49 1190 1823 1836 1840 1846 1849 2023 2036 2040 2046 2336 2340 2346 2349 2473 2486 2490 4323 4346 4823 4836 
m2254 23 31 45 46 49 1195 1196 1573 1595 1596 2295 2323 2345 2346 2473 2481 2496 
m2996 23 36 40 46 49 1836 1840 1846 1849 2023 2036 2046 2049 2323 2336 2473 2486 2490 2496 3686 4323 4336 4836 
m1657 22 23 36 40 46 1123 1136 1140 1146 1172 1822 2022 2023 2036 2040 2046 2322 2323 2336 2340 2346 4323 4836 
m494 26 32 36 41 46 1332 1336 1341 1346 1641 1646 2332 2336 2341 2346 4136 4586 
m1232 30 36 46 49 1549 1830 1846 1849 2330 2336 2346 2349 
m2978 22 37 45 46 49 1122 1137 1145 1146 1895 2322 2345 2346 2472 2487 2495 2496 4396 4837 
m2367 22 23 30 36 40 46 49 1122 1123 1130 1136 1140 1146 1180 1523 1530 1536 1540 1546 1822 1823 1830 1840 1846 2022 2023 2030 2036 2046 2322 2323 2330 2336 2340 2346 2472 2486 2490 2496 4336 4346 4823 4846 
m2393 22 26 38 46 1146 1322 1346 1922 1926 1946 2346 
m314 22 32 36 40 1122 1132 1136 1140 1622 1636 1640 1822 1836 1840 2022 2036 4332 
m2571 13 22 40 690 1113 1122 
m2952 22 23 30 1172 1522 1523 
m1461 14 30 46 730 746 1530 2330 
m902 22 38 40 45 46 1138 1146 1938 1940 1946 2272 2288 2290 2296 2340 2346 
m176 26 38 46 1326 1346 1926 1946 2326 4846 
m3467 13 33 38 1913 1933 1938 4163 
m888 14 37 46 2314 2337 2346 4364 4814 
m2131 5 36 46 49 286 296 299 1836 1846 1849 2336 2346 2349 2486 2496 4336 4836 
m2546 23 36 42 1173 1186 1192 3686 4342 
m2326 22 23 30 40 46 1122 1123 1130 1140 1146 1172 1173 1180 1190 1196 1522 1523 1530 1540 1546 2023 2046 2323 3673 3696 4823 4846 
m1339 22 37 40 46 1872 2022 2037 2040 2046 2322 2337 2340 2346 4396 
m1763 22 23 26 1123 1126 1173 1176 1323 3673 
m635 23 27 1173 1177 1373 1377 
m563 32 36 41 46 1641 1646 2332 2336 2341 2346 4136 4586 
m2925 22 23 30 36 40 41 46 1122 1123 1130 1136 1140 1141 1146 1180 1522 1523 1530 1536 1540 1546 1822 1823 1830 1836 1840 1846 2022 2023 2030 2036 2040 2046 2072 2086 2090 2091 2322 2323 2330 2340 4823 4846 
m2690 36 40 46 1846 2036 2040 2046 
m1582 5 13 33 38 46 655 1655 1696 1913 1933 1946 2305 2313 4163 
m3458 14 22 32 36 40 45 46 714 722 732 736 740 746 1114 1145 1146 1614 1622 1632 1640 1646 1814 1822 1840 2014 2022 2040 2045 2046 2264 2286 2314 2322 2332 2336 2345 2346 3246 4332 4346 
m1526 14 36 40 46 1814 1840 1846 2014 2036 2040 2046 2314 2346 4346 4814 4846 
m2591 37 46 2337 2346 
m1964 36 41 1841 
m2311 23 36 40 41 1173 1823 1836 1840 1841 2023 2036 2040 2041 2073 2086 2090 2091 3686 4323 
m483 17 40 46 890 2340 2346 3396 4817 
m2548 22 23 36 40 41 1123 1136 1140 1141 1173 1186 1190 1823 1836 2023 2036 2040 2072 2073 2086 2090 2091 3686 4323 
m3276 22 36 40 46 1146 1822 1846 2022 2036 2040 2046 2346 4346 
m2797 22 23 30 36 41 1123 1130 1523 1822 1823 1830 2072 2073 2080 3673 4323 4586 
m1332 22 44 46 1146 2344 2346 4846 
m17 14 30 46 730 2314 2330 
m724 
m2380 22 23 30 46 1122 1123 1130 1146 1180 1523 1530 1546 2330 2346 4823 
m3315 36 46 2336 2346 4836 4846 
m3327 32 36 38 40 46 1832 1932 1936 1946 2032 2036 2038 2046 2332 2336 2346 4836 
m3328 37 40 46 1890 2037 2040 2046 2337 2340 2346 4396 
m1371 22 23 30 36 40 41 1123 1136 1140 1141 1173 1180 1823 1830 1836 1840 1841 2023 2036 2040 2041 2073 2080 3673 4586 
m2356 14 22 36 40 46 722 1814 1822 1836 1846 2014 2022 2036 2040 2046 2322 2336 2346 3236 3246 4346 4814 
m3226 5 36 46 255 286 2305 2336 2346 
m1467 26 32 36 38 46 1332 1336 1346 1832 1926 1932 1936 1938 1946 2332 2336 2346 4836 
m3084 13 38 1913 1938 
m286 13 14 22 40 46 672 722 2013 2014 2040 2046 2313 2314 3164 
m3412 22 23 36 38 41 1122 1123 1136 1141 1172 1822 1823 1922 1923 1936 1941 2072 2073 2086 2088 2091 3673 4323 4586 
m3386 36 37 40 46 1840 1886 1890 1896 2036 2037 2040 2046 2336 2337 2340 2346 4346 4387 4396 4837 
m954 22 23 27 30 36 40 49 1123 1130 1136 1172 1173 1177 1180 1186 1190 1199 1372 1373 1380 1386 1522 1523 1527 1530 1536 1540 1549 1822 1823 1827 1830 1836 1849 2023 2027 2030 2036 2040 2049 2472 2473 2477 2480 2486 2499 3686 4336 
m1613 22 33 46 1133 1146 1672 1683 1696 2322 2333 2346 4833 
m2068 14 22 45 46 722 1114 1145 1146 2264 2272 2296 2314 2322 2345 2346 3246 
m1584 36 38 40 46 1840 1846 1936 1940 1946 2036 2046 2340 
m2898 23 30 36 38 40 46 1180 1186 1190 1523 1530 1536 1540 1546 1830 1923 1930 1936 1940 1946 2023 2030 2036 2038 2040 2046 2323 2330 2340 4836 
m2076 37 39 46 1889 4396 4839 
m2834 32 36 46 49 1636 1649 1849 2332 2336 2346 2349 2486 2499 4136 4336 
m2935 5 23 30 36 46 255 273 280 286 296 1180 1505 1523 1530 1536 1546 1830 1846 2330 4323 4823 
m2494 26 32 33 46 1332 1333 1346 1682 2332 4833 
m2066 14 714 
m181 22 36 40 41 1136 1140 1141 1822 1836 1840 1841 2036 2041 2072 2086 2090 2091 4586 
m121 22 23 30 36 40 41 46 1130 1146 1541 1546 1836 1841 2023 2036 2041 2073 2086 2323 2336 2340 2341 3686 4323 4591 
m3322 13 38 1913 1938 
m3357 6 17 23 32 36 856 873 882 886 1156 1182 1606 1636 1806 3686 
m3352 22 38 46 1122 1138 1146 1922 1938 1946 2322 2338 2346 
m2095 22 23 36 40 1123 1136 1173 1186 1190 1836 1840 2036 3673 3686 
m1830 13 22 33 49 699 1113 1122 1149 1672 1699 4163 
m2432 14 46 714 746 2314 2346 4814 
m1061 14 40 45 46 745 2014 2040 2046 2314 2345 2346 3214 4814 
m2804 22 37 46 49 1137 1146 1899 2346 2349 2496 4396 4837 
m2882 14 23 34 36 40 46 734 1184 1734 1814 1823 1834 1840 1846 2014 2023 2034 2036 2040 2046 2314 2323 2334 2346 3664 4346 4814 4823 
m1123 23 30 46 1180 1523 1530 1546 2330 4823 
m1678 22 41 1122 1141 
m2944 22 23 30 46 1123 1130 1146 1180 1523 1530 1546 2330 4823 
m511 22 46 49 2322 2346 2349 2472 4846 
m254 8 32 37 46 49 408 446 449 1608 1646 1649 1858 1882 1896 2308 2332 2346 2349 
m555 41 46 2341 
m100 37 40 46 1890 2037 2040 2046 2337 2340 2346 4396 
m1689 22 36 37 40 46 1122 1136 1137 1140 1146 1822 1836 1837 1840 1846 1872 1896 2022 2036 2037 2040 2046 2322 2337 2346 4387 4396 4837 4846 
m2771 27 46 49 2327 2346 2477 2496 
m2959 22 26 32 46 1126 1132 1146 1332 1346 1646 2326 2332 2346 
m1643 12 46 646 2312 2346 3146 4846 
m864 32 33 36 1632 1633 1636 1683 1686 1833 1836 4136 4186 4333 4336 
m203 11 13 46 563 2311 2313 
m1071 22 23 30 40 46 1123 1130 1146 1180 1523 1530 1546 2022 2023 2030 2046 2322 2323 2330 2340 2346 4823 
m2028 27 1377 
m3096 22 36 40 46 49 1136 1140 1146 1840 1846 2022 2036 2040 2046 2049 2336 2340 2346 2349 2486 4836 
m2646 30 36 38 1530 1536 1538 1830 1836 1838 1930 1936 1938 4036 4330 
m2416 14 46 714 3246 
m3128 22 30 36 46 1136 1146 1522 1536 1546 1846 2346 
m836 21 32 33 46 1082 1083 1096 1633 2321 2332 2333 2346 4833 
m817 5 36 46 49 286 296 299 1849 2346 2349 2486 2499 4836 
m1460 36 41 2086 
m7 14 38 40 46 49 1914 1938 1940 1946 1949 2014 2046 2049 2346 2464 2496 4814 
m3247 23 1173 3673 
m3271 5 13 23 30 33 263 273 280 283 673 680 1173 1180 1513 1523 1533 1673 1680 3183 3673 
m2461 14 22 38 46 738 1114 1146 2338 3246 
m892 36 40 41 1836 1840 2036 2086 2090 2091 4586 
m1298 22 38 44 46 1138 1144 1146 1944 1946 2344 2346 
m2858 5 14 36 46 49 264 286 296 299 746 749 1849 2349 2486 2499 3236 4836 
m2075 22 23 30 36 40 46 1122 1123 1130 1136 1140 1146 1180 1522 1523 1530 1536 1540 1546 1822 1823 1830 1836 1840 1846 2022 2023 2030 2036 2040 2046 2322 2323 2330 2340 4823 4846 
m196 30 36 37 40 46 1536 1537 1540 1546 1837 1840 1846 1890 2037 2046 2340 4396 
m1140 30 38 40 45 46 1930 1938 1945 1946 2030 2038 2045 2046 2280 2288 2296 2330 2338 
m2483 22 23 30 36 40 41 1122 1123 1130 1136 1140 1173 1522 1523 1536 1822 1823 1830 1836 2022 2023 2030 2036 2072 2073 2080 2086 2090 3673 4323 4586 
m2995 23 30 1173 1180 1523 1530 
m3260 23 30 36 41 1173 1180 1186 1191 1523 1530 1536 1541 1823 1830 1836 1841 2073 2080 2086 2091 3673 4323 4586 
m771 36 41 46 2096 2336 2341 2346 4586 4836 4846 
m3170 12 13 36 46 613 646 2313 2336 2346 3136 4313 4812 4813 
m2249 22 23 30 36 40 46 1122 1123 1130 1136 1140 1146 1180 1522 1523 1530 1536 1540 1546 1822 1823 1830 1836 1840 1846 2022 2023 2030 2036 2040 2046 2322 2323 2330 2340 4823 4846 
m439 23 30 46 1180 1196 2323 2330 2346 3673 4823 
m1796 22 40 45 46 49 1145 2046 2272 2295 2322 2345 2346 2490 2496 
m2052 20 40 48 1040 2040 2420 2440 
m2919 5 17 41 46 255 867 891 2091 2317 2341 2346 4817 
m1015 23 30 46 1180 2323 2330 2346 
m3143 23 24 40 46 1190 1240 1246 2023 2024 2040 2046 2323 2324 2340 3696 3723 
m2299 32 44 46 1644 1646 2344 
m2276 22 23 1122 1123 
m1091 22 30 36 40 41 46 1122 1130 1136 1140 1141 1146 1830 2022 2030 2036 2040 2046 2072 2090 2096 2330 2336 2340 4836 4846 
m3176 46 
m1053 14 22 45 46 722 746 1146 2264 2296 2346 3246 
m1080 13 22 32 36 37 40 672 686 690 1113 1122 1136 1137 1140 1613 1622 1636 1637 1822 1872 1886 1890 2022 2036 3187 
m40 22 23 36 37 40 1123 1136 1140 1172 1173 1186 1190 1823 1840 1872 1873 1886 1890 2023 2036 2040 3673 3686 4323 4336 
m265 33 36 38 40 46 49 1686 1690 1836 1838 1840 1846 1849 1933 1936 1938 1940 1946 2033 2036 2038 2040 2046 2333 2336 2338 2340 2346 2486 2488 2490 2496 
m2080 22 23 30 41 1122 1123 1130 1141 1172 1173 1180 1191 1522 1523 1530 2072 2073 2080 2091 3673 
m2557 14 36 40 46 1814 1846 2014 2036 2040 2046 2314 2346 4346 4814 4846 
m2997 22 23 30 36 40 46 1122 1123 1130 1136 1140 1146 1180 1523 1530 1822 1823 1830 1840 1846 2022 2023 2030 2046 2330 4823 
m2143 23 30 40 46 49 1190 1199 1523 1530 1540 1546 1549 2330 2340 2346 2349 2490 2496 3696 4823 
m3395 30 40 46 2030 2046 2330 2340 2346 4846 
m2127 23 30 36 40 41 1173 1186 1191 1523 1530 1536 1540 1541 1836 1841 2023 2030 2036 2041 3673 3686 4323 4341 
m65 12 26 46 1312 1346 2346 4812 
m1668 22 37 46 1122 1137 1146 2322 2337 2346 4837 
m35 22 23 30 36 40 46 49 1122 1123 1130 1136 1140 1146 1149 1172 1173 1180 1186 1190 1199 1522 1523 1530 1536 1540 1546 1549 1823 1840 2022 2023 2030 2036 2040 2046 2322 2330 2336 2340 2346 2349 2472 2473 2480 2486 2490 2496 3696 4823 
m3337 5 22 23 24 40 46 273 274 290 1123 1146 1190 1222 1240 1246 2022 2023 2024 2046 2340 3696 3723 
m1661 22 23 36 40 46 49 1172 1822 1836 1840 1846 2022 2023 2036 2040 2046 2049 2322 2323 2336 2340 2346 2349 2473 2486 2490 2496 3696 4323 4346 4823 4836 
m1673 22 23 30 36 40 41 46 1122 1123 1130 1136 1140 1141 1146 1190 1522 1523 1530 1536 1540 1546 1840 2023 2036 2040 2072 2073 2080 2086 2090 2096 2323 2330 2340 3686 4836 
m927 23 45 1173 2273 3673 
m502 23 36 40 41 1173 1823 1836 1840 2023 2036 2040 2073 2086 2090 3686 4323 
m2596 22 26 44 46 1146 1322 1344 1346 2344 2346 4846 
m248 14 23 30 46 1514 1523 1546 2314 2323 2330 2346 3664 4814 4823 
m1669 14 22 36 38 46 722 1814 1822 1914 1936 1946 2314 2322 2336 2346 4814 
m3160 36 37 40 46 1840 1886 1890 1896 2036 2037 2040 2046 2336 2340 2346 4346 4837 
m981 21 22 23 1072 1073 1171 1172 1173 
m409 33 45 46 1695 2283 2295 2333 2345 
m347 8 41 46 49 408 446 449 2058 2096 2099 2349 
m246 26 37 46 1326 1337 1346 1876 2326 4396 
m3180 3 30 38 46 180 188 196 1903 1930 1938 1946 2330 
m3374 22 23 36 40 41 1122 1123 1136 1140 1141 1172 1173 1186 1822 1823 1836 1840 1841 2022 2023 2036 2040 2041 2072 2073 2086 2090 3673 4586 
m711 22 36 37 40 46 1122 1136 1137 1146 1822 1837 1872 2036 2037 2046 2322 2336 2337 2340 2346 4346 4396 
m2383 12 14 23 34 46 712 1162 1164 1196 1712 1714 1723 1734 1746 2314 3114 3214 3664 4812 
m53 14 36 40 46 1814 1846 2014 2036 2046 3246 
m244 12 13 22 36 40 622 636 640 672 686 690 1112 1113 1122 1136 1140 1822 2022 2036 3162 
m2355 22 36 41 1122 1136 1141 1841 2091 4586 
m1068 45 46 2296 2345 2346 4846 
m420 22 46 1146 2322 2346 
m2146 5 32 1605 
m1290 14 23 30 46 730 1180 2314 2323 2330 2346 3223 4814 4823 
m1682 23 30 46 1180 1523 1530 1546 2330 2346 4823 
m3424 21 36 38 45 1095 1845 1921 1936 1945 3586 
m1240 14 22 46 714 746 1114 1146 2314 2346 3246 4814 
m2836 5 13 14 33 655 705 713 1655 1664 4163 
m2642 23 30 36 40 41 49 1186 1190 1199 1523 1530 1536 1540 1549 1823 1836 1840 1849 2073 2080 2086 2090 2099 2490 3686 4336 
m91 32 36 46 49 1632 1636 1649 1849 2332 2336 2349 
m3384 22 37 40 46 1872 2037 2046 2322 2337 2346 4837 
m3121 3 23 30 36 49 180 186 199 1153 1180 1199 1549 1830 1849 3686 
m1692 22 46 1122 1146 2322 2346 
m3257 26 40 46 2026 2040 2046 2326 
m1627 45 
m2704 30 36 40 49 1536 1549 1830 1836 1849 2030 2036 2499 4336 
m3319 22 23 30 36 40 46 1122 1123 1130 1136 1140 1146 1172 1173 1522 1523 1530 1540 1546 1822 1823 1830 1840 1846 2022 2023 2030 2036 2040 2046 2322 2323 2330 2340 2346 3696 4823 
m1949 26 41 46 1341 1346 2096 
m2911 13 30 36 46 1513 1536 1546 2313 2330 2336 2346 4313 4813 4836 
m694 46 2346 
m3122 23 36 40 41 46 1191 1823 1836 1840 1841 1846 2023 2036 2040 2041 2046 2323 2336 2341 2346 3686 4341 4346 4823 
m1392 22 23 36 40 41 1123 1136 1140 1173 1822 1823 1836 1840 2022 2023 2036 2040 2072 2073 2086 2090 3673 4323 4586 
m1559 32 46 2332 
m1986 46 2346 
m3169 22 23 36 40 41 1122 1140 1141 1173 1186 1190 1823 1836 2022 2023 2036 2040 2041 2073 2086 2090 2091 3686 4323 
m1936 37 38 46 1888 1896 2337 2338 2346 
m509 38 41 46 1938 1941 1946 2341 
m2992 38 46 1938 1946 2346 
m1521 22 23 36 40 41 46 1123 1136 1141 1146 1191 1822 1823 1836 1841 1846 2022 2023 2036 2040 2041 2046 2323 2336 2341 2346 3686 4341 4346 4823 
m691 22 36 46 1136 1146 2346 4836 
m1705 13 25 38 46 675 1913 1925 1946 2313 2325 
m2230 23 40 2023 3673 
m3092 13 38 1913 1938 
m1459 14 22 38 46 1114 1146 1914 1922 1938 1946 2314 2322 2346 4814 
m1813 37 
m396 22 23 30 46 1122 1123 1130 1146 1180 1523 1530 1546 2323 2330 3673 4823 
m2636 22 23 30 36 40 46 1122 1123 1130 1136 1140 1146 1172 1173 1522 1523 1530 1540 1546 1822 1823 1830 1840 1846 2022 2023 2030 2036 2040 2046 2322 2323 2330 2340 2346 3696 4823 
m995 37 40 46 1890 2340 4396 
m2150 37 40 46 1890 2037 2040 2046 2337 2340 2346 4396 
m2644 30 36 38 1530 1538 1838 1930 1936 1938 4036 4330 
m1016 22 36 37 40 41 46 1122 1136 1137 1140 1141 1146 1822 1837 1840 1846 2022 2036 2037 2040 2041 2046 2072 2086 2087 2090 2096 2322 2336 2340 2341 2346 4396 
m1590 
m288 
m2303 22 23 36 40 41 1122 1123 1136 1140 1141 1172 1173 1822 1823 1836 1840 2022 2023 2036 2040 2072 2073 2086 2090 3673 4586 
m1002 22 36 40 41 1136 1140 1141 1836 1840 1841 2036 2040 2086 2090 2091 4586 
m2283 22 36 40 46 1122 1136 1140 1146 1840 1846 2022 2036 2040 2046 2322 2340 2346 4836 
m2677 22 23 36 38 40 41 46 1136 1138 1140 1146 1923 1936 1940 1946 2022 2023 2036 2038 2046 2072 2090 2323 4323 4836 
m1589 22 36 40 41 1136 1141 1836 1840 1841 2036 2041 2072 2086 2090 2091 4586 
m3209 44 46 49 2246 2249 2344 2346 2349 
m1019 37 40 46 1890 2037 2040 2046 2337 2340 2346 4396 
m816 38 46 1938 1946 2346 
m2353 22 23 30 36 41 1123 1130 1136 1141 1180 1523 1823 1830 2073 2080 3673 4323 4586 
m2633 13 22 32 36 40 672 686 690 1113 1122 1136 1140 1613 1622 1636 1640 1822 2022 2036 
m2013 14 38 46 738 2314 2338 2346 4814 
m617 22 36 37 40 46 1122 1136 1140 1146 1822 1836 1837 1840 1846 1872 1896 2022 2036 2037 2040 2046 2322 2337 2346 4387 4396 4837 4846 
m1239 14 22 40 46 714 746 1114 1146 2014 2022 2046 2314 2346 3246 4814 
m1833 14 22 23 30 40 46 722 723 730 746 1114 1122 1123 1130 1146 1172 1173 1180 1196 1514 1522 1523 1530 1546 2014 2022 2023 2030 2046 2323 2330 2346 3246 3696 4823 
m765 14 46 49 2314 2346 2464 2496 4814 
m1501 37 41 46 49 1891 2337 2341 2346 2349 2487 2491 2496 4396 
m2240 12 23 36 40 41 46 49 623 636 640 641 649 1191 1823 1840 1841 2012 2023 2036 2040 2041 2046 2073 2086 2090 2091 2099 2312 2323 2336 2341 2346 2349 2473 2486 2490 2491 3136 4323 4336 4812 
m2292 23 36 40 46 49 1190 1823 1840 1846 1849 2323 2340 2349 2473 
m1626 22 36 40 1122 1136 1140 2036 
m2044 22 46 1122 1146 
m3391 14 44 46 49 744 746 2344 2464 2494 2496 
m2304 
m1888 22 38 46 49 1122 1146 1149 1922 1938 1946 1949 2322 2346 2349 4846 
m3345 36 40 41 46 49 1841 1846 2036 2041 2046 2336 2340 2341 2346 2349 2486 2490 2491 2496 4346 
m346 14 22 46 722 1114 1146 2322 3246 
m2513 26 32 36 46 1332 1336 1346 1832 2332 2336 2346 4836 
m1687 4 26 38 226 238 1304 1326 1338 1904 1926 2704 
m3036 11 13 33 661 1661 4163 
m1403 13 38 45 46 688 2263 2295 2296 2313 2338 2346 3196 
m941 22 23 36 40 41 1123 1136 1140 1141 1173 1186 1190 1823 1836 2023 2036 2040 2072 2073 2086 2090 2091 3686 4323 
m108 22 36 41 46 1136 1146 1846 2072 2096 2322 2336 2341 2346 4586 4836 
m3465 22 23 30 36 41 1123 1130 1136 1141 1186 1191 1523 1536 1841 2073 2080 2091 3673 4323 4586 
m2140 22 23 30 36 40 46 49 1122 1123 1130 1136 1140 1146 1149 1172 1173 1186 1190 1199 1522 1523 1530 1536 1540 1546 1549 1822 1823 1830 1836 1840 1846 1849 2022 2023 2030 2036 2040 2046 2049 2322 2330 2336 2340 2346 2472 2473 2480 2486 2490 2496 3696 4823 
m335 12 14 46 712 2314 2346 3146 3246 4812 
m2337 36 37 46 1837 2336 2337 4336 4337 
m3117 26 39 46 1339 1346 2326 2339 4839 4846 
m3473 5 36 37 46 49 286 296 299 1849 1855 1886 1896 1899 2305 2336 2346 2349 4836 4837 
m446 22 36 38 40 41 46 1136 1141 1836 1840 1841 1936 1940 1941 1946 2022 2036 2038 2040 2041 2046 2086 2090 2091 2322 2336 2341 4586 
m2582 11 13 33 36 40 661 1661 1811 1813 1833 2011 2013 2033 2036 4163 
m3029 22 23 30 36 40 46 1122 1123 1130 1136 1140 1146 1172 1173 1180 1186 1190 1522 1523 1530 1536 1540 1546 1823 1840 2022 2023 2030 2036 2040 2046 2322 2323 2330 2336 2340 2346 3696 4823 
m3297 22 32 46 1122 1132 1146 1622 1632 1646 2322 2332 2346 4846 
m2358 22 23 30 46 49 1122 1123 1130 1146 1180 1523 1530 1546 2330 2346 2472 2473 2480 2496 4823 
m1193 6 42 306 342 2106 2142 2842 4606 
m1782 37 46 1896 2337 2346 4846 
m2156 22 23 30 36 40 45 46 1123 1130 1136 1140 1146 1180 1523 1530 1536 1546 1830 2023 2030 2036 2046 2272 2273 2280 2286 2290 2296 2330 2336 4323 4823 
m1738 36 41 1836 1841 2086 2091 4586 
m2922 13 23 36 46 49 1813 1823 1846 1849 2313 2346 2463 2473 2496 3663 4813 4823 
m1502 22 23 36 40 46 1122 1123 1136 1146 1172 1822 1823 1836 2022 2023 2036 2040 2046 2322 2323 4323 4346 4836 
m768 14 22 23 30 40 46 730 746 1114 1122 1123 1130 1146 1180 1514 1523 1530 1546 2014 2022 2023 2030 2046 2330 3223 4823 
m2055 32 36 41 46 1641 1646 2332 2336 2341 2346 4136 4586 
m1843 13 38 688 1913 1938 
m918 12 36 38 41 46 641 1841 1912 1936 1938 1941 1946 2062 2086 2091 2096 2312 2336 2341 4312 
m417 6 36 42 46 49 2306 2336 2342 2456 2486 2492 2496 2836 4606 4636 
m75 13 22 44 46 694 1113 1122 1144 1146 2313 2344 
m579 22 23 30 36 38 41 1122 1123 1130 1136 1138 1172 1173 1522 1523 1822 1823 1830 1838 1922 1923 1930 2072 2073 2080 2088 3673 4586 
m2330 23 31 46 48 49 1196 1573 1596 2346 2423 2431 2446 2449 2473 2481 2496 
m2818 22 45 1145 2272 2295 
m652 14 22 46 1114 1122 1146 2314 2346 4814 
m2079 28 36 1428 1436 1828 1836 3936 4328 
m385 38 46 1938 1946 2338 2346 
m2291 22 23 36 41 1122 1123 1172 1173 1822 1823 2072 2073 3673 4586 
m3316 22 23 30 36 40 41 46 1122 1123 1130 1136 1140 1141 1146 1172 1173 1180 1186 1190 1191 1523 1536 1540 1541 1841 2023 2036 2041 2073 2080 2086 2090 2091 2322 2323 2330 2341 3673 4323 
m222 14 22 40 46 714 722 740 746 1114 1140 1146 2014 2046 2314 2340 2346 3246 4814 
m2168 5 37 46 1855 2305 2337 2346 
m3268 5 22 36 38 46 49 286 296 299 1105 1136 1138 1146 1849 1905 1936 1946 2346 2349 2486 2499 4836 
m2634 36 40 41 1836 1840 1841 2036 2041 2086 2090 2091 4586 
m2479 22 23 30 36 40 41 1122 1123 1130 1136 1140 1173 1522 1523 1536 1822 1823 1830 1836 2022 2023 2030 2036 2072 2073 2080 2086 2090 2091 3673 4323 4586 
m3201 36 37 40 46 1840 1886 1890 1896 2036 2037 2040 2046 2336 2340 2346 4346 4837 
m336 14 22 30 38 46 730 1114 1130 1138 1146 1914 1930 1946 2330 3246 
m90 22 
m342 26 36 37 46 49 1826 1837 1846 1849 1876 1899 2326 2476 2496 4396 
m1020 32 36 46 49 1832 1849 2332 2336 2346 2349 2482 4332 4336 4836 
m2709 26 38 46 1926 1938 1946 2326 
m2343 40 46 48 2040 2046 2340 2346 2348 2440 2446 
m3470 14 23 30 38 46 723 730 738 746 1180 1523 1530 1546 1923 1930 1946 2323 2330 2338 2346 4823 
m3208 22 23 30 46 1123 1130 1146 1180 1523 1530 1546 2330 4823 
m1973 30 38 39 1930 1980 1988 
m2963 14 30 46 730 2314 2330 
m2976 26 46 1346 2346 
m1085 32 46 1646 2332 2346 
m2533 13 33 36 49 663 683 686 699 1663 1683 1686 1699 1833 1849 2463 2483 2486 3183 
m1924 14 46 49 2314 2346 2464 2496 4814 4846 
m1067 22 23 30 1122 1123 1130 1173 1522 1523 3673 
m3398 30 37 46 1530 1537 1546 1880 2330 2337 2346 
m415 14 22 46 722 746 2322 2346 
m3133 5 23 30 38 40 273 280 290 1190 1523 1530 1540 1905 1923 1930 1940 2023 2030 2040 
m1280 22 37 40 46 1137 1146 2022 2037 2040 2046 2322 2337 2346 4837 
m2572 6 14 23 32 36 706 723 732 736 1156 1182 1606 1636 1806 3686 
m3085 22 23 36 41 1123 1136 1141 1191 1823 1841 2073 2091 3673 4323 4586 
m1679 22 36 41 1136 1141 1841 2072 2086 2091 4586 
m2286 29 46 2329 2346 
m461 22 23 41 1123 1173 1191 3673 
m2094 38 46 1938 1946 
m789 13 36 39 40 46 49 1813 1840 1846 1849 1963 1986 1990 1996 2013 2036 2040 2046 2049 2463 2496 4813 
m889 33 38 40 46 1690 1696 1933 1938 1940 1946 2333 2338 2340 2346 
m2320 30 46 49 2330 2480 2496 
m392 14 36 46 49 736 746 2336 2346 2349 2464 2486 2496 4814 4836 
m1517 22 23 45 1123 1173 1195 3673 
m525 22 23 38 46 49 1122 1123 1146 1149 1199 1922 1923 1938 1946 2323 2346 2349 
m1191 12 41 46 2062 2091 2096 2312 2346 4812 
m1451 40 45 46 2045 2046 2296 
m2962 22 37 49 1122 1137 1149 1872 1899 2472 2487 2499 
m2022 22 23 30 41 1122 1123 1130 1141 1173 1191 1522 1523 1541 2073 3673 
m1158 22 23 32 36 40 46 49 1122 1123 1132 1136 1140 1146 1149 1172 1173 1182 1186 1190 1196 1199 1622 1623 1632 1636 1640 1646 1822 1823 1832 1836 1840 1846 1849 2022 2023 2032 2036 2046 2049 2322 2323 2332 2336 2346 2349 2472 2473 2482 2486 2490 2496 3673 3686 3696 4323 4346 
m3468 14 22 23 30 40 45 46 714 746 1114 1145 1146 1164 1172 1190 1195 1196 1514 1522 1523 1530 1540 1545 1546 2014 2022 2023 2030 2040 2045 2046 2264 2296 2314 3664 
m653 17 22 38 46 888 1117 1138 2322 2338 4817 
m2929 22 36 46 49 1122 1146 1149 1822 1846 1849 2472 2496 
m3425 36 46 2336 
m3376 22 23 36 40 41 1122 1123 1136 1140 1141 1172 1173 1822 1823 1836 1840 1841 2022 2023 2036 2040 2041 2073 2086 2090 3673 4586 
m1179 14 26 36 40 46 1314 1336 1340 1346 1814 1846 2014 2036 2040 2046 2346 4346 4814 
m2850 22 23 30 36 40 1123 1130 1136 1140 1172 1173 1186 1190 1523 1536 1540 1823 2022 2023 2036 3673 4323 
m3387 22 23 36 37 40 1122 1123 1136 1137 1140 1172 1173 1823 1837 1840 1872 1873 2023 2036 2037 2040 3673 
m2456 14 22 23 30 46 730 746 1114 1122 1123 1130 1146 1180 1514 1523 1530 1546 2330 3223 4823 
m2889 22 30 36 41 45 1130 1536 1541 2272 2280 4586 
m1146 22 41 46 1122 1141 1146 2341 2346 
m1128 22 23 30 36 40 1123 1130 1173 1186 1190 1523 1530 1536 1823 2023 2036 3673 3686 
m955 12 32 36 46 1612 1812 2312 2332 2336 2346 4136 4812 4836 
m2234 32 46 1646 2332 2346 
m3263 38 46 1946 
m404 5 36 38 46 49 286 296 299 1849 1905 1936 1946 1949 2305 2336 2338 2346 2349 2486 2499 4836 4846 
m3378 32 36 40 46 1832 2032 2036 2332 2336 2340 2346 4136 4336 4836 
m3311 22 23 36 40 46 49 1172 1822 1823 1836 1849 2022 2023 2036 2040 2046 2049 2322 2323 2336 2349 2473 2486 3686 4336 4346 4836 
m2158 14 40 46 49 2014 2040 2046 2314 2346 2464 2490 2496 4814 
m3012 14 20 40 46 720 2014 2020 2046 2320 3246 
