m1437 5 13 14 23 33 655 705 713 1155 1163 1164 1183 1655 1664 4163 
m1908 23 30 36 40 46 49 1180 1830 1836 2023 2030 2036 2046 2049 2323 2330 2336 2473 2480 2486 2496 4323 4836 
m1194 37 45 46 1895 2345 4837 
m2831 22 23 36 41 46 49 1141 1172 1191 1822 1823 1841 1846 2322 2323 2341 2472 2473 2486 2491 2496 
m2552 22 23 30 36 40 46 49 1122 1123 1130 1136 1140 1146 1172 1173 1180 1186 1190 1196 1523 1530 1536 1540 1546 1822 1823 1830 1840 1846 2022 2023 2030 2036 2040 2046 2330 2346 2472 2473 2486 2490 3696 4336 4346 4823 
m2151 22 32 37 1622 1872 1882 
m2779 13 36 40 46 696 1813 2013 2036 2040 2046 4346 
m3240 27 36 40 46 1827 1840 2027 2036 2040 2327 2340 4836 
m3411 33 45 46 2283 2296 2333 2346 4833 4846 
m2782 11 13 33 36 40 661 1661 1811 1813 1833 2011 2013 2033 2036 4163 
m623 36 45 46 2286 2295 2296 2336 2346 4836 
m2665 32 36 46 1832 2332 2336 2346 4836 
m2242 
m778 5 32 46 255 282 2305 2332 
m108 13 33 45 1695 2263 4163 
m2727 8 408 
m2108 33 36 45 46 1686 1695 1845 2333 2345 4836 
m1754 44 46 2344 2346 
m1177 5 13 33 263 283 3183 
m716 30 44 45 1530 1544 1545 2230 2244 2245 2280 2294 2295 
m1704 22 36 41 1136 1141 1841 2072 2086 2091 4586 
m617 22 36 40 41 1136 1141 1836 1840 2036 2086 2090 4586 
m295 13 22 36 38 40 672 686 690 1113 1122 1136 1140 1822 1913 1922 1936 1940 2022 2036 
m3528 22 23 30 46 1122 1123 1130 1146 1180 1523 1530 1546 2330 2346 4823 
m1767 14 23 30 39 46 1189 1514 1523 1539 1546 1964 2314 2323 2330 2339 2346 3664 4814 4823 
m917 12 14 46 2312 2314 2346 3212 4812 4814 
m2251 13 22 45 46 672 2263 2295 2296 2313 2322 2346 4813 
m605 5 45 46 2255 2296 2305 
m332 17 46 4817 
m1731 40 46 2340 
m428 10 22 44 46 546 1110 1144 1146 2210 2246 2310 2344 2346 4846 
m2705 11 13 33 563 583 4163 
m1708 22 36 40 41 46 49 1136 1140 1141 1149 1836 1849 2036 2049 2086 2090 2099 2322 2336 2340 2341 2349 4336 
m489 45 
m2047 36 41 44 1841 2086 2091 2094 2236 2241 2244 
m1980 13 22 36 40 672 686 690 1113 1122 1136 1140 1822 2022 2036 
m291 14 34 46 734 746 2334 
m580 36 41 45 1845 2095 2295 4586 
m347 37 
m2487 18 45 945 
m620 37 1887 
m3607 5 26 38 46 1305 1346 1926 1946 2305 2346 
m1263 22 23 41 1122 1123 1141 1173 2072 2073 3673 
m3728 36 45 46 1845 2336 2345 2346 4836 
m2116 13 17 22 45 46 672 872 2263 2267 2295 2296 2313 2317 2322 3363 
m311 36 40 45 1845 2036 2045 2286 2290 2295 
m1941 46 
m2179 26 37 41 46 1337 1341 1346 1891 2341 4837 
m1320 22 23 30 39 41 1123 1130 1139 1141 1523 1973 1980 1991 2073 2080 3673 4473 
m2900 22 40 46 1122 1140 1146 2340 
m2255 22 32 45 46 1146 2272 2282 2295 2296 2332 2346 
m134 36 40 46 49 1846 1849 2036 2046 2349 
m745 32 36 46 2332 2336 2346 4332 4836 
m2578 22 23 30 38 41 1122 1123 1130 1138 1172 1173 1188 1522 1523 1530 1538 2072 2073 2080 3673 
m2336 12 36 45 46 636 645 1845 2312 2336 2345 2346 4812 4836 
m1868 36 41 1836 1841 2086 2091 4586 
m2999 36 40 46 48 2036 2040 2046 2048 2336 2346 2348 2436 4836 
m3054 45 2295 
m2285 
m222 32 45 1645 
m2411 22 36 40 41 49 1122 1136 1140 1141 1149 1841 1849 2022 2036 2041 2049 2486 2491 4336 
m1429 22 44 46 1146 2344 2346 4846 
m368 45 
m1752 13 22 33 1113 1672 4163 
m2391 46 2346 
m2426 42 45 2145 
m517 32 36 46 49 1849 2332 2336 2346 2349 2482 4332 
m3537 14 23 36 40 46 1814 1823 1846 2014 2023 2036 2040 2046 2314 2323 2346 3664 4346 4814 4823 
m898 32 45 1645 
m70 26 34 38 46 1326 1334 1346 1734 1926 1938 1946 2334 2346 
m250 22 40 44 46 1140 1144 1146 2040 2046 2222 2240 2246 2322 2340 2344 2346 4846 
m1516 41 45 2091 2095 2291 2295 
m3423 5 45 46 2255 2296 2305 2345 4846 
m450 22 30 36 39 41 1136 1139 1522 1536 1539 1541 1986 2072 2089 4586 
m3438 22 36 41 1136 1141 1822 1841 2072 2086 2091 4336 4586 
m3478 
m1547 14 39 1964 
m1499 14 36 49 736 749 1849 
m2010 33 36 46 1686 2333 2336 2346 4833 
m2914 37 46 4837 
m3603 44 46 2246 2344 2346 
m2518 14 22 36 46 722 736 1822 2314 2322 4836 
m397 14 46 746 2346 
m3294 22 37 41 46 1122 1137 1141 1146 1891 2341 4837 
m3540 14 22 722 1114 1122 
m1888 5 22 44 46 272 294 296 1144 1146 2205 2246 2305 2322 2344 2346 4846 
m2223 36 
m2443 22 26 46 1146 1322 1346 
m2525 
m2639 22 44 46 1144 1146 2246 2322 2344 2346 4846 
m1895 46 2346 
m1224 26 44 46 1346 2226 2246 2326 2344 2346 
m3495 45 46 2295 2345 
m864 
m382 11 13 45 563 595 695 
m2300 45 46 2345 2346 
m905 45 49 2295 2299 
m884 46 2346 
m3631 45 46 2296 
m1693 37 46 1887 1896 2337 2346 
m2575 22 23 30 41 1122 1123 1130 1172 1173 1180 1522 1523 1541 2072 2073 2080 3673 
m574 26 45 46 1345 1346 2345 
m3039 5 13 14 33 655 705 713 1655 1664 4163 
m135 22 37 40 46 1137 1140 1146 1890 2022 2037 2040 2046 2337 2340 2346 4837 
m1424 22 45 46 49 1146 1149 2272 2296 2299 2349 2472 2495 2496 
m2303 38 45 46 49 1946 2299 2345 2346 2349 
m729 22 32 40 46 1146 2022 2032 2040 2046 2332 2346 4846 
m2855 23 30 36 40 41 1523 1536 1540 1830 1836 1840 2023 2036 2073 2080 2086 2090 3686 4323 4586 
m1471 22 36 45 46 49 1145 1822 1845 2322 2336 2345 2472 2486 2495 2496 
m1521 13 46 47 696 2363 2396 
m2383 22 23 36 40 41 1122 1123 1136 1140 1141 1172 1822 1823 1836 1840 1841 2022 2023 2036 2040 2041 2072 2073 2086 3686 
m3530 30 32 36 40 46 1630 1640 1646 1830 1840 2030 2330 2332 2336 2340 2346 4136 
m3012 13 37 4363 
m2730 22 30 36 40 46 1136 1140 1522 1536 1540 1840 2036 2040 2322 2330 2336 2340 2346 4836 
m1063 30 45 46 2280 2296 2330 2346 
m1147 22 23 30 1123 1173 1522 1523 3673 
m2031 22 36 41 46 1122 1136 1141 1146 1822 1836 2072 2086 2091 2322 2336 2341 4586 
m2870 13 16 38 688 838 3313 
m1090 32 46 1632 1646 2332 
m1276 30 40 45 46 2030 2040 2045 2046 2280 2290 2296 2330 2340 2346 
m1145 22 37 45 49 1122 1137 1145 1149 1899 2287 2299 
m3155 22 30 39 1130 1139 1980 
m2965 23 
m1548 14 714 
m2718 13 37 4363 
m1363 36 
m1292 26 33 46 1676 1696 2326 2333 2346 
m2945 23 30 38 1180 1523 1530 1538 1923 1930 1938 
m2283 44 46 49 2344 2349 2494 
m1442 22 23 45 1172 1173 2272 2273 3673 
m1631 36 38 49 1838 1849 1936 1938 1949 
m1466 13 33 46 1696 2313 4163 
m2494 39 40 41 46 1990 1991 1996 2040 2046 2090 2096 
m536 27 36 46 48 1827 2327 2336 2436 2446 
m3313 10 21 36 46 521 536 546 1821 2321 2346 4836 
m2266 36 49 1849 
m3616 22 23 36 40 41 46 49 1122 1123 1136 1140 1141 1149 1173 1186 1190 1822 1823 1836 1841 1849 2022 2023 2036 2040 2046 2072 2073 2086 2322 2323 2336 2341 2349 2472 2473 2486 2491 3673 3686 4323 4336 
m1421 22 45 1145 
m975 22 23 30 38 41 1122 1123 1130 1172 1173 1180 1188 1523 1538 1541 1922 1923 1930 1938 2072 2073 2080 2088 3673 
m2783 22 23 36 49 1123 1136 1149 1173 1186 2473 2486 3673 4323 
m232 22 27 40 46 1127 1140 1146 2027 2046 2327 
m91 23 38 1923 3673 
m3384 38 40 45 46 1946 2038 2046 2288 2290 2296 
m2465 23 36 40 46 1186 2023 2036 2040 2046 2323 2336 2340 2346 3696 4346 
m2496 22 39 45 46 1122 1146 1972 1995 1996 2272 2296 
m2238 22 23 31 46 49 1123 1146 1196 1572 1573 1596 2323 2346 2473 2481 2496 4846 
m2724 23 36 40 41 44 1186 1190 1191 1194 1840 1841 2041 2240 2241 4736 
m2420 11 13 33 563 583 3183 
m930 27 28 36 46 1378 1386 1396 1828 2327 2328 2336 2346 4836 
m3082 16 23 36 46 1186 1816 2316 2323 2336 3666 
m613 5 36 40 46 255 1805 1846 2005 2036 2040 2046 2305 2346 4346 
m2650 32 36 44 46 1832 1836 1844 2232 2236 2332 2336 2344 2346 4332 4336 4736 4836 
m2079 5 37 46 255 287 1855 1887 1896 2305 2337 2346 4837 
m537 45 2295 
m264 22 36 40 46 49 1822 1846 1849 2022 2036 2040 2046 2049 2322 2472 2496 
m526 13 33 4163 
m21 22 23 30 46 1122 1123 1130 1146 1180 1523 1530 1546 2330 2346 4823 
m776 5 32 36 46 49 282 286 296 299 1649 1832 1849 2332 2336 2349 2486 4136 4336 
m1137 46 2346 
m1067 22 30 38 1130 1922 1930 1938 
m3388 11 38 46 588 596 1911 1938 1946 2338 
m1318 14 40 46 2014 2040 2046 2314 2346 4814 
m3185 40 46 2040 2046 
m3552 26 45 46 1326 1345 1346 2276 2296 2326 
m3720 22 33 46 1122 1133 1146 1672 1683 1696 2322 2333 2346 4833 
m2492 12 46 49 2349 2462 4812 
m1448 17 38 46 867 896 1917 1946 
m2062 40 46 2046 2340 2346 4846 
m375 36 45 1845 
m2271 12 14 36 40 41 46 636 640 641 736 740 741 1841 2036 2041 2314 2336 2340 2341 3114 3236 4336 4812 
m1333 14 22 49 749 1114 1149 2464 2472 2499 
m1981 12 29 36 46 612 629 636 1812 1829 1836 2312 2329 2336 2346 3136 4336 4812 4836 
m2725 22 23 30 45 46 1122 1123 1130 1145 1146 1195 1522 1523 1530 1545 1546 2273 2280 2295 2296 2322 2330 2345 2346 3696 4823 
m2865 26 40 46 49 1340 1346 1349 2046 2490 2496 
m956 11 
m637 36 
m1827 5 36 45 286 295 1845 4336 
m3365 33 1683 
m756 
m1096 5 13 33 45 263 283 2255 2263 2283 3183 
m117 22 23 30 36 40 1122 1123 1136 1140 1522 1523 1536 1540 1822 1823 1840 2022 2023 2030 2036 2040 4323 4336 
m1539 32 36 46 1832 2332 2336 2346 4836 
m3378 22 40 46 1122 1140 2322 2340 
m3656 5 13 14 38 46 655 705 746 1913 1914 1946 2305 2313 3213 
m2740 14 46 714 746 2346 3246 
m3624 26 36 46 49 1326 1336 1346 1349 1826 1846 1849 2326 2476 2496 
m1595 22 37 1122 1137 1872 1887 
m13 18 46 918 946 2318 2346 
m97 22 46 1146 2322 2346 
m1771 22 28 38 46 1128 1138 1146 1928 1938 2328 2338 
m2447 22 30 36 40 41 46 1122 1130 1136 1140 1141 1146 1536 1540 1541 1830 1836 1840 1841 2030 2036 2040 2041 2086 2090 2322 2330 2336 2340 2341 
m3177 23 36 40 46 49 1836 1840 1846 1849 2023 2036 2040 2046 2049 2323 2336 2473 2486 2490 2496 3686 4323 4336 4836 
m2735 22 30 36 40 41 46 1122 1130 1136 1140 1141 1146 1536 1540 1546 1846 2022 2030 2036 2040 2046 2072 2090 2340 4346 4846 
m1679 32 46 2332 2346 
m3245 32 37 1882 
m724 16 32 46 832 2332 4816 
m2720 22 23 30 38 41 1122 1123 1130 1138 1172 1173 1188 1522 1523 1530 1538 2072 2073 2080 3673 
m3744 5 13 38 46 263 288 296 696 1913 1938 1946 2305 2313 2338 2346 
m212 22 36 46 49 1149 1822 1836 1846 1849 2322 2349 2472 2486 2499 4836 
m247 13 22 38 1113 1913 1922 
m2878 22 23 36 40 49 1122 1123 1136 1140 1149 1173 1186 1190 1822 1823 1836 1849 2023 2036 2472 2473 2486 3673 3686 4323 4336 
m1877 23 36 40 41 45 1186 1190 1823 1836 1840 2023 2036 2040 2073 2086 2090 2291 
m803 13 32 38 46 682 1913 1932 1946 2313 2332 
m3331 36 40 46 49 1836 1840 1846 1849 2036 2040 2046 2336 2340 2346 2349 2486 2490 2496 4336 4346 4836 
m51 22 36 41 1122 1136 1141 1822 2072 4586 
m2800 22 46 1122 1146 
m3280 26 36 41 46 1826 2076 2096 2326 4346 4586 
m2701 22 44 46 1146 2322 2344 2346 4846 
m199 14 30 46 730 2330 4814 
m800 22 30 36 40 41 49 1130 1136 1141 1536 1540 1541 1830 1836 1840 1841 2036 2072 2080 2086 2090 2091 2472 2480 2486 2491 
m2184 40 46 2040 2046 2340 
m1813 22 23 36 40 41 1122 1123 1136 1140 1141 1172 1173 1186 1190 1191 1822 1823 1836 1840 1841 2023 2036 2041 2072 2073 2086 2090 2091 3673 3686 4323 4336 4586 
m2683 18 45 2268 
m1185 17 45 895 2267 2295 
m2414 30 45 46 2280 2296 2330 2346 
m548 38 41 46 1938 1941 1946 2341 
m2813 23 45 46 1195 2323 2345 4823 4846 
m2794 22 45 46 1145 1146 2345 4846 
m1954 22 44 46 1146 2244 2246 2344 2346 4846 
m3159 22 44 46 1144 1146 2222 2246 2322 2344 2346 4846 
m1671 6 42 4606 
m3052 45 46 2295 2296 2346 
m2899 22 36 46 1122 1136 1146 1822 1846 2322 
m1347 
m2207 36 
m3015 14 36 49 749 1814 1849 
m3311 10 36 40 49 536 1810 1836 1849 2010 2036 2049 2460 2486 
m2931 26 33 1676 
m2479 40 46 2046 
m502 5 11 15 33 38 46 555 565 583 588 596 755 1655 1696 1915 1933 1946 2305 2315 4165 
m1081 41 46 2341 
m1425 22 45 1122 1145 2272 2295 
m416 13 22 32 36 40 672 686 690 1613 1622 1636 1640 1822 1840 2022 2036 2040 4336 
m454 22 40 46 1140 1146 2046 
m2640 22 44 46 1146 2344 2346 4846 
m2468 38 46 1946 2346 
m2385 5 36 46 49 286 296 299 1836 1849 2305 2336 2346 2349 4836 4846 
m1768 5 13 33 45 655 1655 1695 2255 2263 4163 
m1879 22 44 46 1146 2344 2346 4846 
m1280 37 46 2337 2346 4837 4846 
m2567 22 23 30 1123 1172 1173 1180 1522 1523 1530 3673 
m2969 14 22 1114 
m2635 22 38 44 46 1146 1922 1944 1946 2344 2346 4846 
m895 45 2295 
m1093 23 30 36 40 1180 1523 1530 1536 1540 1830 2023 2030 2036 2040 4323 
m860 22 38 46 1146 1922 1946 
m1608 10 32 46 1610 1646 2310 
m3638 41 45 2291 
m3645 31 45 2281 
m200 14 32 36 46 746 1614 1632 1636 1646 1814 1832 1836 1846 2314 2332 2336 2346 4332 
m794 38 46 1938 1946 
m991 12 14 32 37 46 614 632 732 737 1882 2314 2332 2337 3137 4812 
m1960 23 45 1195 2273 2295 
m112 22 23 30 36 41 46 1122 1123 1130 1136 1141 1146 1172 1522 1523 1530 1536 1546 1822 1823 1830 2072 2073 2080 2096 2322 2330 2336 2346 3696 4346 4586 4823 
m2220 32 36 41 46 1641 1646 2332 2336 2341 2346 4136 4586 
m781 22 44 46 1146 2344 2346 4846 
m612 36 38 48 1838 1848 1936 1948 2436 2438 2448 
m2617 14 22 46 722 746 2322 2346 
m2440 5 36 41 45 46 286 291 1836 1841 2286 2291 2296 2305 2336 2341 4836 
m3653 46 4846 
m866 12 14 22 46 622 722 1112 1114 1122 1146 2314 2322 3114 4812 
m3226 23 36 40 46 49 1836 1840 1846 1849 2023 2036 2046 2049 2323 2336 2473 2486 2490 2496 3686 4323 4336 4836 
m3202 28 36 38 46 1928 1936 1946 2328 2336 2346 4328 4836 
m2764 9 36 46 459 486 496 1809 2309 2336 2346 4836 
m1598 6 36 42 45 306 345 1845 2106 2145 2836 4306 4606 4636 
m482 13 33 45 2263 2283 3183 
m409 22 23 30 1123 1130 1172 1173 1180 1523 3673 
m2992 6 23 1156 1173 
m2008 13 22 46 1113 2313 2322 
m2977 14 27 38 727 1914 1927 
m2274 5 14 36 41 45 255 286 291 295 705 736 741 745 1845 2055 2086 2095 4336 
m2428 46 4846 
m1587 14 30 714 730 
m641 14 30 37 714 730 737 1880 3237 
m3479 46 
m2728 30 39 1980 
m549 22 46 2322 2346 
m2808 14 22 36 40 722 736 740 1114 1122 1136 1140 1822 2022 2036 
m2309 46 
m3232 5 36 45 46 286 295 1845 2305 2336 2345 4336 
m2622 45 
m807 22 44 46 1146 2222 2244 2246 2322 2344 2346 4846 
m891 38 46 1946 2338 2346 
m2378 22 36 46 49 1136 1146 1149 1849 2336 2346 2349 
m249 45 
m87 15 22 46 772 2315 2322 
m3059 41 
m2133 14 22 46 722 746 2322 2346 
m2752 22 23 30 1122 1123 1130 1172 1173 1180 1522 1523 1530 3673 
m815 34 38 46 1734 1934 2334 2338 2346 
m3573 14 38 738 
m1334 20 45 1045 
m1500 46 
m759 14 40 46 740 746 2014 2040 2046 2314 2340 2346 4814 
m3080 40 44 46 2044 2046 2344 
m1109 14 40 46 49 2014 2046 2314 2346 2464 2490 2496 4814 
m2836 5 36 44 46 49 286 296 299 1849 2205 2236 2246 2249 2346 2349 2455 2486 2494 2496 4836 
m2595 22 26 44 46 1146 1346 2344 2346 4846 
m2103 32 36 37 1632 1637 1882 1886 1887 4136 4332 
m1433 30 46 2330 
m3110 48 2448 
m1615 12 13 22 36 40 622 636 640 672 686 690 1112 1113 1122 1136 1140 1822 2022 2036 3162 
m3688 32 1632 
m2792 14 39 40 46 740 1990 1996 2014 2039 2040 2046 2340 4464 4814 
m174 45 46 2295 2296 2345 2346 4846 
m1350 22 45 1122 1145 2272 
m3623 45 46 2295 2296 2345 4846 
m40 12 23 36 41 46 636 1823 2062 2073 2096 2336 3123 4586 4812 4823 
m761 22 36 37 40 46 1122 1136 1137 1140 1146 1886 1890 2036 2037 2040 2046 2322 2336 2337 2340 2346 4396 
m2370 22 23 30 1122 1123 1130 1172 1173 1180 1522 1523 1530 3673 
m49 10 30 36 37 46 1510 1536 1546 1810 1860 1880 1886 1896 2310 2346 4836 
m2119 13 16 49 699 849 3166 
m3725 22 45 46 1145 1146 2345 4846 
m1344 13 33 4163 
m3392 6 42 2842 
m2374 18 46 2318 
m3487 22 36 40 46 1122 1136 1140 1146 1840 2040 2336 2340 
m1921 13 22 44 46 694 1113 1146 2313 2344 
m1061 38 40 45 46 1938 1945 1946 2290 2340 2345 
m1759 17 22 1117 
m2564 30 46 2330 
m2579 26 37 46 49 1337 1346 1349 1899 2337 2349 2487 2499 4387 
m3372 22 37 46 1122 1137 1146 2322 2337 2346 4837 
m603 20 22 23 46 1023 1120 1123 1146 1173 2320 2323 3673 4823 
m1753 46 48 2348 
m648 41 
m3173 10 45 46 2295 2296 2310 2346 
m1475 9 14 36 49 709 1809 1814 1836 1849 2459 2464 2486 2499 
m2253 12 23 30 36 41 612 630 636 641 1191 1523 1541 1812 1823 1830 1836 1841 2062 2073 2086 3123 
m1762 17 22 1117 
m588 36 41 1841 2086 
m2612 22 26 44 46 1146 1322 1344 1346 2344 2346 4846 
m1100 12 14 33 46 712 746 2333 3133 3233 4812 
m3433 15 22 46 772 2322 4815 
m2315 22 37 46 1122 1137 1146 2322 2337 2346 4837 
m525 3 45 195 2295 
m2932 21 23 46 1171 2321 2323 
m81 14 22 46 722 746 2322 2346 
m625 26 46 49 1346 1349 2346 2496 2499 
m3662 32 46 1632 1646 2332 
m2573 22 23 36 40 46 49 1172 1822 1823 1836 1840 1849 2022 2023 2036 2040 2046 2049 2322 2323 2336 2349 2473 2486 3686 4336 4346 4836 
m3085 22 36 40 46 1136 1146 1836 1840 1846 2036 2046 2336 2340 2346 4836 
m2571 22 23 36 40 1122 1123 1136 1140 1173 1186 1190 1822 1823 1836 1840 2022 2023 2036 2040 3673 3686 
m3044 13 33 1663 1683 4163 
m2400 14 46 49 2314 2346 2464 2496 4814 
m2628 14 38 40 45 46 740 745 1914 1938 1940 1945 1946 2290 2340 2345 3246 
m3221 22 36 40 46 1122 1136 1146 1822 2022 2036 2322 2336 2340 2346 4836 
m3354 23 30 40 1173 1190 1523 1530 1540 2023 2030 2040 3673 
m2421 22 36 41 49 1136 1141 1822 1841 1849 2072 2086 2091 2099 2472 2486 2491 4336 
m3521 5 22 36 40 41 272 286 290 291 1105 1122 1136 1140 1141 1840 1841 2041 
m3622 13 22 33 36 40 672 686 690 1113 1122 1133 1136 1140 1672 1686 1690 1822 2022 2036 3183 
m3065 14 49 2464 
m2372 37 39 40 46 1890 1987 1990 2340 4396 4496 
m1901 13 22 33 36 40 686 690 1113 1133 1136 1140 1686 1690 1840 3183 
m2700 22 44 46 1146 2322 2344 2346 4846 
m2765 32 36 38 41 46 49 1641 1646 1938 1941 1946 1949 2332 2336 2341 2346 2482 2486 2491 2496 4136 4586 
m9 11 13 22 45 563 572 595 695 1113 1145 
m334 11 45 595 
m1482 22 36 40 41 49 1122 1136 1140 1141 1149 1841 1849 2022 2036 2041 2049 2072 2086 2090 2091 2099 2486 2491 4336 
m515 32 37 46 1632 1637 1646 2332 2337 2346 4837 
m2549 22 36 40 1136 1140 1840 2036 2040 
m1329 5 40 45 46 2005 2045 2046 2255 2296 2305 
m3303 46 2346 
m3236 
m3138 10 14 46 710 746 2310 2346 
m3020 22 23 30 36 41 1123 1130 1136 1523 1823 1830 2072 2073 2080 3673 4323 4586 
m1556 14 36 40 49 749 1814 1849 2014 2036 
m2859 14 22 23 36 723 1114 1123 1136 1186 3236 
m1009 22 44 46 1146 2222 2244 2246 2344 2346 4846 
m1620 12 22 37 46 1112 1137 1146 2337 4362 4812 
m2979 36 45 46 1845 2336 2345 2346 4836 
m1450 22 33 44 49 1133 1144 1694 1699 2494 
m645 44 46 49 2246 2494 2496 
m1833 37 46 49 2337 2346 2487 2496 4837 
m2660 36 38 46 1936 1938 1946 2336 2346 
m494 33 46 2333 2346 4833 
m664 32 46 2332 
m2418 13 22 1113 
m2569 21 1071 
m3006 40 45 46 2046 2290 2296 
m938 14 40 46 2014 2046 2314 2346 4814 
m179 38 45 2288 
m2004 2 36 45 46 145 1845 2252 2286 2295 2302 2345 2636 4836 
m2817 15 46 2315 
m74 36 48 1836 1848 2436 2448 
m2141 37 46 4837 
m3073 20 22 23 30 38 1022 1023 1030 1038 1122 1123 1130 1172 1173 1180 1188 1520 1523 1538 1922 1923 1930 3673 
m303 26 
m3697 22 44 45 46 1146 2272 2294 2296 2344 2346 4846 
m2263 22 36 37 40 46 1122 1136 1137 1140 1146 1822 1836 1837 1840 1846 1890 2022 2036 2037 2040 2046 2322 2336 2337 2340 2346 4837 
m1757 14 46 2314 2346 4814 
m539 23 38 45 1195 1923 1945 3673 
m3038 23 32 42 1182 1192 1642 
m2058 45 46 48 2345 2445 2446 
m1082 23 40 46 49 1196 2023 2040 2046 2473 2490 2496 
m996 37 
m490 22 23 30 38 1122 1123 1130 1138 1172 1173 1188 1522 1523 1530 1538 3673 
m1066 37 39 46 1987 4396 4496 
m1244 5 26 45 46 276 296 1305 1326 1346 2255 2276 2296 2326 
m3636 36 45 2286 
m2324 
m748 36 40 46 49 1836 1840 1846 2036 2040 2046 2049 2336 2346 2349 2486 4346 4836 
m3168 22 44 46 1146 2344 2346 4846 
m171 5 13 33 36 49 263 283 1805 1813 1833 1849 2455 2463 2483 4163 
m1323 36 40 1836 1840 2036 2040 
m2528 22 44 46 1146 2246 2344 2346 4846 
m3314 22 23 36 40 46 49 1123 1136 1146 1149 1836 1846 1849 2022 2023 2036 2046 2049 2323 2473 2486 2496 3686 4323 4336 4836 
m3668 19 46 969 996 2319 2346 
m2481 23 45 1195 2273 2295 
m3256 14 714 
m723 23 30 46 1196 1523 1530 1546 2323 2330 2346 3696 4823 
m352 13 33 46 1663 1683 2313 2333 4163 4833 
m1756 10 30 36 46 1510 1536 1546 1810 1846 2310 2346 
m3659 36 37 39 40 41 46 49 1837 1839 1840 1841 1846 1849 1889 2037 2039 2046 2087 2089 2090 2096 2487 2490 2491 4396 4839 
m1035 14 22 36 40 46 722 1814 1822 1836 1840 1846 2014 2022 2036 2040 2046 2314 2322 2340 2346 3246 4314 4346 4836 
m3731 13 33 49 2463 2483 4163 
m2585 45 46 2345 
m2193 22 23 30 36 40 41 1123 1130 1136 1140 1172 1173 1180 1186 1190 1523 1822 1823 1830 1836 1840 1841 2022 2023 2030 2036 2041 2072 2073 2086 2090 3673 4323 4336 4586 
m1392 5 46 2305 
m2943 36 38 49 1849 1936 1949 2486 2488 2499 
m3060 20 1020 
m619 23 46 2323 2346 3696 4823 4846 
m3463 22 23 36 40 46 49 1172 1186 1190 1822 1823 1836 1840 1849 2022 2023 2036 2040 2046 2049 2322 2323 2336 2340 2349 2473 2486 2490 3686 4336 4346 4836 
m192 37 46 4396 
m2721 22 36 46 1822 2322 2336 2346 
m984 17 46 2317 2346 4817 
m1889 37 46 2337 2346 4837 
m1483 22 36 41 49 1136 1149 1841 1849 2072 2086 2091 2099 2486 2491 4336 
m662 3 32 36 41 46 186 191 1603 1641 2303 2332 2336 2341 4136 4586 
m2952 22 44 46 1122 1144 1146 2344 2346 4846 
m1116 44 46 2246 2344 2346 4846 
m737 45 46 2295 2345 2346 
m2444 22 23 30 36 40 45 46 1122 1123 1130 1136 1140 1145 1146 1172 1173 1180 1190 1196 1522 1523 1536 1540 1545 1546 1822 1823 1830 1836 1840 1845 1846 2022 2023 2030 2036 2040 2045 2046 2272 2273 2280 2286 2290 2296 2322 2323 2330 2336 2340 2345 2346 4823 
m653 8 408 
m3267 5 36 38 286 1905 1936 
m2234 45 46 2296 
m1218 22 44 46 1146 2344 2346 4846 
m2249 22 44 46 1122 1144 1146 2222 2246 2322 2344 2346 
m1248 3 30 45 46 180 195 2280 2296 2330 2345 2346 2696 4803 
m3217 23 30 36 41 1523 1823 1830 2073 2080 3673 4323 4586 
m3200 22 40 45 46 1140 1145 1146 2045 2046 2345 
m244 22 38 40 1140 1922 1938 1940 
m1098 22 32 45 46 1132 1145 1146 2282 2296 2332 
m3197 5 22 46 1105 1146 2305 
m2140 14 22 46 722 746 2322 2346 
m2949 5 36 38 41 46 286 291 296 1905 1936 1938 1941 1946 2341 4341 4836 
m2554 12 40 45 46 645 2012 2045 2046 2312 2340 2345 2346 4812 
m1652 13 22 38 1113 1122 1138 1913 1938 
m2235 5 32 33 46 283 296 1605 1633 1646 2333 
m1823 26 46 1346 
m2719 23 
m738 13 22 41 691 1113 1122 1141 
m2016 27 32 1382 
m317 22 37 38 45 46 1872 1922 1937 1945 1946 2272 2287 2296 2322 4837 
m3074 20 22 23 30 38 1022 1023 1030 1038 1123 1130 1172 1173 1180 1188 1520 1523 1538 1922 1923 1930 1938 3673 
m2403 36 37 38 40 46 1836 1837 1840 1846 1886 1890 1936 1937 1940 1946 2036 2037 2038 2040 2046 2336 2340 4336 4837 
m2986 27 36 46 49 1827 2327 2336 2486 2496 
m994 13 16 3313 
m1184 23 30 46 1180 1523 1530 1546 2330 2346 4823 
m3190 26 46 1346 
m99 22 38 44 46 1122 1144 1146 1922 1944 1946 2344 2346 4846 
m681 22 36 40 41 1136 1140 1822 1836 1840 1841 2036 2072 2086 2090 2091 4586 
m2904 32 36 46 49 1632 1636 1649 1849 2332 2336 2346 2349 
m2521 29 36 48 1486 1829 1836 1848 2429 2436 2448 4336 
m881 22 23 30 36 38 40 1123 1130 1136 1140 1172 1173 1180 1186 1188 1190 1522 1523 1538 1822 1830 1922 1923 1930 1936 1938 1940 2022 2023 2030 2036 2040 3673 4323 
m327 22 37 41 46 1137 1141 1146 2087 2096 4837 
m1193 22 30 41 46 1130 1146 1522 1546 2072 2080 2096 2322 
m2273 12 22 23 36 41 46 49 622 623 636 641 649 1123 1136 1141 1191 1822 1823 1841 2322 2323 2336 2341 2349 2472 2473 2486 2491 3136 4323 4336 4812 
m3500 22 46 1122 1146 2322 2346 
m3301 40 46 49 2340 2346 2490 2496 
m2466 30 36 40 45 46 1830 1845 2030 2036 2040 2045 2046 2280 2330 2345 4346 
m2319 22 37 40 46 1137 1140 1146 1890 2037 2040 2046 2337 2340 2346 4396 
m1332 5 22 30 37 46 272 280 287 296 1522 1537 1855 1872 1880 1887 1896 2305 2322 2330 2337 2346 4387 4837 
m973 22 23 36 1123 1136 3686 
m1230 22 41 46 1141 1146 2341 
m1836 23 36 38 40 41 1173 1186 1188 1190 1923 1936 1938 1940 2023 2036 2073 2086 2088 3673 3686 4323 4336 
m15 18 46 2318 2346 
m3050 5 13 14 33 655 705 713 1655 1664 4163 
m1315 14 22 39 40 46 740 1114 1122 1139 1140 1146 1990 1996 2014 2040 2046 2340 3246 4464 
m1538 23 45 46 1195 2323 2345 3673 
m3231 45 2295 
m2994 22 23 36 41 1122 1123 1136 1822 1823 2072 2073 3673 4323 4586 
m399 14 46 746 2346 
m1340 45 46 2345 
m3319 22 45 46 1146 2272 2296 
m3596 36 40 45 46 1840 1845 2036 2040 2045 2340 2345 4836 
m2577 44 46 2344 2346 
m3259 36 39 40 1836 1839 1840 1986 1990 2036 2039 2040 
m2063 22 37 40 46 1122 1137 1146 2022 2037 2046 2322 2337 2346 4837 
m472 22 23 30 1123 1130 1180 1530 
m1517 14 49 2464 
m2971 14 22 40 46 722 746 2014 2022 2046 2322 
m1217 22 23 30 36 40 41 1122 1123 1130 1136 1140 1172 1180 1186 1522 1523 1536 1822 2023 2030 2036 2072 2073 2080 2086 2090 3673 4323 
m966 36 46 49 1849 2336 2349 2486 2499 
m731 14 22 38 46 49 722 749 1938 1946 2314 2322 2346 2349 2472 
m3312 40 45 46 2046 2290 2296 2340 2346 
m2881 46 
m350 12 36 40 41 46 636 640 641 1836 1840 1841 2036 2041 2336 2340 2341 3136 4336 4812 
m446 14 22 46 722 746 2322 2346 
m1200 45 2295 
m722 22 41 1122 1141 
m3583 13 14 22 46 672 722 1113 1114 2313 2322 3213 4814 
m1945 13 22 33 36 40 46 1113 1122 1133 1136 1140 1146 1813 1833 1840 1846 2013 2022 2033 2036 2040 2046 2313 2333 4163 
m1183 36 
m2819 37 40 46 2037 2046 2337 4837 4846 
m1352 32 33 40 46 1633 2032 2033 2040 2046 2332 2333 
m2442 45 46 2296 2346 
m483 37 46 2337 
m1755 12 22 23 36 40 45 46 49 622 623 636 640 645 649 1123 1136 1140 1145 1195 1822 1823 1840 1845 1849 2012 2023 2036 2045 2046 2049 2322 2323 2336 2340 2345 2349 2472 2473 2486 2490 2495 3136 4323 4336 4812 
m1385 4 42 45 2254 2292 2742 
m777 22 44 46 1144 1146 2246 2322 2344 2346 4846 
m2325 
m2631 22 26 44 46 1146 1346 2344 2346 4846 
m2729 36 38 41 1838 2088 4341 
m163 36 38 1838 1936 1938 
m498 22 36 45 46 1136 1146 1845 1846 2336 2345 2346 4836 4846 
m373 5 22 36 46 49 272 286 296 299 1149 1822 1849 2322 2346 2349 4836 
m1047 17 22 44 46 49 899 1144 1146 2217 2246 2317 2344 2346 2349 3396 4817 4846 
m1992 22 23 30 1122 1123 1130 1172 1173 1180 1522 1523 1530 3673 
m2963 22 36 41 49 1122 1136 1141 1149 1822 1841 1849 2072 2086 2091 2099 2472 2486 2491 4336 
m1964 22 23 30 36 40 41 46 1122 1123 1130 1136 1140 1141 1146 1191 1523 1536 1541 1546 1841 1846 2023 2030 2036 2040 2041 2046 2072 2341 3696 4323 
m1338 22 23 30 36 40 1122 1123 1130 1136 1172 1173 1180 1186 1190 1522 1523 1530 1536 1540 1822 1823 1830 1840 2022 2023 2030 3673 
m2887 23 36 41 1186 1191 1823 1836 1841 2073 2086 2091 4341 4586 
m3285 22 26 33 1126 1133 1676 
m3094 41 
m2200 46 
m39 12 23 36 41 46 636 1823 2062 2073 2096 2336 3123 4586 4812 4823 
m459 46 2346 
m1942 13 20 33 36 40 41 670 686 690 691 1033 1036 1040 1041 1686 1690 1691 1840 1841 2036 2041 3183 3536 4336 
m2536 27 46 49 2327 2346 2477 2496 
m635 14 22 41 714 741 1114 1141 2064 2072 2091 
m510 37 46 2337 
m2221 32 46 48 2332 2348 2432 
m3255 32 36 1832 4336 
m363 9 36 49 1809 2459 2486 2499 2959 4309 4336 
m2880 45 46 2345 
m3431 8 36 40 46 1808 1836 1840 1846 2008 2036 2040 2046 2308 2336 4336 
m3013 
m1713 
m1232 26 32 33 37 1333 1626 1633 1637 1876 1883 
m3461 15 45 795 
m1413 22 23 30 46 1122 1123 1130 1146 1180 1522 1523 1530 1546 2330 4823 
m2318 38 45 46 1945 1946 2296 
m2674 22 44 46 1144 1146 2246 2344 2346 4846 
m252 22 44 46 1144 1146 2222 2246 2322 2344 2346 4846 
m487 5 13 14 33 263 283 705 713 733 4163 
m1326 5 41 2055 
m1726 14 45 745 
m3174 14 22 23 30 36 40 41 741 1123 1130 1136 1140 1141 1191 1523 1536 1540 1541 1823 1841 2023 2036 2041 2072 2073 2080 2086 2090 2091 3673 4323 
m2896 22 45 46 1122 1145 1146 2345 
m1044 45 46 2296 2346 
m2710 32 36 38 46 1832 1932 1936 1938 1946 2332 2336 2346 4836 
m408 5 45 46 2255 2296 2305 
m3658 22 26 33 40 1126 1133 1676 2022 2026 2033 
m1049 5 22 37 45 1105 1122 1137 1145 1855 1895 2255 
m2659 22 44 46 1146 2344 2346 4846 
m1481 22 36 38 41 49 1136 1138 1141 1149 1822 1838 1841 1849 1922 1936 1941 2072 2086 2088 2099 2472 2486 2488 2491 4336 
m120 22 23 30 36 40 46 49 1122 1123 1130 1136 1140 1146 1149 1172 1173 1522 1523 1530 1540 1546 1822 1823 1830 1840 1846 2022 2023 2030 2036 2040 2046 2322 2323 2330 2336 2340 2346 2349 2480 2486 2490 2496 3696 4823 
m1621 22 37 45 46 49 1137 1146 2272 2287 2296 2299 2472 2487 2496 4837 
m2664 
m673 13 22 33 36 40 47 672 686 690 697 1113 1122 1133 1136 1140 1147 1672 1686 1690 1697 1847 2036 2047 3183 
m2785 5 14 40 45 46 705 745 2005 2014 2045 2046 2255 2305 2345 4814 
m1488 37 46 2337 
m1052 22 37 1122 1137 
m1027 38 40 46 49 1940 1946 1949 2046 2490 2496 
m677 13 22 46 1113 1122 1146 2313 2322 2346 
m2037 36 38 40 45 1845 1936 1938 1940 1945 2036 2045 2286 2295 4336 
m3407 28 38 1928 1938 
m1283 8 22 36 45 46 1108 1122 1136 1145 1146 2258 2286 2295 2296 2308 2336 2346 4308 4836 
m1540 28 
m396 14 46 746 2346 
m464 2 27 36 40 46 1352 1386 1396 1802 2002 2027 2036 2046 2302 4836 
m1000 22 38 46 1146 1922 1946 
m1691 8 408 
m2929 14 22 44 46 1114 1144 1146 2214 2246 2314 2322 2344 2346 3246 4846 
m1342 36 46 2336 4836 4846 
m704 36 46 2336 
m1290 13 22 33 36 37 40 41 683 686 690 1113 1122 1133 1136 1140 1141 1690 1813 1822 1833 1836 1840 1872 1886 1887 2013 2022 2033 2036 2040 2063 2072 2086 
m1851 36 40 45 1845 2036 2045 
m1480 36 46 2336 
m1653 5 14 22 33 36 40 264 272 283 286 290 722 736 740 1122 1136 1140 1672 1686 1690 1822 2022 2036 3233 
m713 22 41 1122 1141 2072 
m3547 22 33 46 1672 1696 2322 
m2502 13 22 33 36 40 672 686 690 1113 1122 1133 1136 1140 1672 1686 1690 1822 1840 2022 3183 
m3339 5 22 36 38 46 49 272 286 296 299 1149 1822 1849 1905 1936 1946 2322 2346 2349 4836 
m3692 22 26 36 45 46 1126 1136 1146 1336 1345 1346 1845 2336 2345 2346 4836 
m874 38 46 1946 2338 2346 
m654 13 22 36 38 40 41 1113 1136 1138 1140 1141 1813 1840 1913 1922 1936 1938 1940 1941 2013 2063 2086 2088 2090 
m856 22 30 36 40 41 46 1136 1141 1146 1541 1822 1830 1841 2022 2046 2086 2096 2336 
m484 22 36 40 41 45 46 49 1122 1136 1140 1146 1149 1836 1841 1846 2036 2041 2046 2272 2286 2290 2295 2296 2299 2336 2341 2346 2472 2486 2490 2496 2499 4341 4836 
m455 30 46 1546 2330 4846 
m1589 22 23 36 40 41 46 1122 1123 1136 1140 1186 1190 1836 1840 2036 2040 2072 2073 2086 2090 2322 2323 2336 2340 2341 3686 
m2337 5 45 295 
m2704 32 36 41 46 1632 1636 1641 1646 1832 1836 1841 1846 2082 2086 2091 2096 2332 2336 4586 4846 
m2039 13 33 45 46 2263 2283 2296 2313 2333 4163 
m1582 22 36 41 49 1122 1136 1141 1149 1822 1841 2072 2086 2091 2099 2472 2486 2491 4336 
m3404 41 
m2678 22 40 46 2046 2322 2346 
m1001 3 38 153 188 1903 
m3506 14 21 45 46 721 745 2271 2321 2345 4814 
m3027 22 37 46 1872 2322 4396 
m150 22 46 1146 
m1690 13 33 36 40 47 686 690 697 1686 1690 1697 1840 1847 2036 2040 2047 3183 4336 
m1678 22 23 30 1122 1123 1130 1172 1173 1180 1522 1523 1530 3673 
m1152 46 
m2806 5 32 1605 
m177 22 44 46 1146 2344 2346 4846 
m845 36 46 48 2436 2446 4836 
m346 13 22 33 36 40 45 672 686 690 695 1122 1136 1140 1672 1686 1690 1822 2022 2036 2272 2283 2286 2290 3183 
m2788 13 38 688 1913 1938 
m2097 5 45 46 2255 2305 2345 
m2850 23 30 45 1180 1195 1523 1530 1545 2273 2280 2295 3673 
m2018 5 32 45 1605 1645 2255 
m1246 37 
m2287 32 45 1645 
m928 37 38 46 1888 2338 4396 
m3131 22 23 36 40 41 46 49 1123 1136 1141 1149 1836 1849 2022 2036 2041 2046 2049 2073 2086 2091 2099 2322 2323 2336 2341 2349 2472 2473 2486 2491 4323 4336 4836 
m197 38 45 46 1938 1945 1946 2345 
m618 23 30 46 1523 1546 2323 
m3627 14 36 49 1814 2464 2486 4314 4336 
m824 18 46 2318 
m822 23 38 45 1188 1195 1945 2288 2295 
m2441 45 2295 
m2183 13 22 33 36 40 48 672 686 690 1113 1122 1133 1136 1140 1672 1686 1690 1822 2022 2036 2413 2422 2433 2436 2440 3183 
m3004 10 46 2310 2346 
m3554 23 36 41 49 1186 1199 1823 1836 1849 2073 2086 2099 2473 3673 4323 4586 
m3574 
m288 45 
m1722 36 45 46 1845 2286 2295 2345 4836 
m732 8 25 46 49 408 446 449 1258 1296 2349 
m3471 5 13 14 33 263 283 705 713 733 3183 
m1702 5 36 40 46 49 286 296 299 2005 2036 2046 2346 2349 2486 4836 
m547 46 
m1577 13 33 36 40 46 690 1813 1833 1840 2033 2313 2333 3183 4836 
m1875 6 42 46 346 2146 2842 
m356 30 46 2330 
m1927 23 36 40 41 1186 1190 1191 1840 1841 2036 2040 2041 
m2040 8 33 46 433 446 4833 
m3111 22 23 30 36 40 41 1122 1123 1130 1136 1140 1172 1180 1186 1522 1523 1536 1822 2023 2030 2036 2072 2073 2080 2086 2090 3673 4323 
m1828 22 46 1146 
m2732 13 33 36 49 663 683 686 699 1663 1683 1686 1699 1833 1849 2463 2483 2486 3183 
m2938 14 22 36 49 749 1114 1136 1149 1814 1849 
m270 22 30 46 1130 1146 2330 
m2201 30 38 45 46 1945 1946 2280 2296 2330 2338 2345 2346 4846 
m1308 45 46 2295 2345 
m2998 27 36 46 48 1827 2327 2336 2436 2446 
m2480 14 32 41 741 1614 1641 
m2692 23 38 45 46 1195 1923 1945 1946 2323 2345 
m2423 46 
m2338 18 
m1930 13 46 2313 
m868 22 23 36 38 40 1123 1136 1138 1140 1173 1922 1923 1936 1938 1940 2023 2036 2038 3686 
m2474 28 36 1828 1836 
m2509 22 44 46 1144 1146 2222 2244 2246 2322 2344 2346 4846 
m940 22 40 46 1146 2340 
m2609 22 44 46 1146 2344 2346 4846 
m3439 36 38 46 48 1836 1838 1848 1936 1938 1948 2336 2338 2348 2436 2438 2448 4336 4836 
m3380 22 
m607 14 32 36 41 46 736 741 1614 1641 2314 2332 2336 2341 4136 4586 
m1709 22 36 40 41 1822 1836 1841 2036 2041 2072 2086 2090 2091 4586 
m2498 38 
m834 22 33 46 1133 1146 2333 
m371 12 49 649 2462 2499 
m230 22 38 44 46 1146 1922 1944 1946 2344 2346 4846 
m3712 22 36 40 46 1122 1136 1140 1146 1822 1836 1840 1846 2022 2036 2046 2322 2336 2340 2346 4346 4836 
m883 26 33 46 49 1333 1346 1349 2349 2483 4833 
m46 23 30 36 40 46 1173 1190 1196 1523 1536 1540 1546 1823 1840 2023 2046 2340 3696 4323 4346 
m2246 12 23 30 36 41 612 630 636 641 1191 1523 1541 1812 1823 1830 1836 1841 2062 2073 2086 3123 
m3201 22 30 37 46 1130 1137 1146 1880 2322 2330 2337 2346 4837 
m403 14 46 2346 4814 
m2091 22 36 46 49 1136 1146 1846 1849 2349 
m3068 5 26 33 45 1305 1333 1345 1655 1695 2255 
m1636 38 40 41 46 49 1941 1946 2090 2340 2341 2488 2491 2496 
m857 33 45 46 1695 2345 4833 
m1772 13 22 36 45 46 672 1822 2263 2272 2286 2296 2313 2322 2336 4313 
m1159 45 46 2296 
m3205 22 46 1146 
m843 11 13 33 39 563 583 589 689 1983 3183 
m58 37 46 1896 2337 2346 4837 
m1337 13 17 22 672 872 3363 
m214 3 45 153 2253 
m3191 32 36 44 46 1644 2236 2332 2336 2344 2346 4136 
m2486 22 45 46 1145 1146 2345 
m1489 8 37 46 408 437 446 1858 2308 4396 
m2205 27 45 46 2277 2296 2327 4846 
m594 5 14 26 45 705 745 1305 1314 1345 2255 
m1220 13 22 33 36 40 672 686 690 1113 1122 1133 1136 1140 1672 1686 1690 2036 3183 
m2346 22 23 30 36 40 46 1122 1123 1130 1136 1140 1146 1172 1173 1522 1523 1530 1540 1546 1822 1823 1830 1840 1846 2022 2023 2030 2036 2040 2046 2322 2323 2330 2340 2346 3696 4823 
m2644 16 23 36 1186 1816 3666 
m799 22 37 46 1872 2322 2337 
m1834 36 45 46 1845 2345 4836 
m616 37 1887 
m2416 14 22 30 36 40 722 730 736 1114 1122 1130 1136 1140 1522 1536 1540 1822 1840 2022 2040 
m14 13 22 32 33 36 40 46 690 696 1113 1122 1132 1133 1136 1140 1146 1613 1633 1636 1640 1646 1690 1813 1833 1840 1846 2013 2033 2046 2333 2340 3183 
m211 45 
m3043 22 30 37 46 1130 1137 1146 1880 2330 4396 
m2504 40 45 46 2046 2290 2296 4846 
m889 22 23 36 41 46 49 1123 1136 1146 1149 1191 1836 1841 2323 2336 2341 2473 2486 2491 2496 4323 4336 4836 
m1948 12 36 40 41 46 49 636 640 641 649 1836 1840 1841 2036 2041 2336 2340 2341 2349 2486 2490 2491 3136 4336 4812 
m819 22 23 30 1122 1123 1130 1172 1173 1180 1522 1523 1530 3673 
m2687 9 14 22 44 46 709 744 746 1109 1114 1122 1144 1146 2209 2246 2309 2322 2344 2346 4814 
m863 22 36 46 1122 1136 1146 1822 1846 2322 
m370 27 49 1399 
m2068 12 30 45 630 2262 2280 
m279 5 14 32 705 1605 1614 
m730 22 23 30 1122 1123 1130 1172 1173 1180 1522 1523 3673 
m1465 22 36 40 46 1122 1136 1140 1146 1840 2040 2336 2340 
m1102 37 45 46 1895 2337 2345 2346 
m3698 30 40 45 46 2045 2046 2280 2296 2330 2345 4846 
m2396 5 46 2305 
m304 23 36 45 1186 2273 2286 2295 3673 3686 
m2833 37 38 41 46 1937 1938 1941 1946 2087 2096 4837 
m2152 22 46 1122 1146 2346 
m978 26 40 46 1326 1340 1346 2026 2046 2326 3826 
m3058 33 45 1695 2283 2295 
m1535 23 45 46 1195 2323 2345 3673 
m2483 26 46 1346 2346 
m1259 36 38 49 1849 1936 1938 1949 
m2232 22 36 40 49 1149 1822 1849 2022 2036 2049 
m2256 22 30 36 40 46 1122 1130 1136 1140 1146 1536 1540 1546 1836 1840 1846 2022 2030 2036 2040 2046 2322 2330 2336 2340 2346 4346 
m728 30 45 46 2280 2295 2296 2330 2346 
m2248 22 44 46 1144 1146 2246 2344 2346 4846 
m1714 22 36 41 46 48 1136 1141 1848 2086 2098 2322 2336 2341 2348 4336 
m2041 22 23 30 41 46 1122 1123 1130 1146 1180 1523 1530 1546 2072 2073 2080 2091 2096 2330 4823 
m3167 28 37 38 39 46 1878 1928 1937 1938 1939 1946 1978 1987 2328 4396 4496 
m1805 22 23 36 40 41 46 1123 1136 1140 1141 1146 1190 1822 1823 1836 1840 1841 2023 2036 2040 2041 2046 2072 2073 2086 2096 2322 2323 2336 2340 2341 2346 3673 3686 4323 4346 4823 
m1294 36 40 46 2036 2046 2340 2346 4836 4846 
m2646 40 46 2046 2346 
m3162 23 30 45 46 1173 1180 1196 2273 2296 2330 2346 4823 
m1493 5 36 46 49 255 286 1805 1836 1846 1849 2305 2336 2455 2486 2496 
m44 9 36 45 46 486 495 496 1845 2309 2336 2345 2346 
m915 32 49 1649 
m3701 13 22 36 38 40 1113 1122 1136 1138 1140 1813 1840 1913 1936 1940 2013 
m933 14 27 38 727 1364 1377 1388 1914 1927 
m877 22 23 30 46 1122 1123 1130 1146 1180 1523 1530 1546 2330 2346 4823 
m1729 22 26 41 46 1141 1146 1322 1341 1346 2341 
m1826 14 36 40 45 46 736 740 745 1840 1845 1846 2036 2045 2046 2286 2296 2336 3246 4336 
m1604 13 22 36 49 699 1113 1122 1136 1149 1813 1849 
m1166 
m2934 38 
m369 17 22 41 46 872 891 1141 2322 2341 4817 
m3136 22 23 30 38 1122 1123 1130 1138 1172 1173 1188 1522 1523 1530 1538 3673 
m948 13 22 33 672 1672 3183 
m3382 36 38 40 45 1838 1936 1938 1940 2036 2038 2286 2288 
m2766 32 37 46 1632 1637 1882 2332 2337 
m568 22 44 45 46 1144 1145 1146 2294 2296 2344 2346 
m139 5 36 37 38 45 46 286 295 1845 1855 1886 1895 1936 1937 1938 1946 2305 2336 2337 4336 
m3281 45 46 2296 
m1884 22 26 44 46 1122 1144 1146 1322 1326 1344 1346 2344 2346 4846 
m2996 8 37 46 437 446 4837 
m451 26 45 46 1345 1346 2295 2345 
m2891 46 
m3459 33 37 46 1883 1896 4833 
m3460 5 33 45 46 1655 1695 2255 2305 2345 4833 
m993 11 45 595 
m1972 45 46 2345 2346 
m1107 45 49 2295 2299 
m3448 14 714 
m840 22 32 46 1132 1146 2332 
m2373 13 37 46 1896 2313 4363 
m2709 32 37 38 46 1637 1646 1932 1937 1946 2332 2337 2346 4837 
m3097 14 49 2464 
m3617 37 
m3526 38 46 49 1946 1949 2346 2496 2499 
m763 22 44 46 1146 2246 2344 2346 4846 
m718 23 30 45 46 1195 1523 1545 1546 2323 2330 2345 2346 3696 4823 4846 
m3598 23 36 41 1186 2073 3673 4323 4586 
m470 2 45 46 2252 2296 2302 
m1750 22 23 38 46 49 1122 1123 1138 1146 1199 1923 1938 1946 1949 2323 2346 2349 
m1824 12 22 36 622 1112 1122 1136 1822 4312 
m1113 22 44 46 1144 1146 2246 2344 2346 4846 
m434 9 14 709 
m30 13 22 32 38 46 682 1113 1132 1146 1913 1922 1932 1946 2313 2332 
m3406 13 37 4363 
m675 32 36 41 46 1641 1646 2332 2336 2341 2346 4136 4586 
m656 17 33 38 45 895 1695 1917 1933 1938 1945 3383 
m2550 13 22 38 672 1113 1138 1913 1922 
m802 22 40 44 46 1146 2044 2046 2246 2344 2346 4846 
m2180 5 13 33 46 263 283 296 696 2305 2313 2333 2346 3183 
m706 22 23 36 40 46 49 1172 1822 1836 1849 2022 2023 2036 2046 2049 2322 2323 2336 2349 2472 2473 2486 4323 4336 4836 
m2627 37 46 1896 
m2910 22 40 46 1140 1146 2340 
m374 5 45 295 
m3399 13 33 46 2313 2333 4163 
m1416 22 26 44 46 1146 1322 1344 1346 2344 2346 4846 
m2089 45 
m2854 22 23 1122 1123 1172 1173 3673 
m627 36 46 1836 1846 4836 
m2926 26 46 1326 1346 2346 
m3056 37 40 46 2037 2046 4837 
m2757 30 36 46 1536 1546 2330 2336 2346 4836 
m599 26 27 46 1327 1346 1377 2327 
m361 22 23 30 38 1123 1130 1172 1173 1188 1522 1523 1530 1538 3673 
m1723 22 23 30 1122 1123 1130 1172 1173 1180 1522 1523 1530 3673 
m2769 5 14 38 45 46 705 745 1905 1914 1945 1946 2255 2305 2345 4814 
m1855 26 46 1326 1346 2326 2346 3826 
m833 22 23 31 36 1123 1131 1136 1172 1173 1573 1822 1823 3673 3686 4086 4323 
m3243 5 45 295 
m390 36 46 2336 2346 4836 4846 
m133 36 45 49 1849 2286 2299 
m691 22 36 37 40 46 1137 1146 1822 1837 1846 1872 2022 2036 2046 2322 2337 2346 4346 4837 
m2954 22 23 36 40 41 1122 1123 1136 1140 1141 1186 1190 1836 1840 2036 2040 2072 2073 2086 2090 3686 
m3368 14 46 714 746 2314 2346 4814 
m1686 5 45 46 2255 2296 2305 
m3164 16 38 46 838 2338 4816 
m1580 14 37 40 46 737 740 746 2037 2046 4837 
m1565 34 1734 
m437 11 45 595 
m240 45 46 2345 
m115 6 36 40 42 46 49 2006 2036 2042 2046 2049 2306 2336 2342 2349 2456 2486 2492 4306 4342 4606 
m1486 18 45 2268 
m1419 32 36 1832 
m785 32 36 45 46 1832 2282 2286 2296 2332 2336 2346 4836 
m3703 22 23 41 1141 1172 1173 1191 
m1212 37 38 46 1896 1937 1946 
m1842 22 36 40 46 1122 1136 1140 1146 1840 2036 2040 2336 2340 
m2344 36 40 41 46 1841 2036 2040 2041 2046 2086 2090 2091 2096 2336 2340 2341 2346 
m1101 12 13 33 46 662 696 2333 3133 3183 4812 
m3549 27 45 46 2277 2296 2327 2346 
m429 36 42 4636 
m2846 14 22 45 745 1114 1145 
m1529 12 33 37 46 1862 2333 2337 4162 4383 4812 
m2843 30 45 46 2280 2295 2296 2330 2346 
m410 30 38 46 1930 1946 2330 
m2693 14 30 46 730 746 2330 
m3522 36 40 1836 1840 2036 2040 4336 
m1989 22 44 46 1146 2322 2344 2346 4846 
m154 22 
m1949 33 45 1695 
m1241 22 23 32 36 40 46 49 1122 1123 1132 1136 1146 1149 1172 1173 1182 1186 1190 1196 1199 1622 1623 1632 1636 1640 1646 1822 1823 1832 1836 1840 1846 1849 2022 2023 2032 2036 2046 2322 2323 2332 2336 2346 2349 2472 2473 2482 2486 2490 2496 3673 3686 3696 4323 4346 
m2422 22 47 2372 2397 
m3125 22 23 30 36 40 41 46 1122 1123 1130 1136 1140 1141 1146 1191 1523 1536 1541 1546 1841 1846 2023 2030 2036 2040 2041 2046 2072 2341 3696 4323 
m3310 26 33 45 1333 1345 1695 
m1073 23 36 40 1823 1836 1840 2023 2036 2040 3686 
m1003 22 44 46 1146 2222 2246 2344 2346 4846 
m202 
m3588 22 45 1145 
m3141 14 40 46 2014 2040 2046 2314 2346 4814 
m1189 36 40 48 49 1836 1840 2036 2436 2440 2449 2486 2490 4336 
m2335 23 30 45 1195 1523 1545 
m1738 13 22 30 47 680 697 1113 1122 1130 1147 2380 
m1819 12 14 27 46 712 746 1362 1364 1396 2312 2346 3246 4812 
m1614 22 37 46 1137 1146 2337 2346 4837 
m3269 13 38 1913 1938 
m806 18 45 945 
m2105 21 26 45 46 1321 1345 1346 2271 2321 2345 
m707 22 23 36 46 49 1123 1136 1146 1149 1836 1846 1849 2323 2336 2473 2486 2496 3686 4323 4336 4836 
m1414 36 45 46 49 1845 2336 2345 2346 2349 2486 2495 2496 
m980 37 46 1896 
m1444 13 38 46 663 696 1913 1946 
m1916 22 36 40 1122 1136 2022 2036 2040 
m767 22 30 32 36 40 41 46 49 1122 1130 1132 1136 1140 1141 1146 1522 1532 1536 1546 1622 1646 1822 1830 1832 1836 1840 1846 1849 2022 2030 2032 2036 2040 2046 2049 2072 2090 2096 2322 2472 2480 2482 2486 2490 2496 4346 4846 
m2619 14 22 46 722 746 2322 2346 
m808 36 41 46 1841 2341 4836 
m1590 7 22 46 1107 1122 1146 2307 2346 
m2412 5 13 22 33 36 38 40 46 263 272 283 286 290 672 686 690 1113 1122 1133 1136 1140 1672 1686 1690 1822 1905 1913 1922 1933 1936 1940 1946 2022 2036 2305 2313 2322 2333 2336 2340 3183 
m2826 32 46 1632 1646 2332 2346 
m3219 14 36 49 1814 1849 2464 
m907 5 14 36 264 286 4314 
m597 26 38 45 46 1338 1345 1346 1938 1945 2288 2338 2345 
m1591 13 33 36 40 48 698 1698 1813 1833 1848 2013 2033 2036 2048 4163 
m3432 32 36 1832 
m1662 5 45 295 2255 2295 
m1551 14 
m793 8 
m53 29 
m1999 37 41 46 2087 2096 4837 
m90 43 
m1301 30 36 40 46 48 1830 1848 2030 2036 2046 2330 2336 2346 2348 2430 
m2516 36 48 1836 1848 2436 2448 4336 
m3396 27 36 48 49 1386 1398 1399 1827 1848 1849 2486 2498 2499 4336 
m2594 22 37 46 1122 1137 1146 1872 2322 2346 4387 4396 4837 
m3589 9 17 40 46 49 859 896 2009 2017 2046 2049 2309 2346 2459 2467 2496 3396 
m1695 12 40 46 2012 2046 4812 
m3216 14 22 1114 1122 
m3135 22 35 46 1135 1146 1796 
m2095 37 46 4837 
m734 26 36 46 1336 1346 2336 2346 4836 
m2280 5 32 36 45 1605 1805 1845 2255 2282 4332 
m3749 23 30 1523 
m3620 12 26 45 46 645 1312 1345 1346 2345 4812 
m3049 26 36 46 1826 2326 2336 2346 4346 
m322 22 27 36 46 49 1127 1136 1146 1149 1377 1386 1396 1399 1827 1849 2322 2327 2336 2346 2349 2477 2486 2496 2499 
m3621 30 45 46 2280 2296 2330 2346 4846 
m1062 13 20 22 33 36 40 45 672 686 690 1013 1022 1036 1040 1045 1113 1122 1133 1136 1140 1145 1672 1686 1690 1813 1822 1833 1836 1840 2013 2022 2033 2036 2040 2263 2272 2286 2290 2295 3183 
m971 7 45 46 2257 2295 2296 2307 2346 
m3391 17 32 882 1617 1632 
m299 14 40 46 740 2014 2040 2046 2340 2346 3246 4814 
m3496 22 23 30 36 40 41 46 1122 1123 1130 1136 1140 1141 1146 1180 1522 1523 1530 1536 1540 1546 1822 1823 1830 1836 1840 1841 1846 2022 2023 2030 2036 2040 2041 2046 2072 2086 2090 2322 2323 2330 2340 4823 4846 
m2733 5 36 45 46 49 286 296 299 1836 1846 1849 2255 2286 2296 2299 2336 2349 
m3499 36 46 49 1849 2336 2346 2349 4836 
m2857 13 46 2313 2346 4813 
m1447 36 46 49 1849 2336 2349 4336 
m418 5 37 46 1855 2305 4837 
m837 36 40 41 1836 1840 1841 2036 2041 2086 2091 4336 4341 4586 
m1341 22 23 36 41 1122 1123 1136 1141 2073 3686 4586 
m563 12 17 46 612 2312 2317 2346 3117 4812 
m3158 11 13 33 563 583 661 1661 4163 
m2122 14 36 40 46 1814 1846 2014 2036 2040 2046 2346 4346 4814 
m2377 12 23 36 46 49 636 649 1199 1849 2336 2349 3123 3686 4812 4823 
m1962 16 22 44 49 844 849 1116 1144 2494 
m1173 22 30 46 1522 1546 2322 4846 
m3581 46 
m3660 13 22 32 36 40 672 686 1113 1122 1136 1140 1613 1622 1636 1822 1836 1840 2022 2036 2040 
m2722 22 45 46 1145 1146 2296 
m2198 36 40 46 1840 2336 2340 
m3672 22 23 36 40 41 1122 1123 1136 1140 1141 1172 1822 1823 1836 1840 2023 2036 2072 2073 2086 2090 2091 3673 4323 4586 
m3675 23 30 41 45 1180 1191 1541 2273 2280 2291 
m27 26 45 46 2276 2296 2326 
m290 22 1122 
m1503 45 2295 
m2368 45 
m254 22 40 44 46 1140 1144 1146 2022 2040 2044 2046 2222 2240 2246 2322 2340 2344 2346 4846 
m2222 32 36 41 46 1641 1646 2332 2336 2341 2346 4136 4586 
m746 23 38 46 1188 1923 1938 1946 2338 2346 3696 4823 
m3213 22 36 41 46 49 1136 1141 1849 2086 2099 2322 2336 2341 2349 4336 
m2972 12 45 46 645 2345 4812 
m1267 22 23 30 46 1122 1123 1130 1146 1196 1523 1530 1546 2322 2323 2330 2346 3696 4823 
m2351 5 13 22 26 33 46 263 283 672 1305 1313 1333 1346 1672 2305 2313 2322 2333 4163 
m2495 41 46 2091 2096 2341 
m170 14 22 32 36 39 40 41 49 722 1614 1622 1639 1641 1814 1822 1832 1836 1839 1841 1849 1972 2014 2036 2041 2049 2064 2072 2082 2089 2091 2482 2486 2489 2491 4464 4586 
m2130 37 40 46 49 1899 2037 2046 2049 2337 2340 2346 2349 4396 
m684 22 36 41 49 1136 1141 1822 1849 2072 2086 2091 2099 2472 2486 4336 
m916 14 22 41 46 741 1114 1141 2314 2322 2341 2346 4814 
m2947 14 45 2264 3214 
m1411 23 30 46 49 1180 1199 1549 2323 2330 2346 2349 2473 2480 2496 
m505 37 38 39 46 49 1899 1937 1946 1987 1988 1996 1999 2337 2346 2349 4496 4837 
m1765 23 30 36 46 1173 1180 1186 1196 1523 1530 1536 1546 1823 1830 1836 1846 2323 2330 2336 2346 3696 4823 4836 
m3045 23 30 36 1180 1530 1823 1830 
m1490 23 45 1195 2273 2295 
m500 26 33 47 1333 1347 1697 
m2822 23 46 2346 3696 4823 
m65 45 46 2295 2345 2346 
m2181 16 
m1306 5 13 33 46 263 283 2305 2313 2333 4163 
m2142 22 40 46 1146 2022 2046 2346 
m1122 32 36 4332 
m852 26 32 36 38 46 1332 1336 1346 1832 1926 1932 1936 1946 2332 2336 2346 4836 
m2647 11 13 22 33 36 40 661 1111 1113 1122 1133 1136 1140 1661 1811 1813 1833 1840 2011 2013 2033 4163 
m700 22 23 36 40 46 49 1172 1822 1836 1849 2022 2023 2036 2040 2046 2049 2322 2323 2336 2349 2472 2473 2486 4323 4336 4836 
m1975 26 38 40 46 1338 1340 1346 1946 2340 
m1225 30 36 40 46 49 1549 1830 1836 1846 1849 2030 2036 2040 2046 2049 2330 2349 2480 2499 
m83 44 46 49 2246 2494 2496 
m1537 45 46 2296 
m3103 46 4846 
m236 3 23 30 41 46 180 1180 2053 2073 2080 2096 2303 2330 2673 4823 
m3642 37 40 45 46 1890 2287 2290 2296 2340 4396 
m3441 8 46 408 446 2308 2346 
m3002 40 46 2046 
m2907 30 37 40 46 1880 1890 2030 2046 2330 4396 
m3397 13 36 40 45 686 1813 1840 1845 2013 2036 2045 2263 2286 4336 
m593 37 46 4396 
m972 9 36 1809 1836 2959 4309 4336 
m1051 5 36 40 46 286 290 296 2036 2046 2305 2340 2346 4346 4836 
m983 14 46 746 
m2820 37 38 46 1937 1946 2337 2346 4837 
m1005 22 44 46 1146 2246 2344 2346 4846 
m130 5 37 45 46 1855 2255 2287 2296 2305 4837 
m2208 22 23 30 41 46 1122 1123 1130 1141 1146 1172 1173 1180 1191 1522 1523 2072 2073 2080 2322 2323 2330 2341 3673 
m2017 22 40 1140 
m1710 22 36 40 41 46 49 1136 1140 1141 1836 1849 2036 2049 2086 2090 2099 2322 2336 2340 2341 2349 4336 
m744 14 40 740 
m2966 14 33 40 46 733 740 746 1690 2340 4196 
m1461 32 36 38 41 46 1641 1646 1932 1936 1941 1946 2332 2336 2341 2346 4136 4586 
m2061 22 45 2272 
m3036 22 37 46 1137 1146 4837 
m534 27 36 46 49 1827 2327 2336 2486 2496 
m1626 14 22 38 46 738 1114 1138 2314 2322 2338 2346 4814 
m3023 40 45 46 2040 2045 2046 2345 
m2398 46 
m725 5 32 36 255 282 286 1805 1832 
m159 22 36 49 1149 1822 1836 1849 2472 2486 2499 
m2798 5 32 255 1605 1632 
m3450 14 22 36 40 722 736 740 1114 1122 1136 1140 1822 2022 2036 
m1858 45 46 2296 
m2332 23 32 38 46 1182 1188 1196 1923 1932 1938 1946 2332 2338 2346 3696 4823 
m1747 22 23 36 40 41 46 49 1123 1136 1140 1173 1186 1190 1199 1840 2022 2023 2036 2040 2041 2049 2072 2073 2086 2090 2091 2099 2322 2323 2340 2341 2473 2486 3673 3686 4323 
m1198 36 
m2633 22 38 44 46 1146 1922 1944 1946 2344 2346 4846 
m957 27 32 38 46 1382 1388 1396 1638 1646 1946 
m2345 22 33 38 46 1122 1133 1146 1672 1922 1933 1946 2322 4833 
m954 22 38 45 46 1122 1146 1922 1938 1945 1946 2272 2288 2295 2296 2346 
m3278 45 46 2296 
m2096 22 36 45 1136 1145 1845 
m1744 22 23 27 36 40 1122 1123 1127 1136 1140 1190 1372 1373 1386 1390 1823 1840 2023 2040 
m1335 37 40 45 46 1890 2287 2290 2337 2340 2345 
m3096 22 23 45 1123 1145 1172 1195 3673 
m2353 6 36 42 46 49 2306 2336 2342 2456 2486 2492 2496 2836 4606 4636 
m2500 8 46 2308 2346 4846 
m3740 23 46 1173 1196 3696 
m727 5 13 22 45 46 655 1113 1145 1146 2255 2263 2296 2305 2313 
m443 37 45 46 1895 2345 4837 
m1293 14 36 40 46 1814 1846 2014 2036 2040 2046 2346 4346 4814 
m2699 22 44 46 1146 2344 2346 4846 
m3342 26 40 46 1346 2026 2046 2346 
m3410 6 14 32 314 332 732 
m251 36 38 46 1936 1946 4836 
m535 32 36 41 46 1636 1641 1841 2332 2336 2341 4136 4336 4341 4836 4846 
m1961 5 13 22 33 36 40 46 263 272 283 286 290 672 686 690 1113 1122 1133 1136 1140 1672 1686 1690 1822 2022 2036 2305 2313 2322 2333 2336 2340 3183 
m1199 33 38 46 1688 1938 1946 2338 4196 
m710 13 22 33 1113 1133 4163 
m1314 23 45 1195 2273 2295 
m2924 40 46 2046 2346 
m1226 37 46 4837 
m1606 26 46 1346 2346 
m1953 22 23 30 1122 1123 1130 1172 1173 1180 1522 1523 1530 3673 
m631 22 45 46 1145 1146 2296 
m1380 36 40 46 49 1836 1840 1846 1849 2036 2046 2049 2336 2340 2346 2349 2486 2490 2496 4346 4836 4846 
m292 26 32 46 1626 1646 2326 
m1250 36 46 49 1849 2346 2349 4836 
m2293 36 49 1849 2486 2499 
m1645 22 23 36 49 1123 1136 1172 1173 1186 1199 1822 1823 1849 2472 2473 2486 3673 4323 4336 
m3022 45 46 2345 2346 
m1971 13 22 33 49 699 1113 1122 1149 1672 1699 4163 
m1364 32 36 41 46 1641 2332 2336 2341 2346 4136 4341 
m2702 22 44 46 1146 2344 2346 4846 
m1985 22 23 30 39 1123 1522 1523 1972 1973 1980 3673 
m665 13 22 38 1113 1122 1138 1913 
m1025 26 33 37 44 46 1333 1337 1344 1346 2233 2237 2333 2337 2344 2346 4383 
m970 45 46 2295 2296 
m1285 45 46 2296 
m94 12 45 46 645 2312 2345 
m1453 23 33 44 49 1183 1194 1199 1694 1699 2494 
m3330 14 20 38 46 49 720 1914 1946 2320 2349 2464 2470 4814 
m931 32 1632 
m3246 13 22 32 46 682 1113 1122 1132 1146 2313 2322 2332 
m2247 14 22 36 46 49 722 736 749 1814 1822 1849 2322 2336 2349 2472 4336 4814 
m959 13 33 4163 
m904 37 38 46 49 1887 1888 1899 1937 1946 2337 2338 2346 2349 4396 4837 
m1579 22 23 1122 1123 1172 
m2022 22 46 1146 
m3108 22 45 46 2272 2296 2322 2346 
m3486 13 23 49 673 1163 1173 1199 2463 2473 2499 3163 
m1977 14 45 745 
m2275 22 23 30 36 40 46 1122 1123 1130 1136 1140 1146 1172 1186 1190 1522 1523 1536 1540 1546 1822 2022 2036 2322 2336 2340 2346 4823 
m2662 22 44 46 1144 1146 2344 2346 
m2209 20 22 36 40 1120 1122 1136 1140 1820 1840 2020 
m1617 
m2653 30 36 40 46 49 1549 1830 1836 1846 1849 2036 2040 2046 2049 2330 2349 2480 2499 
m908 22 23 36 39 41 1123 1136 1972 1973 1986 1991 2072 2073 3673 4323 4586 
m1873 38 46 1946 
m1305 22 23 36 40 41 1122 1123 1136 1140 1141 1172 1173 1186 1190 1191 1822 1823 1836 1840 1841 2023 2036 2041 2072 2073 2086 2090 2091 3673 3686 4323 4586 
m1562 22 30 36 1136 1536 
m26 14 23 36 40 46 49 749 1814 1823 1846 1849 2014 2023 2036 2046 2314 2323 2336 2346 2349 2473 3223 4814 4823 
m835 22 23 30 36 40 41 1122 1123 1130 1136 1140 1141 1172 1173 1180 1186 1190 1191 1523 1530 1536 1540 1541 1823 1836 1840 1841 2022 2023 2030 2036 2041 2072 2073 2080 2086 2090 2091 3673 3686 4323 4336 4586 
m546 23 30 46 1173 1180 1196 1523 1530 1546 2323 2330 2346 3696 4823 
m2852 22 23 1122 1123 1172 1173 3673 
m1428 17 46 2317 2346 4817 
m2030 28 36 1828 1836 
m559 22 38 45 46 1145 1146 1922 1945 1946 2345 
m3519 23 45 46 1195 2323 2345 2346 
m1795 38 46 1946 
m3008 13 33 45 695 1695 4163 
m2748 14 37 714 737 1887 3237 
m471 13 20 22 33 36 40 670 672 686 690 1022 1033 1036 1040 1672 1686 1690 1822 1840 2022 2036 3183 3536 4336 
m140 46 
m2002 22 1122 
m119 22 23 30 38 1122 1123 1130 1138 1172 1173 1188 1522 1523 1530 1538 1922 1923 3673 
m829 5 13 22 33 36 40 655 1105 1113 1122 1133 1136 1140 1655 1805 1813 1833 1840 2013 2033 3183 
m2276 36 37 38 46 49 1837 1838 1888 1938 2338 2486 2487 2488 2496 4346 4837 
m507 13 36 38 46 49 663 686 688 696 699 1813 1836 1838 1846 1849 1913 1936 1946 1949 2336 2338 2346 2349 2463 2486 2496 3196 4813 
m3599 22 32 36 40 46 49 1622 1646 1822 1832 1836 1840 1846 1849 2032 2036 2046 2322 2482 2486 2490 2496 4332 
m3113 14 27 36 46 48 736 746 748 1364 1386 1396 1398 1846 1848 2446 
m1261 14 45 714 745 2264 2295 
m1932 36 49 1836 1849 2486 2499 4336 
m3291 36 
m1092 45 46 2296 2346 4846 
m2131 22 36 40 46 49 1122 1136 1140 1146 1822 1840 1846 1849 2022 2036 2046 2322 2336 2340 2346 2349 2486 2490 2496 4336 4346 4836 
m1705 9 13 33 38 463 483 488 688 1688 4163 
m3095 22 36 40 46 48 1136 1140 1146 1848 2036 2040 2046 2336 2340 2346 2348 4336 4836 
m1800 5 23 37 46 49 299 1155 1173 1199 1855 1873 1899 2305 2323 2349 4837 
m164 37 38 1888 1937 1938 
m3170 22 23 30 36 40 41 46 49 1122 1123 1130 1136 1140 1141 1146 1149 1172 1173 1190 1191 1522 1523 1530 1536 1540 1541 1546 1822 1823 1830 1836 1840 1846 1849 2022 2023 2030 2036 2040 2041 2046 2049 2322 2323 2330 2336 2340 2341 2346 2473 2480 2486 2490 2496 3696 4823 
m2960 5 13 22 33 655 1113 1122 1133 1655 1672 4163 
m329 22 37 46 1122 1137 1146 1872 2322 4837 
m3107 22 37 46 1872 2322 4837 
m1894 3 22 30 38 172 180 188 1522 1922 1930 1938 
m3694 46 
m2879 13 22 46 672 2322 4813 
m493 22 45 1145 
m1838 5 30 45 46 280 2255 2280 2296 2305 2330 
m1163 14 714 
m2243 46 2346 
m1711 22 36 40 41 46 48 1136 1140 1141 1148 1836 1848 2036 2048 2086 2090 2098 2322 2336 2340 2341 2348 4336 
m1618 22 46 1146 2346 
m2918 38 45 46 1945 2338 2345 2346 
m2404 46 
m160 22 32 36 40 46 1122 1132 1136 1140 1622 1632 1636 1640 1840 2040 2322 2332 2336 2346 
m257 32 46 1646 2332 2346 
m246 6 42 4606 
m2028 45 
m2680 32 1632 
m2511 23 45 46 1195 2323 2345 
m987 41 46 2341 
m3029 16 23 40 46 840 846 1190 2016 2023 2040 2046 2340 3323 3696 
m1287 5 45 46 2255 2305 2345 2346 
m3427 14 36 40 45 736 740 745 1840 2036 2286 2290 4336 
m2629 10 36 46 1810 2310 2346 4836 
m2873 46 
m316 46 2346 4846 
m1724 22 
m1053 21 
m285 29 34 36 1484 1734 1829 1834 1836 
m705 8 37 408 437 
m981 22 23 36 40 46 1122 1123 1136 1140 1146 1172 1822 2022 2023 2036 2040 2046 2322 2323 2336 2340 2346 4323 4823 
m2279 37 38 46 1888 1938 2338 4837 
m789 22 44 46 1146 2322 2344 2346 4846 
m2980 14 40 46 714 746 2014 2040 2046 2314 2340 2346 3246 4814 
m3558 9 14 36 49 709 1809 1814 1836 1849 2459 2464 2486 2499 
m457 13 33 40 46 2013 2033 2046 2313 2333 4163 
m3437 20 23 1020 1023 1170 
m3750 40 45 46 2040 2045 2046 2345 4846 
m1786 5 36 45 46 286 295 1845 2255 2286 2295 2305 2336 2345 4336 
m3007 14 22 27 40 727 1114 1127 2014 2022 2027 
m2981 36 40 46 1836 2036 2046 2336 
m3563 
m1509 14 45 745 
m1389 13 22 46 1113 1122 1146 2322 4813 
m3482 33 36 41 1686 2083 4586 
m2250 18 36 40 1818 2018 2036 
m3212 14 36 49 1814 1849 2464 
m3072 5 14 36 46 49 264 286 296 299 746 749 1849 2349 2486 2499 3236 4836 
m2149 38 46 1946 
m357 21 36 41 1821 2071 4341 
m2514 37 
m1353 14 22 36 1114 1136 4314 
m3467 22 23 36 41 45 1122 1123 1136 1141 1145 1173 1186 1195 1845 2073 2095 3673 3686 4323 4586 
m3524 38 46 1946 
m1867 13 22 45 46 696 1113 1146 2263 2272 2296 
m1593 22 40 46 1146 2340 
m2753 22 23 30 1122 1123 1130 1172 1173 1180 1522 1523 1530 3673 
m1773 14 46 746 2346 3246 
m1036 45 46 2295 2296 2346 
m1634 14 22 32 46 1114 1132 1146 1614 2314 2332 
m1680 5 45 46 2255 2295 2296 2305 2345 
m478 14 45 745 2264 2295 
m1367 32 37 1632 1637 1882 
m676 14 45 745 2264 2295 
m784 22 44 46 1144 1146 2246 2322 2344 2346 4846 
m624 37 45 1895 
m2770 22 45 1145 
m506 8 45 46 2258 2296 2308 
m3474 22 23 36 40 1122 1123 1136 1140 1173 1822 1823 1840 2022 2023 2040 3673 
m782 22 44 46 1146 2344 2346 4846 
m2942 36 
m442 36 45 46 1845 2336 2345 
m3426 14 36 40 45 736 740 745 1840 2036 2286 2290 4336 
m2359 13 22 36 38 40 1113 1122 1136 1138 1140 1813 1840 1913 1936 1940 2013 
m3151 22 45 46 1122 1146 2272 2295 2296 2322 2346 4846 
m2314 36 46 49 1836 2336 2346 2349 2486 2499 4336 
m3497 36 46 49 2336 2349 2486 
m3699 34 46 1746 
m796 26 46 1326 1346 
m2191 13 22 33 36 40 690 1113 1122 1133 1136 1140 1690 1813 1833 1840 2013 2033 4163 
m2 10 30 46 530 2310 2330 
m262 5 13 33 36 46 263 283 1805 1813 1833 2305 2313 2333 4163 4836 
m1844 23 30 46 1196 1523 1530 1546 2323 2330 2346 3696 4823 
m147 22 32 46 1122 1132 1146 2332 2346 4846 
m28 26 46 1346 
m298 40 45 46 49 2045 2046 2299 2345 2349 
m1835 17 38 46 896 1917 1938 1946 2317 2338 2346 3396 4817 4846 
m3019 40 46 2046 
m3494 36 45 1845 2286 2295 
m2406 22 30 45 1122 1130 1145 1545 
m2668 23 30 46 1173 1180 1196 1523 1530 1546 2323 2330 2346 3696 4823 4846 
m953 22 46 48 1146 1148 2348 
m1760 14 23 30 46 1514 1523 1546 2314 2323 2330 2346 3664 4814 4823 
m2658 14 36 40 46 1846 2014 2036 2040 2046 4314 4814 
m2104 22 26 38 46 1122 1146 1322 1338 1346 1922 1938 1946 2322 
m569 22 36 40 46 1122 1136 1140 1822 2022 2036 2040 2322 2336 2340 4336 
m2716 22 45 46 1145 1146 2296 
m3541 22 23 30 1122 1123 1130 1172 1173 1522 1523 3673 
m3298 23 30 46 1180 2323 2330 2346 
m137 13 46 2313 
m1934 13 22 26 33 36 40 672 686 690 1113 1122 1133 1136 1140 1313 1322 1333 1336 1340 1663 1672 1683 1686 1690 1822 2022 2036 3183 
m1698 5 13 33 46 655 1655 2305 2313 2333 4163 
m2072 13 36 46 49 699 1849 2313 2349 4313 4836 
m228 22 38 44 46 1146 1922 1944 1946 2344 2346 4846 
m2864 36 49 1849 2486 2499 
m1737 33 45 48 1695 1698 2298 
m3629 36 40 41 1840 1841 2036 2040 2041 4336 
m283 22 36 40 46 49 1146 1822 1840 1846 1849 2036 2046 2049 2322 2340 2472 2496 4846 
m522 46 2346 4846 
m2797 36 40 45 46 1836 1840 2036 2040 2046 2286 2290 2296 2340 4346 
m2270 45 2295 
m2101 37 45 1887 1895 
m3264 22 23 1122 1123 1172 
m923 22 23 36 41 49 1123 1136 1141 1172 1173 1186 1191 1199 1822 1823 1841 1849 2072 2073 2086 2091 2099 2472 2473 2486 2491 3673 3686 4323 4336 
m2148 37 1887 
m3297 36 40 45 46 1845 2036 2040 2045 2046 2296 4346 
m3279 36 40 46 2036 2046 2336 
m1778 5 13 38 45 46 263 296 1905 1913 1946 2255 2263 2288 2296 2313 
m3083 13 23 36 1186 1813 3663 
m2339 5 32 36 1605 1636 1805 
m875 14 32 732 1614 1632 
m615 12 22 23 36 40 41 46 49 640 1123 1136 1141 1149 1162 1186 1190 1196 1199 1812 1840 1846 1849 2062 2073 2086 2090 2096 2099 2340 2462 2486 2496 3146 3686 4312 4336 
m2540 22 36 41 1122 1136 1141 1841 2091 4586 
m3385 
m153 22 36 40 41 49 1136 1140 1141 1822 1836 1840 1841 2036 2072 2086 2090 2091 2472 2486 2491 4336 
m1111 22 23 36 40 41 46 1122 1123 1136 1140 1141 1146 1190 1191 1822 1823 1836 1840 1841 1846 2022 2023 2036 2040 2041 2046 2323 2336 2340 2341 3673 3686 4323 4336 
m551 46 
m2056 36 40 45 46 1845 2036 2040 2045 2046 2295 2296 2345 4346 
m2129 13 22 1113 1122 
m2672 22 44 46 1146 2322 2344 2346 4846 
m145 22 44 46 1146 2246 2344 2346 4846 
m1336 37 40 41 46 2037 2046 2087 2090 2096 4837 
m1345 36 40 41 46 49 1841 1846 1849 2036 2041 2046 2049 2336 2341 2486 2491 2496 4336 
m419 33 45 1695 
m888 22 46 1122 1146 
m360 36 46 1846 2336 2346 4836 
m764 22 44 46 1146 2222 2244 2246 2322 2344 2346 4846 
m2553 22 44 46 1146 2322 2344 2346 4846 
m2069 13 22 1113 1122 
m1123 45 2295 
