m2667 12 14 46 712 2314 2346 3146 3246 4812 
m1790 23 30 46 1180 1523 1530 1546 2330 2346 4823 
m914 32 36 40 46 2032 2036 2040 2046 2332 4332 4836 
m1525 14 32 40 46 732 1632 1646 2014 2032 2046 2332 3246 
m1888 23 36 41 49 1191 1823 1836 1841 1849 2473 2486 2491 3686 4323 4336 4341 
m2360 22 36 40 46 49 1136 1140 1146 1149 1836 1840 1846 1849 2036 2040 2046 2049 2336 2340 2346 2349 2486 2490 2496 4346 
m1049 5 13 22 33 36 40 263 272 283 286 290 672 686 690 1113 1122 1133 1136 1140 1672 1686 1690 1822 2022 2036 2040 3183 
m2174 22 37 38 46 49 1137 1146 1149 1899 1922 1937 1938 1946 1949 2322 2337 2338 2346 2349 4396 
m1246 32 36 40 41 46 1640 1641 1646 1846 2032 2036 2040 2041 2046 2096 2332 2336 2340 2341 2346 4136 4586 
m3601 28 36 38 1438 1838 1928 1936 4328 
m3253 36 48 49 1848 1849 2486 2498 2499 4336 
m451 22 23 30 36 40 41 46 49 1122 1123 1130 1136 1140 1141 1146 1172 1173 1186 1190 1191 1199 1522 1523 1530 1536 1540 1541 1546 1549 1822 1823 1830 1836 1840 1841 1846 1849 2022 2023 2030 2036 2040 2041 2046 2049 2072 2073 2086 2090 2096 2099 2330 2336 2340 2341 2349 2472 2473 2486 2490 2496 3696 4823 
m832 14 23 30 36 40 46 730 1180 1814 1823 1830 1846 2014 2023 2030 2036 2040 2046 2314 2330 2346 3223 4346 4814 4823 
m1538 22 23 30 46 1122 1123 1130 1146 1180 1523 1530 1546 2330 4823 
m710 12 36 40 46 49 1812 2012 2036 2046 2049 2336 2346 2462 2486 2496 3146 4346 4812 
m2707 13 33 36 49 663 683 686 699 1663 1683 1686 1699 1833 1849 2463 2483 2486 3183 
m2067 13 46 2313 
m2249 22 36 37 40 46 1122 1136 1137 1140 1146 1822 1837 1840 1846 2022 2037 2040 2046 2322 2337 2346 4837 
m1682 5 13 33 46 655 1655 2305 2313 2333 4163 
m1363 13 22 30 680 1113 1122 1130 
m1307 5 36 38 46 49 286 296 299 1905 1936 1946 2346 2349 2486 4836 
m1815 13 25 38 46 675 1913 1925 1946 2313 2325 
m1563 14 37 40 46 737 740 746 1890 2037 2046 2340 4396 
m3191 22 30 40 46 1122 1130 1140 1146 2022 2030 2040 2046 2322 2330 2340 2346 
m1899 37 46 1896 2337 2346 4846 
m3698 14 22 23 30 40 41 46 714 746 1114 1141 1146 1164 1172 1190 1191 1196 1514 1522 1523 1530 1540 1541 1546 2014 2022 2023 2030 2040 2041 2046 2064 2096 2314 3664 
m2024 5 13 22 33 36 40 263 272 283 286 290 672 686 690 1122 1136 1140 1672 1686 1690 1822 2022 2036 3183 
m2799 17 41 46 891 2067 2096 2341 4817 
m1245 30 32 36 46 1630 1830 1846 2330 2332 4332 
m1021 22 38 46 1138 1146 1922 1938 1946 2322 2338 
m3414 36 37 40 46 1840 1886 1890 1896 2036 2037 2040 2046 2336 2340 2346 4346 4837 
m2373 14 46 49 2314 2346 2464 2496 4814 
m1387 23 38 1923 
m4 22 23 30 46 1122 1123 1130 1146 1180 1523 1530 1546 2330 4823 
m2816 36 40 41 1836 1840 1841 2036 2041 2086 2090 2091 4586 
m413 23 49 1173 2473 3673 
m321 22 23 46 1122 1123 1146 1196 2323 3673 
m1969 14 22 36 45 46 714 746 1114 1122 1136 1145 1146 1846 2264 2286 2296 3236 3246 4314 
m1715 36 40 46 1840 2036 2040 2046 2340 4346 
m2165 27 1377 
m3297 23 46 2346 4823 
m3126 14 23 40 46 49 1196 2014 2023 2046 2049 2464 2473 2496 3664 4814 
m1775 22 23 37 1122 1123 1172 1173 1872 1873 3673 
m3574 23 30 1523 
m3542 
m3507 22 23 36 40 41 1122 1123 1136 1140 1141 1172 1173 1186 1190 1191 1823 1840 1841 2023 2036 2040 2041 3673 
m3087 23 30 36 38 40 46 1180 1186 1190 1523 1530 1536 1540 1546 1830 1923 1930 1936 1940 1946 2023 2030 2036 2038 2040 2046 2323 2330 2340 4836 
m3314 26 38 46 1346 1926 1946 2346 
m1078 26 41 46 1341 1346 2341 
m947 22 23 36 40 46 49 1122 1123 1136 1172 1822 1823 1836 1849 2022 2023 2036 2040 2046 2049 2322 2323 2336 2349 2472 2473 2486 4323 4336 4346 4836 
m2145 14 38 46 738 2314 2338 2346 4814 
m970 26 36 37 46 49 1336 1337 1346 1349 1837 1846 1849 2476 2486 2487 2496 2499 4837 
m3193 38 46 1938 1946 2346 
m474 22 23 30 1123 1130 1180 1530 
m1806 12 13 22 49 649 699 1112 1113 1149 3162 
m2337 45 46 2296 
m1107 14 36 38 40 738 1838 2014 2036 2038 2040 4314 
m2967 22 23 36 41 1122 1123 1136 1822 1823 2072 2073 3673 4323 4586 
m109 22 23 30 36 40 41 1123 1173 1180 1186 1190 1191 1830 2023 2030 2036 2040 2041 2073 2080 2086 2090 3673 4323 
m509 22 36 37 40 1122 1136 1137 1140 1822 1872 1886 1890 2022 2036 
m533 36 49 1836 1849 2486 2499 
m2367 32 36 38 40 46 49 1632 1636 1649 1849 1932 1936 1946 1949 2032 2036 2038 2046 2332 2336 2338 2340 2346 2349 
m1573 22 36 40 41 1136 1140 1141 1836 1840 1841 2036 2041 2072 2086 2090 2091 4586 
m1264 14 40 46 2014 2046 2314 2346 4814 
m2441 29 46 2329 2346 
m2322 14 23 38 46 1164 1196 1914 1923 1946 4814 
m1075 23 36 45 46 1186 1196 1836 1846 2273 2286 2296 3686 4836 
m428 22 23 30 46 1122 1123 1130 1146 1180 1523 1530 1546 2323 2330 3673 4823 
m401 22 30 36 40 41 1122 1130 1136 1140 1141 1522 1541 1840 2036 2040 2086 2090 
m2039 14 22 32 46 49 732 749 1114 1132 1146 1649 2314 2332 2346 2349 4814 
m1680 22 23 30 41 46 1122 1123 1130 1146 1180 1523 1530 1546 2072 2073 2080 2091 2096 2330 4823 
m3581 46 2346 
m2743 22 23 1122 1123 1173 3673 
m3450 46 2346 
m3405 14 46 2314 2346 4814 
m3302 13 38 1913 1938 
m1710 12 36 46 612 636 646 1812 1836 1846 2312 2336 2346 
m1280 13 22 33 36 37 40 41 683 686 690 1113 1122 1133 1136 1140 1141 1690 1813 1822 1833 1836 1840 1872 1886 1887 2013 2022 2033 2036 2040 2063 2072 2086 
m1604 22 46 1146 2346 
m1693 22 23 36 40 41 1122 1123 1136 1140 1141 1172 1173 1822 1823 1836 1840 1841 2022 2023 2036 2040 2041 2072 2073 2086 2090 3673 4586 
m2931 23 45 1173 2273 3673 
m2765 32 36 38 46 49 1632 1636 1649 1849 1932 1936 1938 1946 1949 2332 2336 2346 2349 
m169 22 
m3449 16 36 3336 
m465 5 13 27 38 46 263 296 1355 1363 1396 1905 1913 1927 1946 2313 2346 4813 
m1389 36 41 46 2096 2336 2341 2346 4586 4836 4846 
m2063 32 36 46 1636 2332 2336 2346 4332 4336 4836 
m12 14 37 46 49 2314 2337 2346 2464 2487 2496 4364 
m3150 5 36 38 46 49 286 296 299 1849 1905 1936 1938 1946 2346 2349 2486 2499 4836 
m929 21 23 36 40 46 1171 1821 1823 1846 2021 2023 2036 2040 2046 2321 2323 2346 4346 4823 
m1870 36 46 49 1846 1849 2346 2349 2496 4836 
m2725 22 37 46 1122 1137 1146 1896 2346 4837 
m2148 45 46 2345 
m3269 22 23 36 41 1122 1123 1136 1141 1172 1173 1186 1191 1822 1823 2072 2073 3673 4586 
m1491 13 38 45 46 688 2263 2295 2296 2313 2338 2346 3196 
m1274 22 30 36 38 40 41 45 46 1130 1136 1138 1140 1141 1145 1146 1522 1536 1540 1541 1822 1836 1840 1922 1945 1946 2022 2036 2040 2086 2090 2272 2296 2322 2330 2336 2341 
m220 
m1070 14 40 45 46 2014 2040 2046 2264 2290 2296 2314 2346 3214 4814 
m2093 22 44 46 1144 1146 2246 2344 2346 4846 
m2771 37 46 2337 2346 
m1158 22 30 36 40 41 46 1122 1130 1136 1140 1141 1146 1830 2022 2030 2036 2040 2046 2072 2090 2096 2330 2336 2340 4836 4846 
m367 14 22 30 38 46 730 1114 1130 1138 1146 1914 1930 1946 2330 3246 
m2958 12 14 23 30 41 46 641 723 730 741 1191 1512 1514 1523 1530 1541 2312 2314 2330 2341 3212 3662 4823 
m753 22 23 30 36 40 41 1122 1123 1130 1136 1140 1141 1172 1173 1180 1186 1190 1523 1822 1823 1830 1836 2023 2030 2036 2072 2073 3673 4323 4586 
m2886 30 36 40 49 1536 1549 1830 1836 1849 2030 2036 2499 4336 
m2054 36 43 49 1849 2186 2199 
m1185 23 32 46 1196 1623 1646 2346 
m1623 14 23 38 46 49 1196 1914 1923 1946 1949 2464 2473 2496 3664 4814 
m86 
m21 22 23 30 46 1122 1123 1130 1146 1180 1523 1530 1546 2330 2346 4823 
m2674 5 13 26 33 41 46 655 696 1305 1313 1326 1346 1655 1676 1696 2055 2063 2076 2083 2096 2305 4163 
m3196 23 30 1173 1180 1523 1530 
m276 22 23 45 1122 1123 1172 1173 2272 2273 3673 
m701 22 46 1146 2346 4846 
m1922 22 36 40 46 49 1136 1140 1146 1836 1846 2022 2036 2040 2046 2049 2336 2346 2349 2486 2496 4336 4836 
m2788 5 14 45 46 705 745 2255 2305 2314 2345 2346 4814 
m2543 46 2346 
m1031 22 38 46 1138 1146 1938 1946 2338 
m1381 13 20 22 32 36 40 670 686 690 1113 1120 1136 1140 1613 1620 1622 1636 1640 1820 2020 2036 2040 3186 4336 
m1320 14 22 46 714 746 1114 1146 2314 2346 3246 4814 
m3388 46 
m1009 37 40 46 1890 1896 2040 2046 2340 2346 4837 
m905 22 23 36 41 1122 1123 1136 1141 1191 3686 4586 
m1432 22 23 36 40 41 46 49 1122 1123 1136 1140 1141 1191 1822 1823 1836 1840 1841 1849 2022 2023 2036 2040 2041 2046 2072 2073 2086 2090 2091 2322 2323 2336 2340 2341 2349 2472 2473 2486 2490 2491 4323 4336 4346 4836 
m2483 22 23 30 40 46 1122 1123 1130 1140 1146 1172 1173 1180 1190 1196 1522 1523 1530 1540 1546 2023 2046 2323 3673 3696 4823 4846 
m1913 22 40 45 46 49 1145 2046 2272 2295 2322 2345 2346 2490 2496 
m769 14 26 46 714 726 746 1314 1326 1346 2314 2326 2346 4814 
m2307 22 23 30 36 40 45 46 1123 1130 1136 1140 1146 1180 1523 1530 1536 1546 1830 2023 2030 2036 2046 2272 2273 2280 2286 2290 2296 2330 2336 4323 4823 
m2123 23 38 1173 1188 1923 
m432 23 30 38 1180 1188 1523 1530 1538 1938 
m1764 22 23 30 36 40 46 1122 1123 1130 1136 1140 1146 1172 1173 1522 1523 1530 1540 1546 1822 1823 1830 1840 1846 2022 2023 2030 2036 2040 2046 2322 2323 2330 2340 2346 3696 4823 
m2905 26 33 1676 
m539 23 24 40 46 1190 1240 1246 2023 2024 2040 2046 2340 3696 3723 
m3561 22 23 37 41 1122 1123 1137 1141 1172 1173 1872 1873 2072 2073 2087 3673 
m2947 14 26 46 49 1314 1346 1349 2346 2464 2496 4814 
m1313 36 40 41 1836 1840 1841 2036 2040 2041 
m262 46 2346 
m1083 22 26 46 1122 1126 1146 1326 1346 2346 
m1863 14 23 30 40 47 730 1180 1514 1523 1530 1547 2014 2023 2030 2047 2364 2373 2380 3223 
m3355 22 30 36 1522 1536 1822 
m3181 22 23 30 44 46 1130 1144 1146 1180 1523 1530 1546 2223 2230 2246 2323 2330 2344 2346 4823 4846 
m1881 22 23 38 46 1122 1123 1138 1146 1172 1922 1923 1938 1946 2322 3696 
m983 32 37 1632 1637 1882 
m2274 3 
m3693 22 23 36 41 1123 1136 1141 1172 1173 1186 1822 1823 2072 2073 2086 2091 3673 4586 
m649 22 23 1123 1173 3673 
m2932 5 36 46 49 255 286 296 299 1849 2346 2349 2486 2499 4836 
m1687 36 40 41 1836 1840 1841 2036 2041 2086 2091 4336 4586 
m433 14 22 46 722 2314 2322 2346 4814 
m1608 22 23 30 46 1122 1123 1130 1146 1172 1173 1180 1196 1522 1523 1530 1546 2322 2323 2330 2346 3673 4823 
m394 22 23 1122 1123 1173 3673 
m1752 23 28 36 1178 1186 1823 1828 1836 3673 
m1957 13 22 33 36 40 672 1113 1122 1133 1136 1140 1672 1813 1822 1833 1840 2013 2022 2033 4163 
m1435 37 46 4837 
m686 46 2346 
m105 37 40 46 1890 2037 2040 2046 2337 2340 2346 4396 
m3487 15 22 32 46 782 1115 1122 1132 1146 1615 1622 1632 1646 2315 2322 2332 2346 4815 
m467 22 36 40 41 1136 1140 1141 1836 1840 1841 2036 2041 2072 2086 2090 2091 4586 
m3653 12 22 23 36 40 41 46 49 640 641 646 1112 1123 1136 1141 1146 1149 1812 1836 1840 1841 1846 1849 2036 2041 2046 2073 2086 2090 2091 2096 2099 2322 2323 2336 2340 2341 2349 2462 2473 2486 2491 2496 4323 4336 4812 4836 
m125 22 30 36 40 41 49 1122 1130 1136 1140 1141 1536 1540 1822 1840 1841 2022 2036 2040 2041 2080 2086 2090 2472 2486 2490 
m1526 32 36 38 46 1832 1932 1936 1946 2332 2336 2346 4836 
m3501 14 38 40 46 49 1938 1940 1946 2014 2046 2049 2346 2464 2496 4814 
m3513 22 32 46 1122 1132 1146 1622 1632 1646 2322 2332 2346 4846 
m2779 22 46 1122 1146 
m3630 22 23 30 41 1122 1123 1130 1173 1523 1530 2072 2073 2080 3673 
m2918 32 46 1646 
m2266 14 46 746 2346 3246 4846 
m1902 23 36 1186 1836 3686 
m3348 5 23 30 38 40 273 280 290 1190 1523 1530 1540 1905 1923 1930 1940 2023 2030 2040 
m869 22 37 46 49 1122 1137 1146 1899 2346 2349 2496 4396 4837 
m268 14 23 30 46 1514 1523 1546 2314 2323 2330 2346 3664 4814 4823 
m111 5 14 38 46 705 738 746 1905 1914 1938 1946 2305 
m2587 26 38 46 1926 1946 2326 
m374 26 36 37 46 49 1826 1837 1846 1849 1876 1899 2326 2476 2496 4396 
m3159 14 30 46 730 2314 2330 
m2057 11 13 22 33 36 40 563 572 583 586 590 672 686 690 1113 1122 1133 1136 1140 1672 1686 1690 1822 2022 2036 3183 
m3085 5 13 33 655 1655 4163 
m1759 22 23 36 40 46 1123 1136 1140 1146 1186 1190 1840 2023 2036 2040 2323 2336 2340 3673 4323 4336 4836 
m3201 16 26 36 40 46 49 826 1826 2016 2036 2046 2316 2326 2346 2466 2486 2490 2496 3336 3346 4346 4836 
m19 14 30 46 730 2314 2330 
m3704 
m3214 14 20 40 46 720 2014 2020 2046 2320 3246 
m176 10 26 46 1310 1326 1346 2310 2346 
m1328 22 37 40 46 1137 1146 2022 2037 2040 2046 2322 2337 2346 4837 
m2222 28 36 1428 1436 1828 1836 3936 4328 
m1820 5 22 37 46 255 1105 1137 1146 1855 1887 1896 2305 2322 2337 2346 4837 
m257 22 30 36 40 1130 1136 1140 1522 1530 1536 1540 1822 1830 1836 1840 2030 2036 2040 4336 
m90 43 
m3076 22 30 36 41 45 1130 1536 1541 2272 2280 4586 
m1087 23 30 36 40 1180 1523 1530 1536 1540 1830 2023 2030 2036 2040 4323 
m1529 22 36 40 41 45 46 1136 1140 1141 1146 2036 2046 2090 2096 2272 2286 2291 2296 4346 4586 
m3001 23 30 36 41 1180 1186 1830 2073 2080 3673 3686 4323 4586 
m1096 46 2346 
m2682 36 49 1836 1849 2499 
m2542 22 36 40 46 1136 1140 1146 1846 2022 2036 2040 2046 4336 4346 
m2825 23 30 36 40 41 49 1186 1190 1199 1523 1530 1536 1540 1549 1823 1836 1840 1849 2073 2080 2086 2090 2099 2490 3686 4336 
m1553 36 41 2086 
m876 22 23 30 36 40 1123 1130 1173 1186 1190 1523 1536 1540 2023 2036 3673 
m1152 32 46 1646 2332 2346 
m244 14 22 46 714 722 746 1114 1146 2314 2346 3246 4814 
m1561 26 32 36 38 46 1332 1336 1346 1832 1926 1936 1946 2332 2336 2346 4836 
m846 5 36 46 49 286 296 299 1849 2346 2349 2486 2499 4836 
m277 22 23 30 36 40 41 1122 1123 1130 1136 1140 1141 1172 1173 1186 1190 1191 1522 1523 1536 1541 1840 1841 2023 2036 2041 2072 2073 2086 2090 2091 3673 3686 4323 4336 4586 
m1271 6 42 306 342 2106 2142 2842 4606 
m22 22 23 36 40 45 1122 1123 1136 1140 1145 1172 1173 1822 1823 1836 1840 1845 2022 2023 2036 2040 2045 2272 2273 3673 
m629 23 45 1173 2273 3673 
m1288 14 32 36 38 41 46 1614 1914 1932 1936 1938 1941 1946 2064 2082 2086 2314 2332 2336 2341 4136 4314 
m1766 5 30 36 46 280 286 1536 1830 1836 2305 2330 2336 4836 
m488 34 1734 
m2028 14 32 36 46 732 736 1832 2314 2332 4836 
m1713 22 33 46 1133 1146 1672 1683 1696 2322 2333 2346 4833 
m652 26 32 36 40 46 49 1336 1340 1346 1349 1632 1636 1649 1849 2032 2036 2040 2046 2332 2336 2340 2346 2349 
m1509 30 38 40 45 46 1930 1938 1946 2030 2038 2046 2280 2288 2290 2296 2330 
m1079 14 32 42 46 732 2114 2132 2314 2332 2342 
m690 40 46 2040 2046 2340 
m1016 26 33 37 44 46 1333 1337 1344 1346 2233 2237 2333 2337 2344 2346 4383 
m3453 46 4846 
m610 5 36 40 46 255 1805 1846 2005 2036 2040 2046 2305 2346 4346 
m2726 30 44 45 2230 2245 2280 
m3389 13 20 22 32 36 40 46 672 686 690 1013 1022 1032 1036 1040 1122 1136 1140 1613 1622 1636 1640 1822 2022 2036 2313 2320 2322 2332 2336 2340 
m1263 22 23 30 36 40 46 1122 1123 1130 1136 1140 1146 1172 1173 1522 1523 1530 1540 1546 1822 1823 1830 1840 1846 2022 2023 2030 2036 2040 2046 2322 2323 2330 2336 2340 2346 3696 4823 
m2045 14 23 30 40 730 1180 1514 1523 1530 1540 2014 2023 2030 3223 
m2071 5 36 38 46 49 1805 1838 1846 1849 1905 1938 1946 1949 2305 2488 2496 
m1947 22 40 46 1140 1146 2040 2046 2340 2346 
m1443 14 36 40 46 1814 1836 1840 1846 2014 2036 2040 2046 2314 2336 2346 3236 4346 4814 4836 
m2740 32 36 38 41 46 49 1641 1646 1938 1941 1946 1949 2332 2336 2341 2346 2482 2486 2491 2496 4136 4586 
m297 22 23 24 40 46 1123 1124 1140 1146 1190 1240 1246 2022 2023 2024 2046 2340 3696 3723 
m1848 12 32 36 40 612 632 636 640 1612 1640 1812 2012 2036 4136 
m727 22 32 40 46 1146 2022 2032 2040 2046 2332 2346 4846 
m2818 22 23 30 36 40 46 1122 1123 1130 1136 1140 1146 1172 1173 1522 1523 1530 1540 1546 1822 1823 1830 1840 1846 2022 2023 2030 2036 2040 2046 2322 2323 2330 2340 2346 3696 4823 
m828 37 46 1896 2346 4837 
m2974 13 45 46 2263 2295 2296 2313 2346 3196 
m3042 5 13 33 38 263 283 288 655 663 1655 1663 1905 1913 1933 1938 4163 
m3411 22 23 30 36 40 41 1122 1123 1130 1136 1140 1173 1522 1523 1536 1822 1823 1830 1836 2022 2023 2030 2036 2072 2073 2080 2086 2090 2091 3673 4323 4586 
m2189 30 36 37 40 46 1536 1537 1540 1546 1837 1840 1846 1890 2037 2046 2340 4396 
m3299 34 45 2284 
m1301 3 30 33 41 46 180 196 1653 1680 2053 2080 2083 2096 2330 4196 
m3117 32 36 38 46 49 1632 1636 1649 1849 1932 1936 1938 1946 1949 2332 2336 2338 2346 2349 
m3068 14 23 34 36 40 46 734 1184 1734 1814 1823 1834 1840 1846 2014 2023 2034 2036 2040 2046 2314 2323 2334 2346 3664 4346 4814 4823 
m194 22 23 36 40 41 1122 1123 1136 1140 1141 1172 1173 1822 1823 1836 1840 1841 2022 2023 2036 2040 2041 2072 2073 3673 4586 
m2201 22 44 46 1146 2344 2346 4846 
m2922 13 46 2313 2346 
m736 22 36 46 1136 1146 2346 4836 
m844 5 13 33 38 46 263 283 1905 1913 1933 1938 1946 2305 2313 2333 3183 
m811 36 1836 
m1999 22 23 30 36 1172 1180 1522 1822 1823 1830 
m2760 14 22 26 37 39 722 737 1314 1322 1337 1339 1872 1964 1972 1987 
m42 
m2379 45 46 2296 2346 
m3200 22 23 30 36 40 46 1122 1123 1130 1136 1140 1146 1180 1523 1530 1822 1823 1830 1840 1846 2022 2023 2030 2046 2330 4823 
m235 22 23 36 40 1123 1136 1173 1186 1190 1836 1840 2036 3673 3686 
m117 23 30 40 46 1180 2023 2030 2046 2330 2346 4823 
m1591 13 17 46 2313 2317 3363 
m152 22 23 27 30 36 40 46 49 1122 1123 1130 1136 1140 1146 1149 1172 1173 1180 1186 1190 1199 1372 1373 1380 1386 1396 1399 1522 1523 1530 1536 1540 1546 1549 1822 1823 1830 1836 1840 1846 1849 2022 2023 2027 2030 2036 2040 2046 2322 2327 2330 2336 2340 2346 2349 2472 2473 2480 2486 2496 3696 4823 
m2521 22 23 30 1123 1130 1522 1523 1530 
m1982 36 37 40 46 1837 1846 2036 2037 2040 2046 2337 2346 4346 
m2767 22 23 36 37 40 41 1122 1123 1136 1137 1140 1141 1823 1836 1873 1886 1890 2023 2036 2073 2086 2087 2090 3673 4323 4373 4586 
m2012 22 38 46 49 1122 1146 1149 1922 1938 1946 1949 2322 2346 2349 4846 
m3180 22 23 36 40 41 1122 1123 1136 1140 1141 1173 1822 1823 1836 2022 2023 2036 2072 2073 2086 2090 2091 3673 4323 4586 
m3003 22 45 1145 2272 2295 
m633 22 23 30 36 40 41 46 49 1122 1123 1130 1136 1140 1141 1146 1149 1172 1173 1190 1191 1522 1523 1530 1536 1540 1541 1546 1822 1823 1830 1836 1840 1841 1846 1849 2022 2023 2030 2036 2040 2041 2046 2049 2322 2323 2330 2336 2340 2341 2346 2472 2473 2480 2486 2490 2496 3696 4823 
m3097 22 23 36 40 46 49 1122 1123 1136 1146 1149 1199 1849 2022 2023 2036 2046 2336 2346 2349 3686 4823 4836 
m2643 5 32 36 46 49 282 286 296 1632 1636 1649 1849 2305 2332 2336 2346 2349 
m1249 36 38 49 1849 1936 1938 1949 
m2124 36 49 1836 1849 2499 
m3719 13 22 23 32 36 40 41 672 673 686 690 691 1122 1123 1136 1140 1141 1186 1190 1191 1613 1622 1623 1636 1823 1840 1841 2023 2041 3673 
m1254 13 25 38 46 675 1913 1925 1946 2313 2325 
m2292 23 30 40 46 49 1190 1199 1523 1530 1540 1546 1549 2330 2340 2346 2349 2490 2496 3696 4823 
m192 22 23 30 46 1122 1123 1130 1146 1196 1523 1546 2346 
m3382 12 13 36 46 613 646 2313 2336 2346 3136 4313 4812 4813 
m1035 21 22 23 1072 1073 1171 1172 1173 
m1701 5 22 36 38 46 49 286 296 299 1136 1138 1146 1149 1836 1846 1849 1905 1936 1946 2346 2349 2455 2486 2488 2496 4836 
m557 5 46 2305 2346 
m1287 14 29 31 36 49 729 731 736 1579 1586 1814 1829 1831 1836 1849 2464 2479 2481 2486 3236 4086 4336 
m1133 45 46 2296 2345 2346 4846 
m1514 14 32 36 46 732 736 746 1832 2332 2336 2346 3246 4836 
m924 22 24 1124 
m3498 22 23 24 40 46 1122 1123 1124 1146 1190 1222 1240 1246 2022 2023 2024 2046 2340 3696 3723 
m592 41 46 2341 2346 
m2730 36 40 46 49 1836 1840 1846 1849 2036 2040 2046 2049 2336 2340 2346 2349 4346 4836 4846 
m938 22 27 36 40 46 1122 1127 1136 1140 1146 1390 1822 1827 1836 1840 1846 2022 2027 2036 2040 2046 2327 2336 2340 
m1024 37 40 46 1890 2037 2040 2046 2337 2340 2346 4396 
m208 14 40 46 2014 2040 2046 2314 2346 4814 4846 
m835 12 30 36 46 49 1512 1530 1546 1812 1830 1836 1846 1849 2346 2480 2496 2499 4812 
m1146 13 22 32 36 37 40 672 686 690 1113 1122 1136 1137 1140 1613 1622 1636 1637 1822 1872 1886 1890 2022 2036 3187 
m2560 22 30 40 46 1130 1146 2022 2030 2046 2322 2330 2346 
m2558 14 46 714 3246 4814 
m1388 2 41 141 
m2190 22 23 30 46 1122 1123 1130 1146 1180 1523 1530 1546 2330 4823 
m2079 26 41 46 1341 1346 2096 
m2100 14 36 40 46 740 1814 1840 2014 2036 2040 2046 2336 2340 2346 3246 4346 4814 
m2666 14 36 40 46 740 1814 1836 1840 1846 2014 2036 2040 2046 2314 2340 2346 3246 4314 4346 4836 
m1108 46 2346 4846 
m2181 37 49 1899 2487 2499 
m2574 13 36 38 40 1813 1913 1936 1940 2013 2036 
m2135 2 26 46 126 2302 2326 
m3247 23 30 36 40 41 49 1186 1190 1199 1523 1530 1536 1540 1549 1836 1840 1849 2073 2080 2086 2090 2099 2490 3686 4336 
m1489 33 38 46 1696 1933 1946 2333 2346 
m272 46 2346 
m679 22 36 38 40 1138 1822 1838 1922 1936 1938 1940 2022 2036 2038 
m3291 8 10 38 508 1908 1910 
m3155 22 26 32 46 1126 1132 1146 1332 1346 1646 2326 2332 2346 
m921 22 46 1122 1146 
m1211 38 44 45 46 49 1938 1946 2238 2246 2249 2288 2294 2296 2299 2338 2344 2346 2349 
m408 23 36 38 40 41 1823 1840 1923 1936 2023 2036 2073 2086 2088 2090 4323 4336 4586 
m1240 22 23 36 38 41 1122 1123 1136 1138 1141 1922 1923 1936 1938 1941 2073 3686 4586 
m2867 22 23 30 36 40 46 1122 1123 1130 1136 1140 1146 1172 1173 1180 1186 1190 1522 1523 1530 1536 1540 1546 1823 1840 2023 2036 2040 2322 2323 2330 2336 2340 2346 3696 4823 
m2306 22 23 36 40 49 1122 1123 1136 1140 1149 1172 1173 1186 1190 1199 1840 2022 2023 2036 2040 2049 2473 2486 2490 3673 3686 4323 
m1384 36 38 40 41 46 1840 1846 1936 1938 1940 1941 1946 2036 2038 2040 2041 2046 2090 2096 2340 2346 4346 4586 
m2305 36 38 46 1838 1846 2338 2346 4836 
m1989 22 30 36 38 46 49 1522 1536 1538 1546 1549 1822 1922 1930 1936 1938 1946 1949 2322 2330 2336 2338 2346 2349 2472 2486 2496 
m2365 14 36 38 46 49 714 736 738 746 749 1814 1846 1849 1914 1936 1946 1949 2314 2336 2338 2346 2349 2464 2486 2496 4814 
m660 22 36 37 40 46 1122 1136 1140 1146 1822 1836 1837 1840 1846 1872 1896 2022 2036 2037 2040 2046 2322 2337 2346 4387 4396 4837 4846 
m1228 22 23 32 36 40 46 49 1122 1123 1132 1136 1140 1146 1149 1172 1173 1182 1186 1190 1196 1199 1622 1623 1632 1636 1640 1646 1822 1823 1832 1836 1840 1846 1849 2022 2023 2032 2036 2046 2049 2322 2323 2332 2336 2346 2349 2472 2473 2482 2486 2490 2496 3673 3686 3696 4323 4346 
m3361 22 36 40 46 48 1136 1140 1146 1822 1836 1840 1846 2022 2036 2040 2046 2048 2322 2336 2340 2346 2348 2422 2436 2440 2446 4346 4836 
m1067 37 40 46 1890 2037 2046 2340 4396 
m3334 3 23 30 36 49 180 186 199 1153 1180 1199 1549 1830 1849 3686 
m2313 22 23 45 1123 1145 1173 2273 3673 
m187 22 36 40 41 1136 1140 1141 1836 1840 1841 2036 2041 2091 4586 
m1619 22 23 36 40 41 46 1123 1136 1141 1146 1191 1822 1823 1836 1841 1846 2022 2023 2036 2040 2041 2046 2323 2336 2341 2346 3686 4341 4346 4823 
m156 22 23 36 41 1123 1136 1141 1186 1823 2072 2073 2086 2091 3673 4586 
m1248 22 36 38 40 1122 1136 1138 1140 1836 1838 1840 1936 1938 2036 2038 2040 
m2514 22 36 41 1122 1136 1141 1841 2091 4586 
m189 22 36 41 1122 1136 1141 1841 2091 4586 
m1154 46 2346 
m2439 22 30 40 46 1130 1140 1146 2022 2030 2040 2046 2322 2330 2340 2346 
m2681 11 13 33 563 583 4163 
m1533 4 204 
m2308 23 36 38 40 41 46 1823 1838 1841 1923 1941 1946 2023 2036 2038 2040 2041 2046 2073 2323 2341 4346 
m1080 37 40 46 1890 2037 2040 2046 2337 2340 2346 4396 
m1076 23 30 46 1180 2323 2330 2346 
m3146 23 38 46 49 1188 1199 1938 1946 2338 2346 2349 3696 4823 
m2052 23 36 41 46 1836 1841 1846 2073 2086 2323 2341 4323 4836 
m1613 22 37 45 46 1122 1137 1145 1146 1872 2272 2287 2296 2322 4837 
m1364 23 30 37 39 1180 1523 1530 1537 1539 1880 1980 1987 4373 4473 
m639 23 45 2273 
m3316 12 14 22 45 46 645 712 745 1112 1114 1146 2314 2345 2346 3146 3246 4812 
m2927 14 46 714 746 2314 2346 4814 
m1385 40 45 46 2045 2046 2290 2295 2296 2340 2345 2346 
m1796 4 26 38 226 238 1304 1326 1338 1904 1926 2704 
m549 38 41 46 1938 1941 1946 2341 
m2750 38 46 49 1938 1946 1949 2349 
m1063 36 40 41 1836 1840 2036 2086 2090 2091 4586 
m1780 22 23 30 36 40 41 46 1122 1123 1130 1136 1140 1141 1146 1190 1522 1523 1530 1536 1540 1546 1840 2023 2036 2040 2072 2073 2080 2086 2090 2096 2323 2330 2340 3686 4836 
m1518 22 23 30 41 46 1123 1130 1146 1172 1522 1523 1530 1546 2072 2073 2080 2096 2322 3696 
m3034 5 38 46 1905 1938 1946 2305 2338 2346 
m2528 22 1122 
m546 
m1410 22 37 40 46 1872 2037 2040 2046 2322 2337 2346 4837 
m62 14 32 46 732 2332 4814 
m2744 23 41 1173 1191 2073 3673 
m31 38 46 1938 1946 2346 
m936 14 38 46 1914 1946 2314 2346 4814 
m596 13 22 40 45 46 1122 1140 1145 1146 2013 2040 2046 2272 2290 2296 2313 2346 3196 
m1931 37 
m3530 27 40 46 1396 2027 2040 2046 2340 2346 
m2468 23 36 40 41 1173 1823 1836 1840 1841 2023 2036 2040 2041 2073 2086 2090 2091 3686 4323 
m1744 12 46 646 2312 2346 3146 4846 
m390 37 40 46 1890 2037 2040 2046 2337 2340 2346 4396 
m1123 36 46 2336 2346 4836 4846 
m3258 23 30 36 40 46 1180 1523 1530 1830 2023 2030 2036 2046 2330 4323 4346 4823 
m2929 5 22 36 38 40 46 49 286 296 299 1136 1138 1140 1146 1149 1836 1846 1849 1905 1936 1938 1946 1949 2036 2038 2046 2049 2346 2349 2455 2486 2496 2499 4836 
m2810 22 23 30 32 36 40 41 49 1140 1182 1199 1523 1530 1532 1536 1549 1823 1830 1832 1849 2022 2023 2030 2032 2036 2040 2072 2090 2482 
m1007 22 23 27 30 36 40 49 1123 1130 1136 1172 1173 1177 1180 1186 1190 1199 1372 1373 1380 1386 1522 1523 1527 1530 1536 1540 1549 1822 1823 1827 1830 1836 1849 2023 2027 2030 2036 2040 2049 2472 2473 2477 2480 2486 2499 3686 4336 
m1332 37 40 46 2037 2046 4396 
m1507 22 36 41 1122 1136 1141 1841 2072 2086 2091 4586 
m2056 23 31 46 48 49 1196 1573 1596 2346 2423 2431 2446 2473 2481 2496 2498 
m2368 36 37 38 46 1837 1838 1888 1938 2338 4346 4837 
m3418 15 26 46 776 2326 4815 
m1717 36 37 40 46 1840 1886 1890 2036 2037 2046 2340 4346 4396 
m1339 13 26 38 46 1313 1346 1913 1926 1946 2313 
m2496 38 46 1938 1946 2346 
m2881 30 37 40 46 1880 1890 2030 2046 2330 4396 
m2653 22 23 30 36 40 41 1122 1123 1130 1136 1140 1173 1522 1523 1536 1822 1823 1830 1836 2022 2023 2030 2036 2072 2073 2080 2086 2090 3673 4323 4586 
m591 36 41 1841 
m1843 5 23 24 40 46 273 274 290 1190 1240 1246 2023 2024 2040 2046 2340 3696 3723 
m2395 14 34 36 40 46 1714 1734 1736 1740 1746 1814 1836 1840 1846 2014 2036 2040 2046 2314 2346 4346 4814 4846 
m463 14 20 40 46 49 720 2014 2020 2046 2049 2314 2320 2346 2349 2464 2470 2496 4814 
m1299 31 36 37 40 46 1587 1590 1596 1831 1837 1840 1846 1890 1896 2340 
m1945 22 23 30 36 40 41 46 1122 1123 1130 1136 1140 1141 1146 1191 1523 1536 1541 1546 1841 1846 2023 2030 2036 2040 2041 2046 2072 2341 3696 4323 
m1527 32 36 41 46 1641 1646 2332 2336 2341 2346 4136 4586 
m1727 22 36 40 1122 1136 1140 2036 
m210 36 38 1936 
m2966 12 13 46 662 696 2312 2346 3196 4812 
m1649 22 23 36 40 1122 1123 1136 1140 1173 1186 1190 1822 1823 1836 1840 2022 2023 2036 2040 3673 4323 
m3257 22 26 44 46 1122 1144 1146 1322 1344 1346 2344 2346 
m1799 30 46 2330 
m1278 14 22 36 41 46 714 722 736 741 1822 1836 1841 2072 2314 2322 2336 2341 3236 4314 4586 4814 
m1345 36 
m688 22 23 30 1122 1123 1130 1173 1523 1530 3673 
m264 12 13 22 36 40 622 636 640 672 686 690 1112 1113 1122 1136 1140 1822 2022 2036 3162 
m732 22 23 36 40 41 46 1122 1136 1140 1141 1186 1190 1191 1196 1823 1836 1840 1841 1846 2023 2036 2040 2041 2046 2072 2073 2086 2090 2091 2096 2336 2340 2341 3686 
m1460 46 2346 
m1723 30 38 46 1930 1938 1946 2330 2338 2346 4846 
m1683 5 13 33 38 46 655 1655 1696 1913 1933 1946 2305 2313 4163 
m478 37 46 4837 
m2662 5 13 26 33 41 46 655 696 1305 1313 1326 1333 1341 1346 1655 1676 1691 1696 2055 2063 2096 2305 4163 
m2221 46 2346 
m3675 22 36 40 46 49 1136 1140 1146 1822 1840 1846 2022 2036 2040 2046 2049 2322 2336 2340 2346 2349 2472 2486 2490 2496 4836 
m747 23 24 40 46 1190 1240 1246 2023 2024 2040 2046 2340 3696 3723 
m113 38 45 1945 
m572 22 23 1123 1173 3673 
m75 32 39 46 1632 1639 1646 1989 2339 2346 4496 4839 
m3458 
m1690 22 36 40 41 1136 1141 1836 1840 1841 2036 2041 2072 2086 2090 2091 4586 
m2137 13 22 33 36 40 46 49 672 686 690 1113 1133 1136 1140 1672 1686 1690 1822 2013 2022 2036 2046 2313 2322 2333 2336 2340 2349 2463 2472 2483 2486 2490 3183 
m1829 23 30 46 1180 1523 1530 2330 4823 
m1960 12 14 46 712 2314 2346 3146 3246 4812 
m3124 22 36 46 49 1122 1146 1149 1822 1846 1849 2472 2496 
m737 22 36 37 46 49 1822 1837 1846 1849 1872 2322 2346 2487 2496 4396 4837 
m1595 37 41 46 49 1891 2337 2341 2346 2349 2487 2491 2496 4396 
m3656 22 30 37 40 46 1130 1137 1146 1537 1540 1546 1890 2340 4396 
m6 22 41 46 1141 1146 2091 2341 
m1886 22 23 30 36 40 41 1123 1136 1141 1172 1186 1190 1191 1522 1523 1536 1540 1541 2022 2023 2036 2041 2086 3673 3686 4336 4586 
m559 5 22 27 46 1146 1355 2305 2327 
m1361 29 36 41 1829 1836 2079 2086 4336 
m3461 23 1173 3673 
m2005 26 39 40 46 1339 1340 1346 1990 2339 2340 4496 4846 
m3472 13 26 46 1313 1346 2313 2326 2346 
m2734 
m2152 14 23 30 36 40 46 730 1180 1814 1823 1830 1846 2014 2023 2030 2036 2040 2046 2314 2330 2346 3223 4346 4814 4823 
m677 23 27 1173 1177 1373 1377 
m1686 5 36 40 46 49 286 296 299 2005 2036 2046 2346 2349 2486 4836 
m2754 6 14 32 36 49 706 714 732 736 749 1606 1636 1806 2456 2482 2486 
m470 8 36 408 2936 4308 
m3695 13 33 38 1913 1933 1938 4163 
m1336 36 46 49 1849 2346 2349 2486 2499 4836 
m662 22 26 38 46 1146 1322 1338 1346 1922 1946 2346 
m1122 22 23 46 1123 1146 1172 1173 2322 2323 3673 4823 
m2790 33 36 38 46 49 1683 1686 1688 1696 1699 1833 1846 1933 1936 1946 1949 2333 2336 2338 2346 2349 2483 2486 2496 4833 
m482 22 23 30 32 36 46 49 1122 1123 1130 1146 1149 1172 1173 1180 1522 1523 1530 1549 1622 1623 1630 1632 1636 1646 1649 1822 1823 1830 1846 1849 2322 2323 2330 2349 2472 2473 2480 2486 2496 2499 3673 4823 
m2847 32 36 38 41 46 1641 1646 1932 1936 1941 1946 2332 2336 2338 2341 2346 4136 4586 
m2537 14 23 30 38 730 1180 1514 1523 1530 1914 1923 1930 3223 
m3090 22 23 30 36 40 41 46 1122 1123 1130 1136 1140 1141 1146 1191 1523 1536 1541 1546 1841 1846 2023 2030 2036 2040 2041 2046 2072 2341 3696 4323 
m2935 26 40 46 2026 2046 2326 
m395 37 40 46 1890 2037 2040 2046 2337 2340 2346 4396 
m1830 13 22 33 40 690 1113 1122 1133 1140 1690 3183 
m2044 14 23 30 38 40 730 1180 1514 1523 1530 1540 1914 1923 1930 1940 2014 2023 2030 3223 
m1826 32 46 2332 
m2091 23 24 40 46 1190 1240 1246 2023 2024 2040 2046 2323 2324 2340 2346 3696 3723 
m205 23 26 30 46 1176 1323 1326 1330 1346 1523 1526 1546 2326 2330 2346 3696 4823 4846 
m124 22 23 30 36 40 46 49 1122 1123 1130 1136 1140 1146 1149 1172 1173 1522 1523 1530 1540 1546 1822 1823 1830 1840 1846 2022 2023 2030 2036 2040 2046 2322 2323 2330 2340 2346 2472 2480 2486 2490 2496 3696 4823 
m142 23 30 46 1180 1523 1530 1546 2330 2346 4823 
m1178 36 38 1836 1936 1938 
m1581 36 46 49 1846 1849 2336 2346 2486 2496 4336 4346 4846 
m2545 22 23 30 46 1122 1123 1130 1146 1180 1523 1530 1546 2330 2346 4823 
m658 22 23 36 40 1122 1123 1136 1140 1172 1173 1186 1190 1822 1836 1840 2022 2023 2036 2040 3673 4336 
m3089 22 23 30 36 40 41 46 1122 1123 1130 1136 1140 1141 1146 1191 1523 1536 1541 1546 1841 1846 2023 2030 2036 2040 2041 2046 2072 2073 2091 2341 3696 4323 
m3708 33 44 49 1694 1699 2494 
m2299 22 37 40 46 1137 1146 1890 2022 2037 2040 2046 2322 2337 2340 2346 4396 
m1136 22 23 30 40 46 1123 1130 1146 1180 1523 1530 1546 2022 2023 2030 2046 2322 2323 2330 2340 2346 4823 
m356 10 26 32 46 526 532 546 1310 1326 1332 1346 1610 1626 1632 1646 2310 2326 2332 2346 
m993 14 22 40 46 746 1114 1146 2014 2046 2346 
m8 37 
m2485 6 14 36 46 49 314 706 714 736 746 749 1806 1814 1846 2306 2456 2464 2486 2496 4814 
m365 9 36 49 1809 2459 2486 2499 2959 4309 4336 
m3217 23 30 38 41 1173 1180 1523 1923 1930 1938 1941 2073 2080 2088 2091 3673 
m1946 22 23 30 36 40 41 46 1122 1123 1130 1136 1140 1141 1146 1180 1522 1523 1530 1536 1540 1546 1822 1823 1830 1836 1840 1841 1846 2022 2023 2030 2036 2040 2041 2046 2072 2086 2090 2322 2323 2330 2340 4823 4846 
m3194 22 30 36 40 41 1122 1130 1136 1140 1141 1522 1536 1840 2036 2040 2072 2080 2086 
m1147 45 2295 
m2188 22 23 30 41 46 1122 1123 1130 1141 1146 1172 1173 1191 1522 1523 1530 1541 1546 2322 2323 2330 2341 2346 3696 4823 
m3480 
m926 22 24 1124 
m641 22 30 36 40 41 49 1122 1130 1136 1140 1141 1149 1536 1540 1822 1840 1841 2022 2036 2040 2041 2080 2086 2090 2472 2486 2490 
m1409 23 30 49 1180 1199 1549 2473 2480 2499 
m479 22 36 37 40 41 1137 1140 1822 1836 1840 1841 2022 2036 2037 2040 2041 2072 2086 2090 2091 4586 
m1944 36 46 2336 
m3371 22 36 37 40 46 1136 1137 1140 1146 1840 1886 1890 1896 2036 2037 2040 2046 2336 2340 2346 4346 4837 
m18 14 23 30 36 40 46 730 1180 1814 1823 1830 1846 2014 2023 2030 2036 2040 2046 2314 2323 2330 2346 3223 4346 4814 4823 
m1177 22 23 30 46 1122 1123 1130 1146 1180 1523 1530 1546 2330 2346 4823 
m685 46 2346 
m2572 22 23 30 36 40 41 1122 1123 1130 1136 1140 1172 1173 1186 1190 1522 1523 1536 1822 2022 2036 2072 2073 2080 2086 2090 3673 3686 
m387 22 37 40 46 1137 1140 1146 1890 2022 2037 2040 2046 2322 2337 2340 2346 4396 
m3594 22 23 36 40 41 1122 1123 1136 1140 1141 1172 1173 1186 1822 1823 1836 1840 1841 2022 2023 2036 2040 2041 2072 2073 2086 2090 3673 4586 
m391 36 46 2336 2346 4836 4846 
m2085 22 23 36 40 41 1123 1136 1140 1141 1173 1186 1190 1823 1836 2023 2036 2040 2072 2073 2086 2090 2091 3686 4323 
m3098 26 39 41 1339 1341 1991 2091 
m657 14 32 36 41 46 1614 2064 2082 2086 2314 2332 2336 2341 4136 4314 
m487 36 45 1845 
m3462 22 30 36 40 41 46 49 1122 1130 1136 1140 1141 1146 1149 1522 1536 1546 1822 1830 1836 1840 1846 1849 2022 2030 2036 2040 2046 2049 2072 2090 2322 2472 2480 2486 2490 2496 4346 4846 
m1678 22 23 36 40 41 1122 1123 1136 1140 1141 1172 1173 1822 1823 1836 1840 1841 2023 2036 2040 2041 2072 2073 3673 4341 
m181 13 22 32 36 40 41 672 686 690 1122 1136 1140 1613 1622 1636 1640 1822 2022 2036 2063 2072 2082 2086 
m1869 22 26 44 46 1122 1126 1144 1146 1322 1344 1346 2222 2246 2322 2326 2344 2346 4846 
m2283 12 41 46 2062 2091 2096 2312 
m3386 20 48 2420 
m230 29 34 36 1484 1486 1729 1734 1736 1829 1834 1836 4236 4334 
m3425 15 27 38 41 45 46 777 1915 1938 1941 1946 2065 2077 2088 2096 2288 2291 2296 2315 2327 2346 
m3113 5 17 41 46 255 867 891 2091 2317 2341 2346 4817 
m574 22 23 41 46 1123 1141 1146 1173 1191 1196 2073 2323 2341 3673 4823 
m3211 22 23 46 1123 1146 1196 2322 2323 4846 
m2387 32 46 1646 2332 2346 
m121 13 22 36 38 40 672 686 690 1113 1122 1136 1140 1822 1913 1922 1936 2022 2036 
m1835 22 36 41 1122 1136 1141 1822 2072 2086 2091 4586 
m2624 2 13 36 38 40 41 46 113 136 138 140 141 1813 1913 1936 1940 2013 2036 2063 2086 2088 2090 2302 2313 2336 2338 2340 2341 2346 
m805 22 23 30 45 46 1123 1130 1145 1146 1196 1523 1545 1546 2273 2296 2346 
m3372 36 37 40 46 1836 1837 1840 1846 2036 2037 2040 2046 2337 2346 4346 4837 
m3207 14 45 46 49 2264 2296 2299 2314 2346 2464 2496 4814 
m1942 5 13 22 33 36 40 46 263 272 283 286 290 672 686 690 1113 1122 1133 1136 1140 1672 1686 1690 1822 2022 2036 2305 2313 2322 2333 2336 2340 3183 
m1012 27 36 46 49 1827 1846 1849 2327 2346 2477 2496 
m590 34 45 2284 
m2434 22 38 46 1138 1146 1938 1946 
m2511 22 23 36 40 1122 1123 1136 1140 1173 1186 1190 1823 1836 2022 2023 2036 2040 3686 4323 
m214 17 22 46 1117 1122 1146 2346 4817 
m1250 36 38 40 46 49 1936 1938 1940 1946 2036 2046 2049 2346 2349 2486 4836 
m378 14 22 46 722 1114 1146 2322 3246 
m917 22 23 30 36 39 40 41 1123 1130 1136 1140 1172 1173 1180 1186 1190 1523 1536 1540 1822 1823 1830 1836 1840 1972 1973 1980 1986 1990 2022 2023 2030 2036 2072 2073 2080 2086 2089 2090 2091 3673 4323 
m1696 22 23 46 1122 1123 1146 2346 3696 4823 
m2671 11 13 23 30 33 563 573 580 583 673 680 1173 1180 1513 1523 1533 1673 1680 3183 3673 
m3254 28 36 1828 1836 
m3578 6 17 23 32 36 856 873 882 886 1156 1182 1606 1636 1806 3686 
m2995 22 23 36 41 1123 1822 1823 2072 2073 3673 4323 4586 
m1976 22 37 46 49 1137 1146 2322 2337 2346 2472 2496 4396 4837 
m1463 22 23 30 36 40 46 1122 1123 1130 1136 1140 1146 1173 1180 1186 1190 1522 1523 1530 1536 1540 1822 1823 1830 1836 1840 1846 2022 2023 2030 2036 2040 2046 2322 2323 2330 2336 3673 4823 
m464 12 13 22 27 36 40 622 636 640 672 686 690 1112 1113 1122 1136 1140 1362 1363 1372 1386 1390 1822 2022 2036 3162 
m1180 30 45 46 49 2280 2296 2299 2330 2480 2496 
m3470 22 36 40 1122 1822 1836 1840 2022 2036 2040 
m1824 14 22 36 40 46 1114 1136 1140 1146 1814 1846 2014 2036 2046 2346 4346 4814 
m2717 12 14 22 45 46 49 645 712 745 1112 1114 1146 2314 2345 2346 2462 2464 2472 2496 3146 3246 4812 
m1910 38 41 1938 1941 2088 2091 
m2139 22 23 36 40 1122 1123 1136 1140 1173 1823 2023 2036 3673 
m1292 27 38 46 1927 1946 2327 
m3632 22 23 30 46 1122 1123 1130 1146 1523 1546 2323 3673 4823 
m175 22 32 46 1122 1132 1146 1632 2322 2332 2346 
m2686 32 36 38 46 1832 1932 1936 1938 1946 2332 2336 2346 4836 
m886 38 46 1946 2338 2346 
m2859 27 36 41 46 1386 1391 1396 1841 2336 2341 2346 4836 
m635 22 23 1123 1172 1173 3673 
m3120 22 23 30 36 40 41 46 1122 1123 1130 1136 1140 1141 1146 1180 1522 1523 1530 1536 1540 1546 1822 1823 1830 1836 1840 1846 2022 2023 2030 2036 2040 2046 2072 2086 2090 2091 2322 2323 2330 2340 4823 4846 
m1667 36 37 49 1836 1837 1849 2486 2487 2499 
m3631 46 
m1265 14 45 46 2264 2296 2314 2346 4814 
m2553 22 23 36 41 1122 1123 1172 1173 1822 1823 2072 2073 3673 4586 
m168 12 26 46 1312 1326 1346 2312 2346 4812 
m23 22 23 36 40 45 1122 1123 1136 1140 1145 1173 1822 1823 1836 1840 1845 2022 2023 2036 2040 2045 2273 3673 
m1875 46 2346 
m2926 22 44 46 1122 1144 1146 2344 2346 4846 
m3541 13 38 1913 1938 
m3442 37 38 46 1937 1946 2337 
m2877 26 38 46 1926 1938 1946 2326 
m1849 22 46 49 1146 1149 2349 2472 2496 
m2608 22 23 36 41 1122 1123 1136 1141 1191 1841 2073 2091 4323 4586 
m199 23 26 46 1176 1346 3696 4846 
m937 14 37 46 2314 2337 2346 4364 4814 
m1343 14 38 46 49 746 749 1914 1938 1946 1949 2346 2349 
m1164 22 30 46 1522 1546 2322 4846 
m266 26 37 46 1326 1337 1346 1876 2326 4396 
m2203 22 32 33 36 40 1122 1132 1133 1136 1140 1633 1672 1822 1832 1833 1836 1840 2022 2032 2033 2036 4136 4186 
m2851 22 23 45 1123 1173 1195 3673 
m3662 38 45 46 1938 1945 1946 2345 
m999 30 40 46 2030 2040 2046 2330 2346 
m1602 22 36 37 40 46 1136 1137 1140 1146 1837 1840 1846 1890 2022 2036 2037 2040 2046 2336 2340 2346 4336 4346 4396 4837 
m900 22 23 30 36 40 46 49 1172 1173 1190 1196 1522 1523 1536 1546 1549 1822 1823 1840 2022 2023 2046 2322 2472 2473 2486 2490 2496 3696 4323 4346 
m2489 23 31 46 48 49 1196 1573 1596 2346 2423 2431 2446 2449 2473 2481 2496 
m2920 22 23 1122 1123 1173 3673 
m3008 23 40 46 1190 2023 2040 2046 2340 2346 3696 4823 
m1058 5 36 46 49 286 296 299 1849 2336 2346 2349 2486 2499 4836 4846 
m2423 23 30 41 46 1191 1523 1530 1541 1546 2073 2080 2091 2096 2330 2341 2346 3696 4823 
m1896 38 49 1938 1949 2488 2499 
m2448 5 36 38 46 49 286 296 299 1849 1905 1936 1938 1946 2346 2349 2486 2499 4836 
m611 22 36 40 41 1136 1141 1836 1840 2036 2086 2090 4586 
m3483 5 22 36 38 46 49 286 296 299 1105 1136 1138 1146 1849 1905 1936 1946 2346 2349 2486 2499 4836 
m1452 21 22 23 36 41 1121 1122 1123 1171 1172 1173 1821 1822 1823 2071 2072 2073 3673 4586 
m1354 22 23 30 46 1123 1130 1146 1172 1173 1180 1196 1523 1530 1546 2330 4823 
m2077 46 2346 
m2059 23 41 1191 2073 3673 
m875 46 2346 
m458 23 24 40 46 1190 1240 1246 2023 2024 2040 2046 2323 2324 2340 2346 3696 3723 
m1236 22 23 41 1122 1123 1141 1172 2073 
m26 14 23 36 40 46 49 749 1814 1823 1846 1849 2014 2023 2036 2046 2314 2323 2336 2346 2349 2473 3223 4814 4823 
m415 23 30 33 46 1180 1523 1530 1533 1546 1680 2330 2333 4173 4823 
m2104 30 38 39 1930 1980 1988 
m758 23 45 1195 
m1635 36 40 46 1840 1846 2036 2040 2046 2346 4346 
m3580 27 32 1382 
m1731 26 36 37 40 46 1346 1837 2036 2037 2040 2336 2337 
m2720 23 36 42 1173 1186 1192 3686 4342 
m2973 14 30 40 46 1514 1546 2014 2030 2040 2046 2314 2346 4814 
m625 22 46 1122 1146 2322 2346 4846 
m1767 23 30 40 1180 1523 1530 2023 2030 
m1401 22 23 30 46 1122 1123 1130 1146 1180 1522 1523 1530 1546 2330 4823 
m301 22 40 1122 1140 
m515 22 23 30 41 1123 1130 1141 1172 1173 1180 1191 1522 1523 1541 2072 2073 2080 2091 3673 
m3620 30 38 46 1930 1938 1946 2330 2346 
m1347 22 23 36 40 1122 1123 1136 1140 1172 1173 1186 1190 1822 1823 1836 1840 2022 2023 2036 2040 3673 4323 
m2904 22 23 30 46 49 1122 1123 1130 1146 1149 1172 1173 1180 1522 1523 1530 1549 2322 2323 2330 2349 2472 2473 2480 3673 4823 
m1 22 23 41 46 1123 1141 1146 1173 2073 2323 2341 2346 3673 4823 
m739 23 30 36 41 1173 1523 1823 1830 2073 2080 3673 4323 4586 
m1966 22 23 30 39 1123 1522 1523 1972 1973 1980 3673 
m308 36 40 41 1841 2036 2041 2086 2090 2091 
m3046 23 40 44 46 1173 1194 1196 2023 2040 2046 2323 2344 2346 3696 4823 
m1393 8 46 49 408 446 449 2349 
m3037 13 38 41 691 1913 1938 1941 
m1920 32 1632 
m2106 36 40 46 49 1849 2036 2040 2046 2049 2336 2346 2349 4336 4836 
m3569 22 37 46 1122 1137 1146 4837 
m842 22 27 46 1146 1372 1377 1396 
m229 22 38 44 46 1146 1922 1944 1946 2344 2346 4846 
m3033 13 23 36 46 49 1813 1823 1846 1849 2313 2346 2463 2473 2486 2496 2499 3663 4813 4823 
m476 22 46 1122 1146 
m2060 23 41 1191 2073 3673 
m1119 22 23 30 36 41 1122 1123 1130 1136 1141 1172 1173 1180 1523 1822 1823 2072 2073 3673 4586 
m1740 14 46 2314 2346 4814 
m3617 46 2346 
m2009 45 46 2296 2346 
m3145 38 49 1938 1949 
m706 17 38 40 46 888 1917 1946 2017 2038 2046 2338 4817 
m2245 13 46 2313 
m3618 
m761 10 37 46 537 546 4396 
m1300 22 23 36 40 46 49 1172 1822 1823 1836 1849 2022 2023 2036 2040 2046 2049 2322 2323 2336 2349 2473 2486 3686 4336 4346 4836 
m52 22 37 46 1122 1137 1146 2322 2337 2346 4837 
m1367 14 30 46 730 746 2314 2330 2346 4814 4846 
m2163 36 40 46 49 1836 1840 1846 1849 2036 2040 2046 2049 2336 2340 2346 2349 2486 2490 2496 4346 
m2284 6 43 46 2306 2343 4656 
m185 22 23 36 40 41 1122 1123 1136 1140 1141 1172 1173 1822 1823 1836 1840 1841 2022 2023 2036 2040 2041 2072 2073 3673 4586 
m3549 22 44 46 1146 2222 2244 2246 2322 2344 2346 4846 
m337 22 23 30 36 40 41 1122 1123 1130 1136 1140 1173 1522 1523 1536 1822 1823 1830 1836 2022 2023 2030 2036 2072 2073 2080 2086 2090 2091 3673 4323 4586 
m100 14 22 36 38 41 46 714 736 1114 1136 1836 1914 1922 1936 1941 2064 2072 2086 2314 2322 2336 2338 2341 3236 4314 4586 4814 
m2143 36 49 1836 1849 2499 
m1651 22 23 26 30 36 40 41 1122 1123 1126 1136 1140 1141 1172 1173 1180 1186 1191 1323 1336 1340 1523 1536 1541 1822 1823 1826 1836 1840 1841 2022 2023 2026 2036 2040 2041 2072 2073 2076 2086 2090 3673 4586 
m1128 22 23 30 1122 1123 1130 1173 1180 1522 1523 1530 
m1008 12 32 36 46 1612 1812 2312 2332 2336 2346 4136 4812 4836 
m3441 26 39 46 1326 1339 1346 1976 2326 4496 
m3529 22 26 33 1122 1126 1133 1676 
m699 14 23 36 38 46 49 1164 1814 1823 1838 1846 1849 1914 1923 1946 1949 2323 2464 2473 2496 4814 
m1038 22 23 36 40 41 1122 1123 1136 1140 1141 1173 1823 1836 1840 1841 2023 2036 2040 2041 2072 2073 2086 2090 2091 3686 4323 
m952 22 38 40 45 46 1138 1146 1938 1940 1946 2272 2288 2290 2296 2340 2346 
m966 22 23 30 38 41 1122 1123 1130 1172 1173 1180 1188 1523 1538 1541 1922 1923 1930 1938 2072 2073 2080 2088 3673 
m427 22 23 30 46 1122 1123 1130 1146 1180 1523 1530 1546 2323 2330 3673 4823 
m3195 23 36 46 49 1196 1199 1846 1849 2346 2496 3686 
m1979 22 23 30 36 40 46 1122 1123 1130 1136 1140 1146 1180 1523 1530 1536 1546 1830 1846 2022 2023 2030 2036 2040 2046 2330 4323 4823 
m1673 6 14 36 49 706 714 736 749 1806 2456 2486 
m173 23 30 46 1180 1523 1530 1546 2330 4823 
m1311 30 36 46 49 1549 1830 1846 1849 2330 2336 2346 2349 
m3638 22 23 30 36 40 46 49 1122 1123 1130 1136 1140 1146 1149 1172 1173 1180 1186 1190 1199 1522 1523 1530 1536 1540 1546 1549 1823 1840 2022 2023 2030 2036 2040 2046 2322 2330 2336 2340 2346 2349 2472 2473 2480 2486 2490 2496 3696 4823 
m771 22 23 36 40 41 1123 1136 1140 1172 1822 1823 1836 2023 2036 2072 2073 2086 2090 2091 3673 4323 4586 
m103 22 23 36 1123 1136 1172 1173 1186 1822 1823 3673 
m1887 23 36 41 49 1191 1823 1836 1841 1849 2473 2486 2491 3686 4323 4336 4341 
m307 44 46 2244 2246 2344 2346 4846 
m3080 22 23 41 1122 1123 1141 1172 1173 1191 2072 2073 2091 3673 
m1991 13 22 37 672 1872 4363 
m249 5 13 33 46 263 283 2305 2313 2333 4163 
m2446 22 23 36 41 1122 1123 1172 1173 1822 1823 2072 2073 3673 4586 
m636 22 23 30 36 38 40 41 46 1122 1123 1130 1136 1140 1146 1172 1173 1180 1186 1190 1522 1523 1530 1536 1540 1546 1823 1840 1922 1923 1930 1938 1941 1946 2023 2030 2036 2038 2040 2041 2046 2072 2073 2080 2086 2096 2322 2330 2336 2340 2346 3696 4823 
m3343 22 30 36 46 1136 1146 1522 1536 1546 1846 2346 
m1095 12 32 36 46 1612 1646 1812 2336 2346 3146 4136 4346 4812 
m2164 22 37 38 46 49 1137 1146 1149 1899 1922 1937 1938 1946 1949 2349 4396 
m1700 26 37 46 1337 1346 1896 2346 
m1964 22 23 36 40 41 1122 1123 1136 1140 1141 1172 1173 1822 1823 1836 1840 1841 2022 2023 2036 2040 2041 2073 2086 2090 3673 4586 
m2896 38 41 46 49 1938 1946 1949 2088 2096 2349 
m3276 5 13 22 263 272 1105 1113 1122 
m1847 22 23 46 49 1122 1146 1149 1172 1199 2322 2346 2349 3696 4823 
m3390 36 46 4836 4846 
m1828 14 36 49 736 749 1849 2486 2499 4336 
m2383 23 40 2023 3673 
m3013 30 40 46 49 2030 2046 2049 2330 2349 2480 2496 4846 
m3649 14 44 46 49 744 746 2344 2464 2494 2496 
m3409 22 40 46 49 2040 2046 2322 2346 2490 2496 
m3616 22 48 1122 1148 
m837 12 30 45 46 49 645 1512 1530 1545 1546 2295 2345 2346 2480 2496 2499 4812 
m2597 14 40 46 2014 2040 2046 2314 2346 4814 4846 
m3479 5 22 36 38 46 49 286 296 299 1136 1138 1146 1149 1836 1846 1849 1905 1936 1938 1946 1949 2346 2349 2455 2486 2496 2499 4836 
m2848 23 38 1923 
m1242 23 30 36 41 49 1191 1523 1530 1541 1823 1830 1836 1841 1849 2073 2080 2086 2091 2099 2473 2480 2486 2491 2499 
m1978 13 22 32 36 38 40 672 686 690 1113 1136 1140 1613 1622 1636 1640 1822 1913 1922 1932 1936 1940 2022 2036 2040 3186 4336 
m2193 22 32 37 38 46 49 1132 1137 1146 1637 1646 1922 1938 1946 1949 2332 2337 2346 2472 2487 2496 4837 
m3522 5 32 46 1605 2305 2332 2346 4846 
m3515 22 40 46 1146 2022 2046 2346 4846 
m1977 23 26 30 46 1180 1323 1330 1346 1523 1530 2330 4823 
m1554 14 30 46 730 746 1530 2330 
m1733 22 46 2322 2346 
m571 36 40 49 1836 1840 1849 2036 2040 2049 2486 2490 2499 
m2824 22 40 44 46 1146 2022 2044 2046 2344 2346 4846 
m2999 22 23 30 36 40 41 46 1122 1123 1130 1136 1140 1141 1146 1172 1173 1180 1186 1190 1191 1523 1536 1540 1541 1841 2023 2036 2041 2072 2073 2080 2086 2090 2091 2096 2322 2323 2330 2341 2346 3673 4323 
m851 22 30 36 40 45 1122 1136 1140 1522 1536 1540 1836 1840 2022 2036 2040 2272 2280 2286 
m1636 22 23 30 41 1123 1141 1172 1173 1191 1522 1523 1541 2072 2073 2080 2091 3673 
m2813 26 46 1346 
m545 14 22 36 41 46 714 736 1114 1122 1136 1141 1146 1836 2064 2072 2086 2314 2322 2336 2341 3236 4314 4586 4814 
m1206 22 23 30 36 40 41 1122 1123 1130 1136 1140 1172 1180 1186 1522 1523 1536 1822 2023 2030 2036 2072 2073 2080 2086 2090 3673 4323 
m894 22 23 36 45 1172 1822 2272 2273 2286 4323 
m1950 23 30 40 46 1180 1523 1530 1546 2023 2030 2046 2323 2330 
m188 22 36 40 41 1136 1140 1141 1822 1836 1840 1841 2036 2041 2072 2086 2090 2091 4586 
m348 22 23 27 41 45 1122 1123 1127 1141 1145 1195 1372 1391 2073 2095 
m2722 22 23 36 40 41 1123 1136 1140 1141 1173 1186 1190 1823 1836 2023 2036 2040 2072 2073 2086 2090 2091 3686 4323 
m2097 46 2346 
m977 23 38 45 46 1196 1923 1945 1946 2273 2296 2323 2346 3696 4823 
m3123 36 38 40 41 1838 1841 1941 2036 2038 2041 
m1261 14 40 46 2014 2040 2046 2314 2346 4814 
m2775 22 36 40 41 1136 1140 1141 1836 1840 1841 2036 2040 2072 2086 2090 2091 4586 
m2996 22 23 36 41 1123 1136 1823 2072 2073 3673 4323 4586 
m2230 13 22 45 46 672 2263 2295 2296 2313 2322 2346 4813 
m1350 22 23 30 36 38 40 41 1123 1136 1140 1141 1172 1173 1180 1186 1188 1190 1191 1830 1922 1923 1936 1940 1941 2022 2023 2030 2036 2038 2040 2041 2073 2080 2086 2090 3673 4323 
m2381 5 21 22 38 46 271 272 288 296 1121 1138 1146 1921 1946 2305 2321 2322 2338 2346 
m2736 36 40 46 49 1836 1846 2036 2040 2046 2049 2336 2346 2349 2486 2496 4336 4836 
m3062 22 23 30 36 37 40 41 46 49 1123 1130 1136 1137 1140 1146 1149 1180 1523 1530 1546 1822 1823 1830 1836 1837 1840 1846 1849 1872 1873 1880 1886 1890 1896 2022 2023 2030 2036 2037 2040 2046 2072 2086 2090 2099 2330 2346 2472 2473 2480 2486 2487 2490 2496 4396 4823 
m345 23 30 33 38 46 1180 1523 1530 1533 1546 1680 1923 1930 1933 1946 2323 2330 2333 2346 4173 4823 
m1873 22 23 38 46 1123 1138 1146 1172 1173 1922 1923 1938 1946 2322 2323 3673 4823 
m2633 32 38 45 46 49 1638 1646 1938 1946 1949 2282 2288 2296 2299 2332 2338 2346 2349 
m1512 26 32 36 38 46 1332 1336 1346 1832 1926 1932 1936 1938 1946 2332 2336 2346 4836 
m2565 22 23 37 41 1123 1172 1173 1187 1191 1872 1873 2072 2073 2087 2091 3673 
m3633 22 23 36 38 40 41 1122 1123 1136 1140 1172 1822 1823 1836 1840 1922 1923 1936 1941 2023 2036 2072 2073 2086 2088 2090 2091 3673 4323 4586 
m776 30 36 39 40 46 1530 1539 1546 1830 1839 1840 1846 1980 2030 2036 2039 2040 2046 2330 2339 2340 2346 4346 
m364 14 22 40 45 46 722 2014 2045 2046 2264 2272 2296 2314 2322 2340 2345 2346 4814 
m3092 22 23 30 46 1123 1130 1146 1180 1523 1530 1546 2330 4823 
m2140 22 23 36 40 1122 1123 1136 1140 1173 1823 2023 2036 3673 
m520 17 40 46 890 2340 2346 3396 4817 
m1672 36 40 45 46 1845 2036 2045 2046 2336 2345 4836 4846 
m3467 36 40 46 49 1836 1840 1846 1849 2036 2040 2046 2049 2336 2340 2346 2349 2486 2490 2496 4836 
m3304 23 36 3686 
m1879 22 23 26 1123 1126 1173 1176 1323 3673 
m783 22 44 46 1122 1144 1146 2322 2344 2346 4846 
m1072 23 40 46 2023 2040 2046 2323 2346 4823 
m60 13 22 36 45 46 49 699 1113 1136 1849 2286 2295 2296 2313 2322 2336 2349 3186 
m1666 13 38 46 1913 1946 4813 
m68 23 26 32 46 1182 1323 1332 1346 2323 2332 
m881 23 36 40 46 49 1190 1823 1836 1840 1846 1849 2023 2036 2040 2046 2336 2340 2346 2349 2473 2486 2490 4323 4346 4823 4836 
m3095 22 23 30 36 40 41 46 1122 1123 1130 1136 1140 1141 1146 1191 1523 1536 1541 1546 1822 1830 1841 1846 2023 2030 2036 2040 2041 2046 2072 2091 2341 3696 4323 4586 
m958 22 36 40 1122 1136 1140 2036 
m2015 18 45 945 2295 
m37 22 23 30 41 46 1122 1123 1130 1141 1146 1522 1541 1546 2072 2073 2322 2323 2341 2346 
m1884 13 22 33 36 40 686 690 1113 1133 1136 1140 1686 1690 1840 3183 
m61 22 32 46 1122 1132 1146 2332 2346 
m416 23 30 36 40 46 1186 1190 1523 1530 1536 1540 1546 1823 1830 1836 1846 2023 2030 2036 2046 2330 2336 2340 2346 3696 4823 
m675 27 44 45 46 1394 2277 2294 2296 2327 2344 
m1558 22 46 1146 4846 
m2289 22 23 30 36 40 46 49 1122 1123 1130 1136 1140 1146 1149 1172 1173 1186 1190 1199 1522 1523 1530 1536 1540 1546 1549 1822 1823 1830 1836 1840 1846 1849 2022 2023 2030 2036 2040 2046 2049 2322 2330 2336 2340 2346 2472 2473 2480 2486 2490 2496 3696 4823 
m1730 14 22 38 46 49 722 749 1914 1938 1946 1949 2314 2322 2338 2346 2349 2472 4814 
m868 23 30 36 40 41 1173 1180 1186 1190 1523 1536 1540 1823 1830 1840 2023 2036 2073 2086 3673 4336 
m2876 23 30 41 46 1180 2073 2080 2096 2323 2330 2341 4823 4846 
m766 30 36 46 49 1536 1549 1849 2330 2336 2346 2349 
m63 13 20 22 33 36 38 40 1013 1022 1033 1036 1038 1040 1113 1122 1133 1136 1138 1140 1813 1833 1838 1840 1913 1933 2013 2033 2038 4163 
m2049 14 46 49 2314 2346 2464 2496 4814 4846 
m2450 5 36 38 46 49 286 296 299 1836 1846 1849 1905 1936 1938 1946 1949 2346 2349 2455 2486 2496 2499 4836 
m2982 22 23 30 36 41 1123 1130 1523 1822 1823 1830 2072 2073 2080 3673 4323 4586 
m3444 22 38 46 1146 1922 1938 1946 2346 
m446 
m2437 36 37 40 46 49 1837 1849 1899 2036 2037 2046 2049 2336 2349 4837 
m3142 14 22 23 30 730 1114 1122 1123 1130 1180 1514 1523 1530 3223 
m2839 3 22 23 36 40 41 46 172 186 190 196 1122 1136 1140 1146 1191 1822 1823 1836 1840 1841 1846 2022 2023 2036 2040 2041 2046 2323 2336 2341 2346 3686 4336 4341 4346 4823 
m2438 22 36 40 46 1122 1136 1140 1146 1840 1846 2022 2036 2040 2046 2322 2340 2346 4836 
m2372 32 40 46 1632 1640 1646 2032 2040 2046 2332 2340 2346 
m885 21 32 33 46 1082 1083 1096 1633 2321 2332 2333 2346 4833 
m2970 22 30 32 36 40 41 46 49 1122 1130 1132 1136 1140 1141 1146 1522 1532 1536 1546 1622 1646 1822 1830 1832 1836 1840 1846 1849 2022 2030 2032 2036 2040 2046 2049 2072 2090 2096 2322 2472 2480 2482 2486 2490 2496 4346 4846 
m2366 26 46 1346 2346 
m3185 36 40 41 46 1836 1841 1846 2036 2040 2041 2046 2336 2341 2346 4341 4346 4836 4846 
m1549 22 23 30 46 1122 1123 1130 1146 1180 1523 1530 1546 2330 2346 4823 
m1010 6 36 40 43 336 340 1806 1836 1840 1843 2006 2036 2043 2186 2190 2843 
m2632 13 38 46 688 1913 1938 1946 2313 2338 
m3534 36 46 2336 2346 4836 4846 
m423 22 30 38 46 1122 1130 1146 1922 1930 1938 1946 2330 2346 
m1709 5 45 255 295 2255 2295 
m756 22 36 37 40 46 1122 1136 1137 1146 1822 1837 1872 2036 2037 2046 2322 2336 2337 2340 2346 4346 4396 
m1252 22 23 30 41 1123 1130 1141 1522 1523 2073 2080 3673 
m2680 32 36 41 46 1632 1636 1641 1646 1832 1836 1841 1846 2082 2086 2091 2096 2332 2336 4586 4846 
m2988 22 37 46 49 1137 1146 1899 2346 2349 2496 4396 4837 
m1760 22 23 36 40 46 1123 1136 1140 1146 1172 1822 2022 2023 2036 2040 2046 2322 2323 2336 2340 2346 4323 4836 
m865 38 46 1938 1946 2346 
m561 22 46 49 1122 1146 1149 2349 2472 2496 
m2107 13 22 36 38 40 672 686 690 1113 1122 1136 1140 1822 1913 1922 1936 2022 2036 
m3575 22 23 30 36 40 46 1122 1123 1130 1136 1140 1146 1180 1522 1523 1530 1536 1540 1546 1822 1823 1830 1836 1840 1846 2022 2023 2030 2036 2040 2046 2322 2323 2330 2340 4823 4846 
m1217 22 41 46 1122 1141 1146 2341 2346 
m1139 14 22 36 40 722 736 740 1114 1122 1136 1140 1822 2022 2036 
m338 22 30 37 41 46 1130 1137 1141 1146 1537 1541 1546 2087 2096 2322 2330 2337 2341 2346 4837 
m1053 3 14 46 703 2314 2346 2696 3246 4803 
m221 38 41 44 46 1941 1944 1946 2094 2096 2344 
m2390 5 13 22 33 36 38 40 46 263 272 283 286 290 672 686 690 1113 1122 1133 1136 1140 1672 1686 1690 1822 1905 1913 1922 1933 1936 1940 1946 2022 2036 2305 2313 2322 2333 2336 2340 3183 
m3540 36 41 1836 1841 2086 2091 4586 
m1906 22 23 30 32 36 40 46 1122 1123 1130 1132 1136 1140 1146 1172 1173 1522 1523 1530 1546 1622 1623 1630 1640 1646 1822 1823 1830 1832 1840 1846 2022 2023 2030 2032 2036 2040 2046 2322 2323 2330 2332 2336 2340 2346 3696 4823 
m3026 14 714 
m209 17 40 46 2017 2046 2346 4817 
m2941 5 13 22 33 36 40 263 272 283 286 290 672 686 690 1113 1122 1133 1136 1140 1672 1686 1690 1822 2022 2036 3183 
m3096 22 23 30 36 40 41 46 1122 1123 1130 1136 1140 1141 1146 1191 1523 1536 1541 1546 1841 1846 2023 2030 2036 2040 2041 2046 2072 2341 3696 4323 
m782 22 44 46 1122 1144 1146 2322 2344 2346 4846 
m2345 22 23 30 40 46 1122 1123 1130 1140 1146 1180 1196 1523 1530 1546 2022 2023 2030 2046 2330 3673 4823 
m1749 14 23 30 46 1514 1523 1546 2314 2323 2330 2346 3664 4814 4823 
m3222 22 36 40 41 46 1136 1141 1146 2022 2036 2041 2046 2086 2096 2336 
m2169 5 14 22 23 32 36 37 41 264 282 286 722 737 741 1105 1114 1123 1136 1137 1141 1155 1182 1186 1614 1637 1814 1837 1872 1882 1886 1887 1891 2087 3664 4136 4332 
m3093 22 23 30 36 40 41 46 1122 1123 1130 1136 1140 1141 1146 1191 1522 1523 1536 1541 1546 1841 1846 2023 2030 2036 2040 2041 2046 2072 2080 2341 3696 4323 
m1253 22 23 41 1122 1123 1141 1173 2072 2073 3673 
m669 13 22 33 36 40 47 672 686 690 697 1113 1122 1133 1136 1140 1147 1672 1686 1690 1697 1847 2036 2047 3183 
m1365 22 37 40 46 1137 1146 2022 2037 2040 2046 2322 2337 2346 4837 
m128 22 37 40 46 1137 1140 1146 1890 2022 2037 2040 2046 2337 2340 2346 4837 
m1132 22 23 30 1122 1123 1130 1173 1522 1523 3673 
m3644 13 22 33 36 40 46 672 686 690 1113 1122 1133 1136 1140 1672 1686 1690 1822 2022 2036 2313 2322 2333 2336 2340 3183 
m1159 23 30 46 49 1180 1523 1530 1546 2330 2346 2480 2496 4823 
m1661 32 46 2332 
m1198 33 36 38 46 49 1833 1846 1938 1946 2333 2336 2346 2349 2483 2486 2496 4833 
m3105 13 30 36 46 1513 1536 1546 2313 2330 2336 2346 4313 4813 4836 
m3416 38 45 46 49 1938 1946 1949 2288 2296 2299 2349 
m1758 22 32 38 46 1146 1922 1932 1938 1946 2332 2346 
m1476 22 23 45 1123 1173 1195 3673 
m2797 22 44 46 1146 2344 2346 4846 
m2601 14 46 714 746 2314 2346 4814 
m2223 22 23 30 41 1122 1123 1130 1141 1172 1173 1180 1191 1522 1523 1530 2072 2073 2080 2091 3673 
m2645 22 46 1122 1146 2322 2346 
m696 14 22 46 1114 1122 1146 2314 2346 4814 
m2649 22 23 30 36 40 41 1122 1123 1130 1136 1140 1173 1522 1523 1536 1822 1823 1830 1836 2022 2023 2030 2036 2072 2073 2080 2086 2090 2091 3673 4323 4586 
m694 36 46 48 49 1846 1848 1849 2336 2348 2486 2496 2498 2499 4336 
m2244 14 36 40 46 740 746 1840 2014 2036 2040 2046 2336 2340 2346 3236 4346 4814 
m2350 11 32 561 582 
m3524 23 30 36 41 49 1173 1180 1186 1199 1523 1530 1823 1830 1849 2073 2080 2086 2099 2473 2480 3673 
m3321 14 22 40 46 722 2014 2046 2314 2322 2346 4814 
m932 22 40 46 1146 2340 
m55 14 36 40 46 1814 1846 2014 2036 2046 3246 
m3220 12 22 23 30 36 40 46 612 622 623 630 636 640 646 1112 1123 1136 1140 1146 1162 1173 1512 1523 1536 1546 1812 1822 1823 1830 1836 1846 2012 2022 2023 2030 2036 2046 2312 2322 2323 2330 2336 2346 3123 3686 4346 4812 
m1788 22 23 36 40 1122 1123 1136 1140 1172 1173 1186 1190 1822 1823 1836 1840 2022 2023 2036 2040 3673 3686 4323 
m1429 41 46 49 2341 2491 2496 
m3517 22 37 46 49 1137 1146 1899 2346 2349 2496 4396 4837 
m827 26 37 46 1337 1346 2337 2346 4837 
m568 22 23 36 41 1123 1136 1141 1172 1173 1822 1823 2072 2073 3673 4586 
m2416 22 44 46 1122 1144 1146 2322 2344 2346 4846 
m475 23 30 46 1180 1196 2323 2330 2346 3673 4823 
m1728 45 
m3503 6 14 32 36 314 332 732 1806 1814 1832 
m3413 12 14 40 46 646 2012 2014 2046 2314 2346 3114 4812 
m2914 22 36 40 41 1136 1140 1141 1841 2036 2041 4336 4586 
m2151 22 23 30 36 40 41 46 1122 1123 1130 1136 1140 1141 1146 1180 1522 1523 1530 1536 1540 1546 1822 1823 1830 1836 1840 1846 2022 2023 2030 2036 2040 2046 2072 2086 2090 2091 2322 2323 2330 2340 4823 4846 
m1034 14 16 23 46 716 723 746 2316 3323 4823 
m863 22 23 36 40 46 1122 1123 1136 1140 1146 1172 1186 1190 1196 1822 1836 2022 2036 2040 2046 2322 3686 4346 
m3460 22 30 36 40 41 46 49 1122 1130 1136 1140 1141 1146 1149 1522 1536 1546 1822 1846 2022 2030 2036 2040 2046 2049 2072 2090 2322 2472 2480 2486 2496 4346 4846 
m2832 13 38 1913 1938 
m1786 22 41 1122 1141 
m949 27 32 38 46 1382 1388 1396 1638 1646 1946 
m1882 14 23 30 38 40 730 1180 1514 1523 1530 1540 1914 1923 1930 1940 2014 2023 2030 3223 
m1633 22 30 36 40 41 1136 1141 1536 1540 1541 1822 1836 1840 1841 2022 2036 2040 2041 2086 4336 4586 
m2358 36 46 2336 2346 4346 4836 
m3512 38 46 1946 2346 
m1120 32 44 46 1632 1644 1646 2344 
m3486 5 13 23 30 33 263 273 280 283 673 680 1173 1180 1513 1523 1533 1673 1680 3183 3673 
m1216 26 32 36 46 1332 1336 1346 1832 2332 2336 2346 4836 
m2811 22 23 36 40 41 1122 1136 1140 1141 1173 1186 1190 1823 1836 1840 1841 2022 2023 2036 2040 2041 2073 2086 2090 2091 3686 4323 
m671 
m3079 23 37 46 49 2323 2473 2487 2496 3687 4837 
m3323 12 22 23 30 46 612 622 623 630 646 1112 1122 1123 1130 1180 1512 1522 1523 1530 2312 2322 2323 2330 2346 4812 
m2724 13 38 46 1913 1938 1946 2313 
m207 30 36 37 40 46 1536 1537 1540 1546 1837 1840 1846 1890 2037 2046 2340 4396 
m151 12 22 36 40 46 49 636 1112 1136 1146 1149 1812 1836 1846 2022 2036 2040 2046 2312 2336 2346 2349 2462 2486 2496 3136 4336 4812 4836 
m1545 22 23 30 46 1122 1123 1146 1180 2330 2346 4823 
m654 36 46 49 2486 2496 4836 4846 
m3502 45 46 2345 
m1908 8 32 37 46 49 408 437 446 449 1882 1896 2332 2346 2482 2487 2496 4396 
m1359 12 26 46 612 1312 1346 2312 2346 4812 
m3240 8 408 
m524 32 36 46 1832 2332 2336 2346 4836 
m3224 14 38 40 738 1914 1938 1940 2014 2038 2040 
m627 5 22 23 30 46 255 273 280 296 1105 1122 1123 1130 1146 1180 1505 1523 1530 1546 2330 4823 
m3038 22 36 37 40 46 1122 1136 1137 1140 1146 1822 1837 1840 1846 1890 1896 2022 2036 2037 2040 2046 2322 2340 2346 4396 4837 4846 
m2815 13 22 32 36 40 672 686 690 1113 1122 1136 1140 1613 1622 1636 1640 1822 2022 2036 
m1197 33 38 40 46 1690 1696 1933 1938 1940 1946 2333 2338 2340 2346 
m92 30 38 46 1930 1938 1946 2330 2346 
m762 22 23 30 46 1122 1123 1130 1146 1180 1523 1530 1546 2330 2346 4823 
m3669 22 37 46 49 1137 1146 1899 2346 2349 2496 4396 4837 
m1892 23 30 32 46 1182 1523 1532 1546 2323 2332 2346 4823 
m1346 30 46 2330 
m3148 22 23 30 1172 1522 1523 
m2997 13 22 36 38 40 45 1113 1136 1138 1140 1145 1813 1840 1913 1936 1940 2013 2263 2286 2288 2290 
m435 22 37 46 49 1122 1137 1146 1899 2346 2349 2496 4396 4837 
m3319 22 23 49 1122 1123 1173 1199 2473 3673 
m1968 13 38 688 1913 1938 
m3433 12 26 40 46 626 2012 2026 2046 2312 2326 2340 2346 4812 
m3088 5 13 33 46 655 1655 2305 2313 2333 4163 
m3360 22 41 46 1122 1141 1146 2341 
m1061 22 36 40 41 1136 1140 1141 1836 1840 1841 2036 2040 2086 2090 2091 4586 
m824 22 36 40 46 1136 1140 1146 1840 2336 2340 4336 4836 
m2243 12 22 23 36 40 46 49 636 649 1186 1199 1822 1836 1840 2022 2036 2336 2349 2486 3123 3146 3686 4336 4823 
m357 37 46 1896 2346 4837 
m2217 32 36 46 49 1636 1649 1832 1836 1846 1849 2332 2336 2346 2349 2482 2486 2496 2499 4332 4336 
m1510 22 23 30 40 46 1122 1123 1130 1140 1146 1180 1523 1530 1546 2022 2023 2030 2046 2330 2346 4823 
m2094 36 41 1841 
m127 13 22 44 46 694 1113 1146 2313 2344 
m1876 23 36 41 49 1191 1823 1836 1841 1849 2473 2486 2491 3686 4323 4336 4341 
m114 6 36 40 42 46 49 2006 2036 2042 2046 2049 2306 2336 2342 2349 2456 2486 2492 4306 4342 4606 
m1029 22 36 40 45 1122 1136 1140 1145 1836 1840 1845 2036 2040 2045 2286 2290 
m126 22 23 30 36 40 41 46 1130 1146 1541 1546 1836 1841 2023 2036 2041 2073 2086 2323 2336 2340 2341 3686 4323 4591 
m3070 23 38 45 1923 2273 2288 
m267 8 32 37 38 46 49 408 432 438 446 449 1637 1646 1932 1946 2332 2337 2346 2482 2487 2488 2496 
m217 11 13 46 563 2311 2313 
m3141 22 46 1122 1146 2346 
m3457 38 40 46 49 1940 1946 2046 2346 2488 2490 2496 
m2449 18 23 36 923 936 1186 1836 3686 
m1392 30 36 41 46 1830 1836 1841 1846 2080 2330 2336 2341 2346 4586 4836 
m1774 22 23 30 36 40 46 1122 1123 1130 1136 1140 1146 1172 1173 1180 1186 1190 1522 1523 1530 1536 1540 1546 1823 1840 2022 2023 2030 2036 2040 2046 2322 2330 2336 2340 2346 3696 4823 
m3277 22 23 36 40 1122 1123 1136 1140 1173 1186 1190 1822 1823 1836 1840 2022 2023 2036 2040 3673 4323 
m1125 30 46 2330 2346 4846 
m227 22 38 1122 1922 1938 
m817 14 22 23 30 40 46 730 746 1114 1122 1123 1130 1146 1180 1514 1523 1530 1546 2014 2022 2023 2030 2046 2330 3223 4823 
m1436 22 33 44 49 1133 1144 1694 1699 2494 
m1358 32 46 1632 1646 2332 2346 
m254 36 40 41 1836 1840 1841 2036 2040 2041 2086 2090 2091 
m1349 14 36 38 40 46 49 738 1814 1838 1914 1936 1938 1940 1946 1949 2014 2036 2046 2314 2336 2338 2340 2346 2349 2464 2486 2490 2496 3246 4346 
m2673 14 40 46 714 740 746 2014 2046 2314 2340 2346 4814 
m1348 14 40 46 49 2014 2040 2046 2314 2346 2464 2490 2496 4814 
m1382 22 38 44 46 1138 1144 1146 1944 1946 2344 2346 
m2506 23 30 36 41 1173 1180 1186 1191 1523 1530 1536 1541 1823 1830 1836 1841 2073 2080 2091 3673 4323 4586 
m3567 23 36 41 1186 2073 3673 4323 4586 
m1186 45 
m1951 13 20 22 33 36 38 40 688 1013 1022 1033 1036 1038 1040 1113 1133 1136 1138 1140 1688 1813 1822 1833 1838 1840 2013 2033 2036 2038 3183 3536 4336 
m2507 36 40 46 1836 1840 2036 2040 2336 2340 2346 
m2692 22 45 46 1145 1146 2296 
m1813 46 2346 
m1543 40 45 46 2045 2046 2296 
m3336 23 36 40 41 46 1191 1823 1836 1840 1841 1846 2023 2036 2040 2041 2046 2323 2336 2341 2346 3686 4341 4346 4823 
m1399 41 46 2091 2096 2341 
m2625 14 22 23 30 46 730 746 1114 1122 1123 1130 1146 1180 1514 1523 1530 1546 2330 3223 4823 
m417 38 46 1938 1946 2338 2346 
m843 23 26 30 38 40 46 1180 1323 1330 1338 1346 1923 1930 1938 1946 2023 2026 2030 2038 2046 2330 4823 
m3086 5 13 22 33 46 655 1113 1133 1146 1655 1696 2305 2313 4163 
m1890 22 23 1122 1123 1172 1173 3673 
m1565 14 37 40 46 737 740 746 2037 2046 4837 
m3204 12 26 46 626 2326 4812 
m136 22 37 40 46 1137 1140 1146 1890 2022 2037 2040 2046 2337 2340 2346 4837 
m1255 14 26 36 40 46 1314 1336 1340 1346 1814 1846 2014 2036 2040 2046 2346 4346 4814 
m2533 22 46 1122 1146 2322 2346 
m2173 33 41 48 1691 2433 2441 
m3394 14 44 46 49 744 746 2344 2464 2494 2496 
m316 
m1787 22 36 41 1136 1141 1841 2072 2086 2091 4586 
m3106 22 35 46 1135 1146 1796 
m218 28 46 1428 2328 2346 
m2025 12 22 36 38 40 46 612 636 1112 1122 1136 1138 1140 1146 1812 1836 1840 1846 1912 1922 1936 1938 1940 1946 2012 2022 2036 2038 2046 2312 2336 2346 3146 4812 4836 
m3091 5 32 36 38 46 49 282 286 288 296 1632 1638 1646 1838 1846 1932 1936 1938 1946 2332 2338 2346 2455 2482 2486 2488 2496 4136 4332 4836 
m3586 22 23 36 40 41 1122 1123 1136 1140 1141 1172 1173 1822 1823 1836 1840 1841 2022 2023 2036 2040 2041 2072 2073 3673 4586 
m3563 13 38 46 1913 1938 1946 2313 
m3012 22 46 49 1146 1149 2322 2346 2349 2496 
m96 32 36 46 49 1632 1636 1649 1849 2332 2336 2349 
m1889 22 36 38 46 1822 1936 1946 2322 2336 2346 4836 
m261 14 32 46 732 2332 4814 
m1837 26 36 46 1336 1346 4836 4846 
m137 5 45 46 2255 2296 2305 2346 
m385 10 26 37 46 1310 1337 1346 1860 1896 2310 2346 4396 
m232 34 36 1734 1736 1834 1836 4236 4334 
m670 14 36 46 714 736 1836 2314 2336 2346 3236 4814 4836 
m2735 6 14 23 32 36 706 723 732 736 1156 1182 1606 1636 1806 3686 
m2397 5 36 46 1805 1846 2305 2336 2346 4346 4836 4846 
m1555 23 30 36 40 41 1173 1180 1186 1190 1523 1530 1536 1540 1823 1830 1836 1840 2023 2030 2036 2040 2073 2080 2086 2090 3673 4323 
m1395 23 30 36 40 49 1180 1199 1549 1823 1830 1836 1840 1849 2023 2030 2036 2040 2049 2473 2480 2486 2490 
m196 13 22 33 36 40 1113 1122 1133 1136 1140 1686 1690 1813 2013 2036 4163 
m2577 22 36 37 40 46 1122 1136 1137 1140 1146 1837 2036 2037 2040 2046 2322 2336 2337 2340 2346 4346 4396 
m322 14 46 49 749 2346 2349 2464 2496 3246 4814 
m71 22 23 30 1122 1123 1130 1173 1180 1522 1523 1530 
m3305 13 38 1913 1938 
m2837 38 46 1946 2346 
m3333 14 37 3237 
m1895 13 46 2313 
m501 12 30 38 40 46 630 1912 1930 1946 2012 2030 2038 2040 2046 2312 2330 2346 4812 
m2978 
m3094 5 32 36 38 45 46 49 282 286 288 295 296 1632 1638 1645 1646 1838 1845 1846 1932 1936 1945 1946 2295 2332 2338 2345 2346 2455 2482 2486 2488 2496 4136 4332 4836 
m178 15 23 30 40 46 773 1515 1523 1530 1546 2015 2023 2030 2046 2315 4823 
m3331 37 46 49 1899 2337 2346 2349 4396 4837 4846 
m355 26 27 46 1327 1346 2327 2346 
m3294 13 38 1913 1938 
m2951 36 37 40 41 46 1841 1846 1886 2036 2037 2046 2086 2087 2090 2096 2336 2337 2340 2341 2346 4346 4396 4836 
m541 23 36 40 41 1173 1823 1836 1840 2023 2036 2040 2073 2086 2090 3686 4323 
m3582 22 23 36 37 40 1122 1123 1136 1137 1140 1172 1173 1822 1823 1836 1837 1840 1872 1873 2022 2023 2036 2037 2040 3673 
m1033 22 23 30 41 1122 1123 1130 1172 1173 1180 1522 1523 1530 2072 2073 2080 3673 
m2172 5 23 32 36 46 273 282 286 1623 2305 2323 2332 2336 2346 4323 4332 4823 4836 
m3452 29 36 49 1829 1836 2479 2486 4336 
m1231 22 23 30 36 40 1122 1123 1130 1136 1140 1172 1173 1180 1186 1190 1522 1523 1536 1540 1822 2022 2023 2036 3673 3686 4323 4336 
m1437 23 46 49 2323 2346 2473 2496 4823 
m1776 14 22 36 38 46 722 1814 1822 1914 1936 1946 2314 2322 2336 2346 4814 
m967 12 36 38 41 46 641 1841 1912 1936 1938 1941 1946 2062 2086 2091 2096 2312 2336 2341 4312 
m1954 22 40 46 1140 1146 2022 2040 2046 2340 2346 
m1449 22 23 41 1122 1123 1173 2072 2073 3673 
m3347 12 26 46 626 1312 1326 1346 2326 4812 
m2353 5 23 24 40 46 273 274 290 296 1190 1240 1246 2023 2024 2040 2046 2340 3696 3723 
m787 12 14 45 46 645 712 745 2314 2345 2346 3146 3246 4812 
m1900 22 32 36 38 45 46 49 1122 1146 1632 1636 1645 1646 1649 1845 1846 1849 1932 1936 1946 2272 2295 2296 2322 2332 2336 2345 2346 2349 2495 2496 4846 
m2499 23 31 46 49 1196 1573 1596 2346 2473 2481 2496 2499 
m954 22 40 46 1140 1146 2022 2046 2322 2340 2346 
m2679 22 44 46 1146 2322 2344 2346 4846 
m3327 36 38 40 46 1840 1846 1936 1940 1946 2036 2038 2040 2046 2336 2338 2340 2346 
m2584 14 46 714 3246 
m1520 14 22 36 40 41 46 714 722 736 741 1822 1836 1841 2014 2036 2041 2046 2072 2314 2322 2336 2341 3236 4314 4586 4814 
m3346 22 37 40 46 1122 1137 1140 1146 2022 2037 2046 2322 2337 2346 4837 
m512 31 36 38 46 1588 1838 2331 2338 4331 4836 
m123 22 23 36 46 1123 1136 1146 2323 4323 4836 
m2894 33 38 46 1688 1933 1938 1946 2338 4196 
m1150 22 23 36 40 41 1122 1123 1136 1140 1141 1172 1173 1822 1823 1836 1840 1841 2022 2023 2036 2040 2041 2072 2073 3673 4586 
m3577 32 36 38 46 1832 1932 1936 1938 1946 2332 2336 2346 4836 
m1470 22 23 32 38 46 1123 1132 1146 1182 1196 1922 1923 1932 1946 2332 
m884 22 23 36 41 46 49 1123 1136 1146 1149 1191 1836 1841 2323 2336 2341 2473 2486 2491 2496 4323 4336 4836 
m1279 38 41 46 49 1938 1946 1949 2088 2096 2099 2341 2346 2349 
m3286 
m2763 6 36 40 1806 2006 2036 
m2913 12 13 22 27 36 40 622 636 640 672 686 690 1112 1113 1122 1136 1140 1362 1363 1372 1386 1390 1822 2022 2036 3162 
m56 5 32 45 46 1605 1645 1646 2255 2305 2345 
m1085 23 30 36 40 1180 1523 1530 1536 1540 1830 2023 2030 2036 2040 4323 
m93 36 40 46 1840 2036 2040 2336 2340 
m2187 13 22 33 36 40 672 686 690 1113 1122 1133 1136 1140 1672 1686 1690 1822 2022 2036 3183 
m3573 22 38 46 1122 1138 1146 1922 1938 1946 2322 2338 2346 
m693 22 23 30 36 40 41 46 1122 1123 1130 1136 1140 1141 1146 1172 1173 1180 1186 1190 1191 1523 1536 1540 1541 1841 2023 2036 2041 2072 2073 2080 2086 2090 2091 2096 2322 2323 2330 2341 3673 4323 
m2864 22 23 30 40 41 1130 1140 1180 1523 1530 2022 2023 2030 2072 2090 
m2267 36 40 46 1836 1840 1846 2036 2040 2046 2336 2340 2346 4336 4346 
m3364 23 45 46 1195 2296 2345 2346 3696 4823 
m3270 22 23 36 41 1123 1136 1141 1172 1173 1822 1823 2072 2073 3673 4586 
m1371 14 23 30 46 730 1180 2314 2323 2330 2346 3223 4814 4823 
m226 30 38 40 45 46 1930 2030 2038 2045 2046 2280 2288 2296 2330 2338 
m1050 22 23 30 46 1122 1123 1130 1146 1523 1530 1546 2330 2346 3696 4823 
m1801 22 46 1122 1146 2322 2346 
m1645 
m1568 22 23 30 36 40 41 1122 1123 1130 1136 1140 1141 1173 1522 1523 1536 1822 1823 1830 1836 2022 2023 2030 2036 2072 2073 2080 2086 2090 2091 3673 4323 4586 
m1091 22 37 40 46 1122 1137 1140 1146 1872 2022 2037 2046 2322 2337 2340 2346 4396 
m314 37 40 41 46 1890 2037 2046 2087 2090 2096 2340 4396 
m1577 22 23 36 41 1122 1123 1172 1173 1822 1823 1841 2072 2073 2091 3673 4586 
m256 14 23 30 46 714 723 730 746 1180 2314 2323 2330 2346 3223 4814 4823 
m1937 28 36 38 1928 1936 1938 4328 
m2712 17 37 46 2337 3387 4817 
m3259 13 17 45 46 49 2263 2267 2295 2296 2313 2317 2349 2463 2467 3363 
m1218 14 46 4814 
m2657 22 23 30 36 40 41 46 1123 1130 1136 1141 1146 1180 1186 1190 1523 1530 1536 1540 1546 1830 2022 2023 2030 2036 2040 2046 2072 2073 2080 2086 2090 2091 2330 3696 4836 
m2022 8 408 
m1823 22 37 40 46 1122 1137 1146 2022 2037 2040 2046 2322 2337 2346 4837 
m1169 6 36 43 336 1806 1836 1843 2186 2843 
m2519 5 13 22 26 33 36 40 655 1113 1122 1126 1133 1136 1140 1305 1313 1333 1655 1663 1683 1805 1813 1826 1833 1840 2005 2013 2026 2033 4163 
m1716 12 22 36 40 41 45 46 49 636 640 641 645 649 1145 1822 1836 1840 1841 1845 2012 2022 2036 2040 2041 2045 2046 2049 2072 2095 2272 2295 2336 2340 2349 2486 2490 2491 2495 3136 4336 4812 
m861 22 23 36 40 46 49 1172 1822 1823 1836 1846 1849 2023 2036 2040 2046 2049 2322 2336 2346 2349 2472 2473 2486 4323 4346 4823 4836 
m986 13 22 45 695 1113 1122 1145 
m3320 
m803 22 44 46 1146 2222 2244 2246 2322 2344 2346 4846 
m3645 22 23 37 1122 1123 1172 1173 1872 1873 3673 
m644 22 30 40 46 1122 1130 1146 2022 2030 2046 2330 
m2269 36 40 46 1836 1840 1846 2036 2040 2046 2336 2340 2346 4336 4346 
m3658 22 36 37 40 49 1136 1137 1822 1836 1837 1840 1849 1886 2022 2036 2037 2040 2472 2486 2487 2490 2499 
m2791 26 32 36 38 46 1332 1336 1346 1832 1926 1932 1936 1946 2332 2336 2346 4836 
m3335 13 22 672 1113 1122 
m3227 12 41 46 641 2062 2091 2096 2312 2341 2346 
m3600 14 22 23 722 1164 1172 
m2426 22 37 46 1872 1896 2322 2346 4837 
m2162 22 36 40 46 49 1822 1836 1840 1846 1849 2022 2036 2040 2046 2049 2322 2336 2340 2346 2349 2486 2490 2496 4346 
m1069 40 45 46 2045 2046 2296 2346 4846 
m3596 22 23 36 40 41 1122 1123 1136 1140 1141 1172 1173 1822 1823 1836 1840 1841 2022 2023 2036 2040 2041 2073 2086 2090 3673 4586 
m630 22 23 30 40 41 1123 1130 1140 1190 1523 1530 1540 2022 2023 2030 2072 2090 
m764 13 20 22 33 36 37 40 672 686 690 1013 1020 1022 1033 1036 1040 1120 1122 1136 1140 1672 1686 1690 1813 1820 1822 1836 1840 1870 1872 1886 1890 2013 2020 2022 2036 3183 
m3308 22 36 40 46 49 1136 1140 1146 1840 1846 2022 2036 2040 2046 2049 2336 2340 2346 2349 2486 4836 
m222 22 40 44 46 1146 2022 2044 2046 2344 2346 4846 
m2136 38 46 1938 1946 2338 2346 
m2457 14 32 41 741 1614 1641 
m2497 36 37 46 1837 2336 2337 4336 4337 
m942 36 40 41 1836 1840 2036 2086 2090 2091 4586 
m2672 22 23 38 46 1172 1922 1923 1938 1946 2322 2323 2346 
m2814 22 23 36 40 41 1122 1136 1140 1141 1173 1186 1190 1823 1836 1840 1841 2022 2023 2036 2040 2041 2073 2086 2090 2091 3686 4323 
m242 14 22 31 36 46 731 736 1114 1136 1146 1846 2314 2331 2346 3246 4331 4836 
m1643 22 23 30 36 40 46 1122 1123 1130 1136 1140 1146 1172 1522 1523 1530 1536 1540 1822 1823 1830 1836 1840 1846 2022 2023 2030 2036 2040 2046 2322 2323 2330 2336 2340 3673 3686 4323 4823 
m3526 46 2346 
m80 13 33 40 690 1690 4163 
m3680 5 13 38 45 46 655 1913 1946 2255 2263 2288 2296 2305 2313 
m2930 14 20 38 46 49 720 1914 1946 1949 2320 2464 2470 2496 4814 
m3525 22 30 32 36 46 49 1532 1536 1546 1549 1622 1636 1649 1822 1849 2322 2330 2332 2336 2346 2349 2472 4136 4336 4836 
m855 22 23 30 46 1122 1123 1130 1146 1523 1530 1546 2330 2346 3696 4823 
m724 36 40 41 46 49 1841 2036 2040 2046 2336 2341 2346 2349 2486 2491 2496 4346 4836 4846 
m1344 14 38 46 49 746 749 1914 1938 1946 1949 2346 2349 
m2034 22 23 36 40 46 49 1123 1136 1146 1199 1822 1823 1836 1840 1846 1849 2022 2023 2036 2040 2046 2049 2323 2336 2346 2349 3686 4346 4823 4836 
m3035 22 23 30 36 40 1123 1130 1136 1140 1172 1173 1186 1190 1523 1536 1540 1823 2022 2023 2036 3673 4323 
m7 14 38 40 46 49 1914 1938 1940 1946 1949 2014 2046 2049 2346 2464 2496 4814 
m1506 40 45 46 2290 2296 2340 2346 
m2524 22 46 1122 1146 2346 
m2475 38 
m1334 22 30 36 1130 1822 1830 
m3485 22 37 46 1122 1137 1146 1872 2322 2337 2346 4837 
m586 23 30 36 40 46 1180 1823 1830 1836 1846 2023 2030 2036 2040 2046 2323 2330 2336 2346 4323 4346 4823 4836 
m3114 12 13 20 22 36 40 622 636 640 670 672 686 690 1012 1022 1036 1040 1822 1840 2022 2036 3162 3536 4336 
m317 46 2346 4846 
m944 32 46 1632 1646 2332 2346 4846 
m3059 23 31 46 49 1196 1573 1596 2323 2346 2473 2481 2496 
m1229 22 23 32 36 40 46 49 1122 1123 1132 1136 1140 1146 1149 1172 1173 1182 1186 1190 1196 1199 1622 1623 1632 1636 1640 1646 1822 1823 1832 1836 1840 1846 1849 2022 2023 2032 2036 2046 2049 2322 2323 2332 2336 2346 2349 2472 2473 2482 2486 2490 2496 3673 3686 3696 4323 4346 
m2432 22 38 46 1138 1146 1922 1938 1946 
m3118 5 23 24 40 41 46 273 274 290 291 296 1190 1240 1246 2023 2024 2040 2046 2073 2074 2090 2096 2340 3696 3723 
m298 22 23 30 36 40 45 46 1122 1123 1130 1136 1140 1145 1146 1172 1173 1180 1186 1190 1196 1522 1523 1530 1536 1540 1545 1546 1822 1823 1830 1845 2022 2023 2030 2036 2046 2272 2273 2280 2286 2290 2296 2322 2323 2330 2336 2340 2345 2346 3696 4346 4823 
m3032 14 46 49 2314 2346 2464 2496 4814 
m3069 23 38 45 1923 2273 2288 
m775 22 23 30 1122 1123 1130 1180 1522 1523 1530 
m3230 22 23 30 36 38 40 46 1123 1130 1136 1140 1172 1173 1180 1186 1188 1190 1196 1523 1538 1546 1822 1830 1922 1923 1936 1940 1946 2022 2023 2030 2036 2040 2322 2323 2330 2336 2340 3673 4323 
m1014 36 37 40 1836 1837 1840 2036 2037 2040 
m2845 14 22 41 46 722 2064 2072 2096 2314 2322 2341 2346 4814 
m1472 22 23 41 1123 1141 1173 2073 3673 
m360 22 37 46 1872 1896 2322 2346 4837 
m2407 23 31 45 46 49 1195 1196 1573 1595 1596 2295 2323 2345 2346 2473 2481 2496 
m2536 36 40 41 46 1840 2036 2040 2041 2046 2086 2096 2336 2340 2346 4346 4846 
m548 46 
m3330 26 39 46 1339 1346 2326 2339 4839 4846 
m810 14 23 30 46 730 1180 2314 2323 2330 2346 3223 4814 4823 
m680 22 32 46 49 1122 1132 1146 1622 1646 1649 2322 2332 2346 2349 2472 2482 2496 4846 
m1286 14 22 23 30 40 45 46 714 746 1114 1145 1146 1164 1172 1190 1195 1196 1514 1522 1523 1530 1540 1545 1546 2014 2022 2023 2030 2040 2045 2046 2264 2296 2314 3664 
m2231 46 2346 4846 
m793 14 37 38 46 737 738 746 1888 1896 2338 
m3231 13 38 1913 1938 
m3119 32 36 46 49 1632 1636 1649 1849 2332 2336 2346 2349 
m768 23 41 46 2073 2323 2341 3673 
m1634 5 12 41 45 46 296 2055 2062 2096 2255 2291 2296 2341 2345 4812 
m2282 12 38 41 46 1912 1941 1946 2062 2091 2096 2312 
m1143 15 38 46 1915 1938 1946 2315 2338 
m443 6 14 32 36 49 706 714 732 736 749 1606 1636 1806 2456 2482 2486 
m2275 38 46 1938 1946 2346 
m190 22 23 38 1123 1138 1923 
m631 22 23 30 36 40 41 46 49 1122 1123 1130 1136 1140 1141 1146 1172 1173 1186 1190 1191 1199 1522 1523 1530 1536 1540 1541 1546 1549 1822 1823 1830 1836 1840 1841 1846 1849 2022 2023 2030 2036 2040 2041 2046 2049 2072 2073 2086 2090 2096 2099 2330 2336 2340 2341 2349 2472 2473 2486 2490 2496 3696 4336 4823 
m934 14 40 46 2014 2046 2314 2346 4814 
m1066 14 46 2346 4814 
m2869 16 23 38 40 46 49 1923 1940 1946 2016 2023 2046 2316 2323 2346 2349 2466 2473 3666 4823 
m84 
m2431 22 23 1122 1123 
m3677 16 22 36 40 822 836 840 1116 1122 1136 1140 1822 2022 2036 
m521 14 36 41 46 714 736 741 1836 1841 2091 2314 2336 2341 3236 4314 4586 4814 
m3494 36 40 46 1840 1846 2036 2040 2046 2346 4346 
m2050 
m2559 22 26 38 46 1146 1322 1346 1922 1926 1946 2346 
m3071 22 23 46 1123 1146 1172 2322 3696 
m3318 23 30 45 46 1523 1545 1546 2273 2296 2345 2346 3696 4823 
m186 10 14 27 38 710 1360 1364 1388 1910 1914 1927 1938 
m3459 
m3605 22 37 40 46 1872 2037 2046 2322 2337 2346 4837 
m618 22 23 30 36 38 41 1122 1123 1130 1136 1138 1172 1173 1522 1523 1822 1823 1830 1838 1922 1923 1930 2072 2073 2080 2088 3673 4586 
m1162 22 37 46 49 1872 2322 2346 2487 2496 4396 4837 
m566 5 37 46 1855 2305 4837 
m2762 22 32 38 46 1132 1146 1632 1646 1922 1932 1938 1946 2332 
m1540 23 36 40 46 49 1186 1196 1836 1846 2023 2036 2046 2323 2473 2486 2490 2496 3673 4323 4836 
m580 22 41 1122 1141 2072 
m72 46 2346 
m746 8 13 32 33 46 49 408 413 432 433 446 449 682 1682 2313 2332 2333 2463 2482 2483 2496 4163 
m315 13 20 22 33 36 40 672 686 690 1013 1022 1033 1036 1040 1122 1136 1140 1672 1686 1690 1822 2022 2036 3183 
m3465 22 23 30 36 40 41 46 1122 1123 1130 1136 1140 1141 1146 1180 1522 1523 1530 1536 1540 1546 1822 1823 1830 1836 1840 1841 1846 2022 2023 2030 2036 2040 2041 2046 2072 2086 2090 2322 2323 2330 2340 4823 4846 
m2503 13 22 33 36 40 1113 1122 1133 1136 1140 1686 1690 1813 1840 2013 4163 
m2766 22 30 36 38 41 46 48 1122 1138 1141 1146 1830 1848 1930 1936 1941 1946 2080 2086 2088 2091 2096 2098 2330 2336 2348 2430 4336 
m3420 14 40 46 714 740 746 2014 2046 2314 2340 2346 4814 
m1032 3 30 37 46 153 180 187 196 1503 1530 1537 1546 1853 1880 2303 2330 2337 2346 4803 
m234 23 30 36 40 41 49 1190 1523 1530 1540 1541 1823 1830 1836 1840 1841 1849 2073 2080 2090 2473 2480 2486 2490 2491 2499 
m3002 12 14 46 712 746 2312 2346 3246 4812 
m2580 11 46 2311 
m589 12 13 22 36 40 622 636 640 672 686 690 1112 1113 1122 1136 1140 1822 2022 2036 3162 
m2882 5 23 30 40 46 1155 1180 1505 1523 1530 1546 2005 2023 2030 2040 2046 2305 2323 2330 2340 4846 
m2478 30 46 49 2330 2480 2496 
m2218 22 23 30 36 40 46 1122 1123 1130 1136 1140 1146 1180 1522 1523 1530 1536 1540 1546 1822 1823 1830 1836 1840 1846 2022 2023 2030 2036 2040 2046 2322 2323 2330 2340 4823 4846 
m3609 22 23 36 40 41 1122 1123 1136 1140 1141 1172 1173 1822 1823 1836 1840 2022 2023 2036 2040 2041 2073 2086 2090 3673 4586 
m1115 14 22 45 46 722 745 746 1146 2272 2296 2346 3246 
m2501 13 30 680 1530 
m366 12 14 46 712 2314 2346 3146 3246 4812 
m1314 30 46 2330 2346 4846 
m3209 14 46 2314 2346 4814 
m576 46 
m3295 22 23 36 41 1123 1136 1141 1191 1823 1841 2073 2091 3673 4323 4586 
m2539 5 36 38 40 46 49 286 296 1805 1836 1838 1846 1849 1905 1936 1938 1946 1949 2036 2038 2046 2049 2346 2349 2455 2486 2496 4836 
m655 36 46 49 2486 2496 4836 4846 
m1448 38 46 1938 1946 
m3050 22 32 36 37 40 1122 1132 1136 1137 1140 1637 1832 1837 1840 2032 2037 
m1424 5 13 14 23 33 655 705 713 1155 1163 1164 1183 1655 1664 4163 
m1955 14 22 23 30 40 46 722 723 730 746 1114 1122 1123 1130 1146 1172 1173 1180 1196 1514 1522 1523 1530 1546 2014 2022 2023 2030 2046 2323 2330 2346 3246 3696 4823 
m3246 30 46 49 1530 1549 2330 2346 2349 
m2984 23 30 36 41 1523 1823 1830 2073 2080 3673 4323 4586 
m2156 26 37 41 46 1337 1341 1346 1891 2341 4837 
m3427 15 22 27 38 46 777 1115 1127 1146 1915 1922 1938 1946 2315 2327 2346 
m882 22 23 36 40 41 1123 1141 1173 1186 1190 1823 1836 2023 2036 2040 2072 2073 2086 2090 2091 3686 4323 
m2564 23 36 37 40 41 1173 1186 1187 1190 1823 1873 1886 1890 2023 2036 2073 2086 2087 3673 4323 
m1698 41 
m1662 23 30 1173 1180 1523 1530 3673 
m3285 5 13 22 263 272 1105 1113 1122 
m1182 14 23 30 730 1180 1523 1530 3223 
m3622 30 37 46 1530 1537 1546 1880 2330 2337 2346 
m2992 23 30 38 1180 1188 1523 1538 1938 3673 
m1936 22 30 38 39 46 1130 1138 1139 1146 1930 1938 1939 1946 1980 2330 2339 2346 4839 
m656 22 44 45 46 1146 2272 2294 2296 2344 2346 4846 
m1548 22 26 44 45 46 1144 1145 1146 1322 1344 1345 1346 2294 2296 2344 2346 
m2731 14 36 40 46 1814 1846 2014 2036 2040 2046 2314 2346 4346 4814 4846 
m1171 22 23 36 40 46 49 1122 1123 1136 1146 1149 1172 1822 1849 2022 2023 2036 2046 2049 2322 2323 2336 2349 2472 2473 2486 4323 4336 4836 
m2006 14 28 36 728 736 1828 1836 
m363 22 23 30 38 1123 1130 1172 1173 1188 1522 1523 1530 1538 3673 
m3022 5 14 46 264 296 2314 2346 4814 
m442 33 45 46 1695 2283 2295 2333 2345 
m335 12 36 38 41 46 641 1841 1912 1936 1938 1941 1946 2062 2086 2091 2096 2312 2336 2341 4312 
m3275 22 23 36 40 41 1122 1123 1136 1140 1141 1172 1173 1822 1823 1836 1840 2022 2023 2036 2040 2072 2073 2086 2090 3673 4586 
m2014 22 36 40 41 46 49 1136 1140 1146 1149 1822 1840 1846 1849 2022 2046 2072 2086 2090 2096 2322 2336 2340 2346 2349 2490 2496 4336 
m754 22 23 30 46 1122 1123 1130 1146 1180 1523 1530 1546 2330 2346 4823 
m1144 22 30 36 46 1130 1136 1146 1536 1546 1822 1830 1836 1846 2322 2330 2336 2346 4836 
m3313 30 36 40 45 46 49 1545 1549 1830 1845 1849 2030 2036 2045 2046 2330 2336 2345 2349 2495 
m1627 22 30 36 40 41 1136 1141 1522 1536 1540 1541 1822 1836 1840 1841 2022 2036 2040 2041 2086 4336 4586 
m1011 12 13 20 22 32 36 40 49 632 682 699 1012 1013 1022 1032 1036 1040 1112 1113 1122 1132 1136 1140 1812 1813 1832 1836 1840 1849 2012 2013 2032 2036 2049 2462 2482 2486 3136 3162 3186 
m3154 36 40 46 2036 2046 2336 2340 2346 4836 4846 
m183 13 22 33 36 40 672 686 690 1113 1122 1133 1136 1140 1672 1686 1690 1822 2022 2036 3183 
m2576 38 46 1938 1946 2338 2346 
m1765 22 23 36 40 46 49 1172 1822 1836 1840 1846 2022 2023 2036 2040 2046 2049 2322 2323 2336 2340 2346 2349 2473 2486 2490 2496 3696 4323 4346 4823 4836 
m1200 13 33 46 2313 2333 2346 4163 4813 4833 
m939 33 38 40 46 1690 1696 1933 1938 1940 1946 2333 2338 2340 2346 
m3602 36 41 1841 2086 2091 4586 
m935 17 23 46 2317 2323 2346 3667 4817 4823 4846 
m2000 22 26 44 46 1144 1146 1322 1344 1346 2244 2246 2344 2346 4846 
m3546 32 36 38 40 46 1832 1932 1936 1946 2032 2036 2038 2046 2332 2336 2346 4836 
m159 22 23 36 40 41 1122 1123 1136 1822 1823 1836 1840 2022 2023 2036 2072 2073 2086 2090 3673 4323 4586 
m2687 26 32 36 46 1332 1336 1346 1832 2332 2336 2346 4836 
m3505 6 14 32 314 332 732 
m130 23 26 30 33 40 46 49 1180 1323 1330 1333 1340 1346 1673 1680 1696 2023 2030 2033 2046 2330 2476 2480 2483 2490 2496 4823 
m2255 36 37 41 46 49 1837 1841 2087 2341 2486 2487 2491 2496 4336 4346 4837 
m2371 5 14 30 46 264 296 1505 1514 1546 2305 2314 2330 2346 4814 
m2150 13 33 38 46 1913 1933 1946 2313 2333 2338 2346 4163 
m2594 22 38 45 46 1122 1138 1145 1146 1938 1945 1946 2296 2346 
m1640 21 22 23 30 36 40 46 1072 1073 1080 1090 1096 1121 1122 1123 1130 1136 1140 1146 1172 1173 1522 1523 1530 1546 1821 1822 1823 1830 1840 1846 2021 2022 2023 2030 2036 2040 2046 2321 2322 2323 2330 2340 2346 3696 4823 
m2078 32 36 38 46 49 1632 1636 1649 1849 1932 1936 1946 2332 2336 2349 
m1124 14 40 45 46 745 2014 2040 2046 2314 2345 2346 3214 4814 
m3564 14 22 46 714 722 746 2322 3246 
m1637 32 37 38 44 46 1637 1644 1646 1894 1932 1937 1944 1946 2337 2344 
m279 
m206 12 32 36 38 46 1612 1646 1812 1912 1932 1936 1946 2312 2332 2336 2346 3146 4136 4346 4812 
m238 14 22 40 46 714 722 740 746 1114 1140 1146 2014 2046 2314 2340 2346 3246 4814 
m598 22 23 36 40 1122 1123 1136 1140 1173 1822 1823 1840 2022 2023 3673 
m525 22 30 36 40 45 46 1122 1130 1136 1140 1145 1146 1536 1540 1836 1840 2036 2040 2272 2296 2322 2330 
m3164 46 2346 
m3377 22 32 46 48 1132 1146 2332 2422 2432 2446 4846 
m529 5 36 38 46 49 286 296 299 1849 1905 1936 1946 2346 2349 4836 
m2940 14 33 40 46 733 740 746 1690 2340 4196 
m1537 5 23 24 38 40 46 273 274 290 296 1190 1240 1246 1905 1923 1924 1938 1946 2023 2024 2040 2046 2340 3696 3723 
m3686 14 22 32 36 40 45 46 714 722 732 736 740 746 1114 1145 1146 1614 1622 1632 1640 1646 1814 1822 1840 2014 2022 2040 2045 2046 2264 2286 2314 2322 2332 2336 2345 2346 3246 4332 4346 
m1121 23 32 36 46 49 1199 1623 1636 1649 1823 1836 1846 1849 2323 2332 2336 2346 2349 3686 4332 
m2538 22 36 40 41 1122 1136 1140 1141 1822 1836 1840 1841 2022 2036 2041 2072 2086 2090 2091 
m2238 22 23 36 40 1123 1136 1173 1186 1190 1836 1840 2036 3673 3686 
m2911 3 30 153 180 1503 1530 
m3634 22 45 46 1122 1146 2272 2296 2322 2346 4846 
m2413 21 46 2321 2346 4846 
m1614 22 30 36 1522 1536 1822 
m3317 22 23 30 36 40 46 1122 1123 1130 1136 1140 1146 1172 1173 1180 1522 1523 1530 1822 1823 1830 1846 2022 2023 2030 2036 2046 2322 2323 2330 3673 4823 
m2134 23 36 41 46 1836 1841 1846 2073 2086 2323 2341 4323 4836 
m2808 36 38 1936 
m2332 22 23 36 40 46 49 1172 1822 1823 1836 1840 1849 2022 2023 2036 2040 2046 2049 2322 2323 2336 2340 2349 2473 2486 2490 4323 4336 4346 4836 
m3189 30 40 46 2030 2040 2046 2330 2340 2346 
m3306 22 23 24 40 45 46 1122 1145 1172 1190 1195 1222 1240 1245 1246 2022 2023 2024 2040 2045 2046 2272 2295 2322 2340 2345 3696 3723 
m2286 23 
m707 23 46 2346 4823 
m2618 37 38 46 1888 2338 2346 4396 4837 
m3110 38 41 46 1938 1941 1946 2341 
m2155 22 23 30 41 1122 1123 1130 1141 1173 1191 1522 1523 1541 2073 3673 
m2167 45 46 2296 2345 2346 
m2194 20 40 48 1040 2040 2420 2440 
m2261 44 46 49 2344 2349 2494 
m888 22 23 30 46 49 1122 1123 1130 1146 1149 1172 1173 1180 1199 1522 1523 1530 1549 2322 2323 2330 2349 2472 2473 2480 3673 4823 
m3252 41 44 45 2241 2245 2291 
m2099 38 41 46 1941 1946 2091 2341 
m2357 22 23 36 37 40 1122 1123 1136 1137 1140 1172 1173 1822 1823 1836 1837 1840 1872 1873 1886 1890 2022 2023 2036 2037 2040 3673 
m668 11 13 22 46 563 572 596 1113 1122 1146 2313 2322 2346 4846 
m3165 23 32 46 1196 1623 1646 2346 
m1406 22 36 40 46 1136 1140 1146 1840 2336 2340 4336 4836 
m1490 22 36 40 41 46 1136 1140 1141 1146 1822 1836 1841 2022 2036 2041 2046 2072 2086 2090 2091 2096 2322 2336 2340 2341 2346 4346 4586 4836 
m497 22 23 36 40 41 1122 1123 1136 1140 1141 1172 1173 1822 1823 1836 1840 2022 2023 2036 2040 2072 2073 2086 2090 3673 4586 
m807 5 38 46 1905 1946 2305 
m647 46 2346 
m3562 22 23 36 40 41 1122 1123 1136 1140 1141 1172 1173 1186 1822 1823 1836 1840 1841 2022 2023 2036 2040 2041 2072 2073 2086 2090 3673 4586 
m2895 28 36 38 46 1828 1836 1928 1936 1938 1946 2328 2336 
m2891 26 38 46 1926 1938 1946 2326 
m854 38 40 41 46 1940 1941 1946 2090 2340 2341 
m1974 14 22 36 40 41 46 714 722 736 741 1822 1836 1841 2014 2036 2046 2072 2314 2322 2336 2341 3236 4314 4586 4814 
m1596 22 23 36 40 46 1122 1123 1136 1146 1172 1822 1823 1836 2022 2023 2036 2040 2046 2322 2323 4323 4346 4836 
m1746 41 46 2091 2096 2341 
m2655 32 34 38 46 1632 1646 1732 1734 1746 1932 1934 1946 2332 
m2670 30 38 41 46 1930 1941 1946 2080 2330 2338 2341 2346 
m3676 22 23 30 36 37 40 41 46 49 1123 1130 1137 1141 1146 1190 1191 1523 1537 1540 1541 1546 1822 1823 1830 1836 1837 1840 1846 1873 1890 1891 1896 2022 2030 2036 2037 2040 2041 2046 2086 2091 2099 2340 2341 2346 2486 2490 2496 2499 4396 4823 
m2116 46 2346 
m3556 5 22 23 24 40 46 273 274 290 1123 1146 1190 1222 1240 1246 2022 2023 2024 2046 2340 3696 3723 
m2031 22 23 36 40 1123 1136 1140 1173 1186 1190 1823 1840 2023 2036 3673 4323 4336 
m3481 36 
m1610 
m10 30 41 46 2080 2096 2330 2341 2346 
m2166 23 30 36 41 1523 1536 1823 2073 2080 3673 4323 4586 
m2196 22 23 36 40 1122 1123 1136 1140 1173 1186 1190 1822 1823 1836 1840 2022 2023 2036 2040 3673 4323 
m1653 30 36 46 1536 1546 2330 2336 2346 4836 
m955 22 36 40 41 46 1136 1141 1146 2022 2036 2041 2046 2086 2096 2336 
m1138 30 36 38 40 46 1830 1930 1936 1940 1946 2030 2036 2046 2330 2336 2340 2346 4836 
m2602 14 46 714 746 2314 2346 4814 
m3133 23 30 38 46 1188 1523 1530 1538 1546 1923 1930 1938 1946 2330 2338 2346 3696 4823 
m997 22 23 37 1123 1137 1172 1173 1187 1872 1873 3673 
m3641 36 46 4836 
m1403 37 46 49 1899 2346 2349 2496 4396 4837 
m1586 22 24 1124 
m788 5 7 13 22 257 263 272 363 372 1107 1113 1122 
m59 22 38 44 46 1146 1922 1938 1944 1946 2344 2346 4846 
m1741 14 23 30 46 1514 1523 1546 2314 2323 2330 2346 3664 4814 4823 
m2270 22 36 40 41 45 1122 1136 1140 1141 1145 1822 1836 1840 1845 2022 2036 2040 2045 2072 
m2295 22 37 40 46 1137 1146 2022 2037 2046 2337 2346 4837 
m1918 22 36 40 46 1122 1136 1140 1146 1836 1840 2022 2036 2040 2046 2322 2336 2340 2346 4836 
m821 13 22 32 36 38 40 672 686 690 1113 1122 1136 1140 1613 1622 1636 1640 1822 1913 1922 1932 1936 2022 2036 
m577 12 14 40 46 712 2012 2014 2046 2314 2346 3146 3246 4812 
m1901 23 36 1186 1836 3686 
m2277 12 14 46 712 2314 2346 3146 3246 4812 
m2772 5 36 38 46 286 296 1905 1936 1946 4836 
m3654 26 38 46 1926 1938 1946 2326 
m133 22 23 30 41 46 1122 1123 1130 1141 1146 1172 1173 1180 1191 1196 1522 1523 1530 1541 1546 2072 2073 2080 2322 2323 2330 2341 2346 3673 3696 4823 
m1081 32 36 46 49 1832 1849 2332 2336 2346 2349 2482 4332 4336 4836 
m3548 12 36 46 49 612 636 646 649 1812 1849 2312 2336 2346 2349 2462 2486 2496 2499 4812 
m2146 22 38 45 46 1138 1145 1146 1938 1945 1946 2345 
m1356 14 23 32 36 49 723 732 736 749 1182 1199 1636 1649 1849 3686 
m1023 22 30 36 40 41 46 1122 1140 1141 1146 1522 1536 1540 1822 1840 1841 1846 2022 2036 2040 2041 2046 2072 2096 2322 
m1360 13 22 38 49 699 1113 1122 1138 1149 1913 1938 1949 
m1064 23 30 46 1180 1523 1530 1546 2330 2346 4823 
m1681 23 30 36 39 40 41 1173 1180 1186 1190 1191 1523 1823 1830 1836 1973 1986 1990 1991 2023 2030 2036 2041 2073 2080 2086 2091 3673 3686 4323 4586 
m1465 14 46 2314 2346 4814 
m1044 5 36 40 46 286 290 296 2036 2046 2305 2340 2346 4346 4836 
m1241 22 23 30 38 46 1123 1130 1146 1188 1523 1530 1538 1546 2338 3696 
m1234 46 
m2388 5 13 22 26 33 36 40 263 272 283 286 290 672 686 690 1113 1122 1133 1136 1140 1305 1313 1322 1333 1336 1340 1655 1663 1672 1683 1686 1690 1822 2022 2036 3183 
m396 22 37 40 46 1137 1140 1146 1890 2022 2037 2046 2322 2337 2340 2346 4396 
m1461 36 38 40 41 1841 1941 2036 2041 2086 2090 2091 
m2733 6 14 32 36 49 706 714 732 736 749 1606 1636 1806 2456 2482 2486 
m98 14 22 36 38 40 46 714 736 1114 1136 1138 1140 1146 1836 1914 1936 1940 2014 2036 2314 2336 2338 2340 3236 4314 4814 
m2962 23 38 45 1923 2273 2288 
m1191 22 36 37 40 46 1122 1136 1137 1140 1146 1822 1837 1840 1846 1890 2022 2036 2037 2040 2046 2337 2340 2346 4346 4837 
m2157 5 13 33 46 263 283 296 696 2305 2313 2333 2346 3183 
m2115 13 38 46 1913 1938 1946 2313 
m1855 14 22 25 46 725 1114 1125 1146 2325 3246 
m3566 36 40 41 46 49 1841 1846 2036 2041 2046 2336 2340 2341 2346 2349 2486 2490 2491 2496 4346 
m2517 22 36 41 1122 1136 1141 1841 2091 4586 
m3370 36 37 40 46 1837 1846 2036 2037 2040 2046 2337 2346 4346 4837 
m3646 22 23 36 40 41 1172 1186 1190 1191 1822 1836 1840 1841 2022 2023 2036 2040 2041 2072 2073 2086 2090 2091 3686 4323 4336 4586 
m2176 36 4336 
m3288 22 23 30 41 1123 1130 1172 1173 1180 1191 1522 1523 1530 1541 2072 2073 2080 
m815 22 23 36 40 41 1122 1123 1136 1140 1141 1173 1186 1190 1823 1836 1840 1841 2022 2023 2036 2040 2041 2072 2073 2086 2090 2091 3686 4323 
m1380 5 15 38 40 46 755 1905 1915 1938 1940 1946 2005 2015 2038 2040 2046 2305 2315 2346 4815 
m1761 22 23 36 40 41 1122 1123 1136 1140 1141 1172 1173 1822 1823 1836 1840 1841 2022 2023 2036 2040 2041 2072 2073 3673 4586 
m2685 32 37 38 46 1637 1646 1932 1937 1946 2332 2337 2346 4837 
m3590 13 22 33 36 40 672 686 690 1113 1122 1133 1136 1140 1672 1686 1690 1822 2022 2036 3183 
m2246 12 15 30 46 1512 1515 1546 2312 3262 4815 
m2427 22 46 1122 1146 2346 
m2264 22 41 44 46 1146 2072 2094 2096 2344 2346 4846 
m2296 5 32 1605 
m447 5 23 24 40 46 273 274 290 296 1190 1240 1246 2023 2024 2040 2046 2340 3696 3723 
m2214 22 40 44 46 1146 2022 2044 2046 2344 2346 4846 
m3403 22 36 40 41 1136 1140 1141 1836 1840 2036 2086 2090 4586 
m1763 22 23 1122 1123 1173 3673 
m1431 22 23 36 40 41 46 49 1123 1136 1140 1141 1146 1191 1822 1823 1836 1840 1841 1849 2022 2023 2036 2040 2041 2046 2072 2073 2086 2090 2091 2322 2323 2336 2340 2341 2349 2472 2473 2486 2490 2491 4323 4336 4346 4836 
m1285 20 22 36 41 1022 1120 1122 1136 1141 1820 1822 2070 2072 4586 
m3598 32 36 40 46 1832 2032 2036 2332 2336 2340 2346 4136 4336 4836 
m563 22 40 41 46 1122 1140 1141 1146 2041 2046 2341 2346 
m2860 22 23 36 38 40 41 46 1136 1138 1140 1146 1923 1936 1940 1946 2022 2023 2036 2038 2046 2072 2090 2323 4323 4836 
m2040 14 22 32 46 732 1114 1132 1146 2314 2332 2346 4814 
m1551 14 37 40 46 737 740 746 2037 2046 4837 
m1003 36 38 46 49 1849 1936 1946 1949 2336 2338 2346 2349 2486 2496 
m1444 22 23 30 1122 1123 1130 1522 1523 
m2714 37 46 4837 
m2516 29 
m2621 22 23 30 38 41 1141 1172 1191 1522 1523 1538 1541 1922 1923 1930 1938 1941 
m3535 22 23 30 36 40 41 46 1122 1123 1130 1136 1140 1141 1146 1172 1173 1180 1186 1190 1191 1523 1536 1540 1541 1841 2023 2036 2041 2073 2080 2086 2090 2091 2322 2323 2330 2341 3673 4323 
m3272 22 23 36 40 41 1122 1123 1136 1140 1141 1172 1173 1822 1823 1836 1840 1841 2022 2023 2036 2040 2041 2072 2073 3673 4586 
m2454 14 32 38 40 41 46 738 740 741 746 1614 1638 1640 1641 1646 1941 1946 2090 2340 2341 
m3290 14 22 36 40 46 714 1114 1136 1140 1146 1814 2014 2036 2046 3236 3246 4346 4814 
m2321 30 36 40 41 1536 1540 1541 1836 1840 1841 2036 2041 2091 4586 
m1559 31 36 1581 1586 1831 1836 4086 
m1792 22 38 46 49 1122 1138 1146 1149 1922 1938 1946 1949 2322 2346 2349 
m2023 5 22 38 46 1122 1146 1905 1922 1938 1946 2305 2346 
m1212 36 40 46 49 1836 1846 2036 2040 2046 2049 2336 2346 2349 2486 2496 4336 4836 
m197 14 22 40 46 1114 1146 2014 2022 2040 2046 2314 2346 4814 4846 
m350 28 36 40 1428 1828 1836 2028 2036 3936 4328 
m1724 6 14 32 36 314 332 732 1806 1814 1832 
m2803 22 23 30 36 40 41 1123 1130 1136 1140 1141 1172 1173 1180 1186 1190 1523 1822 1823 1830 1836 2023 2030 2036 2073 2086 3673 4323 4586 
m3179 22 23 36 40 41 1122 1123 1136 1140 1173 1822 1823 1836 2022 2023 2036 2072 2073 2086 2090 3673 4323 4586 
m1495 5 13 22 255 263 272 1105 1113 1122 
m1639 22 26 38 46 1146 1322 1346 1922 1926 1946 2346 
m1598 22 23 36 40 46 1122 1123 1136 1140 1146 1196 1823 1836 2022 2023 2036 2040 2046 3686 4346 4836 
m1357 22 23 30 38 41 1123 1172 1173 1188 1522 1523 1530 1538 2072 2073 2080 2088 3673 
m979 23 45 1173 2273 3673 
m2600 32 46 2332 
m2757 46 
m148 13 22 41 691 1113 1122 1141 
m895 36 40 41 46 1841 2036 2041 2086 2090 2091 2336 2340 2341 4336 4836 4846 
m3570 22 23 46 49 1123 1146 1196 2472 2473 2496 
m517 22 1122 
m89 11 23 30 41 1161 1173 1180 1511 1523 1530 2061 2073 2080 3673 
m579 22 23 46 1123 1146 1196 
m1028 14 40 46 2014 2040 2046 2314 2346 3214 4814 
m1805 22 23 36 38 40 41 1122 1123 1136 1140 1173 1186 1190 1823 1836 1922 1923 1936 1940 1941 2022 2023 2036 2040 2072 2073 2086 2090 3686 4323 
m1907 30 36 40 46 1830 1836 1840 1846 2030 2036 2040 2046 2330 2336 2340 2346 4336 4346 4836 
m3232 22 23 30 36 40 46 1122 1123 1130 1136 1140 1146 1172 1173 1180 1186 1190 1522 1523 1530 1536 1540 1546 1823 1840 2022 2023 2030 2036 2040 2046 2322 2323 2330 2336 2340 2346 3696 4823 
m2983 23 30 36 41 1523 1823 1830 2073 2080 3673 4323 4586 
m3703 5 36 37 46 49 286 296 299 1849 1855 1886 1896 1899 2305 2336 2346 2349 4836 4837 
m2487 36 49 1836 1849 2499 
m3612 14 44 46 49 744 746 2344 2464 2494 2496 
m3652 36 46 2336 
m3169 36 
m959 36 
m709 14 23 30 46 1514 1523 1546 2314 2323 2330 2346 3664 4814 4823 
m874 14 21 40 714 721 740 2014 2021 
m2474 22 37 39 46 1122 1137 1139 1146 2337 2339 2346 4487 4837 4839 
m403 5 14 22 23 32 36 37 41 264 282 286 722 737 741 1122 1123 1137 1141 1155 1182 1186 1614 1637 1814 1837 1872 1882 1886 1887 1891 2087 3664 4136 4332 
m1440 22 30 46 1122 1130 1146 2322 2330 2346 
m2001 22 23 30 36 40 45 1123 1130 1136 1145 1523 1830 2022 2023 2030 2036 2045 2273 2280 2286 4323 
m104 26 41 46 1341 1346 2341 
m531 26 32 36 41 46 1332 1336 1341 1346 1641 1646 2332 2336 2341 2346 4136 4586 
m1778 23 30 36 40 1180 1186 1523 1530 1536 1540 1830 2023 2030 2036 
m953 12 13 22 32 36 40 622 636 640 672 686 690 1112 1113 1122 1136 1140 1612 1613 1622 1636 1640 1822 2022 2036 3162 
m2065 5 23 38 45 46 1155 1945 1946 2255 2273 2305 2323 2345 2346 4823 
m2613 14 22 46 1114 2314 2322 2346 4814 
m1685 36 38 40 46 1840 1846 1936 1940 1946 2036 2046 2340 
m2320 14 36 46 714 3236 3246 4814 4836 
m2737 5 37 46 287 1855 2305 2337 
m3694 22 23 30 36 41 1123 1130 1136 1141 1186 1191 1523 1536 1841 2073 2080 2091 3673 4323 4586 
m1494 22 23 46 49 1123 1146 1149 1173 2323 2473 2496 3673 4823 
m980 14 36 714 3236 
m3660 22 40 46 1122 1140 1146 2340 2346 
m383 21 23 27 38 46 1073 1077 1096 1177 1921 1923 1946 2323 2327 
m2480 22 46 49 1146 2472 2496 
m601 32 36 41 46 1641 1646 2332 2336 2341 2346 4136 4586 
m1782 14 33 37 46 737 746 2333 3233 4383 4837 
m3236 11 13 33 661 1661 4163 
m498 22 23 41 1123 1173 1191 3673 
m1117 14 22 45 46 722 746 1146 2264 2296 2346 3246 
m1948 22 23 38 45 46 1123 1138 1145 1146 1195 1923 1938 1945 1946 2323 2345 
m286 33 36 38 40 46 49 1686 1690 1836 1838 1840 1846 1849 1933 1936 1938 1940 1946 2033 2036 2038 2040 2046 2333 2336 2338 2340 2346 2486 2488 2490 2496 
m149 14 32 46 714 732 746 1614 1646 4814 
m2237 38 46 1938 1946 
m2447 23 36 40 46 49 1190 1823 1840 1846 1849 2323 2340 2349 2473 
m1060 14 22 40 46 1114 1140 1146 2014 2040 2046 2314 2346 4814 4846 
m1658 22 40 41 46 1122 1140 1146 2022 2040 2046 2340 
m990 38 46 1946 
m2661 22 23 30 38 46 1123 1130 1146 1180 1523 1530 1546 1922 1923 1930 1938 1946 2330 4823 
m1238 22 30 36 40 1122 1136 1140 1522 1536 1540 1822 1836 1840 2022 2036 
m50 23 30 36 49 1180 1523 1530 1549 1823 1830 1836 1849 2473 2480 2486 2499 
m2240 22 36 40 41 1122 1136 1140 1141 1822 1836 1840 1841 2022 2036 2040 2041 2072 2086 2090 
m2509 22 23 30 36 40 46 1122 1123 1130 1136 1140 1146 1180 1522 1523 1530 1536 1540 1546 1822 1823 1830 1836 1840 1846 2022 2023 2030 2036 2040 2046 2322 2323 2330 2340 4823 4846 
m1378 
m1605 23 30 46 1523 1530 1546 2346 3696 4823 
m2753 22 23 30 36 40 41 46 1122 1123 1130 1136 1140 1141 1146 1173 1186 1190 1522 1523 1536 1540 1541 1823 1836 1840 1841 2023 2036 2040 2041 2073 2086 2090 2322 2323 2330 2336 2340 2341 2346 3673 3686 4323 4336 
m2090 46 2346 
m3056 22 23 30 36 40 46 1122 1123 1130 1136 1140 1146 1172 1180 1186 1190 1196 1522 1523 1530 1536 1540 1546 1830 2022 2023 2030 2036 2046 2330 4836 
m2630 14 22 38 46 738 1114 1146 2338 3246 
m2329 22 36 40 1122 1136 1140 1822 1836 1840 2022 2036 
m2976 46 47 2346 2347 
m3539 23 46 49 2346 2349 2473 4823 
m1785 22 23 30 32 40 41 1140 1182 1523 1530 1532 2022 2023 2030 2032 2040 2072 2090 
m85 14 40 46 2014 2040 2046 2314 2346 4814 
m528 22 23 46 49 1122 1123 1146 1149 1199 2323 2346 2349 
m2452 23 30 49 1180 1199 1549 2473 2480 2499 
m2209 14 714 
m915 23 26 34 36 46 1176 1184 1186 1196 1726 1746 1826 1846 2326 4334 
m632 14 22 41 714 741 1114 1141 2064 2072 2091 
m2872 36 40 46 1846 2036 2040 2046 
