m2226 14 22 36 46 49 722 736 749 1814 1822 1849 2322 2336 2349 2472 4336 4814 
m969 26 40 46 1326 1340 1346 2026 2046 2326 3826 
m2980 14 22 27 40 727 1114 1127 2014 2022 2027 
m1754 22 28 38 46 1128 1138 1146 1928 1938 2328 2338 
m2425 22 30 36 40 41 46 1122 1130 1136 1140 1141 1146 1536 1540 1541 1830 1836 1840 1841 2030 2036 2040 2041 2086 2090 2322 2330 2336 2340 2341 
m859 22 36 46 1122 1136 1146 1822 1846 2322 
m2612 22 38 44 46 1146 1922 1944 1946 2344 2346 4846 
m2841 26 40 46 49 1340 1346 1349 2046 2490 2496 
m3488 23 45 46 1195 2323 2345 2346 
m922 27 28 36 46 1378 1386 1396 1828 2327 2328 2336 2346 4836 
m2530 22 44 46 1146 2322 2344 2346 4846 
m2959 27 36 46 49 1827 2327 2336 2486 2496 
m2132 
m1056 30 45 46 2280 2296 2330 2346 
m248 13 22 38 1113 1913 1922 
m400 14 46 746 2346 
m961 45 46 2295 2296 
m945 22 46 48 1146 1148 2348 
m2934 5 13 22 33 655 1113 1122 1133 1655 1672 4163 
m2817 12 32 612 1612 
m1098 45 49 2295 2299 
m971 37 46 1896 
m1267 14 40 46 2014 2040 2046 2314 2346 4814 
m2698 22 45 46 1145 1146 2296 
m3635 19 46 969 996 2319 2346 
m3516 22 33 46 1672 1696 2322 
m2355 12 23 36 46 49 636 649 1199 1849 2336 2349 3123 3686 4812 4823 
m3121 22 45 46 1122 1146 2272 2295 2296 2322 2346 4846 
m3692 22 45 46 1145 1146 2345 4846 
m3648 26 44 46 49 1344 1346 2246 2476 2494 2496 
m2635 22 44 46 1146 2344 2346 4846 
m1697 23 36 40 46 49 1836 1849 2036 2046 2323 2336 2349 2473 2486 4323 4336 4836 
m162 37 46 4396 
m2952 36 45 46 1845 2336 2345 2346 4836 
m3463 36 45 1845 2286 2295 
m1151 36 1836 
m1331 36 46 2336 4836 4846 
m481 11 13 33 45 563 583 595 2263 2283 3183 
m1505 13 46 47 696 2363 2396 
m2455 32 44 46 1644 1646 2344 
m2064 22 44 46 1146 2322 2344 2346 4846 
m3326 36 41 46 2336 2341 2346 4586 4846 
m2086 14 32 36 49 714 732 736 749 1636 1649 1849 2482 2486 2499 
m2287 22 34 36 1134 1136 1834 
m1020 23 30 40 41 1180 1190 1523 1530 1540 2023 2030 2040 
m1156 
m1850 13 22 45 46 696 1113 1146 2263 2272 2296 
m722 16 32 46 832 2332 4816 
m3490 5 22 36 40 41 272 286 290 291 1105 1122 1136 1140 1141 1840 1841 2041 
m1539 22 23 31 36 46 1172 1181 1186 1196 1596 1822 1846 2322 3686 4086 4331 4336 4346 
m445 37 45 46 1895 2345 4837 
m2109 22 36 40 46 49 1122 1136 1140 1146 1822 1840 1846 1849 2022 2036 2046 2322 2336 2340 2346 2349 2486 2490 2496 4336 4346 4836 
m2032 38 45 1938 1945 2288 2295 
m3143 10 45 46 2295 2296 2310 2346 
m3456 22 36 40 46 1122 1136 1140 1146 1840 2040 2336 2340 
m499 22 36 41 49 1141 1849 2086 2091 2099 4336 
m527 13 33 4163 
m516 32 37 46 1632 1637 1646 2332 2337 2346 4837 
m829 22 23 31 36 1123 1131 1136 1172 1173 1573 1822 1823 3673 3686 4086 4323 
m2620 16 23 36 1186 1816 3666 
m466 2 27 36 40 46 1352 1386 1396 1802 2002 2027 2036 2046 2302 4836 
m40 12 23 36 41 46 636 1823 2062 2073 2096 2336 3123 4586 4812 4823 
m492 22 23 30 38 1122 1123 1130 1138 1172 1173 1188 1522 1523 1530 1538 3673 
m3273 46 2346 
m1909 23 36 40 41 1186 1190 1191 1840 1841 2036 2040 2041 
m1416 22 44 46 1146 2344 2346 4846 
m2852 45 2295 
m3610 37 40 45 46 1890 2287 2290 2296 2340 4396 
m504 5 11 15 33 38 46 555 565 583 588 596 755 1655 1696 1915 1933 1946 2305 2315 4165 
m3215 32 37 1882 
m2076 5 45 46 2255 2305 2345 
m1420 30 46 2330 
m1712 40 46 2340 
m1737 12 22 23 36 40 45 46 49 622 623 636 640 645 649 1123 1136 1140 1145 1195 1822 1823 1840 1845 1849 2012 2023 2036 2045 2046 2049 2322 2323 2336 2340 2345 2349 2472 2473 2486 2490 2495 3136 4323 4336 4812 
m666 22 32 36 37 40 1122 1136 1137 1140 1622 1636 1637 1640 1822 1872 1886 1890 2022 2036 
m2411 22 28 1422 
m3108 14 36 38 46 48 736 746 748 1848 1914 1936 1938 1946 1948 2314 2336 2338 2346 2348 
m258 32 46 1646 2332 2346 
m1807 26 46 1346 
m2417 23 36 40 45 46 49 1190 1195 1836 1840 1845 2023 2036 2040 2045 2046 2049 2323 2336 2340 2345 2473 2486 2495 2496 3686 4323 4336 4836 
m53 29 
m1272 13 45 2263 
m3408 36 38 46 48 1836 1838 1848 1936 1938 1948 2336 2338 2348 2436 2438 2448 4336 4836 
m1257 22 23 30 46 1122 1123 1130 1146 1196 1523 1530 1546 2322 2323 2330 2346 3696 4823 
m2199 32 36 41 46 1641 1646 2332 2336 2341 2346 4136 4586 
m2029 36 41 44 1841 2086 2091 2094 2236 2241 2244 
m3665 30 40 45 46 2045 2046 2280 2296 2330 2345 4846 
m375 5 22 36 46 49 272 286 296 299 1149 1822 1849 2322 2346 2349 4836 
m1026 14 22 36 40 46 722 1814 1822 1836 1840 1846 2014 2022 2036 2040 2046 2314 2322 2340 2346 3246 4314 4346 4836 
m456 22 40 46 1140 1146 2046 
m3190 14 36 49 1814 1849 2464 
m1880 14 23 30 38 730 1180 1514 1523 1530 1538 1914 1923 1930 1938 3223 
m3655 32 1632 
m3607 36 37 40 46 1840 1886 1890 1896 2036 2037 2040 2046 2336 2337 2340 2346 4346 4387 4396 4837 
m2265 32 45 1645 
m3447 
m1836 38 46 1946 
m1183 22 30 41 46 1130 1146 1522 1546 2072 2080 2096 2322 
m1474 8 37 46 408 437 446 1858 2308 4396 
m1397 30 37 40 46 1537 1540 1546 1890 2340 4396 
m700 12 38 40 45 46 1912 1945 1946 2012 2038 2045 2046 2262 2296 2312 2346 4812 
m1372 4 42 45 2254 2292 2742 
m2960 30 36 46 49 1830 2330 2336 2480 2486 2496 
m1517 23 30 38 41 46 49 1173 1523 1930 1938 1941 1946 1949 2073 2080 2323 2330 2341 2473 2480 2491 2496 3673 
m3543 14 38 738 
m496 33 46 2333 2346 4833 
m2297 38 45 46 1945 1946 2296 
m2552 22 23 30 41 1122 1123 1130 1172 1173 1180 1522 1523 1541 2072 2073 2080 3673 
m1137 22 23 30 1123 1173 1522 1523 3673 
m2271 36 49 1849 2486 2499 
m2652 22 26 33 36 49 1126 1133 1676 1822 1826 1833 1849 2472 2476 2483 
m3701 26 46 2326 2346 
m806 23 30 38 45 46 1180 1923 1930 1946 2273 2280 2288 2296 2323 2330 2338 2346 4823 
m2694 13 37 4363 
m721 23 30 46 1196 1523 1530 1546 2323 2330 2346 3696 4823 
m134 36 45 49 1849 2286 2299 
m237 3 23 30 41 46 180 1180 2053 2073 2080 2096 2303 2330 2673 4823 
m853 33 45 46 1695 2345 4833 
m992 3 38 153 188 1903 
m1590 13 22 36 49 699 1113 1122 1136 1149 1813 1849 
m2075 22 36 45 1136 1145 1845 
m1475 23 45 1195 2273 2295 
m3506 14 23 36 40 46 1814 1823 1846 2014 2023 2036 2040 2046 2314 2323 2346 3664 4346 4814 4823 
m2548 22 23 36 40 1122 1123 1136 1140 1173 1186 1190 1822 1823 1836 1840 2022 2023 2036 2040 3673 3686 
m543 12 22 30 622 1512 1522 
m1722 14 22 38 738 1114 1138 1914 1922 1938 
m3229 36 39 40 1836 1839 1840 1986 1990 2036 2039 2040 
m3203 5 36 45 46 286 295 1845 2305 2336 2345 4336 
m1471 18 45 2268 
m1383 13 33 3183 
m2617 12 13 22 27 36 40 627 677 1112 1113 1122 1127 1136 1140 1812 1813 1827 1840 2012 2013 2027 3162 
m3044 20 22 23 30 38 1022 1023 1030 1038 1122 1123 1130 1172 1173 1180 1188 1520 1523 1538 1922 1923 1930 3673 
m1402 36 45 46 49 1845 2336 2345 2346 2349 2486 2495 2496 
m2573 23 41 1191 2073 2091 
m3496 13 33 46 696 2333 3183 
m622 26 46 49 1346 1349 2346 2496 2499 
m392 46 
m712 23 36 1173 1186 1823 1836 3673 3686 4323 
m1953 45 46 2345 2346 
m3369 13 33 46 2313 2333 4163 
m1232 47 
m1576 13 33 36 40 48 698 1698 1813 1833 1848 2013 2033 2036 2048 4163 
m2316 5 45 295 
m1808 12 22 36 622 1112 1122 1136 1822 4312 
m3468 36 46 49 1849 2336 2346 2349 4836 
m3387 38 46 1946 
m255 22 40 44 46 1140 1144 1146 2022 2040 2044 2046 2222 2240 2246 2322 2340 2344 2346 4846 
m833 36 40 41 1836 1840 1841 2036 2041 2086 2091 4336 4341 4586 
m1090 22 32 45 46 1132 1145 1146 2282 2296 2332 
m179 38 45 2288 
m291 14 34 46 734 746 2334 
m3531 22 23 30 40 46 1122 1123 1130 1140 1146 1180 1523 1530 1546 2022 2023 2030 2046 2330 2346 4823 
m2084 21 26 45 46 1321 1345 1346 2271 2321 2345 
m1488 32 36 4332 
m1930 33 45 1695 
m1704 36 45 46 1845 2286 2295 2345 4836 
m2330 40 45 2045 2290 2295 
m2568 5 14 26 33 45 264 276 283 726 1676 2255 2264 2276 2283 3233 
m2225 12 23 30 36 41 612 630 636 641 1191 1523 1541 1812 1823 1830 1836 1841 2062 2073 2086 3123 
m892 32 45 1645 
m3206 45 46 49 2295 2299 2345 2349 
m1258 13 46 696 
m2227 22 44 46 1144 1146 2246 2344 2346 4846 
m139 5 36 37 38 45 46 286 295 1845 1855 1886 1895 1936 1937 1938 1946 2305 2336 2337 4336 
m3663 45 49 2295 2299 
m2463 22 45 46 1145 1146 2345 
m2535 37 
m2161 40 46 2040 2046 2340 
m1865 23 
m410 5 45 46 2255 2296 2305 
m144 22 44 46 1146 2344 2346 4846 
m3711 37 46 2346 4837 
m1369 18 918 
m1189 33 38 46 1688 1938 1946 2338 4196 
m1743 14 23 30 46 1514 1523 1546 2314 2323 2330 2346 3664 4814 4823 
m25 37 45 46 1895 2337 2345 2346 4396 
m215 3 45 153 2253 
m288 45 
m54 14 46 2314 2346 4814 
m1652 14 22 36 40 46 49 722 1814 1822 1846 1849 2014 2036 2046 2322 2336 2349 2464 2472 4336 4814 
m2335 46 
m940 13 22 33 672 1672 3183 
m1391 22 38 45 46 1138 1145 1146 1938 1945 1946 2345 
m3400 8 36 40 46 1808 1836 1840 1846 2008 2036 2040 2046 2308 2336 4336 
m2921 14 45 2264 3214 
m293 14 34 46 734 746 2334 
m972 22 23 36 40 46 1122 1123 1136 1140 1146 1172 1822 2022 2023 2036 2040 2046 2322 2323 2336 2340 2346 4323 4823 
m3171 22 40 45 46 1140 1145 1146 2045 2046 2345 
m2041 22 45 2272 
m2880 22 23 36 40 41 1123 1136 1140 1173 1186 1190 1191 1823 1836 1840 1841 2023 2036 2040 2041 2073 2086 3673 3686 4323 4586 
m3072 22 44 46 1146 2222 2244 2246 2322 2344 2346 4846 
m14 13 22 32 33 36 40 46 690 696 1113 1122 1132 1133 1136 1140 1146 1613 1633 1636 1640 1646 1690 1813 1833 1840 1846 2013 2033 2046 2333 2340 3183 
m3557 22 45 1145 
m2819 30 45 46 2280 2295 2296 2330 2346 
m3412 23 30 38 46 1173 1180 1188 1523 1530 1538 1923 1930 1938 2323 2330 2338 2346 3673 4823 
m1233 5 26 45 46 276 296 1305 1326 1346 2255 2276 2296 2326 
m303 30 36 39 40 46 1830 1980 1986 1990 1996 2030 2036 2046 2330 4836 
m1856 38 46 1946 
m1428 22 23 45 1172 1173 2272 2273 3673 
m778 22 44 46 1146 2344 2346 4846 
m826 22 23 30 45 1123 1130 1145 1173 1180 1523 1530 2273 2280 3673 
m2933 22 36 37 40 46 1122 1136 1137 1140 1146 1822 1837 1840 1846 1872 2022 2037 2046 2322 2336 2340 2346 4396 4837 
m44 9 36 45 46 486 495 496 1845 2309 2336 2345 2346 
m774 5 32 46 255 282 2305 2332 
m273 32 46 1632 1646 2332 2346 
m2130 22 46 1122 1146 2346 
m2609 22 38 44 46 1146 1922 1944 1946 2344 2346 4846 
m2693 22 23 30 36 40 41 1122 1123 1130 1136 1140 1141 1180 1186 1190 1522 1523 1536 1540 1541 1822 1830 1836 1840 1841 2022 2023 2030 2036 2041 2080 2086 
m2058 5 37 46 255 287 1855 1887 1896 2305 2337 2346 4837 
m2374 5 46 2305 
m2862 23 36 41 1186 1191 1823 1836 1841 2073 2086 2091 4341 4586 
m2420 45 46 2296 2346 
m3491 36 40 1836 1840 2036 2040 4336 
m1802 32 
m2866 22 40 41 46 1140 1141 2022 2040 2041 2046 2072 2090 2091 2096 2341 
m1924 13 20 33 36 40 41 670 686 690 691 1033 1036 1040 1041 1686 1690 1691 1840 1841 2036 2041 3183 3536 4336 
m3249 36 40 46 2036 2046 2336 
m3650 23 36 40 46 49 1836 1840 1846 1849 2023 2036 2040 2046 2049 2323 2336 2473 2486 2490 2496 3686 4323 4336 4836 
m1611 22 23 36 40 41 46 49 1123 1136 1140 1149 1173 1186 1190 1199 1840 2022 2023 2036 2040 2041 2049 2072 2073 2086 2090 2099 2322 2323 2340 2341 2473 2486 3673 3686 4323 
m1985 2 36 45 46 145 1845 2252 2286 2295 2302 2345 2636 4836 
m3075 22 36 41 46 49 1141 1822 1841 1846 2322 2341 2486 2491 2496 
m1318 5 40 45 46 2005 2045 2046 2255 2296 2305 
m70 26 34 38 46 1326 1334 1346 1734 1926 1938 1946 2334 2346 
m2213 5 32 33 46 283 296 1605 1633 1646 2333 
m3234 22 23 1122 1123 1172 
m3407 22 36 41 1136 1141 1822 1841 2072 2086 2091 4336 4586 
m412 30 38 46 1930 1946 2330 
m2853 13 14 22 672 722 3213 
m2479 13 22 33 36 40 672 686 690 1113 1122 1133 1136 1140 1672 1686 1690 1822 1840 2022 3183 
m3518 27 45 46 2277 2296 2327 2346 
m995 36 42 4636 
m3700 13 33 4163 
m3659 22 26 36 45 46 1126 1136 1146 1336 1345 1346 1845 2336 2345 2346 4836 
m2020 8 33 46 433 446 4833 
m2027 36 41 44 1841 2086 2091 2094 2236 2241 2244 
m203 
m1027 45 46 2295 2296 2346 
m2378 13 22 32 45 682 1113 1132 1145 2263 2282 
m2502 
m2774 5 32 255 1605 1632 
m2325 22 23 30 36 40 46 1122 1123 1130 1136 1140 1146 1172 1173 1522 1523 1530 1540 1546 1822 1823 1830 1840 1846 2022 2023 2030 2036 2040 2046 2322 2323 2330 2340 2346 3696 4823 
m371 17 22 41 46 872 891 1141 2322 2341 4817 
m1729 22 23 36 40 41 46 49 1123 1136 1140 1173 1186 1190 1199 1840 2022 2023 2036 2040 2041 2049 2072 2073 2086 2090 2091 2099 2322 2323 2340 2341 2473 2486 3673 3686 4323 
m650 8 408 
m2912 14 22 36 49 749 1114 1136 1149 1814 1849 
m2456 40 46 2046 
m2990 40 46 2046 
m240 22 38 46 49 1146 1149 1922 1946 1949 2349 2472 2488 2496 
m1958 14 45 745 
m2421 22 26 46 1146 1322 1346 
m1575 7 22 46 1107 1122 1146 2307 2346 
m3666 34 46 1746 
m872 5 36 46 286 296 2305 2336 2346 4836 
m143 22 44 46 1146 2322 2344 2346 4846 
m665 14 
m744 36 40 46 49 1836 1840 1846 2036 2040 2046 2049 2336 2346 2349 2486 4346 4836 
m236 23 45 1195 
m755 14 40 46 740 746 2014 2040 2046 2314 2340 2346 4814 
m3187 14 22 1114 1122 
m1167 5 13 33 263 283 3183 
m99 22 38 44 46 1122 1144 1146 1922 1944 1946 2344 2346 4846 
m1260 14 40 46 2014 2040 2046 2314 2346 4814 
m2198 32 46 48 2332 2348 2432 
m2758 11 13 33 36 40 661 1661 1811 1813 1833 2011 2013 2033 2036 4163 
m1251 14 45 714 745 2264 2295 
m1459 9 14 36 49 709 1809 1814 1836 1849 2459 2464 2486 2499 
m2971 27 36 46 48 1827 2327 2336 2436 2446 
m1500 14 49 2464 
m682 22 36 41 49 1136 1141 1822 1849 2072 2086 2091 2099 2472 2486 4336 
m889 45 2295 
m3584 22 23 36 40 41 46 49 1122 1123 1136 1140 1141 1149 1173 1186 1190 1822 1823 1836 1841 1849 2022 2023 2036 2040 2046 2072 2073 2086 2322 2323 2336 2341 2349 2472 2473 2486 2491 3673 3686 4323 4336 
m963 9 36 1809 1836 2959 4309 4336 
m2033 10 32 46 1610 1632 1646 2310 2346 
m2804 16 45 46 845 2345 4816 
m1663 22 23 30 1122 1123 1130 1172 1173 1180 1522 1523 1530 3673 
m2878 32 36 46 49 1632 1636 1649 1849 2332 2336 2346 2349 
m904 22 23 30 41 49 1123 1130 1173 1523 2072 2073 2080 2472 2473 2480 2491 3673 
m2723 14 37 714 737 1887 3237 
m2604 14 38 40 45 46 740 745 1914 1938 1940 1945 1946 2290 2340 2345 3246 
m2241 22 36 37 40 46 1122 1136 1137 1140 1146 1822 1836 1837 1840 1846 1890 2022 2036 2037 2040 2046 2322 2336 2337 2340 2346 4837 
m213 22 36 46 49 1149 1822 1836 1846 1849 2322 2349 2472 2486 2499 4836 
m1213 26 44 46 1346 2226 2246 2326 2344 2346 
m1266 30 40 45 46 2030 2040 2045 2046 2280 2290 2296 2330 2340 2346 
m3705 22 37 46 1872 2322 2337 
m2120 22 40 46 1146 2022 2046 2346 
m2334 5 13 22 26 33 46 263 283 672 1305 1313 1322 1333 1346 1672 2305 2313 2322 2333 4163 
m3127 22 36 46 1822 1846 2322 4846 
m34 22 30 40 46 1130 2022 2030 2040 2046 2322 2330 2346 
m3478 12 26 34 45 46 634 645 1312 1334 1345 1346 1734 2284 2334 2345 4812 
m3264 22 37 41 46 1122 1137 1141 1146 1891 2341 4837 
m1816 37 46 49 2337 2346 2487 2496 4837 
m3029 33 45 1695 2283 2295 
m3466 36 46 49 2336 2349 2486 
m1419 33 37 4383 
m860 
m2835 14 22 23 36 723 1114 1123 1136 1186 3236 
m1839 8 36 46 2308 4308 4836 
m3064 41 
m2963 16 36 46 49 1816 1846 2316 2346 2486 2496 
m3239 13 38 1913 1938 
m1959 13 22 36 40 672 686 690 1113 1122 1136 1140 1822 2022 2036 
m2476 11 13 33 45 563 583 595 695 1695 3183 
m1201 37 38 46 1896 1937 1946 
m1175 17 45 895 2267 2295 
m500 22 36 45 46 1136 1146 1845 1846 2336 2345 2346 4836 4846 
m1579 22 37 1122 1137 1887 
m2352 18 46 2318 
m3392 5 45 46 2255 2296 2305 2345 4846 
m2968 22 23 30 36 41 1123 1130 1136 1523 1823 1830 2072 2073 2080 3673 4323 4586 
m1163 22 30 46 1522 1546 2322 4846 
m2500 22 45 46 1122 1145 1146 2296 2346 
m2953 14 40 46 714 746 2014 2040 2046 2314 2340 2346 3246 4814 
m3073 46 4846 
m1797 22 23 36 40 41 1122 1123 1136 1140 1141 1172 1173 1186 1190 1191 1822 1823 1836 1840 1841 2023 2036 2041 2072 2073 2086 2090 2091 3673 3686 4323 4336 4586 
m1938 44 46 49 2344 2349 2494 
m850 26 32 36 46 1332 1336 1346 1832 2332 2336 2346 4836 
m1006 12 36 40 45 46 640 645 1845 2036 2045 2336 2340 2345 3136 4812 
m1277 5 45 46 2255 2305 2345 2346 
m1222 22 37 46 1137 2322 4837 
m2477 8 46 2308 2346 4846 
m965 23 30 38 46 1180 1923 1930 1946 2330 2346 4823 
m462 14 46 714 746 2314 2346 3246 4814 
m1275 45 46 2296 
m703 8 37 408 437 
m1333 36 40 41 46 49 1841 1846 1849 2036 2041 2046 2049 2336 2341 2486 2491 2496 4336 
m1578 22 40 46 1146 2340 
m1705 22 23 30 1122 1123 1130 1172 1173 1180 1522 1523 1530 3673 
m2849 46 
m389 13 36 40 49 2013 2036 2463 2486 2490 4313 
m1338 22 45 1122 1145 2272 
m2756 13 33 36 38 40 688 1688 1813 1833 1838 2013 2033 2036 2038 4163 
m2415 44 46 2246 2344 2346 4846 
m620 36 45 46 2286 2295 2296 2336 2346 4836 
m1425 32 45 46 2282 2296 2332 
m2168 13 22 33 36 40 690 1113 1122 1133 1136 1140 1690 1813 1833 1840 2013 2033 4163 
m1071 23 41 46 1173 2073 2323 2341 3673 
m523 46 2346 4846 
m3265 22 36 46 49 1822 1846 1849 2322 2346 2472 2496 
m2732 30 36 46 1536 1546 2330 2336 2346 4836 
m2436 5 32 36 45 1605 1805 2255 2282 2286 4332 
m1270 37 46 2337 2346 4837 4846 
m2822 14 22 45 745 1114 1145 
m2703 30 39 1980 
m740 14 40 740 
m2830 22 23 1122 1123 1172 1173 3673 
m420 5 37 46 1855 2305 4837 
m1172 22 23 30 46 1122 1123 1130 1146 1180 1523 1530 1546 2330 2346 4823 
m3613 31 45 2281 
m873 22 23 30 46 1122 1123 1130 1146 1180 1523 1530 1546 2330 2346 4823 
m2035 22 44 45 46 1146 2272 2294 2296 2344 2346 4846 
m280 5 14 32 705 1605 1614 
m845 30 36 46 49 1536 1549 1849 2330 2336 2346 2349 
m1407 32 36 1832 
m2646 22 44 46 1146 2222 2246 2322 2344 2346 4846 
m440 
m637 46 
m1814 41 2091 
m74 36 48 1836 1848 2436 2448 
m299 40 45 46 49 2045 2046 2299 2345 2349 
m1142 46 
m3261 36 
m931 23 32 36 40 46 48 1182 1186 1190 1196 1198 1632 1636 1646 1648 1846 1848 2032 2036 2046 2048 2446 
m216 22 36 40 41 45 1122 1136 1140 1836 1840 2036 2040 2072 2086 2272 2286 2291 
m2770 22 45 46 1145 1146 2345 4846 
m1485 46 
m3151 46 
m1935 22 44 46 1146 2244 2246 2344 2346 4846 
m1036 45 46 2296 2346 
m3243 5 45 46 2255 2296 2305 
m2405 6 43 4656 
m994 22 44 46 1146 2222 2246 2344 2346 4846 
m231 22 38 44 46 1146 1922 1944 1946 2344 2346 4846 
m1988 13 22 46 1113 2313 2322 
m911 12 14 46 2312 2314 2346 3212 4812 4814 
m2315 12 36 45 46 636 645 1845 2312 2336 2345 2346 4812 4836 
m3077 22 37 46 1872 2322 4837 
m3182 22 26 44 46 1146 1322 1344 1346 2326 2344 2346 4846 
m140 46 
m3621 46 4846 
m2317 18 
m2776 22 46 1122 1146 
m2341 23 30 38 46 1188 1523 1530 1538 1923 1930 1946 2323 2330 2338 2346 
m1926 13 22 33 36 40 46 1113 1122 1133 1136 1140 1146 1813 1833 1840 1846 2013 2022 2033 2036 2040 2046 2313 2333 4163 
m1484 14 36 49 736 749 1849 
m1952 13 22 33 49 699 1113 1122 1149 1672 1699 4163 
m2715 14 46 714 746 2346 3246 
m2510 45 
m2759 22 23 36 49 1123 1136 1149 1173 1186 2473 2486 3673 4323 
m2508 5 14 46 705 2305 2314 
m2998 22 37 46 1872 2322 4396 
m2606 22 26 44 46 1146 1322 1344 1346 2344 2346 4846 
m2068 45 
m789 8 
m3287 13 22 33 36 40 672 1113 1122 1133 1136 1140 1672 1813 1822 1833 1840 2013 2022 2033 4163 
m2986 22 40 46 1140 1146 2046 
m3043 5 14 36 46 49 264 286 296 299 746 749 1849 2349 2486 2499 3236 4836 
m2658 26 46 1346 
m2141 30 46 2330 2346 
m2525 5 26 30 37 46 1330 1337 1346 1505 1855 1880 2305 2330 2337 2346 4837 4846 
m3356 38 40 45 46 1946 2038 2046 2288 2290 2296 
m2697 22 36 46 1822 2322 2336 2346 
m1022 10 13 22 660 663 672 1110 1113 1122 
m1073 41 46 2341 
m15 18 46 2318 2346 
m689 22 36 37 40 46 1137 1146 1822 1837 1846 1872 2022 2036 2046 2322 2337 2346 4346 4837 
m2435 36 40 46 49 1849 2036 2040 2046 2049 2336 2346 2349 4336 4836 
m626 22 36 40 41 1136 1141 1836 1840 2036 2086 2090 4586 
m3027 37 40 46 2037 2046 4837 
m2529 22 23 30 36 40 46 49 1122 1123 1130 1136 1140 1146 1172 1173 1180 1186 1190 1196 1523 1530 1536 1540 1546 1822 1823 1830 1840 1846 2022 2023 2030 2036 2040 2046 2330 2346 2472 2473 2486 2490 3696 4336 4346 4823 
m3166 22 38 44 46 1146 1922 1946 2344 2346 4846 
m3007 22 37 46 1137 1146 4837 
m659 3 32 36 41 46 186 191 1603 1641 2303 2332 2336 2341 4136 4586 
m708 13 22 33 1113 1133 4163 
m1570 23 30 36 49 1180 1823 1830 1836 1849 2473 2480 2486 2499 
m570 22 36 40 46 1122 1136 1140 1822 2022 2036 2040 2322 2336 2340 4336 
m3226 14 714 
m2096 13 46 4813 
m305 23 36 45 1186 2273 2286 2295 3673 3686 
m3606 41 45 2291 
m3174 22 37 1872 
m2038 45 46 48 2345 2445 2446 
m1496 39 45 1995 2289 2295 
m2887 45 46 2345 
m1871 5 22 44 46 272 294 296 1144 1146 2205 2246 2305 2322 2344 2346 4846 
m3415 13 22 46 1113 1122 2322 4813 
m3464 45 46 2295 2345 
m2030 32 36 38 41 46 1641 1646 1932 1936 1941 1946 2332 2336 2341 2346 4136 4586 
m3172 22 30 37 46 1130 1137 1146 1880 2322 2330 2337 2346 4837 
m405 14 46 2346 4814 
m729 8 25 46 49 408 446 449 1258 1296 2349 
m3212 23 32 46 1173 1182 1196 1623 1632 1646 2323 2332 2346 4823 
m1996 27 32 1382 
m2445 38 46 1946 2346 
m1355 32 37 1632 1637 1882 
m852 22 30 36 40 41 46 1136 1141 1146 1541 1822 1830 1841 2022 2046 2086 2096 2336 
m150 22 46 1146 
m1719 13 22 30 47 680 697 1113 1122 1130 1147 2380 
m2311 23 32 38 46 1182 1188 1196 1923 1932 1938 1946 2332 2338 2346 3696 4823 
m171 14 22 32 36 39 40 41 49 722 1614 1622 1639 1641 1814 1822 1832 1836 1839 1841 1849 1972 2014 2036 2041 2049 2064 2072 2082 2089 2091 2482 2486 2489 2491 4464 4586 
m1703 23 
m3011 23 30 36 41 1523 1823 1830 2073 2080 3673 4323 4586 
m1606 12 22 37 46 1112 1137 1146 2337 4362 4812 
m2778 32 36 40 41 46 1641 1646 2036 2041 2046 2332 2336 2341 2346 4136 4586 
m107 22 23 30 36 46 49 1122 1123 1130 1146 1149 1172 1173 1180 1199 1522 1523 1530 1549 1822 1823 1830 1846 1849 2322 2323 2330 2349 2472 2473 2480 2496 3673 4823 
m910 14 22 41 46 741 1114 1141 2314 2322 2341 2346 4814 
m1004 32 36 38 41 46 1641 1646 1936 1941 1946 2332 2336 2341 2346 4136 4586 
m946 22 38 45 46 1122 1146 1922 1938 1945 1946 2272 2288 2295 2296 2346 
m1654 26 46 49 1326 1346 1349 2349 
m1580 22 37 1122 1137 1872 1887 
m581 36 41 45 1845 2095 2295 4586 
m711 22 41 1122 1141 2072 
m1794 22 40 45 46 1140 1146 2272 2290 2296 2340 
m177 22 44 46 1146 2344 2346 4846 
m2422 22 23 30 36 40 45 46 1122 1123 1130 1136 1140 1145 1146 1172 1173 1180 1190 1196 1522 1523 1536 1540 1545 1546 1822 1823 1830 1836 1840 1845 1846 2022 2023 2030 2036 2040 2045 2046 2272 2273 2280 2286 2290 2296 2322 2323 2330 2336 2340 2345 2346 4823 
m502 26 33 47 1333 1347 1697 
m3284 22 23 36 40 46 49 1123 1136 1146 1149 1836 1846 1849 2022 2023 2036 2046 2049 2323 2473 2486 2496 3686 4323 4336 4836 
m2622 40 46 2046 2346 
m3111 14 36 48 714 736 748 1836 1848 2448 
m69 14 46 47 747 2346 2347 4814 
m2603 37 46 1896 
m1190 45 2295 
m748 45 49 2295 2299 
m2444 37 46 2346 4396 4837 
m1534 22 45 46 1145 1146 2296 
m1891 23 30 36 40 46 49 1180 1830 1836 2023 2030 2036 2046 2049 2323 2330 2336 2473 2480 2486 2496 4323 4836 
m1030 10 13 33 660 1660 4163 
m2745 5 14 38 45 46 705 745 1905 1914 1945 1946 2255 2305 2345 4814 
m1352 32 36 41 46 1641 2332 2336 2341 2346 4136 4341 
m602 5 45 46 2255 2296 2305 
m2699 22 26 44 46 1146 1322 1344 1346 2326 2344 2346 4846 
m3717 37 41 46 2087 2341 4837 
m2377 14 46 49 2314 2346 2464 2496 4814 
m2361 22 23 36 40 41 1122 1123 1136 1140 1141 1172 1822 1823 1836 1840 1841 2022 2023 2036 2040 2041 2072 2073 2086 3686 
m1927 23 36 40 41 46 49 1191 1836 1841 2023 2036 2041 2323 2336 2340 2341 2349 2473 2486 2490 2491 2496 2499 3686 4323 4336 4836 
m2956 27 46 49 2327 2346 2477 2496 
m646 36 49 1836 1849 
m3679 22 36 40 46 1122 1136 1140 1146 1822 1836 1840 1846 2022 2036 2046 2322 2336 2340 2346 4346 4836 
m3614 14 36 40 46 49 714 736 740 746 749 1814 1836 1840 1846 1849 2014 2036 2046 2049 2314 2336 2346 2349 2464 2486 2490 2496 3246 4814 
m822 12 41 45 46 2062 2096 2262 2291 2296 4812 
m1430 13 38 46 663 696 1913 1946 
m3168 5 22 46 1105 1146 2305 
m1718 33 45 48 1695 1698 2298 
m3422 44 46 49 2246 2249 2344 2346 2349 
m3132 23 30 45 46 1173 1180 1196 2273 2296 2330 2346 4823 
m614 22 36 40 41 1136 1141 1836 1840 2036 2086 2090 4586 
m2742 32 37 46 1632 1637 1882 2332 2337 
m3357 
m2490 14 32 46 1614 2314 2332 
m2769 30 40 46 2030 2040 2046 2330 
m2200 36 
m1438 23 33 44 49 1183 1194 1199 1694 1699 2494 
m704 22 23 36 40 46 49 1172 1822 1836 1849 2022 2023 2036 2046 2049 2322 2323 2336 2349 2472 2473 2486 4323 4336 4836 
m1173 36 
m901 5 14 36 264 286 4314 
m1607 22 37 45 46 49 1137 1146 2272 2287 2296 2299 2472 2487 2496 4837 
m3547 37 40 46 1890 2037 2040 2046 2337 2340 2346 4396 
m2239 23 36 40 41 1173 1186 1190 1191 1823 1840 2023 2036 2073 2086 2090 3673 4323 4336 4586 
m3213 5 45 295 
m2351 37 39 40 46 1890 1987 1990 2340 4396 4496 
m616 23 46 2323 2346 3696 4823 4846 
m651 13 22 36 38 40 41 1113 1136 1138 1140 1141 1813 1840 1913 1922 1936 1938 1940 1941 2013 2063 2086 2088 2090 
m1818 17 38 46 896 1917 1938 1946 2317 2338 2346 3396 4817 4846 
m930 14 40 46 2014 2046 2314 2346 4814 
m1734 13 22 33 1113 1672 4163 
m920 37 38 46 1888 2338 4396 
m726 30 45 46 2280 2295 2296 2330 2346 
m916 22 23 36 41 49 1123 1136 1141 1172 1173 1186 1191 1199 1822 1823 1841 1849 2072 2073 2086 2091 2099 2472 2473 2486 2491 3673 3686 4323 4336 
m3473 12 36 40 46 49 636 640 649 1836 1849 2036 2049 2336 2340 2349 2499 4812 
m3225 32 36 1832 4336 
m3565 36 40 45 46 1840 1845 2036 2040 2045 2340 2345 4836 
m452 22 30 36 39 41 1136 1139 1522 1536 1539 1541 1986 2072 2089 4586 
m3078 22 45 46 2272 2296 2322 2346 
m3362 6 42 2842 
m362 36 46 1846 2336 2346 4836 
m759 22 44 46 1146 2246 2344 2346 4846 
m2541 30 46 2330 
m2579 22 36 40 41 1136 1141 2036 2086 2090 
m2469 12 46 49 2349 2462 4812 
m3493 38 46 1946 
m2129 22 32 37 1622 1872 1882 
m1903 13 22 44 46 694 1113 1146 2313 2344 
m263 5 13 33 36 46 263 283 1805 1813 1833 2305 2313 2333 4163 4836 
m97 22 46 1146 2322 2346 
m1756 14 46 746 2346 3246 
m3690 22 44 46 1122 1146 2344 2346 4846 
m2977 10 46 2310 2346 
m491 45 
m540 23 38 45 1195 1923 1945 3673 
m1375 5 23 27 41 273 291 1355 1373 1391 2073 3673 
m3016 23 30 36 1180 1530 1823 1830 
m1941 23 45 1195 2273 2295 
m2857 46 
m132 37 40 46 1890 2037 2040 2046 2337 2340 2346 4396 
m2232 12 23 30 36 41 612 630 636 641 1191 1523 1541 1812 1823 1830 1836 1841 2062 2073 2086 3123 
m1181 37 45 1895 
m3339 13 33 45 2263 2283 4163 
m623 27 32 38 46 1382 1396 1927 1932 1946 2332 
m2183 22 46 1122 1146 
m526 3 45 195 2295 
m3342 22 36 37 40 46 1122 1136 1137 1140 1146 1837 1840 1890 2036 2037 2040 2322 2336 2337 2340 2346 4837 
m373 12 49 649 2462 2499 
m1325 37 40 41 46 2037 2046 2087 2090 2096 4837 
m530 39 
m138 
m849 1 32 36 38 45 46 82 96 1901 1932 1936 1946 2251 2282 2286 2288 2296 2332 2586 4136 4836 
m2873 22 36 46 1122 1136 1146 1822 1846 2322 
m2021 22 23 30 41 46 1122 1123 1130 1146 1180 1523 1530 1546 2072 2073 2080 2091 2096 2330 4823 
m3328 13 33 3183 
m241 45 46 2345 
m212 45 
m1755 13 22 36 45 46 672 1822 2263 2272 2286 2296 2313 2322 2336 4313 
m1259 32 36 37 46 1646 1882 1896 4136 4346 4386 
m1508 22 23 30 38 41 1123 1130 1172 1173 1188 1522 1523 1530 1538 2072 2073 2080 3673 
m3552 13 14 22 46 672 722 1113 1114 2313 2322 3213 4814 
m1897 36 41 46 49 1841 1846 2341 2346 2486 2491 2496 
m1862 22 44 46 1146 2344 2346 4846 
m1160 6 36 42 49 2456 2486 2492 2836 4606 4636 
m3325 23 30 40 1173 1190 1523 1530 1540 2023 2030 2040 3673 
m1304 23 45 1195 2273 2295 
m461 46 2346 
m402 36 
m1601 12 13 22 36 40 622 636 640 672 686 690 1112 1113 1122 1136 1140 1822 2022 2036 3162 
m3375 22 36 38 40 46 1136 1138 1140 1146 1838 1946 2036 2038 2040 2046 2336 2338 2340 2346 4346 
m1521 45 46 2296 
m607 37 38 40 46 1890 1937 1938 1946 2340 4837 
m2972 36 40 46 48 2036 2040 2046 2048 2336 2346 2348 2436 4836 
m1599 45 2295 
m1963 23 30 45 46 1195 1523 1545 1546 2295 2345 4823 
m3128 11 13 33 563 583 661 1661 4163 
m996 22 44 46 1146 2246 2344 2346 4846 
m1458 9 14 22 36 49 709 1109 1114 1136 1149 1809 1814 1836 1849 2459 2464 2486 2499 
m1093 12 13 33 46 662 696 2333 3133 3183 4812 
m3039 5 26 33 45 1305 1333 1345 1655 1695 2255 
m2442 14 36 49 749 1814 1849 
m1129 36 
m790 38 46 1938 1946 
m382 8 45 46 49 408 446 449 2258 2296 2299 2349 
m862 12 14 22 46 622 722 1112 1114 1122 1146 2314 2322 3114 4812 
m3260 23 26 30 36 40 45 49 1173 1186 1190 1195 1323 1330 1336 1345 1349 1523 1526 1530 1536 1545 1549 1836 1840 1845 2036 2045 2473 2486 2495 3686 4323 4336 
m2701 22 23 30 45 46 1122 1123 1130 1145 1146 1195 1522 1523 1530 1545 1546 2273 2280 2295 2296 2322 2330 2345 2346 3696 4823 
m1025 45 46 2295 2296 2346 
m542 46 
m1670 46 
m3129 22 44 46 1144 1146 2222 2246 2322 2344 2346 4846 
m830 22 33 46 1133 1146 2333 
m73 32 36 46 1632 1636 1646 1832 1836 1846 2332 2336 2346 4332 
m2640 
m2121 14 26 32 46 726 732 746 1314 1326 1332 1346 1626 1646 2326 
m2644 23 30 46 1173 1180 1196 1523 1530 1546 2323 2330 2346 3696 4823 4846 
m2854 22 23 36 40 49 1122 1123 1136 1140 1149 1173 1186 1190 1822 1823 1836 1849 2023 2036 2472 2473 2486 3673 3686 4323 4336 
m17 37 40 46 2037 2046 4837 
m3367 13 36 40 45 686 1813 1840 1845 2013 2036 2045 2263 2286 4336 
m1660 22 23 30 36 40 41 46 1122 1123 1130 1136 1140 1141 1146 1191 1523 1536 1541 1546 1841 1846 2023 2030 2036 2040 2041 2046 2072 2073 2091 2341 3696 4323 
m1793 45 46 2296 2345 2346 
m3161 26 46 1346 
m1179 36 40 48 49 1836 1840 2036 2436 2440 2449 2486 2490 4336 
m3707 12 46 2346 4812 
m902 22 23 36 39 41 1123 1136 1972 1973 1986 1991 2072 2073 3673 4323 4586 
m323 22 27 36 46 49 1127 1136 1146 1149 1377 1386 1396 1399 1827 1849 2322 2327 2336 2346 2349 2477 2486 2496 2499 
m3289 22 45 46 1146 2272 2296 
m760 22 44 46 1146 2222 2244 2246 2322 2344 2346 4846 
m3147 23 36 40 46 49 1836 1840 1846 1849 2023 2036 2040 2046 2049 2323 2336 2473 2486 2490 2496 3686 4323 4336 4836 
m962 7 45 46 2257 2295 2296 2307 2346 
m1207 22 44 46 1146 2344 2346 4846 
m2340 22 37 45 46 1122 1137 1145 1146 1887 1895 1896 2287 2296 2337 
m506 22 41 1141 
m2498 29 36 48 1486 1829 1836 1848 2429 2436 2448 4336 
m3162 32 36 44 46 1644 2236 2332 2336 2344 2346 4136 
m2513 27 46 49 2327 2346 2477 2496 
m2659 18 45 2268 
m2676 22 44 46 1146 2322 2344 2346 4846 
m3591 45 46 2295 2296 2345 4846 
m2074 37 46 4837 
m2278 45 46 2345 2346 
m372 27 49 1399 
m1054 38 40 45 46 1938 1945 1946 2290 2340 2345 
m2312 29 
m743 11 
m3074 36 40 46 1840 2336 2340 
m3438 8 36 46 49 1808 1846 2308 2336 2458 2486 2496 4336 
m1415 17 46 2317 2346 4817 
m3510 22 23 30 1122 1123 1130 1172 1173 1522 1523 3673 
m735 13 22 41 691 1113 1122 1141 
m191 22 36 41 1122 1136 1141 1822 2072 4586 
m588 36 41 1841 2086 
m1854 22 36 37 46 49 1136 1137 1146 1149 1846 1849 1886 1899 2349 4396 
m2242 23 30 45 46 1180 1195 1196 2280 2296 2330 2345 2346 3696 4823 
m3368 22 23 45 1122 1123 1145 1173 2272 2273 2295 3673 
m2428 12 36 46 49 649 1849 2336 2349 3136 4812 
m115 22 23 30 36 40 41 46 1122 1123 1130 1136 1140 1141 1146 1191 1523 1536 1541 1546 1841 1846 2023 2030 2036 2040 2041 2046 2072 2073 2091 2341 3696 4323 
m3514 22 37 40 46 1137 1146 2022 2037 2046 4837 
m116 22 23 30 36 40 1122 1123 1136 1140 1522 1523 1536 1540 1822 1823 1840 2022 2023 2030 2036 2040 4323 4336 
m3716 40 45 46 2040 2045 2046 2345 4846 
m585 22 46 1122 1146 2322 2346 
m3099 22 26 46 1146 1322 1326 1346 
m1720 23 32 36 40 49 1182 1632 1823 1832 1849 2023 2032 2036 2049 2473 2482 
m155 22 
m1434 17 38 46 867 896 1917 1946 
m1477 12 14 23 30 46 630 723 730 746 1180 1512 1523 1530 1546 2312 2330 3123 3212 4823 
m2302 37 40 46 1890 2037 2040 2046 2337 2340 2346 4396 
m634 36 
m3135 22 44 46 1146 2344 2346 4846 
m1082 32 46 1632 1646 2332 
m681 30 45 1530 2280 
m361 33 44 49 1694 1699 2494 
m2343 22 36 46 49 1822 2322 2336 2346 2349 2486 2496 
m300 14 40 46 740 2014 2040 2046 2340 2346 3246 4814 
m621 37 45 1895 
m2598 45 
m2236 12 22 23 36 41 46 49 622 623 636 641 649 1123 1136 1141 1191 1822 1823 1841 2322 2323 2336 2341 2349 2472 2473 2486 2491 3136 4323 4336 4812 
m2892 38 45 46 1945 2338 2345 2346 
m81 14 22 46 722 746 2322 2346 
m1493 14 45 745 
m2802 32 46 1632 1646 2332 2346 
m2247 45 2295 
m306 44 46 2244 2246 2344 2346 
m2108 37 40 46 49 1899 2037 2046 2049 2337 2340 2346 2349 4396 
m831 22 23 30 36 40 41 1122 1123 1130 1136 1140 1141 1172 1173 1180 1186 1190 1191 1523 1530 1536 1540 1541 1823 1836 1840 1841 2022 2023 2030 2036 2041 2072 2073 2080 2086 2090 2091 3673 3686 4323 4336 4586 
m2683 22 23 30 1122 1123 1130 1172 1173 1180 1522 1523 1530 3673 
m2664 22 40 46 1122 1140 1146 2022 2040 2046 2322 
m2160 13 22 33 36 40 48 672 686 690 1113 1122 1133 1136 1140 1672 1686 1690 1822 2022 2036 2413 2422 2433 2436 2440 3183 
m2915 22 46 1146 
m1629 22 45 46 1145 1146 2296 
m801 37 
m2399 22 36 41 49 1136 1141 1822 1841 1849 2072 2086 2091 2099 2472 2486 2491 4336 
m3107 22 23 30 38 1122 1123 1130 1138 1172 1173 1188 1522 1523 1530 1538 3673 
m2369 46 2346 
m3544 
m1550 34 1734 
m975 17 46 2317 2346 4817 
m1603 
m459 13 33 40 46 2013 2033 2046 2313 2333 4163 
m1679 12 40 46 2012 2046 4812 
m2981 13 33 45 695 1695 4163 
m3248 45 46 2296 
m898 37 38 46 49 1887 1888 1899 1937 1946 2337 2338 2346 2349 4396 4837 
m2946 12 45 46 645 2345 4812 
m233 22 27 40 46 1127 1140 1146 2027 2046 2327 
m796 22 30 36 40 41 49 1130 1136 1141 1536 1540 1541 1830 1836 1840 1841 2036 2072 2080 2086 2090 2091 2472 2480 2486 2491 
m1283 14 36 40 46 1814 1846 2014 2036 2040 2046 2346 4346 4814 
m3047 22 27 36 40 1122 1127 1136 1140 1390 1827 1836 1840 2027 2036 2040 
m1995 22 23 30 41 1122 1123 1130 1172 1173 1180 1191 1522 1523 1541 2072 2073 2080 3673 
m1111 22 23 30 36 40 41 1122 1123 1130 1136 1140 1141 1172 1173 1186 1190 1191 1522 1523 1536 1541 1840 1841 2023 2036 2041 2072 2073 2086 2090 2091 3673 3686 4323 4336 4586 
m3419 14 22 36 40 722 736 740 1114 1122 1136 1140 1822 2022 2036 
m3406 20 23 1020 1023 1170 
m1898 22 36 40 1122 1136 2022 2036 2040 
m3138 22 44 46 1146 2344 2346 4846 
m734 45 46 2295 2345 2346 
m1126 22 37 46 1137 1146 4837 
m731 26 36 46 1336 1346 2336 2346 4836 
m1045 22 37 1122 1137 
m1547 22 30 36 1136 1536 
m158 7 26 46 1307 1346 2307 2346 
m3592 26 36 46 49 1326 1336 1346 1349 1826 1846 1849 2326 2476 2496 
m985 13 16 3313 
m1324 37 40 45 46 1890 2287 2290 2337 2340 2345 
m2212 45 46 2296 
m903 14 33 4164 
m1912 13 46 2313 
m24 40 46 2040 2046 2346 
m507 8 45 46 2258 2296 2308 
m2070 22 36 46 49 1136 1146 1846 1849 2349 
m3340 14 46 714 746 2314 2346 4814 
m687 22 46 1146 2346 
m2700 23 36 40 41 44 1186 1190 1191 1194 1840 1841 2041 2240 2241 4736 
m3296 22 32 36 1622 1822 4136 
m3271 40 46 49 2340 2346 2490 2496 
m2462 22 44 46 1146 2344 2346 4846 
m1282 26 33 46 1676 1696 2326 2333 2346 
m3448 46 
m2544 22 23 30 1123 1172 1173 1180 1522 1523 1530 3673 
m2493 36 48 1836 1848 2436 2448 4336 
m1192 22 23 30 36 40 46 49 1122 1123 1130 1136 1140 1146 1172 1173 1180 1186 1190 1522 1523 1530 1536 1540 1546 1822 1823 1830 1840 1846 1849 2022 2023 2030 2036 2040 2046 2049 2322 2323 2330 2336 2340 2346 2349 2472 2473 2480 2496 3696 4823 
m2185 22 23 30 41 46 1122 1123 1130 1141 1146 1172 1173 1180 1191 1522 1523 2072 2073 2080 2322 2323 2330 2341 3673 
m495 22 45 1145 
m1618 
m1351 36 
m2362 14 22 36 40 46 722 740 746 1140 1146 1822 1840 2014 2036 2040 2046 2322 2336 2340 2346 3236 4346 4814 
m1039 17 22 44 46 49 899 1144 1146 2217 2246 2317 2344 2346 2349 3396 4817 4846 
m3065 22 36 40 46 48 1136 1140 1146 1848 2036 2040 2046 2336 2340 2346 2348 4336 4836 
m1209 13 22 33 36 40 672 686 690 1113 1122 1133 1136 1140 1672 1686 1690 2036 3183 
m1641 22 23 36 45 1122 1123 1136 1172 1173 1186 2272 2273 3673 
m2648 22 44 46 1146 2322 2344 2346 4846 
m489 5 13 14 33 263 283 705 713 733 4163 
m2789 23 45 46 1195 2323 2345 4823 4846 
m259 3 32 36 41 46 186 191 1603 1641 2303 2332 2336 2341 4136 4586 
m411 22 23 30 1123 1130 1172 1173 1180 1523 3673 
m984 11 45 595 
m2948 45 46 2295 2296 2346 
m989 30 37 46 1530 1537 1546 1880 2330 2337 2346 
m511 37 46 2337 
m1441 14 45 46 714 745 746 2345 4814 
m883 23 36 1186 
m2629 30 36 40 46 49 1549 1830 1836 1846 1849 2036 2040 2046 2049 2330 2349 2480 2499 
m3642 23 30 41 45 1180 1191 1541 2273 2280 2291 
m223 32 45 1645 
m1990 33 36 46 1686 2333 2336 2346 4833 
m897 16 23 36 40 41 46 836 840 841 1186 1190 1191 1841 2023 2036 2041 2046 2066 2073 2086 2090 2091 2096 2316 2336 2340 2341 3666 4823 
m1305 14 22 39 40 46 740 1114 1122 1139 1140 1146 1990 1996 2014 2040 2046 2340 3246 4464 
m2705 22 30 36 40 46 1136 1140 1522 1536 1540 1840 2036 2040 2322 2330 2336 2340 2346 4836 
m3475 14 21 45 46 721 745 2271 2321 2345 4814 
m444 36 45 46 1845 2336 2345 
m2569 14 36 1814 4314 4336 
m987 37 
m2695 23 
m2386 22 36 40 41 49 1136 1141 1822 1836 1840 1841 1849 2036 2072 2086 2090 2091 2472 2486 2491 4336 
m1447 7 38 46 1907 1946 2307 2338 2346 
m795 22 37 46 1872 2322 2337 
m2641 32 36 46 1832 2332 2336 2346 4836 
m3175 26 46 1346 2346 
m1046 21 
m310 22 36 40 46 49 1149 1822 1849 2022 2036 2049 2322 2336 2340 2349 
m2253 36 37 38 46 49 1837 1838 1888 1938 2338 2486 2487 2488 2496 4346 4837 
m2342 22 36 40 1122 1136 1140 1822 2022 2036 
m1965 22 45 46 1146 2272 2296 4846 
m2919 23 30 38 1180 1523 1530 1538 1923 1930 1938 
m2087 33 36 45 46 1686 1695 1845 2333 2345 4836 
m2207 22 45 46 1145 1146 2296 4846 
m2696 22 23 30 38 41 1122 1123 1130 1138 1172 1173 1188 1522 1523 1530 1538 2072 2073 2080 3673 
m1821 5 30 45 46 280 2255 2280 2296 2305 2330 
m296 13 22 36 38 40 672 686 690 1113 1122 1136 1140 1822 1913 1922 1936 1940 2022 2036 
m1572 14 30 714 730 
m2010 28 36 1828 1836 
m1423 36 40 41 1836 1840 2036 2086 2090 2091 4586 
m2248 12 14 36 40 41 46 636 640 641 736 740 741 1841 2036 2041 2314 2336 2340 2341 3114 3236 4336 4812 
m1781 38 45 1938 1945 2288 2295 
m2650 22 44 46 1144 1146 2246 2344 2346 4846 
m1504 13 22 33 36 49 1113 1133 1136 1149 1813 1833 1849 2463 2483 2486 2499 4163 
m804 36 41 46 1841 2341 4836 
m1110 22 38 46 1138 1146 1946 
m1092 12 14 33 46 712 746 2333 3133 3233 4812 
m172 5 13 33 36 49 263 283 1805 1813 1833 1849 2455 2463 2483 4163 
m1795 34 46 2334 
m386 14 22 722 1114 1122 
m1326 13 17 22 672 872 3363 
m2907 22 46 49 1149 2322 2346 2349 
m1310 22 23 30 39 41 1123 1130 1139 1141 1523 1973 1980 1991 2073 2080 3673 4473 
m3672 22 45 46 1145 2322 2345 
m532 14 20 22 720 1114 1120 
m1433 36 46 49 1849 2336 2349 4336 
m757 22 36 37 40 46 1122 1136 1137 1140 1146 1886 1890 2036 2037 2040 2046 2322 2336 2337 2340 2346 4396 
m1732 22 23 38 46 49 1122 1123 1138 1146 1199 1923 1938 1946 1949 2323 2346 2349 
m426 22 38 45 46 1145 1922 1945 1946 2322 2345 
m354 13 33 46 1663 1683 2313 2333 4163 4833 
m661 13 22 38 1113 1122 1138 1913 
m2206 32 1632 
m1833 26 46 1346 2346 
m1499 41 45 2091 2095 2291 2295 
m1695 22 36 41 46 48 1136 1141 1848 2086 2098 2322 2336 2341 2348 4336 
m1469 22 36 40 41 49 1122 1136 1141 1149 1841 1849 2022 2036 2041 2049 2486 2491 4336 
m3255 22 26 33 1126 1133 1676 
m2251 5 14 36 41 45 255 286 291 295 705 736 741 745 1845 2055 2086 2095 4336 
m2175 36 40 46 1840 2336 2340 
m785 22 44 46 1146 2322 2344 2346 4846 
m2939 23 
m730 36 40 46 49 1836 1840 1846 1849 2036 2040 2046 2336 2340 2346 2349 2486 2490 2496 4336 4346 4836 
m3210 27 36 40 46 1827 1840 2027 2036 2040 2327 2340 4836 
m2656 32 1632 
m2893 
m1327 22 23 30 36 40 1122 1123 1130 1136 1172 1173 1180 1186 1190 1522 1523 1530 1536 1540 1822 1823 1830 1840 2022 2023 2030 3673 
m3112 14 40 46 2014 2040 2046 2314 2346 4814 
m612 12 22 23 36 40 41 46 49 640 1123 1136 1141 1149 1162 1186 1190 1196 1199 1812 1840 1846 1849 2062 2073 2086 2090 2096 2099 2340 2462 2486 2496 3146 3686 4312 4336 
m2916 36 
m368 22 36 40 41 1822 1836 1840 1841 2022 2036 2040 2072 2086 2090 2091 4336 4586 
m3709 20 37 46 1870 2320 2337 
m1567 22 36 41 49 1122 1136 1141 1149 1822 1841 2072 2086 2091 2099 2472 2486 2491 4336 
m2229 18 36 40 1818 2018 2036 
m1997 22 40 1140 
m3681 13 22 45 695 1113 1145 
m3202 45 2295 
m2678 22 44 46 1146 2344 2346 4846 
m3712 5 13 22 38 46 655 696 1113 1146 1905 1913 1922 1946 2305 
m2391 36 37 40 46 48 1848 1886 1890 1896 2036 2040 2046 2048 2336 2340 2346 2348 4396 4836 
m1017 12 45 46 645 2345 4812 
m399 22 23 32 46 1123 1132 1146 1182 1196 2332 
m2008 45 
m508 13 36 38 46 49 663 686 688 696 699 1813 1836 1838 1846 1849 1913 1936 1946 1949 2336 2338 2346 2349 2463 2486 2496 3196 4813 
m16 23 46 2323 2346 4823 
m3553 22 23 36 41 1122 1123 1136 1141 1173 1186 1823 2073 3673 3686 4323 4586 
m1583 6 36 42 45 306 345 1845 2106 2145 2836 4306 4606 4636 
m122 32 38 46 1632 1646 1932 1938 1946 2332 
m1825 22 36 40 46 1122 1136 1140 1146 1840 2036 2040 2336 2340 
m2993 45 46 2345 2346 
m3266 26 46 50 1326 1346 1350 2350 
m1446 32 36 38 41 46 1641 1646 1932 1936 1941 1946 2332 2336 2341 2346 4136 4586 
m2706 44 46 49 2246 2494 2496 
m2605 10 36 46 1810 2310 2346 4836 
m1916 13 22 26 33 36 40 672 686 690 1113 1122 1133 1136 1140 1313 1322 1333 1336 1340 1663 1672 1683 1686 1690 1822 2022 2036 3183 
m66 14 714 
m3550 46 
m3597 36 40 41 1840 1841 2036 2040 2041 4336 
m120 22 23 30 36 40 46 49 1122 1123 1130 1136 1140 1146 1149 1172 1173 1522 1523 1530 1540 1546 1822 1823 1830 1840 1846 2022 2023 2030 2036 2040 2046 2322 2323 2330 2336 2340 2346 2349 2480 2486 2490 2496 3696 4823 
m439 11 45 595 
m798 22 40 44 46 1146 2044 2046 2246 2344 2346 4846 
m2347 45 
m2688 32 36 46 1632 1636 1646 1832 1836 1846 2332 2346 4332 4846 
m265 22 36 40 46 49 1822 1846 1849 2022 2036 2040 2046 2049 2322 2472 2496 
m2376 46 
m1831 17 46 2317 2346 4817 
m3499 30 32 36 40 46 1630 1640 1646 1830 1840 2030 2330 2332 2336 2340 2346 4136 
m1296 5 13 33 46 263 283 2305 2313 2333 4163 
m2975 40 46 2046 
m1464 36 46 2336 
m1312 36 40 1836 1840 2036 2040 
m2036 36 40 45 46 1845 2036 2040 2045 2046 2295 2296 2345 4346 
m485 37 46 2337 
m564 12 17 46 612 2312 2317 2346 3117 4812 
m1940 22 44 46 1144 1146 2222 2244 2246 2322 2344 2346 4846 
m3469 22 46 1122 1146 2322 2346 
m2153 12 23 30 36 41 46 49 630 1180 1812 1830 1846 2062 2073 2080 2086 2096 2323 2330 2462 2473 2480 2486 2491 2496 3123 4323 4812 
m3706 23 46 1173 1196 3696 
m1531 14 39 1964 
m32 
m157 5 13 14 33 263 283 705 713 733 4163 
m1970 22 44 46 1146 2322 2344 2346 4846 
m2805 46 2346 4846 
m1208 22 23 30 36 46 1172 1522 1523 1536 1822 2322 2330 2336 2346 3686 4823 4836 
m1135 22 37 45 49 1122 1137 1145 1149 1899 2287 2299 
m2047 44 46 49 2344 2349 2494 
m184 14 32 46 732 2314 2332 2346 4814 
m1624 38 46 1946 
m1219 22 41 46 1141 1146 2341 
m2820 22 32 46 1122 1132 1146 1622 1632 1646 2322 2332 2346 
m906 40 45 2045 
m2406 46 4846 
m2177 46 
m2906 21 23 46 1171 2321 2323 
m2309 14 40 46 49 2014 2040 2046 2314 2346 2464 2490 2496 4814 
m672 32 36 41 46 1641 1646 2332 2336 2341 2346 4136 4586 
m816 22 23 30 1122 1123 1130 1172 1173 1180 1522 1523 1530 3673 
m2339 13 22 36 38 40 1113 1122 1136 1138 1140 1813 1840 1913 1936 1940 2013 
m2727 22 23 30 1122 1123 1130 1172 1173 1180 1522 1523 1530 3673 
m2883 3 46 2303 2346 4803 4846 
m752 
m1932 22 23 30 41 46 1122 1141 1146 1191 1523 1530 1541 1546 2073 2080 2091 2096 2322 2323 2330 2341 2346 
m3134 16 38 46 838 2338 4816 
m1858 6 42 46 346 2146 2842 
m3366 27 36 48 49 1386 1398 1399 1827 1848 1849 2486 2498 2499 4336 
m370 45 
m1074 23 40 46 49 1196 2023 2040 2046 2473 2490 2496 
m714 30 44 45 1530 1544 1545 2230 2244 2245 2280 2294 2295 
m604 14 32 36 41 46 736 741 1614 1641 2314 2332 2336 2341 4136 4586 
m2581 22 23 36 40 46 1122 1123 1136 1140 1146 1172 1186 1190 1196 1822 1836 2022 2036 2040 2046 2322 3686 4346 
m3352 22 
m1677 37 46 1887 1896 2337 2346 
m1745 17 22 1117 
m2965 6 23 1156 1173 
m3023 45 46 2295 2296 2346 
m1043 13 25 38 46 1263 1296 1913 1925 1946 2313 
m864 22 23 36 38 40 1123 1136 1138 1140 1173 1922 1923 1936 1938 1940 2023 2036 2038 3686 
m613 37 1887 
m2314 23 30 45 1195 1523 1545 
m225 6 42 46 2306 2342 2842 
m2359 36 
m1308 14 40 46 2014 2040 2046 2314 2346 4814 
m28 26 46 1346 
m2363 5 36 46 49 286 296 299 1836 1849 2305 2336 2346 2349 4836 4846 
m702 36 46 2336 
m3167 22 37 40 46 1137 1146 2022 2037 2040 2046 2337 2346 4837 
m2385 22 36 41 49 1136 1141 1149 1841 1849 2072 2086 2091 2099 2486 2491 4336 
m1867 22 26 44 46 1122 1144 1146 1322 1326 1344 1346 2344 2346 4846 
m1398 23 30 46 49 1180 1199 1549 2323 2330 2346 2349 2473 2480 2496 
m974 14 46 746 
m2294 22 37 46 1122 1137 1146 2322 2337 2346 4837 
m421 33 45 1695 
m2281 38 45 46 49 1946 2299 2345 2346 2349 
m2752 32 40 1632 2032 
m39 12 23 36 41 46 636 1823 2062 2073 2096 2336 3123 4586 4812 4823 
m2690 32 1632 
m2220 
m3402 15 22 46 772 2322 4815 
m165 37 38 1888 1937 1938 
m3533 
m3053 13 23 36 1186 1813 3663 
m1204 5 37 46 1855 2305 2337 2346 4837 
m2991 22 23 30 36 41 1123 1130 1136 1523 1823 1830 2072 2073 2080 3673 4323 4586 
m1620 14 22 32 46 1114 1132 1146 1614 2314 2332 
m1422 22 23 30 36 40 46 48 1122 1123 1130 1136 1140 1146 1148 1172 1173 1522 1523 1530 1540 1546 1822 1823 1830 1840 1846 2022 2023 2030 2036 2040 2046 2322 2323 2330 2340 2346 2430 2436 2440 2446 3696 4823 
m2235 22 30 36 40 46 1122 1130 1136 1140 1146 1536 1540 1546 1836 1840 1846 2022 2030 2036 2040 2046 2322 2330 2336 2340 2346 4346 
m2016 30 37 46 1880 2330 4837 
m2534 13 37 4363 
m1562 13 33 36 40 46 690 1813 1833 1840 2033 2313 2333 3183 4836 
m2486 22 44 46 1144 1146 2222 2244 2246 2322 2344 2346 4846 
m3595 14 36 49 1814 2464 2486 4314 4336 
m2527 13 22 38 672 1113 1138 1913 1922 
m282 9 22 46 1109 1146 2309 2346 4846 
m1535 14 
m1281 13 33 663 683 1663 1683 3183 4163 
m1779 38 46 1946 
m3643 45 46 2296 2345 4846 
m879 26 33 46 49 1333 1346 1349 2349 2483 4833 
m2611 22 38 44 46 1146 1922 1944 1946 2344 2346 4846 
m3664 22 44 45 46 1146 2272 2294 2296 2344 2346 4846 
m3009 23 32 42 1182 1192 1642 
m1290 36 41 46 2341 4341 4836 
m1166 26 46 1346 2346 
m13 18 46 918 946 2318 2346 
m593 37 46 4396 
m2739 9 36 46 459 486 496 1809 2309 2336 2346 4836 
m1971 22 44 46 1146 2322 2344 2346 4846 
m1104 22 44 46 1144 1146 2246 2322 2344 2346 4846 
m2180 23 30 38 45 46 1180 1923 1930 1946 2273 2280 2288 2296 2330 2346 4823 
m698 22 23 36 40 46 49 1172 1822 1836 1849 2022 2023 2036 2040 2046 2049 2322 2323 2336 2349 2472 2473 2486 4323 4336 4836 
m2234 22 32 45 46 1146 2272 2282 2295 2296 2332 2346 
m3281 10 36 40 49 536 1810 1836 1849 2010 2036 2049 2460 2486 
m556 16 46 816 846 2346 3346 
m797 22 44 46 1146 2246 2344 2346 4846 
m2400 22 47 2372 2397 
m2002 22 46 1146 
m2710 22 30 36 40 41 46 1122 1130 1136 1140 1141 1146 1536 1540 1546 1846 2022 2030 2036 2040 2046 2072 2090 2340 4346 4846 
m2464 18 45 945 
m1844 23 32 45 46 1182 2273 2282 2296 2323 2332 2346 4823 
m2118 14 22 46 722 746 2322 2346 
m251 22 40 44 46 1140 1144 1146 2040 2046 2222 2240 2246 2322 2340 2344 2346 4846 
m2623 11 13 22 33 36 40 661 1111 1113 1122 1133 1136 1140 1661 1811 1813 1833 1840 2011 2013 2033 4163 
m1148 22 30 36 41 1122 1130 1136 1530 1536 1541 1830 2080 4586 
m1838 26 46 1326 1346 2326 2346 3826 
m419 13 22 36 40 672 686 690 1822 1840 2022 2036 2040 4336 
m3125 22 30 39 1130 1139 1980 
m3572 44 46 2246 2344 2346 
m2669 14 30 46 730 746 2330 
m2834 22 32 36 37 40 1622 1636 1637 1640 1822 1840 1872 1886 1890 2022 2036 2040 4336 
m3451 33 36 41 1686 2083 4586 
m3667 22 44 46 1146 2222 2244 2246 2344 2346 4846 
m346 13 22 33 36 40 45 672 686 690 695 1122 1136 1140 1672 1686 1690 1822 2022 2036 2272 2283 2286 2290 3183 
m720 22 41 1122 1141 
m2273 33 38 41 46 1691 1933 1941 1946 2341 4833 
m118 22 23 30 38 1122 1123 1130 1138 1172 1173 1188 1522 1523 1530 1538 1922 1923 3673 
m1103 22 44 46 1144 1146 2246 2344 2346 4846 
m3380 33 45 46 2283 2296 2333 2346 4833 4846 
m349 13 22 33 36 40 1113 1122 1133 1136 1140 1813 1833 1840 2013 2033 4163 
m907 22 33 46 1122 1133 1146 1696 2333 2346 4196 
m1456 26 46 1326 1346 2346 
m1519 23 45 46 1195 2323 2345 3673 
m848 26 32 36 38 46 1332 1336 1346 1832 1926 1932 1936 1946 2332 2336 2346 4836 
m1638 5 14 22 33 36 40 264 272 283 286 290 722 736 740 1122 1136 1140 1672 1686 1690 1822 2022 2036 3233 
m2557 14 26 33 726 1314 1326 1333 1664 1676 1683 3233 
m792 26 46 1326 1346 
m2303 
m1273 8 22 36 45 46 1108 1122 1136 1145 1146 2258 2286 2295 2296 2308 2336 2346 4308 4836 
m1668 36 45 46 49 1846 1849 2286 2296 2299 2349 
m2263 
m1983 22 1122 
m3051 40 44 46 2044 2046 2344 
m2761 5 14 40 45 46 705 745 2005 2014 2045 2046 2255 2305 2345 4814 
m2290 14 22 23 46 1114 1123 1146 1196 2314 3664 
m3396 14 36 40 45 736 740 745 1840 2036 2286 2290 4336 
m2202 22 23 30 38 1122 1123 1130 1138 1172 1173 1188 1522 1523 1530 1538 1922 1923 3673 
m406 11 13 22 38 563 572 588 688 1113 1138 
m1789 22 23 36 40 41 46 1123 1136 1140 1141 1146 1190 1822 1823 1836 1840 1841 2023 2036 2040 2041 2046 2072 2073 2086 2096 2322 2323 2336 2340 2341 2346 3673 3686 4323 4346 4823 
m645 41 
m1112 32 36 4332 
m3058 22 45 46 1122 1145 1146 2272 2295 2296 2345 
m3351 22 30 36 40 46 1122 1130 1136 1146 1522 1536 1822 2022 2030 2036 2322 2330 2336 2340 2346 4836 
m562 40 41 46 2046 2090 2096 2340 2341 2346 
m418 13 22 32 36 40 672 686 690 1613 1622 1636 1640 1822 1840 2022 2036 2040 4336 
m106 5 14 46 705 2305 2314 
m2631 14 21 46 721 746 1096 
m2764 13 38 688 1913 1938 
m1480 5 45 295 
m2481 40 45 46 2046 2290 2296 4846 
m1956 26 38 40 46 1338 1340 1346 1946 2340 
m2843 13 33 4163 
m3049 22 23 36 40 46 49 1123 1136 1140 1146 1149 1190 1822 1840 2023 2036 2040 2046 2049 2322 2336 2340 2346 2472 2473 2486 2496 3696 4323 4346 4823 
m3156 40 46 2040 2046 
m1769 5 36 45 46 286 295 1845 2255 2286 2295 2305 2336 2345 4336 
m27 26 45 46 2276 2296 2326 
m2472 41 46 2091 2096 2341 
m3523 23 36 41 49 1186 1199 1823 1836 1849 2073 2086 2099 2473 3673 4323 4586 
m3278 23 30 46 1180 2330 2346 4823 
m449 45 46 2345 
m2531 12 40 45 46 645 2012 2045 2046 2312 2340 2345 2346 4812 
m2043 22 37 40 46 1122 1137 1146 2022 2037 2046 2322 2337 2346 4837 
m1329 45 46 2345 
m3628 32 45 46 1632 1646 2282 2296 2332 
m544 17 36 46 49 1817 1846 1849 2349 2467 4817 
m998 22 30 38 45 46 1130 1145 1146 1922 1930 1945 1946 2280 2296 2330 
m1738 36 39 42 1986 2139 4636 
m880 46 2346 
m1205 5 36 41 46 1805 2055 2096 2305 2336 4586 
m2936 5 38 46 288 296 1946 
m3585 37 
m1564 22 23 1122 1123 1172 
m2324 22 33 38 46 1122 1133 1146 1672 1922 1933 1946 2322 4833 
m2985 
m2003 22 23 32 1122 1123 1132 1182 1622 1623 1632 
m2782 5 32 1605 
m2828 22 23 1122 1123 1172 1173 3673 
m3571 30 36 46 1830 2330 2336 2346 4336 
m2898 40 46 2046 2346 
m47 36 46 2336 2346 4836 
m1113 45 2295 
m536 32 36 41 46 1636 1641 1841 2332 2336 2341 4136 4336 4341 4836 4846 
m108 13 33 45 1695 2263 4163 
m2786 14 45 745 
m1934 22 23 30 1122 1123 1130 1172 1173 1180 1522 1523 1530 3673 
m2636 36 38 46 1936 1938 1946 2336 2346 
m376 5 45 295 
m1689 9 13 33 38 463 483 488 688 1688 4163 
m3103 30 44 45 1545 2230 2245 
m1975 32 37 46 1882 2332 2337 
m2562 45 46 2345 
m1041 5 22 37 45 1105 1122 1137 1145 1855 1895 2255 
m742 23 38 46 1188 1923 1938 1946 2338 2346 3696 4823 
m2414 23 36 40 45 46 49 1190 1195 1836 1840 1845 2036 2045 2323 2336 2340 2345 2473 2486 2495 2496 3686 4323 4336 4836 
m1221 26 32 33 37 1333 1626 1633 1637 1876 1883 
m1962 12 29 36 46 612 629 636 1812 1829 1836 2312 2329 2336 2346 3136 4336 4812 4836 
m51 22 36 41 1122 1136 1141 1822 2072 4586 
m1544 22 23 1123 1173 3673 
m3018 26 37 46 1876 2326 2337 
m2254 27 36 37 46 49 1387 1827 1837 2327 2477 2486 2487 2496 4336 4346 4837 
m180 13 22 45 695 1113 1145 2263 2272 2295 
m358 30 46 2330 
m2809 37 38 41 46 1937 1938 1941 1946 2087 2096 4837 
m1748 23 30 36 46 1173 1180 1186 1196 1523 1530 1536 1546 1823 1830 1836 1846 2323 2330 2336 2346 3696 4823 4836 
m3197 23 36 40 46 49 1836 1840 1846 1849 2023 2036 2046 2049 2323 2336 2473 2486 2490 2496 3686 4323 4336 4836 
m2748 6 14 23 32 36 706 723 732 736 1156 1182 1606 1636 1806 3686 
m1230 22 23 32 36 40 46 49 1122 1123 1132 1136 1146 1149 1172 1173 1182 1186 1190 1196 1199 1622 1623 1632 1636 1640 1646 1822 1823 1832 1836 1840 1846 1849 2022 2023 2032 2036 2046 2322 2323 2332 2336 2346 2349 2472 2473 2482 2486 2490 2496 3673 3686 3696 4323 4346 
m3554 37 41 46 2087 2096 4837 
m3558 9 17 40 46 49 859 896 2009 2017 2046 2049 2309 2346 2459 2467 2496 3396 
m1492 8 
m1330 22 23 36 41 1122 1123 1136 1141 2073 3686 4586 
m2928 22 23 36 40 41 1122 1123 1136 1140 1141 1186 1190 1836 1840 2036 2040 2072 2073 2086 2090 3686 
m578 22 30 36 40 1136 1140 1522 1536 1540 1822 1830 1836 1840 2022 2030 2036 2040 4336 
m1482 12 45 46 645 2345 4812 
m1462 37 39 40 46 1890 1987 1990 2037 2039 2046 2340 4396 4496 
m2945 14 22 40 46 722 746 2014 2022 2046 2322 
m799 13 32 38 46 682 1913 1932 1946 2313 2332 
m1739 10 30 36 46 1510 1536 1546 1810 1846 2310 2346 
m2042 40 46 2046 2340 2346 4846 
m2288 46 
m2812 5 36 44 46 49 286 296 299 1849 2205 2236 2246 2249 2346 2349 2455 2486 2494 2496 4836 
m2252 22 23 30 36 40 46 1122 1123 1130 1136 1140 1146 1172 1186 1190 1522 1523 1536 1540 1546 1822 2022 2036 2322 2336 2340 2346 4823 
m717 22 23 30 46 1122 1123 1130 1146 1180 1523 1530 1546 2330 2346 4823 
m3100 36 
m2870 22 45 46 1122 1145 1146 2345 
m786 37 41 46 2087 2096 4837 
m3192 22 36 40 46 1122 1136 1146 1822 2022 2036 2322 2336 2340 2346 4836 
m3431 15 45 795 
m1294 30 41 46 2080 2330 2341 2346 
m253 22 44 46 1144 1146 2222 2246 2322 2344 2346 4846 
m1227 14 22 36 40 722 736 740 1114 1122 1136 1140 1822 2022 2036 
m2607 22 26 44 46 1146 1346 2344 2346 4846 
m2979 40 45 46 2046 2290 2296 
m569 22 44 45 46 1144 1145 1146 2294 2296 2344 2346 
m281 36 38 41 46 1936 1946 2336 2341 2346 4341 4836 4846 
m1600 22 37 46 1137 1146 2337 2346 4837 
m2885 
m3455 13 23 49 673 1163 1173 1199 2463 2473 2499 3163 
m2319 5 37 46 1855 2305 2337 2346 
m1323 20 45 1045 
m3188 23 30 36 41 1523 1823 1830 2073 2080 3673 4323 4586 
m3081 48 2448 
m896 16 23 36 40 41 46 836 840 841 1186 1190 1191 1841 2023 2036 2040 2041 2046 2066 2073 2086 2090 2091 2096 2316 2336 2340 2341 3666 4823 
m800 12 22 36 40 41 45 46 49 636 640 641 645 649 1145 1822 1836 1840 1841 1845 2012 2022 2036 2040 2041 2045 2046 2049 2072 2095 2272 2295 2336 2340 2349 2486 2490 2491 2495 3136 4336 4812 
m2401 46 
m1174 23 30 46 1180 1523 1530 1546 2330 2346 4823 
m978 41 46 2341 
m1412 22 45 1122 1145 2272 2295 
m3251 45 46 2296 
m2550 22 23 36 40 46 49 1172 1822 1823 1836 1840 1849 2022 2023 2036 2040 2046 2049 2322 2323 2336 2349 2473 2486 3686 4336 4346 4836 
m2746 22 45 1145 
m2555 22 23 30 38 41 1122 1123 1130 1138 1172 1173 1188 1522 1523 1530 1538 2072 2073 2080 3673 
m1777 22 26 44 46 1146 1322 1326 1344 1346 2344 2346 4846 
m2874 22 40 46 1122 1140 1146 2340 
m204 22 36 46 49 1136 1146 1149 1822 1846 2322 2336 2346 2472 2486 2496 
m1973 22 23 30 1122 1123 1130 1172 1173 1180 1522 1523 1530 3673 
m484 13 33 45 2263 2283 3183 
m2392 30 45 46 2280 2296 2330 2346 
m1866 13 38 46 688 1913 1946 2338 4813 
m292 26 32 46 1626 1646 2326 
m3551 12 36 46 49 649 1812 1849 2336 2349 4812 
m2563 13 22 36 40 41 1113 1136 1140 1813 1840 2013 2063 2072 2086 2090 
m2755 13 36 40 46 696 1813 2013 2036 2040 2046 4346 
m2795 37 40 46 2037 2046 2337 4837 4846 
m3363 5 13 30 33 46 655 680 1505 1655 1680 2305 2313 2330 2333 4163 
m211 3 38 45 195 1903 1938 1945 
m3579 31 36 1581 1586 1836 4086 
m20 23 30 36 40 1173 1180 1190 1523 1530 1536 1540 1823 1830 1836 1840 2023 2030 2036 2040 3686 4323 4336 
m347 37 
m3429 5 33 45 46 1655 1695 2255 2305 2345 4833 
m2285 30 36 41 46 49 1536 1541 1841 2080 2086 2091 2096 2099 2330 2336 2341 2346 2349 2480 2486 2491 
m1707 36 38 46 1936 1946 2336 2338 2346 4836 
m923 32 1632 
m3398 21 36 46 49 1086 1099 1849 2321 2336 2346 2349 
m3283 10 21 36 46 521 536 546 1821 2321 2346 4836 
m2944 14 22 1114 
m2987 14 36 49 749 1814 1849 
m250 45 
m3131 22 44 46 1146 2322 2344 2346 4846 
m3041 23 32 39 49 1173 1639 1973 2482 2489 3673 
m1675 13 33 36 40 47 686 690 697 1686 1690 1697 1840 1847 2036 2040 2047 3183 4336 
m3611 14 36 46 49 714 736 746 749 1814 1836 1846 1849 2314 2336 2346 2349 2464 2486 2496 3246 4814 
m1783 22 37 40 46 1137 1140 1146 1890 2022 2037 2040 2046 2337 2340 2346 4837 
m2149 22 23 30 36 40 46 1122 1123 1130 1136 1140 1146 1172 1173 1522 1523 1530 1540 1546 1822 1823 1830 1840 1846 2022 2023 2030 2036 2040 2046 2322 2323 2330 2340 2346 3696 4823 
m773 22 44 46 1144 1146 2246 2322 2344 2346 4846 
m3312 26 40 46 1346 2026 2046 2346 
m398 14 46 746 2346 
m430 10 22 44 46 546 1110 1144 1146 2210 2246 2310 2344 2346 4846 
m1214 30 36 40 46 49 1549 1830 1836 1846 1849 2030 2036 2040 2046 2049 2330 2349 2480 2499 
m3268 23 30 46 1180 2323 2330 2346 
m1998 5 32 45 1605 1645 2255 
m147 22 32 46 1122 1132 1146 2332 2346 4846 
m2595 14 22 46 722 746 2322 2346 
m1468 22 36 41 49 1136 1149 1841 1849 2072 2086 2091 2099 2486 2491 4336 
m2784 14 22 36 40 722 736 740 1114 1122 1136 1140 1822 2022 2036 
m691 33 37 46 1883 1896 4833 
m334 11 45 595 
m839 11 13 33 39 563 583 589 689 1983 3183 
m2404 42 45 2145 
m2102 22 35 46 1135 1146 2322 2335 2346 
m1574 22 23 36 40 41 46 1122 1123 1136 1140 1186 1190 1836 1840 2036 2040 2072 2073 2086 2090 2322 2323 2336 2340 2341 3686 
m2494 45 
m1569 5 31 36 255 281 286 1555 1581 1586 1805 1831 1836 
m2331 5 13 22 26 33 46 263 283 672 1305 1313 1333 1346 1672 2305 2313 2322 2333 4163 
m3082 22 23 30 36 40 41 1122 1123 1130 1136 1140 1172 1180 1186 1522 1523 1536 1822 2023 2030 2036 2072 2073 2080 2086 2090 3673 4323 
m2233 23 36 40 1190 1840 3686 4336 
m1051 37 41 46 2087 2096 4837 
m3020 26 36 46 1826 2326 2336 2346 4346 
m3036 14 49 2464 
m1592 26 46 1346 2346 
m2170 22 23 30 36 40 41 1123 1130 1136 1140 1172 1173 1180 1186 1190 1523 1822 1823 1830 1836 1840 1841 2022 2023 2030 2036 2041 2072 2073 2086 2090 3673 4323 4336 4586 
m594 5 14 26 45 705 745 1305 1314 1345 2255 
m1291 30 36 40 46 48 1830 1848 2030 2036 2046 2330 2336 2346 2348 2430 
m2488 23 45 46 1195 2323 2345 
m245 22 38 40 1140 1922 1938 1940 
m3715 23 30 1523 
m2 10 30 46 530 2310 2330 
m1753 36 
m2638 22 44 46 1144 1146 2344 2346 
m2451 28 36 1828 1836 
m1408 
m3173 28 36 38 46 1928 1936 1946 2328 2336 2346 4328 4836 
m2868 37 39 40 46 1890 1987 1990 2340 4396 4496 
m1972 3 13 22 23 172 672 1163 1172 2663 3653 
m1911 13 14 33 38 40 46 49 664 690 696 699 749 1664 1690 1696 1913 1933 2014 2046 2049 2314 2349 2464 2496 4163 
