m2660 15 46 2315 
m3112 40 46 49 2340 2346 2490 2496 
m2737 22 40 46 1122 1140 1146 2340 
m1061 44 46 2246 2344 2346 4846 
m1728 17 46 2317 2346 4817 
m541 46 
m666 22 23 36 40 46 49 1172 1822 1836 1849 2022 2023 2036 2040 2046 2049 2322 2323 2336 2349 2472 2473 2486 4323 4336 4836 
m1184 3 30 45 46 180 195 2280 2296 2330 2345 2346 2696 4803 
m2120 
m3411 45 46 2295 2296 2345 4846 
m1474 23 36 40 46 49 1186 1196 1836 1846 2023 2036 2046 2323 2473 2486 2490 2496 3673 4323 4836 
m1023 23 36 40 1823 1836 1840 2023 2036 2040 3686 
m77 22 23 30 38 1122 1123 1130 1138 1172 1173 1188 1522 1523 1530 1538 3673 
m2909 22 36 40 46 1136 1146 1836 1840 1846 2036 2046 2336 2340 2346 4836 
m1241 8 22 23 30 46 408 422 423 430 446 1122 1123 1130 1146 1180 1523 1530 1546 2330 4823 
m1058 5 23 45 46 1155 2255 2273 2305 2345 2346 4823 
m714 32 46 2332 2346 
m2661 5 22 1105 1122 
m3052 45 46 49 2295 2299 2345 2349 
m2290 11 13 33 563 583 3183 
m2121 46 2346 
m1953 22 44 45 46 1146 2272 2296 2344 2346 4846 
m746 22 44 46 1146 2344 2346 4846 
m1780 6 42 46 346 2146 2842 
m1909 13 22 46 1113 2313 2322 
m3366 
m1695 5 36 45 46 286 295 1845 2255 2286 2295 2305 2336 2345 4336 
m3488 22 45 46 1145 2322 2345 
m897 23 32 36 40 46 48 1182 1186 1190 1196 1198 1632 1636 1646 1648 1846 1848 2032 2036 2046 2048 2446 
m2719 46 
m1327 13 33 3183 
m1295 36 
m2505 30 36 40 46 49 1549 1830 1836 1846 1849 2036 2040 2046 2049 2330 2349 2480 2499 
m3393 44 46 2246 2344 2346 
m1098 22 44 46 1146 2246 2344 2346 4846 
m2992 10 45 46 2295 2296 2310 2346 
m3000 22 36 41 46 1822 2072 2096 2322 4586 4836 
m3149 5 22 36 38 46 49 272 286 296 299 1149 1822 1849 1905 1936 1946 2322 2346 2349 4836 
m998 5 22 37 45 1105 1122 1137 1145 1855 1895 2255 
m3049 5 36 45 46 286 295 1845 2305 2336 2345 4336 
m3303 14 21 45 46 721 745 2271 2321 2345 4814 
m2961 14 40 46 2014 2040 2046 2314 2346 4814 
m1636 22 26 41 46 1141 1146 1322 1341 1346 2341 
m2650 22 38 44 46 1146 1946 2344 2346 4846 
m3324 13 33 46 696 2333 3183 
m2776 22 46 1146 
m3072 36 39 40 1836 1839 1840 1986 1990 2036 2039 2040 
m3389 22 32 36 40 46 49 1622 1646 1822 1832 1836 1840 1846 1849 2032 2036 2046 2322 2482 2486 2490 2496 4332 
m557 36 41 1841 2086 
m3056 27 36 40 46 1827 1840 2027 2036 2040 2327 2340 4836 
m593 36 46 1836 1846 4836 
m389 14 46 2346 4814 
m503 14 20 22 720 1114 1120 
m2458 22 36 40 41 1136 1141 2036 2086 2090 
m3091 26 36 41 46 1826 2076 2096 2326 4346 4586 
m2244 13 37 46 1896 2313 4363 
m2284 30 45 46 2280 2296 2330 2346 
m789 12 41 45 46 2062 2096 2262 2291 2296 4812 
m2558 32 36 46 1632 1636 1646 1832 1836 1846 2332 2346 4332 4846 
m2466 22 26 44 46 1146 1322 1346 2344 2346 4846 
m1593 36 45 46 49 1846 1849 2286 2296 2299 2349 
m2159 40 44 46 49 2044 2046 2049 2344 2349 2494 
m3206 22 23 45 1122 1123 1145 1173 2272 2273 2295 3673 
m1012 13 20 22 33 36 40 45 672 686 690 1013 1022 1036 1040 1045 1113 1122 1133 1136 1140 1145 1672 1686 1690 1813 1822 1833 1836 1840 2013 2022 2033 2036 2040 2263 2272 2286 2290 2295 3183 
m3243 20 23 1020 1023 1170 
m2784 5 7 36 46 49 286 296 299 355 386 396 1836 1849 2336 2346 2349 2486 2499 4836 
m224 22 27 40 46 1127 1140 1146 2027 2046 2327 
m1132 37 45 1895 
m45 36 46 2336 2346 4836 
m2717 13 22 46 672 2322 4813 
m2949 36 
m3031 22 36 41 46 49 1136 1141 1849 2086 2099 2322 2336 2341 2349 4336 
m2185 46 
m782 22 23 30 1122 1123 1130 1172 1173 1180 1522 1523 1530 3673 
m2267 5 46 2305 
m2375 14 32 46 1614 2314 2332 
m395 30 38 46 1930 1946 2330 
m1877 26 38 40 46 1338 1340 1346 1946 2340 
m2575 36 38 41 1838 2088 4341 
m2385 
m1644 33 45 48 1695 1698 2298 
m2906 16 23 36 46 1186 1816 2316 2323 2336 3666 
m2126 14 22 36 46 49 722 736 749 1814 1822 1849 2322 2336 2349 2472 4336 4814 
m679 22 41 1122 1141 2072 
m3498 22 45 1122 1145 2272 2295 
m2309 45 2295 
m3326 30 32 36 40 46 1630 1640 1646 1830 1840 2030 2330 2332 2336 2340 2346 4136 
m1995 22 26 38 46 1122 1146 1322 1338 1346 1922 1938 1946 2322 
m3472 32 1632 
m3446 13 22 32 36 40 672 686 1113 1122 1136 1140 1613 1622 1822 1836 1840 2022 2036 2040 
m3203 13 22 33 36 40 672 686 690 1113 1133 1136 1140 1672 1686 1690 1822 2022 2036 3183 
m56 37 46 1896 2337 2346 4837 
m2526 22 26 33 36 49 1126 1133 1676 1822 1826 1833 1849 2472 2476 2483 
m237 6 42 4606 
m1421 14 36 49 736 749 1849 
m3267 22 23 36 40 46 49 1172 1186 1190 1822 1823 1836 1840 1849 2022 2023 2036 2040 2046 2049 2322 2323 2336 2340 2349 2473 2486 2490 3686 4336 4346 4836 
m3346 23 36 41 49 1186 1199 1823 1836 1849 2073 2086 2099 2473 3673 4323 4586 
m2972 38 45 46 1945 2288 2295 2296 2338 2345 
m2802 14 22 1114 
m2747 22 40 46 1140 1146 2340 
m2999 46 
m2274 46 
m2334 37 46 2346 4396 4837 
m3248 23 30 38 46 1173 1180 1188 1523 1530 1538 1923 1930 1938 2323 2330 2338 2346 3673 4823 
m787 18 46 2318 
m3123 40 45 46 2046 2290 2296 2340 2346 
m1182 37 
m2639 22 45 46 1145 1146 2345 4846 
m2441 45 46 2345 
m1719 34 46 2334 
m1999 22 38 44 45 46 1146 1922 1944 1946 2272 2288 2294 2296 2344 2346 4846 
m1804 13 22 33 36 40 686 690 1113 1133 1136 1140 1686 1690 1840 3183 
m2693 23 30 45 1180 1195 1523 1530 1545 2273 2280 2295 3673 
m901 17 23 46 2317 2323 2346 3667 4817 4823 4846 
m3340 22 37 40 46 1137 1146 2022 2037 2046 4837 
m1948 36 41 44 1841 2086 2091 2094 2236 2241 2244 
m2272 36 37 38 40 46 1836 1837 1840 1846 1886 1890 1936 1937 1940 1946 2036 2037 2038 2040 2046 2336 2340 4336 4837 
m1083 22 23 30 1122 1123 1130 1173 1180 1522 1523 1530 
m1990 5 45 46 2255 2305 2345 
m3478 46 
m672 8 37 408 437 
m481 8 45 46 2258 2296 2308 
m344 30 46 2330 
m2235 22 36 46 49 1822 2322 2336 2346 2349 2486 2496 
m2546 22 44 46 1146 2344 2346 4846 
m307 22 37 38 45 46 1872 1922 1937 1945 1946 2272 2287 2296 2322 4837 
m3316 23 45 46 1195 2323 2345 2346 
m2732 37 39 40 46 1890 1987 1990 2340 4396 4496 
m501 39 
m1833 13 46 2313 
m2234 12 45 645 2295 
m375 13 36 40 49 2013 2036 2463 2486 2490 4313 
m827 12 14 22 46 622 722 1112 1114 1122 1146 2314 2322 3114 4812 
m2371 22 44 46 1144 1146 2222 2244 2246 2322 2344 2346 4846 
m848 22 23 36 41 46 49 1123 1136 1146 1149 1191 1836 1841 2323 2336 2341 2473 2486 2491 2496 4323 4336 4836 
m274 14 26 32 726 1614 1626 
m424 37 45 46 1895 2345 4837 
m2149 12 22 23 36 41 46 49 622 623 636 641 649 1123 1136 1141 1191 1822 1823 1841 2322 2323 2336 2341 2349 2472 2473 2486 2491 3136 4323 4336 4812 
m1351 
m1889 22 44 46 1146 2322 2344 2346 4846 
m47 10 30 36 37 46 1510 1536 1546 1810 1860 1880 1886 1896 2310 2346 4836 
m2814 38 46 1946 
m2014 21 23 45 1171 2271 2273 
m2348 26 46 1346 2346 
m76 13 22 44 46 694 1113 1122 1144 1146 2313 2344 
m2875 26 36 46 1826 2326 2336 2346 4346 
m390 11 13 22 38 563 572 588 688 1113 1138 
m1053 45 49 2295 2299 
m29 38 46 1938 1946 2346 
m365 26 37 38 46 1876 1926 1937 1946 2326 4396 
m1140 45 2295 
m3210 36 37 40 46 1836 1837 1840 1846 2036 2037 2040 2046 2337 2346 4346 4837 
m1142 22 23 30 36 40 46 49 1122 1123 1130 1136 1140 1146 1172 1173 1180 1186 1190 1522 1523 1530 1536 1540 1546 1822 1823 1830 1840 1846 1849 2022 2023 2030 2036 2040 2046 2049 2322 2330 2336 2340 2346 2349 2472 2473 2480 2496 3696 4823 
m926 45 46 2295 2296 
m3217 6 14 32 314 332 732 
m84 15 22 46 772 2315 2322 
m2574 30 39 1980 
m487 22 46 49 2322 2346 2472 2496 
m485 37 46 2337 
m2581 22 30 36 40 41 46 1122 1130 1136 1140 1141 1146 1536 1540 1546 1846 2022 2030 2036 2040 2046 2072 2090 2340 4346 4846 
m2076 22 23 30 36 40 41 1123 1130 1136 1140 1172 1173 1180 1186 1190 1523 1822 1823 1830 1836 1840 1841 2022 2023 2030 2036 2041 2072 2073 2086 2090 3673 4323 4336 4586 
m1317 4 42 45 2254 2292 2742 
m3440 46 4846 
m1882 13 22 36 40 672 686 690 1113 1122 1136 1140 1822 2022 2036 
m2269 12 38 45 46 645 1912 1946 2345 4812 
m2019 13 22 1113 1122 
m1545 14 22 32 46 1114 1132 1146 1614 2314 2332 
m1027 23 41 46 1173 2073 2323 2341 3673 
m2208 23 32 38 46 1182 1188 1196 1923 1938 1946 2332 2338 2346 3696 4823 
m1960 22 37 40 46 1122 1137 1146 2022 2037 2046 2322 2337 2346 4837 
m2442 13 22 36 40 41 1113 1136 1140 1813 1840 2013 2063 2072 2086 2090 
m633 14 
m1713 22 23 36 40 41 46 1123 1136 1140 1141 1146 1190 1822 1823 1836 1840 1841 2023 2036 2040 2041 2046 2072 2073 2086 2096 2322 2323 2336 2340 2341 2346 3673 3686 4323 4346 4823 
m935 22 23 36 40 46 1122 1123 1136 1140 1146 1172 1822 2022 2023 2036 2040 2046 2322 2323 2336 2340 2346 4323 4823 
m1731 26 46 1346 
m871 22 33 46 1122 1133 1146 1696 2333 2346 4196 
m2124 
m1531 
m1740 36 45 46 1845 2345 4836 
m3444 22 26 33 40 1126 1133 1676 2022 2026 2033 
m2233 23 30 38 46 1188 1523 1530 1538 1923 1930 1946 2323 2330 2338 2346 
m1155 5 36 41 46 1805 2055 2096 2305 2336 4586 
m313 36 38 46 49 1849 1936 1946 2336 2346 2349 4836 
m1951 10 32 46 1610 1632 1646 2310 2346 
m1549 38 46 1946 
m2143 36 49 1849 
m2599 22 23 30 1122 1123 1130 1172 1173 1180 1522 1523 1530 3673 
m1741 17 38 46 896 1917 1938 1946 2317 2338 2346 3396 4817 4846 
m507 27 36 46 48 1827 2327 2336 2436 2446 
m242 36 38 46 1936 1946 4836 
m135 46 
m25 26 45 46 2276 2296 2326 
m2464 22 44 46 1146 2344 2346 4846 
m1930 28 36 1828 1836 
m3237 8 36 40 46 1808 1836 1840 1846 2008 2036 2040 2046 2308 2336 4336 
m2570 23 36 40 41 44 1186 1190 1191 1194 1840 1841 2041 2240 2241 4736 
m2485 22 26 44 46 1146 1346 2344 2346 4846 
m1623 22 36 41 46 48 1136 1141 1848 2086 2098 2322 2336 2341 2348 4336 
m147 22 36 40 41 49 1136 1140 1141 1822 1836 1840 1841 2036 2072 2086 2090 2091 2472 2486 2491 4336 
m1832 13 14 33 38 40 46 49 664 690 696 699 749 1664 1690 1696 1913 1933 2014 2046 2049 2314 2349 2464 2496 4163 
m1619 22 36 40 41 46 49 1136 1140 1141 1836 1849 2036 2049 2086 2090 2099 2322 2336 2340 2341 2349 4336 
m26 26 46 1346 
m2568 22 45 46 1145 1146 2296 
m1754 17 46 2317 2346 4817 
m2985 22 44 46 1146 2344 2346 4846 
m2004 22 44 46 1144 1146 2246 2344 2346 4846 
m1340 30 37 40 46 1537 1540 1546 1890 2340 4396 
m2116 22 23 31 46 49 1123 1146 1196 1572 1573 1596 2323 2346 2473 2481 2496 4846 
m2743 22 23 36 40 41 1123 1136 1140 1173 1186 1190 1191 1823 1836 1840 1841 2023 2036 2040 2041 2073 2086 3673 3686 4323 4586 
m1660 13 22 33 1113 1672 4163 
m2886 20 1020 
m748 32 36 45 46 1832 2282 2286 2296 2332 2336 2346 4836 
m1680 13 22 36 45 46 672 1822 2263 2272 2286 2296 2313 2322 2336 4313 
m3355 
m3373 12 36 46 49 649 1812 1849 2336 2349 4812 
m231 45 46 2345 
m680 23 36 1173 1186 1823 1836 3673 3686 4323 
m941 41 46 2341 
m2996 23 36 40 46 49 1836 1840 1846 1849 2023 2036 2040 2046 2049 2323 2336 2473 2486 2490 2496 3686 4323 4336 4836 
m66 23 26 32 46 1182 1323 1332 1346 2323 2332 
m3028 22 23 30 44 46 1130 1144 1146 1180 1523 1530 1546 2223 2230 2246 2323 2330 2344 2346 4823 4846 
m262 32 46 1632 1646 2332 2346 
m726 22 36 37 40 46 1122 1136 1137 1140 1146 1886 1890 2036 2037 2040 2046 2322 2336 2337 2340 2346 4396 
m2998 40 46 49 2040 2046 2340 2490 2496 
m1314 41 2091 
m2270 13 22 32 45 682 1113 1132 1145 2263 2282 
m151 7 26 46 1307 1346 2307 2346 
m2768 22 46 49 1149 2322 2346 2349 
m130 36 40 46 49 1846 1849 2036 2046 2349 
m2230 45 46 2296 
m1240 5 13 33 46 263 283 2305 2313 2333 4163 
m2177 45 46 2345 2346 
m1627 5 32 36 45 46 49 282 286 295 299 1636 1645 1649 1845 1849 2255 2282 2286 2295 2305 2332 2336 2345 2349 2495 4136 4336 
m2705 26 40 46 49 1340 1346 1349 2046 2490 2496 
m1573 5 45 295 2255 2295 
m495 46 2346 4846 
m2533 18 45 2268 
m1468 14 39 1964 
m640 32 36 41 46 1641 1646 2332 2336 2341 2346 4136 4586 
m2335 38 46 1946 2346 
m584 37 1887 
m2690 22 40 44 46 1146 2022 2044 2046 2344 2346 4846 
m3010 22 44 46 1144 1146 2222 2246 2322 2344 2346 4846 
m1891 3 13 22 23 172 672 1163 1172 2663 3653 
m583 12 22 23 36 40 41 46 49 640 1123 1136 1141 1149 1162 1186 1190 1196 1199 1812 1840 1846 1849 2062 2073 2086 2090 2096 2099 2340 2462 2486 2496 3146 3686 4312 4336 
m2053 45 46 2296 2345 4846 
m691 5 32 36 255 282 286 1805 1832 
m993 45 46 2296 2346 
m1620 22 36 40 41 46 48 1136 1140 1141 1148 1836 1848 2036 2048 2086 2090 2098 2322 2336 2340 2341 2348 4336 
m2411 22 23 30 36 40 46 49 1122 1123 1130 1136 1140 1146 1172 1173 1180 1186 1190 1196 1523 1530 1536 1540 1546 1822 1823 1830 1840 1846 2022 2023 2030 2036 2040 2046 2330 2346 2472 2473 2486 2490 3696 4336 4346 4823 
m240 45 
m641 14 45 745 2264 2295 
m2457 12 45 46 645 2345 4812 
m3296 22 23 30 36 40 41 46 1122 1123 1130 1136 1140 1141 1146 1180 1522 1523 1536 1540 1546 1822 1823 1830 1836 1840 1841 1846 2022 2023 2030 2036 2040 2041 2046 2072 2086 2090 2322 2323 2330 2340 4823 4846 
m1676 5 13 33 45 655 1655 1695 2255 2263 4163 
m960 22 30 38 45 46 1130 1145 1146 1922 1930 1945 1946 2280 2296 2330 
m537 22 44 45 46 1144 1145 1146 2294 2296 2344 2346 
m296 44 46 2244 2246 2344 2346 
m796 22 33 46 1133 1146 2333 
m18 22 41 44 46 49 1146 1149 2072 2094 2096 2099 2344 2349 2494 
m49 22 36 41 1122 1136 1141 1822 2072 4586 
m1670 17 22 1117 
m1859 44 46 49 2344 2349 2494 
m1679 22 28 38 46 1138 1146 1928 1938 2328 2338 
m2973 36 38 40 41 1838 1841 1941 2036 2038 2041 
m150 5 13 14 33 263 283 705 713 733 4163 
m2925 46 4846 
m2966 13 23 36 46 49 1813 1823 1846 1849 2313 2346 2463 2473 2496 3663 4813 4823 
m2342 22 23 37 46 1123 1137 1146 2323 2337 3687 4837 4846 
m3495 13 22 45 695 1113 1145 
m207 3 45 153 2253 
m2742 30 36 40 46 1536 1540 1546 2036 2340 4836 
m243 22 44 46 1144 1146 2222 2246 2322 2344 2346 4846 
m272 9 22 46 1109 1146 2309 2346 4846 
m2871 13 33 1663 1683 4163 
m2009 13 16 49 699 849 3166 
m3230 5 45 46 2255 2296 2305 2345 4846 
m3514 13 33 4163 
m1966 13 22 1113 1122 
m1638 40 46 2340 
m289 40 45 46 49 2045 2046 2299 2345 2349 
m2476 45 
m42 9 36 45 46 486 495 496 1845 2309 2336 2345 2346 
m3429 37 40 45 46 1890 2287 2290 2296 2340 4396 
m770 22 44 46 1146 2222 2244 2246 2344 2346 4846 
m759 26 46 1326 1346 
m2792 22 36 37 40 46 1122 1136 1137 1140 1146 1822 1837 1840 1846 1872 2022 2037 2046 2322 2336 2340 2346 4396 4837 
m468 22 23 30 38 1122 1123 1130 1138 1172 1173 1188 1522 1523 1530 1538 3673 
m1296 32 36 41 46 1641 2332 2336 2341 2346 4136 4341 
m1614 9 13 33 38 463 483 488 688 1688 4163 
m963 22 44 46 1146 2344 2346 4846 
m248 32 46 1646 2332 2346 
m2412 22 44 46 1146 2322 2344 2346 4846 
m777 14 23 30 46 730 1180 2314 2323 2330 2346 3223 4814 4823 
m899 5 14 30 46 705 730 1505 2305 2314 2330 2346 4814 
m283 14 34 46 734 746 2334 
m2101 36 
m2291 22 36 41 49 1136 1141 1822 1841 1849 2072 2086 2091 2099 2472 2486 2491 4336 
m617 8 408 
m412 10 22 44 46 546 1110 1144 1146 2210 2246 2310 2344 2346 4846 
m1967 14 46 49 2314 2346 2464 2496 4814 4846 
m2817 12 14 23 30 41 46 641 723 730 741 1191 1512 1514 1523 1530 1541 2312 2314 2330 2341 3212 3662 4823 
m889 32 1632 
m1106 14 714 
m855 26 46 1346 
m2320 16 44 49 844 849 2494 
m1600 8 408 
m260 22 30 46 1130 1146 2330 
m742 5 32 46 255 282 2305 2332 
m2672 16 45 46 845 2345 4816 
m451 22 23 30 1123 1130 1180 1530 
m1799 3 22 30 38 172 180 188 1522 1922 1930 1938 
m1435 39 45 1995 2289 2295 
m318 22 37 46 1122 1137 1146 1872 2322 4837 
m2813 36 40 46 1836 2036 2046 2336 
m602 36 
m546 22 30 36 40 1136 1140 1522 1536 1540 1822 1830 1836 1840 2022 2030 2036 2040 4336 
m250 23 45 46 1195 1196 2296 3673 
m112 22 23 30 36 40 1122 1123 1136 1140 1522 1523 1536 1540 1822 1823 1840 2022 2023 2030 2036 2040 4323 4336 
m619 26 32 36 40 46 49 1336 1340 1346 1349 1632 1636 1649 1849 2032 2036 2040 2046 2332 2336 2340 2346 2349 
m2829 27 36 46 48 1827 2327 2336 2436 2446 
m1242 45 46 2295 2345 
m3375 37 41 46 2087 2096 4837 
m512 46 
m3412 26 36 46 49 1326 1336 1346 1349 1826 1846 1849 2326 2476 2496 
m506 32 36 41 46 1636 1641 1841 2332 2336 2341 4136 4336 4341 4836 4846 
m2125 12 23 30 36 41 612 630 636 641 1191 1523 1541 1812 1823 1830 1836 1841 2062 2086 3123 
m2781 14 45 2264 3214 
m2773 14 22 36 49 749 1114 1136 1149 1814 1849 
m3408 12 26 45 46 645 1312 1345 1346 2345 4812 
m2553 22 23 30 1122 1123 1130 1172 1173 1180 1522 1523 1530 3673 
m3490 46 
m1849 22 23 36 40 41 46 49 1123 1136 1141 1191 1836 1841 2022 2023 2036 2041 2322 2323 2336 2340 2341 2349 2472 2473 2486 2490 2491 2499 4323 4336 4836 
m1915 22 23 30 41 1122 1123 1130 1172 1173 1180 1191 1522 1523 1541 2072 2073 2080 3673 
m3213 13 37 4363 
m1748 22 36 40 46 1122 1136 1140 1146 1840 2036 2040 2336 2340 
m2803 14 22 40 46 722 746 2014 2022 2046 2322 
m2700 14 22 23 36 723 1114 1123 1136 1186 3236 
m2469 13 22 36 40 1113 1122 1136 1140 1813 1840 2013 
m851 15 16 37 46 1865 2315 2316 2337 2346 3315 4366 
m401 13 22 32 36 40 672 686 690 1613 1636 1640 1822 1840 2022 2036 2040 4336 
m913 11 
m1607 5 13 33 46 655 1655 2305 2313 2333 4163 
m1138 36 
m1069 14 26 726 
m2697 22 23 1122 1123 1172 1173 3673 
m2261 36 37 38 46 1837 1838 1888 1938 2338 4346 4837 
m2140 22 36 37 40 46 1122 1136 1137 1140 1146 1822 1836 1837 1840 1846 1890 2022 2036 2037 2040 2046 2322 2336 2337 2340 2346 4837 
m1135 37 45 46 1895 2345 4837 
m1505 7 22 46 1107 1122 1146 2307 2346 
m155 37 46 4396 
m1661 46 48 2348 
m3447 32 45 46 1632 1646 2282 2296 2332 
m208 22 36 40 41 45 1122 1136 1140 1836 1840 2036 2040 2072 2086 2272 2291 
m382 22 37 40 46 1137 1140 1146 1890 2022 2037 2046 2322 2337 2340 2346 4396 
m1065 22 38 46 1138 1146 1946 
m1362 30 46 2330 
m3501 22 33 46 1122 1133 1146 1672 1683 1696 2322 2333 2346 4833 
m2496 37 38 46 1888 2338 2346 4396 4837 
m3017 13 22 33 36 40 46 672 686 690 1113 1122 1133 1136 1140 1672 1686 1690 1822 2022 2036 2313 2322 2333 2336 2340 3183 
m1969 13 36 46 49 699 1849 2313 2349 4313 4836 
m413 36 42 4636 
m19 23 30 36 40 1173 1180 1190 1523 1530 1536 1540 1823 1830 1836 1840 2023 2030 2036 2040 3686 4323 4336 
m3092 45 46 2296 
m1299 32 37 1632 1637 1882 
m1998 33 36 45 46 1686 1695 1845 2333 2345 4836 
m140 22 44 46 1146 2246 2344 2346 4846 
m153 22 36 49 1149 1822 1836 1849 2472 2486 2499 
m2772 3 30 153 180 1503 1530 
m1589 22 23 30 1122 1123 1130 1172 1173 1180 1522 1523 1530 3673 
m2836 14 22 27 40 727 1114 1127 2014 2022 2027 
m1413 23 45 1195 2273 2295 
m682 30 44 45 1530 1544 1545 2230 2244 2245 2280 2294 2295 
m1985 22 36 46 49 1136 1146 1846 1849 2349 
m1108 
m2324 36 40 46 49 1849 2036 2040 2046 2049 2336 2346 2349 4336 4836 
m1734 22 46 1146 
m1011 38 40 45 46 1938 1945 1946 2290 2340 2345 
m90 12 45 46 645 2312 2345 
m3107 26 46 50 1326 1346 1350 2350 
m684 23 30 45 46 1195 1523 1545 1546 2323 2330 2345 2346 3696 4823 4846 
m3509 36 45 46 1845 2336 2345 2346 4836 
m93 22 46 1146 2322 2346 
m1272 45 46 2345 
m1388 26 32 36 46 1326 1332 1336 1346 1832 2332 2336 2346 4836 
m2144 14 36 40 46 740 746 1840 2014 2036 2040 2046 2336 2340 2346 3236 4346 4814 
m1282 22 45 1122 1145 2272 
m863 37 38 46 49 1887 1888 1899 1937 1946 2337 2338 2346 2349 4396 4837 
m629 13 22 38 1113 1122 1138 1913 
m1389 32 36 38 41 46 1641 1646 1932 1936 1941 1946 2332 2336 2341 2346 4136 4586 
m3250 36 37 40 46 1840 1886 1890 1896 2036 2037 2040 2046 2336 2340 2346 4346 4837 
m802 22 32 46 1132 1146 2332 
m2409 13 22 38 672 1113 1138 1913 1922 
m2380 36 37 46 1837 2336 2337 4336 4337 
m3165 23 30 40 1173 1190 1523 1530 1540 2023 2030 2040 3673 
m3511 13 33 49 2463 2483 4163 
m3409 30 45 46 2280 2296 2330 2346 4846 
m1841 23 36 40 41 46 49 1191 1836 1841 2023 2036 2041 2073 2086 2090 2091 2096 2099 2323 2336 2340 2341 2349 2473 2486 2490 2491 2499 4323 4336 4836 
m2429 22 23 36 40 1122 1123 1136 1140 1173 1186 1190 1822 1823 1836 1840 2022 2023 2036 2040 3673 3686 
m215 32 45 1645 
m1334 22 38 45 46 1138 1145 1146 1938 1945 1946 2345 
m1125 23 30 46 1180 1523 1530 1546 2330 2346 4823 
m1527 45 2295 
m927 22 23 36 1123 1136 3686 
m756 8 
m873 32 49 1649 
m190 14 22 40 46 1114 1146 2014 2022 2040 2046 2314 2346 4814 4846 
m2086 36 
m312 40 45 46 2046 2290 2296 2346 
m1935 18 45 945 2295 
m2924 22 44 46 1146 2222 2246 2322 2344 2346 4846 
m3273 8 36 46 49 1808 1846 2308 2336 2458 2486 2496 4336 
m937 14 46 746 
m866 5 14 36 264 286 4314 
m1273 22 23 36 41 1122 1123 1136 1141 2073 3686 4586 
m1345 36 45 46 49 1845 2336 2345 2346 2349 2486 2495 2496 
m1320 13 22 46 1113 1122 1146 2322 4813 
m2673 22 23 1123 1173 3673 
m1126 17 45 895 2267 2295 
m3140 14 20 38 46 49 720 1914 1946 2320 2349 2464 2470 4814 
m2522 22 44 46 1146 2322 2344 2346 4846 
m2264 5 14 30 46 264 296 1505 1514 1546 2305 2314 2330 2346 4814 
m2777 36 
m3200 17 32 882 1617 1632 
m2598 22 23 30 1122 1123 1130 1172 1173 1180 1522 1523 1530 3673 
m3454 19 46 969 996 2319 2346 
m303 37 40 41 46 1890 2037 2046 2087 2090 2096 2340 4396 
m3030 14 36 49 1814 1849 2464 
m361 5 45 295 
m2979 22 44 46 1144 1146 2222 2246 2322 2344 2346 4846 
m64 14 714 
m2427 21 1071 
m3515 26 46 2326 2346 
m3191 36 38 40 45 1838 1936 1938 1940 2036 2038 2288 
m3177 22 23 30 46 1122 1123 1130 1146 1180 1523 1530 1546 2330 2346 4823 
m2725 23 36 41 1186 1191 1823 1836 1841 2073 2086 2091 4341 4586 
m384 14 46 746 2346 
m2769 38 
m2331 14 36 49 749 1814 1849 
m2907 13 23 36 1186 1813 3663 
m573 5 45 46 2255 2296 2305 
m689 23 30 46 1196 1523 1530 1546 2323 2330 2346 3696 4823 
m1856 22 44 46 1146 2244 2246 2344 2346 4846 
m358 27 49 1399 
m1894 32 37 46 1882 2332 2337 
m996 17 22 44 46 49 899 1144 1146 2217 2246 2317 2344 2346 2349 3396 4817 4846 
m2311 22 26 46 1146 1322 1346 
m356 45 
m1782 23 36 40 41 45 1186 1190 1823 1836 1840 2023 2036 2040 2073 2086 2090 2291 
m1439 41 45 2091 2095 2291 2295 
m1145 5 23 36 45 286 295 1155 1186 1195 1845 4336 
m2809 14 27 38 727 1914 1927 
m427 45 46 2345 
m2957 14 36 38 46 48 736 746 748 1848 1914 1936 1938 1946 1948 2314 2336 2338 2346 2348 
m458 11 13 33 45 563 583 595 2263 2283 3183 
m1554 22 45 46 1145 1146 2296 
m884 22 37 46 1122 1146 1872 2322 4396 
m2788 22 23 36 40 41 1122 1123 1136 1140 1141 1186 1190 1836 1840 2036 2040 2072 2073 2086 2090 3686 
m2710 13 16 38 688 838 3313 
m610 44 46 49 2246 2494 2496 
m1788 13 38 46 688 1913 1946 2338 4813 
m1159 13 22 33 36 40 672 686 690 1113 1122 1133 1136 1140 1672 1686 1690 2036 3183 
m2105 29 36 41 1486 1829 1836 1841 2079 2086 2091 
m2238 23 30 36 49 1180 1199 1549 1823 1830 1849 
m1462 28 
m194 22 23 30 36 40 46 49 1122 1123 1130 1136 1140 1146 1149 1172 1173 1180 1186 1190 1199 1522 1523 1530 1536 1540 1546 1549 1822 1823 1830 1836 1840 1846 1849 2022 2023 2030 2036 2040 2046 2322 2330 2336 2340 2346 2349 2472 2473 2480 2486 2496 3696 4823 
m2310 45 46 2296 2346 
m508 45 2295 
m233 5 14 32 705 1605 1614 
m2812 14 40 46 714 746 2014 2040 2046 2314 2340 2346 3246 4814 
m2835 10 46 2310 2346 
m2228 46 
m282 26 32 46 1626 1646 2326 
m2833 40 46 2046 
m394 22 23 30 1123 1130 1172 1173 1180 1523 3673 
m1407 22 36 40 41 49 1122 1136 1141 1149 1841 1849 2022 2036 2041 2049 2486 2491 4336 
m2150 5 14 36 41 45 255 286 291 295 705 736 741 745 1845 2055 2086 2095 4336 
m1127 22 23 30 46 1122 1123 1130 1146 1180 1523 1530 1546 2330 2346 4823 
m1173 26 32 36 46 1332 1336 1346 1832 2332 2336 2346 4836 
m3136 22 32 36 1622 1822 4136 
m2353 38 41 46 1941 1946 2341 
m1900 37 41 46 2087 2096 4837 
m667 30 38 45 46 1930 1945 1946 2280 2296 2330 
m9 11 13 22 45 563 572 595 695 1113 1145 
m2378 45 
m1431 8 
m2841 
m3105 22 37 41 46 1122 1137 1141 1146 1891 2341 4837 
m2707 13 33 4163 
m1830 23 36 40 41 1186 1190 1191 1840 1841 2036 2040 2041 
m2066 13 22 33 36 40 48 672 686 690 1113 1122 1133 1136 1140 1672 1686 1690 1822 2022 2036 2413 2422 2433 2436 2440 3183 
m3265 15 45 795 
m1708 5 23 37 46 49 299 1155 1173 1199 1855 1873 1899 2305 2323 2349 4837 
m2029 22 40 46 1146 2022 2046 2346 
m3519 23 46 1173 1196 3696 
m3023 22 46 1146 
m366 22 37 39 1137 1139 1987 
m2704 36 49 1849 2486 2499 
m3201 6 42 2842 
m349 22 23 30 38 1123 1130 1172 1173 1188 1522 1523 1530 1538 3673 
m1164 30 36 40 46 49 1549 1830 1836 1846 1849 2030 2036 2040 2046 2049 2330 2349 2480 2499 
m1591 5 45 46 2255 2295 2296 2305 2345 
m2861 23 27 32 42 1182 1192 1373 1382 1392 1642 
m1082 46 2346 
m1556 22 23 36 49 1123 1136 1172 1173 1186 1199 1822 1823 1849 2472 2473 2486 3673 4323 4336 
m934 37 46 1896 
m2818 27 36 46 49 1827 2327 2336 2486 2496 
m3323 38 46 49 1946 1949 2346 2496 2499 
m938 17 46 2317 2346 4817 
m1044 22 32 45 46 1132 1145 1146 2282 2296 2332 
m177 14 32 46 732 2314 2332 2346 4814 
m693 5 13 22 45 46 655 1113 1145 1146 2255 2263 2296 2305 2313 
m1776 22 36 37 46 49 1136 1137 1146 1149 1846 1849 1886 1899 2349 4396 
m914 27 32 38 46 1382 1388 1396 1638 1646 1946 
m3413 22 23 36 40 41 1122 1123 1136 1140 1141 1172 1173 1822 1823 1836 1840 1841 2022 2023 2036 2040 2041 2072 2073 2086 2090 3673 4586 
m2982 23 30 45 46 1173 1180 1196 2273 2296 2330 2346 4823 
m1843 46 
m709 14 40 740 
m835 14 32 732 1614 1632 
m2734 22 45 46 1122 1145 1146 2345 
m775 14 38 46 1914 1946 2346 4814 
m2355 12 46 612 2312 2346 4812 
m271 36 38 41 46 1936 1946 2336 2341 2346 4341 4836 4846 
m3523 5 13 38 46 263 288 296 696 1913 1938 1946 2305 2313 2338 2346 
m443 2 27 36 40 46 1352 1386 1396 1802 2002 2027 2036 2046 2302 4836 
m2363 11 13 33 45 563 583 595 695 1695 3183 
m785 23 38 45 1188 1195 1945 2288 2295 
m690 16 32 46 832 2332 4816 
m2352 18 45 945 
m477 5 11 15 33 38 46 565 583 588 596 755 1655 1696 1915 1933 1946 2305 2315 4165 
m2440 37 40 46 49 1899 2037 2046 2049 2337 2340 2346 2349 4396 
m3430 14 36 46 49 714 736 746 749 1814 1836 1846 1849 2314 2336 2346 2349 2464 2486 2496 3246 4814 
m3506 22 45 46 1145 1146 2345 4846 
m2212 18 
m1903 22 1122 
m896 14 40 46 2014 2046 2314 2346 4814 
m345 21 36 41 1821 2071 4341 
m3374 13 14 22 46 672 722 1113 1114 2313 2322 3213 4814 
m1247 23 45 1195 2273 2295 
m2302 22 28 1422 
m3480 45 49 2295 2299 
m741 22 44 46 1144 1146 2246 2322 2344 2346 4846 
m3297 36 46 49 2336 2349 2486 
m1547 38 40 41 46 49 1941 1946 2090 2340 2341 2488 2491 2496 
m2218 22 33 38 46 1122 1133 1146 1672 1922 1933 1946 2322 4833 
m721 
m657 22 36 37 40 46 1137 1146 1822 1837 1846 1872 2022 2036 2046 2322 2337 2346 4346 4837 
m2882 37 40 46 2037 2046 4837 
m270 13 22 33 36 40 1113 1122 1133 1136 1140 1813 1833 1840 2013 2033 4163 
m2691 22 40 44 46 1146 2022 2044 2046 2344 2346 4846 
m3053 
m3222 5 36 45 46 286 295 1845 2305 2336 2345 4336 
m2381 29 36 48 1486 1829 1836 1848 2429 2436 2448 4336 
m193 14 32 36 46 746 1614 1632 1636 1646 1814 1832 1836 1846 2314 2332 2336 2346 4332 
m2594 14 37 714 737 1887 3237 
m1425 45 2295 
m72 36 48 1836 1848 2436 2448 
m1359 22 44 46 1146 2344 2346 4846 
m784 34 38 40 46 1734 1934 2034 2038 2040 2046 2334 2338 2346 
m3039 22 36 40 46 1122 1136 1146 1822 2022 2036 2322 2336 2340 2346 4836 
m3130 22 45 46 1146 2272 2296 
m2847 40 46 2046 
m2721 22 23 36 40 1122 1123 1136 1140 1173 1823 1840 2023 2040 3673 
m3448 32 46 1632 1646 2332 
m663 22 36 40 46 1122 1136 1140 1146 1840 2022 2040 2046 2322 2336 2340 2346 
m868 14 33 4164 
m952 30 37 46 1530 1537 1546 1880 2330 2337 2346 
m220 22 38 44 46 1146 1922 1946 2344 2346 4846 
m2006 13 17 22 45 46 672 872 2263 2295 2296 2313 2317 2322 3363 
m590 37 45 1895 
m3085 5 45 46 2255 2296 2305 
m184 22 36 41 1122 1136 1141 1822 2072 4586 
m2872 23 30 36 1180 1530 1823 1830 
m1355 37 46 49 1887 1899 2337 2346 2349 2487 2496 4396 4837 
m1008 37 41 46 2087 2096 4837 
m404 15 38 46 1915 2315 2338 
m954 22 38 46 1146 1922 1946 
m3372 46 
m1761 26 46 1326 1346 2326 2346 3826 
m2482 14 38 40 45 46 740 745 1914 1938 1940 1945 1946 2290 2340 2345 3246 
m3051 3 26 46 1303 1346 2346 4803 
m2614 5 14 38 45 46 705 745 1905 1914 1945 1946 2255 2305 2345 4814 
m1017 22 30 38 1130 1922 1930 1938 
m2221 14 32 48 732 2414 2432 
m1819 22 36 40 1122 1136 2022 2036 2040 
m1755 26 38 46 1338 1346 1946 2346 
m1384 14 45 46 714 745 746 2345 4814 
m605 46 
m1453 26 32 36 46 1332 1336 1346 1832 2332 2336 2346 4836 
m32 22 30 40 46 1130 2022 2030 2040 2046 2322 2330 2346 
m869 22 23 30 41 49 1123 1130 1173 1523 2072 2073 2080 2472 2473 2480 2491 3673 
m30 
m367 8 45 46 49 408 446 449 2258 2296 2299 2349 
m154 22 32 36 40 46 1122 1132 1136 1140 1622 1632 1636 1640 1840 2040 2322 2332 2336 2346 
m2516 32 36 46 1832 2332 2336 2346 4836 
m3365 14 38 738 
m2484 22 26 44 46 1146 1322 1344 1346 2344 2346 4846 
m3489 22 46 1146 
m408 22 38 45 46 1145 1922 1945 1946 2322 2345 
m2373 23 45 46 1195 2323 2345 
m23 37 45 46 1895 2337 2345 2346 4396 
m1739 37 46 49 2337 2346 2487 2496 4837 
m2753 26 
m2210 23 30 45 1195 1523 1545 
m173 13 22 45 695 1113 1145 2263 2272 2295 
m874 14 22 41 46 741 1114 1141 2314 2322 2341 2346 4814 
m3021 22 37 1872 
m1993 37 45 1887 1895 
m1783 22 44 46 1146 2344 2346 4846 
m1508 22 40 46 1146 2340 
m450 13 20 22 33 36 40 670 672 686 690 1022 1033 1036 1040 1672 1686 1690 1822 1840 2022 2036 3183 3536 4336 
m591 26 46 49 1346 1349 2346 2496 2499 
m1517 14 45 46 745 746 2345 
m2332 23 36 40 46 1186 2023 2036 2040 2046 2323 2336 2340 2346 3696 4346 
m3246 8 46 408 446 2308 2346 
m2229 26 46 1346 
m3476 22 26 36 45 46 1126 1136 1146 1336 1345 1346 1845 2336 2345 2346 4836 
m2028 37 46 4837 
m498 13 33 4163 
m2666 36 40 46 1836 1840 1846 2036 2046 2336 2340 2346 
m1602 37 46 1887 1896 2337 2346 
m2278 22 36 40 41 49 1136 1141 1822 1836 1840 1841 1849 2036 2072 2086 2090 2091 2472 2486 2491 4336 
m1617 22 36 40 41 46 49 1136 1140 1141 1149 1836 1849 2036 2049 2086 2090 2099 2322 2336 2340 2341 2349 4336 
m373 22 37 40 46 1137 1140 1146 1890 2022 2037 2040 2046 2322 2337 2340 2346 4396 
m821 22 38 46 1146 1922 1946 
m3069 14 714 
m1068 45 2295 
m888 27 28 36 46 1378 1386 1396 1828 2327 2328 2336 2346 4836 
m2369 8 36 46 1808 2308 2336 2346 4836 
m1631 22 23 30 1122 1123 1130 1172 1173 1180 1522 1523 1530 3673 
m2627 11 13 33 36 40 661 1661 1811 1813 1833 2011 2013 2033 2036 4163 
m1203 22 23 30 46 1122 1123 1130 1146 1196 1523 1530 1546 2322 2323 2330 2346 3696 4823 
m2741 32 36 46 49 1632 1636 1649 1849 2332 2336 2346 2349 
m1663 12 22 23 36 40 45 46 49 622 623 636 640 645 649 1123 1136 1140 1145 1195 1822 1823 1840 1845 1849 2012 2023 2036 2045 2046 2049 2322 2323 2336 2340 2345 2349 2472 2473 2486 2490 2495 3136 4323 4336 4812 
m170 22 44 46 1146 2344 2346 4846 
m2245 18 46 2318 
m2111 22 36 40 49 1149 1822 1849 2022 2036 2049 
m2252 36 
m2292 22 47 2372 2397 
m3481 22 44 45 46 1146 2272 2294 2296 2344 2346 4846 
m1269 13 17 22 672 872 3363 
m1432 14 45 745 
m2211 5 45 295 
m3090 36 40 46 2036 2046 2336 
m63 45 46 2295 2345 2346 
m701 22 23 36 40 46 48 1123 1136 1140 1146 1148 1190 1840 2022 2023 2036 2046 2048 2336 2340 2346 2423 2436 2440 2446 3696 4323 4346 4823 
m341 13 33 46 1663 1683 2313 2333 4163 4833 
m3310 14 45 2264 
m1324 5 15 38 40 46 755 1905 1915 1938 1940 1946 2005 2015 2038 2040 2046 2305 2315 2346 4815 
m762 22 37 46 1872 2322 2337 
m1647 14 22 38 738 1114 1138 1914 1922 1938 
m2643 5 32 255 1605 1632 
m165 5 13 33 36 49 263 283 1805 1813 1833 1849 2455 2463 2483 4163 
m765 22 40 44 46 1146 2044 2046 2246 2344 2346 4846 
m51 29 
m1965 12 30 45 630 2262 2280 
m3271 22 23 36 41 45 1122 1123 1136 1141 1145 1173 1186 1195 1845 2073 2095 3673 3686 4323 4586 
m228 3 23 30 41 46 180 1180 2053 2073 2080 2096 2303 2330 2673 4823 
m2586 14 46 714 746 2346 3246 
m2851 40 45 46 2040 2045 2046 2345 
m1983 45 
m576 22 44 46 1146 2222 2244 2246 2344 2346 4846 
m2351 22 45 46 1145 1146 2345 
m1412 8 37 46 408 437 446 1858 2308 4396 
m719 14 36 46 736 746 2336 
m403 5 37 46 1855 2305 4837 
m3504 22 44 46 1122 1146 2344 2346 4846 
m1047 12 13 33 46 662 696 2333 3133 3183 4812 
m842 46 2346 
m1873 13 22 33 49 699 1113 1122 1149 1672 1699 4163 
m3288 13 23 49 673 1163 1173 1199 2463 2473 2499 3163 
m1750 23 30 46 1196 1523 1530 1546 2323 2330 2346 3696 4823 
m222 22 38 44 46 1146 1922 1946 2344 2346 4846 
m563 5 14 26 45 705 745 1305 1314 1345 2255 
m1084 36 
m3244 22 36 41 1136 1141 1822 1841 2072 2086 2091 4336 4586 
m3331 13 22 38 1113 1138 1913 
m2918 22 36 40 46 48 1136 1140 1146 1848 2036 2040 2046 2336 2340 2346 2348 4336 4836 
m2865 23 32 42 1182 1192 1642 
m1284 32 33 40 46 1633 2032 2033 2040 2046 2332 2333 
m1939 13 33 45 46 2263 2283 2296 2313 2333 4163 
m620 17 33 38 45 895 1695 1917 1933 1938 1945 3383 
m2102 22 44 46 1146 2344 2346 4846 
m2628 22 23 36 49 1123 1136 1149 1173 1186 2473 2486 3673 4323 
m2796 22 36 41 49 1122 1136 1141 1149 1822 1841 1849 2072 2086 2091 2099 2472 2486 2491 4336 
m1375 36 46 49 1849 2336 2349 4336 
m461 13 33 45 2263 2283 3183 
m2305 23 36 40 45 46 49 1190 1195 1836 1840 1845 2036 2045 2323 2336 2340 2345 2473 2486 2496 3686 4323 4336 4836 
m850 38 46 1946 2338 2346 
m2738 13 36 40 41 686 690 691 1841 2036 2041 2063 2086 2090 2091 
m123 22 37 40 46 1137 1140 1146 1890 2022 2037 2040 2046 2337 2340 2346 4837 
m2067 40 46 2040 2046 2340 
m2538 26 32 33 46 1332 1333 1346 1682 2332 4833 
m2926 36 40 46 1840 2336 2340 
m925 13 22 33 36 40 1113 1133 1136 1140 1813 1833 1840 2013 2033 4163 
m1471 18 23 1168 
m886 37 38 46 1888 2338 4396 
m2728 22 23 30 40 41 1140 1180 1523 1530 2022 2023 2030 2072 2090 
m1721 22 23 36 40 41 1122 1123 1136 1140 1141 1172 1173 1186 1190 1191 1822 1823 1836 1840 1841 2023 2036 2041 2072 2073 2086 2090 2091 3673 3686 4323 4336 4586 
m3003 40 46 2040 2046 
m360 5 22 36 46 49 272 286 296 299 1149 1822 1849 2322 2346 2349 4836 
m2141 23 30 45 46 1180 1195 1196 2280 2296 2330 2345 2346 3696 4823 
m2064 16 
m2449 22 37 46 1122 1137 1146 1872 2322 2346 4387 4396 4837 
m2360 41 46 2091 2096 2341 
m3458 22 36 40 1122 1136 1140 2022 2036 2040 
m1865 36 46 2336 
m286 13 22 36 38 40 672 686 690 1113 1122 1136 1140 1822 1913 1922 1936 1940 2022 2036 
m1675 14 23 30 39 46 1189 1514 1523 1539 1546 1964 2314 2323 2330 2339 2346 3664 4814 4823 
m846 23 36 1186 
m2798 23 
m1358 22 44 46 1146 2344 2346 4846 
m2146 45 2295 
m80 44 46 49 2246 2494 2496 
m38 12 23 36 41 46 636 1823 2062 2073 2096 2336 3123 4586 4812 4823 
m3234 7 45 2257 
m3009 32 36 44 46 1644 2236 2332 2336 2344 2346 4136 
m799 36 40 41 1836 1840 1841 2036 2041 2086 2091 4336 4341 4586 
m2012 14 36 40 46 1814 1846 2014 2036 2040 2046 2346 4346 4814 
m3208 36 37 40 46 1837 1846 2036 2037 2040 2046 2337 2346 4346 4837 
m2254 22 23 36 40 41 1122 1123 1136 1140 1141 1172 1822 1823 1836 1840 1841 2022 2023 2036 2040 2041 2072 2073 2086 3686 
m2108 22 45 46 1145 1146 2296 4846 
m1509 22 37 1122 1137 1887 
m15 37 40 46 2037 2046 4837 
m2037 
m513 12 22 30 622 1512 1522 
m3238 32 36 1832 
m1274 36 46 2336 4836 4846 
m315 23 45 1173 1195 2273 2295 
m2760 22 23 36 40 1123 1173 1186 1190 1836 1840 2036 3673 3686 
m2022 30 40 46 49 1540 1546 1549 2030 2040 2046 2330 2340 2346 2349 2490 2496 
m3018 22 40 45 46 1140 1145 1146 2045 2046 2345 
m829 22 23 36 38 40 1123 1136 1138 1140 1173 1922 1923 1936 1938 1940 2023 2036 2038 3686 
m1267 37 40 45 46 1890 2287 2290 2337 2340 2345 
m906 22 46 1146 
m2074 13 22 33 36 40 690 1113 1122 1133 1136 1140 1690 1813 1833 1840 2013 2033 4163 
m1365 36 40 41 1836 1840 2036 2086 2090 2091 4586 
m129 36 45 49 1849 2286 2299 
m1778 38 46 1946 
m618 13 22 36 38 40 41 1113 1136 1138 1140 1141 1813 1840 1913 1922 1936 1938 1940 1941 2013 2063 2086 2088 2090 
m2559 22 26 44 46 1146 1322 1346 2326 2344 2346 4846 
m479 22 41 1141 
m204 45 
m1937 36 38 40 45 1845 1936 1938 1940 1945 2036 2045 2286 2295 4336 
m532 12 17 46 612 2312 2317 2346 3117 4812 
m1811 23 30 36 40 46 49 1180 1830 1836 2023 2030 2036 2046 2049 2323 2330 2336 2473 2486 2496 4323 4836 
m2901 22 27 36 40 1122 1127 1136 1140 1390 1827 1836 1840 2027 2036 2040 
m393 5 45 46 2255 2296 2305 
m2304 21 46 2321 2346 4846 
m2863 22 37 46 1137 1146 4837 
m122 13 22 44 46 694 1113 1146 2313 2344 
m1264 5 22 30 37 46 272 280 287 296 1522 1537 1855 1872 1880 1887 1896 2305 2322 2330 2337 2346 4387 4837 
m2030 14 26 32 46 726 732 746 1314 1326 1332 1346 1626 1646 2326 
m104 22 23 30 36 40 41 1123 1173 1180 1186 1190 1191 1830 2023 2030 2036 2040 2041 2073 2080 2086 2090 3673 4323 
m2879 36 42 46 49 2146 2336 2486 2492 2496 4636 
m44 23 30 36 40 46 1173 1190 1196 1523 1536 1540 1546 1823 1840 2023 2046 2340 3696 4323 4346 
m1204 13 46 696 
m2357 12 46 49 2349 2462 4812 
m3167 36 38 40 46 1840 1846 1936 1940 1946 2036 2038 2040 2046 2336 2338 2340 2346 
m2807 45 46 2295 2296 2346 
m1239 22 23 36 40 41 1122 1123 1136 1140 1141 1172 1173 1186 1190 1191 1822 1823 1836 1840 1841 2023 2036 2041 2072 2073 2086 2090 2091 3673 3686 4323 4586 
m702 45 46 2295 2345 2346 
m1622 
m383 22 23 32 46 1123 1132 1146 1182 1196 2332 
m569 13 36 38 46 49 699 1849 1913 1936 1946 1949 2313 2349 3186 4836 
m650 22 36 41 49 1136 1141 1822 1849 2072 2086 2091 2099 2472 2486 4336 
m1002 22 37 1122 1137 
m1003 21 
m1403 37 39 40 46 1890 1987 1990 2037 2039 2046 2340 4396 4496 
m2850 45 46 2345 2346 
m1633 14 45 745 
m554 22 46 1122 1146 2322 2346 
m1879 14 45 745 
m1366 32 45 46 2282 2296 2332 
m1658 22 23 38 46 49 1122 1123 1138 1146 1199 1923 1938 1946 1949 2323 2346 2349 
m3418 45 46 2296 
m2135 13 22 33 36 40 672 686 690 1113 1122 1133 1136 1140 1672 1686 1690 1822 2022 2036 3183 
m3281 46 
m2281 22 36 40 41 49 1122 1136 1140 1141 1149 1841 1849 2022 2036 2041 2049 2486 2491 4336 
m1214 37 46 1887 1896 2337 2346 4837 
m2170 36 49 1849 2486 2499 
m269 5 14 32 705 1605 1614 
m2467 23 36 40 46 48 1190 1823 1836 1840 1846 1848 2023 2036 2040 2046 2048 2336 2340 2346 2423 2436 2446 3686 3696 4323 4346 4823 4836 
m357 17 22 41 46 872 891 1141 2322 2341 4817 
m1354 22 45 1122 1145 2272 2295 
m2127 22 44 46 1144 1146 2246 2344 2346 4846 
m370 32 40 45 46 2032 2045 2046 2282 2296 2332 
m3445 36 37 39 40 41 46 49 1837 1839 1840 1841 1846 1849 1889 2037 2039 2046 2087 2089 2090 2096 2487 2490 2491 4396 4839 
m697 8 25 46 49 408 446 449 1258 1296 2349 
m2629 14 22 26 37 39 722 737 1314 1322 1337 1339 1872 1964 1972 1987 
m449 2 45 46 2252 2296 2302 
m3128 13 22 33 36 40 672 1113 1122 1133 1136 1140 1672 1813 1822 1833 1840 2013 2022 2033 4163 
m1678 36 
m1248 14 22 39 40 46 740 1114 1122 1139 1140 1146 1990 1996 2014 2040 2046 2340 3246 4464 
m1130 36 40 48 49 1836 1840 2036 2436 2440 2449 2486 2490 4336 
m2 10 30 46 530 2310 2330 
m3436 46 2346 
m564 37 39 40 46 1890 1987 1990 2340 4396 4496 
m1905 2 36 45 46 145 1845 2252 2286 2295 2302 2345 2636 4836 
m1928 45 
m2435 22 23 30 38 41 1123 1130 1138 1172 1173 1188 1522 1523 1530 1538 2072 2073 2080 3673 
m3251 13 22 46 1113 1122 2322 4813 
m3079 5 36 38 286 1905 1936 
m713 36 40 46 49 1836 1840 1846 2036 2040 2046 2049 2336 2346 2349 2486 4346 4836 
m294 26 
m1918 5 32 45 1605 1645 2255 
m2417 37 
m334 13 22 33 36 40 45 672 686 690 695 1122 1136 1140 1672 1686 1690 1822 2022 2036 2272 2283 2286 2290 3183 
m2941 22 23 30 46 1123 1130 1146 1180 1523 1530 1546 2330 4823 
m695 22 23 30 1122 1123 1130 1172 1173 1180 1523 3673 
m1567 22 23 36 45 1122 1123 1136 1172 1173 1186 2272 2273 3673 
m1341 23 30 46 49 1180 1199 1549 2323 2330 2346 2349 2473 2480 2496 
m2716 22 23 36 40 49 1122 1123 1136 1140 1149 1173 1186 1190 1822 1823 1836 1849 2023 2036 2472 2473 2486 3673 3686 4323 4336 
m1478 22 30 36 1136 1536 
m745 22 44 46 1146 2344 2346 4846 
m3253 14 714 
m3068 32 36 1832 4336 
m2611 32 37 46 1632 1637 1882 2332 2337 
m1150 13 22 40 46 1113 1122 1146 2013 2022 2046 2313 
m1864 16 22 44 49 844 849 1116 1144 2494 
m3317 14 46 714 746 2314 2346 4814 
m1367 22 37 40 46 1872 2022 2037 2040 2046 2322 2337 2340 2346 4396 
m28 13 22 32 38 46 682 1113 1132 1146 1913 1922 1932 1946 2313 2332 
m1705 38 45 1938 1945 2288 2295 
m2295 26 40 45 46 1340 1346 2026 2040 2045 2046 2276 2290 2296 2340 
m2978 11 13 33 563 583 661 1661 4163 
m2571 22 23 30 45 46 1122 1123 1130 1145 1146 1195 1522 1523 1530 1545 1546 2273 2280 2295 2296 2322 2330 2345 2346 3696 4823 
m3235 21 36 46 49 1086 1099 1849 2321 2336 2346 2349 
m2445 46 
m1667 17 22 1117 
m457 14 45 745 2264 2295 
m549 36 41 45 1845 2095 2295 4586 
m643 13 22 46 1113 1122 1146 2313 2322 2346 
m421 
m1357 17 46 2317 2346 4817 
m2727 22 23 36 41 46 49 1141 1172 1191 1822 1823 1841 1846 2322 2323 2341 2472 2473 2486 2491 2496 
m2684 12 32 612 1612 
m538 22 36 40 46 1122 1136 1140 1822 2022 2036 2040 2322 2336 2340 4336 
m2413 12 40 45 46 645 2012 2045 2046 2312 2340 2345 2346 4812 
m1481 34 1734 
m2561 22 45 46 1146 2272 2296 
m3187 22 40 46 1122 1140 2322 2340 
m613 36 49 1836 1849 
m718 32 37 45 46 1637 1645 1895 2332 2337 2345 
m2547 22 44 46 1146 2322 2344 2346 4846 
m3058 5 45 295 
m430 22 30 36 39 41 1136 1139 1522 1536 1539 1541 1986 2072 2089 4586 
m3318 5 22 36 40 41 272 286 290 291 1105 1122 1136 1140 1141 1840 1841 2041 
m245 22 40 44 46 1140 1144 1146 2022 2040 2044 2046 2222 2240 2246 2322 2340 2344 2346 4846 
m562 37 46 4396 
m1057 22 23 36 40 41 46 1122 1123 1136 1140 1141 1146 1190 1191 1822 1823 1836 1840 1841 1846 2022 2023 2036 2040 2041 2046 2323 2336 2340 2341 3673 3686 4323 4336 
m1501 23 30 36 49 1180 1823 1830 1836 1849 2473 2480 2486 2499 
m322 11 45 595 
m2566 22 23 30 38 41 1123 1130 1138 1172 1173 1188 1522 1523 1530 1538 2072 2073 2080 3673 
m2195 22 37 40 46 1137 1140 1146 1890 2037 2040 2046 2337 2340 2346 4396 
m626 3 32 36 41 46 186 191 1603 1641 2303 2332 2336 2341 4136 4586 
m2133 22 30 36 40 46 1122 1130 1136 1140 1146 1536 1540 1546 1836 1840 1846 2022 2030 2036 2040 2046 2322 2330 2336 2340 2346 4346 
m2184 22 34 36 1134 1136 1834 
m2842 22 40 46 1140 1146 2046 
m1837 13 22 26 33 36 40 672 686 690 1113 1122 1133 1136 1140 1313 1322 1333 1336 1663 1672 1683 1686 1690 1822 2022 2036 3183 
m2801 14 22 1114 
m712 11 
m1655 22 23 36 40 41 46 49 1123 1136 1140 1173 1186 1190 1199 1840 2022 2023 2036 2040 2041 2049 2072 2073 2086 2090 2091 2099 2322 2323 2340 2341 2473 2486 3673 3686 4323 
m2555 32 37 38 46 1637 1646 1932 1946 2332 2337 2346 4837 
m2567 22 36 46 1822 2322 2336 2346 
m134 
m2362 38 
m2948 22 26 46 1146 1322 1326 1346 
m1529 12 13 22 36 40 622 636 640 672 686 690 1112 1113 1122 1136 1140 1822 2022 2036 3162 
m2548 22 44 46 1146 2344 2346 4846 
m673 22 23 36 40 46 49 1172 1822 1836 1849 2022 2023 2036 2046 2049 2322 2323 2336 2349 2472 2473 2486 4323 4336 4836 
m3378 22 45 1145 
m2519 23 30 46 1173 1180 1196 1523 1530 1546 2323 2330 2346 3696 4823 4846 
m2222 22 23 36 41 1123 1136 1141 1191 3686 4341 
m779 34 38 46 1734 1934 2334 2338 2346 
m2312 22 23 30 36 40 45 46 1122 1123 1130 1136 1140 1145 1146 1172 1173 1180 1190 1196 1522 1523 1536 1540 1545 1546 1822 1823 1830 1836 1840 1845 1846 2022 2023 2030 2036 2040 2045 2046 2272 2273 2280 2286 2290 2296 2322 2323 2330 2336 2340 2345 2346 4823 
m817 22 30 36 40 41 46 1136 1141 1146 1541 1822 1830 1841 2022 2046 2086 2096 2336 
m1406 22 36 40 41 49 1122 1136 1140 1141 1149 1841 1849 2022 2036 2041 2049 2072 2086 2090 2091 2099 2486 2491 4336 
m1668 14 23 30 46 1514 1523 1546 2314 2323 2330 2346 3664 4814 4823 
m2239 45 
m1931 22 36 41 46 1122 1136 1141 1146 1822 1836 2072 2086 2091 2322 2336 2341 4586 
m1914 23 45 1195 2295 
m2699 22 32 36 37 40 1636 1637 1640 1822 1840 1872 1886 1890 2022 2036 2040 4336 
m1784 22 44 46 1146 2344 2346 4846 
m3141 36 40 46 49 1836 1840 1846 1849 2036 2040 2046 2336 2340 2346 2349 2486 2490 2496 4336 4346 4836 
m1013 30 45 46 2280 2296 2330 2346 
m1662 44 46 2344 2346 
m2524 22 44 46 1144 1146 2246 2344 2346 4846 
m2708 13 14 32 46 664 696 1613 1614 1646 4814 
m335 37 
m1163 26 44 46 1346 2226 2246 2326 2344 2346 
m3193 38 40 45 46 1946 2038 2046 2288 2290 2296 
m2793 5 13 22 33 655 1113 1122 1133 1655 1672 4163 
m1890 22 44 46 1146 2322 2344 2346 4846 
m3526 22 36 45 1136 1145 1845 
m2383 22 45 46 1122 1145 1146 2296 2346 
m3284 33 36 41 1686 2083 4586 
m950 37 
m3432 31 45 2281 
m1759 38 46 1946 
m148 22 
m1958 22 45 2272 
m2224 5 13 22 26 33 46 263 283 672 1305 1313 1333 1346 1672 2305 2313 2322 2333 4163 
m1350 32 36 1832 
m729 22 44 46 1146 2222 2246 2322 2344 2346 4846 
m2276 22 30 45 1122 1130 1145 1545 
m2020 37 40 46 49 1899 2037 2046 2049 2337 2340 2346 2349 4396 
m3048 45 2295 
m3482 30 40 45 46 2045 2046 2280 2296 2330 2345 4846 
m3188 22 30 36 40 46 1122 1136 1146 1522 1536 1822 2022 2030 2036 2322 2330 2336 2340 2346 4836 
m1793 5 22 44 46 272 296 1144 1146 2205 2246 2305 2322 2344 2346 4846 
m3125 22 23 36 40 46 49 1123 1136 1146 1149 1836 1846 1849 2022 2023 2036 2046 2049 2323 2473 2486 2496 3686 4323 4336 4836 
m530 40 41 46 2046 2090 2096 2340 2341 2346 
m172 38 45 2288 
m1896 22 37 46 49 1137 1146 2322 2337 2346 2472 2496 4396 4837 
m1067 32 36 4332 
m764 22 44 46 1146 2246 2344 2346 4846 
m751 8 22 36 46 1122 1136 1146 2308 2336 2346 4308 4836 
m3233 14 36 40 45 736 740 745 1840 2036 2286 2290 4336 
m2500 40 46 2046 2346 
m2687 22 32 46 1122 1132 1146 1622 1632 1646 2322 2332 2346 
m478 22 37 46 1872 2322 4837 
m2873 26 37 46 1876 2326 2337 
m1178 22 23 32 36 40 46 49 1122 1123 1132 1136 1146 1149 1172 1173 1182 1186 1190 1196 1199 1622 1623 1632 1636 1640 1646 1822 1823 1832 1836 1840 1846 1849 2022 2023 2032 2036 2046 2322 2323 2332 2336 2346 2349 2472 2473 2482 2486 2490 2496 3673 3686 3696 4323 4346 
m235 22 38 40 1140 1922 1938 1940 
m2255 14 22 36 40 46 722 740 746 1140 1146 1822 1840 2014 2036 2040 2046 2322 2336 2340 2346 3236 4346 4814 
m3033 22 23 30 36 41 1122 1123 1130 1136 1172 1173 1522 1523 1822 1823 1830 2072 2073 2080 3673 4586 
m2130 13 22 45 46 672 2263 2295 2296 2313 2322 2346 4813 
m793 22 23 30 45 1123 1130 1145 1173 1180 1523 1530 2273 2280 3673 
m2083 23 30 38 45 46 1180 1923 1930 1946 2273 2280 2288 2296 2330 2346 4823 
m196 22 36 46 49 1136 1146 1149 1822 1846 2322 2336 2346 2486 2496 
m2251 36 46 2336 2346 4346 4836 
m505 27 36 46 49 1827 2327 2336 2486 2496 
m711 23 38 46 1188 1923 1938 1946 2338 2346 3696 4823 
m2488 45 46 2296 
m27 26 32 36 41 46 49 1332 1336 1341 1346 1349 1641 1646 2332 2336 2341 2346 2482 2486 2491 2496 4136 4586 
m2541 14 30 46 730 746 2330 
