m272 28 
m779 31 36 38 46 1588 1838 2331 2338 4331 4836 
m867 14 32 38 40 41 46 738 740 741 746 1614 1638 1640 1646 1941 1946 2090 2340 2341 
m1036 8 13 32 33 46 49 408 413 433 446 449 682 1682 2313 2332 2333 2463 2483 2496 4163 
m1009 22 23 30 36 40 41 46 1122 1123 1130 1136 1140 1141 1146 1191 1522 1523 1530 1536 1540 1541 1546 1822 1823 1830 1836 1840 1841 1846 2022 2023 2030 2036 2040 2041 2046 2072 2086 2090 2091 2341 3696 4323 
m328 46 2346 
m981 46 2346 
m538 22 23 30 36 41 46 1122 1123 1136 1141 1191 1522 1523 1536 1841 2322 2323 2330 2336 3686 
m883 
m768 22 23 36 37 40 1122 1123 1136 1137 1140 1172 1173 1822 1823 1836 1837 1840 1872 1873 1886 1890 2022 2023 2036 2037 2040 3673 
m866 23 30 49 1180 1199 1549 2473 2480 2499 
m740 13 22 672 1113 1122 
m1001 14 36 40 46 740 1814 1836 1840 1846 2014 2036 2040 2046 2314 2340 2346 3246 4314 4346 4836 
m1192 12 14 22 45 46 49 645 712 745 1112 1114 1146 2314 2345 2346 2464 2472 2496 3146 3246 4812 
m944 22 23 30 36 40 46 1122 1123 1130 1136 1140 1146 1180 1522 1523 1530 1536 1540 1546 1822 1823 1830 1836 1840 1846 2022 2023 2030 2036 2040 2046 2322 2323 2330 2340 4823 4846 
m1098 5 22 36 38 46 49 286 296 299 1136 1138 1146 1149 1836 1846 1849 1905 1936 1946 2346 2349 2455 2486 2488 2496 4836 
m372 10 32 46 1610 1632 1646 2310 2346 
m698 8 46 49 408 446 449 2349 
m828 22 36 41 1122 1136 1141 1841 2072 2086 2091 4586 
m942 23 30 36 41 1173 1180 1186 1191 1523 1536 1541 1823 1830 1836 1841 2073 2080 2091 3673 4323 4586 
m385 22 36 37 40 46 1122 1136 1137 1140 1146 1822 1837 1846 1890 1896 2022 2036 2037 2040 2046 2322 2340 2346 4396 4837 4846 
m483 22 38 45 46 1138 1145 1146 1938 1945 1946 2345 
m354 29 34 36 1484 1486 1729 1734 1736 1829 1834 1836 4236 4334 
m343 15 38 46 1915 1938 1946 2315 2338 
m652 38 1938 
m243 22 23 36 40 41 1122 1123 1136 1822 1823 1836 1840 2022 2023 2036 2072 2073 2086 2090 3673 4323 4586 
m1023 27 32 1382 
m48 37 45 46 1895 2337 2345 2346 4396 
m792 6 14 32 314 332 732 
m181 38 41 46 49 1938 1946 1949 2096 2349 
m1158 22 30 36 40 41 46 1136 1141 1146 1541 1822 1841 2046 2096 2336 
m1008 
m845 12 13 22 36 40 622 636 640 672 686 690 1112 1113 1122 1136 1140 1822 2022 2036 3162 
m369 14 22 46 714 722 746 2314 2322 2346 3246 4814 
m362 11 13 22 36 38 40 563 572 586 588 590 1113 1136 1138 1140 1813 1840 1913 1936 1940 2013 
m270 13 22 32 36 40 41 672 686 690 1122 1136 1140 1613 1622 1636 1822 2022 2036 2063 2072 2082 2086 
m1046 14 36 40 46 740 1814 1836 1840 1846 2014 2036 2040 2046 2314 2340 2346 3246 4314 4346 4836 
m208 22 36 40 46 49 1136 1140 1146 1836 1846 2022 2036 2040 2046 2049 2336 2346 2349 2486 2496 4336 4836 
m763 22 23 41 1122 1123 1173 2072 2073 3673 
m11 22 36 37 40 46 1122 1136 1140 1146 1822 1836 1837 1840 1846 1872 1896 2022 2036 2037 2040 2046 2322 2337 2346 4387 4396 4837 4846 
m519 22 23 30 36 40 41 46 49 1122 1123 1130 1136 1140 1141 1146 1149 1172 1173 1190 1191 1522 1523 1530 1536 1540 1541 1546 1822 1823 1830 1836 1840 1846 1849 2022 2023 2030 2036 2040 2046 2049 2322 2323 2330 2336 2340 2341 2346 2473 2480 2486 2490 2496 3696 4823 
m580 3 30 33 41 46 180 196 1653 1680 2053 2080 2083 2096 2330 4196 
m958 22 23 36 40 41 46 1122 1123 1136 1140 1141 1146 1191 1822 1823 1836 1841 1846 2022 2023 2036 2040 2041 2046 2323 2336 2341 2346 3686 4341 4346 4823 
m686 3 
m776 23 36 38 41 46 49 1173 1823 1938 1946 1949 2073 2086 2323 2336 2341 2486 2491 2496 3673 4323 
m1015 23 36 37 40 41 1173 1186 1187 1190 1823 1873 1886 1890 2023 2036 2073 2087 3673 4323 
m539 14 30 36 38 46 1514 1530 1536 1538 1814 1830 1836 1838 1914 1938 1946 2314 2330 2336 2346 4036 4330 
m124 13 33 40 690 1690 4163 
m924 37 41 46 49 1891 2337 2341 2346 2349 2487 2491 2496 4396 
m97 22 40 46 1146 2046 2322 2340 2346 
m857 22 36 40 41 1136 1141 1836 1840 2036 2086 2090 4586 
m785 14 46 49 2314 2346 2464 2496 4814 
m980 22 36 40 46 1136 1140 1146 1846 2022 2036 2040 2046 4336 4346 
m414 22 23 30 36 40 1123 1130 1173 1186 1190 1523 1530 1536 1823 2023 2036 3673 3686 
m59 22 36 40 41 1136 1140 1141 1836 1841 2036 2041 2086 2090 2091 4586 
m1175 22 23 36 40 41 46 49 1123 1136 1141 1146 1191 1822 1823 1836 1840 1841 1849 2022 2023 2036 2040 2041 2046 2072 2073 2086 2090 2091 2322 2323 2336 2340 2341 2349 2472 2473 2486 2490 2491 4323 4336 4346 4836 
m863 29 36 49 1829 1836 2479 2486 4336 
m35 22 23 30 46 1122 1123 1130 1146 1180 1523 1530 1546 2330 2346 4823 
m754 12 26 46 626 1312 1326 1346 2326 4812 
m720 13 22 36 38 40 1113 1122 1136 1138 1140 1813 1840 1913 1936 1940 2013 
m796 6 14 23 32 36 314 332 732 1156 1164 1182 1806 1814 1832 3686 
m340 22 46 49 1146 1149 2322 2346 2349 2496 
m225 12 23 36 40 41 46 49 1162 1190 1196 1199 1812 1840 1846 1849 2012 2036 2040 2041 2046 2062 2073 2086 2096 2099 2323 2336 2341 2462 2486 2490 2496 3146 3686 4312 4336 
m865 23 30 36 40 41 1173 1180 1186 1190 1523 1530 1536 1540 1823 1830 1836 1840 2023 2030 2036 2040 2073 2080 2086 2090 3673 4323 
m437 14 26 32 46 1314 1346 1626 2314 2346 4814 
m954 36 
m465 5 13 33 655 1655 4163 
m723 22 23 30 36 40 41 1122 1123 1130 1136 1140 1172 1173 1180 1186 1190 1523 1822 1823 1830 2023 2030 2036 2072 2073 3673 4323 4586 
m81 23 30 36 49 1180 1523 1530 1549 1823 1830 1836 1849 2473 2480 2486 2499 
m668 13 22 36 40 672 686 690 1113 1122 1136 1140 1822 2022 2036 
m13 22 23 36 40 46 49 1123 1136 1140 1146 1149 1199 1822 1823 1836 1840 1849 2022 2023 2036 2040 2046 2049 2323 2336 2340 2349 3686 4336 4346 4836 
m338 18 45 945 2295 
m149 22 23 30 40 41 1140 1180 1523 1530 2022 2023 2030 2090 
m903 36 46 49 2486 2496 4836 4846 
m877 12 22 23 30 36 46 630 636 1172 1180 1186 1522 1536 1822 2330 2336 3123 3686 4336 4812 4823 
m150 22 40 41 46 1140 1141 2022 2040 2041 2046 2072 2090 2091 2096 2341 
m1130 12 14 46 712 2314 2346 3146 3246 4812 
m554 22 44 46 1144 1146 2222 2246 2322 2344 2346 4846 
m849 13 22 40 45 46 1122 1140 1145 1146 2013 2040 2046 2272 2290 2313 2346 3196 
m952 22 30 36 1522 1536 1822 
m206 22 30 36 37 40 1130 1136 1137 1140 1536 1537 2030 2036 2037 4337 
m266 14 22 36 40 41 46 714 722 736 741 1822 1836 1841 2014 2036 2046 2072 2314 2322 2336 2341 3236 4314 4586 4814 
m386 14 23 30 730 1180 1523 1530 3223 
m391 32 36 46 1636 2332 2336 2346 4332 4336 4836 
m469 23 30 36 41 49 1191 1523 1530 1541 1823 1830 1836 1841 1849 2073 2080 2086 2091 2099 2473 2480 2486 2491 2499 
m1186 38 46 1946 
m609 5 45 295 
m82 36 38 1936 
m73 23 30 1180 1523 1530 
m769 22 37 46 49 1872 2322 2346 2487 2496 4396 4837 
m182 30 36 40 46 1830 1836 1840 1846 2030 2036 2040 2046 2330 2336 2340 2346 4336 4346 4836 
m393 22 40 44 46 1140 1144 1146 2040 2046 2222 2240 2246 2322 2340 2344 2346 4846 
m1095 22 23 30 46 1123 1130 1146 1196 1523 1530 1546 3696 4846 
m620 14 38 40 738 1914 1938 1940 2014 2038 2040 
m361 5 23 24 40 46 273 274 290 1190 1240 1246 2023 2024 2040 2046 2340 3696 3723 
m718 2 27 36 40 46 1352 1386 1396 1802 2002 2027 2036 2046 2302 4836 
m133 22 23 26 1123 1126 1173 1176 1323 3673 
m1028 22 23 36 37 40 1122 1123 1136 1137 1140 1172 1173 1822 1823 1836 1837 1840 1872 1873 2022 2023 2036 2037 2040 3673 
m673 
m704 23 36 3686 
m481 22 23 30 36 40 45 46 1122 1123 1130 1136 1145 1146 1172 1173 1180 1186 1190 1196 1522 1523 1530 1536 1540 1545 1546 1822 1823 1830 1845 2022 2023 2030 2036 2046 2272 2273 2280 2286 2290 2296 2322 2323 2330 2336 2340 2345 3696 4346 4823 
m998 22 26 38 46 1146 1322 1346 1922 1926 1946 2346 
m618 22 36 40 41 46 1136 1141 1146 2022 2036 2041 2046 2086 2096 2336 
m684 14 20 38 46 49 720 1914 1946 2320 2349 2464 2470 4814 
m945 22 23 30 46 1122 1123 1130 1146 1172 1173 1180 1196 1522 1523 1530 1546 2322 2323 2330 2346 3673 4823 
m894 38 46 1946 
m935 22 36 37 40 46 1136 1137 1140 1146 1837 1840 1846 1890 2022 2036 2037 2040 2046 2336 2340 2346 4336 4346 4396 4837 
m1069 30 36 39 40 46 1530 1539 1546 1830 1840 1846 1980 2030 2036 2039 2040 2046 2330 2339 2340 2346 4346 
m882 22 23 30 36 40 41 1122 1123 1130 1136 1140 1141 1173 1522 1523 1536 1822 1823 1830 1836 2022 2023 2030 2036 2072 2073 2080 2086 2090 2091 3673 4323 4586 
m1077 22 48 1122 1148 
m918 22 32 36 37 40 1122 1136 1137 1140 1622 1636 1637 1822 1872 1886 1890 2022 2036 
m1005 5 22 23 24 40 46 273 274 290 1123 1146 1190 1222 1240 1246 2022 2023 2024 2040 2046 2340 3696 3723 
m426 22 23 30 36 40 41 1122 1123 1130 1136 1140 1141 1172 1173 1186 1190 1191 1523 1536 1541 1840 1841 2023 2036 2041 2072 2073 2086 2090 2091 3673 3686 4323 4336 4586 
m821 22 23 30 36 40 41 1122 1123 1130 1136 1140 1173 1522 1523 1536 1822 1823 1830 1836 2022 2023 2030 2036 2072 2073 2080 2086 2090 2091 3673 4323 4586 
m908 15 22 27 38 46 777 1115 1146 1915 1922 1938 1946 2315 2327 2346 
m533 22 23 30 36 40 41 1122 1123 1130 1136 1140 1173 1522 1523 1536 1822 1823 1830 1836 2022 2023 2030 2036 2072 2073 2080 2086 2090 2091 3673 4323 4586 
m742 22 23 36 40 41 46 49 1123 1136 1140 1141 1146 1191 1822 1823 1836 1840 1841 1849 2022 2023 2036 2040 2041 2046 2072 2073 2086 2090 2091 2322 2323 2336 2340 2341 2349 2472 2473 2486 2490 2491 4323 4336 4346 4836 
m1027 22 23 30 36 40 41 1122 1123 1130 1136 1140 1172 1173 1186 1190 1523 1536 1822 2022 2036 2072 2073 2080 2086 2090 3673 3686 
m172 23 36 1186 1836 3686 
m413 33 36 38 46 49 1833 1846 1938 1946 2333 2336 2346 2349 2483 2486 2496 4833 
m8 36 40 46 49 1836 1846 2036 2040 2046 2049 2336 2346 2349 2486 2496 4336 4836 
m1123 26 46 1346 
m373 13 23 36 46 49 1813 1823 1846 1849 2313 2346 2463 2473 2486 2496 2499 3663 4813 4823 
m154 22 23 37 1123 1137 1172 1173 1187 1873 3673 
m672 6 14 32 36 49 706 714 732 736 749 1606 1636 1806 2456 2482 2486 
m733 32 40 45 46 1646 2032 2045 2046 2282 2296 
m827 12 14 40 46 712 2012 2014 2046 2314 2346 3146 3246 4812 
m101 13 20 22 33 36 38 40 1013 1022 1033 1036 1038 1040 1113 1122 1133 1136 1138 1140 1813 1833 1838 1840 1913 1933 2013 2033 2038 4163 
m44 37 49 1899 2487 
m430 36 40 46 49 1836 1846 2036 2040 2046 2049 2336 2346 2349 2486 2496 4336 4836 
m420 14 32 49 732 2464 
m257 32 36 38 40 46 1636 1638 1640 1646 1836 1838 1840 1846 2036 2046 2332 2336 2338 2340 2346 4136 4336 4346 
m214 5 45 46 2255 2296 2305 2346 
m915 22 26 38 46 1146 1322 1338 1346 1922 1946 2346 
m928 22 23 36 40 46 1122 1123 1136 1140 1146 1196 1823 1836 2022 2023 2036 2040 2046 3686 4346 4836 
m258 32 36 46 49 1832 1849 2332 2336 2346 2349 2482 4332 4336 4836 
m1065 22 23 36 40 41 1122 1123 1136 1140 1141 1172 1173 1822 1823 1836 1840 1841 2023 2036 2040 2041 2072 2073 3673 4341 
m371 14 23 30 40 730 1180 1514 1523 1530 1540 2014 2023 2030 3223 
m331 22 23 36 41 1123 1136 1823 2072 2073 3673 4323 4586 
m548 37 49 1899 2487 2499 
m741 34 1734 
m789 22 23 45 1123 1173 1195 3673 
m241 14 40 46 2014 2046 2314 2346 4814 
m7 22 23 30 46 1122 1123 1130 1146 1180 1523 1530 1546 2330 4823 
m544 22 23 27 41 45 1122 1123 1127 1141 1145 1195 1372 1391 2073 2095 
m813 46 2346 
m713 26 38 46 1346 1926 1946 2346 
m190 22 36 40 45 1122 1136 1140 1145 1836 1840 1845 2036 2040 2045 2286 2290 
m512 36 38 40 41 1838 1841 1941 2036 2038 2041 
m1115 32 34 38 46 1632 1646 1732 1734 1746 1932 1934 1946 2332 
m222 22 23 30 46 1122 1123 1130 1146 1523 1530 1546 2330 2346 3696 4823 
m734 37 46 49 1899 2337 2346 2349 4396 4837 4846 
m137 22 23 36 38 40 41 46 1138 1140 1146 1936 1940 1946 2022 2036 2038 2046 2072 2090 2323 4323 4836 
m1002 14 46 714 3246 4814 
m678 8 10 38 508 1908 1910 
m1129 22 27 36 40 46 1122 1127 1136 1140 1146 1390 1822 1827 1836 1840 1846 2022 2027 2036 2040 2046 2327 2336 2340 
m804 12 23 36 40 41 46 49 623 636 640 641 649 1191 1823 1840 1841 2012 2023 2036 2040 2041 2046 2073 2086 2090 2091 2099 2312 2323 2336 2341 2346 2349 2473 2486 2490 2491 3136 4323 4336 4812 
m1043 22 23 36 40 46 1122 1123 1136 1140 1146 1186 1190 1196 1822 1836 2022 2036 2040 2046 2322 3686 4346 
m438 
m26 32 33 36 1632 1633 1636 1683 1686 1833 1836 4136 4186 4333 4336 
m783 14 46 2314 2346 4814 
m991 36 40 46 1840 1846 2036 2040 2046 2346 4346 
m1093 26 36 46 49 1336 1346 2476 2486 2496 4836 4846 
m1133 22 36 37 40 49 1136 1137 1822 1836 1837 1840 1849 1886 2022 2036 2037 2040 2472 2486 2487 2490 2499 
m175 36 37 40 1836 1837 1840 2036 2037 2040 
m255 22 
m511 22 23 30 36 40 41 46 1122 1123 1130 1136 1140 1141 1146 1180 1522 1523 1530 1536 1540 1546 1822 1823 1830 1836 1840 1846 2022 2023 2030 2036 2040 2046 2072 2086 2090 2091 2322 2323 2330 2340 4823 4846 
m526 5 23 32 36 46 273 282 286 1623 2305 2323 2332 2336 2346 4323 4332 4823 4836 
m529 12 36 38 41 46 641 1841 1936 1938 1941 1946 2062 2086 2091 2096 2312 2336 2341 4312 
m697 22 23 30 36 40 41 46 49 1122 1123 1130 1136 1140 1146 1172 1173 1186 1190 1191 1199 1522 1523 1530 1536 1540 1541 1546 1549 1822 1823 1830 1836 1840 1841 1846 2022 2023 2030 2036 2040 2041 2046 2049 2072 2073 2086 2096 2099 2330 2336 2340 2341 2472 2473 2486 2490 2496 3696 4823 
m1073 22 23 30 36 40 1123 1136 1173 1180 1186 1190 1523 1536 1540 1823 1830 1840 2023 3673 4336 
m507 22 36 40 46 49 1822 1836 1840 1846 1849 2022 2036 2040 2046 2049 2322 2336 2340 2346 2349 2472 2486 2490 2496 4346 
m1103 22 23 30 36 40 46 49 1122 1123 1130 1136 1140 1146 1149 1172 1173 1180 1186 1190 1199 1522 1523 1530 1536 1540 1546 1549 1823 1840 2022 2023 2030 2036 2040 2046 2322 2330 2336 2340 2346 2472 2473 2480 2486 2490 2496 3696 4823 
m1089 2 13 36 38 40 41 46 113 136 138 140 141 1813 1913 1936 1940 2013 2036 2063 2086 2088 2090 2302 2313 2336 2338 2340 2341 2346 
m422 12 13 22 32 36 40 49 632 682 699 1112 1113 1122 1132 1136 1140 1812 1813 1832 1836 1840 1849 2012 2013 2032 2036 2049 2462 2482 2486 3136 3162 3186 
m764 5 23 24 40 46 273 274 290 1190 1240 1246 2023 2024 2040 2046 2340 3696 3723 
m1000 21 22 23 30 36 40 46 1072 1073 1080 1090 1096 1121 1122 1123 1130 1136 1140 1146 1172 1173 1522 1523 1530 1546 1821 1822 1823 1830 1840 1846 2021 2022 2023 2030 2036 2040 2046 2321 2322 2323 2330 2340 2346 3696 4823 
m795 23 24 40 46 1190 1240 1246 2023 2024 2040 2046 2340 3696 3723 
m631 13 32 36 40 41 686 690 691 1613 1641 1841 2036 2041 2063 2082 2086 2090 2091 
m143 13 22 45 695 1113 1122 1145 
m591 22 23 30 36 40 46 1122 1123 1130 1136 1140 1146 1180 1523 1530 1822 1823 1830 1840 1846 2022 2023 2030 2046 2330 4823 
m1153 30 36 46 49 1536 1549 1849 2330 2336 2346 2349 
m136 23 45 1173 2273 3673 
m309 14 30 40 46 1514 1546 2014 2030 2040 2046 2314 2346 4814 
m350 12 22 36 38 40 46 612 636 1112 1122 1136 1138 1140 1146 1812 1836 1840 1846 1912 1922 1936 1938 1940 1946 2012 2022 2036 2038 2046 2312 2336 2346 3146 4812 4836 
m27 14 22 26 37 39 722 737 1314 1322 1337 1339 1872 1964 1972 1987 
m230 22 44 46 1146 2244 2246 2344 2346 4846 
m1126 13 36 38 40 41 686 690 691 1841 1913 1941 2036 2041 2063 2086 2088 2090 2091 
m6 6 14 23 32 36 706 723 732 736 1156 1182 1606 1636 1806 3686 
m1080 
m254 23 36 45 46 1186 1196 1836 1846 2273 2286 2296 3686 4836 
m30 6 36 40 1806 2006 2036 
m1024 45 2295 
m292 12 13 46 662 696 2312 2346 3196 4812 
m700 23 30 36 40 49 1180 1199 1549 1823 1830 1836 1840 1849 2023 2030 2036 2040 2049 2473 2480 2486 2490 
m619 22 30 36 1130 1822 1830 
m840 45 
m1182 22 23 30 36 40 46 1122 1123 1130 1136 1140 1146 1172 1173 1180 1186 1190 1522 1523 1530 1536 1540 1546 1823 1840 2022 2023 2030 2036 2040 2046 2322 2330 2336 2340 2346 3696 4823 
m213 32 46 1646 
m1121 36 46 2336 
m755 16 22 23 30 46 830 1116 1122 1123 1130 1146 1523 1546 2316 2330 2346 3323 3346 3696 4823 
m275 23 30 36 38 46 49 1173 1180 1186 1188 1196 1199 1523 1530 1536 1538 1546 1549 1823 1830 1838 1846 1849 1923 1930 1936 1946 1949 2330 2336 2338 2346 2349 2473 2480 2486 2488 2496 4823 
m699 23 30 36 49 1180 1199 1549 1823 1830 1849 2473 2480 2486 
m696 22 36 40 46 49 1136 1140 1146 1840 1846 2022 2036 2040 2046 2049 2336 2340 2346 2349 2486 4836 
m100 14 32 46 732 2332 4814 
m282 22 23 30 38 40 41 1140 1523 1530 1538 1923 1930 2022 2023 2030 2072 2090 
m1078 12 14 45 46 645 712 745 2314 2345 2346 3146 3246 4812 
m1091 14 22 38 46 738 1114 1146 2338 3246 
m721 14 38 45 46 1914 1938 1945 1946 2264 2314 2338 2345 2346 4814 
m1190 12 14 22 36 45 46 49 645 712 745 1112 1114 1146 1814 1822 1846 1849 2314 2345 2346 2464 2472 2496 3146 3246 4812 
m375 44 46 49 2344 2349 2494 
m514 14 23 40 46 49 1196 2014 2023 2046 2049 2464 2473 2496 3664 4814 
m1029 23 30 36 41 1173 1523 1823 1830 2073 2080 3673 4323 4586 
m197 22 23 30 41 1122 1123 1130 1172 1173 1180 1522 1523 1530 2072 2073 2080 3673 
m66 14 37 46 2314 2337 2346 4364 4814 
m314 30 36 37 40 46 1536 1537 1540 1546 1837 1840 1846 1890 2037 2040 2046 2340 4396 
m401 13 46 2313 
m1206 36 40 46 49 1836 1840 1846 1849 2036 2040 2046 2049 2336 2340 2346 2349 4346 4836 4846 
m1173 14 22 23 30 40 45 46 714 746 1114 1145 1146 1164 1172 1190 1195 1196 1514 1522 1523 1530 1540 1545 1546 2014 2022 2023 2030 2040 2045 2046 2264 2296 2314 3664 
m224 37 
m245 10 38 1910 1938 
m339 23 40 46 1190 2023 2040 2046 2340 2346 3696 4823 
m279 10 14 27 38 710 1360 1364 1388 1910 1914 1927 1938 
m353 
m1086 30 37 46 1537 1546 1880 2330 2337 2346 
m152 16 23 38 40 46 49 1940 1946 2046 2316 2323 2346 2349 2466 2473 3666 4823 
m74 22 23 30 36 40 41 1123 1130 1136 1140 1141 1172 1173 1180 1186 1190 1523 1822 1823 1830 1836 2023 2030 2036 2073 3673 4323 4586 
m116 23 38 1923 
m389 23 41 1191 2073 3673 
m1169 22 23 36 40 46 1123 1136 1140 1146 1186 1190 1840 2023 2036 2040 2323 2336 2340 3673 4323 4336 4836 
m929 23 27 1173 1177 1373 1377 
m532 14 36 40 46 1814 1846 2014 2036 2040 2046 2346 4346 4814 
m825 38 45 46 49 1938 1946 1949 2288 2296 2299 2349 
m505 5 23 24 40 41 46 273 274 290 291 1190 1240 1246 2023 2024 2040 2046 2073 2074 2090 2340 3696 3723 
m705 23 24 40 46 1190 1240 1246 2023 2024 2040 2046 2323 2324 2340 3696 3723 
m1072 22 23 36 37 40 1122 1123 1136 1137 1140 1172 1173 1823 1837 1840 1872 1873 2023 2036 2037 2040 3673 
m579 12 14 46 712 2314 2346 3146 3246 4812 
m60 32 37 1882 
m683 23 30 36 40 41 1173 1186 1191 1523 1530 1536 1540 1541 1836 1841 2023 2030 2036 2041 3673 3686 4323 4341 
m550 37 46 4837 
m91 13 22 33 36 38 40 1113 1122 1133 1136 1138 1140 1813 1833 1838 1840 1913 1933 2013 2033 2038 4163 
m219 22 36 40 46 1822 1840 1846 2022 2036 2040 2046 2322 2336 2340 2346 4336 4346 4836 
m140 22 23 30 36 40 46 1122 1123 1130 1136 1140 1146 1172 1173 1180 1186 1190 1522 1523 1530 1536 1540 1546 1823 1840 2023 2036 2040 2322 2330 2336 2340 2346 3696 4823 
m146 23 36 40 46 49 1190 1836 1840 1846 2023 2036 2040 2046 2049 2323 2336 2340 2346 2349 2473 2486 2490 2496 3696 4323 4346 4823 4836 
m598 22 23 30 36 40 46 1122 1123 1130 1136 1140 1146 1180 1522 1523 1530 1536 1540 1546 1822 1823 1830 1836 1840 1846 2022 2023 2030 2036 2040 2046 2322 2323 2330 2340 4823 4846 
m753 22 36 40 1122 1136 1140 1822 1836 1840 2022 2036 
m281 22 36 40 41 1136 1140 1141 1836 1840 1841 2036 2041 2091 4586 
m64 22 40 46 1146 2340 
m193 22 23 30 36 40 41 46 1130 1146 1546 1836 1841 2023 2036 2041 2073 2086 2323 2336 2340 2341 3686 4323 4591 
m612 22 30 36 40 41 1122 1130 1136 1141 1522 1541 1840 2036 2040 2086 2090 
m231 14 22 40 46 1114 1140 1146 2014 2040 2046 2314 2346 4814 4846 
m345 8 408 
m65 22 23 36 37 40 1123 1136 1140 1172 1173 1186 1190 1823 1840 1872 1873 1886 1890 2023 2036 2040 3673 3686 4323 4336 
m895 22 37 39 46 1122 1137 1139 1146 2337 2339 2346 4487 4837 4839 
m726 22 23 30 36 40 45 46 1123 1130 1136 1140 1146 1180 1523 1530 1536 1546 1830 2023 2030 2036 2046 2272 2273 2280 2286 2290 2296 2330 2336 4323 4823 
m728 28 36 38 1438 1838 1928 1936 4328 
m563 22 23 30 46 1122 1123 1130 1146 1180 1523 1530 1546 2330 4823 
m657 13 22 38 49 699 1113 1122 1138 1149 1913 1938 1949 
m1088 22 23 30 37 40 46 1123 1130 1137 1146 1172 1187 1522 1523 1530 1537 1546 1872 2022 2023 2030 2037 2040 2046 2322 2323 2330 2346 3696 4396 4837 
m805 14 22 36 41 46 714 736 1114 1122 1136 1141 1146 1836 2064 2072 2086 2314 2322 2336 2341 3236 4314 4586 4814 
m267 12 32 36 46 1612 1646 1812 2336 2346 3146 4136 4346 4812 
m355 22 30 36 40 41 46 1122 1130 1136 1140 1141 1146 1830 2022 2030 2036 2040 2046 2072 2090 2096 2330 2336 2340 4836 4846 
m440 36 38 41 46 1936 1946 2336 2341 2346 4341 4836 4846 
m262 23 30 36 40 1180 1523 1530 1536 1540 1830 2023 2030 2036 2040 4323 
m485 22 23 36 40 41 46 49 1123 1136 1141 1836 1849 2041 2046 2073 2086 2091 2099 2322 2323 2336 2341 2349 2472 2473 2486 2491 4323 4336 4836 
m814 5 13 22 255 263 272 1105 1113 1122 
m163 22 23 27 30 36 40 49 1123 1130 1136 1172 1173 1177 1180 1186 1190 1199 1372 1373 1380 1386 1522 1523 1527 1530 1536 1540 1549 1822 1823 1827 1830 1836 1849 2023 2027 2030 2036 2040 2049 2472 2473 2477 2480 2486 2499 3686 4336 
m749 23 46 49 2323 2346 2473 2496 4823 
m711 23 30 40 46 49 1190 1199 1523 1530 1540 1546 1549 2330 2340 2346 2349 2490 2496 3696 4823 
m887 13 26 46 1313 1346 2313 2326 2346 
m445 14 26 32 726 1614 1626 
m316 34 45 2284 
m1047 23 45 1195 
m624 22 23 36 40 46 49 1123 1136 1146 1149 1186 1190 1196 1840 2036 2040 2046 2340 2473 2486 2490 2496 3686 4336 4346 
m360 23 30 46 49 1180 1523 1530 1546 2330 2346 2480 2496 4823 
m457 46 
m982 22 30 36 40 41 1136 1141 1536 1540 1541 1822 1836 1840 1841 2022 2036 2040 2041 2086 4336 4586 
m253 46 2346 
m453 36 49 1836 1849 2499 
m330 22 23 36 41 1123 1822 1823 2072 2073 3673 4323 4586 
m842 22 23 30 41 46 1123 1130 1146 1172 1522 1523 1530 1546 2072 2073 2080 2096 2322 3696 
m232 28 36 38 1928 1936 1938 4328 
m1020 22 40 41 46 1122 1140 1146 2022 2040 2046 2340 
m692 22 36 41 49 1122 1136 1141 1149 1841 1849 2486 2491 4336 
m574 31 36 37 40 46 1587 1590 1596 1831 1837 1846 1890 1896 2340 
m1196 22 23 30 41 1122 1123 1130 1172 1173 1180 1522 1523 1530 2072 2080 3673 
m312 22 23 30 36 1172 1180 1522 1822 1823 1830 
m531 22 23 30 1172 1522 1523 
m569 33 44 49 1694 1699 2494 
m396 45 
m218 23 30 36 41 1191 1523 1536 1541 2073 2086 2091 3686 4586 
m1165 14 36 40 46 1814 1840 1846 2014 2036 2040 2046 2314 2346 4346 4814 4846 
m939 40 46 48 2040 2046 2340 2346 2348 2440 2446 
m581 37 46 49 1899 2346 2349 4396 4837 
m203 14 16 23 46 716 723 746 2316 3323 4823 
m304 22 32 33 36 40 1122 1132 1133 1136 1140 1633 1636 1832 1833 1836 1840 2032 2033 2036 4186 4333 4336 
m176 22 23 30 36 40 41 46 1122 1123 1130 1136 1140 1141 1146 1191 1523 1536 1541 1546 1841 1846 2023 2030 2036 2040 2041 2046 2072 2073 2091 2341 3696 4323 
m510 22 23 46 1122 1123 1146 1196 2323 3673 
m1167 22 23 36 40 46 1122 1123 1136 1140 1146 1186 1190 1196 1822 1836 2022 2036 2040 2046 2322 3686 4346 
m873 22 23 30 36 40 41 46 49 1122 1123 1130 1136 1140 1146 1172 1173 1186 1190 1191 1199 1522 1523 1530 1536 1540 1541 1546 1549 1822 1823 1830 1836 1840 1841 1846 2022 2023 2030 2036 2040 2041 2046 2049 2072 2073 2086 2096 2099 2330 2336 2340 2341 2472 2473 2486 2490 2496 3696 4336 4823 
m947 46 2346 
m660 23 30 37 39 1180 1523 1530 1537 1539 1880 1980 1987 4373 4473 
m916 36 41 1836 1841 2086 2091 4586 
m19 29 36 38 49 1488 1499 1829 1836 1838 1849 1936 1938 1949 2479 2486 2488 2499 
m695 12 14 46 712 2314 2346 3146 3246 4812 
m323 22 23 46 1123 1146 1172 1173 2322 2323 3673 4823 
m1040 22 23 36 40 41 1123 1141 1173 1186 1190 1823 1836 2023 2036 2040 2072 2073 2086 2090 2091 3686 4323 
m494 36 40 41 1841 2036 2041 2086 2090 2091 
m384 11 13 22 33 36 40 563 572 583 586 672 686 690 1113 1122 1133 1136 1140 1672 1686 1690 1822 2022 2036 3183 
m1016 22 23 37 41 1123 1172 1173 1187 1191 1872 1873 2072 2073 2087 2091 3673 
m870 
m912 22 33 36 46 49 1133 1146 1683 1686 1696 1699 1849 2333 2336 2346 2349 2486 2499 4196 
m1107 36 46 4836 
m515 27 1377 
m147 12 14 46 712 2314 2346 3146 3246 4812 
m837 22 46 1122 1146 2322 2346 4846 
m670 5 13 22 263 272 1105 1113 1122 
m1062 45 
m1109 14 46 2346 3246 4814 
m936 22 23 24 40 46 1122 1123 1146 1172 1222 1246 2022 2023 2024 2040 2046 2322 3696 3723 
m669 22 37 46 49 1122 1137 1146 1899 2346 2349 2496 4396 4837 
m1200 30 44 45 2230 2245 2280 
m151 22 23 30 36 40 46 1122 1123 1130 1136 1140 1146 1172 1173 1180 1186 1190 1522 1523 1530 1536 1540 1546 1823 1840 2023 2036 2040 2322 2330 2336 2340 2346 3696 4823 
m1183 22 23 37 1122 1123 1172 1173 1872 1873 3673 
m171 30 36 40 49 1536 1549 1830 1836 1849 2030 2036 2499 4336 
m479 36 49 1836 1849 2499 
m647 41 44 45 2241 2245 2291 
m1138 14 23 30 36 40 46 730 1180 1814 1823 1830 1846 2014 2023 2030 2036 2040 2046 2314 2330 2346 3223 4346 4814 4823 
m50 22 24 1124 
m334 22 23 30 1122 1123 1130 1173 1522 1523 3673 
m525 14 22 36 41 46 714 722 736 741 1822 1836 1841 2072 2314 2322 2336 2341 3236 4314 4586 4814 
m509 36 40 46 49 1836 1840 1846 1849 2036 2040 2046 2049 2336 2340 2346 2349 2486 2490 2496 4346 
m967 23 36 41 1836 1841 2073 2086 2091 4323 4586 
m653 5 36 45 286 295 1845 2255 2286 4336 
m973 13 22 32 36 40 672 686 690 1113 1136 1140 1613 1622 1636 1640 1822 2022 2036 2040 3186 4336 
m921 22 23 30 36 40 1122 1123 1130 1136 1523 1830 2022 2023 2030 2036 4323 
m105 14 22 25 46 725 1114 1125 1146 2325 3246 
m959 23 36 41 49 1186 1199 1823 1836 1849 2073 2086 2099 2473 3673 4323 4586 
m955 17 22 38 46 888 1117 1138 2322 2338 4817 
m455 33 36 38 40 46 49 1686 1690 1838 1840 1846 1849 1933 1936 1938 1940 1946 2033 2036 2038 2040 2046 2333 2336 2338 2340 2346 2488 2490 2496 
m1198 13 38 46 1913 1938 1946 2313 
m503 
m268 46 2346 
m69 23 36 3686 
m248 13 22 33 36 40 672 1113 1122 1133 1136 1140 1672 1813 1822 1833 1840 2013 2022 2033 4163 
m424 23 31 46 49 1196 1573 1596 2323 2346 2473 2481 2496 
m956 14 40 46 740 746 2014 2040 2046 2314 2340 2346 3214 3246 4814 
m896 
m450 22 23 32 36 40 46 49 1122 1123 1132 1136 1146 1149 1172 1173 1182 1186 1190 1196 1199 1622 1623 1632 1636 1640 1646 1822 1823 1832 1836 1840 1846 1849 2022 2023 2032 2036 2046 2322 2323 2332 2336 2346 2349 2472 2473 2482 2486 2490 2496 3673 3686 3696 4323 4346 
m884 22 36 40 1122 1822 1836 1840 2022 2036 2040 
m107 3 22 23 36 40 41 46 172 186 190 196 1122 1136 1140 1146 1191 1822 1823 1836 1840 1841 1846 2022 2023 2036 2040 2041 2046 2323 2336 2341 2346 3686 4336 4341 4346 4823 
m714 14 20 40 46 49 720 2014 2046 2049 2314 2320 2346 2349 2464 2470 2496 4814 
m800 13 20 22 32 36 40 46 672 686 690 1013 1022 1032 1036 1122 1136 1140 1613 1622 1636 1822 2022 2036 2313 2320 2332 2336 2340 
m500 13 20 22 33 36 40 672 686 690 1013 1022 1033 1036 1040 1122 1136 1140 1672 1686 1690 1822 2022 2036 3183 
m943 46 2346 
m1127 26 38 46 1926 1938 1946 2326 
m649 28 36 1828 1836 
m210 22 23 36 40 41 1122 1123 1136 1140 1141 1173 1823 1836 1840 1841 2023 2036 2040 2041 2072 2073 2086 2090 2091 3686 4323 
m390 23 41 1191 2073 3673 
m930 13 30 680 1530 
m906 22 37 46 1122 1137 1146 1872 2322 2337 2346 4837 
m486 22 40 1122 1140 
m621 5 14 22 23 32 36 37 41 264 282 286 722 737 741 1123 1137 1141 1155 1182 1186 1614 1637 1814 1872 1882 1886 1887 1891 2087 3664 4136 4332 
m781 22 23 30 36 40 46 1122 1123 1130 1136 1140 1146 1173 1180 1186 1190 1522 1523 1530 1536 1540 1822 1823 1830 1836 1840 1846 2022 2023 2030 2036 2040 2046 2322 2323 2330 2336 3673 4823 
m599 37 39 46 1889 4396 4839 
m294 22 23 36 41 1122 1123 1136 1822 1823 2072 2073 3673 4323 4586 
m283 22 36 40 41 1136 1140 1822 1836 1840 1841 2036 2041 2072 2086 2090 2091 4586 
m773 14 36 38 46 49 736 738 746 749 1814 1846 1849 1914 1936 1946 1949 2336 2338 2346 2349 2464 2486 2496 4814 
m1067 22 23 30 41 46 1122 1123 1130 1146 1180 1523 1530 1546 2072 2073 2080 2091 2096 2330 4823 
m694 22 23 24 40 45 46 1122 1145 1172 1190 1195 1222 1240 1245 1246 2022 2023 2024 2040 2045 2046 2272 2295 2322 2340 2345 3696 3723 
m872 22 23 30 40 41 1123 1130 1140 1190 1523 1530 1540 2022 2023 2030 2090 
m582 22 23 36 40 41 1122 1123 1136 1140 1173 1822 1823 1836 2022 2023 2036 2072 2073 2086 2090 3673 4323 4586 
m917 22 26 38 46 1146 1322 1346 1922 1926 1946 2346 
m992 22 23 36 40 1122 1123 1136 1140 1173 1186 1190 1822 1823 1836 1840 2022 2023 2036 2040 3673 3686 
m524 
m280 23 45 1195 
m745 23 36 38 49 1186 1923 1936 1938 1949 2473 2486 
m817 14 46 2314 2346 4814 
m751 22 23 30 36 40 41 46 49 1122 1123 1130 1136 1140 1141 1146 1149 1172 1173 1186 1190 1191 1199 1522 1523 1530 1536 1541 1546 1549 1823 1840 2023 2036 2040 2072 2073 2086 2096 2099 2322 2330 2336 2340 2341 2472 2473 2486 2490 2496 3696 4823 
m381 14 22 46 714 722 746 1114 1146 2314 2346 3246 4814 
m1135 45 
m638 30 46 49 1530 1549 2330 2346 2349 
m178 23 30 40 41 1180 1190 1523 1530 1540 2023 2030 2040 
m578 22 32 33 36 40 1122 1132 1133 1136 1140 1633 1672 1822 1832 1833 1836 1840 2022 2032 2033 2036 4136 4186 
m553 22 32 36 40 1122 1136 1140 1622 1636 1822 1836 1840 2022 2036 
m1081 
m159 14 22 36 38 40 46 714 736 1114 1136 1138 1140 1146 1836 1914 1936 1940 2014 2036 2314 2336 2338 2340 3236 4314 4814 
m127 
m682 17 40 46 896 2017 2046 2346 3396 
m273 13 22 32 36 38 40 672 686 690 1113 1136 1140 1613 1622 1636 1640 1822 1913 1922 1932 1936 1940 2022 2036 2040 3186 4336 
m411 23 30 36 40 41 49 1186 1190 1199 1523 1530 1536 1540 1549 1823 1836 1840 1849 2073 2080 2086 2090 2099 2490 3686 4336 
m1128 6 14 32 36 314 332 732 1806 1814 1832 
m459 22 36 40 46 49 1136 1140 1146 1149 1822 1836 1840 1846 1849 2022 2036 2040 2046 2049 2322 2336 2340 2346 2349 2472 2486 2490 2496 4346 
m853 29 46 2329 2346 
m966 17 38 40 46 888 1917 1946 2017 2038 2046 2338 4817 
m925 22 23 36 40 46 1122 1123 1136 1146 1172 1822 1823 1836 2022 2023 2036 2040 2046 2322 2323 4323 4346 4836 
m919 22 23 30 36 37 40 46 49 1123 1130 1136 1137 1140 1146 1149 1180 1523 1530 1546 1822 1823 1830 1836 1837 1840 1846 1849 1872 1873 1880 1886 1890 1896 2022 2023 2030 2036 2037 2040 2046 2330 2346 2472 2486 2487 2490 2496 4396 4823 
m1021 22 23 30 36 40 46 1122 1123 1130 1136 1140 1146 1180 1522 1523 1530 1536 1540 1546 1822 1823 1830 1836 1840 1846 2022 2023 2030 2036 2040 2046 2322 2323 2330 2340 4823 4846 
m575 22 23 36 40 46 49 1172 1822 1823 1836 1849 2022 2023 2036 2040 2046 2049 2322 2323 2336 2349 2473 2486 3686 4336 4346 4836 
m425 13 25 38 46 675 1913 1925 1946 2313 2325 
m70 22 27 36 40 46 1122 1127 1136 1140 1146 1390 1822 1827 1836 1840 1846 2022 2027 2036 2040 2046 2327 2336 2340 
m634 11 13 33 661 1661 4163 
m376 22 23 30 46 1122 1123 1130 1146 1180 1523 1530 1546 2330 2346 4823 
m5 
m95 12 14 40 46 712 2012 2014 2046 2314 2346 3146 3246 4812 
m487 22 23 30 36 40 46 1122 1123 1130 1136 1140 1146 1172 1173 1522 1523 1530 1540 1546 1822 1823 1830 1840 1846 2022 2023 2030 2036 2040 2046 2322 2323 2330 2340 2346 3696 4823 
m249 13 16 22 36 40 672 686 690 822 836 840 1113 1116 1122 1136 1140 1822 2022 2036 3166 
m690 36 41 46 2096 2336 2341 2346 4586 4836 4846 
m784 14 36 41 46 714 736 741 1836 1841 2091 2314 2336 2341 3236 4314 4586 4814 
m975 12 36 40 46 49 1812 2012 2036 2046 2049 2336 2346 2462 2486 2496 3146 4346 4812 
m847 22 23 30 46 1122 1123 1130 1146 1172 1173 1180 1196 1522 1523 1530 1546 2322 2323 2330 2346 3696 4823 
m987 36 41 1836 1841 2086 2091 4586 
m1048 14 40 46 2014 2040 2046 2314 2346 4814 
m938 6 14 32 36 314 332 732 1806 1814 1832 
m75 38 46 1938 1946 
m394 23 32 46 1196 1623 1646 2346 
m738 22 36 38 40 41 46 1136 1141 1836 1840 1841 1936 1940 1941 1946 2022 2036 2038 2040 2041 2046 2086 2090 2091 2322 2336 2341 4586 
m926 23 31 46 49 1196 1573 1596 2346 2473 2481 2496 2499 
m527 33 41 48 1691 2433 2441 
m480 22 36 38 40 1122 1136 1138 1140 1836 1838 1840 1936 1938 2036 2038 2040 
m960 22 46 1122 1146 2346 
m368 14 22 40 46 714 722 740 746 1114 1140 1146 2014 2046 2314 2340 2346 3246 4814 
m374 22 23 36 40 46 49 1122 1123 1136 1146 1149 1172 1822 1849 2022 2023 2036 2046 2049 2322 2323 2336 2349 2472 2473 2486 4323 4336 4836 
m378 
m775 22 36 37 40 1122 1136 1137 1140 1822 1872 1886 1890 2022 2036 
m202 23 24 40 46 1190 1240 1246 2023 2024 2040 2046 2340 3696 3723 
m530 38 49 1938 1949 
m551 22 23 30 36 40 41 1123 1130 1172 1173 1180 1186 1190 1522 1523 1530 1536 1540 1822 1823 1830 1840 2022 2023 2030 2073 3673 
m463 22 23 36 38 41 1122 1123 1136 1138 1141 1922 1923 1936 1938 1941 2073 3686 4586 
m839 22 30 40 46 1122 1130 1140 1146 2030 2046 2322 2330 2340 2346 
m774 46 2346 
m387 23 41 1191 2073 3673 
m922 36 40 46 1840 1846 2036 2040 2046 2346 4346 
m508 26 36 46 1826 1846 2326 4336 4346 
m153 14 22 32 732 1114 1132 
m416 22 23 30 36 40 41 46 49 1122 1123 1130 1136 1140 1141 1146 1172 1173 1180 1186 1190 1196 1523 1530 1536 1540 1546 1822 1823 1830 1836 1840 1841 1846 1849 2022 2023 2030 2036 2040 2041 2046 2049 2072 2073 2080 2086 2090 2096 2330 2346 2472 2473 2486 2490 2491 3696 4336 4346 4823 
m177 36 38 1936 1938 
m156 23 30 36 41 1186 1191 1523 1536 1541 3673 3686 4586 
m854 23 36 40 46 49 1186 1196 1836 1846 2023 2036 2046 2323 2473 2486 2490 2496 3673 4323 4836 
m1105 5 45 255 295 2255 2295 
m321 23 30 36 41 1523 1823 1830 2073 2080 3673 4323 4586 
m583 22 23 36 40 41 1122 1123 1136 1140 1141 1173 1822 1823 1836 2022 2023 2036 2072 2073 2086 2090 2091 3673 4323 4586 
m165 13 46 2313 
m1083 22 23 30 38 41 1141 1172 1191 1522 1523 1538 1541 1922 1923 1930 1938 1941 
m55 12 45 46 645 2345 4812 
m1038 23 24 40 46 1190 1240 1246 2023 2024 2040 2046 2340 3696 3723 
m1132 30 38 41 46 1930 1941 1946 2080 2330 2338 2341 2346 
m964 22 26 33 1122 1126 1133 1676 
m806 
m407 23 24 40 46 1190 1240 1246 2023 2024 2040 2046 2340 3696 3723 
m962 22 1122 
m87 13 22 32 36 40 672 686 690 1113 1122 1136 1140 1613 1622 1636 1822 2022 2036 
m449 22 23 32 36 40 46 49 1122 1123 1132 1136 1146 1149 1172 1173 1182 1186 1190 1196 1199 1622 1623 1632 1636 1640 1646 1822 1823 1832 1836 1840 1846 1849 2022 2023 2032 2036 2046 2322 2323 2332 2336 2346 2349 2472 2473 2482 2486 2490 2496 3673 3686 3696 4323 4346 
m626 22 23 30 36 40 46 1122 1123 1130 1136 1140 1146 1172 1173 1180 1186 1190 1522 1523 1530 1536 1540 1546 1823 1840 2022 2023 2030 2036 2040 2046 2322 2330 2336 2340 2346 3696 4823 
m537 14 29 31 36 49 729 731 736 1579 1586 1814 1829 1831 1836 1849 2464 2481 2486 3236 4086 4336 
m186 13 22 36 38 40 672 686 690 1113 1122 1136 1140 1822 1913 1922 1936 2022 2036 
m99 13 22 36 45 46 49 699 1113 1136 1849 2295 2296 2313 2322 2336 2349 3186 
m949 22 23 36 40 46 1122 1123 1136 1140 1146 1172 1822 2023 2036 2046 2322 2323 2336 2340 2346 4323 4823 4836 
m662 45 
m1160 13 22 38 49 699 1113 1122 1138 1913 1938 1949 
m1145 22 36 40 46 49 1136 1140 1146 1822 1840 1846 2022 2036 2040 2046 2049 2322 2336 2340 2346 2349 2486 2490 2496 4836 
m1045 26 40 46 49 2026 2046 2326 2340 2346 2496 
m85 22 23 36 40 41 1122 1136 1140 1141 1173 1186 1190 1823 1836 1840 1841 2022 2023 2036 2040 2041 2073 2086 2090 2091 3686 4323 
m517 5 23 30 36 46 255 273 280 286 296 1180 1505 1523 1530 1536 1546 1830 1846 2330 4323 4823 
m838 15 27 38 41 45 46 777 1915 1938 1941 1946 2065 2088 2096 2288 2291 2296 2315 2327 2346 
m429 13 22 36 38 40 672 686 690 1113 1122 1136 1140 1822 1913 1922 1936 2022 2036 
m398 5 13 33 38 263 283 288 655 663 1655 1663 1905 1913 1933 1938 4163 
m184 8 32 37 46 49 408 437 446 449 1882 1896 2332 2346 2482 2487 2496 4396 
m324 36 46 2336 2346 4836 4846 
m1007 22 26 38 46 1146 1322 1346 1922 1926 1946 2346 
m965 27 40 46 1390 1396 2027 2046 2340 2346 
m1187 13 20 22 36 38 40 672 686 690 1013 1020 1022 1036 1038 1040 1122 1136 1140 1822 1913 1922 1936 2022 2036 
m114 32 33 36 1632 1633 1636 1683 1686 1833 1836 4136 4186 4333 4336 
m852 5 23 24 38 40 46 273 274 290 1190 1240 1246 1905 1923 1924 1938 2023 2024 2040 2046 2340 3696 3723 
m1014 16 22 23 46 822 846 1122 1146 1172 2322 3323 3696 
m948 22 23 36 40 1122 1123 1136 1140 1173 1186 1190 1823 1836 2022 2023 2036 2040 3686 4323 
m408 12 13 22 36 40 622 636 640 672 686 690 1112 1113 1122 1136 1140 1822 2022 2036 3162 
m174 14 46 714 746 2314 2346 4814 
m1134 14 40 46 714 740 746 2014 2046 2340 2346 4814 
m931 22 23 24 40 46 1122 1123 1124 1140 1146 1190 1222 1240 1246 2022 2023 2024 2340 3696 3723 
m750 23 33 44 49 1183 1194 1199 1694 1699 2494 
m1146 14 36 40 41 46 714 736 2014 2036 2046 2064 2086 2090 2096 3246 4314 4346 4814 
m990 26 31 36 37 46 1576 1587 1596 1826 1831 1837 1846 1876 1896 2326 
m560 13 22 33 36 40 672 686 690 1113 1122 1133 1136 1140 1672 1686 1690 1822 2022 2036 3183 
m961 22 23 36 40 41 46 1123 1141 1146 1191 1822 1823 1836 1841 1846 2022 2023 2036 2040 2041 2046 2323 2336 2341 2346 3686 4341 4346 4823 
m615 12 22 23 30 36 40 46 612 622 623 630 636 646 1112 1136 1140 1146 1162 1173 1512 1523 1536 1546 1812 1822 1823 1830 1836 1846 2012 2023 2030 2036 2046 2312 2322 2323 2330 2336 3123 3686 4346 4812 
m927 12 23 30 46 1162 1196 1512 1523 1530 1546 2346 3696 4812 
m1125 12 22 23 36 40 41 46 49 640 641 646 1112 1123 1136 1141 1146 1149 1812 1836 1840 1841 1846 1849 2041 2046 2073 2086 2090 2091 2096 2099 2322 2323 2336 2340 2341 2349 2462 2473 2486 2496 4323 4336 4812 4836 
m167 38 49 1938 1949 2488 
m83 22 23 30 32 36 40 41 49 1140 1182 1199 1523 1530 1532 1536 1549 1823 1830 1832 1849 2022 2023 2030 2032 2036 2040 2072 2090 2482 
m676 14 22 36 40 46 714 1114 1136 1140 1814 2014 2036 2046 3236 3246 4346 4814 
m1172 22 23 30 36 40 46 1122 1123 1130 1136 1140 1146 1172 1173 1522 1523 1530 1540 1546 1822 1823 1830 1840 1846 2022 2023 2030 2036 2040 2046 2322 2323 2330 2340 2346 3696 4823 
m1051 22 23 30 46 1122 1123 1130 1146 1180 1523 1530 1546 2330 2346 4823 
m824 22 23 41 46 1123 1141 1146 1173 1191 1196 2073 2323 2341 3673 4823 
m1063 22 23 30 36 40 1122 1123 1130 1136 1140 1180 1830 2023 2030 2036 4323 
m687 23 38 1923 
m656 13 22 37 672 1872 4363 
m447 33 45 1695 
m1191 15 16 37 46 1865 2315 2316 2337 2346 3315 4366 
m337 23 30 36 41 1180 1186 1830 2073 2080 3673 3686 4323 4586 
m654 13 17 45 46 49 2295 2296 2313 2317 2349 2463 2467 3363 
m46 14 22 36 40 46 1114 1136 1140 1146 1814 1846 2014 2036 2046 2346 4346 4814 
m1171 22 23 1122 1123 1173 3673 
m439 46 2346 
m1025 37 46 49 1899 2346 2349 2487 2496 4396 4837 
m715 12 13 22 27 36 40 622 636 640 672 686 690 1112 1113 1122 1136 1140 1362 1363 1372 1386 1822 2022 2036 3162 
m664 5 13 22 263 272 1105 1113 1122 
m535 14 22 23 30 40 45 46 714 746 1114 1145 1146 1164 1172 1190 1195 1196 1514 1522 1523 1530 1540 1545 1546 2014 2022 2023 2030 2040 2045 2046 2264 2296 2314 3664 
m584 23 36 40 41 46 1191 1823 1836 1841 1846 2023 2036 2040 2041 2046 2323 2336 2341 2346 3686 4341 4346 4823 
m757 22 37 40 46 1140 1146 1872 1890 2340 4396 
m564 22 37 46 1122 1137 1146 2322 2337 2346 4837 
m103 36 
m456 22 38 1122 1922 
m777 32 36 38 40 46 49 1632 1636 1649 1849 1932 1936 1946 2032 2036 2038 2046 2332 2336 2338 2340 2346 2349 
m923 38 46 1938 1946 2346 
m1071 14 46 714 746 2346 4814 
m643 13 46 2313 
m855 37 38 46 1937 1946 2337 
m199 5 22 44 46 296 1144 1146 2205 2246 2305 2344 2346 4846 
m971 14 23 30 38 730 1180 1514 1523 1530 1914 1923 1930 3223 
m234 13 22 41 691 1113 1122 1141 
m256 23 30 46 1180 2323 2330 2346 
m404 38 45 46 49 1938 1946 1949 2288 2296 2299 2349 
m891 16 22 23 30 46 830 1116 1122 1123 1130 1146 1523 1546 2316 2330 2346 3323 3346 3696 4823 
m277 30 38 1930 1938 
m595 21 23 27 38 46 1073 1077 1096 1177 1921 1923 1946 2323 2327 
m941 23 26 30 40 46 1173 1180 1323 1330 1346 1523 2023 2026 2030 2046 2323 2330 3673 4823 
m454 22 23 30 36 40 1122 1123 1130 1136 1140 1172 1173 1180 1186 1190 1523 1536 1540 1822 2022 2023 2036 3673 3686 4323 4336 
m22 12 14 46 712 2312 2314 2346 3146 3246 4812 
m349 5 13 22 33 36 40 263 272 283 286 290 672 686 690 1122 1136 1140 1672 1686 1690 1822 2022 2036 3183 
m641 14 36 38 40 46 49 738 1814 1838 1914 1936 1940 1946 1949 2014 2036 2046 2314 2336 2338 2340 2346 2349 2464 2486 2488 2490 2496 3246 4346 
m1162 10 36 41 46 536 541 546 1836 1841 2336 2341 4586 4836 
m541 22 26 32 46 1126 1132 1146 1332 1346 1646 2326 2332 2346 
m988 23 26 30 46 1180 1323 1326 1330 1346 1523 1530 2330 2346 4823 
m573 9 36 49 1809 2459 2486 2499 2959 4309 4336 
m288 22 23 30 46 1122 1123 1130 1146 1196 1523 1546 2346 
m534 20 22 36 41 1022 1120 1122 1136 1141 1820 1822 2070 2072 4586 
m89 36 40 46 49 1840 1846 1849 2036 2040 2046 2049 2336 2340 2346 2486 2496 4336 4346 4846 
m261 14 22 36 45 46 714 746 1114 1122 1136 1145 1146 1846 2264 2286 2296 3236 3246 4314 
m663 36 40 46 49 1836 1840 1846 1849 2036 2046 2049 2336 2340 2346 2349 2486 2490 2496 4346 4836 4846 
m766 12 23 36 46 49 636 649 1199 1849 2336 2349 3123 3686 4812 4823 
m215 30 38 39 40 46 49 1930 1938 1939 1946 1980 2038 2039 2046 2330 2339 2346 2488 2490 2496 4839 
m594 16 26 36 40 46 49 826 1826 2016 2036 2046 2316 2326 2346 2466 2490 2496 3336 3346 4346 4836 
m431 37 40 46 49 1899 2037 2046 2049 2337 2340 2346 2349 4396 
m1011 22 23 37 41 1122 1123 1137 1141 1172 1173 1872 1873 2072 2073 2087 3673 
m474 30 32 36 46 1630 1830 1846 2330 2332 4332 
m278 22 23 36 40 41 1122 1123 1136 1140 1141 1172 1173 1822 1823 1836 1840 1841 2022 2023 2036 2040 2041 2073 3673 4586 
m468 23 36 41 46 1836 1841 1846 2073 2086 2323 2341 4323 4836 
m226 23 30 46 1180 1523 1530 1546 2330 2346 4823 
m937 14 38 40 46 49 1938 1940 1946 2014 2046 2049 2346 2464 2496 4814 
m545 14 33 46 1664 1696 2314 2346 4196 4814 
m310 13 45 46 2295 2296 2313 2346 3196 
m29 46 2346 
m33 23 26 34 36 46 1176 1184 1186 1196 1726 1746 1826 1846 2326 4334 
m58 21 23 36 40 46 1171 1821 1823 1846 2021 2023 2036 2040 2046 2321 2323 2346 4346 4823 
m217 22 23 1122 1123 1173 3673 
m1079 5 7 13 22 257 263 272 363 372 1107 1113 1122 
m409 46 2346 
m287 11 13 14 37 563 564 587 737 1863 1864 3213 4363 4387 
m667 22 36 40 46 49 1136 1146 1149 1836 1840 1846 1849 2022 2036 2040 2046 2049 2336 2340 2346 2349 2472 2486 2490 2496 4346 
m161 14 36 38 41 46 714 1814 1836 1838 1914 1936 2064 2086 2088 2096 2314 2336 2338 3236 4314 4586 4814 
m689 2 41 141 
m1179 5 36 37 46 49 286 296 299 1849 1855 1886 1896 1899 2305 2336 2346 2349 4836 4837 
m451 23 38 1173 1188 1923 
m1154 32 1632 
m833 22 23 30 46 1123 1130 1146 1180 1523 1530 1546 2330 4823 
m1010 37 40 46 49 1899 2037 2046 2049 2337 2340 2346 2349 4396 
m41 30 46 49 2330 2480 2496 
m693 6 43 4656 
m843 14 22 36 40 41 46 714 722 736 741 1822 1836 1841 2014 2036 2046 2072 2314 2322 2336 2341 3236 4314 4586 4814 
m320 22 23 30 36 41 1123 1130 1523 1822 1823 1830 2072 2073 2080 3673 4323 4586 
m168 12 13 20 22 32 36 40 49 632 682 699 1012 1013 1022 1036 1040 1112 1113 1122 1132 1136 1140 1812 1813 1832 1836 1840 1849 2012 2013 2032 2036 2049 2462 2482 2486 3136 3162 3186 
m892 46 2346 
m802 5 23 38 273 1905 1923 
m725 14 22 40 46 722 2014 2046 2314 2322 2346 4814 
m327 22 37 46 49 1137 1146 1899 2346 2349 2496 4396 4837 
m592 22 23 27 30 36 40 49 1172 1186 1199 1372 1373 1380 1386 1399 1522 1523 1527 1530 1536 1549 1822 1823 1827 1830 1836 1840 1849 2023 2027 2030 2036 2040 2049 2472 2473 2477 2480 2486 2499 3686 4336 
m128 23 30 38 46 1180 1523 1530 1538 1546 1923 1930 1938 1946 2330 4823 
m605 44 46 2246 2344 2346 4846 
