m758 22 36 40 1122 1136 1140 1822 1836 1840 2022 2036 
m1215 23 30 46 1180 1523 1530 1546 2330 2346 4823 
m1138 22 23 30 38 46 1123 1130 1146 1180 1523 1530 1546 1922 1923 1930 1938 1946 2330 4823 
m1140 13 36 38 40 41 686 690 691 1841 1913 1941 2036 2041 2063 2086 2088 2090 2091 
m1174 22 30 36 40 41 46 1136 1141 1146 1541 1822 1841 2046 2096 2336 
m276 22 36 41 1122 1136 1141 1841 2091 4586 
m499 13 20 22 33 36 40 672 686 690 1013 1022 1033 1036 1040 1122 1136 1140 1672 1686 1690 1822 2022 2036 3183 
m1036 37 46 49 1899 2346 2349 2487 2496 4396 4837 
m1102 22 23 30 37 40 46 1123 1130 1137 1146 1172 1187 1522 1523 1530 1537 1546 1872 2022 2023 2030 2037 2040 2046 2322 2323 2330 2346 3696 4396 4837 
m737 32 40 45 46 1646 2032 2045 2046 2282 2296 
m703 23 30 36 49 1180 1199 1549 1823 1830 1849 2473 2480 2486 
m914 15 22 27 38 46 777 1115 1146 1915 1922 1938 1946 2315 2327 2346 
m1087 22 23 30 36 40 1123 1136 1173 1180 1186 1190 1523 1536 1540 1823 1830 1840 2023 3673 4336 
m954 22 23 36 40 1122 1123 1136 1140 1173 1186 1190 1823 1836 2022 2023 2036 2040 3686 4323 
m78 36 38 1936 
m377 23 31 46 49 1196 1573 1596 2346 2473 2481 2496 2499 
m509 22 23 46 1122 1123 1146 1196 2323 3673 
m472 22 23 38 41 46 1123 1172 1173 1938 1941 1946 2072 2073 2096 2322 2323 3673 4823 
m164 12 13 20 22 32 36 40 49 632 682 699 1012 1013 1022 1036 1040 1112 1113 1122 1132 1136 1140 1812 1813 1832 1836 1840 1849 2012 2013 2032 2036 2049 2462 2482 2486 3136 3162 3186 
m667 45 
m1113 23 36 40 41 1186 1190 1191 1836 1840 1841 2023 2036 2040 2041 2073 2086 2090 2091 3686 4323 4336 4586 
m273 22 36 40 41 1136 1140 1141 1836 1840 1841 2036 2041 2091 4586 
m169 23 36 1186 1836 3686 
m334 22 23 30 40 46 1123 1130 1146 1180 1523 1530 1546 2022 2023 2030 2046 2322 2323 2330 2340 2346 4823 
m102 14 23 30 40 47 730 1180 1514 1523 1530 1547 2014 2023 2030 2047 2364 2373 2380 3223 
m708 23 36 3686 
m602 28 36 1428 1436 1828 1836 3936 4328 
m285 27 32 1382 
m44 37 49 1899 2487 
m674 22 37 46 49 1122 1137 1146 1899 2346 2349 2496 4396 4837 
m1210 22 23 30 32 40 41 1140 1182 1523 1530 1532 2022 2023 2030 2040 2072 2090 
m363 14 23 30 40 730 1180 1514 1523 1530 1540 2014 2023 2030 3223 
m37 13 25 38 46 675 1913 1925 1946 2313 2325 
m30 6 36 40 1806 2006 2036 
m1072 28 36 38 1438 1838 1928 1936 4328 
m867 22 23 30 46 1122 1123 1130 1146 1180 1523 1530 1546 2330 2346 4823 
m69 23 30 1180 1523 1530 
m324 22 23 36 41 1123 1136 1823 2072 2073 3673 4323 4586 
m635 11 13 33 661 1661 4163 
m917 22 36 37 40 46 1122 1136 1140 1146 1822 1836 1837 1840 1846 1872 1896 2022 2036 2037 2040 2046 2322 2337 2346 4387 4396 4837 4846 
m893 13 26 46 1313 1346 2313 2326 2346 
m692 23 38 1923 
m476 22 23 24 40 46 1123 1124 1140 1146 1190 1240 1246 2022 2023 2024 2046 2340 3696 3723 
m654 38 46 1938 1946 2338 2346 
m2 16 23 36 40 41 46 836 840 841 1186 1190 1191 1841 2023 2036 2041 2046 2066 2073 2086 2090 2091 2096 2316 2336 2340 2341 3666 4823 
m101 3 22 23 36 40 41 46 172 186 190 196 1122 1136 1140 1146 1191 1822 1823 1836 1840 1841 1846 2022 2023 2036 2040 2041 2046 2323 2336 2341 2346 3686 4336 4341 4346 4823 
m28 12 22 23 36 45 46 49 622 645 1122 1145 1172 1195 1812 1822 1845 1846 2272 2295 2322 2345 2462 2473 2486 2496 3662 3696 4323 4812 
m902 
m695 36 41 46 2096 2336 2341 2346 4586 4836 4846 
m309 34 45 2284 
m1063 10 37 46 537 546 4396 
m210 32 46 1646 
m1089 5 13 33 38 46 655 1655 1696 1913 1933 1946 2305 2313 4163 
m231 12 22 36 40 46 49 636 1136 1146 1812 1836 1846 2022 2036 2040 2046 2312 2336 2346 2349 2462 2486 2496 3136 4336 4812 4836 
m265 13 22 32 36 38 40 672 686 690 1113 1136 1140 1613 1622 1636 1640 1822 1913 1922 1932 1936 1940 2022 2036 2040 3186 4336 
m774 22 37 46 49 1872 2322 2346 2487 2496 4396 4837 
m176 22 23 30 32 36 40 46 1122 1123 1130 1132 1136 1140 1146 1172 1173 1522 1523 1530 1546 1622 1623 1630 1640 1646 1822 1823 1830 1832 1840 1846 2022 2023 2030 2032 2036 2040 2046 2322 2323 2330 2332 2336 2340 2346 3696 4823 
m636 36 
m1132 36 41 46 2096 2336 2341 2346 4586 4836 4846 
m1067 14 22 23 722 1164 1172 
m361 14 22 46 714 722 746 2314 2322 2346 3246 4814 
m791 22 30 36 40 45 46 1122 1130 1136 1140 1145 1146 1536 1540 1836 1840 2036 2040 2272 2296 2322 
m52 22 24 1124 
m405 46 2346 
m916 36 49 1836 1849 2499 
m546 14 33 46 1664 1696 2314 2346 4196 4814 
m1097 22 23 30 38 41 1141 1172 1191 1522 1523 1538 1541 1922 1923 1930 1938 1941 
m595 21 23 27 38 46 1073 1077 1096 1177 1921 1923 1946 2323 2327 
m348 22 30 36 40 41 46 1122 1130 1136 1140 1141 1146 1830 2022 2030 2036 2040 2046 2072 2090 2096 2330 2336 2340 4836 4846 
m661 13 22 38 49 699 1113 1122 1138 1149 1913 1938 1949 
m860 23 36 40 46 49 1186 1196 1836 1846 2023 2036 2046 2323 2473 2486 2490 2496 3673 4323 4836 
m942 22 23 24 40 46 1122 1123 1146 1172 1222 1246 2022 2023 2024 2040 2046 2322 3696 3723 
m855 14 22 32 732 1114 1132 
m523 
m611 22 44 46 1122 1144 1146 2222 2246 2322 2344 2346 
m482 22 38 45 46 1138 1145 1146 1938 1945 1946 2345 
m407 23 30 36 40 41 49 1186 1190 1199 1523 1530 1536 1540 1549 1823 1836 1840 1849 2073 2080 2086 2090 2099 2490 3686 4336 
m360 14 22 40 46 714 722 740 746 1114 1140 1146 2014 2046 2314 2340 2346 3246 4814 
m1202 33 44 49 1694 1699 2494 
m718 26 38 46 1346 1926 1946 2346 
m756 22 23 30 36 40 41 46 49 1122 1123 1130 1136 1140 1141 1146 1149 1172 1173 1186 1190 1191 1199 1522 1523 1530 1536 1541 1546 1549 1823 1840 2023 2036 2040 2072 2073 2086 2096 2099 2322 2330 2336 2340 2341 2472 2473 2486 2490 2496 3696 4823 
m500 23 30 40 1180 1190 1523 1530 1540 2023 2030 
m675 5 13 22 263 272 1105 1113 1122 
m314 23 30 36 41 1523 1823 1830 2073 2080 3673 4323 4586 
m270 22 23 36 40 41 1122 1123 1136 1140 1141 1172 1173 1822 1823 1836 1840 1841 2022 2023 2036 2040 2041 2073 3673 4586 
m380 22 36 37 40 46 1122 1136 1137 1140 1146 1822 1837 1846 1890 1896 2022 2036 2037 2040 2046 2322 2340 2346 4396 4837 4846 
m242 13 22 33 36 40 672 1113 1122 1133 1136 1140 1672 1813 1822 1833 1840 2013 2022 2033 4163 
m801 20 48 2420 
m335 14 22 36 40 722 736 740 1114 1122 1136 1140 1822 2022 2036 
m141 23 36 40 46 49 1190 1836 1840 1846 2023 2036 2040 2046 2049 2323 2336 2340 2346 2349 2473 2486 2490 2496 3696 4323 4346 4823 4836 
m698 6 43 4656 
m582 22 23 36 40 41 1122 1123 1136 1140 1173 1822 1823 1836 2022 2023 2036 2072 2073 2086 2090 3673 4323 4586 
m516 5 23 30 36 46 255 273 280 286 296 1180 1505 1523 1530 1536 1546 1830 1846 2330 4323 4823 
m1058 22 23 30 46 1122 1123 1130 1146 1180 1523 1530 1546 2330 2346 4823 
m797 13 37 4363 
m1081 22 23 30 41 46 1122 1123 1130 1146 1180 1523 1530 1546 2072 2073 2080 2091 2096 2330 4823 
m27 14 22 26 37 39 722 737 1314 1322 1337 1339 1872 1964 1972 1987 
m54 12 45 46 645 2345 4812 
m1188 14 22 23 30 40 41 46 714 746 1114 1141 1146 1164 1172 1190 1191 1196 1514 1522 1523 1530 1540 1541 1546 2014 2022 2023 2030 2040 2041 2046 2064 2096 2314 3664 
m304 6 23 36 46 1156 1186 2306 2323 2336 4306 
m722 22 23 46 1123 1172 1173 2322 2323 3673 4823 
m156 14 22 36 38 41 46 714 736 1114 1136 1836 1914 1922 1936 1941 2064 2072 2086 2314 2322 2336 2338 2341 3236 4314 4586 4814 
m1108 22 23 30 46 1123 1130 1146 1196 1523 1530 1546 3696 4846 
m1019 22 23 30 36 40 41 46 1122 1123 1130 1136 1140 1141 1146 1191 1522 1523 1530 1536 1540 1541 1546 1822 1823 1830 1836 1840 1841 1846 2022 2023 2030 2036 2040 2041 2046 2072 2086 2090 2091 2341 3696 4323 
m929 38 46 1938 1946 2346 
m851 22 23 30 46 1122 1123 1130 1146 1172 1173 1180 1196 1522 1523 1530 1546 2322 2323 2330 2346 3696 4823 
m226 28 36 38 1928 1936 1938 4328 
m267 23 30 36 38 46 49 1173 1180 1186 1188 1196 1199 1523 1530 1536 1538 1546 1549 1823 1830 1838 1846 1849 1923 1930 1936 1946 1949 2330 2336 2338 2346 2349 2473 2480 2486 2488 2496 4823 
m955 22 23 36 40 46 1122 1123 1136 1140 1146 1172 1822 2023 2036 2046 2322 2323 2336 2340 2346 4323 4823 4836 
m1160 13 36 39 40 46 49 1813 1840 1846 1849 1986 1990 1996 2013 2036 2040 2046 2049 2463 2496 4813 
m507 26 36 46 1826 1846 2326 4336 4346 
m846 22 23 30 41 46 1123 1130 1146 1172 1522 1523 1530 1546 2072 2073 2080 2096 2322 3696 
m697 22 36 41 49 1122 1136 1141 1149 1841 1849 2486 2491 4336 
m140 23 38 1923 3673 
m601 14 46 2314 2346 4814 
m264 28 
m1124 22 23 37 1122 1123 1172 1173 1872 1873 3673 
m94 14 32 46 732 2332 4814 
m836 14 22 36 40 722 736 740 1114 1122 1136 1140 1822 2022 2036 
m211 5 45 46 2255 2296 2305 2346 
m552 22 23 30 36 40 41 1123 1130 1172 1173 1180 1186 1190 1522 1523 1530 1536 1540 1822 1823 1830 1840 2022 2023 2030 2073 3673 
m974 27 40 46 1390 1396 2027 2046 2340 2346 
m105 46 2346 
m234 36 40 41 1836 1840 2036 2086 2090 2091 4586 
m497 14 45 46 2264 2296 2314 2346 4814 
m18 29 36 38 49 1488 1499 1829 1836 1838 1849 1936 1938 1949 2479 2486 2488 2499 
m1104 14 22 38 46 738 1114 1146 2338 3246 
m342 5 13 22 33 36 40 263 272 283 286 290 672 686 690 1122 1136 1140 1672 1686 1690 1822 2022 2036 3183 
m1116 22 23 30 36 40 46 49 1122 1123 1130 1136 1140 1146 1149 1172 1173 1180 1186 1190 1199 1522 1523 1530 1536 1540 1546 1549 1823 1840 2022 2023 2030 2036 2040 2046 2322 2330 2336 2340 2346 2472 2473 2480 2486 2490 2496 3696 4823 
m170 14 46 714 746 2314 2346 4814 
m829 38 45 46 49 1938 1946 1949 2288 2296 2299 2349 
m630 11 13 33 661 1661 4163 
m975 17 38 40 46 888 1917 1946 2017 2038 2046 2338 4817 
m983 5 36 38 40 46 49 286 296 1805 1836 1838 1846 1849 1905 1936 1938 1946 1949 2036 2038 2046 2049 2346 2349 2455 2486 2496 4836 
m510 22 23 30 36 40 41 46 1122 1123 1130 1136 1140 1141 1146 1180 1522 1523 1530 1536 1540 1546 1822 1823 1830 1836 1840 1846 2022 2023 2030 2036 2040 2046 2072 2086 2090 2091 2322 2323 2330 2340 4823 4846 
m263 22 37 46 49 1137 1146 2322 2337 2346 2472 2496 4396 4837 
m1049 36 37 49 1836 1837 1849 2486 2487 2499 
m413 22 23 30 36 40 41 46 49 1122 1123 1130 1136 1140 1141 1146 1172 1173 1180 1186 1190 1196 1523 1530 1536 1540 1546 1822 1823 1830 1836 1840 1841 1846 1849 2022 2023 2030 2036 2040 2041 2046 2049 2072 2073 2080 2086 2090 2096 2330 2346 2472 2473 2486 2490 2491 3696 4336 4346 4823 
m187 22 36 40 45 1122 1136 1140 1145 1836 1840 1845 2036 2040 2045 2286 2290 
m378 23 31 46 48 49 1196 1573 1596 2346 2423 2431 2446 2473 2481 2496 2498 
m759 12 26 46 626 1312 1326 1346 2326 4812 
m70 22 23 30 36 40 41 1123 1130 1136 1140 1141 1172 1173 1180 1186 1190 1523 1822 1823 1830 1836 2023 2030 2036 2073 3673 4323 4586 
m85 22 23 30 36 40 46 1122 1123 1130 1136 1140 1146 1172 1173 1522 1523 1530 1540 1546 1822 1823 1830 1840 1846 2022 2023 2030 2036 2040 2046 2322 2323 2330 2340 2346 3696 4823 
m119 13 33 40 690 1690 4163 
m699 22 23 24 40 45 46 1122 1145 1172 1190 1195 1222 1240 1245 1246 2022 2023 2024 2040 2045 2046 2272 2295 2322 2340 2345 3696 3723 
m563 22 23 30 46 1122 1123 1130 1146 1180 1523 1530 1546 2330 4823 
m307 30 36 37 40 46 1536 1537 1540 1546 1837 1840 1846 1890 2037 2040 2046 2340 4396 
m1195 22 23 30 36 40 46 1122 1123 1130 1136 1140 1146 1172 1173 1180 1186 1190 1522 1523 1530 1536 1540 1546 1823 1840 2022 2023 2030 2036 2040 2046 2322 2330 2336 2340 2346 3696 4823 
m1194 
m591 22 23 30 36 40 46 1122 1123 1130 1136 1140 1146 1180 1523 1530 1822 1823 1830 1840 1846 2022 2023 2030 2046 2330 4823 
m1211 13 38 46 1913 1938 1946 2313 
m1086 22 23 36 37 40 1122 1123 1136 1137 1140 1172 1173 1823 1837 1840 1872 1873 2023 2036 2037 2040 3673 
m135 22 23 30 36 40 46 1122 1123 1130 1136 1140 1146 1172 1173 1180 1186 1190 1522 1523 1530 1536 1540 1546 1823 1840 2023 2036 2040 2322 2330 2336 2340 2346 3696 4823 
m161 13 46 2313 
m92 22 40 46 1146 2046 2322 2340 2346 
m1011 14 36 40 46 740 1814 1836 1840 1846 2014 2036 2040 2046 2314 2340 2346 3246 4314 4346 4836 
m1219 36 40 46 49 1836 1840 1846 1849 2036 2040 2046 2049 2336 2340 2346 2349 4346 4836 4846 
m250 23 30 46 1180 2323 2330 2346 
m1143 6 14 32 36 314 332 732 1806 1814 1832 
m351 23 30 36 40 41 49 1190 1523 1530 1540 1541 1823 1830 1836 1840 1841 1849 2073 2080 2090 2473 2480 2486 2490 2491 2499 
m1147 30 38 41 46 1930 1941 1946 2080 2330 2338 2341 2346 
m205 22 36 40 46 49 1136 1140 1146 1836 1846 2022 2036 2040 2046 2049 2336 2346 2349 2486 2496 4336 4836 
m732 28 36 38 1438 1838 1928 1936 4328 
m571 20 40 48 1040 2040 2420 
m701 22 23 30 36 40 41 46 49 1122 1123 1130 1136 1140 1146 1172 1173 1186 1190 1191 1199 1522 1523 1530 1536 1540 1541 1546 1549 1822 1823 1830 1836 1840 1841 1846 2022 2023 2030 2036 2040 2041 2046 2049 2072 2073 2086 2096 2099 2330 2336 2340 2341 2472 2473 2486 2490 2496 3696 4823 
m1167 22 27 46 1146 1372 1377 1396 
m775 23 24 40 46 1190 1240 1246 2023 2024 2040 2046 2324 2340 3696 3723 
m1013 22 23 30 36 40 46 1122 1123 1130 1136 1140 1146 1172 1522 1523 1530 1536 1540 1822 1823 1830 1836 1840 1846 2022 2023 2030 2036 2046 2322 2323 2330 2336 2340 3673 3686 4323 4823 
m404 12 13 22 36 40 622 636 640 672 686 690 1112 1113 1122 1136 1140 1822 2022 2036 3162 
m128 22 23 26 1123 1126 1173 1176 1323 3673 
m68 22 26 33 36 49 1322 1333 1349 1672 1822 1826 1833 1849 2472 2483 
m1093 5 7 13 22 257 263 272 363 372 1107 1113 1122 
m473 30 32 36 46 1630 1830 1846 2330 2332 4332 
m657 5 36 45 286 295 1845 2255 2286 4336 
m978 36 40 41 46 1840 2036 2040 2041 2046 2086 2096 2336 2340 2346 4346 4846 
m248 23 36 45 46 1186 1196 1836 1846 2273 2286 2296 3686 4836 
m29 46 2346 
m475 32 36 40 41 46 1640 1641 1646 1846 2032 2036 2040 2041 2046 2096 2332 2336 2340 2341 2346 4136 4586 
m1026 22 23 37 41 1123 1172 1173 1187 1191 1872 1873 2072 2073 2087 2091 3673 
m382 23 41 1191 2073 3673 
m1130 14 22 23 30 40 46 730 746 1114 1122 1123 1130 1146 1180 1514 1523 1530 1546 2014 2022 2023 2030 2046 2330 3223 4823 
m724 13 22 36 38 40 1113 1122 1136 1138 1140 1813 1840 1913 1936 1940 2013 
m132 22 23 36 38 40 41 46 1138 1140 1146 1936 1940 1946 2022 2036 2038 2046 2072 2090 2323 4323 4836 
m806 5 23 38 273 1905 1923 
m861 37 38 46 1937 1946 2337 
m1125 22 23 30 36 40 41 1122 1123 1130 1136 1140 1173 1522 1523 1536 1822 1823 1830 1836 2022 2023 2030 2036 2072 2073 2080 2086 2090 2091 3673 4323 4586 
m934 22 23 36 40 46 1122 1123 1136 1140 1146 1196 1823 1836 2022 2023 2036 2040 2046 3686 4346 4836 
m122 
m837 14 40 46 714 740 746 2014 2046 2340 2346 4814 
m91 22 40 46 1140 1146 2022 2046 2322 2340 2346 
m112 12 36 38 41 46 641 1841 1912 1936 1938 1941 1946 2062 2086 2091 2096 2312 2336 2341 4312 
m306 12 32 36 38 46 1612 1646 1812 1912 1932 1936 1946 2312 2332 2336 2346 3146 4136 4346 4812 
m244 5 13 22 33 36 40 263 272 283 286 672 686 690 1113 1122 1133 1136 1140 1672 1686 1690 1822 2022 2036 3183 
m1046 22 23 30 36 49 1123 1130 1136 1149 1522 1523 1530 1822 1823 1830 1836 1849 2472 2473 2480 2486 2499 
m7 22 23 30 46 1122 1123 1130 1146 1180 1523 1530 1546 2330 4823 
m275 22 36 40 41 1136 1140 1822 1836 1840 1841 2036 2041 2072 2086 2090 2091 4586 
m511 36 38 40 41 1838 1841 1941 2036 2038 2041 
m1039 22 23 30 36 40 41 1122 1123 1130 1136 1140 1172 1173 1186 1190 1523 1536 1822 2022 2036 2072 2073 2080 2086 2090 3673 3686 
m90 12 14 40 46 712 2012 2014 2046 2314 2346 3146 3246 4812 
m464 5 13 33 655 1655 4163 
m398 23 36 38 40 46 1923 1936 1940 1946 2023 2036 2046 2323 3686 4836 
m1172 22 45 46 1145 1146 2296 
m462 22 23 36 38 41 1122 1123 1136 1138 1141 1922 1923 1936 1938 1941 2073 3686 4586 
m253 17 23 26 30 46 880 896 1180 1317 1323 1330 1346 1517 1523 1530 1546 2330 3373 4823 
m987 23 36 1173 1186 1823 1836 3673 3686 4323 
m73 36 40 41 1836 1840 2036 2086 2090 2091 4586 
m492 44 46 2244 2246 2344 2346 4846 
m540 23 30 33 46 1180 1523 1530 1533 1546 1680 2323 2330 2333 2346 4173 4823 
m881 22 23 36 37 40 41 1122 1123 1136 1140 1172 1173 1186 1190 1823 1872 1873 1891 2023 2036 2072 2073 2086 2090 3673 4323 
m389 23 32 46 1196 1623 1646 2346 
m42 22 46 1122 1146 
m980 14 23 30 38 730 1180 1514 1523 1530 1914 1923 1930 3223 
m1120 36 46 4836 
m213 23 30 38 1180 1523 1530 1538 1923 1930 1938 
m454 33 36 38 40 46 49 1686 1690 1838 1840 1846 1849 1933 1936 1938 1940 1946 2033 2036 2038 2040 2046 2333 2336 2338 2340 2346 2488 2490 2496 
m193 13 22 44 46 694 1113 1146 2313 2344 
m1187 14 22 23 30 40 45 46 714 746 1114 1145 1146 1164 1172 1190 1195 1196 1514 1522 1523 1530 1540 1545 1546 2014 2022 2023 2030 2040 2045 2046 2264 2296 2314 3664 
m146 22 40 41 46 1140 1141 2022 2040 2041 2046 2072 2090 2091 2096 2341 
m676 
m745 34 1734 
m1017 22 26 38 46 1146 1322 1346 1922 1926 1946 2346 
m173 22 23 30 36 40 41 46 1122 1123 1130 1136 1140 1141 1146 1191 1523 1536 1541 1546 1841 1846 2023 2030 2036 2040 2041 2046 2072 2073 2091 2341 3696 4323 
m1076 45 
m1213 30 44 45 2230 2245 2280 
m245 12 14 46 712 2314 2346 3146 3246 4812 
m1084 14 46 714 746 2314 2346 4814 
m912 22 37 46 1122 1137 1146 1872 2322 2337 2346 4837 
m96 11 13 22 33 36 40 661 1111 1113 1122 1133 1136 1140 1661 1811 1813 1833 1840 2011 2013 2033 4163 
m643 22 23 30 36 38 40 41 1123 1136 1140 1141 1172 1173 1180 1186 1188 1190 1191 1830 1922 1923 1936 1940 1941 2023 2030 2036 2040 2041 2073 2080 2086 2090 3673 4323 
m526 33 41 48 1691 2433 2441 
m1031 22 40 41 46 1122 1140 1146 2022 2040 2046 2340 
m284 12 13 46 662 696 2312 2346 3196 4812 
m727 22 23 30 36 40 41 1122 1123 1130 1136 1140 1172 1173 1180 1186 1190 1523 1822 1823 1830 2023 2030 2036 2072 2073 3673 4323 4586 
m520 14 22 23 30 730 1114 1122 1123 1130 1180 1514 1523 1530 3223 
m280 22 23 30 46 1122 1123 1130 1146 1196 1523 1546 2346 
m345 30 38 40 45 46 1930 2038 2045 2046 2280 2288 2296 2330 2338 
m1092 12 14 45 46 645 712 745 2314 2345 2346 3146 3246 4812 
m346 
m896 14 36 40 46 1814 1836 1846 2014 2036 2040 2046 2336 2346 4314 4346 4814 
m196 5 22 44 46 296 1144 1146 2205 2246 2305 2344 2346 4846 
m681 14 22 36 40 46 714 1114 1136 1140 1814 2014 2036 2046 3236 3246 4346 4814 
m935 23 27 1173 1177 1373 1377 
m869 29 36 49 1829 1836 2479 2486 4336 
m1075 22 23 36 40 41 1123 1136 1140 1172 1822 1823 1836 2022 2023 2036 2072 2073 2086 2090 2091 3673 4323 4586 
m235 14 40 46 2014 2046 2314 2346 4814 
m485 22 40 1122 1140 
m689 23 30 36 40 41 1173 1186 1191 1523 1530 1536 1540 1541 1836 1841 2023 2030 2036 2041 3673 3686 4323 4341 
m72 26 46 1346 2346 
m634 8 408 
m749 23 36 38 49 1186 1923 1936 1938 1949 2473 2486 
m691 3 
m1055 22 23 36 40 46 1122 1123 1136 1140 1146 1186 1190 1196 1822 1836 2022 2036 2040 2046 2322 3686 4346 
m957 
m182 13 22 36 38 40 672 686 690 1113 1122 1136 1140 1822 1913 1922 1936 2022 2036 
m365 13 23 36 46 49 1813 1823 1846 1849 2313 2346 2463 2473 2486 2496 2499 3663 4813 4823 
m647 23 30 33 46 1180 1523 1530 1533 1546 1680 2330 2333 4173 4823 
m965 13 22 36 40 1113 1122 1136 1140 1813 1840 2013 
m962 36 
m580 3 30 33 41 46 180 196 1653 1680 2053 2080 2083 2096 2330 4196 
m186 46 2346 
m581 37 46 49 1899 2346 2349 4396 4837 
m590 22 36 40 41 1822 1840 2022 2036 2072 2086 2090 4336 4586 
m217 22 23 30 46 1122 1123 1130 1146 1523 1530 1546 2330 2346 3696 4823 
m723 22 36 40 41 1136 1140 1141 1836 1840 1841 2036 2041 2072 2086 2090 2091 4586 
m842 15 27 38 41 45 46 777 1915 1938 1941 1946 2065 2088 2096 2288 2291 2296 2315 2327 2346 
m831 12 14 40 46 712 2012 2014 2046 2314 2346 3146 3246 4812 
m639 30 46 49 1530 1549 2330 2346 2349 
m651 41 44 45 2241 2245 2291 
m1154 22 37 46 49 1137 1146 1899 2346 2349 2496 4396 4837 
m649 23 30 33 46 1180 1523 1530 1533 1546 1680 2330 2333 4173 4823 
m1112 36 38 46 1936 1938 1946 2336 2346 
m167 30 36 40 49 1536 1549 1830 1836 1849 2030 2036 2499 4336 
m930 37 41 46 49 1891 2337 2341 2346 2349 2487 2491 2496 4396 
m374 22 23 30 46 1122 1123 1130 1146 1180 1523 1530 1546 2330 2346 4823 
m653 28 36 1828 1836 
m740 22 36 37 40 41 1137 1140 1822 1836 1840 1841 2022 2036 2037 2040 2041 2072 2086 2090 2091 4586 
m1158 21 36 40 46 1090 1096 1840 1846 2321 2336 2340 2346 4321 
m294 38 45 46 1938 1945 1946 2345 
m111 23 38 1923 
m1002 30 46 49 2330 2349 2480 
m533 20 22 36 41 1022 1120 1122 1136 1141 1820 1822 2070 2072 4586 
m966 22 23 36 40 41 46 1122 1123 1136 1140 1141 1146 1191 1822 1823 1836 1841 1846 2022 2023 2036 2040 2041 2046 2323 2336 2341 2346 3686 4341 4346 4823 
m179 30 36 40 46 1830 1836 1840 1846 2030 2036 2040 2046 2330 2336 2340 2346 4336 4346 4836 
m436 14 26 32 46 1314 1346 1626 2314 2346 4814 
m393 5 13 33 38 263 283 288 655 663 1655 1663 1905 1913 1933 1938 4163 
m716 23 30 40 46 49 1190 1199 1523 1530 1540 1546 1549 2330 2340 2346 2349 2490 2496 3696 4823 
m26 32 33 36 1632 1633 1636 1683 1686 1833 1836 4136 4186 4333 4336 
m852 22 36 40 41 45 46 1136 1140 1141 1146 2036 2046 2090 2096 2272 2286 2291 2296 4346 4586 
m295 46 2346 4846 
m1161 22 36 40 46 49 1136 1140 1146 1822 1840 1846 2022 2036 2040 2046 2049 2322 2336 2340 2346 2349 2486 2490 2496 4836 
m973 22 26 33 1122 1126 1133 1676 
m1025 23 36 37 40 41 1173 1186 1187 1190 1823 1873 1886 1890 2023 2036 2073 2087 3673 4323 
m178 38 41 46 49 1938 1946 1949 2096 2349 
m778 14 36 38 46 49 736 738 746 749 1814 1846 1849 1914 1936 1946 1949 2336 2338 2346 2349 2464 2486 2496 4814 
m707 3 36 48 49 186 198 1803 1848 1849 2453 2486 2498 2499 4336 
m424 22 23 30 36 40 41 1122 1123 1130 1136 1140 1141 1172 1173 1186 1190 1191 1523 1536 1541 1840 1841 2023 2036 2041 2072 2073 2086 2090 2091 3673 3686 4323 4336 4586 
m293 14 36 38 40 738 1838 2014 2036 2038 2040 4314 
m937 22 23 24 40 46 1122 1123 1124 1140 1146 1190 1222 1240 1246 2022 2023 2024 2340 3696 3723 
m1193 5 36 37 46 49 286 296 299 1849 1855 1886 1896 1899 2305 2336 2346 2349 4836 4837 
m823 22 40 46 49 2040 2046 2322 2346 2490 2496 
m247 46 2346 
m865 16 36 3336 
m383 23 41 1191 2073 3673 
m648 36 49 1836 1849 2499 
m704 23 30 36 40 49 1180 1199 1549 1823 1830 1836 1840 1849 2023 2030 2036 2040 2049 2473 2480 2486 2490 
m1207 22 23 30 46 49 1122 1123 1130 1146 1149 1172 1173 1180 1199 1522 1523 1530 1549 2322 2323 2330 2349 2472 2473 2480 3673 4823 
m6 6 14 23 32 36 706 723 732 736 1156 1182 1606 1636 1806 3686 
m994 23 30 36 40 41 49 1186 1190 1199 1523 1530 1536 1540 1549 1836 1840 1849 2073 2080 2086 2090 2099 2486 2490 2499 3686 4336 
m736 22 23 30 36 40 46 48 1122 1123 1130 1136 1140 1146 1148 1172 1173 1522 1523 1530 1540 1546 1822 1823 1830 1840 1846 2022 2023 2030 2036 2040 2046 2322 2323 2330 2340 2346 2430 2436 2440 2446 3696 4823 
m610 5 45 295 
m47 37 45 46 1895 2337 2345 2346 4396 
m452 36 49 1836 1849 2499 
m150 22 23 37 1123 1137 1172 1173 1187 1873 3673 
m1082 22 23 30 1122 1123 1130 1180 1522 1523 1530 
m1146 12 14 22 46 712 1112 1114 1146 2314 2346 3146 3246 4812 
m926 23 31 46 48 49 1196 1573 1596 2346 2423 2431 2446 2449 2473 2481 2496 
m1166 22 23 30 36 37 40 46 49 1123 1130 1136 1137 1140 1146 1149 1180 1523 1530 1546 1822 1823 1830 1836 1837 1840 1846 1872 1873 1880 1886 1890 1896 2022 2023 2030 2036 2037 2046 2330 2346 2472 2486 2487 2490 2496 4396 4823 
m620 22 30 36 1130 1822 1830 
m260 46 2346 
m1173 22 23 30 36 40 41 1122 1123 1130 1136 1140 1141 1180 1186 1190 1522 1536 1540 1822 1830 1836 1840 1841 2022 2023 2030 2036 2041 2080 2086 
m1118 5 45 255 295 2255 2295 
m61 22 23 36 37 40 1123 1136 1140 1172 1173 1186 1190 1823 1840 1872 1873 1886 1890 2023 2036 2040 3673 3686 4323 4336 
m203 22 30 36 37 40 1130 1136 1137 1140 1536 1537 2030 2036 2037 4337 
m453 22 23 30 36 40 1122 1123 1130 1136 1140 1172 1173 1180 1186 1190 1523 1536 1540 1822 2022 2023 2036 3673 3686 4323 4336 
m254 14 22 36 45 46 714 746 1114 1122 1136 1145 1146 1846 2264 2286 2296 3236 3246 4314 
m318 14 40 45 46 745 2014 2040 2046 2314 2345 2346 3214 4814 
m592 22 23 27 30 36 40 49 1172 1186 1199 1372 1373 1380 1386 1399 1522 1523 1527 1530 1536 1549 1822 1823 1827 1830 1836 1840 1849 2023 2027 2030 2036 2040 2049 2472 2473 2477 2480 2486 2499 3686 4336 
m142 12 14 46 712 2314 2346 3146 3246 4812 
m81 14 38 40 46 49 1940 1946 1949 2014 2046 2049 2346 2464 2496 4814 
m682 
m416 46 2346 
m266 13 22 33 36 40 672 686 690 1113 1122 1133 1136 1140 1672 1686 1690 1822 2022 2036 3183 
m1110 5 22 36 38 46 49 286 296 299 1136 1138 1146 1149 1836 1846 1849 1905 1936 1946 2346 2349 2455 2486 2488 2496 4836 
m719 12 13 22 27 36 40 622 636 640 672 686 690 1112 1113 1122 1136 1140 1362 1363 1372 1386 1822 2022 2036 3162 
m739 22 46 1122 1146 
m553 22 32 36 40 1122 1136 1140 1622 1636 1822 1836 1840 2022 2036 
m825 22 23 30 36 40 41 1122 1123 1130 1136 1140 1173 1522 1523 1536 1822 1823 1830 1836 2022 2023 2030 2036 2072 2073 2080 2086 2090 2091 3673 4323 4586 
m923 22 26 38 46 1146 1322 1346 1922 1926 1946 2346 
m428 36 40 46 49 1836 1846 2036 2040 2046 2049 2336 2346 2349 2486 2496 4336 4836 
m932 23 31 46 49 1196 1573 1596 2346 2473 2481 2496 2499 
m938 13 22 33 36 40 1113 1122 1133 1136 1140 1686 1690 1813 1840 2013 4163 
m536 22 23 30 36 41 46 1122 1123 1136 1141 1191 1522 1523 1536 1841 2322 2323 2330 2336 3686 
m115 
m794 6 14 32 36 314 332 732 1806 1814 1832 
m239 10 38 1910 1938 
m728 22 23 36 40 49 1122 1123 1136 1140 1149 1172 1173 1186 1190 1199 1840 2022 2023 2036 2040 2049 2473 2486 2490 3673 3686 4323 
m427 13 22 36 38 40 672 686 690 1113 1122 1136 1140 1822 1913 1922 1936 2022 2036 
m487 37 39 40 46 49 1890 1899 1987 1990 1999 2340 2490 2496 4396 4496 
m1054 26 36 46 49 1326 1336 1346 1349 1826 1846 1849 2326 2476 2496 
m1170 30 36 46 49 1536 1549 1849 2330 2336 2346 2349 
m655 14 23 32 36 49 723 732 736 749 1182 1199 1636 1649 1849 3686 
m948 23 30 36 41 1173 1180 1186 1191 1523 1536 1541 1823 1830 1836 1841 2073 2080 2091 3673 4323 4586 
m330 23 30 36 41 1180 1186 1830 2073 2080 3673 3686 4323 4586 
m384 23 41 1191 2073 3673 
m1106 26 36 46 49 1336 1346 2476 2486 2496 4836 4846 
m157 14 36 38 41 46 714 1814 1836 1838 1914 1936 2064 2086 2088 2096 2314 2336 2338 3236 4314 4586 4814 
m163 38 49 1938 1949 2488 
m1069 30 36 46 49 1536 1549 1849 2330 2336 2346 2349 
m233 14 22 36 40 46 1114 1136 1140 1146 1814 1822 1836 1840 1846 2014 2022 2036 2040 2046 2346 4346 4814 
m123 23 30 38 46 1180 1523 1530 1538 1546 1923 1930 1938 1946 2330 4823 
m87 5 23 24 40 46 273 274 290 1190 1240 1246 2023 2024 2040 2046 2340 3696 3723 
m12 14 38 40 46 49 1938 1940 1946 1949 2014 2046 2049 2346 2464 2496 4814 
m1007 26 37 46 49 1337 1346 1349 1899 2337 2349 2487 2499 4387 
m729 14 22 40 46 722 2014 2046 2314 2322 2346 4814 
m116 
m843 22 30 40 46 1122 1130 1140 1146 2030 2046 2322 2330 2340 2346 
m403 23 24 40 46 1190 1240 1246 2023 2024 2040 2046 2340 3696 3723 
m152 23 30 36 41 1186 1191 1523 1536 1541 3673 3686 4586 
m366 22 23 36 40 46 49 1122 1123 1136 1146 1149 1172 1822 1849 2022 2023 2036 2046 2049 2322 2323 2336 2349 2472 2473 2486 4323 4336 4836 
m317 36 46 2336 2346 4836 4846 
m757 22 30 36 46 1136 1146 1522 1536 1546 1846 2346 
m822 23 31 45 46 49 1195 1196 1573 1596 2295 2323 2345 2346 2473 2481 2496 
m477 22 23 36 40 46 49 1122 1123 1136 1146 1149 1199 1849 2022 2023 2036 2046 2336 2346 2349 3686 4823 4836 
m584 23 36 40 41 46 1191 1823 1836 1841 1846 2023 2036 2040 2041 2046 2323 2336 2341 2346 3686 4341 4346 4823 
m168 23 36 1186 1836 3686 
m1168 23 28 36 1178 1186 1823 1828 1836 3673 
m664 13 22 30 680 1113 1122 1130 
m864 
m147 22 23 30 36 40 46 1122 1123 1130 1136 1140 1146 1172 1173 1180 1186 1190 1522 1523 1530 1536 1540 1546 1823 1840 2023 2036 2040 2322 2330 2336 2340 2346 3696 4823 
m638 23 24 40 46 1190 1240 1246 2023 2024 2040 2046 2340 3696 3723 
m779 46 2346 
m928 36 40 46 1840 1846 2036 2040 2046 2346 4346 
m450 23 38 1173 1188 1923 
m120 44 46 49 2246 2494 2496 
m888 22 23 30 36 40 41 1122 1123 1130 1136 1140 1141 1173 1522 1523 1536 1822 1823 1830 1836 2022 2023 2030 2036 2072 2073 2080 2086 2090 2091 3673 4323 4586 
m57 32 37 1882 
m43 22 23 30 36 40 41 1122 1123 1136 1140 1141 1172 1173 1186 1190 1191 1522 1523 1536 1541 1840 1841 2023 2036 2041 2072 2073 2086 2090 2091 3673 3686 4323 4336 4586 
m252 32 36 46 49 1832 1849 2332 2336 2346 2349 2482 4332 4336 4836 
m834 22 36 40 41 1141 1822 1841 2036 2041 2072 2086 2091 4586 
m80 22 23 36 40 41 1122 1136 1140 1141 1173 1186 1190 1823 1836 1840 1841 2022 2023 2036 2040 2041 2073 2086 2090 2091 3686 4323 
m805 5 13 22 26 33 36 40 263 272 283 286 672 686 690 1113 1122 1133 1136 1140 1305 1313 1322 1333 1655 1663 1672 1683 1686 1690 1822 2022 2036 3183 
m272 23 45 1195 
m71 38 46 1938 1946 
m959 22 32 46 1122 1132 1146 1622 1646 2322 2332 2346 4846 
m1144 22 27 36 40 46 1122 1127 1136 1140 1146 1390 1822 1827 1836 1840 1846 2022 2027 2036 2040 2046 2327 2336 2340 
m282 13 22 37 672 1872 4363 
m883 12 22 23 30 36 46 630 636 1172 1180 1186 1522 1536 1822 2330 2336 3123 3686 4336 4812 4823 
m683 8 10 38 508 1908 1910 
m1047 38 46 1938 1946 2338 2346 
m323 22 23 36 41 1123 1822 1823 2072 2073 3673 4323 4586 
m1062 14 40 46 2014 2040 2046 2314 2346 4814 
m838 22 23 30 46 1123 1130 1146 1180 1523 1530 1546 2330 4823 
m721 2 27 36 40 46 1352 1386 1396 1802 2002 2027 2036 2046 2302 4836 
m302 13 45 46 2295 2296 2313 2346 3196 
m188 22 23 30 36 40 46 49 1122 1123 1130 1136 1140 1146 1149 1172 1173 1522 1523 1530 1540 1546 1822 1823 1830 1840 1846 2022 2023 2030 2036 2040 2046 2322 2323 2330 2340 2346 2472 2486 2490 2496 3696 4823 
m519 23 30 36 41 1523 1536 1823 2073 2080 3673 4323 4586 
m221 36 49 1836 1849 2486 2499 
m408 36 37 38 40 46 49 1837 1849 1936 1940 1946 2036 2037 2046 2049 2336 2337 2349 2487 
m919 13 17 22 672 872 1113 1117 1122 3363 
m839 12 36 46 49 646 649 1849 2336 2346 2349 3136 4812 
m17 13 33 4163 
m696 23 36 3686 
m362 14 23 30 38 40 730 1180 1514 1523 1530 1540 1914 1923 1930 1940 2014 2023 2030 3223 
m63 
m336 15 38 46 1915 1938 1946 2315 2338 
m953 46 2346 
m760 16 22 23 30 46 830 1116 1122 1123 1130 1146 1523 1546 2316 2330 2346 3323 3346 3696 4823 
m502 
m1189 22 23 36 40 41 46 49 1123 1136 1141 1146 1191 1822 1823 1836 1840 1841 1849 2022 2023 2036 2040 2041 2046 2072 2073 2086 2090 2091 2322 2323 2336 2340 2341 2349 2472 2473 2486 2490 2491 4323 4336 4346 4836 
m1038 46 2346 
m738 37 46 49 1899 2337 2346 2349 4396 4837 4846 
m550 28 36 40 1428 1828 1836 2028 2036 3936 4328 
m596 23 36 41 45 1186 1191 2273 2286 2291 3673 3686 4586 
m425 38 44 45 46 49 1938 1946 2238 2246 2294 2296 2338 2344 2346 2349 
m895 22 40 46 1146 2022 2040 2046 2346 
m62 14 37 46 2314 2337 2346 4364 4814 
m1164 13 38 46 688 1913 1938 1946 2313 2338 2346 3196 
m308 22 23 30 36 40 45 1123 1130 1136 1145 1523 1830 2022 2023 2030 2036 2045 2273 2280 2286 4323 
m821 14 46 2314 2346 4814 
m933 12 23 30 46 1162 1196 1512 1523 1530 1546 2346 3696 4812 
m483 22 23 41 1122 1123 1141 1172 2072 2073 
m922 36 41 1836 1841 2086 2091 4586 
m240 13 20 22 33 36 38 40 688 1013 1022 1033 1036 1040 1113 1133 1136 1138 1140 1688 1813 1822 1833 1838 1840 2013 2033 2036 2038 3183 3536 4336 
m767 11 32 561 582 
m1196 22 23 37 1122 1123 1172 1173 1872 1873 3673 
m385 23 41 1191 2073 3673 
m174 36 38 1936 1938 
m665 23 30 37 39 1180 1523 1530 1537 1539 1880 1980 1987 4373 4473 
m551 37 46 4837 
m457 12 15 26 40 41 626 776 2012 2015 2041 2062 2065 2076 3262 
m1077 22 23 30 36 40 1122 1123 1130 1136 1140 1180 1830 2023 2030 2036 4323 
m1153 14 23 30 36 40 46 730 1180 1814 1823 1830 1846 2014 2023 2030 2036 2040 2046 2314 2330 2346 3223 4346 4814 4823 
m411 22 23 30 36 40 1123 1130 1173 1186 1190 1523 1530 1536 1823 2023 2036 3673 3686 
m1178 10 36 41 46 536 541 546 1836 1841 2336 2341 4586 4836 
m468 23 30 36 41 49 1191 1523 1530 1541 1823 1830 1836 1841 1849 2073 2080 2086 2091 2099 2473 2480 2486 2491 2499 
m997 23 26 30 46 1180 1323 1326 1330 1346 1523 1530 2330 2346 4823 
m847 14 22 36 40 41 46 714 722 736 741 1822 1836 1841 2014 2036 2046 2072 2314 2322 2336 2341 3236 4314 4586 4814 
m726 
m343 12 22 36 38 40 46 612 636 1112 1122 1136 1138 1140 1146 1812 1836 1840 1846 1912 1922 1936 1938 1940 1946 2012 2022 2036 2038 2046 2312 2336 2346 3146 4812 4836 
m678 
m684 5 23 24 40 46 273 274 290 1190 1240 1246 2023 2024 2040 2046 2340 3696 3723 
m1150 45 
m599 37 39 46 1889 4396 4839 
m984 12 36 40 46 49 1812 2012 2036 2046 2049 2336 2346 2462 2486 2496 3146 4346 4812 
m97 36 
m503 32 36 38 46 49 1632 1636 1649 1849 1932 1936 1938 1946 2332 2336 2338 2346 2349 
m616 12 22 23 30 36 40 46 612 622 623 630 636 646 1112 1136 1140 1146 1162 1173 1512 1523 1536 1546 1812 1822 1823 1830 1836 1846 2012 2023 2030 2036 2046 2312 2322 2323 2330 2336 3123 3686 4346 4812 
m746 22 23 36 40 41 46 49 1123 1136 1140 1141 1146 1191 1822 1823 1836 1840 1841 1849 2022 2023 2036 2040 2041 2046 2072 2073 2086 2090 2091 2322 2323 2336 2340 2341 2349 2472 2473 2486 2490 2491 4323 4336 4346 4836 
m950 22 23 30 36 40 46 1122 1123 1130 1136 1140 1146 1180 1522 1523 1530 1536 1540 1546 1822 1823 1830 1836 1840 1846 2022 2023 2030 2036 2040 2046 2322 2323 2330 2340 4823 4846 
m1098 23 32 46 1196 1623 1646 2346 
m354 5 23 24 40 46 273 274 290 1190 1240 1246 2023 2024 2040 2046 2340 3696 3723 
m208 22 23 36 40 41 1122 1123 1136 1140 1141 1173 1186 1190 1823 1836 2022 2023 2036 2040 2072 2073 2086 2090 2091 3686 4323 
m1209 22 23 30 41 1122 1123 1130 1172 1173 1180 1522 1523 1530 2072 2080 3673 
m769 5 23 24 40 46 273 274 290 1190 1240 1246 2023 2024 2040 2046 2340 3696 3723 
m11 22 36 37 40 46 1122 1136 1140 1146 1822 1836 1837 1840 1846 1872 1896 2022 2036 2037 2040 2046 2322 2337 2346 4387 4396 4837 4846 
m83 36 40 41 1836 1840 1841 2036 2041 2086 2090 2091 4586 
m51 3 30 38 46 180 1530 1903 1930 1938 1946 2330 4803 
m109 32 33 36 1632 1633 1636 1683 1686 1833 1836 4136 4186 4333 4336 
m496 22 23 30 36 40 46 1122 1123 1130 1136 1140 1146 1172 1173 1522 1523 1530 1540 1546 1822 1823 1830 1840 1846 2022 2023 2030 2036 2040 2046 2322 2323 2330 2336 2340 2346 3696 4823 
m39 22 36 40 41 1136 1140 1141 1836 1840 1841 2036 2040 2072 2086 2090 2091 4586 
m853 13 22 36 45 46 1113 1136 2295 2296 2313 2322 2336 3186 
m1135 36 46 2336 
m709 23 24 40 46 1190 1240 1246 2023 2024 2040 2046 2323 2324 2340 3696 3723 
m931 22 23 36 40 46 1122 1123 1136 1146 1172 1822 1823 1836 2022 2023 2036 2040 2046 2322 2323 4323 4346 4836 
m417 23 24 40 46 1190 1240 1246 2023 2024 2040 2046 2323 2324 2340 3696 3723 
m238 22 23 30 36 40 41 46 1122 1123 1130 1136 1140 1141 1146 1180 1522 1523 1530 1536 1540 1546 1822 1823 1830 1836 1840 1841 1846 2022 2023 2030 2036 2040 2041 2046 2072 2086 2090 2322 2323 2330 2340 4823 4846 
m765 23 46 2323 2346 4823 
m1180 14 36 40 46 1814 1840 1846 2014 2036 2040 2046 2314 2346 4346 4814 4846 
m328 22 23 30 36 40 41 46 1122 1123 1130 1136 1140 1141 1146 1172 1173 1180 1186 1190 1191 1523 1536 1540 1541 1841 2023 2036 2041 2072 2073 2080 2086 2090 2091 2096 2322 2323 2330 2341 2346 3673 4323 
m1162 14 36 40 41 46 714 736 2014 2036 2046 2064 2086 2090 2096 3246 4314 4346 4814 
m530 22 23 30 1172 1522 1523 
m773 22 23 36 37 40 1122 1123 1136 1137 1140 1172 1173 1822 1823 1836 1837 1840 1872 1873 1886 1890 2022 2023 2036 2037 2040 3673 
m588 38 46 1938 1946 2346 
m461 22 30 36 40 1122 1136 1140 1522 1536 1822 1836 1840 2022 2036 
m228 13 22 41 691 1113 1122 1141 
m20 13 22 40 690 1113 1122 
m479 22 36 38 40 1122 1136 1138 1140 1836 1838 1840 1936 1938 2036 2038 2040 
m418 14 32 49 732 2464 
m331 18 45 945 2295 
m656 38 1938 
m1131 22 23 30 36 40 41 46 1123 1130 1136 1141 1146 1180 1186 1190 1523 1530 1536 1540 1546 1830 2022 2023 2030 2036 2040 2046 2072 2073 2080 2086 2090 2091 2330 3696 4836 
m1199 21 32 33 46 1082 1083 1096 1633 2321 2332 2333 2346 4833 
m669 5 13 22 263 272 1105 1113 1122 
m194 22 23 30 41 1122 1123 1130 1172 1173 1180 1522 1523 1530 2072 2073 2080 3673 
m1030 23 36 41 1186 2073 3673 4323 4586 
m172 38 45 1945 
m538 23 30 33 46 1180 1523 1530 1533 1546 1680 2323 2330 2333 2346 4173 4823 
m320 22 37 46 49 1137 1146 1899 2346 2349 2496 4396 4837 
m466 22 23 30 38 46 1123 1130 1138 1146 1188 1523 1530 1538 1546 2338 3696 
m679 5 15 38 40 46 755 1915 1938 1940 1946 2015 2038 2040 2046 2305 2315 2346 4815 
m771 12 23 36 46 49 636 649 1199 1849 2336 2349 3123 3686 4812 4823 
m3 6 14 32 36 49 706 714 732 736 749 1606 1636 1806 2456 2482 2486 
m789 14 46 49 2314 2346 2464 2496 4814 
m56 22 36 40 41 1136 1140 1141 1836 1841 2036 2041 2086 2090 2091 4586 
m652 23 27 30 36 40 49 1173 1177 1180 1186 1190 1199 1373 1380 1386 1523 1527 1530 1536 1540 1549 1823 1827 1830 1836 1849 2023 2027 2030 2036 2040 2049 2473 2477 2480 2486 2499 3686 4336 
m613 22 30 36 40 41 1122 1130 1136 1141 1522 1541 1840 2036 2040 2086 2090 
m882 22 23 30 36 38 40 41 46 1122 1123 1130 1136 1140 1146 1172 1173 1180 1186 1190 1522 1523 1530 1536 1540 1546 1823 1840 1922 1923 1930 1938 1941 1946 2023 2030 2036 2038 2040 2041 2046 2072 2073 2080 2096 2322 2330 2336 2340 2346 3696 4823 
m787 22 1122 
m541 23 30 33 38 46 1180 1523 1530 1533 1546 1680 1923 1930 1933 1946 2323 2330 2333 2346 4173 4823 
m1015 5 22 23 24 40 46 273 274 290 1123 1146 1190 1222 1240 1246 2022 2023 2024 2040 2046 2340 3696 3723 
m505 32 36 46 49 1632 1636 1649 1849 2332 2336 2346 2349 
m943 14 38 40 46 49 1938 1940 1946 2014 2046 2049 2346 2464 2496 4814 
m694 2 41 141 
m742 22 36 38 40 41 46 1136 1141 1836 1840 1841 1936 1940 1941 1946 2022 2036 2038 2040 2041 2046 2086 2090 2091 2322 2336 2341 4586 
m909 36 46 49 2486 2496 4836 4846 
m910 22 23 30 1122 1123 1130 1172 1173 1180 1522 1523 1530 3673 
m924 22 32 36 37 40 1122 1136 1137 1140 1622 1636 1637 1822 1872 1886 1890 2022 2036 
m357 26 46 1346 2346 
m976 23 36 41 1836 1841 2073 2086 2091 4323 4586 
m95 13 20 22 33 36 38 40 1013 1022 1033 1036 1038 1040 1113 1122 1133 1136 1138 1140 1813 1833 1838 1840 1913 1933 2013 2033 2038 4163 
m597 14 22 46 714 746 1114 1146 2314 2346 3246 4814 
m35 22 23 30 46 1122 1123 1130 1146 1180 1523 1530 1546 2330 2346 4823 
m995 36 41 1836 1841 2086 2091 4586 
m693 38 46 1938 1946 2346 
m1059 14 36 40 46 740 1814 1836 1840 1846 2014 2036 2040 2046 2314 2340 2346 3246 4314 4346 4836 
m33 23 26 34 36 46 1176 1184 1186 1196 1726 1746 1826 1846 2326 4334 
m872 23 30 36 40 41 1173 1180 1186 1190 1523 1530 1536 1540 1823 1830 1836 1840 2023 2030 2036 2040 2073 2080 2086 2090 3673 4323 
m1190 5 30 36 46 280 286 1536 1830 1836 2305 2330 2336 4836 
m1095 
m1151 37 46 1896 2346 4837 
m761 22 23 30 1122 1123 1130 1522 1523 
m437 
m687 23 46 2346 4823 
m844 45 
m31 22 30 36 38 41 46 48 1122 1138 1141 1830 1848 1930 1936 1941 1946 2080 2086 2088 2091 2096 2098 2330 2336 2348 2430 4336 
m720 12 14 22 45 46 645 712 745 1112 1114 1146 2314 2345 2346 3146 3246 4812 
m1165 16 22 36 40 822 836 840 1116 1122 1136 1140 1822 2022 2036 
m277 22 23 38 1123 1138 1923 
m66 22 27 36 40 46 1122 1127 1136 1140 1146 1390 1822 1827 1836 1840 1846 2022 2027 2036 2040 2046 2327 2336 2340 
m508 36 40 46 49 1836 1840 1846 1849 2036 2040 2046 2049 2336 2340 2346 2349 2486 2490 2496 4346 
m659 22 23 30 38 41 1123 1172 1173 1188 1523 1530 2073 2080 3673 
m525 5 23 32 36 46 273 282 286 1623 2305 2323 2332 2336 2346 4323 4332 4823 4836 
m1032 22 23 30 36 40 46 1122 1123 1130 1136 1140 1146 1180 1522 1523 1530 1536 1540 1546 1822 1823 1830 1836 1840 1846 2022 2023 2030 2036 2040 2046 2322 2323 2330 2340 4823 4846 
m353 23 30 46 49 1180 1523 1530 1546 2330 2346 2480 2496 4823 
m1079 22 23 36 40 41 1122 1123 1136 1140 1141 1172 1173 1822 1823 1836 1840 1841 2023 2036 2040 2041 2072 2073 3673 4341 
m333 22 46 49 1146 1149 2322 2346 2349 2496 
m478 36 49 1836 1849 2499 
m249 22 
m672 22 36 40 46 49 1136 1146 1149 1836 1840 1846 1849 2022 2036 2040 2046 2049 2336 2340 2346 2349 2472 2486 2490 2496 4346 
m281 22 30 36 38 46 49 1522 1536 1538 1546 1549 1822 1922 1930 1936 1938 1946 1949 2322 2330 2336 2338 2346 2349 2486 2496 
m84 36 40 46 49 1840 1846 1849 2036 2040 2046 2049 2336 2340 2346 2486 2496 4336 4346 4846 
m574 31 36 37 40 46 1587 1590 1596 1831 1837 1846 1890 1896 2340 
m347 29 34 36 1484 1486 1729 1734 1736 1829 1834 1836 4236 4334 
m717 22 36 40 46 1136 1146 1840 2336 2340 4336 4836 
m443 22 30 36 41 45 1130 1536 1541 2272 2280 4586 
m762 22 37 40 46 1140 1146 1872 1890 2340 4396 
m1018 
m32 22 41 44 46 49 1146 1149 2072 2094 2096 2099 2344 2349 2494 
m399 2 40 46 140 146 2046 
m879 22 23 30 40 41 1123 1130 1140 1190 1523 1530 1540 2022 2023 2030 2090 
m1021 22 23 37 41 1122 1123 1137 1141 1172 1173 1872 1873 2072 2073 2087 3673 
m532 22 23 30 36 40 41 1122 1123 1130 1136 1140 1173 1522 1523 1536 1822 1823 1830 1836 2022 2023 2030 2036 2072 2073 2080 2086 2090 2091 3673 4323 4586 
m560 13 22 33 36 40 672 686 690 1113 1122 1133 1136 1140 1672 1686 1690 1822 2022 2036 3183 
m446 33 45 1695 
m423 13 25 38 46 675 1913 1925 1946 2313 2325 
m1128 23 36 40 46 49 1199 1823 1836 1846 1849 2023 2036 2040 2046 2049 2336 2346 2349 3686 4346 4823 4836 
m251 32 36 38 40 46 1636 1638 1640 1646 1836 1838 1840 1846 2036 2046 2332 2336 2338 2340 2346 4136 4336 4346 
m259 12 32 36 46 1612 1646 1812 2336 2346 3146 4136 4346 4812 
m82 13 22 32 36 40 672 686 690 1113 1122 1136 1140 1613 1622 1636 1822 2022 2036 
m1040 22 23 36 37 40 1122 1123 1136 1137 1140 1172 1173 1822 1823 1836 1837 1840 1872 1873 2022 2023 2036 2037 2040 3673 
m518 22 23 30 36 40 41 46 49 1122 1123 1130 1136 1140 1141 1146 1149 1172 1173 1190 1191 1522 1523 1530 1536 1540 1541 1546 1822 1823 1830 1836 1840 1846 1849 2022 2023 2030 2036 2040 2046 2049 2322 2323 2330 2336 2340 2341 2346 2473 2480 2486 2490 2496 3696 4823 
m1029 22 23 36 37 40 41 1123 1137 1173 1186 1187 1190 1823 1873 1886 1890 2023 2036 2072 2073 2087 3673 4323 
m644 13 46 2313 
m1048 8 13 32 33 46 49 408 413 433 446 449 682 1682 2313 2332 2333 2463 2483 2496 4163 
m1176 13 22 38 49 699 1113 1122 1138 1913 1938 1949 
m711 46 2346 
m171 36 37 40 1836 1837 1840 2036 2037 2040 
m370 
m625 22 23 36 40 46 49 1123 1136 1146 1149 1186 1190 1196 1840 2036 2040 2046 2340 2473 2486 2490 2496 3686 4336 4346 
m41 30 46 49 2330 2480 2496 
m1182 22 23 36 40 46 1122 1123 1136 1140 1146 1186 1190 1196 1822 1836 2022 2036 2040 2046 2322 3686 4346 
m98 10 510 
m617 22 23 30 1122 1123 1130 1173 1180 1523 3673 
m945 40 46 48 2040 2046 2340 2346 2348 2440 2446 
m1145 12 14 46 712 2314 2346 3146 3246 4812 
m854 13 22 40 45 46 1122 1140 1145 1146 2013 2040 2046 2272 2290 2313 2346 3196 
m1041 23 30 36 41 1173 1523 1823 1830 2073 2080 3673 4323 4586 
m677 6 14 32 36 49 706 714 732 736 749 1606 1636 1806 2456 2482 2486 
m5 
