m137 41 46 2341 
m1127 36 37 39 40 41 46 49 1837 1839 1840 1841 1846 1849 1889 2037 2039 2046 2087 2089 2090 2096 2487 2490 2491 4396 4839 
m698 14 22 46 722 746 2322 2346 
m686 13 22 36 40 672 686 690 1113 1122 1136 1140 1822 2022 2036 
m1150 26 44 46 49 1344 1346 2246 2476 2494 2496 
m799 5 13 30 33 46 655 680 1505 1655 1680 2305 2313 2330 2333 4163 
m566 26 46 1346 
m68 17 46 2317 2346 4817 
m81 36 40 45 1845 2036 2045 
m72 26 38 46 1338 1346 1946 2346 
m71 36 40 46 1836 1840 1846 2036 2046 2336 2340 2346 
m20 26 46 1346 
m1057 22 23 30 1122 1123 1130 1172 1173 1180 1522 1523 1530 3673 
m643 14 22 36 1114 1136 4314 
m586 22 23 30 38 1123 1130 1172 1173 1188 1523 1530 3673 
m147 37 
m750 33 37 4383 
m748 8 36 408 2936 4308 
m580 30 46 2330 
m273 14 22 23 30 730 1114 1122 1123 1130 1180 1514 1522 1523 1530 3223 
m89 13 22 32 36 40 672 686 690 1113 1122 1136 1140 1613 1622 1636 1822 2022 2036 
m629 22 23 30 32 36 40 46 1122 1123 1130 1132 1136 1140 1146 1172 1173 1522 1523 1530 1532 1540 1546 1623 1630 1646 1822 1823 1830 1832 1840 1846 2022 2023 2030 2032 2036 2040 2046 2322 2323 2330 2332 2340 2346 3696 4823 
m528 13 16 36 40 49 1813 1816 1836 1849 2013 2016 2036 2049 2463 2466 3166 
m1217 23 46 1173 1196 3696 
m157 22 45 46 1122 1145 1146 2345 
m841 22 36 40 46 1122 1136 1140 1822 2022 2036 2040 2322 2336 2340 4336 
m337 36 
m765 22 23 30 46 1122 1123 1130 1146 1180 1523 1530 1546 2330 2346 4823 
m300 22 44 46 1144 1146 2246 2322 2344 2346 4846 
m1007 22 23 30 1123 1172 1173 1180 1522 1523 1530 3673 
m619 44 46 2246 2344 2346 4846 
m618 14 46 746 2346 
m4 22 23 36 40 41 46 1122 1136 1140 1146 1191 1822 1823 1836 1840 1841 1846 2022 2023 2036 2040 2041 2046 2323 2336 2341 2346 3686 4336 4341 4346 4823 
m983 23 36 41 49 1186 1199 1823 1836 1849 2073 2086 2099 2473 3673 4323 4586 
m1069 26 36 46 49 1326 1336 1346 1349 1826 1846 1849 2326 2476 2496 
m362 22 27 40 46 1127 1140 1146 2027 2046 2327 
m1130 
m751 30 46 2330 
m828 5 13 33 655 663 683 1655 1663 1683 4163 
m331 28 36 1828 1836 
m1016 22 23 36 40 1122 1123 1136 1140 1173 1186 1190 1822 1823 1836 1840 2022 2023 2036 2040 3673 3686 
m1237 22 23 30 1122 1123 1130 1172 1173 1180 1522 1523 1530 3673 
m10 22 23 36 40 41 1122 1123 1136 1140 1141 1172 1173 1186 1190 1191 1823 1836 1840 1841 2023 2036 2041 2072 2073 2086 2090 2091 3673 3686 4323 4336 4586 
m142 23 36 41 1186 1191 1823 1836 1841 2073 2086 2091 4341 4586 
m367 11 13 22 36 38 40 563 572 586 588 590 1113 1136 1138 1140 1813 1840 1913 1936 1940 2013 
m642 32 33 40 46 1633 2032 2033 2040 2046 2332 2333 
m968 45 
m444 14 22 46 722 746 2322 2346 
m640 22 27 46 1127 1146 2327 
m1124 22 26 33 40 1126 1133 1676 2022 2026 2033 
m1171 36 40 41 1836 1840 1841 2036 2041 2086 2091 4336 4341 4586 
m160 13 36 40 41 686 690 691 1841 2036 2041 2063 2086 2090 2091 
m758 36 45 1845 
m196 10 13 33 660 1660 4163 
m847 22 23 30 38 41 1123 1130 1172 1173 1188 1523 1530 2072 2073 2080 3673 
m1159 14 22 38 738 1114 1138 1914 1922 1938 
m1198 22 23 30 38 41 1123 1130 1172 1173 1188 1522 1523 1530 2072 2073 2080 3673 
m764 22 23 30 38 1122 1123 1130 1172 1173 1188 1522 1523 1530 3673 
m1115 11 13 22 33 36 40 661 1111 1113 1122 1133 1136 1140 1661 1811 1813 1833 1840 2011 2013 2033 4163 
m46 14 22 36 40 722 736 740 1114 1122 1136 1140 1822 2022 2036 
m871 22 23 36 41 45 1122 1123 1136 1141 1145 1173 1186 1195 1845 2073 2095 3673 3686 4323 4586 
m412 37 46 4837 
m546 5 13 26 33 263 283 1305 1313 1333 1655 1663 1683 3183 
m413 22 23 30 36 40 46 49 1122 1123 1130 1136 1140 1146 1172 1173 1180 1186 1190 1522 1523 1530 1536 1540 1546 1822 1823 1830 1840 1846 1849 2022 2023 2030 2036 2040 2046 2049 2322 2330 2336 2340 2346 2349 2472 2473 2480 2496 3696 4823 
m730 46 2346 
m923 13 22 33 36 40 672 686 690 1113 1122 1133 1136 1140 1672 1686 1690 1822 1840 2022 3183 
m371 3 23 30 41 46 180 1180 2053 2073 2080 2096 2303 2330 2673 4823 
m1019 22 23 30 41 1122 1123 1130 1172 1173 1180 1522 1523 1541 2072 2073 2080 3673 
m315 40 46 2046 
m401 22 44 46 1144 1146 2222 2246 2322 2344 2346 4846 
m242 16 22 44 49 844 849 1116 2494 
m860 12 36 46 49 649 1849 2336 2349 3136 4812 
m509 30 40 45 46 2030 2040 2045 2046 2280 2290 2296 2330 2340 2346 
m476 26 32 46 1626 1646 2326 
m452 22 41 46 1141 1146 2341 
m651 36 49 1849 
m382 23 30 46 1180 1523 1530 1546 2330 2346 4823 
m191 26 46 1326 1346 2346 
m827 13 22 45 695 1113 1122 1145 
m403 36 
m310 22 23 30 36 40 41 1122 1123 1130 1136 1140 1141 1172 1173 1186 1190 1191 1523 1536 1541 1840 1841 2023 2036 2041 2072 2073 2086 2090 2091 3673 3686 4323 4336 4586 
m645 5 36 38 286 1905 1936 
m1228 26 46 1346 
m729 46 2346 4846 
m407 20 22 23 30 38 1022 1023 1030 1038 1122 1123 1130 1172 1173 1180 1188 1520 1523 1922 1923 1930 3673 
m232 22 23 30 1122 1123 1130 1172 1173 1180 1522 1523 1530 3673 
m683 36 42 4636 
m225 46 
m406 22 40 44 46 1140 1144 1146 2022 2040 2044 2046 2222 2240 2246 2322 2340 2344 2346 4846 
m582 22 46 1146 
m850 14 22 36 40 722 736 740 1114 1122 1136 1140 1822 2022 2036 
m826 23 30 46 1173 1180 1196 1523 1530 1546 2323 2330 2346 3696 4823 
m1086 8 408 
m780 22 23 30 1122 1123 1130 1172 1173 1180 1522 1523 1530 3673 
m269 12 13 33 46 662 696 2333 3133 3183 4812 
m752 22 23 30 36 40 46 48 1122 1123 1130 1136 1140 1146 1148 1172 1173 1522 1523 1530 1540 1546 1822 1823 1830 1840 1846 2022 2023 2030 2036 2040 2046 2322 2323 2330 2340 2346 2430 2436 2440 2446 3696 4823 
m994 22 23 30 40 46 1122 1123 1130 1140 1146 1180 1523 1530 1546 2022 2023 2030 2046 2330 2346 4823 
m1111 38 46 1938 1946 
m920 7 22 46 1107 1122 1146 2307 2346 
m128 44 46 49 2246 2494 2496 
m553 36 46 2336 2346 4836 
m797 36 38 40 41 1841 1941 2036 2041 2086 2090 2091 
m903 23 45 2273 
m108 23 36 40 41 45 1186 1190 1823 1836 1840 2023 2036 2040 2073 2086 2090 2291 
m311 22 23 30 36 40 46 49 1122 1123 1130 1136 1140 1146 1149 1172 1173 1180 1186 1190 1199 1522 1523 1530 1536 1540 1546 1549 1822 1823 1830 1836 1840 1846 1849 2022 2023 2030 2036 2040 2046 2322 2330 2336 2340 2346 2472 2473 2480 2486 2496 3696 4823 
m936 36 40 1836 1840 2036 2040 4336 
m148 23 38 1923 3673 
m237 44 46 49 2344 2349 2494 
m24 13 33 36 38 40 688 1688 1813 1833 1838 2013 2033 2036 2038 4163 
m1103 22 38 44 46 1146 1922 1944 1946 2344 2346 4846 
m830 11 13 33 563 583 3183 
m116 22 23 30 38 41 1122 1123 1130 1172 1173 1180 1188 1523 1538 1541 1922 1923 1930 1938 2072 2073 2080 2088 3673 
m988 22 23 30 36 40 46 49 1122 1123 1130 1136 1140 1146 1172 1173 1180 1186 1190 1196 1523 1530 1536 1540 1546 1822 1823 1830 1840 1846 2022 2023 2030 2036 2040 2046 2330 2346 2472 2473 2486 2490 3696 4336 4346 4823 
m39 17 38 46 896 1917 1938 1946 2317 2338 2346 3396 4817 4846 
m835 32 36 1832 
m607 8 45 46 49 408 446 449 2258 2296 2349 
m556 40 46 2040 2046 
m813 45 2295 
m164 12 36 40 45 46 640 645 1845 2036 2045 2336 2340 2345 3136 4812 
m456 16 32 40 44 46 832 844 1644 2016 2032 2046 2316 2332 2344 
m599 45 
m1193 22 28 38 46 1128 1138 1146 1928 1938 2328 2338 
m198 13 14 33 38 40 46 49 664 690 696 749 1664 1690 1696 1913 1933 2014 2046 2049 2314 2349 2464 2496 4163 
m1048 22 37 46 1122 1137 1146 1872 2322 2346 4387 4396 4837 
m1024 5 32 36 255 282 286 1805 1832 
m999 38 46 1946 
m202 21 23 46 1171 2321 2323 
m532 10 45 46 2295 2296 2310 2346 
m192 14 22 36 40 46 722 1814 1822 1836 1840 1846 2014 2022 2036 2040 2046 2314 2322 2340 2346 3246 4314 4346 4836 
m224 
m96 22 32 46 1132 1146 1622 1632 1646 2322 2332 2346 
m41 22 46 1122 1146 
m526 40 45 46 2046 2290 2296 2346 
m114 13 33 4163 
m818 22 36 41 49 1136 1141 1149 1841 1849 2072 2086 2091 2099 2486 2491 4336 
m784 37 38 39 46 49 1899 1937 1946 1987 1988 1996 2337 2346 2349 4496 4837 
m16 22 33 46 1122 1133 1146 1696 2333 2346 4196 
m890 40 46 2046 
m268 12 14 33 46 712 746 2333 3133 3233 4812 
m849 22 26 46 1146 1322 1346 
m15 14 33 4164 
m204 22 46 49 1149 2322 2346 2349 
m1018 22 23 30 46 1122 1123 1130 1146 1180 1523 1530 1546 2330 2346 4823 
m145 11 45 595 
m924 13 22 36 38 40 41 1113 1136 1138 1140 1141 1813 1840 1913 1922 1936 1938 1940 1941 2013 2063 2086 2088 2090 
m426 22 30 46 1130 1146 2330 
m246 23 36 40 1823 1836 1840 2023 2036 2040 3686 
m560 13 22 33 36 40 1113 1122 1133 1136 1140 1813 1833 1840 2013 2033 4163 
m440 26 44 46 1346 2226 2246 2326 2344 2346 
m865 16 44 49 844 849 2494 
m1200 22 23 36 38 40 1123 1136 1138 1140 1173 1922 1923 1936 1938 1940 2023 2036 2038 3686 
m57 23 30 46 1196 1523 1530 1546 2323 2330 2346 3696 4823 
m1134 22 23 36 40 41 1123 1136 1140 1141 1172 1822 1823 1836 1840 2023 2036 2072 2073 2086 2090 2091 3673 4323 4586 
m125 17 46 2317 2346 4817 
m581 21 36 41 1821 2071 4341 
m171 22 36 40 1122 1136 2022 2036 2040 
m817 46 
m453 46 4846 
m623 14 46 746 2346 
m75 32 46 1632 1646 2332 2346 
m111 26 40 46 49 1340 1346 1349 2046 2490 2496 
m1120 
m309 14 32 36 46 746 1614 1632 1636 1646 1814 1832 1836 1846 2314 2332 2336 2346 4332 
m637 
m385 17 45 895 2267 2295 
m199 13 46 2313 
m873 22 23 31 36 46 1172 1181 1186 1196 1596 1822 1846 2322 3686 4086 4331 4336 4346 
m384 13 36 46 49 699 1849 2313 2349 4313 4836 
m1178 36 39 42 1986 2139 4636 
m370 41 
m568 22 44 46 1144 1146 2222 2246 2322 2344 2346 4846 
m1021 22 23 30 38 41 1123 1130 1172 1173 1188 1522 1523 1530 2072 2073 2080 3673 
m881 22 30 36 1136 1536 
m885 14 37 40 46 737 740 746 2037 2046 4837 
m1233 40 45 46 2040 2045 2046 2345 4846 
m118 32 36 46 1632 1636 1646 1832 1836 1846 2332 2336 2346 4332 
m166 22 23 36 40 41 1123 1136 1173 1186 1190 1191 1823 1836 1840 1841 2023 2036 2040 2041 2073 2086 3673 3686 4323 4586 
m425 38 45 1938 1945 
m51 26 46 1346 
m26 22 46 1146 
m267 14 27 38 727 1914 1927 
m1202 22 45 46 1145 1146 2296 
m1235 22 23 30 1122 1123 1130 1172 1173 1180 1522 1523 1530 3673 
m33 22 41 44 46 49 1146 1149 2072 2094 2096 2099 2344 2349 2494 
m458 14 22 36 40 722 736 740 1114 1122 1136 1140 1822 2022 2036 
m632 23 36 40 1190 1840 3686 4336 
m323 36 38 1936 
m1035 37 40 46 49 1899 2037 2046 2049 2337 2340 2346 2349 4396 
m1020 23 30 46 1196 1523 1530 1546 2323 2330 2346 3696 4823 
m805 46 
m1122 32 38 45 46 49 1638 1646 1649 1938 1946 1949 2282 2288 2296 2299 2332 2338 2346 2349 
m423 22 26 38 46 1122 1146 1322 1338 1346 1922 1938 1946 2322 
m922 8 408 
m61 22 23 30 36 40 46 49 1122 1123 1130 1136 1140 1146 1149 1172 1173 1180 1186 1190 1199 1522 1523 1530 1536 1540 1546 1549 1823 1840 2022 2023 2030 2036 2040 2046 2322 2330 2336 2340 2346 2472 2473 2480 2486 2490 2496 3696 4823 
m962 30 45 1530 2280 
m1000 30 46 2330 
m584 8 22 23 30 46 408 422 423 430 446 1122 1123 1130 1146 1180 1523 1530 1546 2330 4823 
m471 37 
m523 22 30 39 1130 1139 1980 
m14 5 14 36 264 286 4314 
m904 36 46 49 1849 2336 2346 2349 4836 
m583 33 44 49 1694 1699 2494 
m591 22 23 30 38 1122 1123 1130 1138 1172 1173 1188 1523 1530 1538 1922 1923 3673 
m693 22 23 30 46 1123 1130 1146 1180 1523 1530 1546 2330 4823 
m1173 46 48 2348 
m496 22 23 30 36 40 46 1122 1123 1130 1136 1140 1146 1172 1173 1522 1523 1530 1540 1546 1822 1823 1830 1840 1846 2022 2023 2030 2036 2040 2046 2322 2323 2330 2340 2346 3696 4823 
m132 46 
m766 22 33 44 49 1133 1694 1699 2494 
m727 46 50 2546 
m188 22 23 30 36 40 46 49 1122 1123 1130 1136 1140 1146 1149 1172 1173 1522 1523 1530 1540 1546 1822 1823 1830 1840 1846 2022 2023 2030 2036 2040 2046 2322 2323 2330 2336 2340 2346 2349 2480 2486 2490 2496 3696 4823 
m908 44 46 49 2246 2494 2496 
m679 15 38 46 1915 2315 2338 
m1191 13 37 4363 
m655 30 38 46 1946 2330 
m134 28 32 36 38 40 46 1628 1632 1636 1640 1646 1828 1832 1836 1932 1936 1940 1946 2028 2032 2036 2040 2046 2328 2332 2336 4136 4332 4836 
m786 22 36 46 49 1136 1146 1849 2336 2346 2349 
m626 32 37 1882 
m891 22 45 46 1145 1146 2296 
m501 44 46 2244 2246 2344 2346 
m312 22 40 1140 
m720 22 40 46 1140 1146 2046 
m1083 13 20 22 33 36 37 40 672 686 690 1013 1020 1022 1033 1036 1040 1120 1122 1136 1140 1672 1686 1690 1813 1820 1822 1840 1870 1872 1886 1890 2013 2020 2022 2036 3183 
m462 22 23 32 36 40 46 49 1122 1123 1132 1136 1146 1149 1172 1173 1182 1186 1190 1196 1199 1622 1623 1632 1636 1640 1646 1822 1823 1832 1836 1840 1846 1849 2022 2023 2032 2036 2046 2322 2323 2332 2336 2346 2349 2472 2473 2482 2486 2490 2496 3673 3686 3696 4323 4346 
m1059 37 
m9 34 46 2334 
m572 36 
m129 13 22 46 672 2322 4813 
m508 14 45 46 2264 2296 2314 2346 4814 
m877 23 36 40 46 1186 2023 2036 2040 2046 2323 2336 2340 2346 3696 4346 
m617 46 
