m742 14 38 45 46 1914 1938 1945 1946 2264 2314 2338 2345 2346 4814 
m706 23 38 1923 
m249 10 38 1910 1938 
m959 14 38 40 46 49 1938 1940 1946 2014 2046 2049 2346 2464 2496 4814 
m431 12 13 22 32 36 40 49 632 682 699 1112 1113 1122 1132 1136 1140 1812 1813 1832 1836 1840 1849 2012 2013 2032 2036 2049 2462 2482 2486 3136 3162 3186 
m631 22 23 30 1122 1123 1130 1173 1180 1523 3673 
m707 38 46 1938 1946 2346 
m793 46 2346 
m250 13 20 22 33 36 38 40 688 1013 1022 1033 1036 1040 1113 1133 1136 1138 1140 1688 1813 1822 1833 1838 1840 2013 2033 2036 2038 3183 3536 4336 
m761 22 23 36 40 41 46 49 1123 1136 1140 1141 1146 1191 1822 1823 1836 1840 1841 1849 2022 2023 2036 2040 2041 2046 2072 2073 2086 2090 2091 2322 2323 2336 2340 2341 2349 2472 2473 2486 2490 2491 4323 4336 4346 4836 
m680 45 
m1238 36 40 1836 1840 2036 2040 
m866 22 23 30 46 1122 1123 1130 1146 1172 1173 1180 1196 1522 1523 1530 1546 2322 2323 2330 2346 3696 4823 
m346 22 23 30 40 46 1123 1130 1146 1180 1523 1530 1546 2022 2023 2030 2046 2322 2323 2330 2340 2346 4823 
m760 34 1734 
m314 13 45 46 2295 2296 2313 2346 3196 
m804 14 46 49 2314 2346 2464 2496 4814 
m184 38 41 46 49 1938 1946 1949 2096 2349 
m597 22 23 36 40 41 1122 1123 1136 1140 1141 1173 1822 1823 1836 2022 2023 2036 2072 2073 2086 2090 2091 3673 4323 4586 
m1076 23 45 1195 
m963 23 26 30 40 46 1173 1180 1323 1330 1346 1523 2023 2026 2030 2046 2323 2330 3673 4823 
m240 22 46 1146 
m80 11 13 22 46 563 572 596 696 1111 1113 1122 1146 
m263 14 26 46 49 1314 1346 1349 2346 2464 2496 4814 
m1223 12 14 22 36 45 46 49 645 712 745 1112 1114 1146 1814 1822 1846 1849 2314 2345 2346 2464 2472 2496 3146 3246 4812 
m690 6 14 32 36 49 706 714 732 736 749 1606 1636 1806 2456 2482 2486 
m229 12 23 36 40 41 46 49 1162 1190 1196 1199 1812 1840 1846 1849 2012 2036 2040 2041 2046 2062 2073 2086 2096 2099 2323 2336 2341 2462 2486 2490 2496 3146 3686 4312 4336 
m576 30 41 46 2080 2330 2341 2346 
m1144 36 1836 
m1066 30 45 46 2280 2296 2330 2346 4846 
m976 22 30 36 1522 1536 1822 
m491 36 38 49 1849 1936 1938 1949 
m469 22 36 40 46 49 1136 1140 1146 1149 1822 1836 1840 1846 1849 2022 2036 2040 2046 2049 2322 2336 2340 2346 2349 2472 2486 2490 2496 4346 
m961 40 46 48 2040 2046 2340 2346 2348 2440 2446 
m1061 22 23 30 36 49 1123 1130 1136 1149 1522 1523 1530 1822 1823 1830 1836 1849 2472 2473 2480 2486 2499 
m636 5 14 22 23 32 36 37 41 264 282 286 722 737 741 1123 1137 1141 1155 1182 1186 1614 1637 1814 1872 1882 1886 1887 1891 2087 3664 4136 4332 
m702 23 30 36 40 41 1173 1186 1191 1523 1530 1536 1540 1541 1836 1841 2023 2030 2036 2041 3673 3686 4323 4341 
m418 23 30 36 40 41 49 1186 1190 1199 1523 1530 1536 1540 1549 1823 1836 1840 1849 2073 2080 2086 2090 2099 2490 3686 4336 
m1141 22 23 37 1122 1123 1172 1173 1872 1873 3673 
m319 30 36 37 40 46 1536 1537 1540 1546 1837 1840 1846 1890 2037 2040 2046 2340 4396 
m120 12 36 38 41 46 641 1841 1912 1936 1938 1941 1946 2062 2086 2091 2096 2312 2336 2341 4312 
m940 22 32 36 37 40 1122 1136 1137 1140 1622 1636 1637 1822 1872 1886 1890 2022 2036 
m858 22 30 40 46 1122 1130 1140 1146 2030 2046 2322 2330 2340 2346 
m1028 22 23 30 36 40 46 1122 1123 1130 1136 1140 1146 1172 1522 1523 1530 1536 1540 1822 1823 1830 1836 1840 1846 2022 2023 2030 2036 2046 2322 2323 2330 2336 2340 3673 3686 4323 4823 
m708 2 41 141 
m165 22 23 27 30 36 40 49 1123 1130 1136 1172 1173 1177 1180 1186 1190 1199 1372 1373 1380 1386 1522 1523 1527 1530 1536 1540 1549 1822 1823 1827 1830 1836 1849 2023 2027 2030 2036 2040 2049 2472 2473 2477 2480 2486 2499 3686 4336 
m775 22 23 30 1122 1123 1130 1522 1523 
m820 5 13 22 26 33 36 40 263 272 283 286 672 686 690 1113 1122 1133 1136 1140 1305 1313 1322 1333 1655 1663 1672 1683 1686 1690 1822 2022 2036 3183 
m598 23 36 40 41 46 1191 1823 1836 1841 1846 2023 2036 2040 2041 2046 2323 2336 2341 2346 3686 4341 4346 4823 
m281 30 38 1930 1938 
m931 14 46 714 746 2314 2346 4814 
m445 23 38 45 1923 2273 2288 
m149 23 36 40 46 49 1190 1836 1840 1846 2023 2036 2040 2046 2049 2323 2336 2340 2346 2349 2473 2486 2490 2496 3696 4323 4346 4823 4836 
m1189 22 23 30 36 40 41 1122 1123 1130 1136 1140 1141 1180 1186 1190 1522 1536 1540 1822 1830 1836 1840 1841 2022 2023 2030 2036 2041 2080 2086 
m278 13 22 33 36 40 672 686 690 1113 1122 1133 1136 1140 1672 1686 1690 1822 2022 2036 3183 
m1203 22 23 1122 1123 1173 3673 
m1011 22 23 30 46 1122 1123 1130 1146 1180 1523 1530 1546 2330 2346 4823 
m1109 
m928 22 37 46 1122 1137 1146 1872 2322 2337 2346 4837 
m330 14 40 45 46 745 2014 2040 2046 2314 2345 2346 3214 4814 
m372 6 36 43 336 1806 1836 1843 2186 2843 
m433 23 31 46 49 1196 1573 1596 2323 2346 2473 2481 2496 
m719 23 30 36 40 49 1180 1199 1549 1823 1830 1836 1840 1849 2023 2030 2036 2040 2049 2473 2480 2486 2490 
m479 23 30 36 41 49 1191 1523 1530 1541 1823 1830 1836 1841 1849 2073 2080 2086 2091 2099 2473 2480 2486 2491 2499 
m654 23 30 36 40 41 49 1186 1190 1199 1523 1530 1536 1540 1549 1836 1840 1849 2073 2080 2086 2090 2099 2490 3686 4336 
m378 13 23 36 46 49 1813 1823 1846 1849 2313 2346 2463 2473 2486 2496 2499 3663 4813 4823 
m981 13 22 36 40 1113 1122 1136 1140 1813 1840 2013 
m161 14 22 36 38 40 46 714 736 1114 1136 1138 1140 1146 1836 1914 1936 1940 2014 2036 2314 2336 2338 2340 3236 4314 4814 
m446 23 38 45 1923 2273 2288 
m798 31 36 38 46 1588 1838 2331 2338 4331 4836 
m1107 12 14 45 46 645 712 745 2314 2345 2346 3146 3246 4812 
m1116 22 23 30 37 40 46 1123 1130 1137 1146 1172 1187 1522 1523 1530 1537 1546 1872 2022 2023 2030 2037 2040 2046 2322 2323 2330 2346 3696 4396 4837 
m980 14 40 46 740 746 2014 2040 2046 2314 2340 2346 3214 3246 4814 
m630 12 22 23 30 36 40 46 612 622 623 630 636 646 1112 1136 1140 1146 1162 1173 1512 1523 1536 1546 1812 1822 1823 1830 1836 1846 2012 2023 2030 2036 2046 2312 2322 2323 2330 2336 3123 3686 4346 4812 
m771 22 30 36 46 1136 1146 1522 1536 1546 1846 2346 
m967 22 23 30 46 1122 1123 1130 1146 1172 1173 1180 1196 1522 1523 1530 1546 2322 2323 2330 2346 3673 4823 
m974 40 46 2040 2046 2340 
m195 22 23 30 36 40 46 49 1122 1123 1130 1136 1140 1146 1149 1172 1173 1522 1523 1530 1540 1546 1822 1823 1830 1840 1846 2022 2023 2030 2036 2040 2046 2322 2323 2330 2340 2346 2472 2486 2490 2496 3696 4823 
m377 10 32 46 1610 1632 1646 2310 2346 
m1226 14 33 37 46 737 746 2333 3233 4383 4837 
m488 36 49 1836 1849 2499 
m140 22 23 36 38 40 41 46 1138 1140 1146 1936 1940 1946 2022 2036 2038 2046 2072 2090 2323 4323 4836 
m1042 22 23 36 40 41 46 1122 1136 1140 1141 1186 1190 1191 1196 1823 1836 1840 1841 1846 2023 2036 2040 2041 2046 2072 2073 2086 2090 2091 2096 2336 2340 2341 3686 
m778 7 38 46 1907 1946 2307 2338 2346 
m688 5 13 22 263 272 1105 1113 1122 
m506 23 38 1923 1938 
m895 14 37 40 46 737 740 746 2037 2046 4837 
m622 22 44 46 1144 1146 2246 2344 2346 4846 
m34 23 26 34 36 46 1176 1184 1186 1196 1726 1746 1826 1846 2326 4334 
m548 22 23 30 36 41 46 1122 1123 1136 1141 1191 1522 1523 1536 1841 2322 2323 2330 2336 3686 
m66 14 37 46 2314 2337 2346 4364 4814 
m86 22 37 46 1122 1137 1146 2322 2337 2346 4837 
m351 17 38 46 888 2317 2338 2346 3396 
m536 5 23 32 36 46 273 282 286 1623 2305 2323 2332 2336 2346 4323 4332 4823 4836 
m473 22 23 36 38 41 1122 1123 1136 1138 1141 1922 1923 1936 1938 1941 2073 3686 4586 
m31 6 36 40 1806 2006 2036 
m492 22 38 45 46 1138 1145 1146 1938 1945 1946 2345 
m616 28 36 1428 1436 1828 1836 3936 4328 
m821 5 23 38 273 1905 1923 
m373 14 22 40 46 714 722 740 746 1114 1140 1146 2014 2046 2314 2340 2346 3246 4814 
m1205 14 22 23 30 40 45 46 714 746 1114 1145 1146 1164 1172 1190 1195 1196 1514 1522 1523 1530 1540 1545 1546 2014 2022 2023 2030 2040 2045 2046 2264 2296 2314 3664 
m1145 23 36 40 46 49 1199 1823 1836 1846 1849 2023 2036 2040 2046 2049 2336 2346 2349 3686 4346 4823 4836 
m208 22 23 30 41 46 1122 1123 1130 1141 1146 1172 1173 1180 1191 1196 1522 1523 1530 1541 1546 2072 2073 2080 2322 2323 2330 2341 2346 3673 3696 4823 
m284 23 45 1195 
m883 5 36 38 46 49 286 296 299 1849 1905 1936 1938 1946 2346 2349 2486 2499 4836 
m1102 22 23 30 36 40 1123 1136 1173 1180 1186 1190 1523 1536 1540 1823 1830 1840 2023 3673 4336 
m1073 22 23 30 46 1122 1123 1130 1146 1180 1523 1530 1546 2330 2346 4823 
m5 
m886 28 36 1828 1836 
m84 36 38 1936 
m696 8 10 38 508 1908 1910 
m1149 36 41 46 2096 2336 2341 2346 4586 4836 4846 
m1090 22 23 36 40 41 1123 1136 1140 1172 1822 1823 1836 2022 2023 2036 2072 2073 2086 2090 2091 3673 4323 4586 
m1121 26 36 46 49 1336 1346 2476 2486 2496 4836 4846 
m93 13 22 33 36 38 40 1113 1122 1133 1136 1138 1140 1813 1833 1838 1840 1913 1933 2013 2033 2038 4163 
m575 28 36 38 46 1928 1936 1946 2328 2336 2346 4328 4836 
m8 36 40 46 49 1836 1846 2036 2040 2046 2049 2336 2346 2349 2486 2496 4336 4836 
m1062 38 46 1938 1946 2338 2346 
m408 13 46 2313 
m515 5 23 24 40 41 46 273 274 290 291 1190 1240 1246 2023 2024 2040 2046 2073 2074 2090 2340 3696 3723 
m635 14 38 40 738 1914 1938 1940 2014 2038 2040 
m1092 22 23 30 36 40 1122 1123 1130 1136 1140 1180 1830 2023 2030 2036 4323 
m1158 26 38 46 1926 1938 1946 2326 
m565 22 23 30 36 40 41 1123 1130 1172 1173 1180 1186 1190 1522 1523 1530 1536 1540 1822 1823 1830 1840 2022 2023 2030 2073 3673 
m241 12 22 36 40 46 49 636 1136 1146 1812 1836 1846 2022 2036 2040 2046 2312 2336 2346 2349 2462 2486 2496 3136 4336 4812 4836 
m1199 22 23 36 40 46 1122 1123 1136 1140 1146 1186 1190 1196 1822 1836 2022 2036 2040 2046 2322 3686 4346 
m338 13 22 36 38 40 45 1113 1136 1138 1140 1145 1813 1840 1913 1936 1940 2013 2263 2286 2288 2290 
m979 17 22 38 46 888 1117 1138 2322 2338 4817 
m393 23 41 1191 2073 3673 
m90 36 40 41 1836 1840 1841 2036 2041 2086 2090 2091 4586 
m737 12 14 22 45 46 645 712 745 1112 1114 1146 2314 2345 2346 3146 3246 4812 
m884 29 36 49 1829 1836 2479 2486 4336 
m47 14 22 36 40 46 1114 1136 1140 1146 1814 1846 2014 2036 2046 2346 4346 4814 
m48 37 45 46 1895 2337 2345 2346 4396 
m1032 22 26 38 46 1146 1322 1346 1922 1926 1946 2346 
m1170 22 37 46 49 1137 1146 1899 2346 2349 2496 4396 4837 
m810 5 36 46 49 255 286 1805 1836 1846 1849 2305 2336 2455 2486 2496 
m954 12 13 22 36 40 622 636 640 672 686 690 1112 1113 1122 1136 1140 1822 2022 2036 3162 
m376 14 23 30 40 730 1180 1514 1523 1530 1540 2014 2023 2030 3223 
m77 38 46 1938 1946 
m899 22 23 30 36 38 40 41 46 1122 1123 1130 1136 1140 1146 1172 1173 1180 1186 1190 1522 1523 1530 1536 1540 1546 1823 1840 1922 1923 1930 1938 1941 1946 2023 2030 2036 2038 2040 2041 2046 2072 2073 2080 2096 2322 2330 2336 2340 2346 3696 4823 
m398 23 32 39 49 1173 1639 1973 2482 2489 3673 
m905 22 23 30 36 40 41 1122 1123 1130 1136 1140 1141 1173 1522 1523 1536 1822 1823 1830 1836 2022 2023 2030 2036 2072 2073 2080 2086 2090 2091 3673 4323 4586 
m933 22 36 37 40 46 1122 1136 1140 1146 1822 1836 1837 1840 1846 1872 1896 2022 2036 2037 2040 2046 2322 2337 2346 4387 4396 4837 4846 
m1148 22 23 30 36 40 41 46 1123 1130 1136 1141 1146 1180 1186 1190 1523 1530 1536 1540 1546 1830 2022 2023 2030 2036 2040 2046 2072 2073 2080 2086 2090 2091 2330 3696 4836 
m1156 12 22 23 36 40 41 46 49 640 641 646 1112 1123 1136 1141 1146 1149 1812 1836 1840 1841 1846 1849 2041 2046 2073 2086 2090 2091 2096 2099 2322 2323 2336 2340 2341 2349 2462 2473 2486 2496 4323 4336 4812 4836 
m1039 16 22 23 46 822 846 1122 1146 1172 2322 3323 3696 
m243 14 22 36 40 46 1114 1136 1140 1146 1814 1822 1836 1840 1846 2014 2022 2036 2040 2046 2346 4346 4814 
m624 5 45 295 
m201 22 23 30 41 1122 1123 1130 1172 1173 1180 1522 1523 1530 2072 2073 2080 3673 
m743 
m296 12 13 46 662 696 2312 2346 3196 4812 
m260 23 30 46 1180 2323 2330 2346 
m1065 23 24 40 46 1190 1240 1246 2023 2024 2040 2046 2340 3696 3723 
m494 22 23 36 40 41 46 49 1123 1136 1141 1836 1849 2041 2046 2073 2086 2091 2099 2322 2323 2336 2341 2349 2472 2473 2486 2491 4323 4336 4836 
m150 12 14 46 712 2314 2346 3146 3246 4812 
m58 21 23 36 40 46 1171 1821 1823 1846 2021 2023 2036 2040 2046 2321 2323 2346 4346 4823 
m542 14 36 40 46 1814 1846 2014 2036 2040 2046 2346 4346 4814 
m211 32 1632 
m951 13 30 680 1530 
m1232 22 41 1122 1141 
m1174 21 36 40 46 1090 1096 1840 1846 2321 2336 2340 2346 4321 
m19 29 36 38 49 1488 1499 1829 1836 1838 1849 1936 1938 1949 2479 2486 2488 2499 
m554 23 30 33 38 46 1180 1523 1530 1533 1546 1680 1923 1930 1933 1946 2323 2330 2333 2346 4173 4823 
m470 22 36 37 40 46 1136 1137 1140 1146 1837 1840 1846 1890 2022 2036 2037 2040 2046 2336 2340 2346 4336 4346 4396 4837 
m603 12 14 46 712 2314 2346 3146 3246 4812 
m340 22 23 30 36 40 41 46 1122 1123 1130 1136 1140 1141 1146 1172 1173 1180 1186 1190 1191 1523 1536 1540 1541 1841 2023 2036 2041 2072 2073 2080 2086 2090 2091 2096 2322 2323 2330 2341 2346 3673 4323 
m1034 22 23 30 36 40 41 46 1122 1123 1130 1136 1140 1141 1146 1191 1522 1523 1530 1536 1540 1541 1546 1822 1823 1830 1836 1840 1841 1846 2022 2023 2030 2036 2040 2041 2046 2072 2086 2090 2091 2341 3696 4323 
m910 13 26 46 1313 1346 2313 2326 2346 
m194 22 36 40 45 1122 1136 1140 1145 1836 1840 1845 2036 2040 2045 2286 2290 
m432 22 23 30 36 40 41 1122 1123 1130 1136 1140 1172 1180 1186 1522 1523 1536 1822 2023 2030 2036 2072 2073 2080 2086 2090 3673 4323 
m593 12 14 46 712 2314 2346 3146 3246 4812 
m1161 22 27 36 40 46 1122 1127 1136 1140 1146 1390 1822 1827 1836 1840 1846 2022 2027 2036 2040 2046 2327 2336 2340 
m1005 22 30 36 40 41 1136 1141 1536 1540 1541 1822 1836 1840 1841 2022 2036 2040 2041 2086 4336 4586 
m1194 10 36 41 46 536 541 546 1836 1841 2336 2341 4586 4836 
m1132 36 40 41 46 49 1836 1846 2036 2040 2041 2046 2049 2086 2090 2096 2336 2346 2349 2486 2496 4336 4836 
m404 5 13 33 38 263 283 288 655 663 1655 1663 1905 1913 1933 1938 4163 
m42 30 46 49 2330 2480 2496 
m898 22 23 36 37 40 41 1122 1123 1136 1140 1172 1173 1186 1190 1823 1872 1873 1891 2023 2036 2072 2073 2086 2090 3673 4323 
m35 22 23 36 37 40 41 1122 1123 1136 1137 1140 1141 1823 1836 1873 1886 1890 2023 2036 2073 2086 2087 2090 3673 4323 4373 4586 
m578 22 37 46 1122 1137 1146 2322 2337 2346 4837 
m1239 13 22 23 32 36 40 41 672 673 686 690 1122 1123 1136 1140 1141 1186 1190 1191 1613 1622 1623 1636 1823 1840 1841 2023 2041 3673 
m1010 36 41 1836 1841 2086 2091 4586 
m1002 37 40 45 46 49 1895 1899 2037 2040 2045 2046 2340 2345 2346 2349 2495 4387 4396 4837 
m64 22 40 46 1146 2340 
m1045 23 36 41 1186 2073 3673 4323 4586 
m896 22 23 30 36 40 41 46 49 1122 1123 1130 1136 1140 1146 1172 1173 1186 1190 1191 1199 1522 1523 1530 1536 1540 1541 1546 1549 1822 1823 1830 1836 1840 1841 1846 2022 2023 2030 2036 2040 2041 2046 2049 2072 2073 2086 2096 2099 2330 2336 2340 2341 2472 2473 2486 2490 2496 3696 4336 4823 
m144 32 37 1632 1637 1882 
m836 14 46 2314 2346 4814 
m287 22 36 40 41 1136 1140 1822 1836 1840 1841 2036 2041 2072 2086 2090 2091 4586 
m465 33 36 38 40 46 49 1686 1690 1838 1840 1846 1849 1933 1936 1938 1940 1946 2033 2036 2038 2040 2046 2333 2336 2338 2340 2346 2488 2490 2496 
m1224 15 16 37 46 1865 2315 2316 2337 2346 3315 4366 
m439 36 40 46 49 1836 1846 2036 2040 2046 2049 2336 2346 2349 2486 2496 4336 4836 
m577 22 23 30 46 1122 1123 1130 1146 1180 1523 1530 1546 2330 4823 
m197 22 23 30 36 40 41 46 1130 1146 1546 1836 1841 2023 2036 2041 2073 2086 2323 2336 2340 2341 3686 4323 4591 
m316 6 23 36 46 1156 1186 2306 2323 2336 4306 
m493 22 23 41 1122 1123 1141 1172 2072 2073 
m846 22 36 41 1122 1136 1141 1841 2072 2086 2091 4586 
m725 30 36 41 46 49 1536 1541 1841 2080 2086 2091 2096 2099 2330 2336 2341 2346 2349 2480 2486 2491 
m882 22 23 30 46 1122 1123 1130 1146 1180 1523 1530 1546 2330 2346 4823 
m650 36 
m545 14 22 23 30 40 45 46 714 746 1114 1145 1146 1164 1172 1190 1195 1196 1514 1522 1523 1530 1540 1545 1546 2014 2022 2023 2030 2040 2045 2046 2264 2296 2314 3664 
m63 22 23 30 41 46 1122 1123 1130 1141 1146 1541 1546 2072 2073 2322 2323 2341 2346 
m228 37 
m689 
m335 22 23 36 41 1123 1822 1823 2072 2073 3673 4323 4586 
m1089 14 26 46 714 726 746 1314 1346 2314 2326 2346 4814 
m217 32 46 1646 
m668 38 46 1938 1946 2338 2346 
m255 12 14 46 712 2314 2346 3146 3246 4812 
m27 32 33 36 1632 1633 1636 1683 1686 1833 1836 4136 4186 4333 4336 
m78 26 46 1346 2346 
m92 22 23 30 36 40 46 1122 1123 1130 1136 1140 1146 1172 1173 1522 1523 1530 1540 1546 1822 1823 1830 1840 1846 2022 2023 2030 2036 2040 2046 2322 2323 2330 2340 2346 3696 4823 
m704 33 38 41 46 1691 1933 1946 2341 4833 
m964 23 30 36 41 1173 1180 1186 1191 1523 1536 1541 1823 1830 1836 1841 2073 2080 2091 3673 4323 4586 
m1236 23 30 46 1180 1523 1530 1546 2330 2346 4823 
m518 26 36 46 1826 1846 2326 4336 4346 
m1030 5 22 23 24 40 46 273 274 290 1123 1146 1190 1222 1240 1246 2022 2023 2024 2040 2046 2340 3696 3723 
m477 22 23 30 38 46 1123 1130 1138 1146 1188 1523 1530 1538 1546 2338 3696 
m897 22 23 30 36 40 41 46 49 1122 1123 1130 1136 1140 1141 1146 1149 1172 1173 1190 1191 1522 1523 1530 1536 1540 1541 1546 1822 1823 1830 1836 1840 1841 1846 1849 2022 2023 2030 2036 2040 2046 2049 2322 2323 2330 2336 2340 2341 2346 2472 2473 2480 2486 2490 2496 3696 4823 
m726 46 2346 
m514 32 36 38 46 49 1632 1636 1649 1849 1932 1936 1938 1946 2332 2336 2338 2346 2349 
m513 
m29 12 22 23 36 45 46 49 622 645 1122 1145 1172 1195 1812 1822 1845 1846 2272 2295 2322 2345 2462 2473 2486 2496 3662 3696 4323 4812 
m527 5 23 30 36 46 255 273 280 286 296 1180 1505 1523 1530 1536 1546 1830 1846 2330 4323 4823 
m832 46 2346 
m1055 22 23 36 37 40 1122 1123 1136 1137 1140 1172 1173 1822 1823 1836 1837 1840 1872 1873 2022 2023 2036 2037 2040 3673 
m641 22 23 30 36 40 46 1122 1123 1130 1136 1140 1146 1172 1173 1180 1186 1190 1522 1523 1530 1536 1540 1546 1823 1840 2022 2023 2030 2036 2040 2046 2322 2330 2336 2340 2346 3696 4823 
m409 23 36 38 40 46 1923 1936 1940 1946 2023 2036 2046 2323 3686 4836 
m463 36 49 1836 1849 2499 
m448 
m669 14 23 32 36 49 723 732 736 749 1182 1199 1636 1649 1849 3686 
m658 13 46 2313 
m843 22 23 41 46 1123 1141 1146 1173 1191 1196 2073 2323 2341 3673 4823 
m711 22 36 41 49 1122 1136 1141 1149 1841 1849 2486 2491 4336 
m435 22 23 30 36 40 41 1122 1123 1130 1136 1140 1141 1172 1173 1186 1190 1191 1523 1536 1541 1840 1841 2023 2036 2041 2072 2073 2086 2090 2091 3673 3686 4323 4336 4586 
m1012 23 26 30 46 1180 1323 1326 1330 1346 1523 1530 2330 2346 4823 
m782 22 23 41 1122 1123 1173 2072 2073 3673 
m343 18 45 945 2295 
m238 13 22 41 691 1113 1122 1141 
m437 36 46 49 1849 2336 2346 2349 2486 2496 2499 4336 4836 
m653 30 46 49 1530 1549 2330 2346 2349 
m538 13 22 33 36 37 40 41 683 686 690 1113 1122 1133 1136 1140 1141 1690 1813 1822 1833 1836 1840 1872 1886 1887 2013 2022 2033 2036 2040 2063 2072 2086 
m544 20 22 36 41 1022 1120 1122 1136 1141 1820 1822 2070 2072 4586 
m1175 36 49 1836 1849 2499 
m182 22 23 30 32 36 40 46 1122 1123 1130 1132 1136 1140 1146 1172 1173 1522 1523 1530 1546 1622 1623 1630 1640 1646 1822 1823 1830 1832 1840 1846 2022 2023 2030 2032 2036 2040 2046 2322 2323 2330 2332 2336 2340 2346 3696 4823 
m436 38 44 45 46 49 1938 1946 2238 2246 2294 2296 2338 2344 2346 2349 
m342 23 30 36 41 1180 1186 1830 2073 2080 3673 3686 4323 4586 
m1185 30 36 46 49 1536 1549 1849 2330 2336 2346 2349 
m207 14 16 23 46 716 723 746 2316 3323 4823 
m547 14 29 31 36 49 729 731 736 1579 1586 1814 1829 1831 1836 1849 2464 2481 2486 3236 4086 4336 
m1023 22 26 38 46 1146 1322 1346 1922 1926 1946 2346 
m262 32 36 46 49 1832 1849 2332 2336 2346 2349 2482 4332 4336 4836 
m82 27 32 38 46 1382 1388 1396 1638 1646 1946 
m665 41 44 45 2241 2245 2291 
m790 26 46 1326 1346 2346 
m264 17 23 26 30 46 880 896 1180 1317 1323 1330 1346 1517 1523 1530 1546 2330 3373 4823 
m555 22 26 32 46 1126 1132 1146 1332 1346 1646 2326 2332 2346 
m747 22 23 30 36 40 45 46 1123 1130 1136 1140 1146 1180 1523 1530 1536 1546 1830 2023 2030 2036 2046 2272 2273 2280 2286 2290 2296 2330 2336 4323 4823 
m380 44 46 49 2344 2349 2494 
m30 46 2346 
m187 8 32 37 46 49 408 437 446 449 1882 1896 2332 2346 2482 2487 2496 4396 
m913 14 36 40 46 1814 1836 1846 2014 2036 2040 2046 2336 2346 4314 4346 4814 
m753 32 40 45 46 1646 2032 2045 2046 2282 2296 
m893 14 32 41 741 1614 1641 
m271 12 32 36 46 1612 1646 1812 2336 2346 3146 4136 4346 4812 
m480 38 46 1938 1946 2338 2346 
m410 2 40 46 140 146 2046 
m802 14 46 2314 2346 4814 
m511 23 30 40 1180 1190 1523 1530 1540 2023 2030 
m746 14 22 40 46 722 2014 2046 2314 2322 2346 4814 
m181 23 30 40 41 1180 1190 1523 1530 1540 2023 2030 2040 
m811 6 14 32 314 332 732 
m700 23 46 2346 4823 
m1229 22 23 30 41 1122 1123 1130 1172 1173 1180 1522 1523 1530 2072 2080 3673 
m938 36 41 1836 1841 2086 2091 4586 
m151 46 
m796 32 36 38 40 46 49 1632 1636 1649 1849 1932 1936 1946 2032 2036 2038 2046 2332 2336 2338 2340 2346 2349 
m152 22 40 41 46 1140 1141 2022 2040 2041 2046 2072 2090 2091 2096 2341 
m350 8 408 
m902 26 46 1346 2346 
m235 14 22 40 46 1114 1140 1146 2014 2040 2046 2314 2346 4814 4846 
m739 22 23 46 1123 1172 1173 2322 2323 3673 4823 
m1221 22 23 30 36 40 41 46 1122 1123 1130 1136 1141 1146 1190 1522 1523 1530 1536 1540 1546 1840 2023 2036 2040 2072 2073 2080 2086 2096 2323 2330 2340 3686 4836 
m589 22 23 36 40 46 49 1172 1822 1823 1836 1849 2022 2023 2036 2040 2046 2049 2322 2323 2336 2349 2473 2486 3686 4336 4346 4836 
m917 22 37 39 46 1122 1137 1139 1146 2337 2339 2346 4487 4837 4839 
m829 14 22 33 722 1672 4164 
m957 22 36 37 40 46 1136 1137 1140 1146 1837 1840 1846 1890 2022 2036 2037 2040 2046 2336 2340 2346 4336 4346 4396 4837 
m772 22 36 40 1122 1136 1140 1822 1836 1840 2022 2036 
m348 15 38 46 1915 1938 1946 2315 2338 
m816 20 48 2420 
m627 22 30 36 40 41 1122 1130 1136 1141 1522 1541 1840 2036 2040 2086 2090 
m697 5 23 24 40 46 273 274 290 1190 1240 1246 2023 2024 2040 2046 2340 3696 3723 
m247 22 23 36 40 41 1122 1123 1136 1822 1823 1836 1840 2022 2023 2036 2072 2073 2086 2090 3673 4323 4586 
m1106 22 48 1122 1148 
m252 13 22 33 36 40 672 1113 1122 1133 1136 1140 1672 1813 1822 1833 1840 2013 2022 2033 4163 
m1160 6 14 32 36 314 332 732 1806 1814 1832 
m379 22 23 36 40 46 49 1122 1123 1136 1146 1149 1172 1822 1849 2022 2023 2036 2046 2049 2322 2323 2336 2349 2472 2473 2486 4323 4336 4836 
m709 36 41 46 2096 2336 2341 2346 4586 4836 4846 
m344 23 40 46 1190 2023 2040 2046 2340 2346 3696 4823 
m421 33 36 38 46 49 1833 1846 1938 1946 2333 2336 2346 2349 2483 2486 2496 4833 
m997 13 22 32 36 40 672 686 690 1113 1136 1140 1613 1622 1636 1640 1822 2022 2036 2040 3186 4336 
m606 22 23 27 30 36 40 49 1172 1186 1199 1372 1373 1380 1386 1399 1522 1523 1527 1530 1536 1549 1822 1823 1827 1830 1836 1840 1849 2023 2027 2030 2036 2040 2049 2472 2473 2477 2480 2486 2499 3686 4336 
m788 22 37 46 49 1872 2322 2346 2487 2496 4396 4837 
m856 22 46 1122 1146 2322 2346 4846 
m783 5 23 24 40 46 273 274 290 1190 1240 1246 2023 2024 2040 2046 2340 3696 3723 
m170 12 13 20 22 32 36 40 49 632 682 699 1012 1013 1022 1036 1040 1112 1113 1122 1132 1136 1140 1812 1813 1832 1836 1840 1849 2012 2013 2032 2036 2049 2462 2482 2486 3136 3162 3186 
m364 14 714 
m107 14 22 25 46 725 1114 1125 1146 2325 3246 
m1164 30 38 41 46 1930 1941 1946 2080 2330 2338 2341 2346 
m7 22 23 30 46 1122 1123 1130 1146 1180 1523 1530 1546 2330 4823 
m525 27 1377 
m6 6 14 23 32 36 706 723 732 736 1156 1182 1606 1636 1806 3686 
m320 22 23 30 36 40 45 1123 1130 1136 1145 1523 1830 2022 2023 2030 2036 2045 2273 2280 2286 4323 
m579 26 46 1346 2346 
m868 13 22 36 45 46 1113 1136 2295 2296 2313 2322 2336 3186 
m894 22 23 30 40 41 1123 1130 1140 1190 1523 1530 1540 2022 2023 2030 2090 
m143 22 23 30 36 40 46 1122 1123 1130 1136 1140 1146 1172 1173 1180 1186 1190 1522 1523 1530 1536 1540 1546 1823 1840 2023 2036 2040 2322 2330 2336 2340 2346 3696 4823 
m420 41 2091 
m69 23 36 3686 
m326 23 30 36 41 1523 1823 1830 2073 2080 3673 4323 4586 
m248 22 23 30 36 40 41 46 1122 1123 1130 1136 1140 1141 1146 1180 1522 1523 1530 1536 1540 1546 1822 1823 1830 1836 1840 1841 1846 2022 2023 2030 2036 2040 2041 2046 2072 2086 2090 2322 2323 2330 2340 4823 4846 
m390 11 13 22 33 36 40 563 572 583 586 672 686 690 1113 1122 1133 1136 1140 1672 1686 1690 1822 2022 2036 3183 
m127 13 33 40 690 1690 4163 
m459 22 23 32 36 40 46 49 1122 1123 1132 1136 1146 1149 1172 1173 1182 1186 1190 1196 1199 1622 1623 1632 1636 1640 1646 1822 1823 1832 1836 1840 1846 1849 2022 2023 2032 2036 2046 2322 2323 2332 2336 2346 2349 2472 2473 2482 2486 2490 2496 3673 3686 3696 4323 4346 
m74 23 30 1180 1523 1530 
m1214 22 23 30 36 40 46 1122 1123 1130 1136 1140 1146 1172 1173 1180 1186 1190 1522 1523 1530 1536 1540 1546 1823 1840 2022 2023 2030 2036 2040 2046 2322 2330 2336 2340 2346 3696 4823 
m1014 26 31 36 37 46 1576 1587 1596 1826 1831 1837 1846 1876 1896 2326 
m288 22 36 41 1122 1136 1141 1841 2091 4586 
m457 33 45 1695 
m763 23 36 38 49 1186 1923 1936 1938 1949 2473 2486 
m487 22 23 24 40 46 1123 1124 1140 1146 1190 1240 1246 2022 2023 2024 2046 2340 3696 3723 
m984 22 46 1122 1146 2346 
m490 22 23 30 36 40 45 46 1122 1123 1130 1136 1145 1146 1172 1173 1180 1186 1190 1196 1522 1523 1530 1536 1540 1545 1546 1822 1823 1830 1845 2022 2023 2030 2036 2046 2272 2273 2280 2286 2290 2296 2322 2323 2330 2336 2340 2345 3696 4346 4823 
m932 36 49 1836 1849 2499 
m245 14 40 46 2014 2046 2314 2346 4814 
m1104 5 13 33 38 46 655 1655 1696 1913 1933 1946 2305 2313 4163 
m1100 14 46 714 746 2346 4814 
m919 30 46 49 2330 2480 2496 
m1188 22 45 46 1145 1146 2296 
m610 23 36 41 45 1186 1191 2273 2286 2291 3673 3686 4586 
m722 3 36 48 49 186 198 1803 1848 1849 2453 2486 2498 2499 4336 
m1179 13 38 46 688 1913 1938 1946 2313 2338 2346 3196 
m998 12 36 40 46 49 1812 2012 2036 2046 2049 2336 2346 2462 2486 2496 3146 4346 4812 
m290 23 38 45 1923 2273 2288 
m825 
m472 22 30 36 40 1122 1136 1140 1522 1536 1822 1836 1840 2022 2036 
m308 22 32 33 36 40 1122 1132 1133 1136 1140 1633 1636 1832 1833 1836 1840 2032 2033 2036 4186 4333 4336 
m131 23 30 38 46 1180 1523 1530 1538 1546 1923 1930 1938 1946 2330 4823 
m363 23 30 36 40 41 49 1190 1523 1530 1540 1541 1823 1830 1836 1840 1841 1849 2073 2080 2090 2473 2480 2486 2490 2491 2499 
m332 22 37 46 49 1137 1146 1899 2346 2349 2496 4396 4837 
m965 46 2346 
m840 22 23 30 36 40 41 1122 1123 1130 1136 1140 1173 1522 1523 1536 1822 1823 1830 1836 2022 2023 2030 2036 2072 2073 2080 2086 2090 2091 3673 4323 4586 
m864 12 13 22 36 40 622 636 640 672 686 690 1112 1113 1122 1136 1140 1822 2022 2036 3162 
m1025 21 22 23 30 36 40 46 1072 1073 1080 1090 1096 1121 1122 1123 1130 1136 1140 1146 1172 1173 1522 1523 1530 1546 1821 1822 1823 1830 1840 1846 2021 2022 2023 2030 2036 2040 2046 2321 2322 2323 2330 2340 2346 3696 4823 
m91 36 40 46 49 1840 1846 1849 2036 2040 2046 2049 2336 2340 2346 2486 2496 4336 4346 4846 
m276 28 
m948 12 23 30 46 1162 1196 1512 1523 1530 1546 2346 3696 4812 
m303 14 22 40 46 1114 1146 2014 2022 2040 2046 2314 2346 4814 4846 
m1215 22 23 37 1122 1123 1172 1173 1872 1873 3673 
m521 22 23 30 36 40 41 46 1122 1123 1130 1136 1140 1141 1146 1180 1522 1523 1530 1536 1540 1546 1822 1823 1830 1836 1840 1846 2022 2023 2030 2036 2040 2046 2072 2086 2090 2091 2322 2323 2330 2340 4823 4846 
m105 36 
m1105 22 23 30 39 46 1123 1130 1139 1146 1173 1180 1189 1196 1522 1523 1539 1546 1972 1973 1980 1989 1996 2322 2323 2330 2339 2346 3689 3696 4473 4496 4823 
m498 14 23 30 36 40 46 730 1180 1814 1823 1830 1846 2014 2023 2030 2036 2040 2046 2314 2330 2346 3223 4346 4814 4823 
m1085 14 22 46 722 746 2322 2346 
m604 22 36 40 41 1822 1840 2022 2036 2072 2086 2090 4336 4586 
m295 13 22 33 36 40 1113 1122 1133 1136 1140 1686 1690 1813 2013 2036 4163 
m844 38 45 46 49 1938 1946 1949 2288 2296 2299 2349 
m54 23 36 3686 
m1186 32 1632 
m1180 16 22 36 40 822 836 840 1116 1122 1136 1140 1822 2022 2036 
m759 13 22 672 1113 1122 
m633 22 36 40 41 46 1136 1141 1146 2022 2036 2041 2046 2086 2096 2336 
m272 46 2346 
m454 22 30 36 41 45 1130 1536 1541 2272 2280 4586 
m823 12 23 36 40 41 46 49 623 636 640 641 649 1191 1823 1840 1841 2012 2023 2036 2040 2041 2046 2073 2086 2090 2091 2099 2312 2323 2336 2341 2346 2349 2473 2486 2490 2491 3136 4323 4336 4812 
m113 46 2346 
m244 36 40 41 1836 1840 2036 2086 2090 2091 4586 
m945 37 41 46 49 1891 2337 2341 2346 2349 2487 2491 2496 4396 
m59 22 36 40 41 1136 1140 1141 1836 1841 2036 2041 2086 2090 2091 4586 
m870 14 22 32 732 1114 1132 
m455 14 26 32 726 1614 1626 
m806 22 30 36 40 45 46 1122 1130 1136 1140 1145 1146 1536 1540 1836 1840 2036 2040 2272 2296 2322 
m1009 23 30 36 40 41 49 1186 1190 1199 1523 1530 1536 1540 1549 1836 1840 1849 2073 2080 2086 2090 2099 2486 2490 2499 3686 4336 
m1074 14 36 40 46 740 1814 1836 1840 1846 2014 2036 2040 2046 2314 2340 2346 3246 4314 4346 4836 
m1157 13 36 38 40 41 686 690 691 1841 1913 1941 2036 2041 2063 2086 2088 2090 2091 
m146 13 22 45 695 1113 1122 1145 
m73 22 26 33 36 49 1322 1333 1349 1672 1822 1826 1833 1849 2472 2483 
m915 46 2346 
m977 22 36 41 1122 1136 1141 1841 2091 4586 
m613 37 39 46 1889 4396 4839 
m862 14 22 36 40 41 46 714 722 736 741 1822 1836 1841 2014 2036 2046 2072 2314 2322 2336 2341 3236 4314 4586 4814 
m1047 22 23 30 36 40 46 1122 1123 1130 1136 1140 1146 1180 1522 1523 1530 1536 1540 1546 1822 1823 1830 1836 1840 1846 2022 2023 2030 2036 2040 2046 2322 2323 2330 2340 4823 4846 
m394 23 41 1191 2073 3673 
m970 22 23 36 40 1122 1123 1136 1140 1173 1186 1190 1823 1836 2022 2023 2036 2040 3686 4323 
m481 13 22 33 36 40 46 49 672 686 690 1113 1133 1136 1672 1686 1690 1822 2013 2022 2036 2046 2313 2322 2333 2336 2340 2349 2463 2472 2483 2486 3183 
m321 34 45 2284 
m209 3 30 153 180 1503 1530 
m293 22 30 36 38 46 49 1522 1536 1538 1546 1549 1822 1922 1930 1936 1938 1946 1949 2322 2330 2336 2338 2346 2349 2486 2496 
m1227 22 23 30 46 49 1122 1123 1130 1146 1149 1172 1173 1180 1199 1522 1523 1530 1549 2322 2323 2330 2349 2472 2473 2480 3673 4823 
m325 22 23 30 36 41 1123 1130 1523 1822 1823 1830 2072 2073 2080 3673 4323 4586 
m212 22 36 40 46 49 1136 1140 1146 1836 1846 2022 2036 2040 2046 2049 2336 2346 2349 2486 2496 4336 4836 
m1211 5 36 37 46 49 286 296 299 1849 1855 1886 1896 1899 2305 2336 2346 2349 4836 4837 
m1128 36 38 46 1936 1938 1946 2336 2346 
m1234 30 44 45 2230 2245 2280 
m1153 13 22 32 36 38 40 672 686 690 1113 1122 1136 1140 1613 1622 1636 1822 1913 1922 1932 1936 2022 2036 
m724 23 24 40 46 1190 1240 1246 2023 2024 2040 2046 2323 2324 2340 3696 3723 
m415 12 13 22 36 40 622 636 640 672 686 690 1112 1113 1122 1136 1140 1822 2022 2036 3162 
m872 5 23 24 38 40 46 273 274 290 1190 1240 1246 1905 1923 1924 1938 2023 2024 2040 2046 2340 3696 3723 
m156 22 23 37 1123 1137 1172 1173 1187 1873 3673 
m1082 14 22 23 722 1164 1172 
m135 23 36 40 41 1191 1823 1841 2023 2036 2041 3686 4323 4336 4586 
m879 
m925 36 46 49 2486 2496 4836 4846 
m117 32 33 36 1632 1633 1636 1683 1686 1833 1836 4136 4186 4333 4336 
m718 23 30 36 49 1180 1199 1549 1823 1830 1849 2473 2480 2486 
m800 22 23 30 36 40 46 1122 1123 1130 1136 1140 1146 1173 1180 1186 1190 1522 1523 1530 1536 1540 1822 1823 1830 1836 1840 1846 2022 2023 2030 2036 2040 2046 2322 2323 2330 2336 3673 4823 
m1218 21 32 33 46 1082 1083 1096 1633 2321 2332 2333 2346 4833 
m1 16 23 36 40 41 46 836 840 841 1186 1190 1191 1841 2023 2036 2040 2041 2046 2066 2073 2086 2090 2091 2096 2316 2336 2340 2341 3666 4823 
m993 36 40 41 46 1840 2036 2040 2041 2046 2086 2096 2336 2340 2346 4346 4846 
m809 6 14 32 36 314 332 732 1806 1814 1832 
m601 12 22 23 36 40 41 46 49 636 640 641 646 1123 1136 1141 1146 1149 1812 1836 1840 1841 1846 1849 2036 2041 2046 2073 2086 2090 2091 2096 2099 2322 2323 2336 2340 2341 2349 2462 2472 2473 2486 2491 2496 4323 4336 4812 4836 
m770 22 23 30 36 40 41 46 49 1122 1123 1130 1136 1140 1141 1146 1149 1172 1173 1186 1190 1191 1199 1522 1523 1530 1536 1541 1546 1549 1823 1840 2023 2036 2040 2072 2073 2086 2096 2099 2322 2330 2336 2340 2341 2472 2473 2486 2490 2496 3696 4823 
m1119 14 22 38 46 738 1114 1146 2338 3246 
m1177 14 36 40 41 46 714 736 2014 2036 2046 2064 2086 2090 2096 3246 4314 4346 4814 
m489 22 36 38 40 1122 1136 1138 1140 1836 1838 1840 1936 1938 2036 2038 2040 
m814 23 24 40 46 1190 1240 1246 2023 2024 2040 2046 2340 3696 3723 
m1241 14 36 40 46 1814 1846 2014 2036 2040 2046 2314 2346 4346 4814 4846 
m837 23 31 45 46 49 1195 1196 1573 1596 2295 2323 2345 2346 2473 2481 2496 
m307 46 2346 4846 
m200 13 22 44 46 694 1113 1146 2313 2344 
m807 28 38 1928 1938 
m1003 22 36 40 46 1136 1140 1146 1846 2022 2036 2040 2046 4336 4346 
m1037 38 1938 
m1027 14 46 714 3246 4814 
m110 14 23 30 40 47 730 1180 1514 1523 1530 1547 2014 2023 2030 2047 2364 2373 2380 3223 
m947 23 31 46 49 1196 1573 1596 2346 2473 2481 2496 2499 
m975 22 32 46 1122 1132 1146 1622 1646 2322 2332 2346 4846 
m900 12 22 23 30 36 46 630 636 1172 1180 1186 1522 1536 1822 2330 2336 3123 3686 4336 4812 4823 
m803 14 36 41 46 714 736 741 1836 1841 2091 2314 2336 2341 3236 4314 4586 4814 
m70 22 27 36 40 46 1122 1127 1136 1140 1146 1390 1822 1827 1836 1840 1846 2022 2027 2036 2040 2046 2327 2336 2340 
m355 12 22 36 38 40 46 612 636 1112 1122 1136 1138 1140 1146 1812 1836 1840 1846 1912 1922 1936 1938 1940 1946 2012 2022 2036 2038 2046 2312 2336 2346 3146 4812 4836 
m1052 22 23 30 36 40 41 46 1122 1123 1130 1136 1140 1141 1146 1191 1523 1536 1541 1546 1841 1846 2023 2030 2036 2040 2041 2046 2072 2073 2091 2341 3696 4323 
m1168 37 46 1896 2346 4837 
m36 22 23 30 46 1122 1123 1130 1146 1180 1523 1530 1546 2330 2346 4823 
m313 14 30 40 46 1514 1546 2014 2030 2040 2046 2314 2346 4814 
m87 22 23 36 40 41 1122 1136 1140 1141 1173 1186 1190 1823 1836 1840 1841 2022 2023 2036 2040 2041 2073 2086 2090 2091 3686 4323 
m254 5 13 22 33 36 40 263 272 283 286 672 686 690 1113 1122 1133 1136 1140 1672 1686 1690 1822 2022 2036 3183 
m539 12 36 38 41 46 641 1841 1936 1938 1941 1946 2062 2086 2091 2096 2312 2336 2341 4312 
m611 14 22 46 714 746 1114 1146 2314 2346 3246 4814 
m520 22 23 46 1122 1123 1146 1196 2323 3673 
m99 22 40 46 1146 2046 2322 2340 2346 
m1137 36 46 4836 
m738 2 27 36 40 46 1352 1386 1396 1802 2002 2027 2036 2046 2302 4836 
m927 46 
m1212 
m11 22 36 37 40 46 1122 1136 1140 1146 1822 1836 1837 1840 1846 1872 1896 2022 2036 2037 2040 2046 2322 2337 2346 4387 4396 4837 4846 
m512 22 23 30 41 1123 1141 1172 1173 1191 1522 1523 1541 2073 2080 2091 3673 
m887 23 30 36 40 41 1173 1180 1186 1190 1523 1530 1536 1540 1823 1830 1836 1840 2023 2030 2036 2040 2073 2080 2086 2090 3673 4323 
m358 
m85 22 23 30 32 36 40 41 49 1140 1182 1199 1523 1530 1532 1536 1549 1823 1830 1832 1849 2022 2023 2030 2032 2036 2040 2072 2090 2482 
m28 14 22 26 37 39 722 737 1314 1322 1337 1339 1872 1964 1972 1987 
m678 23 30 37 39 1180 1523 1530 1537 1539 1880 1980 1987 4373 4473 
m986 22 23 36 40 41 46 1123 1141 1146 1191 1822 1823 1836 1841 1846 2022 2023 2036 2040 2041 2046 2323 2336 2341 2346 3686 4341 4346 4823 
m354 5 13 22 33 36 40 263 272 283 286 290 672 686 690 1122 1136 1140 1672 1686 1690 1822 2022 2036 3183 
m695 
m673 22 23 30 38 41 1123 1172 1173 1188 1523 1530 2073 2080 3673 
m1135 5 45 255 295 2255 2295 
m1162 12 14 46 712 2314 2346 3146 3246 4812 
m23 32 40 1632 2032 
m723 23 36 3686 
m21 13 22 40 690 1113 1122 
m995 14 23 30 38 730 1180 1514 1523 1530 1914 1923 1930 3223 
m991 17 38 40 46 888 1917 1946 2017 2038 2046 2338 4817 
m417 22 32 36 37 40 1122 1132 1136 1137 1140 1637 1832 1837 1840 2032 2037 
m183 28 36 38 46 1828 1836 1928 1936 1938 1946 2328 2336 
m1015 36 40 46 1840 1846 2036 2040 2046 2346 4346 
m531 14 22 23 30 730 1114 1122 1123 1130 1180 1514 1523 1530 3223 
m808 22 23 45 1123 1173 1195 3673 
m79 36 40 41 1836 1840 2036 2086 2090 2091 4586 
m522 36 38 40 41 1838 1841 1941 2036 2038 2041 
m605 22 23 30 36 40 46 1122 1123 1130 1136 1140 1146 1180 1523 1530 1822 1823 1830 1840 1846 2022 2023 2030 2046 2330 4823 
m652 23 24 40 46 1190 1240 1246 2023 2024 2040 2046 2340 3696 3723 
m773 12 26 46 626 1312 1326 1346 2326 4812 
m347 14 22 36 40 722 736 740 1114 1122 1136 1140 1822 2022 2036 
m543 22 23 30 36 40 41 1122 1123 1130 1136 1140 1173 1522 1523 1536 1822 1823 1830 1836 2022 2023 2030 2036 2072 2073 2080 2086 2090 2091 3673 4323 4586 
m701 17 40 46 896 2017 2046 2346 3396 
m53 22 24 1124 
m261 32 36 38 40 46 1636 1638 1640 1646 1836 1838 1840 1846 2036 2046 2332 2336 2338 2340 2346 4136 4336 4346 
m712 6 43 4656 
m971 22 23 36 40 46 1122 1123 1136 1140 1146 1172 1822 2023 2036 2046 2322 2323 2336 2340 2346 4323 4823 4836 
m215 22 23 36 40 41 1122 1123 1136 1140 1141 1173 1186 1190 1823 1836 2022 2023 2036 2040 2072 2073 2086 2090 2091 3686 4323 
m889 14 32 38 40 41 46 738 740 741 746 1614 1638 1640 1646 1941 1946 2090 2340 2341 
m714 12 14 46 712 2314 2346 3146 3246 4812 
m1070 22 23 36 40 46 1122 1123 1136 1140 1146 1186 1190 1196 1822 1836 2022 2036 2040 2046 2322 3686 4346 
m854 12 36 46 49 646 649 1849 2336 2346 2349 3136 4812 
m374 14 22 46 714 722 746 2314 2322 2346 3246 4814 
m687 22 37 46 49 1122 1137 1146 1899 2346 2349 2496 4396 4837 
m163 14 36 38 41 46 714 1814 1836 1838 1914 1936 2064 2086 2088 2096 2314 2336 2338 3236 4314 4586 4814 
m1197 14 36 40 46 1814 1840 1846 2014 2036 2040 2046 2314 2346 4346 4814 4846 
m1096 22 23 30 41 46 1122 1123 1130 1146 1180 1523 1530 1546 2072 2073 2080 2091 2096 2330 4823 
m535 14 22 36 41 46 714 722 736 741 1822 1836 1841 2072 2314 2322 2336 2341 3236 4314 4586 4814 
m256 14 40 45 46 2014 2040 2046 2290 2296 2314 2346 3214 4814 
m845 12 14 40 46 712 2012 2014 2046 2314 2346 3146 3246 4812 
m468 12 15 26 40 41 626 776 2012 2015 2041 2062 2065 2076 3262 
m317 22 23 30 36 1172 1180 1522 1822 1823 1830 
m45 37 49 1899 2487 
m1146 32 34 38 46 1632 1646 1732 1734 1746 1932 1934 1946 2332 
m677 13 22 30 680 1113 1122 1130 
m301 22 44 46 1144 1146 2222 2246 2322 2344 2346 4846 
m1075 46 
m666 23 27 30 36 40 49 1173 1177 1180 1186 1190 1199 1373 1380 1386 1523 1527 1530 1536 1540 1549 1823 1827 1830 1836 1849 2023 2027 2030 2036 2040 2049 2473 2477 2480 2486 2499 3686 4336 
m534 
m609 21 23 27 38 46 1073 1077 1096 1177 1921 1923 1946 2323 2327 
m615 14 46 2314 2346 4814 
m1006 22 23 30 36 40 41 46 1122 1123 1130 1136 1140 1141 1146 1172 1173 1180 1186 1190 1191 1523 1536 1540 1541 1841 2023 2036 2041 2073 2080 2086 2090 2091 2322 2323 2330 2341 3673 4323 
m648 8 408 
m285 22 36 40 41 1136 1140 1141 1836 1840 1841 2036 2041 2091 4586 
m1231 13 38 46 1913 1938 1946 2313 
m1176 22 36 40 46 49 1136 1140 1146 1822 1840 1846 2022 2036 2040 2046 2049 2322 2336 2340 2346 2349 2486 2490 2496 4836 
m1213 22 37 46 1122 1137 1146 2322 2337 2346 4837 
m1049 27 32 1382 
m76 22 23 30 36 40 41 1123 1130 1136 1140 1141 1172 1173 1180 1186 1190 1523 1822 1823 1830 1836 2023 2030 2036 2073 3673 4323 4586 
m124 
m567 22 32 36 40 1122 1136 1140 1622 1636 1822 1836 1840 2022 2036 
m138 23 30 36 40 46 1190 1523 1536 1540 1546 1823 1830 1836 1840 1846 2023 2030 2036 2040 2046 2323 2330 2340 2346 3696 4323 4346 4836 
m483 22 23 38 41 46 1123 1172 1173 1938 1941 1946 2072 2073 2096 2322 2323 3673 4823 
m162 14 22 36 38 41 46 714 736 1114 1136 1836 1914 1922 1936 1941 2064 2072 2086 2314 2322 2336 2338 2341 3236 4314 4586 4814 
m375 14 23 30 38 40 730 1180 1514 1523 1530 1540 1914 1923 1930 1940 2014 2023 2030 3223 
m230 23 30 46 1180 1523 1530 1546 2330 2346 4823 
m878 22 36 40 41 1136 1141 1836 1840 2036 2086 2090 4586 
m1181 22 23 30 36 37 40 46 49 1123 1130 1136 1137 1140 1146 1149 1180 1523 1530 1546 1822 1823 1830 1836 1837 1840 1846 1872 1873 1880 1886 1890 1896 2022 2023 2030 2036 2037 2046 2330 2346 2472 2486 2487 2490 2496 4396 4823 
m38 13 25 38 46 675 1913 1925 1946 2313 2325 
m1001 23 36 1173 1186 1823 1836 3673 3686 4323 
m1043 26 46 49 1326 1346 1349 2349 
m259 22 
m776 22 37 40 46 1140 1146 1872 1890 2340 4396 
m819 13 20 22 32 36 40 46 672 686 690 1013 1022 1032 1036 1122 1136 1140 1613 1622 1636 1822 2022 2036 2313 2320 2332 2336 2340 
m339 22 23 30 1122 1123 1130 1173 1522 1523 3673 
m552 23 30 33 46 1180 1523 1530 1533 1546 1680 2323 2330 2333 2346 4173 4823 
m794 22 36 37 40 1122 1136 1137 1140 1822 1872 1886 1890 2022 2036 
m478 23 36 41 46 1836 1841 1846 2073 2086 2323 2341 4323 4836 
m1051 37 46 49 1899 2346 2349 2487 2496 4396 4837 
m716 22 23 30 36 40 41 46 49 1122 1123 1130 1136 1140 1146 1172 1173 1186 1190 1191 1199 1522 1523 1530 1536 1540 1541 1546 1549 1822 1823 1830 1836 1840 1841 1846 2022 2023 2030 2036 2040 2041 2046 2049 2072 2073 2086 2096 2099 2330 2336 2340 2341 2472 2473 2486 2490 2496 3696 4823 
m1004 46 2346 
m869 13 22 40 45 46 1122 1140 1145 1146 2013 2040 2046 2272 2290 2313 2346 3196 
m757 22 36 38 40 41 46 1136 1141 1836 1840 1841 1936 1940 1941 1946 2022 2036 2038 2040 2041 2046 2086 2090 2091 2322 2336 2341 4586 
m223 22 36 40 46 1822 1840 1846 2022 2036 2040 2046 2322 2336 2340 2346 4336 4346 4836 
m104 11 13 22 33 36 40 661 1111 1113 1122 1133 1136 1140 1661 1811 1813 1833 1840 2011 2013 2033 4163 
m257 46 2346 
m495 22 40 1122 1140 
m946 22 23 36 40 46 1122 1123 1136 1146 1172 1822 1823 1836 2022 2023 2036 2040 2046 2322 2323 4323 4346 4836 
m189 13 22 36 38 40 672 686 690 1113 1122 1136 1140 1822 1913 1922 1936 2022 2036 
m44 22 23 30 36 40 41 1122 1123 1136 1140 1141 1172 1173 1186 1190 1191 1522 1523 1536 1541 1840 1841 2023 2036 2041 2072 2073 2086 2090 2091 3673 3686 4323 4336 4586 
m1053 46 2346 
m943 36 40 46 1840 1846 2036 2040 2046 2346 4346 
m461 23 38 1173 1188 1923 
m1081 22 30 32 36 40 41 46 49 1122 1130 1132 1136 1140 1141 1146 1522 1532 1536 1546 1622 1646 1822 1830 1832 1836 1840 1846 1849 2022 2030 2032 2036 2040 2046 2049 2072 2090 2096 2322 2472 2480 2482 2486 2490 2496 4346 4846 
m399 22 40 44 46 1140 1144 1146 2040 2046 2222 2240 2246 2322 2340 2344 2346 4846 
m474 
m785 12 23 36 46 49 636 649 1199 1849 2336 2349 3123 3686 4812 4823 
m389 23 31 46 48 49 1196 1573 1596 2346 2423 2431 2446 2473 2481 2496 2498 
m3 6 14 32 36 49 706 714 732 736 749 1606 1636 1806 2456 2482 2486 
m1118 14 22 23 30 46 730 746 1114 1122 1123 1130 1146 1180 1514 1523 1530 1546 2330 3223 4823 
m318 12 32 36 38 46 1612 1646 1812 1912 1932 1936 1946 2312 2332 2336 2346 3146 4136 4346 4812 
m1113 23 32 46 1196 1623 1646 2346 
m812 13 37 4363 
m888 23 30 49 1180 1199 1549 2473 2480 2499 
m612 22 23 30 36 40 46 1122 1123 1130 1136 1140 1146 1180 1522 1523 1530 1536 1540 1546 1822 1823 1830 1836 1840 1846 2022 2023 2030 2036 2040 2046 2322 2323 2330 2340 4823 4846 
m279 23 30 36 38 46 49 1173 1180 1186 1188 1196 1199 1523 1530 1536 1538 1546 1549 1823 1830 1838 1846 1849 1923 1930 1936 1946 1949 2330 2336 2338 2346 2349 2473 2480 2486 2488 2496 4823 
m731 23 30 40 46 49 1190 1199 1523 1530 1540 1546 1549 2330 2340 2346 2349 2490 2496 3696 4823 
m484 30 32 36 46 1630 1830 1846 2330 2332 4332 
m703 14 20 38 46 49 720 1914 1946 2320 2349 2464 2470 4814 
m83 23 30 36 49 1180 1523 1530 1549 1823 1830 1836 1849 2473 2480 2486 2499 
m50 22 24 1124 
m867 22 36 40 41 45 46 1136 1140 1141 1146 2036 2046 2090 2096 2272 2286 2291 2296 4346 4586 
m852 22 23 30 46 1123 1130 1146 1180 1523 1530 1546 2330 4823 
m754 37 46 49 1899 2337 2346 2349 4396 4837 4846 
m106 10 510 
m540 38 49 1938 1949 
m507 22 23 30 36 40 46 1122 1123 1130 1136 1140 1146 1172 1173 1522 1523 1530 1540 1546 1822 1823 1830 1840 1846 2022 2023 2030 2036 2040 2046 2322 2323 2330 2336 2340 2346 3696 4823 
m519 36 40 46 49 1836 1840 1846 1849 2036 2040 2046 2049 2336 2340 2346 2349 2486 2490 2496 4346 
m98 22 40 46 1140 1146 2022 2046 2322 2340 2346 
m1201 22 23 36 40 46 1123 1136 1140 1146 1186 1190 1840 2023 2036 2040 2323 2336 2340 3673 4323 4336 4836 
m952 22 23 24 40 46 1122 1123 1124 1140 1146 1190 1222 1240 1246 2022 2023 2024 2340 3696 3723 
m174 23 36 1186 1836 3686 
m428 23 24 40 46 1190 1240 1246 2023 2024 2040 2046 2323 2324 2340 3696 3723 
m383 
m551 22 32 36 40 1122 1132 1136 1140 1622 1636 1640 1822 1836 1840 2022 2036 4332 
m226 22 23 30 46 1122 1123 1130 1146 1523 1530 1546 2330 2346 3696 4823 
m1166 14 40 46 714 740 746 2014 2046 2340 2346 4814 
m1060 13 36 38 40 1813 1913 1936 1940 2013 2036 
m779 23 46 2323 2346 4823 
m1067 22 23 36 40 41 1123 1141 1173 1186 1190 1823 1836 2023 2036 2040 2072 2073 2086 2090 2091 3686 4323 
m37 5 36 38 46 286 296 1905 1936 1946 4836 
m1210 13 22 36 37 40 672 686 690 1113 1122 1136 1137 1140 1822 1872 1886 1890 2022 2036 3187 
m550 23 30 33 46 1180 1523 1530 1533 1546 1680 2323 2330 2333 2346 4173 4823 
m662 36 49 1836 1849 2499 
m949 22 23 36 40 46 1122 1123 1136 1140 1146 1196 1823 1836 2022 2023 2036 2040 2046 3686 4346 4836 
m1151 21 36 38 45 1095 1845 1921 1936 1945 3586 
m361 34 36 1734 1736 1834 1836 4236 4334 
m595 37 46 49 1899 2346 2349 4396 4837 
m1129 23 36 40 41 1186 1190 1191 1836 1840 1841 2023 2036 2040 2041 2073 2086 2090 2091 3686 4323 4336 4586 
m930 15 22 27 38 46 777 1115 1146 1915 1922 1938 1946 2315 2327 2346 
m1008 22 23 30 36 40 46 1122 1123 1130 1136 1140 1146 1172 1173 1522 1523 1530 1540 1546 1822 1823 1830 1840 1846 2022 2023 2030 2036 2040 2046 2322 2323 2330 2340 2346 3696 4823 
m158 23 30 36 41 1186 1191 1523 1536 1541 3673 3686 4586 
m101 13 22 36 45 46 49 699 1113 1136 1849 2295 2296 2313 2322 2336 2349 3186 
m1101 22 23 36 37 40 1122 1123 1136 1137 1140 1172 1173 1823 1837 1840 1872 1873 2023 2036 2037 2040 3673 
m499 22 23 30 38 1122 1123 1130 1172 1173 1188 1522 1523 1530 3673 
m956 22 32 46 49 1122 1132 1146 1622 1646 1649 2322 2332 2346 2349 2472 2482 2496 4846 
m185 30 36 40 46 1830 1836 1840 1846 2030 2036 2040 2046 2330 2336 2340 2346 4336 4346 4836 
m694 14 22 36 40 46 714 1114 1136 1140 1814 2014 2036 2046 3236 3246 4346 4814 
m559 14 33 46 1664 1696 2314 2346 4196 4814 
m541 22 23 30 1172 1522 1523 
m1036 22 23 37 41 1122 1123 1137 1141 1172 1173 1872 1873 2072 2073 2087 3673 
m130 
m608 16 26 36 40 46 49 826 1826 2016 2036 2046 2316 2326 2346 2466 2490 2496 3336 3346 4346 4836 
m460 22 23 32 36 40 46 49 1122 1123 1132 1136 1146 1149 1172 1173 1182 1186 1190 1196 1199 1622 1623 1632 1636 1640 1646 1822 1823 1832 1836 1840 1846 1849 2022 2023 2032 2036 2046 2322 2323 2332 2336 2346 2349 2472 2473 2482 2486 2490 2496 3673 3686 3696 4323 4346 
m670 38 1938 
m153 22 23 30 36 40 46 1122 1123 1130 1136 1140 1146 1172 1173 1180 1186 1190 1522 1523 1530 1536 1540 1546 1823 1840 2023 2036 2040 2322 2330 2336 2340 2346 3696 4823 
m298 22 23 36 41 1122 1123 1136 1822 1823 2072 2073 3673 4323 4586 
m644 11 13 33 661 1661 4163 
m685 22 36 40 46 49 1136 1146 1149 1836 1840 1846 1849 2022 2036 2040 2046 2049 2336 2340 2346 2349 2472 2486 2490 2496 4346 
m206 23 24 40 46 1190 1240 1246 2023 2024 2040 2046 2340 3696 3723 
m1078 10 37 46 537 546 4396 
m270 14 22 36 40 41 46 714 722 736 741 1822 1836 1841 2014 2036 2046 2072 2314 2322 2336 2341 3236 4314 4586 4814 
m175 23 36 1186 1836 3686 
m173 30 36 40 49 1536 1549 1830 1836 1849 2030 2036 2499 4336 
m1195 26 46 1346 2346 
m1182 22 27 46 1146 1372 1377 1396 
m762 22 23 36 40 41 46 49 1122 1123 1136 1140 1141 1191 1822 1823 1836 1840 1841 1849 2022 2023 2036 2040 2041 2046 2072 2073 2086 2090 2091 2322 2323 2336 2340 2341 2349 2472 2473 2486 2490 2491 4323 4336 4346 4836 
m1087 28 36 38 1438 1838 1928 1936 4328 
m467 46 
m574 13 22 33 36 40 672 686 690 1113 1122 1133 1136 1140 1672 1686 1690 1822 2022 2036 3183 
m996 22 36 40 41 1122 1136 1140 1141 1822 1836 1840 1841 2022 2036 2041 2072 2086 2090 2091 
m649 11 13 33 661 1661 4163 
m283 10 14 27 38 710 1360 1364 1388 1910 1914 1927 1938 
m935 13 17 22 672 872 1113 1117 1122 3363 
