m2597 14 23 38 46 49 1196 1914 1923 1946 1949 2464 2473 2496 3664 4814 
m2022 23 38 46 49 1188 1199 1938 1946 2338 2346 2349 3696 4823 
m1819 30 40 46 49 2030 2046 2049 2330 2349 2480 2496 4846 
m890 38 41 46 1938 1941 1946 2341 
m1590 22 23 30 36 40 46 1122 1123 1130 1136 1140 1146 1172 1173 1180 1186 1190 1522 1523 1530 1536 1540 1546 1823 1840 2023 2036 2040 2322 2323 2330 2336 2340 2346 3696 4823 
m1175 23 30 36 41 1173 1523 1823 1830 2073 2080 3673 4323 4586 
m1120 22 23 30 36 40 46 49 1122 1123 1130 1136 1140 1146 1172 1173 1180 1186 1190 1196 1523 1530 1536 1540 1546 1822 1823 1830 1840 1846 2022 2023 2030 2036 2040 2046 2330 2346 2472 2473 2486 2490 3696 4336 4346 4823 
m640 46 2346 4846 
m529 5 36 38 46 49 255 286 288 296 299 1805 1836 1838 1846 1849 1905 1936 1946 2346 2349 2486 2499 4836 
m1813 13 38 46 1913 1946 2313 2346 4813 
m575 22 32 37 38 46 49 1132 1137 1146 1637 1646 1922 1938 1946 1949 2332 2337 2346 2472 2487 2496 4837 
m1803 22 45 1145 2272 2295 
m1736 5 11 32 36 37 46 286 287 296 555 586 587 596 1605 1611 1636 1637 1646 1855 1861 1886 1887 1896 2305 2311 2332 2336 2337 2346 4337 4837 
m1779 32 44 46 1632 1644 1646 2344 
m205 23 26 30 33 40 46 49 1180 1323 1333 1340 1346 1673 1680 1696 2023 2030 2033 2046 2330 2476 2480 2483 2490 2496 4823 
m429 12 45 46 645 2345 4812 
m1415 30 44 45 2230 2245 2280 
m1296 22 23 36 40 41 1122 1123 1136 1140 1141 1173 1186 1190 1823 1836 1840 1841 2022 2023 2036 2040 2041 2072 2073 2086 2090 2091 3686 4323 
m1222 14 46 714 746 2314 2346 4814 
m452 32 46 1632 1646 2332 2346 
m140 11 23 30 41 1161 1173 1180 1511 1523 1530 2061 2073 2080 3673 
m2866 14 32 36 44 46 736 1614 2214 2232 2236 2314 2332 2336 2344 4136 4846 
m1979 5 17 41 46 255 867 891 2055 2091 2317 2341 2346 4817 
m2297 22 30 46 1122 1130 1146 2322 2330 2346 
m705 26 38 46 1926 1946 2326 
m1565 26 36 37 46 49 1336 1337 1346 1349 1837 1846 1849 2476 2486 2487 2496 2499 4837 
m491 22 23 36 40 1122 1123 1136 1140 1173 1823 2023 2036 3673 
m1650 22 38 46 1138 1146 1938 1946 2338 
m1456 32 36 38 46 49 1632 1636 1649 1849 1932 1936 1938 1946 1949 2332 2336 2346 2349 
m382 14 22 32 46 49 732 749 1114 1132 1146 1649 2314 2332 2346 2349 4814 
m1647 14 40 46 2014 2040 2046 2314 2346 3214 4814 
m2236 23 30 36 49 1180 1199 1549 1823 1830 1849 2473 2480 2486 
m2214 22 38 44 46 1138 1144 1146 1944 1946 2344 2346 
m469 13 38 46 1913 1938 1946 2313 
m1929 26 32 36 46 1332 1336 1346 1832 2332 2336 2346 4836 
m1952 5 32 36 38 45 46 49 282 286 288 295 296 1632 1638 1645 1646 1838 1845 1846 1932 1936 1945 1946 2295 2332 2338 2345 2346 2455 2482 2486 2488 2496 4136 4332 4836 
m663 23 30 36 40 46 1186 1190 1523 1530 1536 1540 1546 1823 1830 1836 1846 2023 2030 2036 2046 2330 2336 2340 2346 3696 4823 
m1132 22 36 40 41 1122 1136 1140 1141 1822 1836 1840 1841 2022 2036 2041 2072 2086 2090 2091 
m1022 22 30 36 40 41 49 1122 1130 1136 1140 1141 1149 1536 1540 1822 1840 1841 2022 2036 2040 2041 2080 2086 2090 2472 2486 2490 
m2415 15 26 46 776 2326 4815 
m1561 12 36 38 41 46 641 1841 1912 1936 1938 1941 1946 2062 2086 2091 2096 2312 2336 2341 4312 
m789 22 23 30 36 40 46 1122 1123 1130 1136 1140 1146 1172 1173 1522 1523 1530 1540 1546 1822 1823 1830 1840 1846 2022 2023 2030 2036 2040 2046 2322 2323 2330 2340 2346 3696 4823 
m1425 6 14 23 32 36 706 723 732 736 1156 1182 1606 1636 1806 3686 
m1408 22 30 38 46 1130 1146 1922 1930 1946 2322 2330 2346 
m100 13 20 22 33 36 38 40 1013 1022 1033 1036 1038 1040 1113 1122 1133 1136 1138 1140 1813 1833 1838 1840 1913 1933 2013 2033 2038 4163 
m1129 23 46 2346 4823 
m962 13 22 40 45 46 1122 1140 1145 1146 2013 2040 2046 2272 2290 2296 2313 2346 3196 
m2420 22 23 30 46 1123 1130 1146 1180 1523 1546 2330 4823 
m861 22 23 46 49 1122 1123 1146 1149 1199 2323 2346 2349 
m680 13 33 46 2313 2333 4163 
m2108 14 46 2314 2346 4814 
m1482 26 32 36 38 46 1332 1336 1346 1832 1926 1932 1936 1946 2332 2336 2346 4836 
m1640 22 30 36 40 41 46 1122 1140 1141 1146 1522 1536 1540 1822 1840 1841 1846 2022 2036 2040 2041 2046 2072 2096 2322 
m2083 30 36 46 49 1549 1830 1846 1849 2330 2336 2346 2349 
m2820 13 38 46 1913 1938 1946 2313 2346 
m1392 22 23 30 45 1123 1173 1180 1523 2272 2273 3673 
m1628 26 38 46 1926 1938 1946 2326 
m1837 32 46 1646 2332 2346 
m1159 22 30 40 46 1130 1146 2022 2030 2046 2322 2330 2346 
m2027 20 22 36 41 1022 1120 1122 1136 1141 1820 1822 2070 2072 4586 
m952 41 46 2341 2346 
m2708 5 36 40 46 49 286 296 299 2005 2036 2046 2346 2349 2486 4836 
m2235 8 46 49 408 446 449 2349 
m2739 22 23 36 38 40 41 1122 1123 1136 1140 1172 1822 1823 1836 1840 1922 1923 1936 1941 2023 2036 2072 2073 2086 2088 2090 2091 3673 4323 4586 
m1407 23 36 42 1173 1186 1192 3686 4342 
m727 12 41 46 2062 2091 2096 2312 
m1217 
m2596 22 26 33 1122 1126 1133 1676 
m483 14 46 714 746 2314 2346 4814 
m62 22 23 30 41 46 1122 1123 1130 1141 1146 1522 1541 1546 2072 2073 2322 2323 2341 2346 
m459 
m420 46 2346 
m2713 22 36 40 41 1136 1141 1836 1840 1841 2036 2041 2072 2086 2090 2091 4586 
m2754 22 23 46 49 1122 1123 1146 1149 1196 1199 2322 2323 2346 2349 4846 
m2421 26 32 36 38 46 1332 1336 1346 1832 1926 1932 1936 1938 1946 2332 2336 2346 4836 
m1588 22 23 30 40 41 1130 1140 1180 1523 1530 2022 2023 2030 2072 2090 
m166 9 23 30 46 1159 1509 1523 1546 2309 2323 2346 4823 
m602 14 714 
m341 22 36 40 41 46 49 1136 1140 1146 1149 1822 1840 1846 1849 2022 2046 2072 2086 2090 2096 2322 2336 2340 2346 2349 2490 2496 4336 
m2404 22 23 32 36 1123 1132 1136 1173 1182 1186 1623 1823 3673 4332 
m1863 22 23 30 36 40 1123 1130 1136 1140 1172 1173 1186 1190 1523 1536 1540 1823 2022 2023 2036 3673 4323 
m116 22 23 30 1122 1123 1130 1173 1180 1522 1523 1530 
m1504 32 46 1632 1646 2332 2346 4846 
m1592 37 39 40 46 1890 1987 1990 2340 4396 4496 
m2101 45 46 49 2295 2299 2345 2349 
m2604 22 23 30 36 40 41 46 1122 1123 1130 1136 1140 1141 1146 1172 1173 1180 1186 1190 1191 1523 1536 1540 1541 1841 2023 2036 2041 2073 2080 2086 2090 2091 2322 2323 2330 2341 3673 4323 
m1117 5 26 30 37 46 1337 1346 1505 1855 1880 2305 2330 2337 2346 4837 4846 
m2253 23 30 49 1180 1199 1549 2473 2480 2499 
m145 14 23 30 38 40 730 1180 1514 1523 1540 1914 1923 1930 1940 2014 2023 2030 3223 
m567 22 23 30 36 40 46 1122 1123 1130 1136 1140 1146 1172 1173 1522 1523 1530 1540 1546 1822 1823 1830 1840 1846 2022 2023 2030 2036 2040 2046 2322 2323 2330 2340 2346 3696 4823 
m730 23 
m82 14 36 40 46 1814 1846 2014 2036 2046 3246 
m1371 23 30 36 40 41 1173 1180 1186 1190 1523 1536 1540 1823 1830 1840 2023 2036 2073 2086 3673 4336 
m478 22 38 1122 1922 
m1040 22 23 1123 1173 3673 
m2278 22 37 40 46 1872 2022 2037 2040 2046 2322 2337 2340 2346 4396 
m1285 14 23 30 46 1514 1523 1546 2314 2323 2330 2346 3664 4814 4823 
m2473 16 36 3336 
m902 22 23 30 36 40 46 1122 1123 1130 1136 1140 1146 1180 1522 1523 1536 1540 1546 1822 1823 1830 1836 1840 1846 2022 2023 2030 2036 2040 2046 2322 2323 2330 2340 4823 4846 
m2409 21 22 30 36 40 41 46 1072 1096 1121 1122 1130 1136 1140 1141 1146 1521 1522 1536 1546 1821 1822 1846 2021 2022 2030 2036 2040 2046 2072 2090 2096 2322 2340 4346 4846 
m2503 36 40 46 49 1836 1840 1846 1849 2036 2040 2046 2049 2336 2340 2346 2349 2486 2490 2496 4836 
m1034 39 40 41 46 1990 1991 1996 2040 2046 2090 2096 
m2317 6 306 
m1151 44 46 2344 2346 
m2492 26 32 36 38 46 1332 1336 1346 1832 1926 1936 1946 2332 2336 2346 4836 
m637 14 22 36 46 49 722 736 749 1814 1822 1849 2322 2336 2349 2472 4336 4814 
m1793 23 30 38 1180 1188 1523 1538 1938 3673 
m2355 6 14 32 36 314 332 732 1806 1814 1832 
m2603 36 46 2336 2346 4836 4846 
m2188 14 46 2314 2346 4814 
m824 23 36 41 1823 2073 3673 4323 4586 
m1908 14 
m2031 14 29 31 36 49 729 731 736 1579 1586 1814 1829 1831 1836 1849 2464 2479 2481 2486 3236 4086 4336 
m8 32 36 38 41 46 1638 1646 1838 1846 2082 2096 2332 2336 2338 2341 2346 4332 4586 
m80 14 38 40 46 49 1914 1940 1946 1949 2014 2046 2049 2346 2464 2496 4814 
m576 22 32 37 38 46 49 1132 1137 1146 1637 1646 1922 1938 1946 1949 2332 2337 2346 2472 2487 2496 4837 
m2042 23 32 46 1196 1623 1646 2346 
m464 36 40 46 49 1849 2036 2040 2046 2049 2336 2346 2349 4336 4836 
m237 14 32 46 714 732 746 1614 1646 4814 
m2305 38 46 1938 1946 
m418 14 32 46 732 2332 4814 
m430 14 23 30 46 1514 1523 1546 2314 2323 2330 2346 3664 4814 4823 
m2810 14 23 30 39 46 1189 1514 1523 1539 1546 1964 2314 2323 2330 2339 2346 3664 4814 4823 
m632 37 40 46 1890 2037 2040 2046 2337 2340 2346 4396 
m1601 36 40 46 1846 2036 2040 2046 
m1688 3 14 46 703 2314 2346 2696 3246 4803 
m2674 13 22 33 36 40 672 686 690 1113 1122 1133 1136 1140 1672 1686 1690 1822 2022 2036 3183 
m432 21 26 45 46 1321 1345 1346 2271 2321 2345 
m2481 36 41 2086 
m2254 12 14 22 45 46 645 712 745 1112 1114 1146 2314 2345 2346 3146 3246 4812 
m128 37 46 2337 2346 4837 
m2624 37 40 46 1890 2037 2040 2046 2337 2340 2346 4396 
m1854 12 22 23 36 40 46 49 636 646 649 1172 1186 1196 1199 1822 1836 1840 1846 2022 2036 2322 2336 2346 2349 2486 2496 3123 3146 3686 4336 4823 
m1930 23 37 46 49 2323 2473 2487 2496 3687 4837 
m2856 37 46 2346 4837 
m1691 13 20 22 33 36 40 45 672 686 690 1013 1022 1036 1040 1045 1113 1122 1133 1136 1140 1145 1672 1686 1690 1813 1822 1833 1836 1840 2013 2022 2033 2036 2040 2272 2286 2290 2295 3183 
m1424 
m188 23 30 40 46 1180 2023 2030 2046 2330 2346 4823 
m550 22 37 38 46 49 1137 1146 1899 1922 1937 1938 1946 1949 2322 2337 2338 2346 2349 4396 
m2520 22 23 36 41 1122 1123 1172 1173 1822 1823 1841 2072 2073 2091 3673 4586 
m2505 22 23 30 36 40 41 1122 1123 1130 1136 1140 1141 1173 1522 1523 1536 1822 1823 1830 1836 2022 2023 2030 2036 2072 2073 2080 2086 2090 2091 3673 4323 4586 
m1697 5 38 46 288 296 1946 
m2361 22 23 36 40 41 1123 1136 1140 1173 1822 1823 1836 1840 2022 2023 2036 2040 2072 2073 2086 2090 3673 4323 4586 
m1028 22 30 40 46 1122 1130 1146 2022 2046 2330 
m659 12 22 23 36 40 46 49 636 649 1172 1186 1199 1822 1836 1840 2022 2036 2322 2336 2349 2486 3123 3146 3686 4336 4823 
m500 14 38 46 738 2314 2338 2346 4814 
m1600 23 30 36 41 1186 1191 1523 1536 1541 3673 3686 4586 
m2180 23 30 46 1180 2323 2330 2346 
m937 22 36 40 41 1141 1822 1836 1841 2036 2041 2072 2086 2091 4586 
m1273 22 44 46 1146 2222 2244 2246 2322 2344 2346 4846 
m796 22 23 36 40 46 49 1172 1822 1823 1836 1840 1849 2022 2023 2036 2040 2046 2049 2322 2323 2336 2340 2349 2473 2486 2490 4323 4336 4346 4836 
m1682 5 22 36 38 40 46 49 286 296 299 1136 1138 1140 1146 1149 1836 1846 1849 1905 1936 1938 1946 1949 2036 2038 2046 2049 2346 2349 2455 2486 2496 2499 4836 
m1078 27 44 45 46 1394 2277 2294 2296 2327 2344 
m364 14 32 36 46 732 736 1832 2314 2332 4836 
m295 23 26 30 46 1180 1323 1330 1346 1523 1530 2330 4823 
m1316 22 23 38 46 1172 1922 1923 1938 1946 2322 2323 2346 
m804 22 23 41 1123 1173 1191 3673 
m2581 27 45 46 2277 2296 2327 2346 
m1027 22 40 46 1146 2022 2040 2046 2346 
m946 22 37 46 1872 1896 2322 2346 4837 
m1049 22 44 45 46 1146 2272 2294 2296 2344 2346 4846 
m1011 22 23 30 40 41 1140 1190 1523 1530 1540 2022 2023 2030 2072 2090 
m2729 5 32 36 45 46 49 282 286 295 299 1636 1645 1649 1845 1849 2255 2282 2286 2295 2305 2332 2336 2345 2349 2495 4136 4336 
m1466 32 36 40 41 46 1641 1646 2036 2041 2046 2332 2336 2341 2346 4136 4586 
m826 36 46 2336 2346 4346 4836 
m1336 12 30 45 46 49 645 1512 1530 1545 1546 2295 2345 2346 2480 2496 2499 4812 
m1856 13 20 22 32 36 40 672 686 690 1013 1022 1032 1036 1040 1122 1136 1140 1613 1622 1636 1640 1822 2022 2036 
m691 22 41 44 46 1146 2072 2094 2096 2344 2346 4846 
m631 36 46 2336 2346 4836 4846 
m19 22 23 36 38 40 41 1122 1123 1136 1140 1173 1186 1190 1823 1836 1922 1923 1936 1940 1941 2022 2023 2036 2040 2072 2073 2086 2090 3686 4323 
m1701 26 30 36 44 46 1330 1336 1344 1346 1830 2230 2330 2336 2344 2346 4736 
m1957 26 39 41 1339 1341 1991 2091 
m2439 32 36 41 46 1641 1646 2332 2336 2341 2346 4136 4586 
m446 46 2346 
m600 12 22 23 36 40 41 46 49 636 640 641 646 649 1123 1136 1141 1146 1149 1812 1836 1840 1841 1846 1849 2036 2041 2046 2073 2086 2090 2091 2096 2099 2322 2323 2336 2340 2341 2349 2462 2472 2473 2486 2491 2496 2499 4323 4336 4812 4836 
m2294 23 24 40 46 1190 1240 1246 2023 2024 2040 2046 2340 3696 3723 
m1808 23 40 46 1190 2023 2040 2046 2340 2346 3696 4823 
m1686 5 36 46 49 255 286 296 299 1849 2346 2349 2486 2499 4836 
m203 22 37 40 46 1137 1140 1146 1890 2022 2037 2040 2046 2337 2340 2346 4837 
m1518 22 23 36 40 41 1122 1136 1140 1141 1173 1186 1190 1823 1836 1840 1841 2022 2023 2036 2040 2041 2073 2086 2090 2091 3686 4323 
m54 14 36 49 736 749 1849 2486 2499 4336 
m172 37 46 1896 2337 2346 4846 
m255 13 20 22 33 36 38 40 688 1013 1022 1033 1036 1038 1040 1113 1133 1136 1138 1140 1688 1813 1822 1833 1838 1840 2013 2033 2036 2038 3183 3536 4336 
m2533 15 22 27 38 46 777 1115 1127 1146 1915 1922 1938 1946 2315 2327 2346 
m2231 22 23 24 40 45 46 1122 1145 1172 1190 1195 1222 1240 1245 1246 2022 2023 2024 2040 2045 2046 2272 2295 2322 2340 2345 3696 3723 
m530 22 23 46 1122 1123 1146 1196 2323 3673 
m327 22 26 44 46 1144 1146 1322 1344 1346 2244 2246 2344 2346 4846 
m606 14 22 45 46 722 1114 1145 1146 2264 2272 2296 2314 2322 2345 2346 3246 
m2827 22 32 38 46 1146 1922 1932 1938 1946 2332 2346 
m702 22 36 40 41 45 1122 1136 1140 1141 1145 1822 1836 1840 1845 2022 2036 2040 2045 2072 
m2595 22 23 36 40 46 49 1172 1822 1823 1836 1849 2023 2036 2040 2046 2049 2322 2323 2336 2349 2473 2486 3686 4336 4346 4836 
m630 22 23 30 41 1122 1123 1130 1141 1172 1173 1180 1191 1522 1523 1530 2072 2073 2080 2091 3673 
m1729 26 37 46 1337 1346 2337 2346 4837 
m272 12 26 46 1312 1326 1346 2312 2346 4812 
m2647 36 40 41 46 49 1841 1846 2036 2041 2046 2336 2340 2341 2346 2349 2486 2490 2491 2496 4346 
m1139 5 13 38 46 263 296 1905 1913 1938 1946 2305 2313 2346 4813 
m613 5 32 33 46 283 296 1605 1633 1646 2333 
m1453 32 36 40 46 2032 2036 2040 2046 2332 4332 4836 
m1344 22 27 46 1146 1372 1377 1396 
m324 23 26 30 46 1176 1323 1326 1330 1346 1523 1526 1546 2326 2330 2346 3696 4823 4846 
m732 22 23 30 36 40 46 49 1122 1123 1130 1136 1140 1146 1149 1172 1173 1186 1190 1199 1522 1523 1530 1536 1540 1546 1549 1822 1823 1830 1836 1840 1846 1849 2022 2023 2030 2036 2040 2046 2049 2322 2330 2336 2340 2346 2472 2473 2480 2486 2490 2496 3696 4823 
m127 
m2437 32 36 38 46 1832 1932 1936 1946 2332 2336 2346 4836 
m2588 22 23 36 40 41 46 1123 1136 1141 1146 1191 1822 1823 1836 1841 1846 2022 2023 2036 2040 2041 2046 2323 2336 2341 2346 3686 4341 4346 4823 
m1941 36 46 49 1849 2346 2349 4836 
m433 22 23 30 36 40 41 46 49 1122 1123 1130 1136 1140 1141 1146 1172 1173 1180 1186 1190 1196 1523 1530 1536 1540 1546 1822 1823 1830 1836 1840 1841 1846 1849 2022 2023 2030 2036 2040 2041 2046 2049 2072 2073 2080 2086 2090 2096 2330 2346 2472 2473 2486 2490 2491 3696 4336 4346 4823 
m320 22 23 30 36 40 46 49 1122 1123 1130 1136 1140 1146 1149 1172 1173 1180 1186 1190 1199 1522 1523 1530 1536 1540 1546 1549 1822 1823 1830 1836 1840 1846 1849 2022 2023 2030 2036 2040 2046 2322 2330 2336 2340 2346 2349 2472 2473 2480 2486 2496 3696 4823 
m88 5 32 45 46 1605 1645 1646 2255 2305 2345 
m2821 14 22 32 36 40 45 46 714 722 732 736 740 746 1114 1145 1146 1614 1622 1632 1640 1646 1814 1822 1840 2014 2022 2040 2045 2046 2264 2286 2314 2322 2332 2336 2345 2346 3246 4332 4346 
m995 22 23 30 36 38 41 1122 1123 1130 1136 1138 1172 1173 1522 1523 1822 1823 1830 1838 1922 1923 1930 2072 2073 2080 2088 3673 4586 
m2116 36 46 2336 4836 4846 
m888 14 34 36 40 46 1714 1734 1736 1740 1746 1814 1836 1840 1846 2014 2036 2040 2046 2314 2346 4346 4814 4846 
m852 14 46 49 2314 2346 2464 2496 4814 
m2246 37 46 49 1899 2346 2349 2496 4396 4837 
m2574 22 40 46 1146 2022 2046 2346 4846 
m1968 13 30 36 46 1513 1536 1546 2313 2330 2336 2346 4313 4813 4836 
m195 17 
m1606 13 23 30 46 696 1163 1173 1180 1196 1513 1523 1530 1546 2313 2323 2330 2346 3196 3663 3696 4823 
m2611 36 41 1836 1841 2086 2091 4586 
m2478 46 4846 
m457 22 23 30 36 40 41 1122 1123 1130 1136 1140 1141 1172 1173 1186 1190 1191 1522 1523 1536 1541 1840 1841 2023 2036 2041 2072 2073 2086 2090 2091 3673 3686 4323 4336 4586 
m1426 5 37 46 287 1855 2305 2337 
m615 22 40 44 46 1146 2022 2044 2046 2344 2346 4846 
m1134 14 23 30 46 1514 1523 1546 2314 2323 2330 2346 3664 4814 4823 
m2851 23 30 36 40 1180 1186 1523 1530 1536 1540 1830 2023 2030 2036 
m1188 11 46 2311 
m1250 23 32 46 1196 1623 1646 2346 
m192 13 22 36 38 40 672 686 690 1113 1122 1136 1140 1822 1913 1922 1936 2022 2036 
m1708 22 30 36 40 41 49 1136 1140 1536 1541 1549 1830 1836 1840 1841 1849 2030 2036 2040 2041 2049 2072 2086 2090 2091 2099 2472 2486 
m554 36 4336 
m1033 38 46 1938 2338 
m968 36 37 40 46 49 1837 1849 1899 2036 2037 2046 2049 2336 2349 4837 
m132 14 40 46 2014 2040 2046 2314 2346 4814 
m144 43 
m1556 14 22 41 46 722 2064 2072 2096 2314 2322 2341 2346 4814 
m1881 22 36 37 40 46 1122 1136 1137 1140 1146 1822 1837 1840 1846 1890 2022 2036 2037 2040 2046 2337 2340 2346 4346 4837 
m541 16 38 44 49 844 849 1916 1938 1944 1949 2494 
m1747 27 36 46 49 1827 2327 2336 2486 2496 
m1417 22 23 36 45 1172 1822 2272 2273 2286 4323 
m2757 12 22 36 40 41 45 46 49 636 640 641 645 649 1145 1822 1836 1840 1841 1845 2012 2036 2040 2041 2045 2046 2049 2072 2095 2272 2295 2336 2340 2349 2486 2490 2491 2495 3136 4336 4812 
m2567 12 22 37 46 1112 1137 1146 2337 4362 4812 
m2771 6 14 32 36 314 332 732 1806 1814 1832 
m855 14 46 49 2314 2346 2464 2496 4814 
m1895 22 23 30 36 40 46 1122 1123 1130 1136 1140 1146 1172 1180 1186 1190 1196 1522 1523 1530 1536 1540 1546 1830 2022 2023 2030 2036 2046 2330 4836 
m1743 23 30 36 38 46 49 1173 1180 1186 1188 1196 1199 1523 1530 1536 1538 1546 1549 1823 1830 1838 1846 1849 1923 1930 1936 1946 1949 2323 2330 2336 2338 2346 2349 2473 2480 2486 2488 2496 4823 
m2261 22 44 46 1146 2344 2346 4846 
m1925 22 30 36 41 45 1130 1536 1541 2272 2280 4586 
m2591 23 30 36 41 49 1173 1180 1186 1199 1523 1530 1823 1830 1849 2073 2086 2099 2473 2480 3673 
m1031 23 36 40 41 1173 1823 1836 1840 1841 2023 2036 2040 2041 2073 2086 2090 2091 3686 4323 
m2799 14 23 30 46 1514 1523 1546 2314 2323 2330 2346 3664 4814 4823 
m1437 5 14 38 45 46 705 745 1905 1914 1945 1946 2255 2305 2345 4814 
m654 14 38 46 49 1914 1946 2314 2464 2488 2496 
m1523 22 38 40 45 46 1138 1146 1938 1940 1946 2272 2288 2290 2296 2340 2346 
m2124 12 22 23 30 36 40 46 612 622 623 630 636 640 646 1112 1123 1136 1140 1146 1162 1173 1512 1523 1536 1546 1812 1822 1823 1830 1836 1846 2012 2022 2023 2030 2036 2046 2312 2322 2323 2336 2346 3123 3686 4346 4812 
m52 32 46 2332 
m2808 16 22 36 40 822 836 840 1116 1122 1136 1140 1822 2022 2036 
m1866 13 38 41 691 1913 1938 1941 
m745 37 40 46 1890 2037 2040 2046 2337 2340 2346 4396 
m1322 37 46 1896 2346 4837 
m1396 23 36 1186 
m226 12 36 40 41 46 49 636 640 641 649 1836 1840 1841 2036 2041 2336 2340 2341 2349 2486 2490 2491 3136 4336 4812 
m34 14 30 46 730 2314 2330 
m67 36 46 2336 2346 4836 
m2289 23 36 40 41 46 1191 1823 1836 1840 1841 1846 2023 2036 2040 2041 2046 2323 2336 2341 2346 3686 4341 4346 4823 
m926 44 46 2246 2344 2346 4846 
m1279 5 38 46 1905 1946 2305 
m1572 23 38 45 46 1196 1923 1945 1946 2273 2296 2323 2346 3696 4823 
m2131 12 41 46 641 2062 2091 2096 2312 2341 2346 
m313 33 36 46 1686 2333 2336 2346 4833 
m2079 22 23 30 36 40 41 1122 1123 1130 1136 1140 1173 1522 1523 1536 1822 1823 1830 1836 2022 2023 2030 2036 2072 2073 2080 2086 2090 2091 3673 4323 4586 
m869 5 21 22 38 46 271 272 288 296 1121 1138 1146 1921 1946 2305 2321 2322 2338 2346 
m1300 22 23 30 36 40 41 46 1123 1130 1141 1146 1180 1186 1190 1523 1530 1536 1540 1546 1830 2022 2023 2030 2036 2040 2046 2072 2073 2080 2086 2090 2091 2330 3696 4836 
m1802 12 14 46 712 746 2312 2346 3246 4812 
m2496 22 30 36 40 41 46 49 1122 1130 1136 1140 1141 1146 1149 1522 1536 1546 1822 1846 2022 2030 2036 2040 2046 2049 2072 2090 2322 2472 2480 2486 2496 4346 4846 
m2413 14 714 
m1775 
m372 22 38 44 46 1146 1922 1946 2344 2346 4846 
m736 22 37 46 1122 1137 1146 2322 2337 2346 4837 
m1789 22 37 46 49 1137 1146 1899 2346 2349 2496 4396 4837 
m1825 22 30 37 46 1130 1137 1146 1880 2330 4396 
m1319 22 23 30 45 1123 1130 1145 1173 1180 1523 1530 2273 2280 3673 
m422 12 13 22 36 40 622 636 640 672 686 690 1112 1113 1122 1136 1140 1822 2022 2036 3162 
m2397 22 23 30 36 40 46 1122 1123 1130 1136 1140 1146 1172 1173 1522 1523 1530 1540 1546 1822 1823 1830 1840 1846 2022 2023 2030 2036 2040 2046 2322 2323 2330 2340 2346 3696 4823 
m135 8 23 30 38 46 423 430 1173 1180 1508 1523 1908 1923 1930 1946 2308 2323 2330 3673 
m887 14 22 30 36 40 722 730 736 1114 1122 1130 1136 1140 1522 1536 1540 1822 1840 2022 2040 
m714 6 36 42 46 49 2306 2336 2342 2456 2486 2492 2496 2836 4606 4636 
m1335 11 13 33 563 583 4163 
m1320 22 36 40 41 1122 1136 1140 1822 1840 2022 2036 2040 2041 2072 2086 2090 
m2194 22 23 36 40 1122 1123 1136 1140 1173 1186 1190 1822 1823 1836 1840 2022 2023 2036 2040 3673 4323 
m1464 22 36 40 41 1136 1140 1141 1836 1840 1841 2036 2040 2072 2086 2090 2091 4586 
m2373 5 23 38 273 1905 1923 
m1733 36 37 40 41 46 1841 1846 1886 2036 2037 2046 2086 2087 2090 2096 2336 2337 2340 2341 2346 4346 4396 4836 
m2117 37 40 46 2037 2046 4396 
m1938 22 23 41 1122 1123 1141 1172 2073 
m1770 23 36 40 41 1173 1186 1190 1823 1840 2023 2036 2040 2073 2086 2090 3673 
m2563 22 23 36 40 41 1122 1123 1136 1140 1141 1172 1173 1186 1190 1191 1823 1840 1841 2023 2040 2041 3673 
m308 22 30 40 46 1122 1130 1140 1146 1530 1546 2022 2030 2040 2046 2322 2330 2340 2346 
m2684 6 14 36 49 706 714 736 749 1806 2456 2486 
m1401 38 46 1946 2338 2346 
m812 5 23 26 32 46 1155 1182 1323 1332 1346 1605 2305 2332 2346 4823 
m1252 14 37 38 46 737 738 746 1888 1896 2338 
m746 14 38 45 46 1914 1938 1945 1946 2264 2314 2338 2345 2346 4814 
m1436 23 41 1173 1191 2073 3673 
m2084 16 26 36 40 46 49 826 1826 2016 2036 2046 2316 2326 2346 2466 2486 2490 2496 3336 3346 4346 4836 
m611 8 41 46 49 408 446 449 2058 2096 2099 2349 
m1652 22 23 30 41 1122 1123 1130 1172 1173 1180 1522 1523 1530 2072 2073 2080 3673 
m1439 13 22 40 690 1113 1122 
m1423 6 14 32 36 49 706 714 732 736 749 1606 1636 1806 2456 2482 2486 
m2393 22 36 40 41 1136 1140 1141 1836 1840 2036 2086 2090 4586 
m10 22 36 37 40 46 1122 1136 1137 1140 1146 1822 1836 1837 1840 1846 1872 1896 2022 2036 2037 2040 2046 2322 2337 2346 4387 4396 4837 4846 
m1731 22 32 45 46 1145 1146 2282 2296 2332 
m738 5 32 1605 
m781 23 36 38 49 1186 1923 1936 1938 1949 2473 2486 
m2631 14 36 40 46 740 1814 1836 1840 1846 2014 2036 2040 2046 2314 2340 2346 3246 4314 4346 4836 
m450 14 36 40 46 740 1814 1840 2014 2036 2040 2046 2336 2340 2346 3246 4346 4814 
m142 22 36 40 41 1122 1136 1140 1141 1836 1840 1841 2036 2041 2091 4586 
m1597 30 40 46 2030 2040 2046 2330 2346 
m2575 22 23 36 40 41 46 49 1123 1136 1140 1173 1186 1190 1199 1840 2022 2023 2036 2040 2041 2049 2072 2073 2086 2090 2099 2322 2323 2340 2341 2473 2486 3673 3686 4323 
m1933 22 23 30 36 40 41 1122 1123 1130 1136 1140 1172 1180 1186 1522 1523 1536 1822 2023 2030 2036 2072 2073 2080 2086 2090 3673 4323 
m835 22 36 37 40 1122 1136 1137 1140 1822 1872 1886 1890 2022 2036 
m1982 14 40 46 2014 2046 2314 2346 4814 
m960 41 46 2341 
m359 26 32 36 46 1332 1336 1346 1832 2332 2336 2346 4836 
m698 5 36 38 46 49 286 296 299 1849 1905 1936 1946 2305 2336 2338 2346 2349 2486 2499 4836 4846 
m1994 22 36 46 49 1122 1146 1149 1822 1846 1849 2472 2496 
m543 5 14 22 23 32 36 37 41 264 282 286 722 737 741 1123 1136 1141 1155 1182 1186 1614 1637 1814 1837 1872 1882 1886 1887 1891 2087 3664 4136 4332 
m259 30 36 40 46 1830 2030 2036 2046 2330 2336 2340 2346 4836 
m2640 22 23 36 40 41 1122 1123 1136 1140 1141 1172 1173 1186 1822 1823 1836 1840 1841 2022 2023 2036 2040 2041 2072 2073 2086 2090 3673 4586 
m2325 22 36 40 46 48 1136 1140 1146 1822 1840 1846 2022 2036 2040 2046 2048 2322 2336 2340 2346 2348 2422 2436 2440 2446 4346 4836 
m345 5 38 45 46 255 1905 1938 1945 1946 2255 2305 2345 2346 
m2077 23 36 40 46 49 1836 1840 1846 1849 2023 2036 2046 2049 2323 2336 2473 2486 2490 2496 3686 4323 4336 4836 
m1014 22 23 30 36 40 41 46 49 1122 1123 1130 1136 1140 1141 1146 1172 1173 1186 1190 1191 1199 1522 1523 1530 1536 1540 1541 1546 1549 1822 1823 1830 1836 1840 1841 1846 1849 2022 2023 2030 2036 2040 2041 2046 2049 2072 2073 2086 2090 2096 2099 2330 2336 2340 2341 2349 2472 2473 2486 2496 3696 4336 4823 
m2621 13 38 1913 1938 
m2245 30 36 40 45 46 49 1545 1549 1830 1845 1849 2030 2036 2045 2046 2330 2336 2345 2349 2495 
m1821 23 1173 3673 
m49 26 32 36 41 46 49 1332 1336 1346 1349 1641 1646 2332 2336 2341 2346 2482 2486 2491 2496 4136 4586 
m531 14 46 49 749 2346 2349 2464 2496 3246 4814 
m675 36 37 41 46 49 1837 1841 2087 2341 2486 2487 2491 2496 4336 4346 4837 
m1051 14 32 36 41 46 1614 2064 2082 2086 2314 2332 2336 2341 4136 4314 
m2364 6 14 23 32 36 314 332 732 1156 1164 1182 1806 1814 1832 3686 
m1716 23 30 46 1180 2323 2330 2346 
m1719 14 32 42 46 732 2114 2132 2314 2332 2342 
m108 12 26 46 1312 1346 2346 4812 
m1915 22 23 46 1123 1146 1172 2322 3696 
m616 22 23 27 30 36 40 49 1172 1186 1199 1373 1380 1386 1399 1522 1523 1527 1530 1536 1549 1822 1823 1827 1830 1836 1840 1849 2023 2027 2030 2036 2040 2049 2472 2473 2477 2480 2486 2499 3686 4336 
m57 32 37 1882 
m1462 36 40 45 46 1836 1840 2036 2040 2046 2286 2290 2296 2340 4346 
m1412 13 38 46 1913 1938 1946 2313 
m993 23 46 2323 2346 3696 4823 4846 
m1127 17 38 40 46 888 1917 1946 2017 2038 2046 2338 4817 
m2495 14 37 40 46 737 740 746 1890 2037 2046 2340 4396 
m123 36 46 49 1846 1849 2346 2349 2496 4836 
m2227 13 38 1913 1938 
m773 22 36 38 40 41 46 1136 1141 1836 1840 1841 1936 1940 1941 1946 2022 2036 2038 2040 2041 2046 2086 2090 2091 2322 2336 2341 4586 
m1722 30 36 38 46 1536 1546 1838 1930 1936 1946 2338 4346 
m943 23 30 41 46 1191 1523 1530 1541 1546 2073 2080 2091 2096 2330 2341 2346 3696 4823 
m189 8 32 37 46 49 408 432 437 446 449 1882 1896 2332 2346 2482 2487 2496 4396 
m1732 22 37 40 46 1122 1137 1140 1146 1872 2022 2037 2046 2322 2337 2340 2346 4396 
m1351 26 32 36 38 46 1332 1336 1346 1832 1926 1932 1936 1946 2332 2336 2346 4836 
m2257 22 23 30 36 40 46 1122 1123 1130 1136 1140 1146 1172 1173 1180 1522 1523 1530 1822 1823 1830 1846 2022 2023 2030 2036 2046 2322 2323 2330 3673 4823 
m2719 30 38 46 1930 1938 1946 2330 2346 
m1576 22 23 30 36 40 46 1122 1123 1130 1136 1140 1146 1172 1173 1180 1186 1190 1522 1523 1530 1536 1540 1546 1823 1840 2023 2036 2040 2322 2323 2330 2336 2340 2346 3696 4823 
m2149 12 22 23 27 30 41 46 641 1112 1123 1127 1130 1141 1146 1173 1191 1362 1372 1373 1380 1391 1512 1522 1523 1527 1530 1541 2062 2072 2073 2077 2080 2091 2312 2322 2323 2327 2330 2341 3123 3662 4823 
m204 37 38 46 1888 1937 1938 1946 2338 4837 
m1308 22 40 46 1122 1140 1146 2022 2040 2046 2322 
m229 36 49 1836 1849 2486 2499 
m1772 46 47 2346 2347 
m2528 5 22 36 38 46 49 286 296 299 1105 1136 1138 1146 1849 1905 1936 1946 2346 2349 2486 2499 4836 
m1394 22 23 36 40 41 1123 1141 1173 1186 1190 1823 1836 2023 2036 2040 2072 2073 2086 2090 2091 3686 4323 
m2342 36 37 40 46 1836 1837 1840 1846 2036 2037 2040 2046 2337 2346 4346 4837 
m2586 
m2798 14 46 2314 2346 4814 
m55 23 30 46 1180 1523 1530 2330 4823 
m1367 38 46 1938 1946 2346 
m448 38 41 46 1941 1946 2091 2341 
m2048 22 30 37 46 1130 1137 1146 1880 2322 2330 2337 2346 4837 
m198 22 23 30 36 40 41 46 1130 1146 1541 1546 1836 1841 2023 2036 2041 2073 2086 2323 2336 2340 2341 3686 4323 4591 
m2034 14 32 36 38 41 46 1614 1914 1932 1936 1938 1941 1946 2064 2082 2086 2314 2332 2336 2341 4136 4314 
m143 22 23 38 46 1122 1123 1138 1146 1172 1922 1923 1938 1946 2322 3696 
m743 37 40 46 1890 2037 2040 2046 2337 2340 2346 4396 
m1416 23 30 36 39 40 41 1173 1186 1190 1191 1523 1539 1541 1823 1973 1986 1991 2023 2036 2073 2086 2090 2091 3673 4323 4336 4586 
m1131 36 40 41 46 1840 2036 2040 2041 2046 2086 2096 2336 2340 2346 4346 4846 
m724 23 24 40 46 1190 1240 1246 2023 2024 2040 2046 2323 2324 2340 2346 3696 3723 
m1147 46 49 2346 2349 4846 
m358 22 40 44 46 1146 2022 2046 2344 2346 4846 
m2717 30 40 46 2030 2046 2330 2340 2346 4846 
m1390 23 36 40 46 49 1190 1823 1836 1840 1846 1849 2023 2036 2040 2046 2336 2340 2346 2349 2473 2486 2490 4323 4346 4823 4836 
m2069 22 30 40 46 1122 1130 1140 1146 2022 2030 2040 2046 2322 2330 2340 2346 
m2428 12 14 40 46 712 2012 2014 2046 2314 2346 3146 3246 4812 
m390 14 22 31 36 46 731 736 1114 1136 1146 1846 2314 2331 2346 3246 4331 4836 
m2288 37 46 4837 
m2697 36 37 40 46 1840 1886 1890 1896 2036 2037 2040 2046 2336 2337 2340 2346 4346 4387 4396 4837 
m2680 22 23 36 40 41 1122 1123 1136 1140 1141 1172 1173 1822 1823 1836 1840 1841 2022 2023 2036 2040 2041 2073 2086 2090 3673 4586 
m1573 27 36 41 46 1386 1396 1841 2336 2341 2346 4836 
m816 22 30 36 40 46 1122 1136 1146 1522 1536 1822 2022 2030 2036 2322 2330 2336 2340 2346 4836 
m2833 22 23 30 36 41 1123 1130 1136 1141 1186 1191 1523 1536 1841 2073 2080 2091 3673 4323 4586 
m1801 22 23 30 36 40 41 46 1122 1123 1130 1136 1140 1141 1146 1172 1173 1180 1186 1190 1191 1523 1536 1540 1541 1841 2023 2036 2041 2072 2073 2080 2086 2090 2091 2096 2322 2323 2330 2341 2346 3673 4323 
m1621 30 36 40 49 1536 1549 1830 1836 1849 2030 2036 2499 4336 
m1471 37 38 46 1888 2338 4396 
m1786 14 40 45 46 745 2014 2040 2046 2314 2345 2346 3214 4814 
m277 13 38 688 1913 1938 
m1210 22 23 30 36 40 41 1123 1130 1136 1141 1173 1186 1191 1523 1536 1541 1836 2022 2023 2036 2041 2073 2080 2086 2091 3673 3686 4323 4586 
m2639 22 23 36 40 1122 1123 1136 1140 1173 1186 1190 1822 1823 1836 1840 2022 2023 2036 2040 3673 4323 
m2062 36 40 41 46 1836 1841 1846 2036 2040 2041 2046 2336 2341 2346 4341 4346 4836 4846 
m2375 32 36 4332 
m2105 14 45 46 49 2264 2296 2299 2314 2346 2464 2496 4814 
m1454 22 32 38 46 1132 1146 1632 1646 1922 1932 1938 1946 2332 
m407 5 23 38 45 46 1155 1945 1946 2255 2273 2305 2323 2345 2346 4823 
m368 30 38 40 45 46 1930 2030 2038 2045 2046 2280 2288 2296 2330 2338 
m1218 45 
m599 22 45 46 1145 1146 2296 4846 
m956 22 38 46 1138 1146 1922 1938 1946 
m1593 16 23 38 40 46 49 1923 1940 1946 2016 2023 2046 2316 2323 2346 2349 2466 2473 3666 4823 
m5 22 23 30 46 1122 1123 1130 1146 1180 1522 1523 1530 1546 2323 2330 
m1487 37 40 46 2037 2046 2337 4837 4846 
m2554 22 23 24 40 46 1122 1123 1124 1146 1190 1222 1240 1246 2022 2023 2024 2046 2340 3696 3723 
m215 22 36 40 46 49 1136 1140 1146 1836 1846 2022 2036 2040 2046 2049 2336 2346 2349 2486 2496 4336 4836 
m1154 36 40 41 46 49 1841 2036 2040 2046 2336 2341 2346 2349 2486 2491 2496 4346 4836 4846 
m757 30 46 2330 2346 
m2706 22 23 30 1122 1123 1130 1172 1173 1180 1522 1523 1530 
m191 22 23 30 36 40 46 49 1122 1123 1130 1136 1140 1146 1149 1172 1173 1522 1523 1530 1540 1546 1822 1823 1830 1840 1846 2022 2023 2030 2036 2040 2046 2322 2323 2330 2336 2340 2346 2349 2480 2486 2490 2496 3696 4823 
m2506 22 46 1122 1146 2322 2346 
m194 32 38 46 1632 1646 1932 1938 1946 2332 
m1676 26 3826 
m1661 22 23 36 40 41 1122 1123 1136 1140 1141 1173 1823 1836 1840 1841 2023 2036 2040 2041 2072 2073 2086 2090 2091 3686 4323 
m1706 37 40 46 1890 2037 2046 2340 4396 
m441 14 32 49 732 2464 
m213 32 1632 
m1867 36 38 1836 1936 1938 
m22 14 37 46 49 2314 2337 2346 2496 4364 
m1282 22 46 1122 1146 2322 2346 
m2321 11 38 46 588 596 1911 1938 1946 2338 
m1892 33 36 38 46 49 1833 1846 1938 1946 2333 2336 2346 2349 2483 2486 2496 4833 
m96 22 38 44 46 1146 1922 1938 1944 1946 2344 2346 4846 
m1496 17 41 46 2067 2096 2341 4817 
m593 37 46 49 1899 2346 2349 4396 4837 
m514 23 30 44 46 1194 1523 1544 2330 2344 2346 4823 
m437 22 38 44 45 46 1146 1922 1944 1946 2272 2288 2294 2296 2344 2346 4846 
m85 23 32 45 46 1182 2273 2282 2296 2323 2332 2346 4823 
m1617 5 23 30 40 46 1155 1180 1505 1523 1530 1546 2005 2023 2030 2040 2046 2305 2323 2330 2340 4846 
m1013 22 23 36 40 41 1122 1123 1136 1140 1141 1172 1173 1822 1823 1836 1840 2022 2023 2036 2040 2072 2073 2086 2090 3673 4586 
m2274 32 40 45 46 1646 2032 2045 2046 2282 2296 
m1989 22 23 30 36 40 41 46 1122 1123 1130 1136 1140 1141 1146 1180 1522 1523 1536 1540 1546 1822 1823 1830 1836 1840 1846 2022 2023 2030 2036 2040 2046 2072 2086 2090 2322 2323 2330 2340 4823 4846 
m528 36 40 46 49 1836 1840 1846 1849 2036 2040 2046 2049 2336 2340 2346 2349 2486 2490 2496 4346 
m2537 12 23 30 46 1162 1196 1512 1523 1530 1546 2312 2330 2346 3696 4812 4823 
m948 23 30 36 40 46 1180 1823 1830 1836 1846 2023 2030 2036 2040 2046 2323 2330 2336 2346 4323 4346 4823 4836 
m1015 14 22 41 714 741 1114 1141 2064 2072 2091 
m1213 5 26 36 46 49 50 276 296 300 1346 1350 1805 1826 1846 1849 1850 2305 2326 2346 2349 2350 2455 2476 2496 2500 
m1092 22 23 30 36 40 46 1122 1123 1130 1136 1140 1146 1180 1522 1523 1536 1540 1546 1822 1823 1830 1836 1840 1846 2022 2023 2030 2036 2040 2046 2322 2323 2330 2340 4823 4846 
m786 36 40 41 46 1841 2036 2040 2041 2046 2086 2090 2091 2096 2336 2340 2341 2346 
m2864 22 23 36 40 1122 1123 1136 1140 1172 1173 1186 1190 1822 1823 1836 1840 2022 2023 2036 2040 3673 3686 4323 
m1862 5 38 46 1905 1938 1946 2305 2338 2346 
m590 22 32 33 36 40 1122 1132 1133 1136 1140 1633 1672 1822 1832 1833 1836 1840 2022 2032 2033 2036 4136 4186 
m1061 11 13 22 46 563 572 596 1113 1122 1146 2313 2322 2346 4846 
m2327 37 39 40 46 1890 1987 1990 2037 2039 2046 2340 4396 4496 
m2127 22 30 36 1130 1822 1830 
m1889 37 38 46 1888 2338 4396 
m2138 22 23 30 36 40 46 1122 1123 1130 1136 1140 1146 1172 1173 1180 1186 1190 1522 1523 1530 1536 1540 1546 1823 1840 2022 2023 2030 2036 2040 2046 2322 2323 2330 2336 2340 2346 3696 4823 
m168 22 33 41 1122 1141 1672 1683 1691 
m1635 33 38 46 1688 1933 1938 1946 2338 4196 
m163 37 46 2337 2346 
m301 22 23 30 38 40 41 1140 1523 1530 1538 1923 1930 2022 2023 2030 2040 2072 2090 
m94 22 23 30 46 1122 1123 1130 1146 1523 1530 1546 2330 2346 3696 4823 
m2764 36 46 2336 
m2785 26 36 37 40 46 1346 1837 2036 2037 2040 2336 2337 
m1196 14 46 714 3246 
m1258 14 46 2346 3246 4814 
m1678 14 46 714 746 2314 2346 4814 
m105 14 22 25 46 725 1114 1146 2325 3246 
m903 5 46 2305 2346 
m2107 22 46 1122 1146 2322 2346 
m2405 22 44 46 1122 1144 1146 2322 2344 2346 4846 
m352 8 408 
m1818 30 36 38 40 46 1830 1930 1936 1940 1946 2030 2036 2046 2330 2336 2340 2346 4836 
m553 22 23 30 36 41 46 1122 1123 1136 1141 1191 1522 1523 1536 1541 1841 2322 2323 2330 2336 3686 
m2210 5 15 38 40 46 755 1905 1915 1938 1940 1946 2005 2015 2038 2040 2046 2305 2315 2346 4815 
m2767 13 36 38 40 41 686 690 691 1841 1913 1936 1941 2036 2041 2063 2086 2088 2090 2091 
m1107 17 22 38 46 888 1117 1138 2322 2338 4817 
m1234 22 23 36 41 1122 1123 1136 1141 1191 1841 2073 2091 4323 4586 
m1350 23 30 38 40 46 1180 1923 1930 1946 2023 2038 2046 2330 4823 
m2016 22 46 49 1122 1146 1149 2346 2349 
m434 22 23 36 40 41 1123 1136 1140 1141 1173 1186 1190 1823 1836 2023 2036 2040 2072 2073 2086 2090 2091 3686 4323 
m2037 22 37 49 1122 1137 1149 1872 1899 2472 2487 2499 
m1050 22 23 30 40 46 1122 1123 1130 1140 1146 1172 1173 1180 1190 1196 1522 1523 1530 1540 1546 2023 2046 2323 3673 3696 4823 4846 
m1348 22 26 44 46 1146 1322 1346 2326 2344 2346 4846 
m1075 23 31 46 49 1196 1573 1596 2346 2473 2481 2496 2499 
m693 14 22 46 722 2314 2322 2346 4814 
m1089 23 30 36 41 1173 1180 1186 1191 1523 1530 1536 1541 1823 1830 1836 1841 2073 2080 2091 3673 4323 4586 
m355 5 22 38 46 1122 1146 1905 1922 1938 1946 2305 2346 
m1790 22 38 46 49 1146 1946 1949 2322 2346 2349 2472 2496 4846 
m963 22 38 46 1138 1146 1938 1946 
m1857 6 36 43 336 1806 1836 1843 2186 2843 
m2320 22 23 30 36 40 41 1123 1136 1140 1141 1173 1180 1823 1830 1836 1840 1841 2023 2030 2036 2040 2041 2073 2080 3673 4586 
m2511 16 22 23 30 46 830 1116 1122 1123 1130 1146 1523 1546 2316 2330 2346 3323 3346 3696 4823 
m89 22 23 46 49 1122 1146 1149 1172 1199 2322 2346 2349 3696 4823 
m2836 22 23 36 40 46 49 1172 1822 1836 1840 1846 2022 2023 2036 2040 2046 2049 2322 2323 2336 2340 2346 2349 2473 2486 2490 2496 3696 4323 4346 4823 4836 
m986 22 23 36 41 1122 1123 1172 1173 1822 1823 2072 2073 3673 4586 
m1384 22 23 30 36 40 1123 1130 1173 1186 1190 1523 1536 1540 2023 2036 3673 
m2828 22 23 36 40 46 1123 1136 1140 1146 1172 1822 2022 2023 2036 2040 2046 2322 2323 2336 2340 2346 4323 4836 
m972 22 30 40 46 1130 1140 1146 2022 2030 2040 2046 2322 2330 2340 2346 
m1444 6 14 32 36 49 706 714 732 736 749 1606 1636 1806 2456 2482 2486 
m1943 5 13 22 33 46 655 1113 1133 1146 1655 1696 2305 2313 4163 
m922 22 44 45 46 1144 1145 1146 2294 2296 2344 2346 
m649 38 46 1938 1946 
m2556 14 38 40 46 49 1938 1940 1946 2014 2046 2049 2346 2464 2496 4814 
m1021 23 45 2273 
m842 22 23 30 41 1123 1130 1141 1172 1173 1180 1191 1522 1523 1541 2072 2073 2080 2091 3673 
m2423 14 32 36 46 732 736 746 1832 2332 2336 2346 3246 4836 
m756 14 40 46 49 2014 2040 2046 2314 2346 2464 2490 2496 4814 
m109 12 36 40 41 46 49 636 640 641 649 1836 1840 1841 2036 2041 2336 2340 2341 2349 2486 2490 2491 3136 4336 4812 
m1057 22 36 37 40 46 1122 1136 1140 1146 1822 1836 1837 1840 1846 1872 1896 2022 2036 2037 2040 2046 2322 2337 2346 4387 4396 4837 4846 
m1 45 46 2296 2345 2346 
m1608 22 23 27 30 36 40 49 1123 1130 1136 1172 1173 1177 1180 1186 1190 1199 1372 1373 1380 1386 1522 1523 1527 1530 1536 1540 1549 1822 1823 1827 1830 1836 1849 2023 2027 2030 2036 2040 2049 2472 2473 2477 2480 2486 3686 4336 
m1699 22 36 40 41 1136 1140 1141 1836 1840 1841 2036 2040 2086 2090 2091 4586 
m2722 22 23 36 40 41 1122 1123 1136 1140 1141 1172 1173 1822 1823 1836 1840 1841 2022 2023 2036 2040 2041 2072 2073 2086 2090 3673 4586 
m2067 30 40 46 2030 2040 2046 2330 2340 2346 
m165 22 23 36 1123 1136 1172 1173 1186 1822 1823 3673 
m2831 22 23 36 41 1123 1136 1141 1172 1173 1186 1822 1823 2072 2073 2086 2091 3673 4586 
m2115 14 20 40 46 720 2014 2046 2320 3246 
m915 40 46 2040 2046 2346 
m737 22 37 40 46 1137 1146 2022 2037 2046 2337 2346 4837 
m1409 22 23 36 40 41 1123 1136 1140 1141 1173 1186 1190 1823 1836 2023 2036 2040 2072 2073 2086 2090 2091 3686 4323 
m1956 22 36 38 40 1122 1136 1138 1140 1836 1838 1840 1936 1938 2036 2038 2040 
m641 12 23 30 36 41 612 630 636 641 1191 1523 1541 1812 1823 1830 1836 1841 2062 2073 2086 2091 3123 
m1914 14 23 34 36 40 46 734 1184 1734 1814 1823 1834 1840 1846 2014 2023 2034 2036 2040 2046 2314 2323 2334 2346 3664 4346 4814 4823 
m1533 22 36 40 1122 1136 1140 2036 
m2264 12 22 36 46 622 636 646 1136 1812 1836 1846 2322 2336 2346 4336 4812 4836 
m2656 22 38 46 1122 1138 1146 1922 1938 1946 2322 2338 2346 
m2151 22 36 41 1122 1136 1141 1841 2072 2086 2091 4586 
m37 22 23 36 40 45 1122 1123 1136 1140 1145 1173 1822 1823 1836 1840 1845 2022 2023 2036 2040 2045 2273 3673 
m1649 22 36 40 45 1122 1136 1140 1145 1836 1840 1845 2036 2040 2045 2286 2290 
m1097 22 36 41 1122 1136 1141 1841 2091 4586 
m20 30 41 46 2080 2096 2330 2341 2346 
m2139 13 26 38 46 1313 1346 1913 1926 1946 2313 
m169 37 40 46 1890 2037 2040 2046 2337 2340 2346 4396 
m2644 22 23 26 30 36 40 41 1122 1123 1126 1136 1140 1141 1172 1173 1180 1186 1191 1323 1336 1340 1523 1536 1541 1822 1823 1826 1836 1840 1841 2022 2023 2026 2036 2040 2041 2072 2073 2076 2086 2090 3673 4586 
m129 13 33 40 690 1690 4163 
m488 23 36 41 46 1836 1841 1846 2073 2086 2323 2341 4323 4836 
m792 14 22 26 46 714 722 726 746 1114 1122 1126 1146 1314 1322 1346 2314 2322 2326 2346 3246 
m1048 23 30 38 46 1180 1923 1930 1946 2330 4823 
m2403 22 23 30 36 40 41 1122 1123 1130 1136 1140 1173 1522 1523 1536 1822 1823 1830 1836 2022 2023 2030 2036 2072 2073 2080 2086 2090 2091 3673 4323 4586 
m570 26 27 46 1327 1346 2327 2346 
m1869 30 45 46 49 2280 2296 2299 2330 2480 2496 
m1550 36 46 2336 2346 4836 
m2172 12 26 46 612 1312 1346 2312 2346 4812 
m1490 5 14 30 46 705 730 1505 2305 2314 2330 2346 4814 
m2256 37 46 49 1887 1899 2337 2346 2349 2487 2496 4396 4837 
m2777 22 36 40 1122 1136 1140 2036 
m1111 22 23 30 1123 1130 1522 1523 1530 
m2728 41 
m2619 36 40 46 1840 1846 2036 2040 2046 2346 4346 
m2182 22 23 36 41 1123 1136 1141 1172 1173 1822 1823 2072 2073 3673 4586 
m643 14 20 40 46 1014 1040 1046 2014 2046 3246 
m1373 22 37 46 49 1122 1137 1146 1899 2346 2349 2496 4396 4837 
m2576 14 22 38 46 738 1114 1138 2314 2322 2338 2346 4814 
m1887 22 32 36 37 40 1122 1132 1136 1137 1140 1637 1832 1837 1840 2032 2037 
m544 22 23 1123 1173 3673 
m2196 33 37 46 49 1883 1896 2333 2346 2487 2496 4833 4837 
m1055 3 32 36 41 46 186 191 1603 1641 2303 2332 2336 2341 4136 4586 
m2646 30 36 46 1536 1546 2330 2336 2346 4836 
m1626 14 26 38 726 1914 1926 1938 
m1560 23 38 1923 
m682 22 30 38 46 1122 1146 1922 1930 1938 1946 2330 2346 
m2727 23 36 40 46 49 1836 1849 2036 2046 2323 2336 2349 2473 2486 4323 4336 4836 
m1762 22 23 30 36 40 41 1122 1123 1130 1136 1140 1141 1172 1173 1186 1190 1191 1522 1523 1536 1541 1840 1841 2023 2036 2041 2072 2073 2086 2090 2091 3673 3686 4323 4336 4586 
m2152 30 46 2330 
m2730 21 38 46 1921 1946 2321 2346 4846 
m1275 22 23 30 45 46 1123 1130 1145 1146 1196 1523 1545 1546 2273 2296 2346 
m47 14 23 36 40 46 49 749 1814 1823 1846 1849 2014 2023 2036 2046 2314 2323 2336 2346 2349 2473 3223 4814 4823 
m1725 22 26 46 1122 1126 1146 1326 1346 2346 
m2613 13 38 1913 1938 
m348 22 36 40 41 45 1122 1136 1140 1836 1840 2036 2040 2072 2086 2272 2286 2291 
m2615 
m1164 22 23 36 40 41 46 1122 1136 1140 1141 1186 1190 1191 1196 1823 1836 1840 1841 1846 2023 2036 2040 2041 2046 2072 2073 2086 2090 2091 2096 2336 2340 2341 3686 
m2154 14 40 46 49 2014 2040 2046 2314 2346 2464 2490 2496 4814 
m2291 13 33 45 2263 2283 4163 
m2213 8 10 38 508 1908 1910 
m1016 22 23 30 36 40 41 46 49 1122 1123 1130 1136 1140 1141 1146 1149 1172 1173 1190 1191 1522 1523 1530 1536 1540 1541 1546 1822 1823 1830 1836 1840 1841 1846 1849 2022 2023 2030 2036 2040 2041 2046 2049 2322 2323 2330 2336 2340 2341 2346 2472 2473 2480 2486 2490 2496 3696 4823 
m2176 13 22 38 49 699 1113 1122 1138 1149 1913 1938 1949 
m706 33 45 46 1695 2283 2295 2333 2345 
m1707 40 45 46 2045 2046 2296 2346 4846 
m1907 36 40 46 49 1836 1846 2036 2040 2046 2049 2336 2346 2349 2486 2496 4336 4836 
m2677 22 23 36 40 41 1122 1123 1136 1140 1141 1172 1173 1822 1823 1836 1840 1841 2022 2023 2036 2040 2041 2072 2073 2086 2090 3673 4586 
m74 26 36 46 1336 1346 4836 4846 
m148 22 23 30 36 40 41 1123 1136 1141 1172 1186 1190 1191 1522 1523 1536 1540 1541 2022 2023 2036 2041 2086 3673 3686 4336 4586 
m1086 22 23 36 40 41 1123 1136 1140 1141 1173 1823 1836 1840 1841 2023 2036 2040 2041 2072 2073 2086 2090 2091 3686 4323 
m905 5 22 27 46 1146 1355 2305 2327 
m834 26 46 1346 2346 
m1245 12 14 45 46 645 712 745 2314 2345 2346 3146 3246 4812 
m472 37 46 4837 
m1223 14 46 714 746 2314 2346 4814 
m2457 5 23 24 38 40 46 273 274 290 296 1190 1240 1246 1905 1923 1924 1938 1940 1946 2023 2024 2040 2046 2340 3696 3723 
m2585 5 32 46 1605 2305 2332 2346 4846 
m684 22 23 36 41 1123 1822 1823 2072 2073 3673 4323 4586 
m153 36 40 46 1840 2036 2040 2336 2340 
m1636 22 38 46 1138 1146 1922 1938 1946 2322 2338 
m2453 14 36 46 49 736 746 749 1849 2336 2346 2349 4814 4836 
m2296 5 23 30 38 40 273 280 290 1190 1523 1530 1540 1905 1923 1930 1940 2023 2030 2040 
m2571 46 49 2346 2349 
m2835 13 33 38 1913 1933 1938 4163 
m729 6 43 46 2306 2343 4656 
m1577 14 36 714 3236 
m1536 30 36 38 1530 1538 1838 1930 1936 1938 4036 4330 
m561 22 23 27 41 45 1122 1123 1127 1141 1195 1372 1391 2073 2095 
m2825 22 44 45 46 1146 2272 2294 2296 2344 2346 4846 
m840 22 23 30 41 1122 1123 1130 1172 1173 1180 1522 1523 1530 2072 2073 2080 3673 
m2723 5 13 14 38 46 655 705 746 1913 1914 1946 2305 2313 3213 
m1356 22 30 36 40 41 46 1136 1141 1146 1541 1822 1830 1841 2022 2046 2086 2096 2336 
m1616 12 13 20 22 32 36 40 49 632 682 699 1012 1013 1022 1032 1036 1040 1112 1113 1122 1132 1136 1140 1812 1813 1832 1836 1840 1849 2012 2013 2032 2036 2049 2462 2482 2486 3136 3162 3186 
m2367 46 
m2529 22 23 36 40 1122 1123 1136 1140 1190 1822 1823 1836 1840 2022 2023 2036 2040 
m1742 27 46 49 2327 2346 2477 2496 
m2341 22 36 37 40 46 1136 1137 1140 1146 1840 1886 1890 1896 2036 2037 2040 2046 2336 2340 2346 4346 4837 
m1353 26 32 36 46 1332 1336 1346 1832 2332 2336 2346 4836 
m1542 23 30 36 40 41 1523 1536 1540 1830 1836 1840 2023 2036 2073 2080 2086 2090 3686 4323 4586 
m2466 22 23 30 46 1122 1123 1146 1180 2330 2346 4823 
m2407 12 14 40 46 646 2012 2014 2046 2314 2346 3114 4812 
m2146 14 38 46 49 746 749 1914 1938 1946 1949 2346 2349 
m361 22 26 44 46 1146 1322 1344 1346 2344 2346 4846 
m84 5 23 24 40 46 273 274 290 1190 1240 1246 2023 2024 2040 2046 2340 3696 3723 
m2763 21 36 38 45 1095 1845 1921 1936 1945 3586 
m2809 14 23 30 46 1514 1523 1546 2314 2323 2330 2346 3664 4814 4823 
m61 13 22 33 40 690 1113 1122 1133 1140 1690 3183 
m2699 22 23 36 40 41 1122 1123 1136 1140 1141 1172 1173 1822 1823 1836 1840 2022 2023 2036 2040 2041 2073 2086 2090 3673 4586 
m2852 12 46 2346 4812 
m951 36 41 1841 
m1578 22 23 30 36 39 41 1123 1130 1139 1141 1522 1523 1822 1823 1830 1839 1841 1972 1973 1980 1991 2072 2073 2080 2086 2089 2091 3673 4586 
m1609 26 38 46 1926 1938 1946 2326 
m2652 22 23 46 49 1123 1146 1196 2472 2473 2496 
m1346 5 13 33 38 46 263 283 1905 1913 1933 1938 1946 2305 2313 2333 3183 
m357 38 41 44 46 1941 1944 1946 2094 2096 2344 
m2530 22 24 1124 
m2040 46 2346 
m1082 22 36 38 40 1138 1822 1838 1922 1936 1938 1940 2022 2036 2038 
m686 22 23 30 46 1122 1123 1130 1146 1180 1523 1530 1546 2323 2330 3673 4823 
m2548 22 23 36 40 46 1122 1123 1136 1140 1146 1196 1823 1836 2022 2023 2036 2040 2046 3686 4346 4836 
m1184 22 36 37 40 46 1122 1136 1137 1140 1146 1837 2036 2037 2040 2046 2322 2336 2337 2340 2346 4346 4396 
m1493 14 38 46 1914 1946 2314 2346 4814 
m334 45 
m847 22 23 36 40 41 1122 1123 1136 1140 1173 1186 1190 1823 1836 2022 2023 2036 2040 2072 2073 2086 2090 2091 3686 4323 
m1124 22 23 30 36 40 46 49 1122 1123 1130 1136 1140 1146 1180 1523 1530 1536 1540 1546 1822 1823 1830 1840 1846 2022 2023 2030 2036 2046 2322 2323 2330 2336 2340 2346 2472 2486 2490 2496 4336 4346 4823 4846 
m1277 23 30 38 45 46 1180 1923 1930 1946 2280 2288 2296 2323 2330 2338 2346 4823 
m1475 22 46 1122 1146 
m236 30 36 38 46 1830 1936 1946 2330 2336 2346 4836 
m1116 22 46 1146 2346 4846 
m2671 12 26 45 46 645 1312 1345 1346 2345 4812 
m13 13 38 688 1913 1938 
m199 38 41 1938 1941 2088 2091 
m1435 22 23 1122 1123 1173 3673 
m923 21 46 2321 2346 4846 
m426 8 32 37 38 46 49 408 432 438 446 449 1637 1646 1932 1946 2332 2337 2346 2482 2487 2488 2496 
m2471 22 46 1122 1146 2322 2346 4846 
m1679 36 40 46 49 1840 1846 1849 2036 2040 2046 2049 2340 2346 2486 2490 2496 4336 4346 4846 
m1403 12 14 22 45 46 49 645 712 745 1112 1114 1146 2314 2345 2346 2464 2472 2496 3146 3246 4812 
m2125 22 36 40 41 46 1136 1141 1146 2022 2036 2041 2046 2086 2096 2336 
m1163 26 36 46 1336 1346 2336 2346 4836 
m474 22 36 40 46 49 1146 1822 1840 1846 1849 2036 2046 2049 2322 2340 2472 2496 4846 
m2360 22 23 36 40 41 1122 1140 1141 1173 1186 1190 1823 1836 2022 2023 2036 2040 2041 2073 2086 2090 2091 3686 4323 
m435 14 32 36 49 714 732 736 749 1636 1649 1849 2482 2486 2499 
m2682 36 40 45 46 1845 2036 2045 2046 2336 2345 4836 4846 
m2508 26 40 46 2026 2040 2046 2326 
m2372 
m766 37 46 4837 
m1746 12 14 23 30 41 46 641 723 730 741 1191 1512 1514 1523 1530 1541 2312 2314 2330 2341 3212 3662 4823 
m535 36 37 40 41 1841 1886 1890 1891 2036 2041 2086 2087 2090 2091 
m1976 14 40 46 2014 2040 2046 2314 2346 4814 
m1398 17 37 46 2337 3387 4817 
m862 5 36 38 46 49 286 296 1849 1905 1936 1946 2346 2349 4836 
m2417 30 38 40 45 46 1930 1938 1946 2030 2038 2046 2280 2288 2290 2296 2330 
m979 14 36 49 749 1814 1849 
m311 22 23 36 40 41 1122 1123 1136 1140 1141 1172 1173 1822 1823 1836 1840 1841 2022 2023 2036 2040 2041 2072 2073 3673 4586 
m1237 22 44 46 1122 1144 1146 2322 2344 2346 4846 
m210 22 23 30 41 46 1122 1123 1130 1141 1146 1172 1173 1180 1191 1196 1522 1523 1530 1541 1546 2072 2073 2080 2322 2323 2330 2341 2346 3673 3696 4823 
m1981 22 23 30 36 40 46 1122 1123 1130 1136 1140 1146 1172 1173 1522 1523 1530 1540 1546 1822 1823 1830 1840 1846 2022 2023 2030 2036 2040 2046 2322 2323 2330 2336 2340 2346 3696 4823 
m167 26 41 46 1341 1346 2341 
m2343 22 23 32 38 46 1123 1146 1182 1196 1922 1923 1932 1946 2332 
m2008 22 23 30 46 1122 1123 1130 1146 1172 1173 1180 1196 1522 1523 1530 1546 2323 2330 2346 3696 
m931 12 14 40 46 712 2012 2014 2046 2314 2346 3146 3246 4812 
m1564 22 23 45 1123 1173 1195 3673 
m1280 5 32 36 46 49 282 286 296 1632 1636 1649 1849 2305 2332 2336 2346 2349 
m778 34 1734 
m378 23 30 36 40 41 49 1190 1523 1530 1540 1541 1823 1830 1836 1840 1841 1849 2073 2080 2090 2473 2480 2486 2490 2491 2499 
m1610 12 32 36 46 1612 1812 2312 2332 2336 2346 4136 4812 4836 
m1834 22 23 36 40 41 1122 1123 1136 1140 1141 1172 1173 1822 1823 1836 1840 1841 2022 2023 2036 2040 2041 2072 2073 3673 4586 
m177 22 23 30 36 40 41 1123 1173 1180 1186 1190 1191 1830 2023 2030 2036 2040 2041 2073 2080 2086 2090 3673 4323 
m2365 14 36 40 46 740 746 1814 1840 1846 2014 2036 2040 2046 2314 2340 2346 3214 3246 4346 4814 
m1194 22 23 30 36 40 41 1122 1123 1130 1136 1140 1141 1172 1173 1180 1186 1190 1523 1822 1823 1830 1836 2023 2030 2036 2072 2073 3673 4323 4586 
m490 2 26 46 126 2302 2326 
m2418 22 23 30 40 46 1122 1123 1130 1140 1146 1180 1523 1530 1546 2022 2023 2030 2046 2330 2346 4823 
m1143 12 14 23 34 46 712 1162 1164 1196 1712 1714 1723 1734 1746 2314 3114 3214 3664 4812 
m289 15 23 30 40 46 773 1515 1523 1530 1546 2015 2023 2030 2046 2315 4823 
m2660 32 36 38 46 1832 1932 1936 1938 1946 2332 2336 2346 4836 
m707 6 14 32 36 49 706 714 732 736 749 1606 1636 1806 2456 2482 2486 
m59 22 32 36 40 46 49 1136 1140 1146 1149 1640 1646 1832 1836 1840 1846 2032 2036 2040 2046 2049 2332 2336 2340 2346 2349 2486 2496 4136 4346 
m240 5 13 22 33 36 40 46 263 272 283 286 290 672 686 690 1113 1122 1133 1136 1140 1672 1686 1690 1822 2022 2036 2305 2313 2322 2333 2336 2340 3183 
m356 12 22 36 38 40 46 612 636 1112 1122 1136 1138 1140 1146 1812 1836 1840 1846 1912 1922 1936 1938 1940 1946 2012 2022 2036 2038 2046 2312 2336 2346 3146 4812 4836 
m1386 46 2346 
m2075 22 40 46 1146 2046 2322 2340 2346 
m1235 22 44 46 1122 1144 1146 2322 2344 2346 4846 
m190 22 37 40 46 1137 1140 1146 1890 2022 2037 2040 2046 2337 2340 2346 4837 
m2641 13 38 46 1913 1938 1946 2313 
m2840 23 30 40 1180 1523 1530 2023 2030 
m1987 32 36 38 46 49 1632 1636 1649 1849 1932 1936 1938 1946 1949 2332 2336 2338 2346 2349 
m2787 22 44 46 1146 2222 2244 2246 2344 2346 4846 
m851 32 40 46 1632 1640 1646 2032 2040 2046 2332 2340 2346 
m397 22 46 1122 1146 2322 2346 
m6 22 23 30 46 1122 1123 1130 1146 1180 1523 1546 2330 4823 
m2056 3 30 33 41 46 180 196 1653 1680 2053 2080 2083 2096 2330 4196 
m666 38 46 1938 1946 2338 2346 
m2566 23 30 46 1523 1530 1546 2346 3696 4823 
m44 22 37 40 46 1122 1137 1146 2022 2037 2040 2046 2322 2337 2346 4837 
m2622 32 36 38 40 46 1832 1932 1936 1946 2036 2038 2046 2332 2336 2346 4836 
m121 36 48 1836 1848 2436 2448 
m1538 45 46 2295 2296 
m2187 22 23 36 40 41 1122 1123 1136 1140 1141 1172 1173 1822 1823 1836 1840 2022 2023 2036 2040 2072 2073 2086 2090 3673 4586 
m1835 32 36 46 49 1636 1649 1849 2332 2336 2346 2349 2486 2499 4136 4336 
m699 14 22 46 722 2314 2322 2346 4814 
m220 46 2346 
m2145 8 408 
m212 22 30 36 49 1122 1130 1136 1149 1522 1536 1549 1822 1830 1849 2472 4336 
m2868 22 38 46 49 1122 1138 1146 1149 1922 1938 1946 2322 2346 2349 
m262 14 22 23 30 40 46 722 723 730 746 1114 1122 1123 1130 1146 1172 1173 1180 1196 1514 1522 1523 1530 1546 2014 2022 2023 2030 2046 2323 2330 2346 3246 3696 4823 
m2378 36 46 4836 4846 
m2745 22 23 36 38 41 1122 1123 1136 1141 1172 1822 1823 1922 1923 1936 1941 2072 2073 2086 2088 2091 3673 4323 4586 
m1202 26 38 46 1926 1946 2326 
m785 14 23 38 46 1164 1196 1914 1923 1946 4814 
m2121 22 23 30 32 36 40 46 1122 1123 1130 1132 1136 1140 1146 1172 1173 1522 1523 1530 1532 1540 1546 1623 1630 1646 1822 1823 1830 1832 1840 1846 2022 2023 2030 2032 2036 2040 2046 2322 2323 2330 2332 2340 2346 3696 4823 
m2311 23 30 46 1523 2323 2330 2346 4823 
m253 22 23 38 45 46 1123 1138 1145 1146 1195 1923 1938 1945 1946 2323 2345 
m571 22 23 30 41 46 1122 1123 1130 1141 1146 1172 1173 1191 1522 1523 1530 1541 1546 2322 2323 2330 2341 2346 3696 4823 
m9 22 41 46 1141 1146 2091 2341 
m825 22 23 36 37 40 1122 1123 1136 1137 1140 1172 1173 1822 1823 1836 1837 1840 1872 1873 1886 1890 2022 2023 2036 2037 2040 3673 
m1413 22 37 46 1122 1137 1146 1896 2346 4837 
m866 26 32 36 41 46 1332 1336 1341 1346 1641 1646 2332 2336 2341 2346 4136 4586 
m1311 14 36 40 46 740 1814 1836 1840 1846 2014 2036 2040 2046 2314 2340 2346 3246 4314 4346 4836 
m162 23 30 32 46 1182 1523 1532 1546 2323 2332 2346 4823 
m1966 13 25 38 46 675 1913 1946 2313 2325 
m2766 12 22 23 36 40 41 46 49 640 641 646 1123 1136 1141 1146 1149 1812 1836 1840 1841 1846 1849 2036 2041 2046 2073 2086 2090 2091 2096 2099 2322 2323 2336 2340 2341 2349 2462 2473 2486 2491 2496 4323 4336 4812 4836 
m1830 38 41 46 1938 1941 1946 2341 2346 
m1041 22 46 49 1146 2472 2496 
m1036 22 39 45 46 1122 1146 1972 1995 1996 2272 2296 
m1135 22 37 46 1122 1137 1146 2322 2337 2346 4837 
m1148 13 25 38 46 675 1913 1925 1946 2313 2325 
m181 22 30 36 49 1122 1136 1522 
m701 36 40 46 1836 1840 1846 2036 2040 2046 2336 2340 2346 4336 4346 
m2239 14 38 46 1914 1946 4814 
m2112 22 23 46 1123 1146 1196 2322 2323 4846 
m801 22 23 36 40 41 1122 1123 1136 1140 1141 1172 1173 1822 1823 1836 1840 2022 2023 2036 2040 2072 2073 2086 2090 3673 4586 
m1341 13 38 46 688 1913 1938 1946 2313 2338 2346 3196 
m12 37 
m285 10 26 46 1310 1326 1346 2310 2346 
m2526 22 27 46 1122 1127 1146 1377 2327 2346 
m2770 30 38 46 1930 1938 1946 2330 2338 2346 4846 
m2610 23 46 49 2346 2349 2473 4823 
m1221 30 36 39 40 46 1539 1546 1830 1839 1840 1846 1980 2030 2036 2039 2040 2046 2330 2339 2340 2346 4346 
m276 13 38 688 1913 1938 
m1005 22 46 1122 1146 2322 2346 4846 
m2661 6 17 23 32 36 856 873 882 886 1156 1182 1606 1636 1806 3686 
m2606 22 46 1146 2322 2346 
m2080 22 23 30 36 40 46 1122 1123 1130 1136 1140 1146 1180 1523 1530 1822 1823 1830 1840 1846 2022 2023 2030 2046 2330 4823 
m1744 30 38 1930 1938 
m1852 22 30 46 1522 1546 2322 4846 
m470 13 38 663 1913 1938 
m2703 14 44 46 49 744 746 2344 2464 2494 2496 
m2181 22 23 36 41 1122 1123 1136 1141 1172 1173 1186 1191 1822 1823 2072 2073 3673 4586 
m2440 26 32 36 38 46 1332 1336 1346 1832 1926 1932 1936 1946 2332 2336 2346 4836 
m569 13 33 46 1663 1683 2313 2333 4163 4833 
m1700 5 36 40 46 49 286 296 299 1836 1849 2005 2036 2046 2336 2346 2349 2486 2499 4836 
m2186 14 22 36 41 46 714 722 736 741 1822 1836 1841 2072 2314 2322 2336 2341 3236 4314 4586 4814 
m2812 23 28 36 1178 1186 1823 1828 1836 3673 
m1599 22 44 46 1146 2344 2346 4846 
m1726 14 26 46 49 1314 1346 1349 2346 2464 2496 4814 
m1491 14 40 46 2014 2046 2314 2346 4814 
m1349 5 36 46 49 286 296 299 1849 2346 2349 2486 2499 4836 
m314 13 22 40 46 1113 1140 2013 2313 2322 2340 2346 
m2014 22 46 1122 1146 2346 
m157 32 36 46 49 1632 1636 1649 1849 2332 2336 2349 
m1777 22 23 30 36 41 1122 1123 1130 1136 1141 1172 1173 1180 1523 1822 1823 2072 2073 3673 4586 
m1278 36 46 2336 2346 4836 
m209 37 40 46 1890 2037 2040 2046 2337 2340 2346 4396 
m118 33 46 2333 2346 
m1054 22 23 36 40 1122 1123 1136 1140 1172 1173 1186 1190 1822 1836 1840 2022 2023 2036 2040 3673 4336 
m2183 40 46 49 2340 2346 2490 2496 
m1653 26 33 1676 
m973 32 36 41 46 1641 1646 2332 2336 2341 2346 4136 4586 
m2816 46 2346 
m326 14 40 46 2014 2040 2046 2314 2346 4814 4846 
m2314 21 22 23 36 41 1121 1122 1123 1171 1172 1173 1821 1822 1823 2071 2072 2073 3673 4586 
m2769 22 30 37 40 46 1130 1137 1146 1537 1540 1546 1890 2340 4396 
m1286 14 23 30 46 730 1180 2314 2323 2330 2346 3223 4814 4823 
m2779 22 40 46 1122 1140 1146 2340 2346 
m1201 14 40 46 2014 2040 2046 2314 2346 4814 
m2564 45 46 2345 2346 
m874 23 40 2023 3673 
m331 34 45 2284 
m1053 6 14 36 46 49 314 706 714 736 746 749 1806 1814 1846 2306 2456 2464 2486 2496 4814 
m920 22 23 36 41 1123 1136 1141 1172 1173 1822 1823 2072 2073 3673 4586 
m625 22 37 40 46 1137 1140 1146 1890 2022 2037 2040 2046 2322 2337 2340 2346 4396 
m2474 22 26 44 45 46 1144 1145 1146 1322 1345 1346 2294 2296 2344 2346 
m353 17 38 46 888 2317 2338 2346 3396 
m1891 33 38 40 46 1690 1696 1933 1938 1940 1946 2333 2338 2340 2346 
m254 23 30 40 46 1180 1523 1530 1546 2023 2030 2046 2323 2330 
m748 36 38 46 1838 1846 2338 2346 4836 
m2467 22 38 46 1146 1922 1938 1946 2346 
m2153 22 23 36 40 1122 1123 1136 1140 1172 1173 1186 1190 1822 1823 1836 1840 2022 2023 2036 2040 3673 4323 
m1304 22 23 30 38 46 1123 1130 1146 1180 1523 1546 1922 1923 1930 1938 1946 2330 4823 
m572 30 36 37 40 46 1536 1537 1540 1546 1837 1840 1846 1890 2037 2046 2340 4396 
m1948 22 23 30 36 40 41 46 1122 1123 1130 1136 1140 1141 1146 1191 1523 1536 1541 1546 1841 1846 2023 2030 2036 2040 2041 2046 2072 2341 3696 4323 
m146 8 46 49 408 446 449 2349 
m620 32 36 46 49 1636 1649 1832 1836 1846 1849 2332 2336 2346 2349 2482 2486 2496 4332 4336 
m760 22 23 45 1123 1145 1173 2273 3673 
m396 11 13 22 33 36 40 563 572 583 586 590 672 686 690 1113 1122 1133 1136 1140 1672 1686 1690 1822 2022 2036 3183 
m2487 38 40 46 49 1940 1946 2046 2346 2488 2490 2496 
m670 22 36 37 40 46 1122 1136 1137 1140 1146 1822 1837 1840 1846 2022 2037 2040 2046 2322 2337 2346 4837 
m1004 23 30 49 1180 1199 1549 2473 2480 
m427 26 41 46 1341 1346 2096 
m1519 13 22 32 36 40 672 686 690 1113 1122 1136 1140 1613 1622 1636 1640 1822 2022 2036 
m1334 22 32 46 1132 1146 2332 
m1095 22 23 30 1122 1123 1130 1173 1523 1530 3673 
m2724 26 36 46 49 1336 1346 2476 2486 2496 4836 4846 
m2087 36 40 41 1836 1840 1841 2036 2040 2041 
m499 32 38 46 1632 1646 1932 1938 1946 2332 2346 
m2286 22 23 36 40 41 46 49 1123 1136 1140 1141 1146 1191 1822 1823 1836 1840 1841 1849 2022 2023 2036 2040 2041 2046 2072 2073 2086 2090 2091 2322 2323 2336 2340 2341 2349 2472 2473 2486 2490 2491 4323 4336 4346 4836 
m99 22 32 46 1122 1146 2332 2346 
m1936 46 
m393 23 36 41 46 1836 1841 1846 2073 2086 2323 2341 4323 4836 
m1798 22 23 30 1122 1123 1130 1173 1522 1523 3673 
m1333 12 30 36 46 49 1512 1530 1546 1812 1830 1836 1846 1849 2346 2480 2496 2499 4812 
m2120 23 30 38 41 1173 1180 1523 1923 1930 1938 1941 2073 2080 2088 2091 3673 
m454 22 35 46 1135 1146 2322 2335 2346 
m1737 46 2346 
m763 23 30 46 1180 1196 2323 2330 2346 3673 4823 
m2283 41 46 49 2341 2491 2496 
m2223 22 23 36 40 41 1172 1822 1841 2022 2023 2036 2041 2072 2073 4323 4336 4586 
m1659 12 13 22 27 36 40 622 636 640 672 686 690 1112 1113 1122 1136 1140 1362 1363 1372 1386 1390 1822 2022 2036 3162 
m2036 14 33 46 1664 1696 2314 2346 4196 4814 
m515 22 23 30 41 1122 1123 1130 1141 1173 1191 1522 1523 1541 2073 3673 
m412 3 32 36 41 46 186 191 1603 1641 2303 2332 2336 2341 4136 4586 
m2399 13 16 22 36 40 672 686 690 822 836 840 1113 1116 1122 1136 1140 1822 2022 2036 3166 
m458 36 37 38 40 46 49 1836 1838 1840 1846 1849 1886 1890 1936 1937 1938 1940 1946 2036 2037 2038 2040 2046 2336 2337 2338 2340 2346 2486 2488 2490 2496 2499 
m2758 36 37 40 46 1840 1886 1890 2036 2037 2046 2340 4346 4396 
m2553 22 37 46 1137 1146 2337 2346 4837 
m1615 30 37 40 46 1880 1890 2030 2046 2330 4396 
m103 10 510 
m2546 22 23 36 40 46 1122 1123 1136 1146 1172 1822 1823 1836 2022 2023 2036 2040 2046 2322 2323 4323 4346 4836 
m2189 14 30 46 730 746 2314 2330 2346 4814 4846 
m1916 26 32 36 46 1332 1336 1346 1832 2332 2336 2346 4836 
m726 12 38 41 46 1941 1946 2062 2091 2096 2312 
m525 46 2346 4846 
m652 23 36 38 40 41 1823 1840 1923 1936 2023 2036 2073 2086 2088 2090 4323 4336 4586 
m2249 22 36 40 46 1136 1140 1146 1840 2336 2340 4336 4836 
m788 10 46 2310 
m1844 22 30 36 40 41 46 1122 1130 1136 1140 1141 1146 1830 2022 2030 2036 2040 2046 2072 2090 2096 2330 2336 2340 4836 4846 
m719 22 46 1146 2322 2346 
m2452 14 22 32 732 1114 1132 
m2689 36 41 1841 2086 2091 4586 
m692 23 30 38 1180 1188 1523 1530 1538 1938 
m2029 46 
m2772 37 40 46 1890 2037 2040 2046 2337 2340 2346 4396 
m1754 6 23 1156 1173 
m875 23 24 40 46 1190 1240 1246 2023 2024 2040 2046 2340 3696 3723 
m137 46 2346 
m2565 22 46 1146 2346 
m1072 36 37 46 1837 2336 2337 4336 4337 
m2822 22 33 46 1122 1133 1146 1672 1683 1696 2322 2333 2346 4833 
m629 37 40 46 1890 2037 2040 2046 2337 2340 2346 4396 
m1680 5 13 22 33 36 40 263 272 283 286 290 672 686 690 1113 1122 1133 1136 1140 1672 1686 1690 1822 2022 2036 2040 3183 
m1984 22 23 36 46 1122 1123 1136 1146 1173 1822 1823 1846 2323 3673 4823 
m1795 40 45 46 2040 2045 2046 2345 
m1315 11 13 23 30 33 563 573 580 583 673 680 1173 1180 1513 1523 1533 1673 1680 3183 3673 
m2463 23 30 36 40 41 1173 1523 1536 1540 1823 1830 1836 1840 2023 2030 2036 2040 2073 2080 2086 2090 3673 4323 4586 
m344 36 38 40 45 1845 1936 1938 1940 1945 2036 2045 2286 2295 4336 
m2698 22 23 36 37 40 1122 1123 1136 1137 1140 1172 1173 1822 1823 1837 1840 1872 1873 2023 2036 2037 2040 3673 
m523 37 40 41 46 1890 2037 2046 2087 2090 2096 2340 4396 
m1784 36 46 2336 2346 4836 4846 
m156 22 23 1123 1172 1173 3673 
m504 45 46 2345 
m2814 5 13 38 45 46 655 1913 1946 2263 2288 2296 2305 2313 
m2340 36 37 40 46 1837 1846 2036 2037 2040 2046 2337 2346 4346 4837 
m2558 6 14 32 36 314 332 732 1806 1814 1832 
m2241 23 30 46 49 1180 1199 1549 2323 2330 2346 2349 2473 2480 2496 
m2847 22 23 36 40 41 46 1122 1123 1136 1140 1141 1146 1190 1836 1840 2022 2023 2036 2040 2041 2046 2073 2086 2090 2096 2322 2323 2336 2340 2341 2346 3673 3686 4323 4823 
m384 14 22 40 46 714 722 740 746 1114 1140 1146 2014 2046 2314 2340 2346 3246 4814 
m809 12 30 38 40 46 630 1912 1930 1946 2012 2030 2038 2040 2046 2312 2330 2346 4812 
m1355 22 30 36 40 45 1122 1136 1140 1522 1536 1540 1836 1840 2022 2036 2040 2280 2286 
m683 14 36 46 49 736 746 2336 2346 2349 2464 2486 2496 4814 4836 
m122 22 26 44 46 1122 1126 1144 1146 1322 1344 1346 2222 2246 2322 2326 2344 2346 4846 
m2272 5 13 14 23 33 655 705 713 1155 1163 1164 1183 1655 1664 4163 
m161 14 22 36 38 41 46 714 736 1114 1136 1836 1914 1922 1936 1941 2064 2072 2086 2314 2322 2336 2338 2341 3236 4314 4586 4814 
m2447 12 26 40 46 626 2012 2026 2046 2312 2326 2340 2346 4812 
m585 32 36 41 46 1641 1646 2332 2336 2341 2346 4136 4586 
m2300 14 36 40 46 1814 1836 1840 1846 2014 2036 2040 2046 2314 2336 2346 3236 4346 4814 4836 
m463 22 23 36 41 1123 1136 1141 1173 1186 1191 3673 3686 4341 
m2469 14 26 46 726 746 1314 1326 1346 2326 2346 4814 
m2507 22 36 40 1122 1822 1836 1840 2022 2036 2040 
m1575 22 23 30 40 41 1123 1130 1140 1180 1522 1523 1530 2022 2023 2030 2072 2090 
m2362 12 13 36 46 613 646 2313 2336 2346 3136 4313 4812 4813 
m1850 22 26 44 46 1122 1126 1144 1146 1322 1344 1346 2222 2246 2322 2326 2344 2346 4846 
m2219 13 38 1913 1938 
m394 30 36 46 49 1530 1536 1546 1549 1849 2330 2336 2346 2349 
m1261 13 38 46 688 1913 1938 1946 2313 2338 
m1589 46 
m2280 14 37 3237 
m298 22 23 36 40 41 1122 1123 1136 1140 1141 1172 1173 1822 1823 1836 1840 1841 2022 2023 2036 2040 2041 2072 2073 3673 4586 
m574 10 26 32 46 526 532 546 1310 1326 1332 1346 1610 1626 1646 2310 2326 2332 2346 
m2177 36 40 45 46 1845 2036 2040 2045 2046 2296 4346 
m650 22 23 36 40 1123 1136 1173 1186 1190 1836 1840 2036 3673 3686 
m856 32 36 46 1832 2332 2336 2346 4836 
m1220 32 46 2332 
m1651 3 30 37 46 153 180 187 196 1503 1530 1537 1546 1853 1880 2303 2330 2337 2346 4803 
m2664 20 40 48 2020 2420 2440 
m2468 26 36 40 45 46 1826 1845 1846 2026 2036 2040 2045 2046 2276 2296 2326 2346 4346 4846 
m2271 36 38 40 46 1840 1846 1936 1940 1946 2036 2038 2040 2046 2336 2338 2340 2346 
m2093 14 22 40 46 714 746 1114 1146 2014 2022 2046 2314 2346 3246 4814 
m833 5 36 46 49 286 296 299 1836 1849 2305 2336 2346 2349 2455 2486 2496 4836 4846 
m878 23 36 40 41 1173 1823 1836 1840 2023 2036 2040 2073 2086 2090 3686 4323 
m1492 17 23 46 2317 2323 2346 3667 4817 4823 4846 
m977 22 44 46 1146 2222 2244 2246 2322 2344 2346 4846 
m558 23 30 33 38 46 1180 1523 1530 1533 1546 1680 1923 1930 1933 1946 2323 2330 2333 2346 4173 4823 
m989 23 36 40 46 49 1190 1823 1840 1846 1849 2323 2340 2349 2473 
m270 26 38 46 1338 1346 2338 2346 
m2263 
m2678 22 23 36 40 41 1122 1123 1136 1140 1141 1172 1173 1186 1822 1823 1836 1840 1841 2022 2023 2036 2040 2041 2072 2073 2086 2090 3673 4586 
m1946 5 13 33 46 655 1655 2305 2313 2333 4163 
m813 22 23 30 40 46 1122 1123 1130 1140 1146 1180 1196 1523 1530 1546 2022 2023 2030 2046 2330 3673 4823 
m1861 13 23 36 46 49 1813 1823 1846 1849 2313 2346 2463 2473 2486 2496 2499 3663 4813 4823 
m2688 28 36 38 1438 1838 1928 1936 4328 
m1123 12 40 45 46 645 2012 2045 2046 2312 2340 2345 2346 4812 
m662 23 49 1173 2473 3673 
m965 26 27 46 1327 1346 1377 2327 
m1395 22 36 40 1122 1136 1140 2036 
m312 22 30 36 38 46 49 1536 1538 1546 1549 1822 1930 1936 1938 1946 1949 2322 2330 2336 2338 2346 2349 2472 2486 2496 
m287 22 23 30 1122 1123 1130 1172 1173 1180 1522 1523 1530 3673 
m11 30 46 2330 
m2593 46 2346 
m2411 38 45 46 49 1938 1946 1949 2288 2296 2299 2349 
m2178 29 36 41 1829 1836 2079 2086 4336 
m1481 33 36 38 46 49 1683 1686 1688 1696 1699 1833 1846 1933 1936 1946 1949 2333 2336 2338 2346 2349 2483 2486 2496 4833 
m2137 13 38 1913 1938 
m1977 14 40 46 2014 2040 2046 2314 2346 4814 
m1839 30 36 38 40 46 1830 1930 1936 1940 1946 2030 2036 2046 2330 2336 2340 2346 4836 
m2074 23 30 1173 1180 1523 1530 
m512 36 37 40 46 49 1886 1890 2036 2037 2046 2336 2337 
m377 22 23 45 1123 1145 1172 1173 2272 2273 3673 
m2136 22 23 30 36 38 40 46 1123 1130 1136 1140 1172 1173 1180 1186 1188 1190 1196 1523 1538 1546 1822 1830 1922 1923 1936 1940 1946 2022 2023 2030 2036 2040 2322 2323 2330 2336 2340 3673 4323 
m1085 23 26 30 40 46 1173 1180 1323 1330 1346 1523 2023 2026 2046 2323 2330 3673 4823 
m868 36 49 1836 1849 2486 2499 
m97 13 22 36 45 46 49 699 1113 1136 1849 2286 2295 2296 2313 2322 2336 2349 3186 
m2228 2 41 141 
m2488 36 38 46 1936 1946 2336 
m547 26 27 46 1326 1327 1346 1376 1396 2326 
m1978 14 40 46 2014 2040 2046 2314 2346 4814 
m1242 14 22 46 1114 2314 2322 2346 4814 
m750 22 23 30 36 40 45 46 1123 1130 1136 1140 1146 1180 1523 1536 1546 1830 2023 2030 2036 2046 2272 2273 2280 2286 2290 2296 2330 2336 4323 4823 
m1257 23 30 38 1188 1523 1538 1923 1930 1938 
m2616 5 12 41 45 46 296 2055 2062 2096 2255 2291 2296 2341 2345 4812 
m2489 22 46 1146 4846 
m223 5 36 37 38 45 46 286 295 1845 1855 1886 1895 1936 1937 1938 1946 2305 2336 2337 2345 4336 
m2534 15 22 32 46 782 1115 1122 1132 1146 1615 1622 1646 2315 2322 2332 2346 4815 
m1611 37 40 46 1890 1896 2040 2046 2340 2346 4837 
m1340 32 36 38 46 1832 1932 1936 1938 1946 2332 2336 2346 4836 
m1142 23 30 36 40 41 1173 1180 1186 1190 1191 1523 1823 1830 1836 1841 2023 2030 2036 2073 2080 2086 2090 2091 3673 4323 4586 
m2163 28 36 1828 1836 
m1905 38 44 45 46 49 1938 1946 2238 2246 2249 2288 2294 2296 2299 2338 2344 2346 2349 
m477 13 16 38 46 1913 1916 1946 2313 2316 3313 
m1752 5 23 45 46 1155 2255 2273 2305 2345 2346 4823 
m978 14 22 32 46 722 732 746 1132 1146 2332 4846 
m559 23 45 46 1196 2273 2296 2323 2346 3696 4823 
m1090 36 40 46 1836 1840 2036 2040 2336 2340 2346 
m2140 14 46 49 2314 2346 2464 2496 4814 
m2803 12 46 646 2312 2346 3146 4846 
m81 14 46 2314 2346 4814 
m443 36 41 1841 
m849 5 14 30 46 264 296 1505 1514 1546 2305 2314 2330 2346 4814 
m211 22 36 40 46 1122 1136 1140 1146 1836 1840 2022 2036 2040 2046 2322 2336 2340 2346 4836 
m2248 22 37 40 46 1137 1140 1146 1890 2022 2037 2040 2046 2322 2337 2340 2346 4396 
m2746 22 23 30 36 40 46 49 1122 1123 1130 1136 1140 1146 1149 1172 1173 1180 1186 1190 1199 1522 1523 1530 1536 1540 1546 1549 1823 1840 2022 2023 2030 2036 2040 2046 2322 2330 2336 2340 2346 2349 2472 2473 2480 2486 2496 3696 4823 
m1074 13 22 23 32 672 673 1113 1122 1123 1172 1613 1622 1623 
m1874 2 22 36 40 41 122 136 140 1136 1140 1141 1822 1836 1840 1841 2036 2041 2636 
m1497 22 30 36 37 41 1130 1136 1536 1537 1541 1886 2086 2087 
m456 22 23 45 1122 1123 1172 1173 2272 2273 3673 
m2848 5 37 45 46 1855 1895 2255 2305 2337 2345 2346 4837 4846 
m2307 22 23 41 1122 1123 1173 2072 2073 3673 
m2237 23 30 36 40 49 1180 1199 1549 1823 1830 1836 1840 1849 2023 2030 2036 2040 2049 2473 2480 2486 2490 
m1875 17 46 2317 2346 3396 4817 
m2366 5 36 45 46 286 295 1845 2305 2336 2345 4336 
m101 11 13 22 33 36 40 661 1113 1122 1133 1136 1140 1661 1811 1813 1833 1840 2011 2013 2033 4163 
m573 22 23 30 46 1122 1123 1130 1146 1180 1523 1530 1546 2330 4823 
m1370 22 26 44 46 1146 1322 1344 1346 2326 2344 2346 4846 
m716 5 36 46 49 286 296 299 1836 1846 1849 2336 2346 2349 2486 2496 4336 4836 
m147 23 36 40 46 49 1190 1840 1846 2023 2036 2040 2046 2049 2323 2336 2340 2346 2349 2473 2486 2490 2496 3696 4323 4346 4823 4836 
m505 22 23 30 36 40 46 1122 1123 1130 1136 1140 1146 1172 1173 1522 1523 1530 1540 1546 1822 1823 1830 1840 1846 2022 2023 2030 2036 2040 2046 2322 2323 2330 2340 2346 3696 4823 
m1894 13 33 46 2313 2333 2346 4163 4813 4833 
m1917 22 41 46 1122 1141 1146 2341 2346 
m2218 36 38 40 41 46 1840 1846 1936 1938 1940 1941 1946 2036 2038 2040 2041 2046 2090 2096 2340 2346 4346 4586 
m944 12 36 46 49 646 649 1849 2336 2346 2349 3136 4812 
m1800 22 30 46 1130 1146 2322 2330 2346 
m850 23 32 46 1182 2323 2332 2346 3696 4823 
m367 22 23 36 40 1123 1136 1140 1173 1186 1190 1823 1840 2023 2036 3673 4323 4336 
m506 13 33 38 46 1913 1933 1946 2313 2333 2338 2346 4163 
m584 22 23 36 40 1122 1123 1136 1140 1173 1186 1190 1822 1823 1836 1840 2022 2023 2036 2040 3673 4323 
m844 22 1122 
m2582 14 36 46 49 736 746 749 1849 2336 2346 2349 4814 4836 
m1995 22 30 39 1139 1980 
m742 22 37 40 46 1137 1146 1890 2022 2037 2040 2046 2322 2337 2340 2346 4396 
m2736 46 
m563 37 49 1899 2487 2499 
m969 22 44 46 2222 2246 2322 2344 2346 4846 
m224 23 36 40 41 46 49 1191 1836 1841 2023 2036 2041 2323 2336 2340 2341 2349 2473 2486 2490 2491 2496 2499 3686 4323 4336 4836 
m2229 13 38 1913 1938 
m41 5 22 37 46 255 1105 1137 1146 1855 1887 1896 2305 2322 2337 2346 4837 
m1327 22 44 46 1146 2322 2344 2346 4846 
m2545 37 41 46 49 1891 2337 2341 2346 2349 2487 2491 2496 4396 
m1359 22 23 30 46 1122 1123 1130 1146 1523 1530 1546 2330 2346 3696 4823 
m2099 12 26 46 626 2326 4812 
m1928 13 36 46 49 1813 2313 2336 2346 2349 2463 2486 2496 4813 
m1638 38 41 46 49 1938 1946 1949 2088 2096 2349 
m1324 5 13 26 33 41 46 655 696 1305 1313 1326 1346 1655 1676 1696 2055 2063 2076 2083 2096 2305 4163 
m2416 40 45 46 2290 2296 2340 2346 
m2148 14 38 46 49 746 749 1914 1938 1946 1949 2346 2349 
m1197 22 36 37 40 46 1122 1136 1137 1146 1837 1872 2036 2037 2046 2322 2336 2337 2340 2346 4346 4396 
m1958 22 26 46 1146 1322 1326 1346 
m1103 29 
m1532 23 30 36 40 41 49 1186 1190 1199 1523 1530 1536 1540 1549 1823 1836 1840 1849 2073 2080 2086 2090 2099 2490 3686 4336 
m1318 14 40 46 714 740 746 2014 2046 2314 2340 2346 4814 
m2262 22 23 49 1122 1123 1173 1199 2473 3673 
m93 36 41 1836 1841 2086 2091 4586 
m1247 12 13 22 27 36 40 627 677 1112 1113 1122 1127 1136 1140 1812 1813 1827 1840 2012 2013 2027 3162 
m777 36 45 1845 
m591 12 14 46 712 2314 2346 3146 3246 4812 
m1354 22 23 30 36 40 41 1122 1123 1130 1136 1140 1141 1180 1186 1190 1522 1523 1536 1540 1822 1830 1836 1840 1841 2022 2023 2030 2036 2041 2080 2086 
m338 22 38 46 49 1122 1146 1149 1922 1938 1946 2322 2346 2349 4846 
m1006 22 23 37 46 1123 1137 1146 2323 2337 3687 4837 4846 
m403 32 36 46 1636 2332 2336 2346 4332 4336 4836 
m87 22 23 24 38 40 46 1123 1146 1190 1222 1240 1246 1923 1924 1938 1940 1946 2022 2023 2024 2040 2046 2340 3696 3723 
m284 22 32 46 1122 1132 1146 1632 2322 2332 2346 
m1474 37 49 1899 2487 
m155 22 
m1642 22 23 36 40 1123 1136 1173 1186 1190 1836 1840 2036 3673 3686 
m1414 37 46 49 2346 2487 2496 4837 
m449 46 2346 
m838 36 37 38 46 1837 1838 1888 1938 2338 4346 4837 
m917 5 37 46 1855 2305 4837 
m45 40 46 2040 2046 2346 
m1404 38 46 1946 2338 2346 
m582 14 22 40 45 46 722 2014 2045 2046 2264 2272 2296 2314 2322 2340 2345 2346 4814 
m2019 38 41 46 49 1938 1946 1949 2088 2096 2099 2341 2346 2349 
m1988 5 23 24 40 41 46 273 274 290 291 296 1190 1240 1246 2023 2024 2040 2046 2073 2074 2090 2096 2340 3696 3723 
m2273 13 33 3183 
m2011 22 23 30 46 1123 1130 1146 1180 1523 1530 1546 2330 4823 
m182 22 36 41 46 1136 1146 1846 2072 2096 2322 2336 2341 2346 4586 4836 
m2834 22 23 30 36 40 46 1122 1123 1130 1136 1140 1146 1172 1173 1522 1523 1530 1540 1546 1822 1823 1830 1840 1846 2022 2023 2030 2036 2040 2046 2322 2323 2330 2340 2346 3696 4823 
m1602 5 36 46 49 286 296 299 1836 1849 2336 2346 2349 2486 2496 4836 
m468 13 38 46 1913 1946 2313 
m31 14 23 30 36 40 46 730 1180 1814 1823 1830 1846 2014 2023 2030 2036 2040 2046 2314 2323 2330 2346 3223 4346 4814 4823 
m1451 32 33 36 1632 1633 1636 1683 1686 1833 1836 4136 4186 4333 4336 
m2710 36 40 41 1836 1840 1841 2036 2041 2086 2091 4336 4586 
m294 22 23 1123 
m1898 12 13 22 32 36 40 49 632 682 699 1112 1113 1122 1132 1136 1140 1812 1813 1832 1836 1840 1849 2012 2013 2032 2036 2049 2462 2482 2486 3136 3162 3186 
m496 38 41 46 49 1938 1946 1949 2088 2096 2099 2341 2346 2349 
m2601 22 30 36 40 41 1136 1141 1522 1536 1540 1541 1822 1836 1840 1841 2022 2036 2040 2041 2086 4336 4586 
m417 38 45 46 49 1938 1946 1949 2288 2296 2299 2349 
m1331 22 44 46 1146 2322 2344 2346 4846 
m1641 37 40 46 1890 2037 2040 2046 2337 2340 2346 4396 
m2424 15 27 38 41 45 46 777 1938 1941 1946 2065 2077 2088 2096 2288 2291 2296 2315 2327 2346 
m297 22 23 30 36 40 46 1122 1123 1130 1136 1140 1146 1180 1523 1530 1536 1546 1830 1846 2022 2023 2030 2036 2040 2046 2330 4323 4823 
m2557 45 46 2345 
m2543 22 23 36 40 41 46 49 1136 1140 1146 1172 1186 1190 1196 1199 1822 1823 1836 1840 1846 1849 2022 2023 2036 2040 2046 2049 2072 2073 2086 2099 2322 2323 2336 2340 2341 2349 2472 2473 2486 2490 2496 3686 4323 4336 4836 
m1919 14 46 4814 
m125 32 39 46 1632 1639 1646 1989 2339 2346 4496 4839 
m138 23 36 41 49 1191 1823 1836 1841 1849 2473 2486 2491 3686 4323 4336 4341 
m2751 13 22 33 36 40 46 672 686 690 1113 1122 1133 1136 1140 1672 1686 1690 1822 2022 2036 2313 2322 2333 2336 2340 3183 
m2173 14 26 38 41 741 1314 1341 1914 1926 1941 
m1171 22 36 37 46 49 1837 1846 1849 1872 2322 2346 2487 2496 4396 4837 
m1520 12 32 612 1612 
m1158 22 32 40 46 1146 2022 2032 2040 2046 2332 2346 4846 
m2669 22 23 36 40 41 1122 1123 1136 1140 1141 1172 1173 1822 1823 1836 1840 1841 2022 2023 2036 2040 2041 2072 2073 3673 4586 
m914 22 23 38 46 49 1122 1123 1146 1149 1199 1922 1923 1938 1946 2323 2346 2349 
m1476 14 22 38 44 46 744 746 1114 1138 1146 1914 1938 1946 2344 2346 3246 
m2012 22 23 30 36 40 41 46 49 1122 1123 1130 1136 1140 1141 1146 1149 1172 1173 1190 1191 1522 1523 1530 1536 1540 1541 1546 1822 1823 1830 1836 1840 1841 1846 1849 2022 2023 2030 2036 2040 2041 2046 2049 2322 2323 2330 2336 2340 2341 2346 2473 2480 2486 2490 2496 3696 4823 
m687 22 23 30 46 1122 1123 1130 1146 1180 1523 1530 1546 2323 2330 3673 4823 
m636 12 23 30 36 41 612 630 636 641 1191 1523 1541 1812 1823 1830 1836 1841 2062 2073 2086 2091 3123 
m880 32 46 1646 2332 2346 
m2839 14 23 30 38 46 723 730 738 746 1180 1523 1546 1923 1930 1946 2323 2330 2338 2346 4823 
m1358 38 40 41 46 1940 1941 1946 2090 2340 2341 
m1964 22 23 41 1122 1123 1141 1173 2072 2073 3673 
m1314 22 36 40 46 1136 1140 1146 1840 2336 2340 4336 4836 
m336 22 36 46 49 1149 1822 1836 1846 1849 2322 2349 2472 2486 2499 4836 
m2073 23 36 46 49 1196 1199 1846 1849 2346 2496 3686 
m2578 22 23 45 1123 1173 1195 3673 
m1705 14 33 40 46 733 740 746 1690 2340 4196 
m1484 22 36 40 41 1136 1140 1141 1836 1841 2036 2041 2086 2090 2091 4586 
m197 22 30 36 40 41 49 1122 1130 1136 1140 1141 1536 1540 1822 1840 1841 2022 2036 2040 2041 2080 2086 2090 2472 2486 2490 
m1047 36 46 49 2486 2496 4836 4846 
m2531 5 13 23 30 33 263 273 280 283 673 680 1173 1180 1513 1523 1533 1673 1680 3183 3673 
