m2056 22 37 38 46 49 1137 1146 1149 1899 1922 1937 1938 1946 1949 2349 4396 
m1552 32 37 38 44 46 1637 1644 1646 1894 1932 1937 1944 1946 2337 2344 
m3008 46 2346 
m626 14 32 36 41 46 1614 2064 2082 2086 2314 2332 2336 2341 4136 4314 
m2037 38 41 46 49 1938 1946 1949 2088 2096 2099 2341 2346 2349 
m1209 22 30 36 38 40 41 45 46 1130 1136 1138 1140 1141 1145 1146 1522 1536 1540 1541 1822 1836 1840 1922 1945 1946 2022 2036 2040 2086 2090 2272 2296 2322 2330 2336 2341 
m1315 23 38 1923 
m2180 22 37 46 1122 1137 1146 2322 2337 2346 4837 
m771 14 23 30 46 730 1180 2314 2323 2330 2346 3223 4814 4823 
m675 23 46 2346 4823 
m1089 15 38 46 1915 1938 1946 2315 2338 
m186 22 23 36 40 41 1122 1123 1136 1140 1141 1172 1173 1822 1823 1836 1840 1841 2022 2023 2036 2040 2041 2072 2073 3673 4586 
m3095 13 22 37 672 1872 4363 
m1904 34 45 2284 
m3157 14 37 3237 
m906 22 23 36 40 46 49 1122 1123 1136 1172 1822 1823 1836 1849 2022 2023 2036 2040 2046 2049 2322 2323 2336 2349 2472 2473 2486 4323 4336 4346 4836 
m937 23 45 1173 2273 3673 
m1630 22 23 46 49 1122 1123 1146 1149 1196 1199 2322 2323 2346 2349 4846 
m3278 38 40 46 49 1940 1946 2046 2346 2488 2490 2496 
m126 23 26 30 33 40 46 49 1180 1323 1330 1333 1340 1346 1673 1680 1696 2023 2030 2033 2046 2330 2476 2480 2483 2490 2496 4823 
m2455 14 46 714 3246 
m1662 14 22 23 30 46 722 1172 1514 1522 1523 1546 2314 2322 2323 2330 2346 3664 4814 4823 
m1841 28 36 38 1928 1936 1938 4328 
m1750 5 23 24 40 46 273 274 290 1190 1240 1246 2023 2024 2040 2046 2340 3696 3723 
m1450 32 36 38 46 1832 1932 1936 1946 2332 2336 2346 4836 
m1146 5 37 46 1855 2305 2337 2346 4837 
m2940 22 23 30 36 40 41 46 1122 1123 1130 1136 1140 1141 1146 1191 1522 1523 1536 1541 1546 1841 1846 2023 2030 2036 2040 2041 2046 2072 2080 2341 3696 4323 
m2667 22 23 30 32 36 40 41 49 1140 1182 1199 1523 1530 1532 1536 1549 1823 1830 1832 1849 2022 2023 2030 2032 2036 2040 2072 2090 2482 
m1067 22 23 30 36 41 1122 1123 1130 1136 1141 1172 1173 1180 1523 1822 1823 2072 2073 3673 4586 
m3134 22 23 24 40 45 46 1122 1145 1172 1190 1195 1222 1240 1245 1246 2022 2023 2024 2040 2045 2046 2272 2295 2322 2340 2345 3696 3723 
m363 37 40 46 1890 2037 2040 2046 2337 2340 2346 4396 
m3267 26 36 40 45 46 1826 1845 1846 2026 2036 2040 2045 2046 2276 2296 2326 2346 4346 4846 
m918 36 
m2308 22 37 46 1872 1896 2322 2346 4837 
m181 22 36 40 41 1136 1140 1141 1822 1836 1840 1841 2036 2041 2072 2086 2090 2091 4586 
m2866 30 40 46 49 2030 2046 2049 2330 2349 2480 2496 4846 
m1616 5 32 36 45 46 49 282 286 295 299 1636 1645 1649 1845 1849 2255 2282 2286 2295 2305 2332 2336 2345 2349 2495 4136 4336 
m2865 22 46 49 1146 1149 2322 2346 2349 2496 
m2181 22 37 40 46 1137 1146 2022 2037 2046 2337 2346 4837 
m1994 38 41 46 1941 1946 2091 2341 
m1092 13 22 32 36 37 40 672 686 690 1113 1122 1136 1137 1140 1613 1622 1636 1637 1822 1872 1886 1890 2022 2036 3187 
m1277 14 40 46 49 2014 2040 2046 2314 2346 2464 2490 2496 4814 
m735 23 41 46 2073 2323 2341 3673 
m304 16 38 44 49 844 849 1916 1938 1944 1949 2494 
m2340 22 23 36 40 41 1122 1123 1136 1140 1141 1172 1173 1822 1823 1836 1840 2022 2023 2036 2040 2072 2073 2086 2090 3673 4586 
m856 22 23 36 45 1172 1822 2272 2273 2286 4323 
m4 22 23 30 46 1122 1123 1130 1146 1180 1523 1530 1546 2330 4823 
m1286 22 23 30 38 41 1123 1172 1173 1188 1522 1523 1530 1538 2072 2073 2080 2088 3673 
m3346 22 23 36 40 46 49 1172 1822 1823 1836 1849 2022 2023 2036 2040 2046 2049 2322 2323 2336 2349 2473 2486 3686 4336 4346 4836 
m36 22 23 30 41 46 1122 1123 1130 1141 1146 1522 1541 1546 2072 2073 2322 2323 2341 2346 
m2237 23 36 41 1823 2073 3673 4323 4586 
m2993 22 23 30 1172 1522 1523 
m3318 22 23 24 40 46 1122 1123 1124 1146 1190 1222 1240 1246 2022 2023 2024 2046 2340 3696 3723 
m1686 14 22 36 38 46 722 1814 1822 1914 1936 1946 2314 2322 2336 2346 4814 
m2358 30 46 49 2330 2480 2496 
m451 22 23 30 32 36 46 49 1122 1123 1130 1146 1149 1172 1173 1180 1522 1523 1530 1549 1622 1623 1630 1632 1636 1646 1649 1822 1823 1830 1846 1849 2322 2323 2330 2349 2472 2473 2480 2486 2496 2499 3673 4823 
m1569 36 40 41 46 49 1836 1840 1846 1849 2036 2040 2041 2046 2049 2086 2090 2096 2099 2336 2340 2346 2349 2486 2490 2496 4346 4586 4836 
m2182 5 32 1605 
m1140 22 23 30 36 40 1123 1130 1173 1186 1190 1523 1530 1536 1823 2023 2036 3673 3686 
m728 10 37 46 537 546 4396 
m1632 12 22 36 40 41 45 46 49 636 640 641 645 649 1145 1822 1836 1840 1841 1845 2012 2022 2036 2040 2041 2045 2046 2049 2072 2095 2272 2295 2336 2340 2349 2486 2490 2491 2495 3136 4336 4812 
m3280 
m1912 22 38 46 49 1122 1146 1149 1922 1938 1946 1949 2322 2346 2349 4846 
m3451 22 45 46 1122 1146 2272 2296 2322 2346 4846 
m715 23 24 40 46 1190 1240 1246 2023 2024 2040 2046 2340 3696 3723 
m2515 14 46 2346 3246 4814 
m2087 32 36 41 46 1641 1646 2332 2336 2341 2346 4136 4586 
m1563 22 23 36 40 1122 1123 1136 1140 1173 1186 1190 1822 1823 1836 1840 2022 2023 2036 2040 3673 4323 
m1197 14 40 46 2014 2040 2046 2314 2346 4814 
m2396 22 23 30 46 49 1122 1123 1130 1146 1180 1523 1530 1546 2330 2346 2472 2473 2480 2496 4823 
m1544 22 23 36 49 1123 1136 1173 1186 1199 1823 1849 2473 2486 3673 4323 4336 
m2205 30 36 40 41 1536 1540 1541 1836 1840 1841 2036 2041 2091 4586 
m485 22 23 30 41 1123 1130 1141 1172 1173 1180 1191 1522 1523 1541 2072 2073 2080 2091 3673 
m1890 22 30 36 38 46 49 1522 1536 1538 1546 1549 1822 1930 1936 1938 1946 1949 2322 2330 2336 2338 2346 2349 2472 2486 2496 
m3401 20 40 48 2020 2420 2440 
m1121 36 38 1836 1936 1938 
m208 38 41 44 46 1941 1944 1946 2094 2096 2344 
m1562 38 1938 
m913 22 40 46 1140 1146 2022 2046 2322 2340 2346 
m1782 23 36 41 49 1191 1823 1836 1841 1849 2473 2486 2491 3686 4323 4336 4341 
m338 12 14 46 712 2314 2346 3146 3246 4812 
m1206 6 42 306 342 2106 2142 2842 4606 
m781 36 41 46 2096 2336 2341 2346 4586 4836 4846 
m479 22 36 37 40 1122 1136 1137 1140 1822 1872 1886 1890 2022 2036 
m1314 22 23 36 40 41 1172 1822 1841 2022 2023 2036 2041 2072 2073 4323 4336 4586 
m2419 22 23 30 46 1122 1123 1130 1146 1180 1523 1530 1546 2330 2346 4823 
m3153 32 40 45 46 1646 2032 2045 2046 2282 2296 
m2046 14 23 30 36 40 46 730 1180 1814 1823 1830 1846 2014 2023 2030 2036 2040 2046 2314 2330 2346 3223 4346 4814 4823 
m1373 26 32 36 46 1326 1332 1336 1346 1832 2332 2336 2346 4836 
m248 22 23 30 36 40 41 46 49 1122 1123 1130 1136 1140 1141 1146 1172 1173 1180 1186 1190 1196 1523 1530 1536 1540 1546 1822 1823 1830 1836 1840 1841 1846 1849 2022 2023 2030 2036 2040 2041 2046 2049 2072 2073 2080 2086 2090 2096 2330 2346 2472 2473 2486 2490 2491 3696 4336 4346 4823 
m2527 22 23 30 38 46 1123 1130 1146 1180 1523 1530 1546 1922 1923 1930 1938 1946 2330 4823 
m2715 27 36 41 46 1386 1391 1396 1841 2336 2341 2346 4836 
m1732 32 46 2332 
m1220 14 22 23 30 40 45 46 714 746 1114 1145 1146 1164 1172 1190 1195 1196 1514 1522 1523 1530 1540 1545 1546 2014 2022 2023 2030 2040 2045 2046 2264 2296 2314 3664 
m633 22 26 38 46 1146 1322 1346 1922 1926 1946 2346 
m2811 23 30 36 38 46 49 1173 1180 1186 1188 1196 1199 1523 1530 1536 1538 1546 1549 1823 1830 1838 1846 1849 1923 1930 1936 1946 1949 2323 2330 2336 2338 2346 2349 2473 2480 2486 2488 2496 4823 
m1452 26 32 36 38 46 1332 1336 1346 1832 1926 1932 1936 1946 2332 2336 2346 4836 
m1475 36 41 2086 
m3383 36 40 41 46 49 1841 1846 2036 2041 2046 2336 2340 2341 2346 2349 2486 2490 2491 2496 4346 
m2536 30 38 41 46 1930 1941 1946 2080 2330 2338 2341 2346 
m3404 22 23 36 40 41 1122 1123 1136 1140 1141 1172 1173 1822 1823 1836 1840 1841 2022 2023 2036 2040 2041 2072 2073 3673 4586 
m2521 22 23 30 36 40 41 1122 1123 1130 1136 1140 1173 1522 1523 1536 1822 1823 1830 1836 2022 2023 2030 2036 2072 2073 2080 2086 2090 3673 4323 4586 
m1838 36 49 1836 1849 2486 2499 
m3460 13 22 33 36 40 46 672 686 690 1113 1122 1133 1136 1140 1672 1686 1690 1822 2022 2036 2313 2322 2333 2336 2340 3183 
m1641 13 36 38 686 688 1838 
m2161 33 38 41 46 1691 1933 1941 1946 2341 4833 
m2487 12 13 22 27 36 40 627 677 1112 1113 1122 1127 1136 1140 1812 1813 1827 1840 2012 2013 2027 3162 
m325 22 23 30 36 40 46 1122 1123 1130 1136 1140 1146 1172 1173 1522 1523 1530 1540 1546 1822 1823 1830 1840 1846 2022 2023 2030 2036 2040 2046 2322 2323 2330 2340 2346 3696 4823 
m1832 23 36 40 41 46 49 1191 1836 1841 2023 2036 2041 2323 2336 2340 2341 2349 2473 2486 2490 2491 2496 2499 3686 4323 4336 4836 
m1436 22 23 30 40 46 1122 1123 1130 1140 1146 1180 1523 1530 1546 2022 2023 2030 2046 2330 2346 4823 
m2573 22 23 30 45 1123 1173 1180 1523 2272 2273 3673 
m2079 30 36 37 40 46 1536 1537 1540 1546 1837 1840 1846 1890 2037 2046 2340 4396 
m1887 22 30 40 46 1122 1130 1140 1146 1530 1546 2022 2030 2040 2046 2322 2330 2340 2346 
m2857 22 23 30 46 1122 1123 1130 1146 1180 1523 1530 1546 2330 4823 
m2324 23 36 40 46 1186 2023 2036 2040 2046 2323 2336 2340 2346 3696 4346 
m1871 3 13 22 23 172 672 1163 1172 2663 3653 
m487 22 1122 
m81 14 40 46 2014 2040 2046 2314 2346 4814 
m396 14 36 46 49 736 746 2336 2346 2349 2464 2486 2496 4814 4836 
m1551 22 23 30 41 1123 1141 1172 1173 1191 1522 1523 1541 2072 2073 2080 2091 3673 
m551 22 32 46 1122 1132 1146 2322 2332 2346 4846 
m2914 14 
m1113 6 36 43 336 1806 1836 1843 2186 2843 
m52 14 46 2314 2346 4814 
m597 5 22 23 30 46 255 273 280 296 1105 1122 1123 1130 1146 1180 1505 1523 1530 1546 2330 4823 
m2042 45 46 2345 
m399 22 23 30 46 1122 1123 1130 1146 1180 1523 1530 1546 2323 2330 3673 4823 
m3449 22 23 30 46 1122 1123 1130 1146 1523 1546 2323 3673 4823 
m3240 38 45 46 49 1938 1946 1949 2288 2296 2299 2349 
m1292 23 30 37 39 1180 1523 1530 1537 1539 1880 1980 1987 4373 4473 
m1825 32 1632 
m801 13 38 46 688 1913 1938 1946 2313 2338 2346 3196 
m1604 22 36 40 41 1136 1141 1836 1840 1841 2036 2041 2072 2086 2090 2091 4586 
m1100 30 36 38 40 46 1830 1930 1936 1940 1946 2030 2036 2046 2330 2336 2340 2346 4836 
m3476 38 45 46 1938 1945 1946 2345 
m1392 14 46 2314 2346 4814 
m87 30 38 46 1930 1938 1946 2330 2346 
m3251 15 22 27 38 46 777 1115 1127 1146 1915 1922 1938 1946 2315 2327 2346 
m148 14 36 46 714 736 1836 2314 2336 2346 3236 4814 4836 
m3223 46 2346 
m3387 22 23 46 49 1123 1146 1196 2472 2473 2496 
m1892 13 22 37 672 1872 4363 
m3116 
m8 37 
m1064 23 36 40 41 1173 1186 1190 1823 1840 2023 2036 2040 2073 2086 2090 3673 
m1535 22 23 36 40 41 46 1123 1136 1141 1146 1191 1822 1823 1836 1841 1846 2022 2023 2036 2040 2041 2046 2323 2336 2341 2346 3686 4341 4346 4823 
m2562 22 45 46 1145 1146 2296 
m1377 22 23 41 1122 1123 1173 2072 2073 3673 
m3016 28 36 38 46 1928 1936 1946 2328 2336 2346 4328 4836 
m494 32 36 46 1832 2332 2336 2346 4836 
m61 13 20 22 33 36 38 40 1013 1022 1033 1036 1038 1040 1113 1122 1133 1136 1138 1140 1813 1833 1838 1840 1913 1933 2013 2033 2038 4163 
m3427 22 23 36 40 41 1122 1123 1136 1140 1141 1172 1173 1822 1823 1836 1840 2022 2023 2036 2040 2041 2073 2086 2090 3673 4586 
m2598 
m495 22 30 36 40 45 46 1122 1130 1136 1140 1145 1146 1536 1540 1836 1840 2036 2040 2272 2296 2322 2330 
m2312 22 23 1122 1123 
m3421 36 40 41 1836 1840 1841 2036 2086 2090 2091 4586 
m2453 22 23 36 40 46 1122 1123 1136 1140 1146 1172 1186 1190 1196 1822 1836 2022 2036 2040 2046 2322 3686 4346 
m2717 22 23 30 40 41 1123 1130 1140 1180 1522 1523 1530 2022 2023 2030 2072 2090 
m2783 14 20 38 46 49 720 1914 1946 1949 2320 2464 2470 2496 4814 
m719 46 2346 4846 
m3228 22 23 30 36 41 1123 1130 1136 1141 1186 1191 1523 1536 1541 1841 2073 2080 2091 3673 4323 4586 
m1556 21 22 23 30 36 40 46 1072 1073 1080 1090 1096 1121 1122 1123 1130 1136 1140 1146 1172 1173 1522 1523 1530 1546 1821 1822 1823 1830 1840 1846 2021 2022 2023 2030 2036 2040 2046 2321 2322 2323 2330 2340 2346 3696 4823 
m2422 12 14 23 34 46 712 1162 1164 1196 1712 1714 1723 1734 1746 2314 3114 3214 3664 4812 
m1640 6 14 32 36 314 332 732 1806 1814 1832 
m2524 22 23 30 36 40 41 46 1123 1130 1136 1141 1146 1180 1186 1190 1523 1530 1536 1540 1546 1830 2022 2023 2030 2036 2040 2046 2072 2073 2080 2086 2090 2091 2330 3696 4836 
m1243 22 23 30 36 40 41 1122 1123 1130 1136 1140 1173 1522 1523 1536 1822 1823 1830 1836 2022 2023 2030 2036 2072 2073 2080 2086 2090 2091 3673 4323 4586 
m2539 14 40 46 714 740 746 2014 2046 2314 2340 2346 4814 
m2583 27 38 46 1927 1946 2327 
m1093 45 2295 
m1676 5 36 46 49 286 296 299 1849 2346 2349 2499 4836 
m2965 22 23 30 36 40 41 46 1122 1123 1130 1136 1140 1141 1146 1180 1522 1523 1530 1536 1540 1546 1822 1823 1830 1836 1840 1846 2022 2023 2030 2036 2040 2046 2072 2086 2090 2091 2322 2323 2330 2340 4823 4846 
m785 22 36 40 46 1136 1140 1146 1840 2336 2340 4336 4836 
m1949 14 46 49 2314 2346 2464 2496 4814 4846 
m2391 22 23 30 36 41 1123 1130 1136 1141 1180 1523 1823 1830 2073 2080 3673 4323 4586 
m3418 14 22 23 722 1164 1172 
m2098 14 714 
m566 13 22 40 45 46 1122 1140 1145 1146 2013 2040 2046 2272 2290 2296 2313 2346 3196 
m232 5 13 33 46 263 283 2305 2313 2333 4163 
m558 36 41 1841 
m1666 23 28 36 1178 1186 1823 1828 1836 3673 
m1602 22 36 41 1136 1141 1841 2072 2086 2091 4586 
m2645 3 30 38 46 180 1530 1903 1930 1938 1946 2330 4803 
m1672 22 23 36 40 46 1123 1136 1140 1146 1186 1190 1840 2023 2036 2040 2323 2336 2340 3673 4323 4336 4836 
m237 22 30 36 40 1130 1136 1140 1522 1530 1536 1540 1822 1830 1836 1840 2030 2036 2040 4336 
m352 26 37 38 46 1876 1926 1937 1946 2326 4396 
m527 5 22 27 46 1146 1355 2305 2327 
m807 5 36 46 49 286 296 299 1849 2346 2349 2486 2499 4836 
m3282 23 1173 3673 
m1901 22 23 30 36 40 45 1123 1130 1136 1145 1523 1830 2022 2023 2030 2036 2045 2273 2280 2286 4323 
m690 36 40 41 46 49 1841 2036 2040 2046 2336 2341 2346 2349 2486 2491 2496 4346 4836 4846 
m531 22 40 41 46 1122 1140 1141 1146 2041 2046 2341 2346 
m2162 3 
m2935 5 13 33 46 655 1655 2305 2313 2333 4163 
m3035 22 30 36 40 41 1122 1130 1136 1140 1141 1522 1536 1840 2036 2040 2072 2080 2086 
m3070 14 46 49 2314 2346 2464 2496 4814 
m1080 45 46 2296 2345 2346 4846 
m3493 5 13 38 45 46 655 1913 1946 2255 2263 2288 2296 2305 2313 
m1755 12 32 36 40 612 632 636 640 1612 1640 1812 2012 2036 4136 
m2589 22 37 46 1122 1137 1146 1896 2346 4837 
m732 22 23 30 36 40 41 1123 1130 1136 1141 1173 1186 1191 1523 1536 1541 1836 2022 2023 2030 2036 2041 2073 2080 2086 2091 3673 3686 4323 4586 
m2178 23 30 40 46 49 1190 1199 1523 1530 1540 1546 1549 2330 2340 2346 2349 2490 2496 3696 4823 
m1427 22 23 32 36 1123 1132 1136 1173 1182 1186 1623 1823 3673 4332 
m2158 22 36 40 41 45 1122 1136 1140 1141 1145 1822 1836 1840 1845 2022 2036 2040 2045 2072 
m2820 12 13 46 662 696 2312 2346 3196 4812 
m747 22 44 46 1122 1144 1146 2322 2344 2346 4846 
m2961 22 23 36 46 1122 1123 1136 1146 1173 1822 1823 1846 2323 3673 4823 
m2693 36 46 2336 2346 4836 
m2760 22 23 30 46 49 1122 1123 1130 1146 1149 1172 1173 1180 1522 1523 1530 1549 2322 2323 2330 2349 2472 2473 2480 3673 4823 
m2758 46 2346 
m3263 26 39 46 1326 1339 1346 1976 2326 4496 
m1762 14 22 25 46 725 1114 1125 1146 2325 3246 
m1482 26 32 36 38 46 1332 1336 1346 1832 1926 1932 1936 1938 1946 2332 2336 2346 4836 
m3101 22 23 36 41 1122 1123 1136 1141 1172 1173 1186 1191 1822 1823 2072 2073 3673 4586 
m3462 3 32 37 182 187 1882 
m1071 36 46 2336 2346 4836 4846 
m602 14 22 41 714 741 1114 1141 2064 2072 2091 
m2660 22 23 30 36 40 41 1123 1130 1136 1140 1141 1172 1173 1180 1186 1190 1523 1822 1823 1830 1836 2023 2030 2036 2073 2086 3673 4323 4586 
m3227 22 36 40 41 1136 1140 1141 1836 1840 2036 2086 2090 4586 
m212 30 38 40 45 46 1930 2030 2038 2045 2046 2280 2288 2296 2330 2338 
m2605 22 23 36 40 46 49 1123 1136 1140 1146 1149 1199 1822 1823 1836 1840 1849 2022 2023 2036 2040 2046 2049 2323 2336 2340 2349 3686 4336 4346 4836 
m899 13 22 33 672 1672 3183 
m3508 13 33 38 1913 1933 1938 4163 
m3131 13 38 1913 1938 
m2617 22 23 30 36 40 41 46 1122 1123 1130 1136 1140 1141 1146 1173 1186 1190 1522 1523 1536 1540 1541 1823 1836 1840 1841 2023 2036 2040 2041 2073 2086 2090 2322 2323 2330 2336 2340 2341 2346 3673 3686 4323 4336 
m2467 5 22 32 36 46 49 286 299 1605 1622 1636 1646 1649 1805 1822 1846 1849 2305 2322 2332 2336 2346 2349 2472 2486 2499 4136 4336 4836 
m2057 27 1377 
m2764 23 24 40 46 1190 1240 1246 2023 2024 2040 2046 2340 3696 3723 
m2170 6 43 46 2306 2343 4656 
m2067 36 4336 
m2313 22 38 46 1138 1146 1922 1938 1946 
m2649 26 32 36 38 46 1332 1336 1346 1832 1926 1932 1936 1946 2332 2336 2346 4836 
m1969 38 45 46 49 1938 1946 1949 2288 2296 2299 2349 
m2338 14 32 41 741 1614 1641 
m456 36 45 1845 
m3439 30 37 46 1530 1537 1546 1880 2330 2337 2346 
m1851 23 30 40 46 1180 1523 1530 1546 2023 2030 2046 2323 2330 
m1878 13 22 32 36 38 40 672 686 690 1113 1136 1140 1613 1622 1636 1640 1822 1913 1922 1932 1936 1940 2022 2036 2040 3186 4336 
m721 22 23 30 36 40 41 1122 1123 1130 1136 1140 1141 1172 1173 1180 1186 1190 1523 1822 1823 1830 1836 2023 2030 2036 2072 2073 3673 4323 4586 
m117 13 22 36 38 40 672 686 690 1113 1122 1136 1140 1822 1913 1922 1936 2022 2036 
m3107 22 23 36 40 41 1122 1123 1136 1140 1141 1172 1173 1822 1823 1836 1840 2022 2023 2036 2040 2072 2073 2086 2090 3673 4586 
m2670 26 46 1346 
m1316 2 41 141 
m418 5 23 24 40 46 273 274 290 296 1190 1240 1246 2023 2024 2040 2046 2340 3696 3723 
m2772 32 46 1646 
m1659 12 46 646 2312 2346 3146 4846 
m2192 22 23 30 36 40 45 46 1123 1130 1136 1140 1146 1180 1523 1530 1536 1546 1830 2023 2030 2036 2046 2272 2273 2280 2286 2290 2296 2330 2336 4323 4823 
m2127 22 23 36 40 1123 1136 1173 1186 1190 1836 1840 2036 3673 3686 
m681 23 30 36 40 41 1173 1180 1186 1190 1191 1523 1823 1830 1836 1841 2023 2030 2036 2073 2080 2086 2090 2091 3673 4323 4586 
m874 32 33 36 1632 1633 1636 1683 1686 1833 1836 4136 4186 4333 4336 
m1788 14 23 30 38 40 730 1180 1514 1523 1530 1540 1914 1923 1930 1940 2014 2023 2030 3223 
m2463 13 26 38 40 46 690 1313 1346 1913 1926 1938 1946 2313 2340 2346 
m1042 22 37 40 46 1122 1137 1140 1146 1872 2022 2037 2046 2322 2337 2340 2346 4396 
m514 14 22 36 41 46 714 736 1114 1122 1136 1141 1146 1836 2064 2072 2086 2314 2322 2336 2341 3236 4314 4586 4814 
m216 29 34 36 1484 1486 1729 1734 1736 1829 1834 1836 4236 4334 
m1294 14 46 2314 2346 4814 
m1456 4 204 
m3453 22 23 36 38 41 1122 1123 1136 1141 1172 1822 1823 1922 1923 1936 1941 2072 2073 2086 2088 2091 3673 4323 4586 
m3398 9 36 46 49 459 486 496 499 1809 1846 1849 2309 2336 2346 2349 2459 2486 2496 2499 4336 
m400 22 23 30 46 1122 1123 1130 1146 1180 1523 1530 1546 2323 2330 3673 4823 
m3423 22 37 40 46 1872 2037 2046 2322 2337 2346 4837 
m3367 12 36 46 49 612 636 646 649 1812 1849 2312 2336 2346 2349 2462 2486 2496 2499 4812 
m1047 46 2346 
m862 22 23 30 36 40 46 49 1172 1173 1190 1196 1522 1523 1536 1546 1549 1822 1823 1840 2022 2023 2046 2322 2472 2473 2486 2490 2496 3696 4323 4346 
m958 36 38 46 49 1849 1936 1946 1949 2336 2338 2346 2349 2486 2496 
m540 22 23 1123 1173 3673 
m350 14 22 46 722 1114 1146 2322 3246 
m3258 14 22 32 732 1114 1132 
m3386 22 37 46 1122 1137 1146 4837 
m1927 14 32 36 46 732 736 1832 2314 2332 4836 
m1181 23 30 36 41 49 1191 1523 1530 1541 1823 1830 1836 1841 1849 2073 2080 2086 2091 2099 2473 2480 2486 2491 2499 
m3167 23 24 40 46 1190 1240 1246 2023 2024 2040 2046 2340 3696 3723 
m2835 22 23 30 36 41 1123 1130 1523 1822 1823 1830 2072 2073 2080 3673 4323 4586 
m3356 22 23 30 36 40 46 1122 1123 1130 1136 1140 1146 1172 1173 1522 1523 1530 1540 1546 1822 1823 1830 1840 1846 2022 2023 2030 2036 2040 2046 2322 2323 2330 2340 2346 3696 4823 
m3151 36 38 40 46 1840 1846 1936 1940 1946 2036 2038 2040 2046 2336 2338 2340 2346 
m2631 37 46 2337 2346 
m226 14 22 31 36 46 731 736 1114 1136 1146 1846 2314 2331 2346 3246 4331 4836 
m2497 14 46 2346 3246 4814 
m734 5 26 36 46 49 50 276 296 300 1346 1350 1805 1826 1846 1849 1850 2305 2326 2346 2349 2350 2455 2476 2496 2500 
m1174 46 
m482 31 36 38 46 1588 1838 2331 2338 4331 4836 
m1754 22 23 46 49 1122 1146 1149 1172 1199 2322 2346 2349 3696 4823 
m2125 13 22 33 36 40 672 686 690 1113 1122 1133 1136 1140 1672 1686 1690 1822 2022 2036 3183 
m3368 22 44 46 1146 2222 2244 2246 2322 2344 2346 4846 
m3142 23 30 45 46 1523 1545 1546 2273 2296 2345 2346 3696 4823 
m637 11 13 22 46 563 572 596 1113 1122 1146 2313 2322 2346 4846 
m2417 46 2346 
m3304 46 
m2011 13 38 46 1913 1938 1946 2313 
m1379 13 33 46 1696 2313 4163 
m3235 22 23 30 36 40 41 1122 1123 1130 1136 1140 1173 1522 1523 1536 1822 1823 1830 1836 2022 2023 2030 2036 2072 2073 2080 2086 2090 2091 3673 4323 4586 
m2143 36 37 38 46 49 1837 1838 1888 1938 2338 2486 2487 2488 2496 4346 4837 
m3293 13 26 46 1313 1346 2313 2326 2346 
m1272 14 38 46 49 746 749 1914 1938 1946 1949 2346 2349 
m123 13 22 44 46 694 1113 1146 2313 2344 
m623 36 46 49 2486 2496 4836 4846 
m2613 22 36 40 41 1122 1136 1140 1141 1836 1840 1841 2036 2040 2086 2090 2091 4586 
m2990 38 49 1938 1949 
m2615 30 38 41 46 1930 1941 1946 2080 2096 2330 2341 2346 
m3145 14 22 40 46 722 2014 2046 2314 2322 2346 4814 
m1355 3 14 703 714 
m258 
m837 22 23 30 36 40 1123 1130 1173 1186 1190 1523 1536 1540 2023 2036 3673 
m2650 22 36 40 41 1136 1140 1141 1836 1841 2036 2041 2086 2090 2091 4586 
m3030 30 40 46 2030 2040 2046 2330 2340 2346 
m1199 22 23 30 36 40 46 1122 1123 1130 1136 1140 1146 1172 1173 1522 1523 1530 1540 1546 1822 1823 1830 1840 1846 2022 2023 2030 2036 2040 2046 2322 2323 2330 2336 2340 2346 3696 4823 
m3332 22 32 46 1122 1132 1146 1622 1632 1646 2322 2332 2346 4846 
m425 22 38 46 1138 1146 1922 1938 1946 
m2006 30 40 46 49 1540 1546 1549 2030 2040 2046 2330 2340 2346 2349 2490 2496 
m2784 23 45 1173 2273 3673 
m376 14 20 40 46 1014 1040 1046 2014 2046 3246 
m2791 5 36 40 46 49 286 296 299 1836 1849 2005 2036 2046 2336 2346 2349 2486 2499 4836 
m2872 32 36 46 49 1636 1649 1849 2332 2336 2346 2349 2486 2499 4136 4336 
m3399 46 2346 
m1383 6 306 
m926 12 36 38 41 46 641 1841 1912 1936 1938 1941 1946 2062 2086 2091 2096 2312 2336 2341 4312 
m3338 14 36 46 49 736 746 749 1849 2336 2346 2349 4814 4836 
m3288 36 40 46 49 1836 1840 1846 1849 2036 2040 2046 2049 2336 2340 2346 2349 2486 2490 2496 4836 
m2553 22 26 44 46 1146 1322 1344 1346 2326 2344 2346 4846 
m2794 5 13 22 33 36 40 263 272 283 286 290 672 686 690 1113 1122 1133 1136 1140 1672 1686 1690 1822 2022 2036 3183 
m2691 33 34 38 40 46 1690 1696 1733 1734 1738 1746 1933 1938 1940 1946 2333 2338 2340 2346 
m3072 13 38 1913 1938 
m1989 36 41 1841 
m1056 14 36 38 40 738 1838 2014 2036 2038 2040 4314 
m3305 22 37 46 1122 1137 1146 1872 2322 2337 2346 4837 
m2782 5 22 36 38 40 46 49 286 296 299 1136 1138 1140 1146 1149 1836 1846 1849 1905 1936 1938 1946 1949 2036 2038 2046 2049 2346 2349 2455 2486 2496 2499 4836 
m1393 22 36 38 41 49 1136 1138 1141 1149 1822 1838 1841 1849 1922 1936 1941 2072 2086 2088 2099 2472 2486 2488 2491 4336 
m3320 22 23 24 40 46 1122 1123 1146 1172 1222 1246 2022 2023 2024 2040 2046 2322 3696 3723 
m443 13 20 22 33 36 40 670 672 686 690 1022 1033 1036 1040 1672 1686 1690 1822 1840 2022 2036 3183 3536 4336 
m2262 45 46 2296 2346 
m842 23 36 40 46 49 1190 1823 1836 1840 1846 1849 2023 2036 2040 2046 2336 2340 2346 2349 2473 2486 2490 4323 4346 4823 4836 
m66 23 26 32 46 1182 1323 1332 1346 2323 2332 
m1190 13 25 38 46 675 1913 1925 1946 2313 2325 
m1965 23 36 38 40 46 1923 1936 1940 1946 2023 2036 2046 2323 3686 4836 
m2030 38 46 1938 1946 2338 2346 
m2426 22 23 36 41 1122 1123 1172 1173 1822 1823 2072 2073 3673 4586 
m2271 5 13 22 26 33 36 40 263 272 283 286 290 672 686 690 1113 1122 1133 1136 1140 1305 1313 1322 1333 1336 1340 1655 1663 1672 1683 1686 1690 1822 2022 2036 3183 
m1843 30 36 38 46 1830 1930 1936 1946 2330 2336 2346 4836 
m1758 36 41 1836 1841 2086 2091 4586 
m2445 13 36 38 40 1813 1913 1936 1940 2013 2036 
m3412 22 23 36 40 41 1122 1123 1136 1140 1141 1172 1173 1186 1822 1823 1836 1840 1841 2022 2023 2036 2040 2041 2072 2073 2086 2090 3673 4586 
m1946 44 46 49 2344 2349 2494 
m244 12 13 22 36 40 622 636 640 672 686 690 1112 1113 1122 1136 1140 1822 2022 2036 3162 
m1502 36 46 49 1846 1849 2336 2346 2486 2496 4336 4346 4846 
m3314 36 40 46 1840 1846 2036 2040 2046 2346 4346 
m2853 22 23 30 36 40 41 46 1122 1123 1130 1136 1140 1141 1146 1172 1173 1180 1186 1190 1191 1523 1536 1540 1541 1841 2023 2036 2041 2072 2073 2080 2086 2090 2091 2096 2322 2323 2330 2341 2346 3673 4323 
m189 14 22 40 46 1114 1146 2014 2022 2040 2046 2314 2346 4814 4846 
m2210 14 22 26 46 714 722 726 746 1114 1122 1126 1146 1314 1322 1346 2314 2322 2326 2346 3246 
m3257 12 26 40 46 626 2012 2026 2046 2312 2326 2340 2346 4812 
m3261 5 36 46 255 286 2305 2336 2346 
m877 5 13 22 38 263 272 288 663 1105 1113 1122 1138 1905 1913 1922 1938 
m138 12 23 36 40 41 46 49 1162 1190 1196 1199 1812 1840 1846 1849 2012 2023 2036 2040 2041 2046 2062 2073 2086 2096 2099 2312 2323 2336 2341 2346 2462 2486 2490 2496 3146 3686 4312 4336 
m1555 22 26 38 46 1146 1322 1346 1922 1926 1946 2346 
m2131 23 30 45 46 1180 1195 1196 2280 2296 2330 2345 2346 3696 4823 
m1282 36 49 1836 1849 2499 
m2991 23 38 46 49 1188 1199 1938 1946 2338 2346 2349 3696 4823 
m2315 22 38 46 1138 1146 1938 1946 
m80 
m35 22 23 30 36 40 46 49 1122 1123 1130 1136 1140 1146 1149 1172 1173 1180 1186 1190 1199 1522 1523 1530 1536 1540 1546 1549 1823 1840 2022 2023 2030 2036 2040 2046 2322 2330 2336 2340 2346 2349 2472 2473 2480 2486 2490 2496 3696 4823 
m1815 38 41 1938 1941 2088 2091 
m1268 13 26 38 46 1313 1346 1913 1926 1946 2313 
m265 33 36 38 40 46 49 1686 1690 1836 1838 1840 1846 1849 1933 1936 1938 1940 1946 2033 2036 2038 2040 2046 2333 2336 2338 2340 2346 2486 2488 2490 2496 
m2061 5 14 22 23 32 36 37 41 264 282 286 722 737 741 1105 1123 1136 1137 1141 1155 1182 1186 1614 1637 1814 1837 1872 1882 1886 1887 1891 2087 3664 4136 4332 
m1145 12 13 22 32 36 40 49 632 682 699 1112 1113 1122 1132 1136 1140 1812 1813 1832 1836 1840 1849 2012 2013 2032 2036 2049 2462 2482 2486 3136 3162 3186 
m2959 12 13 20 22 36 40 622 636 640 670 672 686 690 1012 1022 1036 1040 1822 1840 2022 2036 3162 3536 4336 
m599 23 45 1173 2273 3673 
m122 22 23 30 36 40 41 46 1130 1146 1541 1546 1836 1841 2023 2036 2041 2073 2086 2323 2336 2340 2341 3686 4323 4591 
m830 22 37 46 49 1122 1137 1146 1899 2346 2349 2496 4396 4837 
m2672 13 22 32 36 40 672 686 690 1113 1122 1136 1140 1613 1622 1636 1640 1822 2022 2036 
m438 14 38 45 46 1914 1938 1945 1946 2264 2314 2338 2345 2346 4814 
m340 22 36 40 41 1822 1836 1840 1841 2022 2036 2040 2072 2086 2090 2091 4336 4586 
m1975 26 41 46 1341 1346 2096 
m283 23 38 1923 1938 
m3518 12 46 2346 4812 
m902 11 13 22 46 563 572 596 696 1111 1113 1122 1146 
m104 22 23 30 36 40 41 1123 1173 1180 1186 1190 1191 1830 2023 2030 2036 2040 2041 2073 2080 2086 2090 3673 4323 
m1399 22 23 41 1123 1141 1173 2073 3673 
m2888 22 23 30 36 40 1123 1130 1136 1140 1172 1173 1186 1190 1523 1536 1540 1823 2022 2023 2036 3673 4323 
m1886 14 41 46 2064 2091 2096 2314 2346 4814 4846 
m1613 22 23 46 1122 1123 1146 2346 3696 4823 
m1011 5 36 46 49 286 296 299 1849 2336 2346 2349 2486 2499 4836 4846 
m3015 22 30 37 46 1130 1137 1146 1880 2322 2330 2337 2346 4837 
m3307 15 22 32 46 782 1115 1122 1132 1146 1615 1622 1632 1646 2315 2322 2332 2346 4815 
m1485 14 37 40 46 737 740 746 1890 2037 2046 2340 4396 
m1138 33 38 40 46 1690 1696 1933 1938 1940 1946 2333 2338 2340 2346 
m215 22 38 44 46 1146 1922 1944 1946 2344 2346 4846 
m3295 23 30 36 41 1173 1180 1186 1191 1523 1530 1536 1541 1823 1830 1836 1841 2073 2080 2086 2091 3673 4323 4586 
m100 37 40 46 1890 2037 2040 2046 2337 2340 2346 4396 
m2648 33 36 38 46 49 1683 1686 1688 1696 1699 1833 1846 1933 1936 1946 1949 2333 2336 2338 2346 2349 2483 2486 2496 4833 
m2895 5 13 33 38 263 283 288 655 663 1655 1663 1905 1913 1933 1938 4163 
m1945 10 32 46 1610 1632 1646 2310 2346 
m1049 30 38 1930 1938 
m3292 26 40 46 2026 2040 2046 2326 
m1900 22 26 44 46 1144 1146 1322 1344 1346 2244 2246 2344 2346 4846 
m1881 22 23 30 38 40 41 1140 1523 1530 1538 1923 1930 2022 2023 2030 2040 2072 2090 
m3436 30 40 46 2030 2046 2330 2340 2346 4846 
m2599 6 14 23 32 36 706 723 732 736 1156 1182 1606 1636 1806 3686 
m2231 22 30 36 40 46 1122 1130 1136 1146 1522 1536 1822 2022 2030 2036 2322 2330 2336 2340 2346 4836 
m213 22 38 1122 1922 1938 
m1382 22 37 46 49 1872 2322 2346 2487 2496 4396 4837 
m1287 32 46 1632 1646 2332 2346 
m3514 5 36 37 46 49 286 296 299 1849 1855 1886 1896 1899 2305 2336 2346 2349 4836 4837 
m395 22 30 38 46 1122 1130 1146 1922 1930 1938 1946 2330 2346 
m406 22 37 46 49 1122 1137 1146 1899 2346 2349 2496 4396 4837 
m1747 14 38 40 46 49 1914 1940 1946 1949 2014 2046 2049 2346 2464 2496 4814 
m1512 13 17 46 2313 2317 3363 
m1464 23 30 36 40 41 1173 1523 1536 1540 1823 1830 1836 1840 2023 2030 2036 2040 2073 2080 2086 2090 3673 4323 4586 
m1849 22 40 46 1140 1146 2040 2046 2340 2346 
m3049 14 46 2314 2346 4814 
m251 46 2346 
m2675 22 23 30 36 40 46 1122 1123 1130 1136 1140 1146 1172 1173 1522 1523 1530 1540 1546 1822 1823 1830 1840 1846 2022 2023 2030 2036 2040 2046 2322 2323 2330 2340 2346 3696 4823 
m95 14 22 36 38 41 46 714 736 1114 1136 1836 1914 1922 1936 1941 2064 2072 2086 2314 2322 2336 2338 2341 3236 4314 4586 4814 
m1125 14 23 30 730 1180 1523 1530 3223 
m1007 3 14 46 703 2314 2346 2696 3246 4803 
m2757 45 2295 
m1213 14 22 36 41 46 714 722 736 741 1822 1836 1841 2072 2314 2322 2336 2341 3236 4314 4586 4814 
m3104 22 23 36 40 41 1122 1123 1136 1140 1141 1172 1173 1822 1823 1836 1840 1841 2022 2023 2036 2040 2041 2072 2073 3673 4586 
m828 22 38 45 46 49 1138 1145 1146 1922 1938 1945 1946 1949 2296 2299 2349 
m1802 38 49 1938 1949 2488 2499 
m3195 22 36 37 40 46 1136 1137 1140 1146 1840 1886 1890 1896 2036 2037 2040 2046 2336 2340 2346 4346 4837 
m3283 22 30 36 40 41 46 49 1122 1130 1136 1140 1141 1146 1149 1522 1536 1546 1822 1830 1836 1840 1846 1849 2022 2030 2036 2040 2046 2049 2072 2090 2322 2472 2480 2486 2490 2496 4346 4846 
m1321 8 46 49 408 446 449 2349 
m755 23 32 46 1196 1623 1646 2346 
m2836 23 30 36 41 1523 1823 1830 2073 2080 3673 4323 4586 
m2172 23 
m2867 22 30 37 46 1130 1137 1146 1880 2330 4396 
m1741 22 36 41 1122 1136 1141 1822 2072 2086 2091 4586 
m311 22 30 37 41 46 1130 1137 1141 1146 1537 1541 1546 2087 2096 2322 2330 2337 2341 2346 4837 
m699 22 23 36 40 41 46 1122 1136 1140 1141 1186 1190 1191 1196 1823 1836 1840 1841 1846 2023 2036 2040 2041 2046 2072 2073 2086 2090 2091 2096 2336 2340 2341 3686 
m2995 5 36 38 46 49 286 296 299 1849 1905 1936 1938 1946 2346 2349 2486 2499 4836 
m2944 26 39 41 1339 1341 1991 2091 
m2410 36 40 41 46 1840 2036 2040 2041 2046 2086 2096 2336 2340 2346 4346 4846 
m2752 28 36 38 46 1828 1836 1928 1936 1938 1946 2328 2336 
m2228 22 23 30 40 46 1122 1123 1130 1140 1146 1180 1196 1523 1530 1546 2022 2023 2030 2046 2330 3673 4823 
m1943 14 23 30 38 40 730 1180 1514 1523 1530 1540 1914 1923 1930 1940 2014 2023 2030 3223 
m2169 12 41 46 2062 2091 2096 2312 
m542 22 23 41 46 1123 1141 1146 1173 1191 1196 2073 2323 2341 3673 4823 
m1692 14 33 37 46 737 746 2333 3233 4383 4837 
m1670 22 38 46 49 1946 2322 2346 2349 2472 4846 
m2748 26 38 46 1926 1938 1946 2326 
m1483 26 32 36 38 46 1332 1336 1346 1832 1926 1936 1946 2332 2336 2346 4836 
m1152 30 38 40 45 46 1930 1938 1945 1946 2030 2038 2045 2046 2280 2288 2296 2330 2338 
m3522 37 46 2346 4837 
m1548 26 31 36 37 46 1576 1587 1596 1826 1831 1837 1846 1876 1896 2326 
m644 27 44 45 46 1394 2277 2294 2296 2327 2344 
m1790 23 36 40 46 49 1190 1836 1840 1846 2023 2036 2040 2046 2049 2323 2336 2340 2346 2349 2473 2486 2490 2496 3696 4323 4346 4823 4836 
m119 22 23 36 46 1123 1136 1146 2323 4323 4836 
m1776 36 46 49 1846 1849 2346 2349 2496 4836 
m242 46 2346 
m2891 13 38 41 691 1913 1938 1941 
m305 22 23 1123 1173 3673 
m2384 36 40 46 1836 1840 2036 2040 2336 2340 2346 
m2360 22 46 49 1146 2472 2496 
m2761 26 33 1676 
m230 22 46 1122 1146 2322 2346 
m3444 13 22 32 36 40 672 686 1113 1122 1136 1140 1613 1622 1636 1822 1836 1840 2022 2036 2040 
m836 46 2346 
m2363 22 23 30 40 46 1122 1123 1130 1140 1146 1172 1173 1180 1190 1196 1522 1523 1530 1540 1546 2023 2046 2323 3673 3696 4823 4846 
m2743 30 36 40 49 1536 1549 1830 1836 1849 2030 2036 2499 4336 
m446 36 40 46 1836 1840 1846 2036 2040 2046 2336 2340 4846 
m1057 46 2346 4846 
m321 22 23 27 41 45 1122 1123 1127 1141 1145 1195 1372 1391 2073 2095 
m1046 5 11 32 36 37 46 286 287 296 555 586 587 596 1605 1611 1636 1637 1646 1855 1861 1886 1887 1896 2305 2311 2332 2336 2337 2346 4337 4837 
m1992 46 2346 
m34 22 32 36 40 46 49 1136 1140 1146 1149 1640 1646 1832 1836 1840 1846 2032 2036 2040 2046 2049 2332 2336 2340 2346 2349 2486 2496 4136 4346 
m2461 36 38 40 46 49 1836 1838 1840 1846 1849 1938 2036 2038 2040 2046 2049 2336 2338 2340 2346 2349 2486 2488 4336 4346 4836 
m62 11 13 22 33 36 40 661 1111 1113 1122 1133 1136 1140 1661 1811 1813 1833 1840 2011 2013 2033 4163 
m2585 27 38 46 1927 1946 2327 
m3271 16 36 3336 
m600 22 23 30 40 41 1123 1130 1140 1190 1523 1530 1540 2022 2023 2030 2072 2090 
m1995 14 36 40 46 740 1814 1840 2014 2036 2040 2046 2336 2340 2346 3246 4346 4814 
m703 22 36 46 1136 1146 2346 4836 
m84 8 23 30 38 46 423 430 1173 1180 1508 1523 1908 1923 1930 1946 2308 2323 2330 3673 
m618 22 23 1123 1173 3673 
m59 22 32 46 1122 1132 1146 2332 2346 
m1987 23 24 40 46 1190 1240 1246 2023 2024 2040 2046 2323 2324 2340 2346 3696 3723 
m2347 22 40 46 1146 2022 2040 2046 2346 
m2254 32 40 46 1632 1640 1646 2032 2040 2046 2332 2340 2346 
m358 10 26 37 46 1310 1337 1346 1860 1896 2310 2346 4396 
m3034 38 46 1938 1946 2346 
m706 46 2346 
m3036 23 36 46 49 1196 1199 1846 1849 2346 2496 3686 
m967 27 36 46 49 1827 1846 1849 2327 2346 2477 2496 
m2034 22 23 36 40 1122 1123 1136 1140 1173 1823 2023 2036 3673 
m925 22 23 30 38 41 1122 1123 1130 1172 1173 1180 1188 1523 1538 1541 1922 1923 1930 1938 2072 2073 2080 2088 3673 
m2856 22 45 1145 2272 2295 
m2193 23 36 38 40 41 46 1823 1838 1841 1923 1941 1946 2023 2036 2038 2040 2041 2046 2073 2323 2341 4346 
m2618 6 14 32 36 49 706 714 732 736 749 1606 1636 1806 2456 2482 2486 
m1866 13 38 688 1913 1938 
m3511 14 23 30 38 46 723 730 738 746 1180 1523 1530 1546 1923 1930 1946 2323 2330 2338 2346 4823 
m355 21 23 27 38 46 1073 1077 1096 1177 1921 1923 1946 2323 2327 
m2886 13 23 36 46 49 1813 1823 1846 1849 2313 2346 2463 2473 2486 2496 2499 3663 4813 4823 
m812 22 30 36 40 45 1122 1136 1140 1522 1536 1540 1836 1840 2022 2036 2040 2272 2280 2286 
m1246 30 36 46 49 1549 1830 1846 1849 2330 2336 2346 2349 
m657 22 23 30 1122 1123 1130 1173 1523 1530 3673 
m2044 13 33 38 46 1913 1933 1946 2313 2333 2338 2346 4163 
m3079 22 36 41 1122 1136 1141 1841 2072 2086 2091 4586 
m2100 14 22 45 46 722 1114 1145 1146 2264 2272 2296 2314 2322 2345 2346 3246 
m1963 13 46 2313 
m796 12 30 36 46 49 1512 1530 1546 1812 1830 1836 1846 1849 2346 2480 2496 2499 4812 
m1029 26 41 46 1341 1346 2341 
m1338 23 30 49 1180 1199 1549 2473 2480 2499 
m1674 22 23 36 40 41 1122 1123 1136 1140 1141 1172 1173 1822 1823 1836 1840 1841 2022 2023 2036 2040 2041 2072 2073 3673 4586 
m1460 5 23 24 38 40 46 273 274 290 296 1190 1240 1246 1905 1923 1924 1938 1946 2023 2024 2040 2046 2340 3696 3723 
m1036 23 30 36 40 1180 1523 1530 1536 1540 1830 2023 2030 2036 2040 4323 
m2369 37 
m3183 22 41 46 1122 1141 1146 2341 
m368 37 40 46 1890 2037 2040 2046 2337 2340 2346 4396 
m1059 22 23 30 36 40 41 1122 1123 1130 1136 1140 1141 1172 1173 1186 1190 1191 1522 1523 1536 1541 1840 1841 2023 2036 2041 2072 2073 2086 2090 2091 3673 3686 4323 4336 4586 
m632 22 26 38 46 1146 1322 1338 1346 1922 1946 2346 
m827 5 36 46 49 286 296 299 1849 2346 2349 2486 2499 4836 
m2964 5 23 24 40 41 46 273 274 290 291 296 1190 1240 1246 2023 2024 2040 2046 2073 2074 2090 2096 2340 3696 3723 
m680 5 13 38 46 263 296 1905 1913 1938 1946 2305 2313 2346 4813 
m261 36 38 41 46 1936 1946 2336 2341 2346 4341 4836 4846 
m2443 22 23 30 36 40 41 1122 1123 1130 1136 1140 1172 1173 1186 1190 1522 1523 1536 1822 2022 2036 2072 2073 2080 2086 2090 3673 3686 
m1813 8 32 37 46 49 408 437 446 449 1882 1896 2332 2346 2482 2487 2496 4396 
m1420 22 23 46 49 1123 1146 1149 1173 2323 2473 2496 3673 4823 
m1574 32 46 2332 
m1968 2 40 46 140 146 2046 
m1086 37 45 46 2287 2296 2337 2346 4837 
m1261 37 40 46 2037 2046 4396 
m2154 14 46 746 2346 3246 4846 
m2065 22 37 38 46 49 1137 1146 1149 1899 1922 1937 1938 1946 1949 2322 2337 2338 2346 2349 4396 
m3056 22 23 30 38 1122 1123 1130 1138 1173 1180 1523 1922 1923 1930 1938 3673 
m3011 22 37 40 46 1137 1146 2022 2037 2040 2046 2337 2346 4837 
m3416 32 36 40 46 1832 2032 2036 2332 2336 2340 2346 4136 4336 4836 
m536 22 23 36 41 1123 1136 1141 1172 1173 1822 1823 2072 2073 3673 4586 
m1264 22 30 36 1130 1822 1830 
m3468 26 38 46 1926 1938 1946 2326 
m90 22 
m1066 6 23 36 46 1156 1186 2306 2323 2336 4306 
m564 41 46 2341 
m1933 22 23 36 40 46 49 1123 1136 1146 1199 1822 1823 1836 1840 1846 1849 2022 2023 2036 2040 2046 2049 2323 2336 2346 2349 3686 4346 4823 4836 
m2726 16 23 38 40 46 49 1923 1940 1946 2016 2023 2046 2316 2323 2346 2349 2466 2473 3666 4823 
m2881 11 13 22 36 38 40 563 572 586 588 590 1113 1136 1138 1140 1813 1840 1913 1936 1940 2013 
m1211 22 46 49 1122 1146 1149 2346 2349 
m2504 36 38 46 1936 1938 1946 2336 2346 
m1488 12 22 23 30 36 46 622 630 636 1172 1180 1186 1522 1536 1822 2322 2330 2336 3123 3686 4336 4812 4823 
m3246 44 46 49 2246 2249 2344 2346 2349 
m3485 21 36 40 46 1090 1096 1840 1846 2321 2336 2340 2346 4321 
m3344 46 2346 
m472 23 46 2323 2346 4823 
m1416 22 36 40 41 46 1136 1140 1141 1146 1822 1836 1841 2022 2036 2041 2046 2072 2086 2090 2091 2096 2322 2336 2340 2341 2346 4346 4586 4836 
m1323 23 30 36 40 49 1180 1199 1549 1823 1830 1836 1840 1849 2023 2030 2036 2040 2049 2473 2480 2486 2490 
m1453 22 36 40 41 45 46 1136 1140 1141 1146 2036 2046 2090 2096 2272 2286 2291 2296 4346 4586 
m677 12 36 40 46 49 1812 2012 2036 2046 2049 2336 2346 2462 2486 2496 3146 4346 4812 
m197 14 40 46 2014 2040 2046 2314 2346 4814 4846 
m1293 22 37 40 46 1137 1146 2022 2037 2040 2046 2322 2337 2346 4837 
m1306 
m1129 17 46 2317 2346 3396 4817 
m3463 14 44 46 49 744 746 2344 2464 2494 2496 
m1411 
m3170 5 23 30 38 40 273 280 290 1190 1523 1530 1540 1905 1923 1930 1940 2023 2030 2040 
m1360 22 23 36 40 41 46 49 1123 1136 1140 1141 1146 1191 1822 1823 1836 1840 1841 1849 2022 2023 2036 2040 2041 2046 2072 2073 2086 2090 2091 2322 2323 2336 2340 2341 2349 2472 2473 2486 2490 2491 4323 4336 4346 4836 
m256 22 23 30 36 40 41 1122 1123 1130 1136 1140 1141 1172 1173 1186 1190 1191 1522 1523 1536 1541 1840 1841 2023 2036 2041 2072 2073 2086 2090 2091 3673 3686 4323 4336 4586 
m3490 22 23 30 36 37 40 41 46 49 1123 1130 1137 1141 1146 1190 1191 1523 1537 1540 1541 1546 1822 1823 1830 1836 1837 1840 1846 1873 1890 1891 1896 2022 2030 2036 2037 2040 2041 2046 2086 2091 2099 2340 2341 2346 2486 2490 2496 2499 4396 4823 
m3037 23 30 1173 1180 1523 1530 
m1924 12 22 36 38 40 46 612 636 1112 1122 1136 1138 1140 1146 1812 1836 1840 1846 1912 1922 1936 1938 1940 1946 2012 2022 2036 2038 2046 2312 2336 2346 3146 4812 4836 
m2427 44 46 2344 2346 
m1537 22 23 36 40 41 46 1123 1136 1141 1146 1191 1822 1823 1836 1841 1846 2022 2023 2036 2040 2041 2046 2323 2336 2341 2346 3686 4341 4346 4823 
m927 12 36 38 41 46 641 1841 1912 1936 1938 1941 1946 2062 2086 2091 2096 2312 2336 2341 4312 
m1565 22 23 26 30 36 40 41 1122 1123 1126 1136 1140 1141 1172 1173 1180 1186 1191 1323 1336 1340 1523 1536 1541 1822 1823 1826 1836 1840 1841 2022 2023 2026 2036 2040 2041 2072 2073 2076 2086 2090 3673 4586 
m1390 22 23 30 36 40 46 1122 1123 1130 1136 1140 1146 1173 1180 1186 1190 1522 1523 1530 1536 1540 1822 1823 1830 1836 1840 1846 2022 2023 2030 2036 2040 2046 2322 2323 2330 2336 3673 4823 
m855 37 46 49 2346 2487 2496 4837 
m722 22 23 30 46 1122 1123 1130 1146 1180 1523 1530 1546 2330 2346 4823 
m2064 5 23 32 36 46 273 282 286 1623 2305 2323 2332 2336 2346 4323 4332 4823 4836 
m1850 22 23 38 45 46 1123 1138 1145 1146 1195 1923 1938 1945 1946 2323 2345 
m1685 22 37 46 1122 1137 1146 2322 2337 2346 4837 
m2533 12 14 46 712 2314 2346 3146 3246 4812 
m3286 22 23 30 36 40 41 46 1122 1123 1130 1136 1140 1141 1146 1180 1522 1523 1530 1536 1540 1546 1822 1823 1830 1836 1840 1841 1846 2022 2023 2030 2036 2040 2041 2046 2072 2086 2090 2322 2323 2330 2340 4823 4846 
m397 22 23 36 41 1123 1822 1823 2072 2073 3673 4323 4586 
m65 12 26 46 1312 1346 2346 4812 
m2383 23 30 36 41 1173 1180 1186 1191 1523 1530 1536 1541 1823 1830 1836 1841 2073 2080 2091 3673 4323 4586 
m1339 22 37 40 46 1872 2037 2040 2046 2322 2337 2346 4837 
m1950 
m2055 36 40 46 49 1836 1840 1846 1849 2036 2040 2046 2049 2336 2340 2346 2349 2486 2490 2496 4346 
m1905 26 39 40 46 1339 1340 1346 1990 2339 2340 4496 4846 
m3334 22 40 46 1146 2022 2046 2346 4846 
m2002 13 22 36 38 40 672 686 690 1113 1122 1136 1140 1822 1913 1922 1936 2022 2036 
m2319 22 36 40 46 1122 1136 1140 1146 1840 1846 2022 2036 2040 2046 2322 2340 2346 4836 
m1580 36 37 49 1836 1837 1849 2486 2487 2499 
m1467 22 23 30 46 1122 1123 1146 1180 2330 2346 4823 
m3359 13 38 1913 1938 
m3249 15 27 38 41 45 46 777 1915 1938 1941 1946 2065 2077 2088 2096 2288 2291 2296 2315 2327 2346 
m508 23 24 40 46 1190 1240 1246 2023 2024 2040 2046 2340 3696 3723 
m21 22 23 30 46 1122 1123 1130 1146 1180 1523 1530 1546 2330 2346 4823 
m97 5 45 2255 
m2038 36 49 1836 1849 2499 
m2311 16 44 49 844 849 2494 
m266 22 38 1122 1922 
m1108 22 30 46 1522 1546 2322 4846 
m1595 23 30 36 39 40 41 1173 1180 1186 1190 1191 1523 1823 1830 1836 1973 1986 1990 1991 2023 2030 2036 2041 2073 2080 2086 2091 3673 3686 4323 4586 
m847 21 32 33 46 1082 1083 1096 1633 2321 2332 2333 2346 4833 
m163 22 
m1539 14 23 38 46 49 1196 1914 1923 1946 1949 2464 2473 2496 3664 4814 
m2925 22 30 36 41 45 1130 1536 1541 2272 2280 4586 
m3394 32 36 38 46 1832 1932 1936 1938 1946 2332 2336 2346 4836 
m2493 2 13 36 38 40 41 46 113 136 138 140 141 1813 1913 1936 1940 2013 2036 2063 2086 2088 2090 2302 2313 2336 2338 2340 2341 2346 
m3529 13 22 23 32 36 40 41 672 673 686 690 691 1122 1123 1136 1140 1141 1186 1190 1191 1613 1622 1623 1636 1823 1840 1841 2023 2041 3673 
m129 22 23 30 41 46 1122 1123 1130 1141 1146 1172 1173 1180 1191 1196 1522 1523 1530 1541 1546 2072 2073 2080 2322 2323 2330 2341 2346 3673 3696 4823 
m1242 14 40 46 2014 2040 2046 2314 2346 4814 
m1745 8 36 46 2308 4308 4836 
m1800 22 33 41 1122 1141 1672 1683 1691 
m1938 14 22 32 46 49 732 749 1114 1132 1146 1649 2314 2332 2346 2349 4814 
m822 22 23 36 40 46 49 1172 1822 1823 1836 1846 1849 2023 2036 2040 2046 2049 2322 2336 2346 2349 2472 2473 2486 4323 4346 4823 4836 
m970 14 26 38 726 1914 1926 1938 
m2309 22 46 1122 1146 2346 
m3171 3 26 36 41 186 191 1303 1336 1341 2091 4341 4586 
m2276 12 23 36 40 41 46 49 623 636 640 641 649 1191 1823 1840 1841 2012 2023 2036 2040 2041 2046 2073 2086 2090 2091 2099 2312 2323 2336 2341 2346 2349 2473 2486 2490 2491 3136 4323 4336 4812 
m1775 22 26 44 46 1122 1126 1144 1146 1322 1344 1346 2222 2246 2322 2326 2344 2346 4846 
m3375 5 22 23 24 40 46 273 274 290 1123 1146 1190 1222 1240 1246 2022 2023 2024 2046 2340 3696 3723 
m2682 30 36 38 1530 1538 1838 1930 1936 1938 4036 4330 
m2365 6 14 36 46 49 314 706 714 736 746 749 1806 1814 1846 2306 2456 2464 2486 2496 4814 
m625 22 44 45 46 1146 2272 2294 2296 2344 2346 4846 
m1327 41 46 2091 2096 2341 
m1040 22 37 40 46 1122 1137 1140 1146 1890 2022 2037 2040 2046 2337 2340 2346 4837 
m3247 22 46 1122 1146 2322 2346 4846 
m2896 5 14 36 46 49 264 286 296 299 746 749 1849 2349 2486 2499 3236 4836 
m1192 37 39 40 46 49 1890 1899 1987 1990 1999 2340 2490 2496 4396 4496 
m835 14 21 40 714 721 740 2014 2021 
m1157 26 32 36 46 1332 1336 1346 1832 2332 2336 2346 4836 
m3069 22 23 30 36 40 46 1122 1123 1130 1136 1140 1146 1172 1173 1180 1186 1190 1522 1523 1530 1536 1540 1546 1823 1840 2022 2023 2030 2036 2040 2046 2322 2323 2330 2336 2340 2346 3696 4823 
m2070 23 45 46 1196 2273 2296 2323 2346 3696 4823 
m3135 37 41 46 1891 2087 2091 2096 2341 4396 
m3347 22 26 33 1122 1126 1133 1676 
m2846 22 23 30 36 41 1123 1130 1136 1523 1823 1830 2072 2073 2080 3673 4323 4586 
m3154 26 39 46 1339 1346 2326 2339 4839 4846 
m3102 22 23 36 41 1123 1136 1141 1172 1173 1822 1823 2072 2073 3673 4586 
m2706 22 23 45 1123 1173 1195 3673 
m2019 13 16 38 46 1913 1916 1946 2313 2316 3313 
m3209 46 
m2288 6 43 4656 
m32 32 37 1882 
m964 37 40 46 1890 1896 2040 2046 2340 2346 4837 
m603 22 23 30 36 40 41 46 49 1122 1123 1130 1136 1140 1141 1146 1149 1172 1173 1190 1191 1522 1523 1530 1536 1540 1541 1546 1822 1823 1830 1836 1840 1841 1846 1849 2022 2023 2030 2036 2040 2041 2046 2049 2322 2323 2330 2336 2340 2341 2346 2472 2473 2480 2486 2490 2496 3696 4823 
m3057 12 22 23 30 36 40 46 612 622 623 630 636 640 646 1112 1123 1136 1140 1146 1162 1173 1512 1523 1536 1546 1812 1822 1823 1830 1836 1846 2012 2022 2023 2030 2036 2046 2312 2322 2323 2330 2336 2346 3123 3686 4346 4812 
m2604 32 36 38 41 46 49 1641 1646 1938 1941 1946 1949 2332 2336 2341 2346 2482 2486 2491 2496 4136 4586 
m3059 22 36 40 41 46 1136 1141 1146 2022 2036 2041 2046 2086 2096 2336 
m2962 13 23 36 46 49 1813 1823 1846 1849 2313 2346 2463 2473 2496 3663 4813 4823 
m2934 23 30 36 38 40 46 1180 1186 1190 1523 1530 1536 1540 1546 1830 1923 1930 1936 1940 1946 2023 2030 2036 2038 2040 2046 2323 2330 2340 4836 
m2248 26 46 1346 2346 
m665 17 22 38 46 888 1117 1138 2322 2338 4817 
m2490 22 23 30 38 41 1141 1172 1191 1522 1523 1538 1541 1922 1923 1930 1938 1941 
m3077 12 22 23 27 30 41 46 641 1112 1123 1127 1130 1141 1146 1173 1191 1362 1372 1373 1380 1391 1512 1522 1523 1527 1530 1541 2062 2072 2073 2077 2080 2091 2312 2322 2323 2327 2330 2341 3123 3662 4823 
m125 37 38 46 1888 1937 1938 1946 2338 4837 
m784 5 30 37 38 46 280 1855 1880 1896 1905 1930 1937 1946 2305 2330 
m489 22 23 36 40 41 1122 1123 1136 1140 1173 1186 1190 1823 1836 2022 2023 2036 2040 2072 2073 2086 2090 2091 3686 4323 
m1801 13 46 2313 
m28 26 32 36 41 46 49 1332 1336 1341 1346 1349 1641 1646 2332 2336 2341 2346 2482 2486 2491 2496 4136 4586 
m1531 22 37 45 46 1122 1137 1145 1146 1872 2272 2287 2296 2322 4837 
m72 32 39 46 1632 1639 1646 1989 2339 2346 4496 4839 
m1380 23 30 46 1523 2323 2330 2346 4823 
m1695 22 41 1122 1141 
m2018 23 38 1173 1188 1923 
m1925 26 32 36 46 1332 1336 1346 1832 2332 2336 2346 4836 
m2239 22 23 36 37 40 1122 1123 1136 1137 1140 1172 1173 1822 1823 1836 1837 1840 1872 1873 1886 1890 2022 2023 2036 2037 2040 3673 
m2160 23 30 36 40 41 1173 1186 1191 1523 1530 1536 1540 1541 1836 1841 2023 2030 2036 2041 3673 3686 4323 4341 
m724 22 36 37 40 46 1122 1136 1137 1146 1822 1837 1872 2036 2037 2046 2322 2336 2337 2340 2346 4346 4396 
m636 22 23 30 36 37 40 46 49 1123 1130 1136 1137 1140 1146 1149 1180 1523 1530 1546 1822 1823 1830 1836 1837 1840 1846 1849 1872 1873 1880 1886 1890 1896 2022 2023 2030 2036 2037 2040 2046 2330 2346 2472 2473 2480 2486 2487 2490 2496 4396 4823 
m2889 22 23 36 40 1122 1123 1136 1140 1172 1173 1186 1190 1823 2022 2023 2036 3673 4323 
m2270 32 46 1646 2332 2346 
m2628 14 39 40 46 740 1990 1996 2014 2039 2040 2046 2340 4464 4814 
m595 22 46 1122 1146 2322 2346 4846 
m2306 12 36 46 49 646 649 1849 2336 2346 2349 3136 4812 
m1856 14 22 23 30 40 46 722 723 730 746 1114 1122 1123 1130 1146 1172 1173 1180 1196 1514 1522 1523 1530 1546 2014 2022 2023 2030 2046 2323 2330 2346 3246 3696 4823 
m1069 23 32 36 46 49 1199 1623 1636 1649 1823 1836 1846 1849 2323 2332 2336 2346 2349 3686 4332 
m3342 23 30 36 41 49 1173 1180 1186 1199 1523 1530 1823 1830 1849 2073 2080 2086 2099 2473 2480 3673 
m557 34 45 2284 
m2937 22 23 30 36 40 41 46 1122 1123 1130 1136 1140 1141 1146 1191 1523 1536 1541 1546 1841 1846 2023 2030 2036 2040 2041 2046 2072 2341 3696 4323 
m2775 13 46 2313 2346 
m159 37 38 1888 1937 1938 
m3291 22 36 40 1122 1822 1836 1840 2022 2036 2040 
m2166 21 22 46 1121 1146 2321 4846 
m2581 12 14 22 45 46 49 645 712 745 1112 1114 1146 2314 2345 2346 2462 2464 2472 2496 3146 3246 4812 
m2546 32 36 41 46 1632 1636 1641 1646 1832 1836 1841 1846 2082 2086 2091 2096 2332 2336 4586 4846 
m2379 13 22 33 36 40 1113 1122 1133 1136 1140 1686 1690 1813 1840 2013 4163 
m3136 22 36 40 46 49 1136 1140 1146 1840 1846 2022 2036 2040 2046 2049 2336 2340 2346 2349 2486 4836 
m388 23 30 36 40 46 1186 1190 1523 1530 1536 1540 1546 1823 1830 1836 1846 2023 2030 2036 2046 2330 2336 2340 2346 3696 4823 
m323 28 36 40 1428 1828 1836 2028 2036 3936 4328 
m1697 22 23 36 40 1122 1123 1136 1140 1172 1173 1186 1190 1822 1823 1836 1840 2022 2023 2036 2040 3673 3686 4323 
m195 23 26 30 46 1176 1323 1326 1330 1346 1523 1526 1546 2326 2330 2346 3696 4823 4846 
m3279 
m2280 5 36 46 1805 1846 2305 2336 2346 4346 4836 4846 
m1696 22 36 41 1136 1141 1841 2072 2086 2091 4586 
m1516 37 41 46 49 1891 2337 2341 2346 2349 2487 2491 2496 4396 
m440 8 36 408 2936 4308 
m2471 14 46 714 746 2314 2346 4814 
m1863 22 23 36 40 41 1122 1123 1136 1140 1141 1172 1173 1822 1823 1836 1840 1841 2022 2023 2036 2040 2041 2073 2086 2090 3673 4586 
m984 22 36 40 45 1122 1136 1140 1145 1836 1840 1845 2036 2040 2045 2286 2290 
m2566 8 408 
m3196 36 37 40 46 1836 1837 1840 1846 2036 2037 2040 2046 2337 2346 4346 4837 
m1038 23 30 36 40 1180 1523 1530 1536 1540 1830 2023 2030 2036 2040 4323 
m501 26 32 36 41 46 1332 1336 1341 1346 1641 1646 2332 2336 2341 2346 4136 4586 
m3420 36 41 1841 2086 2091 4586 
m1276 22 23 36 40 1122 1123 1136 1140 1172 1173 1186 1190 1822 1823 1836 1840 2022 2023 2036 2040 3673 4323 
m3061 14 38 40 738 1914 1938 1940 2014 2038 2040 
m1326 23 30 46 49 1180 1199 1549 2323 2330 2346 2349 2473 2480 2496 
m2028 23 36 41 46 1836 1841 1846 2073 2086 2323 2341 4323 4836 
m529 22 46 49 1122 1146 1149 2349 2472 2496 
m2349 23 36 40 41 1173 1823 1836 1840 1841 2023 2036 2040 2041 2073 2086 2090 2091 3686 4323 
m552 44 46 2344 2346 
m3358 36 41 1836 1841 2086 2091 4586 
m173 15 23 30 40 46 773 1515 1523 1530 1546 2015 2023 2030 2046 2315 4823 
m684 46 49 2346 2349 4846 
m2165 5 36 46 49 286 296 299 1836 1846 1849 2336 2346 2349 2486 2496 4336 4836 
m2819 6 23 1156 1173 
m2085 32 1632 
m2390 22 36 41 1122 1136 1141 1841 2091 4586 
m563 33 37 38 1933 1937 4383 
m974 36 38 1936 1938 
m3266 22 38 46 1146 1922 1938 1946 2346 
m381 14 38 46 49 1914 1946 2314 2464 2488 2496 
m1221 14 29 31 36 49 729 731 736 1579 1586 1814 1829 1831 1836 1849 2464 2479 2481 2486 3236 4086 4336 
m3454 22 23 36 38 41 1122 1123 1136 1141 1172 1822 1823 1922 1923 1936 1941 2072 2073 2086 2088 2091 3673 4323 4586 
m2584 23 36 42 1173 1186 1192 3686 4342 
m3272 46 2346 
m1188 22 23 30 41 1123 1130 1141 1522 1523 2073 2080 3673 
m2227 5 23 26 32 46 1155 1182 1305 1323 1332 1346 1605 2305 2332 2346 4823 
m99 26 41 46 1341 1346 2341 
m236 14 23 30 46 714 723 730 746 1180 2314 2323 2330 2346 3223 4814 4823 
m484 22 23 30 41 1122 1123 1130 1172 1173 1180 1522 1523 1530 2072 2073 2080 3673 
m3039 22 23 30 36 40 46 1122 1123 1130 1136 1140 1146 1180 1523 1530 1822 1823 1830 1840 1846 2022 2023 2030 2046 2330 4823 
m3467 12 22 23 36 40 41 46 49 640 641 646 1112 1123 1136 1141 1146 1149 1812 1836 1840 1841 1846 1849 2036 2041 2046 2073 2086 2090 2091 2096 2099 2322 2323 2336 2340 2341 2349 2462 2473 2486 2491 2496 4323 4336 4812 4836 
m1981 22 23 36 40 41 1123 1136 1140 1141 1173 1186 1190 1823 1836 2023 2036 2040 2072 2073 2086 2090 2091 3686 4323 
m2242 22 36 40 46 49 1136 1140 1146 1149 1836 1840 1846 1849 2036 2040 2046 2049 2336 2340 2346 2349 2486 2490 2496 4346 
m574 23 35 46 1773 2335 2346 4823 
m50 22 37 46 1122 1137 1146 2322 2337 2346 4837 
m1180 22 23 36 38 41 1122 1123 1136 1138 1141 1922 1923 1936 1938 1941 2073 3686 4586 
m2092 22 32 33 36 40 1122 1132 1133 1136 1140 1633 1672 1822 1832 1833 1836 1840 2022 2032 2033 2036 4136 4186 
m1278 14 36 38 40 46 49 738 1814 1838 1914 1936 1938 1940 1946 1949 2014 2036 2046 2314 2336 2338 2340 2346 2349 2464 2486 2490 2496 3246 4346 
m2971 14 23 40 46 49 1196 2014 2023 2046 2049 2464 2473 2496 3664 4814 
m2680 23 30 36 40 41 49 1186 1190 1199 1523 1530 1536 1540 1549 1823 1836 1840 1849 2073 2080 2086 2090 2099 2490 3686 4336 
m1176 22 23 41 1122 1123 1141 1172 2073 
m409 14 22 46 722 2314 2322 2346 4814 
m1517 22 23 36 40 46 1122 1123 1136 1146 1172 1822 1823 1836 2022 2023 2036 2040 2046 2322 2323 4323 4346 4836 
m1873 14 22 36 40 41 46 714 722 736 741 1822 1836 1841 2014 2036 2046 2072 2314 2322 2336 2341 3236 4314 4586 4814 
m480 23 36 38 41 46 49 1173 1823 1936 1938 1946 1949 2073 2086 2323 2336 2341 2486 2491 2496 3673 4323 
m3150 36 41 46 2336 2341 2346 4586 4846 
m3378 37 1887 
m733 30 36 46 49 1536 1549 1849 2330 2336 2346 2349 
m3264 37 38 46 1937 1946 2337 
m3206 22 23 36 40 41 1122 1140 1141 1173 1186 1190 1823 1836 2022 2023 2036 2040 2041 2073 2086 2090 2091 3686 4323 
m737 
m776 22 23 36 40 41 1122 1123 1136 1140 1141 1173 1186 1190 1823 1836 1840 1841 2022 2023 2036 2040 2041 2072 2073 2086 2090 2091 3686 4323 
m2590 30 44 45 2230 2245 2280 
m2388 22 23 36 40 46 1122 1123 1136 1140 1146 1172 1822 2023 2036 2046 2322 2323 2336 2340 2346 4323 4823 4836 
m1930 22 23 36 40 1123 1136 1140 1173 1186 1190 1823 1840 2023 2036 3673 4323 4336 
m2094 37 46 49 1899 2346 2349 4396 4837 
m3002 14 33 46 1664 1696 2314 2346 4196 4814 
m2556 22 45 46 1145 1146 2296 
m3426 22 23 36 37 40 1122 1123 1136 1137 1140 1172 1173 1823 1837 1840 1872 1873 2023 2036 2037 2040 3673 
m3054 23 30 38 41 1173 1180 1523 1923 1930 1938 1941 2073 2080 2088 2091 3673 
m3075 8 408 
m3472 22 36 37 40 49 1136 1137 1822 1836 1837 1840 1849 1886 2022 2036 2037 2040 2472 2486 2487 2490 2499 
m1709 22 46 1122 1146 2322 2346 
m171 10 26 46 1310 1326 1346 2310 2346 
m2530 22 40 46 1122 1140 1146 2022 2040 2046 2322 
m1477 23 30 36 40 41 1173 1180 1186 1190 1523 1530 1536 1540 1823 1830 1836 1840 2023 2030 2036 2040 2073 2080 2086 2090 3673 4323 
m23 22 23 36 40 45 1122 1123 1136 1140 1145 1173 1822 1823 1836 1840 1845 2022 2023 2036 2040 2045 2273 3673 
m1015 26 30 36 44 46 1330 1336 1344 1346 1830 2230 2330 2336 2344 2346 4736 
m2700 14 22 41 46 722 2064 2072 2096 2314 2322 2341 2346 4814 
m992 22 23 36 40 41 1122 1123 1136 1140 1141 1173 1823 1836 1840 1841 2023 2036 2040 2041 2072 2073 2086 2090 2091 3686 4323 
m1597 5 13 33 38 46 655 1655 1696 1913 1933 1946 2305 2313 4163 
m18 14 30 46 730 2314 2330 
m1798 37 46 2337 2346 
m880 30 46 49 2330 2480 2496 
m1575 23 30 1173 1180 1523 1530 3673 
m1077 22 23 30 1122 1123 1130 1173 1522 1523 3673 
m976 22 38 46 1138 1146 1922 1938 1946 2322 2338 
m799 13 36 39 40 46 49 1813 1840 1846 1849 1963 1986 1990 1996 2013 2036 2040 2046 2049 2463 2496 4813 
m85 11 23 30 41 1161 1173 1180 1511 1523 1530 2061 2073 2080 3673 
m2919 23 38 45 1923 2273 2288 
m2119 46 2346 4846 
m2986 22 46 1122 1146 2346 
m3158 3 23 30 36 49 180 186 199 1153 1180 1199 1549 1830 1849 3686 
m1425 13 16 22 36 40 672 686 690 822 836 840 1113 1116 1122 1136 1140 1822 2022 2036 3166 
m3 22 23 30 46 1122 1123 1130 1146 1180 1522 1523 1530 1546 2323 2330 
m991 36 38 41 46 1841 1936 1941 1946 2086 2091 2336 2341 
m1533 36 38 49 1838 1849 1936 1938 1949 
m2551 26 32 36 46 1332 1336 1346 1832 2332 2336 2346 4836 
m1936 22 23 45 1123 1145 1172 1173 2272 2273 3673 
m1643 22 36 40 1122 1136 1140 2036 
m3447 22 23 30 41 1122 1123 1130 1173 1523 1530 2072 2073 2080 3673 
m2080 22 23 30 46 1122 1123 1130 1146 1180 1523 1530 1546 2330 4823 
m3155 37 46 49 1899 2337 2346 2349 4396 4837 4846 
m570 22 44 46 2222 2246 2322 2344 2346 4846 
m2575 22 36 40 1122 1136 1140 2036 
m3124 22 23 36 41 1123 1136 1141 1191 1823 1841 2073 2091 3673 4323 4586 
m214 
m1637 13 36 38 40 41 686 690 691 1841 1913 1936 1941 2036 2041 2063 2086 2088 2090 2091 
m2407 22 46 1122 1146 2322 2346 
m1706 22 36 37 40 46 1122 1136 1137 1140 1146 1822 1836 1837 1840 1846 1872 1896 2022 2036 2037 2040 2046 2322 2337 2346 4387 4396 4837 4846 
m351 8 41 46 49 408 446 449 2058 2096 2099 2349 
m170 22 32 46 1122 1132 1146 1632 2322 2332 2346 
m2496 23 30 38 1188 1523 1538 1923 1930 1938 
m1503 22 27 46 1122 1127 1146 1377 2327 2346 
m963 12 32 36 46 1612 1812 2312 2332 2336 2346 4136 4812 4836 
m1020 40 45 46 2045 2046 2296 2346 4846 
m3425 36 37 40 46 1840 1886 1890 1896 2036 2037 2040 2046 2336 2337 2340 2346 4346 4387 4396 4837 
m2103 22 40 44 46 1146 2022 2044 2046 2344 2346 4846 
m3052 14 20 40 46 720 2014 2020 2046 2320 3246 
m139 23 30 46 1180 1523 1530 1546 2330 2346 4823 
m1142 13 33 46 2313 2333 2346 4163 4813 4833 
m3450 22 23 36 38 40 41 1122 1123 1136 1140 1172 1822 1823 1836 1840 1922 1923 1936 1941 2023 2036 2072 2073 2086 2088 2090 2091 3673 4323 4586 
m3053 13 22 32 46 682 1113 1122 1132 1146 2313 2322 2332 
m534 5 37 46 1855 2305 4837 
m1222 14 32 36 38 41 46 1614 1914 1932 1936 1938 1941 1946 2064 2082 2086 2314 2332 2336 2341 4136 4314 
m176 13 22 32 36 40 41 672 686 690 1122 1136 1140 1613 1622 1636 1640 1822 2022 2036 2063 2072 2082 2086 
m2911 23 31 46 49 1196 1573 1596 2323 2346 2473 2481 2496 
m2638 22 32 46 1122 1132 1146 2332 2346 
m2185 22 37 40 46 1137 1146 1890 2022 2037 2040 2046 2322 2337 2340 2346 4396 
m2665 36 38 1936 
m2987 14 22 23 30 730 1114 1122 1123 1130 1180 1514 1523 1530 3223 
m1435 30 38 40 45 46 1930 1938 1946 2030 2038 2046 2280 2288 2290 2296 2330 
m870 29 36 38 49 1488 1499 1829 1836 1838 1849 1936 1938 1949 2479 2486 2488 2499 
m1764 12 36 40 41 46 49 636 640 641 649 1836 1840 1841 2036 2041 2336 2340 2341 2349 2486 2490 2491 3136 4336 4812 
m3301 36 
m1095 22 23 36 40 41 1122 1123 1136 1140 1141 1172 1173 1822 1823 1836 1840 1841 2022 2023 2036 2040 2041 2072 2073 3673 4586 
m3380 13 38 46 1913 1938 1946 2313 
m1954 36 43 49 1849 2186 2199 
m545 12 14 40 46 712 2012 2014 2046 2314 2346 3146 3246 4812 
m2249 32 36 38 40 46 49 1632 1636 1649 1849 1932 1936 1946 1949 2032 2036 2038 2046 2332 2336 2338 2340 2346 2349 
m254 14 34 36 40 46 1714 1734 1736 1740 1746 1814 1836 1840 1846 2014 2036 2040 2046 2314 2346 4346 4814 4846 
m547 22 23 46 1123 1146 1196 
m3350 13 22 32 36 40 672 686 690 1113 1136 1140 1613 1622 1636 1640 1822 2022 2036 2040 3186 4336 
m892 22 40 46 1146 2340 
m1018 14 46 2346 4814 
m2850 22 23 36 41 1123 1822 1823 2072 2073 3673 4323 4586 
m1234 22 23 36 40 46 49 1172 1822 1823 1836 1849 2022 2023 2036 2040 2046 2049 2322 2323 2336 2349 2473 2486 3686 4336 4346 4836 
m788 26 37 46 1337 1346 2337 2346 4837 
m638 13 22 33 36 40 47 672 686 690 697 1113 1122 1133 1136 1140 1147 1672 1686 1690 1697 1847 2036 2047 3183 
m1797 23 30 32 46 1182 1523 1532 1546 2323 2332 2346 4823 
m2899 23 40 44 46 1173 1194 1196 2023 2040 2046 2323 2344 2346 3696 4823 
m162 12 26 46 1312 1326 1346 2312 2346 4812 
m447 37 46 4837 
m2658 22 30 36 37 41 1130 1136 1536 1537 1541 1886 2086 2087 
m568 22 23 36 40 1122 1123 1136 1140 1173 1822 1823 1840 2022 2023 3673 
m1204 12 41 46 2062 2091 2096 2312 2346 4812 
m1678 22 23 36 40 46 49 1172 1822 1836 1840 1846 2022 2023 2036 2040 2046 2049 2322 2323 2336 2340 2346 2349 2473 2486 2490 2496 3696 4323 4346 4823 4836 
m746 22 44 46 1122 1144 1146 2322 2344 2346 4846 
m2454 26 40 46 49 2026 2046 2326 2340 2346 2476 2496 
m2335 22 23 37 46 1123 1137 1146 2323 2337 3687 4837 4846 
m3441 26 36 46 49 1336 1346 2476 2486 2496 4836 4846 
m2012 46 2346 
m829 23 30 36 40 41 1173 1180 1186 1190 1523 1536 1540 1823 1830 1840 2023 2036 2073 2086 3673 4336 
m223 14 22 46 714 722 746 2314 2322 2346 3246 4814 
m1023 23 40 46 2023 2040 2046 2323 2346 4823 
m1178 22 30 36 40 1122 1136 1140 1522 1536 1540 1822 1836 1840 2022 2036 
m2104 22 23 27 30 36 40 49 1172 1186 1199 1372 1373 1380 1386 1399 1522 1523 1527 1530 1536 1549 1822 1823 1827 1830 1836 1840 1849 2023 2027 2030 2036 2040 2049 2472 2473 2477 2480 2486 2499 3686 4336 
m124 22 37 40 46 1137 1140 1146 1890 2022 2037 2040 2046 2337 2340 2346 4837 
m1346 22 44 46 1146 2344 2346 4846 
m714 8 13 32 33 46 49 408 413 432 433 446 449 682 1682 2313 2332 2333 2463 2482 2483 2496 4163 
m3470 22 30 37 40 46 1130 1137 1146 1537 1540 1546 1890 2340 4396 
m1302 14 23 30 46 730 1180 2314 2323 2330 2346 3223 4814 4823 
m3128 34 45 2284 
m2078 22 23 30 41 46 1122 1123 1130 1141 1146 1172 1173 1191 1522 1523 1530 1541 1546 2322 2323 2330 2341 2346 3696 4823 
m1756 22 46 49 1146 1149 2349 2472 2496 
m3501 22 44 45 46 1146 2272 2294 2296 2344 2346 4846 
m278 3 30 36 40 46 180 186 190 196 1830 2030 2036 2046 2330 4836 
m2578 37 46 4837 
m1032 32 36 46 49 1832 1849 2332 2336 2346 2349 2482 4332 4336 4836 
m2376 23 31 46 49 1196 1573 1596 2346 2473 2481 2496 2499 
m2197 22 23 45 1123 1145 1173 2273 3673 
m2108 37 39 46 1889 4396 4839 
m1528 
m1845 5 13 22 33 36 40 46 263 272 283 286 290 672 686 690 1113 1122 1133 1136 1140 1672 1686 1690 1822 2022 2036 2305 2313 2322 2333 2336 2340 3183 
m1894 27 32 1382 
m1806 23 36 1186 1836 3686 
m1986 46 2346 
m2818 13 22 25 46 1113 1125 1146 1263 1296 2313 
m2719 22 23 30 36 40 46 1122 1123 1130 1136 1140 1146 1172 1173 1180 1186 1190 1522 1523 1530 1536 1540 1546 1823 1840 2023 2036 2040 2322 2323 2330 2336 2340 2346 3696 4823 
m1006 37 40 46 1890 2340 4396 
m2040 14 38 46 738 2314 2338 2346 4814 
m2716 22 23 36 38 40 41 46 1136 1138 1140 1146 1923 1936 1940 1946 2022 2023 2036 2038 2046 2072 2090 2323 4323 4836 
m2611 13 22 40 690 1113 1122 
m3323 6 14 32 36 314 332 732 1806 1814 1832 
m1438 26 32 36 38 46 1332 1336 1346 1832 1926 1932 1936 1938 1946 2332 2336 2346 4836 
m437 22 36 40 41 1136 1140 1141 1836 1840 1841 2036 2041 2072 2086 2090 2091 4586 
m1322 23 30 36 49 1180 1199 1549 1823 1830 1849 2473 2480 2486 
m1106 22 37 46 49 1872 2322 2346 2487 2496 4396 4837 
m1288 12 26 46 612 1312 1346 2312 2346 4812 
m209 22 40 44 46 1146 2022 2044 2046 2344 2346 4846 
m3147 12 22 23 30 46 612 622 623 630 646 1112 1122 1123 1130 1180 1512 1522 1523 1530 2312 2322 2323 2330 2346 4812 
m1820 5 22 44 46 296 1144 1146 2205 2246 2305 2344 2346 4846 
m2187 13 22 36 38 40 1113 1122 1136 1138 1140 1813 1840 1913 1936 1940 2013 
m2033 22 23 36 40 1122 1123 1136 1140 1173 1823 2023 2036 3673 
m2489 27 38 46 1927 1938 1946 2327 
m7 14 38 40 46 49 1914 1938 1940 1946 1949 2014 2046 2049 2346 2464 2496 4814 
m1720 26 38 41 1326 1338 1341 1926 1941 2076 2088 4591 
m2607 22 23 1122 1123 1173 3673 
m2875 5 14 46 264 296 2314 2346 4814 
m1312 36 38 40 41 46 1840 1846 1936 1938 1940 1941 1946 2036 2038 2040 2041 2046 2090 2096 2340 2346 4346 4586 
m1328 46 2346 
m1412 5 23 38 273 1905 1923 
m2511 5 32 36 46 49 282 286 296 1632 1636 1649 1849 2305 2332 2336 2346 2349 
m1285 14 23 32 36 49 723 732 736 749 1182 1199 1636 1649 1849 3686 
m789 37 46 1896 2346 4837 
m2913 22 23 30 36 37 40 41 46 49 1123 1130 1136 1137 1140 1146 1149 1180 1523 1530 1546 1822 1823 1830 1836 1837 1840 1846 1849 1872 1873 1880 1886 1890 1896 2022 2023 2030 2036 2037 2040 2046 2072 2086 2090 2099 2330 2346 2472 2473 2480 2486 2487 2490 2496 4396 4823 
m1153 38 44 45 46 49 1938 1946 2238 2246 2249 2288 2294 2296 2299 2338 2344 2346 2349 
m3180 23 24 40 46 1190 1240 1246 2023 2024 2040 2046 2323 2324 2340 3696 3723 
m1506 22 23 30 1122 1123 1130 1172 1173 1180 1522 1523 1530 3673 
m2084 20 40 48 1040 2040 2420 2440 
m448 22 36 37 40 41 1137 1140 1822 1836 1840 1841 2022 2036 2037 2040 2041 2072 2086 2090 2091 4586 
m2597 6 14 32 36 49 706 714 732 736 749 1606 1636 1806 2456 2482 2486 
m337 9 36 49 1809 2459 2486 2499 2959 4309 4336 
m1079 22 23 30 1122 1123 1130 1173 1522 1523 3673 
m11 14 37 46 49 2314 2337 2346 2464 2487 2496 4364 
m1812 30 36 40 46 1830 1836 1840 1846 2030 2036 2040 2046 2330 2336 2340 2346 4336 4346 4836 
m3121 8 10 38 508 1908 1910 
m2494 14 22 23 30 46 730 746 1114 1122 1123 1130 1146 1180 1514 1523 1530 1546 2330 3223 4823 
m1105 22 26 44 46 1122 1126 1144 1146 1322 1344 1346 2222 2246 2322 2326 2344 2346 4846 
m2501 13 38 46 688 1913 1938 1946 2313 2338 
m293 5 36 38 46 49 255 286 288 296 299 1805 1836 1838 1846 1849 1905 1936 1946 2346 2349 2486 2499 4836 
m1317 36 41 46 2096 2336 2341 2346 4586 4836 4846 
m1780 12 22 36 37 40 41 46 612 622 636 637 640 641 646 1112 1136 1137 1140 1141 1146 1812 1822 1837 1840 1846 1872 1886 1890 1891 2012 2022 2036 2037 2040 2041 2046 2062 2072 2086 2087 2090 2096 2312 2322 2336 2340 2341 4837 
m2333 28 36 1828 1836 
m1273 14 38 46 49 746 749 1914 1938 1946 1949 2346 2349 
m3140 22 46 1122 1146 
m1592 22 23 36 40 41 1122 1123 1136 1140 1141 1172 1173 1822 1823 1836 1840 1841 2023 2036 2040 2041 2072 2073 3673 4341 
m2928 23 37 46 49 2323 2473 2487 2496 3687 4837 
m73 22 44 46 1122 1144 1146 2222 2246 2322 2344 2346 4846 
m1876 22 37 46 49 1137 1146 2322 2337 2346 2472 2496 4396 4837 
m1982 14 32 36 49 714 732 736 749 1636 1649 1849 2482 2486 2499 
m2433 22 30 40 46 1130 1146 2022 2030 2046 2322 2330 2346 
m3080 23 24 40 46 1190 1240 1246 2023 2024 2040 2046 2340 3696 3723 
m15 23 46 2323 2346 4823 
m2906 41 2091 
m3148 8 41 46 49 408 446 449 2058 2096 2308 2341 2346 2349 2458 2496 
m1372 14 36 40 46 1814 1836 1840 1846 2014 2036 2040 2046 2314 2336 2346 3236 4346 4814 4836 
m2751 33 38 46 1688 1933 1938 1946 2338 4196 
m133 5 45 46 2255 2296 2305 2346 
m3466 36 46 2336 
m1708 13 38 688 1913 1938 
m1961 5 23 38 45 46 1155 1945 1946 2255 2273 2305 2323 2345 2346 4823 
m2538 22 23 38 46 1172 1922 1923 1938 1946 2322 2323 2346 
m2247 14 36 38 46 49 714 736 738 746 749 1814 1846 1849 1914 1936 1946 1949 2314 2336 2338 2346 2349 2464 2486 2496 4814 
m3300 
m768 22 23 30 45 46 1123 1130 1145 1146 1196 1523 1545 1546 2273 2296 2346 
m674 17 38 40 46 888 1917 1946 2017 2038 2046 2338 4817 
m2641 37 49 1899 2487 
m934 23 30 38 46 1180 1523 1530 1538 1546 1923 1930 1938 1946 2330 4823 
m180 22 36 40 41 1136 1140 1141 1836 1840 1841 2036 2041 2091 4586 
m1031 37 40 46 1890 2037 2040 2046 2337 2340 2346 4396 
m1083 22 23 30 40 46 1123 1130 1146 1180 1523 1530 1546 2022 2023 2030 2046 2322 2323 2330 2340 2346 4823 
m1746 22 23 30 36 40 1122 1123 1130 1136 1140 1180 1830 2023 2030 2036 4323 
m2955 38 41 46 1938 1941 1946 2341 
m1713 22 23 36 38 40 41 1122 1123 1136 1140 1173 1186 1190 1823 1836 1922 1923 1936 1940 1941 2022 2023 2036 2040 2072 2073 2086 2090 3686 4323 
m3082 23 30 36 40 41 49 1186 1190 1199 1523 1530 1536 1540 1549 1836 1840 1849 2073 2080 2086 2090 2099 2490 3686 4336 
m2627 32 36 38 46 49 1632 1636 1649 1849 1932 1936 1938 1946 1949 2332 2336 2346 2349 
m1223 22 23 30 36 40 41 1123 1130 1172 1173 1180 1186 1190 1522 1523 1530 1536 1540 1822 1823 1830 1840 2022 2023 2030 2073 2080 2086 3673 
m848 38 46 1946 2338 2346 
m2831 
m77 13 33 40 690 1690 4163 
m253 8 32 37 46 49 408 446 449 1608 1646 1649 1858 1882 1896 2308 2332 2346 2349 
m804 23 26 30 38 40 46 1180 1323 1330 1338 1346 1923 1930 1938 1946 2023 2026 2030 2038 2046 2330 4823 
m1957 11 13 22 33 36 40 563 572 583 586 590 672 686 690 1113 1122 1133 1136 1140 1672 1686 1690 1822 2022 2036 3183 
m3244 14 40 46 714 740 746 2014 2046 2314 2340 2346 4814 
m850 38 46 1946 2338 2346 
m1962 37 38 46 1888 1896 2337 2338 2346 
m467 22 23 41 1123 1173 1191 3673 
m204 11 13 46 563 2311 2313 
m2728 23 30 36 41 1186 1191 1523 1536 1541 3673 3686 4586 
m839 46 2346 
m1428 22 44 46 1122 1144 1146 2322 2344 2346 4846 
m1385 22 23 30 36 40 41 1123 1136 1140 1141 1173 1180 1823 1830 1836 1840 1841 2023 2036 2040 2041 2073 2080 3673 4586 
m989 21 22 23 1072 1073 1171 1172 1173 
m1363 37 46 4837 
m1388 46 2346 
m3068 13 38 1913 1938 
m1586 6 14 36 49 706 714 736 749 1806 2456 2486 
m559 41 46 2341 2346 
m1133 22 36 37 40 46 1122 1136 1137 1140 1146 1822 1837 1840 1846 1890 2022 2036 2037 2040 2046 2337 2340 2346 4346 4837 
m1479 36 38 46 1936 1946 2336 
m667 14 23 36 38 46 49 1164 1814 1823 1838 1846 1849 1914 1923 1946 1949 2323 2464 2473 2496 4814 
m1275 30 46 2330 
m1736 13 22 33 40 690 1113 1122 1133 1140 1690 3183 
m2063 
m682 23 30 45 46 1195 1523 1545 1546 2323 2330 2345 2346 3696 4823 4846 
m1073 30 46 2330 2346 4846 
m1236 23 36 40 41 46 1191 1823 1836 1841 1846 2023 2036 2040 2041 2046 2323 2336 2341 2346 3686 4341 4346 4823 
m2448 22 36 37 40 46 1122 1136 1137 1140 1146 1837 2036 2037 2040 2046 2322 2336 2337 2340 2346 4346 4396 
m346 26 36 37 46 49 1826 1837 1846 1849 1876 1899 2326 2476 2496 4396 
m3471 37 40 46 1890 2037 2040 2046 2337 2340 2346 4396 
m2380 40 46 48 2040 2046 2340 2346 2348 2440 2446 
m1233 31 36 37 40 46 1587 1590 1596 1831 1837 1840 1846 1890 1896 2340 
m2595 14 36 40 46 1814 1846 2014 2036 2040 2046 2314 2346 4346 4814 4846 
m3391 23 30 1523 
m1590 22 23 30 36 39 40 41 1123 1136 1140 1172 1173 1186 1190 1191 1523 1536 1539 1541 1823 1972 1973 1986 1991 2023 2036 2072 2073 2086 2090 3673 4323 4336 4586 
m3340 5 32 46 1605 2305 2332 2346 4846 
m470 12 30 38 40 46 630 1912 1930 1946 2012 2030 2038 2040 2046 2312 2330 2346 4812 
m664 14 22 46 1114 1122 1146 2314 2346 4814 
m2299 22 44 46 1122 1144 1146 2322 2344 2346 4846 
m645 23 28 38 1178 1188 1928 1938 
m1704 4 26 38 226 238 1304 1326 1338 1904 1926 2704 
m2039 32 38 46 1632 1646 1932 1938 1946 2332 2346 
m503 36 49 1836 1849 2486 2499 
m287 13 14 22 40 46 672 722 2013 2014 2040 2046 2313 2314 3164 
m1026 23 36 45 46 1186 1196 1836 1846 2273 2286 2296 3686 4836 
m826 38 46 1938 1946 2346 
m1487 14 37 40 46 737 740 746 2037 2046 4837 
m1002 36 40 46 49 1840 1846 1849 2036 2040 2046 2049 2340 2346 2486 2490 2496 4336 4346 4846 
m1823 22 36 40 46 1122 1136 1140 1146 1836 1840 2022 2036 2040 2046 2322 2336 2340 2346 4836 
m2058 23 30 36 41 1523 1536 1823 2073 2080 3673 4323 4586 
m3067 22 23 30 36 38 40 46 1123 1130 1136 1140 1172 1173 1180 1186 1188 1190 1196 1523 1538 1546 1822 1830 1922 1923 1936 1940 1946 2022 2023 2030 2036 2040 2322 2323 2330 2336 2340 3673 4323 
m3336 22 37 46 49 1137 1146 1899 2346 2349 2496 4396 4837 
m3004 14 30 46 730 2314 2330 
m3106 14 22 36 41 46 714 722 736 741 1822 1836 1841 2072 2314 2322 2336 2341 3236 4314 4586 4814 
m3141 22 23 30 36 40 46 1122 1123 1130 1136 1140 1146 1172 1173 1180 1522 1523 1530 1822 1823 1830 1846 2022 2023 2030 2036 2046 2322 2323 2330 3673 4823 
m98 22 23 36 1123 1136 1172 1173 1186 1822 1823 3673 
m1795 22 23 1122 1123 1172 1173 3673 
m910 13 33 4163 
m2024 22 46 1122 1146 2346 
m424 22 46 1146 2322 2346 
m1679 5 30 36 46 280 286 1536 1830 1836 2305 2330 2336 4836 
m2657 17 41 46 891 2067 2096 2341 4817 
m1918 5 38 45 46 255 1905 1938 1945 1946 2255 2305 2345 2346 
m2947 22 23 41 1122 1123 1141 1172 2073 
m876 23 26 34 36 46 1176 1184 1186 1196 1726 1746 1826 1846 2326 4334 
m1490 22 23 30 36 40 41 1122 1123 1130 1136 1140 1141 1173 1522 1523 1536 1822 1823 1830 1836 2022 2023 2030 2036 2072 2073 2080 2086 2090 2091 3673 4323 4586 
m2252 36 37 40 46 1837 1846 2036 2037 2040 2046 2337 2346 4346 4837 
m705 37 46 49 1899 2346 2349 2487 2496 4396 4837 
m3122 13 38 1913 1938 
m3348 27 40 46 1396 2027 2040 2046 2340 2346 
m764 12 22 36 40 41 45 46 49 636 640 641 645 649 1145 1822 1836 1840 1841 1845 2012 2022 2036 2040 2041 2045 2046 2049 2072 2095 2272 2295 2336 2340 2349 2486 2490 2491 2495 3136 4336 4812 
m1417 13 38 45 46 688 2263 2295 2296 2313 2338 2346 3196 
m2855 12 14 46 712 746 2312 2346 3246 4812 
m1956 23 31 46 48 49 1196 1573 1596 2346 2423 2431 2446 2473 2481 2496 2498 
m1791 22 23 30 36 40 41 1123 1136 1141 1172 1186 1190 1191 1522 1523 1536 1540 1541 2022 2023 2036 2041 2086 3673 3686 4336 4586 
m2331 18 23 36 923 936 1186 1836 3686 
m1794 22 36 38 46 1822 1936 1946 2322 2336 2346 4836 
m40 22 23 36 37 40 1123 1136 1140 1172 1173 1186 1190 1823 1840 1872 1873 1886 1890 2023 2036 2040 3673 3686 4323 4336 
m803 22 27 46 1146 1372 1377 1396 
m1809 22 30 36 49 1122 1136 1522 
m1749 36 40 46 49 1840 1846 1849 2036 2040 2046 2049 2336 2340 2346 2486 2496 4336 4346 4846 
m539 36 40 49 1836 1840 1849 2036 2040 2049 2486 2490 2499 
m1510 12 23 30 46 1162 1196 1512 1523 1530 1546 2312 2330 2346 3696 4812 4823 
m1437 22 36 38 48 49 1136 1148 1149 1822 1836 1838 1848 1849 1922 1936 1948 1949 2422 2436 2438 2448 2449 2486 2498 
m2655 23 46 2346 3696 4823 
m330 37 46 1896 2346 4837 
m1505 22 23 36 40 1122 1123 1136 1140 1190 1822 1823 1836 1840 2022 2023 2036 2040 
m2829 46 47 2346 2347 
m3048 22 46 1122 1146 2322 2346 
m2406 22 23 30 36 40 46 49 1122 1123 1130 1136 1140 1146 1180 1523 1530 1536 1540 1546 1822 1823 1830 1840 1846 2022 2023 2030 2036 2046 2322 2323 2330 2336 2340 2346 2472 2486 2490 2496 4336 4346 4823 4846 
m1770 14 23 30 40 47 730 1180 1514 1523 1530 1547 2014 2023 2030 2047 2364 2373 2380 3223 
m3089 22 26 44 46 1122 1144 1146 1322 1344 1346 2344 2346 
m3242 15 26 46 776 2326 4815 
m1476 14 30 46 730 746 1530 2330 
m3353 22 23 30 36 40 41 46 1122 1123 1130 1136 1140 1141 1146 1172 1173 1180 1186 1190 1191 1523 1536 1540 1541 1841 2023 2036 2041 2073 2080 2086 2090 2091 2322 2323 2330 2341 3673 4323 
m3414 22 23 36 40 41 1122 1123 1136 1140 1141 1172 1173 1822 1823 1836 1840 1841 2022 2023 2036 2040 2041 2073 2086 2090 3673 4586 
m2788 26 40 46 2026 2046 2326 
m3009 23 32 46 1196 1623 1646 2346 
m627 22 23 36 40 1122 1123 1136 1140 1172 1173 1186 1190 1822 1836 1840 2022 2023 2036 2040 3673 4336 
m1646 14 22 38 46 49 722 749 1914 1938 1946 1949 2314 2322 2338 2346 2349 2472 4814 
m824 32 37 46 1637 2332 2337 
m3058 22 23 30 1122 1123 1130 1173 1180 1523 3673 
m3365 32 36 38 40 46 1832 1932 1936 1946 2032 2036 2038 2046 2332 2336 2346 4836 
m3483 22 37 46 49 1137 1146 1899 2346 2349 2496 4396 4837 
m1605 
m2010 13 38 46 1913 1946 2313 
m2785 5 36 46 49 255 286 296 299 1849 2346 2349 2486 2499 4836 
m1226 27 38 46 1927 1946 2327 
m1444 14 22 36 40 41 46 714 722 736 741 1822 1836 1841 2014 2036 2041 2046 2072 2314 2322 2336 2341 3236 4314 4586 4814 
m1265 36 46 49 1849 2346 2349 2486 2499 4836 
m1669 14 46 746 2346 3246 
m1474 14 22 38 46 1114 1146 1914 1922 1938 1946 2314 2322 2346 4814 
m2314 23 46 2323 2346 4823 
m1875 22 23 1123 
m2963 32 36 38 46 49 1632 1636 1649 1849 1932 1936 1938 1946 1949 2332 2336 2338 2346 2349 
m751 12 14 45 46 645 712 745 2314 2345 2346 3146 3246 4812 
m364 36 46 2336 2346 4836 4846 
m2999 36 40 46 2036 2046 2336 2340 2346 4836 4846 
m707 23 30 36 41 1173 1523 1823 1830 2073 2080 3673 4323 4586 
m1799 9 23 30 46 1159 1509 1523 1546 2309 2323 2346 4823 
m1397 22 23 32 38 46 1123 1132 1146 1182 1196 1922 1923 1932 1946 2332 
m2773 23 30 38 1180 1523 1530 1538 1923 1930 1938 
m2186 37 40 46 1890 2037 2040 2046 2337 2340 2346 4396 
m1333 22 37 40 46 1137 1140 1146 1890 2022 2037 2040 2046 2322 2337 2340 2346 4396 
m3236 23 30 38 46 1173 1180 1188 1523 1530 1538 1923 1930 1938 2323 2330 2338 2346 3673 4823 
m523 14 22 46 722 2322 3246 
m60 14 32 46 732 2332 4814 
m2843 22 38 46 49 1146 1946 1949 2322 2346 2349 2472 2496 4846 
m1250 14 22 40 46 714 746 1114 1146 2014 2022 2046 2314 2346 3246 4814 
m2537 11 13 23 30 33 563 573 580 583 673 680 1173 1180 1513 1523 1533 1673 1680 3183 3673 
m2968 36 38 40 41 1838 1841 1941 2036 2038 2041 
m3032 22 30 40 46 1122 1130 1140 1146 2022 2030 2040 2046 2322 2330 2340 2346 
m3312 22 36 40 46 1146 1822 1846 2022 2036 2040 2046 2346 4346 
m2981 22 23 30 46 1122 1123 1130 1146 1172 1173 1180 1196 1522 1523 1530 1546 2323 2330 2346 3696 
m1495 22 36 40 41 1136 1140 1141 1836 1840 1841 2036 2041 2072 2086 2090 2091 4586 
m2528 5 13 26 33 41 46 655 696 1305 1313 1326 1333 1341 1346 1655 1676 1691 1696 2055 2063 2096 2305 4163 
m369 22 37 40 46 1137 1140 1146 1890 2022 2037 2046 2322 2337 2340 2346 4396 
m646 23 27 1173 1177 1373 1377 
m2132 12 22 23 36 40 46 49 636 649 1186 1199 1822 1836 1840 2022 2036 2336 2349 2486 3123 3146 3686 4336 4823 
m246 26 37 46 1326 1337 1346 1876 2326 4396 
m192 22 23 30 36 40 46 49 1122 1123 1130 1136 1140 1146 1149 1172 1173 1180 1186 1190 1199 1522 1523 1530 1536 1540 1546 1549 1822 1823 1830 1836 1840 1846 1849 2022 2023 2030 2036 2040 2046 2322 2330 2336 2340 2346 2349 2472 2473 2480 2486 2496 3696 4823 
m1661 41 46 2091 2096 2341 
m121 22 30 36 40 41 49 1122 1130 1136 1140 1141 1536 1540 1822 1840 1841 2022 2036 2040 2041 2080 2086 2090 2472 2486 2490 
m1564 16 22 23 46 822 846 1122 1146 1172 2322 3323 3696 
m1855 22 40 46 1140 1146 2022 2040 2046 2340 2346 
m1159 14 46 4814 
m2909 36 40 46 49 1840 1846 1849 2036 2040 2046 2049 2340 2346 2486 2490 2496 4336 4346 4846 
m2815 22 23 30 36 41 1123 1130 1141 1191 1523 1541 1822 1823 1830 1841 
m2870 38 41 46 1938 1941 1946 2341 2346 
m2059 45 46 2296 2345 2346 
m1289 13 22 38 49 699 1113 1122 1138 1149 1913 1938 1949 
m1818 22 40 45 46 49 1145 2046 2272 2295 2322 2345 2346 2490 2496 
m1331 37 46 49 1899 2346 2349 2496 4396 4837 
m2885 14 46 49 2314 2346 2464 2496 4814 
m2432 22 26 38 46 1146 1322 1346 1922 1926 1946 2346 
m1349 36 40 46 49 1836 1840 1846 1849 2036 2040 2046 2049 2336 2340 2346 2349 2486 2490 2496 4346 
m1247 30 46 2330 2346 4846 
m2557 22 23 30 36 40 41 1122 1123 1130 1136 1140 1141 1180 1186 1190 1522 1523 1536 1540 1541 1822 1830 1836 1840 1841 2022 2023 2030 2036 2041 2080 2086 
m69 22 23 30 1122 1123 1130 1173 1180 1522 1523 1530 
m2292 40 46 2040 2046 2346 
m1664 14 23 30 46 1514 1523 1546 2314 2323 2330 2346 3664 4814 4823 
m235 36 40 41 1836 1840 1841 2036 2040 2041 2086 2090 2091 
m2107 22 23 30 36 40 46 1122 1123 1130 1136 1140 1146 1180 1522 1523 1530 1536 1540 1546 1822 1823 1830 1836 1840 1846 2022 2023 2030 2036 2040 2046 2322 2323 2330 2340 4823 4846 
m3091 13 17 45 46 49 2263 2267 2295 2296 2313 2317 2349 2463 2467 3363 
m2847 23 30 38 1180 1188 1523 1538 1938 3673 
m3003 22 37 49 1122 1137 1149 1872 1899 2472 2487 2499 
m635 22 32 36 37 40 1122 1136 1137 1140 1622 1636 1637 1640 1822 1872 1886 1890 2022 2036 
m3043 12 26 46 626 2326 4812 
m897 14 37 46 2314 2337 2346 4364 4814 
m282 36 40 41 1841 2036 2041 2086 2090 2091 
m1519 22 23 36 40 46 1122 1123 1136 1140 1146 1196 1823 1836 2022 2023 2036 2040 2046 3686 4346 4836 
m1615 41 
m642 13 22 23 32 672 673 1113 1122 1123 1172 1613 1622 1623 
m435 5 13 27 38 46 263 296 1355 1363 1396 1905 1913 1927 1946 2313 2346 4813 
m336 14 22 40 45 46 722 2014 2045 2046 2264 2272 2296 2314 2322 2340 2345 2346 4814 
m649 22 32 46 49 1122 1132 1146 1622 1646 1649 2322 2332 2346 2349 2472 2482 2496 4846 
m3133 13 38 1913 1938 
m499 5 36 38 46 49 286 296 299 1849 1905 1936 1946 2346 2349 4836 
m2950 13 30 36 46 1513 1536 1546 2313 2330 2336 2346 4313 4813 4836 
m445 23 30 46 1180 1196 2323 2330 2346 3673 4823 
m452 22 36 38 40 41 46 1136 1141 1836 1840 1841 1936 1940 1941 1946 2022 2036 2038 2040 2041 2046 2086 2090 2091 2322 2336 2341 4586 
m3465 21 36 38 45 1095 1845 1921 1936 1945 3586 
m3229 14 46 2314 2346 4814 
m1493 16 22 23 30 46 830 1116 1122 1123 1130 1146 1523 1546 2316 2330 2346 3323 3346 3696 4823 
m3352 36 46 2336 2346 4836 4846 
m160 26 38 46 1338 1346 2338 2346 
m969 36 37 40 1836 1837 1840 2036 2037 2040 
m341 13 22 33 36 38 40 1113 1122 1133 1136 1138 1140 1813 1833 1838 1840 1913 1933 2013 2033 2038 4163 
m2236 5 23 24 40 46 273 274 290 296 1190 1240 1246 2023 2024 2040 2046 2340 3696 3723 
m2978 23 30 38 46 1188 1523 1530 1538 1546 1923 1930 1938 1946 2330 2338 2346 3696 4823 
m2939 22 23 30 46 1123 1130 1146 1180 1523 1530 1546 2330 4823 
m1062 14 26 726 
m2097 12 22 23 36 40 41 46 49 636 640 641 646 649 1123 1136 1141 1146 1149 1812 1836 1840 1841 1846 1849 2036 2041 2046 2073 2086 2090 2091 2096 2099 2322 2323 2336 2340 2341 2349 2462 2472 2473 2486 2491 2496 2499 4323 4336 4812 4836 
m1396 22 36 40 41 49 1122 1136 1141 1149 1841 1849 2022 2036 2041 2049 2486 2491 4336 
m2328 22 23 36 41 1122 1123 1172 1173 1822 1823 2072 2073 3673 4586 
m1072 14 40 45 46 745 2014 2040 2046 2314 2345 2346 3214 4814 
m3199 22 36 38 40 46 1136 1138 1140 1146 1838 1946 2036 2038 2040 2046 2336 2338 2340 2346 4346 
m30 38 46 1938 1946 2346 
m3397 27 32 1382 
m903 32 46 1632 1646 2332 2346 4846 
m2502 14 36 40 46 1846 2014 2036 2040 2046 4314 4814 
m187 22 23 30 36 1123 1130 1136 1172 1180 1522 1822 1823 1830 
m107 22 23 30 36 41 46 1122 1123 1130 1136 1141 1146 1172 1522 1523 1530 1536 1546 1822 1823 1830 2072 2073 2080 2096 2322 2330 2336 2346 3696 4346 4586 4823 
m3306 5 13 23 30 33 263 273 280 283 673 680 1173 1180 1513 1523 1533 1673 1680 3183 3673 
m798 12 30 45 46 49 645 1512 1530 1545 1546 2295 2345 2346 2480 2496 2499 4812 
m1369 22 30 46 1122 1130 1146 2322 2330 2346 
m367 22 23 1122 1123 1173 3673 
m2982 28 37 38 39 46 1878 1928 1937 1938 1939 1946 1978 1987 2328 4396 4496 
m2722 46 
m3090 23 30 36 40 46 1180 1523 1530 1830 2023 2030 2036 2046 2330 4323 4346 4823 
m2090 22 44 46 1146 2344 2346 4846 
m1735 23 30 46 1180 1523 1530 2330 4823 
m775 14 46 49 2314 2346 2464 2496 4814 
m96 14 36 38 41 46 714 1814 1836 1838 1914 1936 2064 2086 2088 2096 2314 2336 2338 3236 4314 4586 4814 
m1290 29 36 41 1829 1836 2079 2086 4336 
m3326 22 23 36 40 41 1122 1123 1136 1140 1141 1172 1173 1186 1190 1191 1823 1840 1841 2023 2036 2040 2041 3673 
m3435 
m211 22 26 44 46 1146 1322 1344 1346 2344 2346 4846 
m439 13 22 33 36 40 1113 1122 1133 1136 1140 1813 1822 1833 1840 2013 2022 2033 4163 
m3505 22 23 36 41 1123 1136 1141 1172 1173 1186 1822 1823 2072 2073 2086 2091 3673 4586 
m1683 22 23 36 40 41 46 1122 1123 1136 1140 1141 1146 1190 1836 1840 2022 2023 2036 2040 2041 2046 2073 2086 2090 2096 2322 2323 2336 2340 2341 2346 3673 3686 4323 4823 
m654 46 2346 
m1102 22 30 36 40 41 46 1122 1130 1136 1140 1141 1146 1830 2022 2030 2036 2040 2046 2072 2090 2096 2330 2336 2340 4836 4846 
m228 14 22 46 714 722 746 1114 1146 2314 2346 3246 4814 
m1807 23 36 1186 1836 3686 
m1585 36 40 45 46 1845 2036 2045 2046 2336 2345 4836 4846 
m613 22 30 40 46 1122 1130 1146 2022 2030 2046 2330 
m1313 40 45 46 2045 2046 2290 2295 2296 2340 2345 2346 
m2801 14 26 46 49 1314 1346 1349 2346 2464 2496 4814 
m660 22 30 36 40 46 1130 1136 1140 1146 1536 1540 1546 1840 2030 2036 2040 2046 2330 2336 2340 2346 4346 
m1852 13 20 22 33 36 38 40 688 1013 1022 1033 1036 1038 1040 1113 1133 1136 1138 1140 1688 1813 1822 1833 1838 1840 2013 2033 2036 2038 3183 3536 4336 
m164 32 36 38 40 46 1636 1638 1640 1646 1836 1838 1840 1846 2036 2046 2332 2336 2338 2340 2346 4136 4336 4346 
m2457 14 40 46 2014 2040 2046 2314 2346 4814 
m158 36 38 1838 1936 1938 
m161 46 2346 
m333 22 37 46 1872 1896 2322 2346 4837 
m2931 22 36 40 46 49 1136 1140 1146 1149 1822 1836 1840 1846 1849 2022 2036 2040 2046 2049 2322 2336 2340 2346 2349 2486 2490 2496 4346 
m938 14 36 714 3236 
m1846 36 46 2336 
m741 30 36 39 40 46 1530 1539 1546 1830 1839 1840 1846 1980 2030 2036 2039 2040 2046 2330 2339 2340 2346 4346 
m533 22 23 38 46 49 1122 1123 1146 1149 1199 1922 1923 1938 1946 2323 2346 2349 
m882 22 23 30 36 40 41 1122 1123 1136 1140 1141 1172 1173 1186 1190 1191 1522 1523 1536 1541 1840 1841 2023 2036 2041 2072 2073 2086 2090 2091 3673 3686 4323 4336 4586 
m3355 22 46 1146 2322 2346 
m1171 22 23 30 36 40 1122 1123 1130 1136 1140 1172 1173 1180 1186 1190 1522 1523 1536 1540 1822 2022 2023 2036 3673 3686 4323 4336 
m887 22 24 1124 
m417 
m329 10 26 32 46 526 532 546 1310 1326 1332 1346 1610 1626 1632 1646 2310 2326 2332 2346 
m1959 32 36 46 1636 2332 2336 2346 4332 4336 4836 
m1097 32 46 1646 2332 2346 
m2332 5 36 38 46 49 286 296 299 1836 1846 1849 1905 1936 1938 1946 1949 2346 2349 2455 2486 2496 2499 4836 
m1432 40 45 46 2290 2296 2340 2346 
m3515 
m3411 22 23 36 40 41 1122 1123 1136 1140 1141 1172 1173 1822 1823 1836 1840 1841 2022 2023 2036 2040 2041 2072 2073 2086 2090 3673 4586 
m3259 14 36 46 49 736 746 749 1849 2336 2346 2349 4814 4836 
m167 17 23 26 30 46 880 896 1180 1317 1323 1330 1346 1517 1523 1530 1546 2330 3373 4823 
m2413 5 36 38 40 46 49 286 296 1805 1836 1838 1846 1849 1905 1936 1938 1946 1949 2036 2038 2046 2049 2346 2349 2455 2486 2496 4836 
m1037 37 40 41 46 1891 2037 2041 2046 2087 2090 2091 2096 2337 2340 2341 2346 4396 
m2157 36 40 46 1836 1840 1846 2036 2040 2046 2336 2340 2346 4336 4346 
m2397 22 23 30 1123 1130 1522 1523 1530 
m2969 22 36 46 49 1122 1146 1149 1822 1846 1849 2472 2496 
m2351 38 46 1938 2338 
m2264 5 21 22 38 46 271 272 288 296 1121 1138 1146 1921 1946 2305 2321 2322 2338 2346 
m1923 5 22 38 46 1122 1146 1905 1922 1938 1946 2305 2346 
m3210 20 48 2420 
m182 22 36 41 1122 1136 1141 1841 2091 4586 
m2255 14 46 49 2314 2346 2464 2496 4814 
m1792 23 36 41 49 1191 1823 1836 1841 1849 2473 2486 2491 3686 4323 4336 4341 
m3455 22 23 30 36 40 46 49 1122 1123 1130 1136 1140 1146 1149 1172 1173 1180 1186 1190 1199 1522 1523 1530 1536 1540 1546 1549 1823 1840 2022 2023 2030 2036 2040 2046 2322 2330 2336 2340 2346 2349 2472 2473 2480 2486 2490 2496 3696 4823 
m1016 23 30 46 1180 1523 1530 1546 2330 2346 4823 
m1629 22 33 46 1133 1146 1672 1683 1696 2322 2333 2346 4833 
m729 22 23 30 46 1122 1123 1130 1146 1180 1523 1530 1546 2330 2346 4823 
m2593 23 30 36 39 40 41 1173 1186 1190 1191 1523 1539 1541 1823 1973 1986 1991 2023 2036 2073 2086 2090 2091 3673 4323 4336 4586 
m2692 38 46 1946 2346 
m2296 21 46 2321 2346 4846 
m3268 14 26 46 726 746 1314 1326 1346 2326 2346 4814 
m1186 36 38 40 46 49 1936 1938 1940 1946 2036 2046 2049 2346 2349 2486 4836 
m3321 14 38 40 46 49 1938 1940 1946 2014 2046 2049 2346 2464 2496 4814 
m1836 37 
m957 5 36 46 49 286 296 299 1836 1849 2336 2346 2349 2486 2496 2499 4836 
m2118 13 22 45 46 672 2263 2295 2296 2313 2322 2346 4813 
m3354 14 46 746 4846 
m3461 22 23 36 40 41 1172 1186 1190 1191 1822 1836 1840 1841 2022 2023 2036 2040 2041 2072 2073 2086 2090 2091 3686 4323 4336 4586 
m3392 22 23 30 36 40 46 1122 1123 1130 1136 1140 1146 1180 1522 1523 1530 1536 1540 1546 1822 1823 1830 1836 1840 1846 2022 2023 2030 2036 2040 2046 2322 2323 2330 2340 4823 4846 
m1730 22 37 40 46 1122 1137 1146 2022 2037 2040 2046 2322 2337 2346 4837 
m555 23 30 36 40 46 1180 1823 1830 1836 1846 2023 2030 2036 2040 2046 2323 2330 2336 2346 4323 4346 4823 4836 
m386 23 30 33 46 1180 1523 1530 1533 1546 1680 2330 2333 4173 4823 
m778 14 22 23 30 40 46 730 746 1114 1122 1123 1130 1146 1180 1514 1523 1530 1546 2014 2022 2023 2030 2046 2330 3223 4823 
m2703 23 38 1923 
m624 36 46 49 2486 2496 4836 4846 
m241 14 32 46 732 2332 4814 
m3432 14 36 40 46 49 714 736 740 746 749 1814 1836 1840 1846 1849 2014 2036 2046 2049 2314 2336 2346 2349 2464 2486 2490 2496 3246 4814 
m1598 22 23 30 39 46 1123 1130 1139 1146 1172 1173 1180 1189 1196 1522 1523 1539 1546 1972 1973 1980 1989 1996 2322 2323 2330 2339 2346 3689 3696 4473 4496 4823 
m662 36 46 48 49 1846 1848 1849 2336 2348 2486 2496 2498 2499 4336 
m519 22 46 49 2322 2346 2349 2472 4846 
m1274 36 
m1217 14 36 40 46 1814 1846 2014 2036 2040 2046 2346 4346 4814 
m2958 5 17 41 46 255 867 891 2091 2317 2341 2346 4817 
m294 22 23 46 1122 1123 1146 1196 2323 3673 
m875 32 36 40 46 2032 2036 2040 2046 2332 4332 4836 
m1376 38 46 1938 1946 
