m2547 11 13 33 563 583 4163 
m1386 9 14 22 36 49 709 1109 1114 1136 1149 1809 1814 1836 1849 2459 2464 2486 2499 
m1051 22 23 36 40 41 46 1122 1123 1136 1140 1141 1146 1190 1191 1822 1823 1836 1840 1841 1846 2022 2023 2036 2040 2041 2046 2323 2336 2340 2341 3673 3686 4323 4336 
m2261 13 22 32 45 682 1113 1132 1145 2263 2282 
m2699 13 14 32 46 664 696 1613 1614 1646 4814 
m20 23 30 36 40 1173 1180 1190 1523 1530 1536 1540 1823 1830 1836 1840 2023 2030 2036 2040 3686 4323 4336 
m2824 27 36 46 48 1827 2327 2336 2436 2446 
m696 8 25 46 49 408 446 449 1258 1296 2349 
m1984 22 38 44 45 46 1146 1922 1944 1946 2272 2288 2294 2296 2344 2346 4846 
m516 46 
m2685 22 23 1122 1123 1172 1173 3673 
m1888 11 13 14 37 563 564 587 737 1863 1864 3213 4363 4387 
m71 36 48 1836 1848 2436 2448 
m274 13 22 36 38 40 672 686 690 1113 1122 1136 1140 1822 1913 1922 1936 1940 2022 2036 
m2874 5 13 14 33 655 705 713 1655 1664 4163 
m2808 36 40 46 1836 2036 2046 2336 
m493 46 2346 4846 
m546 22 30 36 40 1136 1140 1522 1536 1540 1822 1830 1836 1840 2030 2036 2040 4336 
m2134 14 36 40 46 740 746 1840 2014 2036 2040 2046 2336 2340 2346 3236 4346 4814 
m51 29 
m3234 8 46 408 446 2308 2346 
m3327 45 46 2345 2346 
m2602 36 37 40 46 1886 1896 2036 2037 2046 2336 2346 4836 4837 
m800 11 13 33 39 563 583 589 689 1983 3183 
m1769 22 44 46 1146 2344 2346 4846 
m110 6 36 40 42 46 49 2006 2036 2042 2046 2049 2306 2336 2342 2349 2456 2486 2492 4306 4342 4606 
m2620 13 33 36 38 40 688 1688 1813 1833 1838 2013 2033 2036 2038 4163 
m3092 23 26 30 36 40 45 49 1173 1186 1190 1195 1323 1330 1336 1345 1349 1523 1526 1530 1536 1545 1549 1836 1840 1845 2036 2045 2473 2486 2495 3686 4323 4336 
m2492 11 13 22 33 36 40 661 1111 1113 1122 1133 1136 1140 1661 1811 1813 1833 1840 2011 2013 2033 4163 
m1078 22 30 46 1130 1146 2322 2330 2346 
m1389 37 39 40 46 1890 1987 1990 2037 2039 2046 2340 4396 4496 
m416 37 45 46 1895 2345 4837 
m641 14 45 745 2264 2295 
m3066 36 39 40 1836 1839 1840 1986 1990 2036 2039 2040 
m2199 12 36 45 46 636 645 1845 2312 2336 2345 2346 4812 4836 
m2337 40 46 2046 
m1255 37 40 45 46 1890 2287 2290 2337 2340 2345 
m2714 22 23 36 40 1122 1123 1136 1140 1173 1823 1840 2023 2040 3673 
m1606 22 36 40 41 46 49 1136 1140 1141 1149 1836 1849 2036 2049 2086 2090 2099 2322 2336 2340 2341 2349 4336 
m54 5 32 45 46 1605 1645 1646 2255 2305 2345 
m3513 26 46 2326 2346 
m1131 33 38 46 1688 1938 1946 2338 4196 
m679 23 36 1173 1186 1823 1836 3673 3686 4323 
m1044 12 13 33 46 662 696 2333 3133 3183 4812 
m2525 18 45 2268 
m3219 14 36 40 45 736 740 745 1840 2036 2286 2290 4336 
m3415 36 40 41 1840 1841 2036 2040 2041 4336 
m1874 32 37 46 1882 2332 2337 
m3480 34 46 1746 
m2418 22 23 30 1123 1172 1173 1180 1522 1523 1530 3673 
m2151 
m569 13 36 38 46 49 699 1849 1913 1936 1946 2313 2349 3186 4836 
m2770 36 
m31 
m403 36 42 4636 
m2868 13 33 1663 1683 4163 
m1402 23 45 1195 2273 2295 
m3382 36 40 45 46 1840 1845 2036 2040 2045 2340 2345 4836 
m3497 22 45 1122 1145 2272 2295 
m2542 22 44 46 1146 2322 2344 2346 4846 
m2610 22 45 1145 
m589 36 40 41 46 1836 1840 1841 1846 2036 2040 2041 2046 2336 2340 2341 2346 4346 4586 
m739 5 32 36 46 49 282 286 296 299 1649 1832 1849 2332 2336 2349 2486 4136 4336 
m1440 14 32 36 46 732 736 746 1832 2332 2336 2346 3246 4836 
m2177 46 2346 4846 
m946 22 38 46 1146 1922 1946 
m2890 14 49 2464 
m1118 23 30 46 1180 1523 1530 1546 2330 2346 4823 
m1205 37 46 2337 2346 4837 4846 
m3215 5 45 46 2255 2296 2305 2345 4846 
m1534 
m3204 6 14 32 314 332 732 
m1259 45 46 2345 
m745 32 36 45 46 1832 2282 2286 2296 2332 2336 2346 4836 
m284 22 36 40 46 49 1149 1822 1849 2022 2036 2049 2322 2336 2340 2349 
m1698 22 23 36 40 41 46 1123 1136 1140 1141 1146 1190 1822 1823 1836 1840 1841 2023 2036 2040 2041 2046 2072 2073 2086 2096 2322 2323 2336 2340 2341 2346 3673 3686 4323 4346 4823 
m2476 22 26 44 46 1146 1322 1344 1346 2344 2346 4846 
m2420 21 1071 
m1130 36 
m1578 5 45 46 2255 2295 2296 2305 2345 
m2284 46 
m3078 5 45 46 2255 2296 2305 
m3389 44 46 2246 2344 2346 
m1621 22 23 30 1122 1123 1130 1172 1173 1180 1522 1523 1530 3673 
m1335 32 36 1832 
m1934 22 44 45 46 1146 2272 2294 2296 2344 2346 4846 
m3152 13 33 3183 
m89 12 45 46 645 2312 2345 
m3370 12 36 46 49 649 1812 1849 2336 2349 4812 
m2268 22 36 41 49 1136 1141 1149 1841 1849 2072 2086 2091 2099 2486 2491 4336 
m1449 14 32 40 46 732 1632 1646 2014 2032 2046 2332 3246 
m2709 22 23 36 40 49 1122 1123 1136 1140 1149 1173 1186 1190 1822 1823 1836 1849 2023 2036 2472 2473 2486 3673 3686 4323 4336 
m245 22 36 40 46 49 1822 1846 1849 2022 2036 2040 2046 2049 2322 2472 2496 
m1414 32 36 4332 
m2304 22 23 30 36 40 45 46 1122 1123 1130 1136 1140 1145 1146 1172 1173 1180 1190 1196 1522 1523 1536 1545 1546 1822 1823 1830 1836 1840 1845 1846 2022 2023 2030 2036 2040 2045 2046 2272 2273 2280 2286 2290 2296 2322 2323 2330 2336 2340 2345 2346 4823 
m2992 23 36 40 46 49 1836 1840 1846 1849 2023 2036 2040 2046 2049 2323 2336 2473 2486 2490 2496 3686 4323 4336 4836 
m1763 38 46 1946 
m2068 46 
m3290 22 46 1122 1146 2322 2346 
m478 13 36 38 46 49 663 686 688 696 699 1813 1836 1838 1846 1849 1913 1936 1946 1949 2336 2338 2346 2349 2463 2486 2496 3196 4813 
m890 14 40 46 2014 2046 2314 2346 4814 
m105 14 22 46 722 746 2322 
m38 12 23 36 41 46 636 1823 2062 2073 2096 2336 3123 4586 4812 4823 
m2021 38 46 1946 
m2274 36 37 40 46 48 1848 1886 1890 1896 2036 2040 2046 2048 2336 2340 2346 2348 4396 4836 
m1319 22 38 45 46 1138 1145 1146 1938 1945 1946 2345 
m1978 32 36 37 1632 1637 1882 1886 1887 4136 4332 
m697 36 40 46 49 1836 1840 1846 1849 2036 2040 2046 2336 2340 2346 2349 2486 2490 2496 4336 4346 4836 
m921 7 45 46 2257 2295 2296 2307 2346 
m2303 45 46 2296 2346 
m3111 26 33 45 1333 1345 1695 
m3525 23 30 36 39 40 41 1173 1186 1189 1190 1191 1523 1536 1539 1541 1823 1973 1986 1990 1991 2023 2036 2073 2086 2089 2090 2091 3686 4336 4586 
m9 11 13 22 45 563 572 595 695 1113 1145 
m1766 30 36 39 40 46 1536 1540 1546 1830 1836 1840 1846 1980 1986 1990 1996 2030 2036 2040 2046 2330 2336 2340 2346 4346 4496 4836 
m1446 23 45 46 1195 2323 2345 3673 
m1239 14 22 39 40 46 740 1114 1122 1139 1140 1146 1990 1996 2014 2040 2046 2340 3246 4464 
m3205 33 45 46 2283 2296 2333 2346 4833 4846 
m2436 13 22 36 40 41 1113 1136 1140 1813 1840 2013 2063 2072 2086 2090 
m1091 22 44 46 1146 2246 2344 2346 4846 
m127 5 37 45 46 1855 2255 2287 2296 2305 4837 
m2215 6 36 42 46 49 2306 2336 2342 2456 2486 2492 2496 2836 4606 4636 
m2167 38 45 46 49 1946 2299 2345 2346 2349 
m2541 22 44 46 1146 2344 2346 4846 
m2362 23 30 38 46 1180 1923 1930 1946 2330 4823 
m3335 22 33 46 1672 1696 2322 
m749 22 44 46 1146 2322 2344 2346 4846 
m2640 5 32 1605 
m1469 22 30 36 1136 1536 
m2091 22 23 30 38 1122 1123 1130 1138 1172 1173 1188 1522 1523 1530 1538 1922 1923 3673 
m3402 22 23 36 40 41 46 49 1122 1123 1136 1140 1141 1149 1173 1186 1190 1822 1823 1836 1841 1849 2022 2023 2036 2040 2046 2072 2073 2086 2322 2323 2336 2341 2349 2472 2473 2486 2491 3673 3686 4323 4336 
m1269 32 33 40 46 1633 2032 2033 2040 2046 2332 2333 
m154 22 36 49 1149 1822 1836 1849 2472 2486 2499 
m1291 22 37 40 46 1137 1146 2022 2037 2046 2337 2346 4837 
m273 32 49 1632 2482 
m1819 36 49 1836 1849 2486 2499 4336 
m1902 22 46 1146 
m1958 5 37 46 255 287 1855 1887 1896 2305 2337 2346 4837 
m2509 32 36 37 46 1832 1882 1886 1896 2332 2336 2346 4836 
m134 13 46 2313 
m1172 47 
m3023 22 26 44 46 1146 1322 1344 1346 2326 2344 2346 4846 
m3045 45 46 49 2295 2299 2345 2349 
m1497 13 33 36 40 48 698 1698 1813 1833 1848 2013 2033 2036 2048 4163 
m3226 15 22 46 772 2322 4815 
m1566 14 22 36 40 46 49 722 1814 1822 1846 1849 2014 2036 2046 2322 2336 2349 2464 2472 4336 4814 
m1710 32 
m1559 37 
m2897 20 22 23 30 38 1022 1023 1030 1038 1122 1123 1130 1172 1173 1180 1188 1520 1523 1538 1922 1923 1930 3673 
m691 5 13 22 45 46 655 1113 1145 1146 2255 2263 2296 2305 2313 
m3125 22 32 36 1622 1822 4136 
m1163 22 37 46 1137 2322 4837 
m3114 10 21 36 46 521 536 546 1821 2321 2346 4836 
m166 5 13 33 36 49 263 283 1805 1813 1833 1849 2455 2463 2483 4163 
m2904 40 44 46 2044 2046 2344 
m3050 27 36 40 46 1827 1840 2027 2036 2040 2327 2340 4836 
m1724 36 45 46 1845 2345 4836 
m2273 5 13 22 33 36 38 40 46 263 272 283 286 290 672 686 690 1113 1122 1133 1136 1140 1672 1686 1690 1822 1905 1913 1922 1933 1936 1940 1946 2022 2036 2305 2313 2322 2333 2336 2340 3183 
m1387 9 14 36 49 709 1809 1814 1836 1849 2459 2464 2486 2499 
m1870 22 44 46 1146 2322 2344 2346 4846 
m3520 20 37 46 1870 2320 2337 
m2475 10 36 46 1810 2310 2346 4836 
m3062 32 36 1832 4336 
m331 30 46 2330 
m3046 
m3484 22 23 41 1141 1172 1173 1191 
m813 22 30 36 40 41 46 1136 1141 1146 1541 1822 1830 1841 2022 2046 2086 2096 2336 
m1303 5 23 27 41 273 291 1355 1373 1391 2073 3673 
m1612 22 36 41 46 48 1136 1141 1848 2086 2098 2322 2336 2341 2348 4336 
m1935 36 40 45 46 1845 2036 2040 2045 2046 2295 2296 2345 4346 
m2792 23 
m3029 23 30 36 41 1523 1823 1830 2073 2080 3673 4323 4586 
m586 23 46 2323 2346 3696 4823 4846 
m2102 5 32 33 46 283 296 1605 1633 1646 2333 
m990 45 46 2296 2346 
m2265 46 
m1774 22 26 44 46 1122 1144 1146 1322 1326 1344 1346 2344 2346 4846 
m754 38 46 1938 1946 
m1658 17 22 1117 
m1600 5 36 40 46 49 286 296 299 2005 2036 2046 2346 2349 2486 4836 
m2695 36 49 1849 2486 2499 
m1796 23 30 36 40 46 49 1180 1830 1836 2023 2030 2036 2046 2049 2323 2330 2336 2473 2480 2486 2496 4323 4836 
m359 14 22 722 1114 1122 
m1839 22 23 30 1122 1123 1130 1172 1173 1180 1522 1523 1530 3673 
m668 12 38 40 45 46 1912 1945 1946 2012 2038 2045 2046 2262 2296 2312 2346 4812 
m3017 22 37 1872 
m2779 22 44 46 1122 1144 1146 2344 2346 4846 
m3187 5 13 30 33 46 655 680 1505 1655 1680 2305 2313 2330 2333 4163 
m2159 36 49 1849 2486 2499 
m895 17 23 46 2317 2323 2346 3667 4817 4823 4846 
m2887 5 38 46 1905 1938 1946 2305 2338 2346 
m2518 22 44 46 1144 1146 2246 2344 2346 4846 
m2355 38 
m1926 36 41 44 1841 2086 2091 2094 2236 2241 2244 
m116 22 23 30 36 40 46 49 1122 1123 1130 1136 1140 1146 1149 1172 1173 1522 1523 1530 1540 1546 1822 1823 1830 1840 1846 2022 2023 2030 2036 2040 2046 2322 2323 2330 2336 2340 2346 2349 2480 2486 2490 2496 3696 4823 
m2430 14 26 33 726 1314 1326 1333 1664 1676 1683 3233 
m2316 36 40 46 49 1849 2036 2040 2046 2049 2336 2346 2349 4336 4836 
m3156 5 45 2255 2295 
m3488 46 
m1829 13 20 33 36 40 41 670 686 690 691 1033 1036 1040 1041 1686 1690 1691 1840 1841 2036 2041 3183 3536 4336 
m103 13 33 45 1695 2263 4163 
m2781 22 23 36 40 41 1122 1123 1136 1140 1141 1186 1190 1836 1840 2036 2040 2072 2073 2086 2090 3686 
m1751 23 32 45 46 1182 2273 2282 2296 2323 2332 2346 4823 
m94 22 38 44 46 1122 1144 1146 1922 1944 1946 2344 2346 4846 
m2469 45 
m1484 13 33 36 40 46 690 1813 1833 1840 2033 2313 2333 3183 4836 
m313 22 23 30 36 41 46 1122 1123 1136 1141 1191 1522 1523 1536 1841 2322 2323 2330 2336 3686 
m298 36 38 46 49 1849 1936 1946 2336 2346 2349 4836 
m2516 22 44 46 1146 2322 2344 2346 4846 
m2678 14 22 45 745 1114 1145 
m1993 13 16 49 699 849 3166 
m911 22 38 40 45 46 1138 1146 1938 1940 1946 2272 2288 2290 2296 2340 2346 
m1703 22 40 45 46 1140 1146 2272 2290 2296 2340 
m319 13 22 33 36 40 45 672 686 690 695 1122 1136 1140 1672 1686 1690 1822 2022 2036 2272 2283 2286 2290 3183 
m1013 22 30 38 1130 1922 1930 1938 
m1127 37 45 46 1895 2345 4837 
m1061 45 2295 
m2399 14 38 46 49 746 1914 1946 1949 2464 2496 
m64 14 714 
m1593 12 40 46 2012 2046 4812 
m1920 8 33 46 433 446 4833 
m2807 14 40 46 714 746 2014 2040 2046 2314 2340 2346 3246 4814 
m402 10 22 44 46 546 1110 1144 1146 2210 2246 2310 2344 2346 4846 
m1547 22 23 36 49 1123 1136 1172 1173 1186 1199 1822 1823 1849 2472 2473 2486 3673 4323 4336 
m2424 12 23 30 36 41 46 49 630 1180 1812 1830 1846 2062 2073 2080 2086 2096 2323 2330 2462 2473 2480 2486 2491 2496 3123 4323 4812 
m3417 45 46 2296 
m3393 5 26 38 46 1305 1346 1926 1946 2305 2346 
m1405 5 45 295 
m1582 14 36 40 46 740 1814 1836 1840 1846 2014 2036 2040 2046 2314 2340 2346 3246 4314 4346 4836 
m786 5 13 22 33 36 40 655 1105 1113 1122 1133 1136 1140 1655 1805 1813 1833 1840 2013 2033 3183 
m3269 
m1463 14 36 40 49 749 1814 1849 2014 2036 
m2651 15 46 2315 
m1231 8 22 23 30 46 408 422 423 430 446 1122 1123 1130 1146 1180 1523 1530 1546 2330 4823 
m2563 22 26 44 46 1146 1322 1344 1346 2326 2344 2346 4846 
m505 32 36 41 46 1636 1641 1841 2332 2336 2341 4136 4336 4341 4836 4846 
m3369 46 
m955 22 44 46 1146 2222 2244 2246 2344 2346 4846 
m881 22 37 46 1122 1146 1872 2322 4396 
m1350 22 23 30 36 40 46 48 1122 1123 1130 1136 1140 1146 1148 1172 1173 1522 1523 1530 1540 1546 1822 1823 1830 1840 1846 2022 2023 2030 2036 2040 2046 2322 2323 2330 2340 2346 2430 2436 2440 2446 3696 4823 
m2007 14 22 46 722 746 2322 2346 
m1689 38 46 1946 
m1508 14 45 46 745 746 2345 
m794 36 40 41 1836 1840 1841 2036 2041 2086 2091 4336 4341 4586 
m1237 38 46 1938 1946 
m2883 41 
m541 46 
m112 22 23 30 36 40 1122 1123 1136 1140 1522 1523 1536 1540 1822 1823 1840 2022 2023 2030 2036 2040 4323 4336 
m2026 
m3285 45 46 2295 2345 
m1104 6 36 42 49 2456 2486 2492 2836 4606 4636 
m2735 32 36 46 49 1632 1636 1649 1849 2332 2336 2346 2349 
m3217 14 36 40 45 736 740 745 1840 2036 2286 2290 4336 
m1336 
m3096 22 37 41 46 1122 1137 1141 1146 1891 2341 4837 
m3149 23 30 40 1173 1190 1523 1530 1540 2023 2030 2040 3673 
m137 46 
m422 22 30 36 39 41 1136 1139 1522 1536 1539 1541 1986 2072 2089 4586 
m797 22 32 46 1132 1146 2332 
m1624 14 45 745 
m2421 22 23 36 40 1122 1123 1136 1140 1173 1186 1190 1822 1823 1836 1840 2022 2023 2036 2040 3673 3686 
m1928 36 41 44 1841 2086 2091 2094 2236 2241 2244 
m243 5 13 33 36 46 263 283 1805 1813 1833 2305 2313 2333 4163 4836 
m1457 22 45 46 1145 1146 2296 
m3254 15 45 795 
m2549 32 37 38 46 1637 1646 1932 1937 1946 2332 2337 2346 4837 
m114 22 23 30 38 1122 1123 1130 1138 1172 1173 1188 1522 1523 1530 1538 1922 1923 3673 
m3074 13 38 1913 1938 
m2574 22 30 36 40 41 46 1122 1130 1136 1140 1141 1146 1536 1540 1546 1846 2022 2030 2036 2040 2046 2072 2090 2340 4346 4846 
m1170 22 23 32 36 40 46 49 1122 1123 1132 1136 1146 1149 1172 1173 1182 1186 1190 1196 1199 1622 1623 1632 1636 1640 1646 1822 1823 1832 1836 1840 1846 1849 2022 2023 2032 2036 2046 2322 2323 2332 2336 2346 2349 2472 2473 2482 2486 2490 2496 3673 3686 3696 4323 4346 
m3446 32 46 1632 1646 2332 
m575 14 32 36 41 46 736 741 1614 1641 2314 2332 2336 2341 4136 4586 
m2439 14 36 1814 4314 4336 
m1473 14 37 40 46 737 740 746 2037 2046 4837 
m507 45 2295 
m3220 14 36 40 45 736 740 745 1840 2036 2286 2290 4336 
m1374 32 36 38 41 46 1641 1646 1932 1936 1941 1946 2332 2336 2341 2346 4136 4586 
m973 38 40 46 49 1940 1946 1949 2046 2490 2496 
m577 23 30 40 45 46 1173 1180 1523 2023 2030 2046 2273 2280 2290 2296 2323 2330 3673 4823 
m1455 14 714 
m2544 22 44 46 1146 2344 2346 4846 
m723 14 40 46 740 746 2014 2040 2046 2314 2340 2346 4814 
m2216 5 13 22 26 33 46 263 283 672 1305 1313 1322 1333 1346 1672 2305 2313 2322 2333 4163 
m993 17 22 44 46 49 899 1144 1146 2217 2246 2317 2344 2346 2349 3396 4817 4846 
m1911 22 36 41 46 1122 1136 1141 1146 1822 1836 2072 2086 2091 2322 2336 2341 4586 
m354 8 45 46 49 408 446 449 2258 2296 2299 2349 
m2767 14 22 36 49 749 1114 1136 1149 1814 1849 
m2702 32 36 38 41 46 1641 1646 1932 1936 1941 1946 2332 2336 2338 2341 2346 4136 4586 
m960 13 23 30 46 696 1163 1173 1180 1196 1513 1523 1530 1546 2313 2323 2330 2346 3196 3663 3696 4823 
m206 17 38 46 888 2317 2338 2346 3396 
m2609 5 14 38 45 46 705 745 1905 1914 1945 1946 2255 2305 2345 4814 
m199 36 38 1936 
m1970 37 46 4837 
m2267 22 30 45 1122 1130 1145 1545 
m1731 22 36 40 46 1122 1136 1140 1146 1840 2036 2040 2336 2340 
m1529 22 23 36 40 41 46 49 1123 1136 1140 1149 1173 1186 1190 1199 1840 2022 2023 2036 2040 2041 2049 2072 2073 2086 2090 2099 2322 2323 2340 2341 2473 2486 3673 3686 4323 
m1650 13 22 33 1113 1672 4163 
m2797 14 22 1114 
m1148 22 23 30 36 40 41 1122 1123 1130 1136 1140 1172 1180 1186 1522 1523 1536 1822 2023 2030 2036 2072 2073 2080 2086 2090 3673 4323 
m2400 5 26 30 37 46 1330 1337 1346 1505 1855 1880 2305 2330 2337 2346 4837 4846 
m3093 36 
m2998 22 36 41 46 1822 2072 2096 2322 4586 4836 
m2495 32 36 44 46 1832 1836 1844 2232 2236 2332 2336 2344 2346 4332 4336 4736 4836 
m1960 22 44 46 1146 2322 2344 2346 4846 
m194 22 36 46 49 1136 1146 1149 1822 1846 2322 2336 2346 2472 2486 2496 
m2047 12 23 30 36 41 46 49 630 1180 1812 1830 1846 2062 2073 2080 2086 2096 2323 2330 2462 2473 2480 2486 2491 2496 3123 4323 4812 
m1111 5 13 33 263 283 3183 
m1150 22 23 30 36 46 1172 1522 1523 1536 1822 2322 2330 2336 2346 3686 4823 4836 
m673 22 23 36 46 49 1123 1136 1146 1149 1836 1846 1849 2323 2336 2473 2486 2496 3686 4323 4336 4836 
m1442 23 30 38 41 46 49 1173 1523 1930 1938 1941 1946 1949 2073 2080 2323 2330 2341 2473 2480 2491 2496 3673 
m365 46 
m286 36 40 45 1845 2036 2045 2286 2290 2295 
m3178 38 40 45 46 1946 2038 2046 2288 2290 2296 
m2952 22 23 30 38 1122 1123 1130 1138 1172 1173 1188 1522 1523 1530 1538 3673 
m3109 23 30 46 1180 2330 2346 4823 
m1332 22 26 44 46 1146 1322 1344 1346 2344 2346 4846 
m270 26 32 46 1626 1646 2326 
m3523 5 13 22 38 46 655 696 1113 1146 1913 1922 1946 2305 
m2704 46 
m2854 16 23 40 46 840 846 1190 2016 2023 2040 2046 2340 3323 3696 
m1908 45 
m2441 22 37 46 1122 1137 1146 1872 2322 2346 4387 4396 4837 
m2652 5 22 1105 1122 
m1834 12 36 40 41 46 49 636 640 641 649 1836 1840 1841 2036 2041 2336 2340 2341 2349 2486 2490 2491 3136 4336 4812 
m821 
m2569 22 30 36 40 46 1136 1140 1522 1536 1540 1840 2036 2040 2322 2330 2336 2340 2346 4836 
m3362 
m689 5 32 36 255 282 286 1805 1832 
m3038 23 36 40 46 49 1836 1840 1846 1849 2023 2036 2046 2049 2323 2336 2473 2486 2490 2496 3686 4323 4336 4836 
m1999 30 38 39 1930 1980 1988 
m791 22 33 46 1133 1146 2333 
m1434 22 23 30 38 41 1123 1130 1172 1173 1188 1522 1523 1530 1538 2072 2073 2080 3673 
m2474 14 38 40 45 46 740 745 1914 1938 1940 1945 1946 2290 2340 2345 3246 
m3328 14 22 722 1114 1122 
m769 23 30 38 45 46 1180 1923 1930 1946 2273 2280 2288 2296 2323 2330 2338 2346 4823 
m2327 38 46 1946 2346 
m2898 20 22 23 30 38 1022 1023 1030 1038 1123 1130 1172 1173 1180 1188 1520 1523 1538 1922 1923 1930 1938 3673 
m3117 13 22 33 36 40 672 1113 1122 1133 1136 1140 1672 1813 1822 1833 1840 2013 2022 2033 4163 
m486 32 37 46 1632 1637 1646 2332 2337 2346 4837 
m886 32 1632 
m2826 14 30 40 46 1514 1546 2014 2030 2040 2046 2314 2346 4814 
m3422 36 45 2286 
m504 27 36 46 49 1827 2327 2336 2486 2496 
m2957 14 40 46 2014 2040 2046 2314 2346 4814 
m202 3 45 153 2253 
m2123 22 30 36 40 46 1122 1130 1136 1140 1146 1536 1540 1546 1836 1840 1846 2022 2030 2036 2040 2046 2322 2330 2336 2340 2346 4346 
m249 38 45 1938 1945 
m1748 45 46 2296 
m1240 22 40 46 1146 2046 2322 2340 2346 
m394 15 38 46 1915 2315 2338 
m1398 18 45 2268 
m2190 
m353 22 37 39 1137 1139 1987 
m2720 22 23 36 41 46 49 1141 1172 1191 1822 1823 1841 1846 2322 2323 2341 2472 2473 2486 2491 2496 
m2195 23 32 38 46 1182 1188 1196 1923 1932 1938 1946 2332 2338 2346 3696 4823 
m3185 17 32 882 1617 1632 
m276 40 45 46 49 2045 2046 2299 2345 2349 
m1727 5 22 37 46 255 1105 1137 1146 1855 1887 1896 2305 2322 2337 2346 4837 
m2848 45 46 2345 2346 
m2503 22 44 46 1146 2344 2346 4846 
m2789 5 38 46 288 296 1946 
m2863 5 13 14 33 655 705 713 1655 1664 4163 
m344 27 49 1399 
m1929 32 36 38 41 46 1641 1646 1932 1936 1941 1946 2332 2336 2341 2346 4136 4586 
m1857 26 38 40 46 1338 1340 1346 1946 2340 
m3313 38 46 1946 
m3319 30 32 36 40 46 1630 1640 1646 1830 1840 2030 2330 2332 2336 2340 2346 4136 
m1094 45 46 2296 
m3372 22 23 36 41 1122 1123 1136 1141 1173 1186 1823 2073 3673 3686 4323 4586 
m582 12 22 23 36 40 41 46 49 640 1123 1136 1141 1149 1162 1186 1190 1196 1199 1812 1840 1846 1849 2062 2073 2086 2090 2096 2099 2340 2462 2486 2496 3146 3686 4312 4336 
m653 14 32 714 732 
m2229 23 30 36 49 1180 1199 1549 1823 1830 1849 
m3103 40 46 49 2340 2346 2490 2496 
m3065 5 30 32 36 46 280 1605 1630 1646 1805 1830 1846 2305 2330 4332 
m210 32 45 1645 
m465 33 46 2333 2346 4833 
m1734 14 36 49 736 749 1849 2486 2499 4336 
m1300 4 42 45 2254 2292 2742 
m174 38 45 2288 
m1634 33 45 48 1695 1698 2298 
m3252 33 37 46 1883 1896 4833 
m172 22 44 46 1146 2344 2346 4846 
m3339 26 45 46 1326 1345 1346 2276 2296 2326 
m965 6 36 40 43 336 340 1806 1836 1840 1843 2006 2036 2043 2186 2190 2843 
m2364 8 36 46 1808 2308 2336 2346 4836 
m453 13 33 45 2263 2283 3183 
m3504 22 45 46 1145 1146 2345 4846 
m817 22 38 46 1146 1922 1946 
m1939 14 22 32 46 732 1114 1132 1146 2314 2332 2346 4814 
m2403 22 23 30 36 40 46 49 1122 1123 1130 1136 1140 1146 1172 1173 1180 1186 1190 1196 1523 1530 1536 1540 1546 1822 1823 1830 1840 1846 2022 2023 2030 2036 2040 2046 2330 2346 2472 2473 2486 2490 3696 4336 4346 4823 
m2122 22 32 45 46 1146 2272 2282 2295 2296 2332 2346 
m1443 23 45 46 1195 2323 2345 3673 
m1767 23 36 40 41 45 1186 1190 1823 1836 1840 2023 2036 2040 2073 2086 2090 2291 
m1847 22 23 30 36 40 41 46 1122 1123 1130 1136 1140 1141 1146 1191 1523 1536 1541 1546 1841 1846 2023 2030 2036 2040 2041 2046 2072 2341 3696 4323 
m2662 46 2346 4846 
m200 22 36 46 49 1149 1822 1836 1846 1849 2322 2349 2472 2486 2499 4836 
m2245 5 36 46 49 286 296 299 1836 1849 2305 2336 2346 2349 4836 4846 
m2531 26 32 33 46 1332 1333 1346 1682 2332 4833 
m854 32 45 1645 
m1740 36 40 45 1845 2036 2045 
m581 5 36 40 46 255 1805 1846 2005 2036 2040 2046 2305 2346 4346 
m262 9 22 46 1109 1146 2309 2346 4846 
m1997 22 35 46 1135 1146 2322 2335 2346 
m2183 38 45 46 1945 1946 2296 
m532 12 17 46 612 2312 2317 2346 3117 4812 
m2507 
m1538 38 40 41 46 49 1941 1946 2090 2340 2341 2488 2491 2496 
m3296 14 21 45 46 721 745 2271 2321 2345 4814 
m2318 36 37 40 46 49 1837 1849 1899 2036 2037 2046 2049 2336 2349 4837 
m475 22 41 1141 
m1345 22 44 46 1146 2344 2346 4846 
m3241 14 714 
m2357 8 46 2308 2346 4846 
m1202 14 40 46 2014 2040 2046 2314 2346 4814 
m1052 5 23 45 46 1155 2255 2273 2305 2345 2346 4823 
m2744 45 46 2345 
m2054 40 46 2040 2046 2340 
m742 22 44 46 1146 2344 2346 4846 
m2689 22 32 36 37 40 1622 1636 1637 1640 1822 1840 1872 1886 1890 2022 2036 2040 4336 
m3225 32 36 1832 
m2980 22 44 46 1146 2344 2346 4846 
m2922 46 4846 
m2473 37 46 1896 
m904 22 46 48 1146 1148 2348 
m2488 37 38 46 1888 2338 2346 4396 4837 
m2676 30 45 46 2280 2295 2296 2330 2346 
m431 46 2346 
m1553 13 22 38 1113 1122 1138 1913 1938 
m444 22 23 30 1123 1130 1180 1530 
m2713 28 32 36 38 40 46 1628 1632 1636 1640 1646 1828 1832 1836 1932 1936 1940 1946 2028 2032 2036 2040 2046 2328 2332 2336 4136 4332 4836 
m1045 37 45 46 1895 2337 2345 2346 
m463 10 46 2310 
m2876 45 46 2295 2296 2346 
m3231 22 36 41 1136 1141 1822 1841 2072 2086 2091 4336 4586 
m2405 12 40 45 46 645 2012 2045 2046 2312 2340 2345 2346 4812 
m878 22 23 36 41 49 1123 1136 1141 1172 1173 1186 1191 1199 1822 1823 1841 1849 2072 2073 2086 2091 2099 2472 2473 2486 2491 3673 3686 4323 4336 
m2926 22 37 46 1872 2322 4837 
m2579 14 46 714 746 2346 3246 
m2707 45 2295 
m234 36 38 46 1936 1946 4836 
m3428 37 40 45 46 1890 2287 2290 2296 2340 4396 
m1481 31 36 1581 1586 1831 1836 4086 
m2387 45 
m753 8 
m41 
m47 10 30 36 37 46 1510 1536 1546 1810 1860 1880 1886 1896 2310 2346 4836 
m92 22 46 1146 2322 2346 
m1511 13 22 36 49 699 1113 1122 1136 1149 1813 1849 
m1877 23 26 30 46 1180 1323 1330 1346 1523 1530 2330 4823 
m2900 22 27 36 40 1122 1127 1136 1140 1390 1827 1836 1840 2027 2036 2040 
m2326 37 46 2346 4396 4837 
m328 26 27 46 1327 1346 2327 2346 
m3308 23 45 46 1195 2323 2345 2346 
m419 14 22 46 722 746 2322 2346 
m24 40 46 2040 2046 2346 
m1584 5 45 46 2255 2296 2305 
m1663 23 30 36 46 1173 1180 1186 1196 1523 1530 1536 1546 1823 1830 1836 1846 2323 2330 2336 2346 3696 4823 4836 
m560 37 46 4396 
m631 13 22 38 1113 1122 1138 1913 
m2095 32 1632 
m2844 13 37 4363 
m2864 23 30 36 41 1523 1823 1830 2073 2080 3673 4323 4586 
m2823 22 30 32 36 40 41 46 49 1122 1130 1132 1136 1140 1141 1146 1522 1532 1536 1546 1622 1646 1822 1830 1832 1836 1840 1846 1849 2022 2030 2032 2036 2040 2046 2049 2072 2090 2096 2322 2472 2480 2482 2486 2490 2496 4346 4846 
m591 37 45 1895 
m968 45 
m2910 22 45 46 1122 1145 1146 2272 2295 2296 2345 
m2336 32 44 46 1644 1646 2344 
m1737 17 46 2317 2346 4817 
m852 45 2295 
m1280 36 
m442 2 45 46 2252 2296 2302 
m1160 22 41 46 1141 1146 2341 
m2155 36 40 46 1836 1840 1846 2036 2040 2046 2336 2340 2346 4336 4346 
m936 41 46 2341 
m2917 22 23 45 1123 1145 1172 1195 3673 
m945 38 46 1946 
m833 5 36 46 286 296 2305 2336 2346 4836 
m2718 23 36 41 1186 1191 1823 1836 1841 2073 2086 2091 4341 4586 
m3516 22 37 46 1872 2322 2337 
m3316 13 33 46 696 2333 3183 
m372 22 23 32 46 1123 1132 1146 1182 1196 2332 
m1194 13 46 696 
m227 5 14 32 705 1605 1614 
m1053 22 44 46 1144 1146 2246 2344 2346 4846 
m748 8 22 36 46 1122 1136 1146 2308 2336 2346 4308 4836 
m2877 36 42 46 49 2146 2336 2486 2492 2496 4636 
m1691 38 45 1938 1945 2288 2295 
m1609 22 36 40 41 46 48 1136 1140 1141 1148 1836 1848 2036 2048 2086 2090 2098 2322 2336 2340 2341 2348 4336 
m956 22 44 46 1146 2344 2346 4846 
m2146 37 38 46 1888 1938 2338 4837 
m3517 23 46 1173 1196 3696 
m1991 13 46 4813 
m377 14 46 2346 4814 
m1804 37 46 1896 2337 2346 4846 
m953 22 30 38 45 46 1130 1145 1146 1922 1930 1945 1946 2280 2296 2330 
m477 8 45 46 2258 2296 2308 
m725 22 36 37 40 46 1122 1136 1137 1140 1146 1886 1890 2036 2037 2040 2046 2322 2336 2337 2340 2346 4396 
m908 27 32 38 46 1382 1388 1396 1638 1646 1946 
m1719 22 46 1146 
m2976 22 44 46 1146 2322 2344 2346 4846 
m2526 46 2346 
m1403 12 14 23 30 46 630 723 730 746 1180 1512 1523 1530 1546 2312 2330 3123 3212 4823 
m2258 46 
m1225 30 36 40 46 48 1830 1848 2030 2036 2046 2330 2336 2346 2348 2430 
m1971 22 36 45 1136 1145 1845 
m758 22 44 46 1146 2344 2346 4846 
m1330 36 45 46 49 1845 2336 2345 2346 2349 2486 2495 2496 
m2766 3 30 153 180 1503 1530 
m3440 5 13 14 38 46 655 705 746 1913 1914 1946 2305 2313 3213 
m2806 36 45 46 1845 2336 2345 2346 4836 
m2423 22 23 36 40 46 49 1172 1822 1823 1836 1840 1849 2022 2023 2036 2040 2046 2049 2322 2323 2336 2349 2473 2486 3686 4336 4346 4836 
m2344 22 45 46 1145 1146 2345 
m1772 23 
m1723 37 46 49 2337 2346 2487 2496 4837 
m999 22 37 1122 1137 
m2777 5 7 36 46 49 286 296 299 355 386 396 1836 1849 2336 2346 2349 2486 2499 4836 
m2532 14 36 40 46 740 1814 1836 1840 1846 2014 2036 2040 2046 2314 2340 2346 3246 4314 4346 4836 
m923 22 23 36 1123 1136 3686 
m671 8 37 408 437 
m1254 20 45 1045 
m1136 5 23 36 45 286 295 1155 1186 1195 1845 4336 
m2778 26 3826 
m3502 26 46 1346 2346 
m348 5 45 295 
m1022 23 41 46 1173 2073 2323 2341 3673 
m1711 12 14 27 46 712 746 1362 1364 1396 2312 2346 3246 4812 
m1151 13 22 33 36 40 672 686 690 1113 1122 1133 1136 1140 1672 1686 1690 2036 3183 
m2243 22 23 36 40 41 1122 1123 1136 1140 1141 1172 1822 1823 1836 1840 1841 2022 2023 2036 2040 2041 2072 2073 2086 3686 
m1359 13 38 46 663 696 1913 1946 
m2749 38 45 46 1945 2338 2345 2346 
m291 22 37 38 45 46 1872 1922 1937 1945 1946 2272 2287 2296 2322 4837 
m407 9 14 709 
m3100 23 30 46 1180 2323 2330 2346 
m2816 23 38 45 1923 2273 2288 
m2559 23 
m2275 30 45 46 2280 2296 2330 2346 
m1238 23 45 1195 2273 2295 
m3018 26 46 1346 2346 
m865 14 33 4164 
m1525 12 22 37 46 1112 1137 1146 2337 4362 4812 
m2822 8 37 46 437 446 4837 
m3413 14 36 49 1814 2464 2486 4314 4336 
m2144 27 36 37 46 49 1387 1827 1837 2327 2477 2486 2487 2496 4336 4346 4837 
m639 
m300 23 45 1173 1195 2273 2295 
m86 43 
m76 22 23 30 38 1122 1123 1130 1138 1172 1173 1188 1522 1523 1530 1538 3673 
m858 16 23 36 40 41 46 836 840 841 1186 1190 1191 1841 2023 2036 2040 2041 2046 2066 2073 2086 2090 2091 2096 2316 2336 2340 2341 3666 4823 
m717 32 37 45 46 1637 1645 1895 2332 2337 2345 
m1248 12 14 45 46 645 712 745 2312 2314 2345 2346 4814 
m2548 22 23 30 1122 1123 1130 1172 1173 1180 1522 1523 1530 3673 
m1132 45 2295 
m115 22 37 40 46 1137 1140 1146 1890 2022 2037 2040 2046 2337 2340 2346 4837 
m2184 22 37 40 46 1137 1140 1146 1890 2037 2040 2046 2337 2340 2346 4396 
m651 22 36 41 49 1136 1141 1822 1849 2072 2086 2091 2099 2472 2486 4336 
m2974 22 44 46 1144 1146 2222 2246 2322 2344 2346 4846 
m175 13 22 45 695 1113 1145 2263 2272 2295 
m3337 27 45 46 2277 2296 2327 2346 
m1583 46 
m795 13 37 38 46 1913 1937 1946 2313 2337 4363 
m2545 22 44 46 1146 2322 2344 2346 4846 
m3469 32 1632 
m1513 26 46 1346 2346 
m2564 23 36 40 41 44 1186 1190 1191 1194 1840 1841 2041 2240 2241 4736 
m2956 14 36 48 714 736 748 1836 1848 2448 
m1304 13 22 46 1113 1122 1146 2322 4813 
m281 23 36 45 1186 2273 2286 2295 3673 3686 
m183 22 36 41 1122 1136 1141 1822 2072 4586 
m676 13 22 33 1113 1133 4163 
m930 37 46 1896 
m2307 22 30 36 40 41 46 1122 1130 1136 1140 1141 1146 1536 1540 1541 1830 1836 1840 1841 2030 2036 2040 2041 2086 2090 2322 2330 2336 2340 2341 
m1560 32 36 38 39 46 1832 1839 1936 1939 1946 1982 2332 2336 2339 
m3494 13 22 45 695 1113 1145 
m3473 22 26 36 45 46 1126 1136 1146 1336 1345 1346 1845 2336 2345 2346 4836 
m1765 6 42 46 346 2146 2842 
m2730 22 36 46 1122 1136 1146 1822 1846 2322 
m383 22 23 30 1123 1130 1172 1173 1180 1523 3673 
m1725 17 38 46 896 1917 1938 1946 2317 2338 2346 3396 4817 4846 
m1554 5 14 22 33 36 40 264 272 283 286 290 722 736 740 1122 1136 1140 1672 1686 1690 1822 2022 2036 3233 
m3105 46 2346 
m3410 26 36 46 49 1326 1336 1346 1349 1826 1846 1849 2326 2476 2496 
m3044 3 26 46 1303 1346 2346 4803 
m102 22 23 30 36 46 49 1122 1123 1130 1146 1149 1172 1173 1180 1199 1522 1523 1530 1549 1822 1823 1830 1846 1849 2322 2323 2330 2349 2472 2473 2480 2496 3673 4823 
m2298 44 46 2246 2344 2346 4846 
m240 23 45 46 1195 1196 2296 3673 
m27 26 45 46 2276 2296 2326 
m3163 14 46 714 746 2314 2346 4814 
m3294 12 36 40 46 49 636 640 649 1836 1849 2036 2049 2336 2340 2349 2499 4812 
m436 2 27 36 40 46 1352 1386 1396 1802 2002 2027 2036 2046 2302 4836 
m950 22 44 46 1146 2222 2246 2344 2346 4846 
m1195 32 36 37 46 1646 1882 1896 4136 4346 4386 
m526 16 23 30 38 45 46 830 1180 1516 1523 1530 1546 1916 1930 1945 1946 2266 2273 2280 2296 2316 2323 2330 2345 2346 3323 4823 
m492 23 32 46 1182 2323 2332 2346 3696 4823 
m509 23 38 45 1195 1923 1945 3673 
m1515 10 32 46 1610 1646 2310 
m643 13 22 46 1113 1122 1146 2313 2322 2346 
m1409 14 36 49 736 749 1849 
m2354 22 39 45 46 1122 1146 1972 1995 1996 2272 2296 
m1126 22 30 41 46 1130 1146 1522 1546 2072 2080 2096 2322 
m2941 5 32 36 38 45 46 49 282 286 288 295 296 1632 1638 1645 1646 1838 1845 1846 1932 1936 1945 1946 2295 2332 2338 2345 2346 2455 2482 2486 2488 2496 4136 4332 4836 
m2543 22 44 46 1146 2322 2344 2346 4846 
m777 22 23 30 1122 1123 1130 1172 1173 1180 1522 1523 1530 3673 
m711 11 
m357 32 40 45 46 2032 2045 2046 2282 2296 2332 
m1448 28 
m1012 37 39 46 1987 4396 4496 
m3173 22 30 36 40 46 1122 1130 1136 1146 1522 1536 1822 2022 2030 2036 2322 2330 2336 2340 2346 4836 
m2428 22 23 30 38 41 1122 1123 1130 1138 1172 1173 1188 1522 1523 1530 1538 2072 2073 2080 3673 
m2370 36 48 1836 1848 2436 2448 4336 
m2075 36 
m2683 22 23 1122 1123 1172 1173 3673 
m2663 22 23 1123 1173 3673 
m659 33 37 46 1883 1896 4833 
m390 13 22 32 36 40 672 686 690 1613 1622 1636 1640 1822 1840 2022 2036 2040 4336 
m1693 22 37 40 46 1137 1140 1146 1890 2022 2037 2040 2046 2337 2340 2346 4837 
m1165 16 32 40 44 46 832 844 1644 2016 2032 2044 2046 2316 2332 2344 
m710 23 38 46 1188 1923 1938 1946 2338 2346 3696 4823 
m68 26 34 38 46 1326 1334 1346 1734 1926 1938 1946 2334 2346 
m334 36 46 1846 2336 2346 4836 
m1652 44 46 2344 2346 
m1441 26 32 36 46 1332 1336 1346 1832 2332 2336 2346 4836 
m3456 22 23 36 40 41 1122 1123 1136 1140 1141 1172 1822 1823 1836 1840 2023 2036 2072 2073 2086 2090 2091 3673 4323 4586 
m2174 46 
m1173 5 26 45 46 276 296 1305 1326 1346 2255 2276 2296 2326 
m2817 16 36 46 49 1816 1846 2316 2346 2486 2496 
m1348 30 46 2330 
m1298 41 2091 
m2208 22 33 38 46 1122 1133 1146 1672 1922 1933 1946 2322 4833 
m56 37 46 1896 2337 2346 4837 
m1803 36 41 46 49 1841 1846 2341 2346 2486 2491 2496 
m759 22 37 46 1872 2322 2337 
m1147 5 36 41 46 1805 2055 2096 2305 2336 4586 
m2425 22 23 30 41 1122 1123 1130 1172 1173 1180 1522 1523 1541 2072 2073 2080 3673 
m3443 36 37 39 40 41 46 49 1837 1839 1840 1841 1846 1849 1889 2037 2039 2046 2087 2089 2090 2096 2487 2490 2491 4396 4839 
m3349 22 23 30 40 46 1122 1123 1130 1140 1146 1180 1523 1530 1546 2022 2023 2030 2046 2330 2346 4823 
m518 22 46 2322 2346 
m277 14 40 46 740 2014 2040 2046 2340 2346 3246 4814 
m3166 22 37 46 1122 1137 1146 2322 2337 2346 4837 
m2997 22 30 36 40 46 1122 1130 1136 1140 1146 1822 1830 1840 1846 2022 2030 2040 2046 2322 2330 2340 2346 
m2353 41 46 2091 2096 2341 
m1035 45 46 2296 2346 4846 
m947 3 38 153 188 1903 
m907 11 
m1682 5 36 45 46 286 295 1845 2255 2286 2295 2305 2336 2345 4336 
m1837 22 23 30 41 46 1122 1141 1146 1191 1523 1530 1541 1546 2073 2080 2091 2096 2322 2323 2330 2341 2346 
m3384 23 36 41 1186 2073 3673 4323 4586 
m893 5 14 30 46 705 730 1505 2305 2314 2330 2346 4814 
m2282 22 36 41 49 1136 1141 1822 1841 1849 2072 2086 2091 2099 2472 2486 2491 4336 
m2747 26 
m2477 22 26 44 46 1146 1346 2344 2346 4846 
m2558 13 37 4363 
m3025 22 36 41 46 49 1136 1141 1849 2086 2099 2322 2336 2341 2349 4336 
m3232 36 38 46 48 1836 1838 1848 1936 1938 1948 2336 2338 2348 2436 2438 2448 4336 4836 
m2565 22 23 30 45 46 1122 1123 1130 1145 1146 1195 1522 1523 1530 1545 1546 2273 2280 2295 2296 2322 2330 2345 2346 3696 4823 
m1842 44 46 49 2344 2349 2494 
m1675 5 13 38 45 46 263 296 1905 1913 1946 2255 2263 2288 2296 2313 
m3010 22 38 44 46 1146 1922 1946 2344 2346 4846 
m2323 14 36 49 749 1814 1849 
m1786 14 23 30 38 730 1180 1514 1523 1530 1538 1914 1923 1930 1938 3223 
m720 
m687 23 30 46 1196 1523 1530 1546 2323 2330 2346 3696 4823 
m1576 22 23 30 1122 1123 1130 1172 1173 1180 1522 1523 1530 3673 
m324 12 36 40 41 46 636 640 641 1836 1840 1841 2036 2041 2336 2340 2341 3136 4336 4812 
m1828 46 
m924 23 30 38 46 1180 1923 1930 1946 2330 2346 4823 
m3181 23 36 41 1823 2073 3673 4323 4586 
m1353 32 45 46 2282 2296 2332 
m3406 12 26 45 46 645 1312 1345 1346 2345 4812 
m1614 23 36 40 46 49 1836 1849 2036 2046 2323 2336 2349 2473 2486 4323 4336 4836 
m2368 14 32 46 1614 2314 2332 
m415 36 45 46 1845 2336 2345 
m809 26 32 36 38 46 1332 1336 1346 1832 1926 1932 1936 1946 2332 2336 2346 4836 
m1501 22 37 1122 1137 1872 1887 
m2880 37 40 46 2037 2046 4837 
m2988 10 45 46 2295 2296 2310 2346 
m2930 22 23 30 36 40 41 1122 1123 1130 1136 1140 1172 1180 1186 1522 1523 1536 1822 2023 2030 2036 2072 2073 2080 2086 2090 3673 4323 
m512 12 22 30 622 1512 1522 
m2402 13 22 38 672 1113 1138 1913 1922 
m1499 22 40 46 1146 2340 
m1208 8 22 36 45 46 1108 1122 1136 1145 1146 2258 2286 2295 2296 2308 2336 2346 4308 4836 
m1362 17 38 46 867 896 1917 1946 
m841 46 2346 
m983 14 40 46 2014 2040 2046 2314 2346 3214 4814 
m2656 36 40 46 1836 1840 1846 2036 2046 2336 2340 2346 
m3013 13 22 33 36 40 46 672 686 690 1113 1122 1133 1136 1140 1672 1686 1690 1822 2022 2036 2313 2322 2333 2336 2340 3183 
m543 26 45 46 1345 1346 2345 
m1545 22 45 46 1145 1146 2296 
m2522 22 40 46 2046 2322 2346 
m1119 22 23 30 46 1122 1123 1130 1146 1180 1523 1530 1546 2330 2346 4823 
m153 7 26 46 1307 1346 2307 2346 
m1581 36 45 46 49 1846 1849 2286 2296 2299 2349 
m3442 22 26 33 40 1126 1133 1676 2022 2026 2033 
m268 22 1122 
m1964 45 
m75 13 22 44 46 694 1113 1122 1144 1146 2313 2344 
m2828 40 46 2046 
m2219 45 46 2296 
m3459 45 46 2296 2345 4846 
m2570 44 46 49 2246 2494 2496 
m590 36 45 46 2286 2295 2296 2336 2346 4836 
m39 12 23 36 41 46 636 1823 2062 2073 2096 2336 3123 4586 4812 4823 
m3331 38 46 1946 2346 
m977 10 13 22 660 663 672 1110 1113 1122 
m263 22 36 40 46 49 1146 1822 1840 1846 1849 2036 2046 2049 2322 2340 2472 2496 4846 
m1351 36 40 41 1836 1840 2036 2086 2090 2091 4586 
m2642 14 22 36 40 722 736 740 1114 1122 1136 1140 1822 2022 2036 
m2020 37 1887 
m288 37 40 41 46 1890 2037 2046 2087 2090 2096 2340 4396 
m1626 22 26 41 46 1141 1146 1322 1341 1346 2341 
m584 22 36 40 41 1136 1141 1836 1840 2036 2086 2090 4586 
m1721 41 2091 
m1990 13 17 22 45 46 672 872 2263 2267 2295 2296 2313 2317 2322 3363 
m3164 22 36 37 40 46 1122 1136 1137 1140 1146 1837 1840 1890 2036 2037 2040 2322 2336 2337 2340 2346 4837 
m517 38 41 46 1938 1941 1946 2341 
m3388 30 36 46 1830 2330 2336 2346 4336 
m239 3 32 36 41 46 186 191 1603 1641 2303 2332 2336 2341 4136 4586 
m2630 22 45 46 1145 1146 2345 4846 
m2813 27 36 46 49 1827 2327 2336 2486 2496 
m476 37 38 39 46 49 1899 1937 1946 1987 1988 1996 1999 2337 2346 2349 4496 4837 
m1168 22 23 32 36 40 46 49 1122 1123 1132 1136 1140 1146 1149 1172 1173 1182 1186 1190 1196 1199 1622 1623 1632 1636 1640 1646 1822 1823 1832 1836 1840 1846 1849 2022 2023 2032 2036 2046 2049 2322 2323 2332 2336 2346 2349 2472 2473 2482 2486 2490 2496 3673 3686 3696 4323 4346 
m1000 21 
m1162 26 32 33 37 1333 1626 1633 1637 1876 1883 
m2966 22 45 46 1122 1146 2272 2295 2296 2322 2346 4846 
m2921 22 44 46 1146 2222 2244 2246 2322 2344 2346 4846 
m1347 33 37 4383 
m280 26 
m3270 46 
m1024 41 46 2341 
m2711 45 46 2345 
m2701 13 16 38 688 838 3313 
m1019 37 40 46 1890 2037 2046 2340 4396 
m831 38 46 1946 2338 2346 
m136 5 36 37 38 45 46 286 295 1845 1855 1886 1895 1936 1937 1938 1946 2305 2336 2337 4336 
m2669 5 36 44 46 49 286 296 299 1849 2205 2236 2246 2249 2346 2349 2455 2486 2494 2496 4836 
m2882 33 45 1695 2283 2295 
m2721 22 23 30 40 41 1130 1140 1180 1523 1530 2022 2023 2030 2072 2090 
m2221 13 22 36 38 40 1113 1122 1136 1138 1140 1813 1840 1913 1936 1940 2013 
m2066 36 40 46 1840 2336 2340 
m2639 22 38 44 46 1146 1946 2344 2346 4846 
m825 22 23 36 38 40 1123 1136 1138 1140 1173 1922 1923 1936 1938 1940 2023 2036 2038 3686 
m53 14 36 40 46 1814 1846 2014 2036 2046 3246 
m656 22 46 1146 2346 
m3214 5 13 33 655 663 683 1655 1663 1683 4163 
m1623 36 38 46 1936 1946 2336 2338 2346 4836 
m2218 26 46 1346 
m2554 32 1632 
m1144 46 4846 
m773 34 38 46 1734 1934 2334 2338 2346 
m306 17 46 4817 
m502 14 20 22 720 1114 1120 
m3445 32 45 46 1632 1646 2282 2296 2332 
m1117 36 
m2378 
m2759 14 22 44 46 1114 1144 1146 2214 2246 2314 2322 2344 2346 3246 4846 
m975 23 30 40 41 1180 1190 1523 1530 1540 2023 2030 2040 
m2209 22 23 30 36 40 46 1122 1123 1130 1136 1140 1146 1172 1173 1522 1523 1530 1540 1546 1822 1823 1830 1840 1846 2022 2023 2030 2036 2040 2046 2322 2323 2330 2340 2346 3696 4823 
m3276 13 23 49 673 1163 1173 1199 2463 2473 2499 3163 
m3024 14 36 49 1814 1849 2464 
m1413 45 2295 
m2681 23 30 45 1180 1195 1523 1530 1545 2273 2280 2295 3673 
m933 17 46 2317 2346 4817 
m2790 22 36 41 49 1122 1136 1141 1149 1822 1841 1849 2072 2086 2091 2099 2472 2486 2491 4336 
m2725 37 39 40 46 1890 1987 1990 2340 4396 4496 
m1422 39 45 1995 2289 2295 
m2213 5 13 22 26 33 46 263 283 672 1305 1313 1333 1346 1672 2305 2313 2322 2333 4163 
m2644 14 45 745 
m165 14 22 32 36 39 40 41 49 722 1614 1622 1639 1641 1814 1822 1832 1836 1839 1841 1849 1972 2014 2036 2041 2049 2064 2072 2082 2089 2091 2482 2486 2489 2491 4464 4586 
m1773 13 38 46 688 1913 1946 2338 4813 
m3287 36 46 49 2336 2349 2486 
m190 23 26 46 1176 1346 3696 4846 
m1648 22 23 38 46 49 1122 1123 1138 1146 1199 1923 1938 1946 1949 2323 2346 2349 
m63 45 46 2295 2345 2346 
m583 37 1887 
m2810 27 46 49 2327 2346 2477 2496 
m488 32 36 46 49 1849 2332 2336 2346 2349 2482 4332 
m1561 5 45 295 2255 2295 
m150 22 
m2164 45 46 2345 2346 
m3221 7 45 2257 
m2796 14 22 1114 
m2076 22 23 30 41 46 1122 1123 1130 1141 1146 1172 1173 1180 1191 1522 1523 2072 2073 2080 2322 2323 2330 2341 3673 
m1655 10 30 36 46 1510 1536 1546 1810 1846 2310 2346 
m694 22 23 30 1122 1123 1130 1172 1173 1180 1522 1523 3673 
m1203 37 46 1887 1896 2337 2346 4837 
m1942 22 37 40 46 1122 1137 1146 2022 2037 2046 2322 2337 2346 4837 
m713 32 46 2332 2346 
m2738 30 37 40 46 1880 1890 2030 2046 2330 4396 
m2093 29 36 41 1486 1829 1836 1841 2079 2086 2091 
m593 27 32 38 46 1382 1396 1927 1932 1946 2332 
m3085 45 46 2296 
m701 45 46 2295 2345 2346 
m1076 36 
m2286 26 40 45 46 1340 1346 2026 2040 2045 2046 2276 2290 2296 2340 
m1407 12 45 46 645 2345 4812 
m3479 30 40 45 46 2045 2046 2280 2296 2330 2345 4846 
m815 38 40 41 46 1940 1941 1946 2090 2340 2341 
m2130 22 36 37 40 46 1122 1136 1137 1140 1146 1822 1836 1837 1840 1846 1890 2022 2036 2037 2040 2046 2322 2336 2337 2340 2346 4837 
m149 22 36 40 41 49 1136 1140 1141 1822 1836 1840 1841 2036 2072 2086 2090 2091 2472 2486 2491 4336 
m303 22 37 46 1122 1137 1146 1872 2322 4837 
m2263 36 37 38 40 46 1836 1837 1840 1846 1886 1890 1936 1937 1940 1946 2036 2037 2038 2040 2046 2336 2340 4336 4837 
m3174 22 
m37 22 30 45 1122 1130 1145 1522 2272 2280 
m2152 22 41 44 46 1146 2072 2094 2096 2344 2346 4846 
m1410 46 
m140 22 44 46 1146 2322 2344 2346 4846 
m2297 23 36 40 45 46 49 1190 1195 1836 1840 1845 2036 2045 2323 2336 2340 2345 2473 2486 2495 2496 3686 4323 4336 4836 
m3253 5 33 45 46 1655 1695 2255 2305 2345 4833 
m118 32 38 46 1632 1646 1932 1938 1946 2332 
m3487 22 46 1146 
m2621 46 
m782 18 46 2318 
m14 18 46 2318 2346 
m393 33 45 1695 
m156 37 46 4396 
m3377 9 17 40 46 49 859 896 2009 2017 2046 2049 2309 2346 2459 2467 2496 3396 
m1439 12 33 37 46 1862 2333 2337 4162 4383 4812 
m2892 5 26 33 45 1305 1333 1345 1655 1695 2255 
m3198 41 
m2799 12 45 46 645 2345 4812 
m2878 45 2295 
m2294 22 28 1422 
m2124 12 22 23 36 41 46 49 622 623 636 641 649 1123 1136 1141 1191 1822 1823 1841 2322 2323 2336 2341 2349 2472 2473 2486 2491 3136 4323 4336 4812 
m942 13 16 3313 
m3457 22 36 40 1122 1136 1140 2022 2036 2040 
m3309 14 46 714 746 2314 2346 4814 
m1759 11 
m1384 22 36 45 46 49 1145 1822 1845 2322 2336 2345 2472 2486 2495 2496 
m3351 
m538 22 36 40 46 1122 1136 1140 1822 2022 2036 2040 2322 2336 2340 4336 
m2560 22 23 30 38 41 1122 1123 1130 1138 1172 1173 1188 1522 1523 1530 1538 2072 2073 2080 3673 
m2918 14 49 2464 
m995 5 22 37 45 1105 1122 1137 1145 1855 1895 2255 
m554 22 46 1122 1146 2322 2346 
m3403 37 
m335 22 23 30 38 1123 1130 1172 1173 1188 1522 1523 1530 1538 3673 
m2839 
m1932 10 32 46 1610 1632 1646 2310 2346 
m3500 22 33 46 1122 1133 1146 1672 1683 1696 2322 2333 2346 4833 
m2211 14 32 48 732 2414 2432 
m3230 20 23 1020 1023 1170 
m592 26 46 49 1346 1349 2346 2496 2499 
m3512 13 33 4163 
m783 12 41 45 46 2062 2096 2262 2291 2296 4812 
m1229 22 23 36 40 41 1122 1123 1136 1140 1141 1172 1173 1186 1190 1191 1822 1823 1836 1840 1841 2023 2036 2041 2072 2073 2086 2090 2091 3673 3686 4323 4586 
m1155 30 36 40 46 49 1549 1830 1836 1846 1849 2030 2036 2040 2046 2049 2330 2349 2480 2499 
m2485 22 44 46 1144 1146 2246 2322 2344 2346 4846 
m2871 26 37 46 1876 2326 2337 
m3084 26 36 41 46 1826 2076 2096 2326 4346 4586 
m401 5 46 2305 2346 4846 
m1654 36 39 42 1986 2139 4636 
m2004 37 40 46 49 1899 2037 2046 2049 2337 2340 2346 2349 4396 
m844 23 36 1186 
m1831 13 22 33 36 40 46 1113 1122 1133 1136 1140 1146 1813 1833 1840 1846 2013 2022 2033 2036 2040 2046 2313 2333 4163 
m931 22 23 36 40 46 1122 1123 1136 1140 1146 1172 1822 2022 2023 2036 2040 2046 2322 2323 2336 2340 2346 4323 4823 
m573 5 45 46 2255 2296 2305 
m2212 22 23 36 41 1123 1136 1141 1191 3686 4341 
m1996 14 36 40 46 1814 1846 2014 2036 2040 2046 2346 4346 4814 
m1296 36 40 46 49 1836 1840 1846 1849 2036 2046 2049 2336 2340 2346 2349 2486 2490 2496 4346 4836 4846 
m2224 12 45 645 2295 
m1608 22 36 40 41 46 49 1136 1140 1141 1836 1849 2036 2049 2086 2090 2099 2322 2336 2340 2341 2349 4336 
m1826 23 36 40 41 46 49 1191 1836 1841 2023 2036 2041 2073 2086 2090 2091 2096 2099 2323 2336 2340 2341 2349 2473 2486 2490 2491 2499 4323 4336 4836 
m1005 37 41 46 2087 2096 4837 
m135 
m1244 22 23 30 39 41 1123 1130 1139 1141 1523 1973 1980 1991 2073 2080 3673 4473 
m698 26 36 46 1336 1346 2336 2346 4836 
m2953 14 36 38 46 48 736 746 748 1848 1914 1936 1938 1946 1948 2314 2336 2338 2346 2348 
m1421 5 13 22 255 263 272 1105 1113 1122 
m2277 14 22 30 36 40 722 730 736 1114 1122 1130 1136 1140 1522 1536 1540 1822 1840 2022 2040 
m474 22 37 46 1872 2322 4837 
m1948 13 22 1113 1122 
m2356 11 13 33 45 563 583 595 695 1695 3183 
m932 14 46 746 
m1572 22 40 41 46 1122 1140 1146 2022 2040 2046 2340 
m2203 5 37 46 1855 2305 2337 2346 
m580 36 38 48 1838 1848 1936 1948 2436 2438 2448 
m1814 23 36 40 41 1186 1190 1191 1840 1841 2036 2040 2041 
m2431 14 46 714 3246 4814 
m1262 13 33 4163 
m2201 18 
m1054 22 44 46 1144 1146 2246 2322 2344 2346 4846 
m2283 22 47 2372 2397 
m556 36 41 1841 2086 
m2568 36 38 41 1838 2088 4341 
m1361 36 46 49 1849 2336 2349 4336 
m2905 16 23 36 46 1186 1816 2316 2323 2336 3666 
m1783 3 22 30 38 172 180 188 1522 1922 1930 1938 
m322 13 22 33 36 40 1113 1122 1133 1136 1140 1813 1833 1840 2013 2033 4163 
m2653 37 40 46 2037 2046 2337 4837 4846 
m1043 12 14 33 46 712 746 2333 3133 3233 4812 
m1307 5 46 2305 
m1607 22 36 40 41 1822 1836 1841 2036 2041 2072 2086 2090 2091 4586 
m2207 36 40 41 46 1841 2036 2040 2041 2046 2086 2090 2091 2096 2336 2340 2341 2346 
m1687 22 26 44 46 1146 1322 1326 1344 1346 2344 2346 4846 
m1622 22 
m2923 36 40 46 1840 2336 2340 
m1218 36 40 46 2036 2046 2340 2346 4836 4846 
m572 32 36 41 46 1641 1646 2332 2336 2341 2346 4136 4586 
m229 22 38 40 1140 1922 1938 1940 
m944 30 37 46 1530 1537 1546 1880 2330 2337 2346 
m3211 38 46 1946 
m2302 45 2295 
m1110 26 46 1346 2346 
m3161 22 23 30 46 1122 1123 1130 1146 1180 1523 1530 1546 2330 2346 4823 
m2512 23 30 46 1173 1180 1196 1523 1530 1546 2323 2330 2346 3696 4823 4846 
m342 45 
m3373 37 41 46 2087 2096 4837 
m712 36 40 46 49 1836 1840 1846 2036 2040 2046 2049 2336 2346 2349 2486 4346 4836 
m1466 22 23 1123 1173 3673 
m3071 22 23 1122 1123 1172 
m1540 38 46 1946 
m868 40 45 2045 
m2234 13 37 46 1896 2313 4363 
m2727 22 45 46 1122 1145 1146 2345 
m45 23 30 36 40 46 1173 1190 1196 1523 1536 1540 1546 1823 1840 2023 2046 2340 3696 4323 4346 
m302 13 16 36 40 49 1813 1816 1836 1849 2013 2016 2036 2049 2463 2466 3166 
m1635 13 22 30 47 680 697 1113 1122 1130 1147 2380 
m1258 22 23 30 36 40 1122 1123 1130 1136 1172 1173 1180 1186 1190 1522 1523 1530 1536 1540 1822 1823 1830 1840 2022 2023 2030 3673 
m1872 22 23 30 1122 1123 1130 1172 1173 1180 1522 1523 1530 3673 
m1768 22 44 46 1146 2344 2346 4846 
m1340 22 45 46 49 1146 1149 2272 2296 2299 2349 2472 2495 2496 
m951 36 42 4636 
m515 23 30 46 1173 1180 1196 1523 1530 1546 2323 2330 2346 3696 4823 
m3172 22 40 46 1122 1140 2322 2340 
m1761 22 36 37 46 49 1136 1137 1146 1149 1846 1849 1886 1899 2349 4396 
m982 45 46 2295 2296 2346 
m464 22 45 1145 
m1166 14 32 46 714 732 2314 2332 2346 4814 
m2377 22 45 46 1122 1145 1146 2296 2346 
m810 1 32 36 38 45 46 82 96 1901 1932 1936 1946 2251 2282 2286 2288 2296 2332 2586 4136 4836 
m2624 5 14 40 45 46 705 745 2005 2014 2045 2046 2255 2305 2345 4814 
m2121 23 36 40 1190 1840 3686 4336 
m347 5 22 36 46 49 272 286 296 299 1149 1822 1849 2322 2346 2349 4836 
m2967 38 45 46 1945 2288 2295 2296 2338 2345 
m49 22 36 41 1122 1136 1141 1822 2072 4586 
m356 11 13 45 563 595 695 
m708 14 40 740 
m2523 32 1632 
m770 5 38 46 1905 1946 2305 
m2325 30 36 40 45 46 1830 1845 2030 2036 2040 2045 2046 2280 2330 2345 4346 
m640 32 36 41 46 1641 1646 2332 2336 2341 2346 4136 4586 
m2858 23 27 32 42 1182 1192 1373 1382 1392 1642 
m634 14 
m2936 22 23 30 36 40 41 46 1122 1123 1130 1136 1140 1141 1146 1191 1523 1536 1541 1546 1841 1846 2023 2030 2036 2040 2041 2046 2072 2073 2091 2341 3696 4323 
m3007 32 36 44 46 1644 2236 2332 2336 2344 2346 4136 
m2814 30 36 46 49 1830 2330 2336 2480 2486 2496 
m1025 23 40 46 49 1196 2023 2040 2046 2473 2490 2496 
m760 22 30 36 40 41 49 1130 1136 1141 1536 1540 1541 1830 1836 1840 1841 2036 2072 2080 2086 2090 2091 2472 2480 2486 2491 
m3315 38 46 49 1946 1949 2346 2496 2499 
m2016 22 40 46 1146 2022 2046 2346 
m3129 14 20 38 46 49 720 1914 1946 2320 2349 2464 2470 4814 
m1370 14 45 46 714 745 746 2345 4814 
m279 30 36 39 40 46 1830 1980 1986 1990 1996 2030 2036 2046 2330 4836 
m869 22 33 46 1122 1133 1146 1696 2333 2346 4196 
m762 22 40 44 46 1146 2044 2046 2246 2344 2346 4846 
m1862 23 30 45 46 1195 1523 1545 1546 2295 2345 4823 
m83 15 22 46 772 2315 2322 
m217 22 38 44 46 1146 1922 1944 1946 2344 2346 4846 
m3273 33 36 41 1686 2083 4586 
m1337 22 45 1145 
m78 14 22 46 722 746 2322 2346 
m661 22 23 30 36 40 41 46 1122 1123 1130 1136 1140 1141 1146 1172 1173 1180 1186 1190 1191 1523 1536 1540 1541 1841 2023 2036 2041 2072 2073 2080 2086 2090 2091 2096 2322 2323 2330 2341 3673 4323 
m2684 30 36 38 1530 1536 1538 1830 1836 1838 1930 1936 1938 4036 4330 
m840 26 33 46 49 1333 1346 1349 2349 2483 4833 
m2256 5 46 2305 
m2951 22 35 46 1135 1146 1796 
m427 30 46 1546 2330 4846 
m2616 32 40 1632 2032 
m2404 22 44 46 1146 2322 2344 2346 4846 
m2762 21 23 46 1171 2321 2323 
m2343 22 44 46 1146 2344 2346 4846 
m2241 36 
m420 45 46 2345 
m142 22 44 46 1146 2246 2344 2346 4846 
m3277 22 36 40 46 1122 1136 1140 1146 1840 2040 2336 2340 
m1230 5 13 33 46 263 283 2305 2313 2333 4163 
m658 22 36 37 40 46 1137 1146 1822 1837 1846 1872 2022 2036 2046 2322 2337 2346 4346 4837 
m2803 26 37 46 1337 1346 2337 2346 4837 
m3041 45 2295 
m1700 14 32 36 44 46 736 1614 2214 2232 2236 2314 2332 2336 2344 4136 4846 
m1279 22 23 30 36 38 40 41 1123 1136 1140 1141 1172 1173 1180 1186 1188 1190 1191 1830 1922 1923 1936 1940 1941 2022 2023 2030 2036 2038 2040 2041 2073 2080 2086 2090 3673 4323 
m1895 23 45 1195 2295 
m2954 10 14 46 710 746 2310 2346 
m1718 5 36 45 286 295 1845 4336 
m1431 13 46 47 696 2363 2396 
m3012 5 22 46 1105 1146 2305 
m2081 22 37 46 1122 1137 1146 2322 2337 2346 4837 
m766 18 45 945 
m2062 22 23 30 36 40 41 1123 1130 1136 1140 1172 1173 1180 1186 1190 1523 1822 1823 1830 1836 1840 1841 2022 2023 2030 2036 2041 2072 2073 2086 2090 3673 4323 4336 4586 
m2647 23 45 46 1195 2323 2345 4823 4846 
m3262 5 13 14 33 263 283 705 713 733 3183 
m2350 12 46 49 2349 2462 4812 
m1885 2 36 45 46 145 1845 2252 2286 2295 2302 2345 2636 4836 
m2929 48 2448 
m1668 13 22 36 45 46 672 1822 2263 2272 2286 2296 2313 2322 2336 4313 
m1447 32 36 46 1832 2332 2336 2346 4836 
m2654 37 38 46 1937 1946 2337 2346 4837 
m2240 36 46 2336 2346 4346 4836 
m2480 45 46 2296 
m423 26 45 46 1345 1346 2295 2345 
m820 22 36 46 1122 1136 1146 1822 1846 2322 
m1728 5 30 45 46 280 2255 2280 2296 2305 2330 
m1951 13 36 46 49 699 1849 2313 2349 4313 4836 
m2845 40 46 2046 
m1816 13 14 33 38 40 46 49 664 690 696 699 749 1664 1690 1696 1913 1933 2014 2046 2049 2314 2349 2464 2496 4163 
m10 30 41 46 2080 2096 2330 2341 2346 
m1187 14 45 714 745 2264 2295 
m1391 36 46 2336 
m1915 18 45 945 2295 
m2916 22 36 40 46 48 1136 1140 1146 1848 2036 2040 2046 2336 2340 2346 2348 4336 4836 
m29 13 22 32 38 46 682 1113 1132 1146 1913 1922 1932 1946 2313 2332 
m1919 13 33 45 46 2263 2283 2296 2313 2333 4163 
m2009 
m2460 23 36 40 46 48 1190 1823 1836 1840 1846 1848 2023 2036 2040 2046 2048 2336 2340 2346 2423 2436 2446 3686 3696 4323 4346 4823 4836 
m686 22 41 1122 1141 
m1325 30 37 40 46 1537 1540 1546 1890 2340 4396 
m1536 14 22 32 46 1114 1132 1146 1614 2314 2332 
m917 22 36 40 1122 1136 1140 2036 
m152 5 13 14 33 263 283 705 713 733 4163 
m1161 45 2295 
m374 36 
m2466 14 22 46 722 746 2322 2346 
m612 44 46 49 2246 2494 2496 
m2359 13 22 33 36 40 672 686 690 1113 1122 1133 1136 1140 1672 1686 1690 1822 1840 2022 3183 
m700 22 23 36 40 46 48 1123 1136 1140 1146 1148 1190 1840 2022 2023 2036 2046 2048 2336 2340 2346 2423 2436 2440 2446 3696 4323 4346 4823 
m521 41 45 46 2095 2096 2345 
m1671 22 32 38 46 1146 1922 1932 1938 1946 2332 2346 
m2225 22 36 40 1122 1136 1140 1822 2022 2036 
m1983 33 36 45 46 1686 1695 1845 2333 2345 4836 
m1500 22 37 1122 1137 1887 
m1021 14 40 45 46 2014 2040 2046 2264 2290 2296 2314 2346 3214 4814 
m1164 13 36 46 49 1813 2313 2336 2346 2349 2463 2486 2496 4813 
m2456 22 44 46 1146 2344 2346 4846 
m1212 5 45 46 2255 2305 2345 2346 
m891 23 32 36 40 46 48 1182 1186 1190 1196 1198 1632 1636 1646 1648 1846 1848 2032 2036 2046 2048 2446 
m1378 22 36 40 46 1122 1136 1140 1146 1840 2040 2336 2340 
m1375 7 38 46 1907 1946 2307 2338 2346 
m511 46 
m3119 22 45 46 1146 2272 2296 
m1742 38 46 1946 
m1898 5 32 45 1605 1645 2255 
m1299 23 30 37 46 1180 1880 2323 2330 2337 2346 4373 4823 4837 
m2385 5 14 46 705 2305 2314 
m1459 18 23 1168 
m1947 12 30 45 630 2262 2280 
m2902 22 23 36 40 46 49 1123 1136 1140 1146 1149 1190 1822 1840 2023 2036 2040 2046 2049 2322 2336 2340 2346 2472 2473 2486 2496 3696 4323 4346 4823 
m1884 13 22 36 38 40 1113 1122 1136 1138 1140 1813 1840 1913 1936 1940 2013 
m1717 14 36 40 45 46 736 740 745 1840 1845 1846 2036 2045 2046 2286 2296 2336 3246 4336 
m2176 14 22 23 46 1114 1123 1146 1196 2314 3664 
m2592 22 23 30 1122 1123 1130 1172 1173 1180 1522 1523 1530 3673 
m2741 22 40 46 1140 1146 2340 
m233 45 
m3248 22 36 40 46 48 1822 2022 2036 2322 2336 2340 2436 2440 2446 
m449 14 45 745 2264 2295 
m513 17 36 46 49 1817 1846 1849 2349 2467 4817 
m469 22 36 45 46 1136 1146 1845 1846 2336 2345 2346 4836 4846 
m3486 22 45 46 1145 2322 2345 
m2679 22 40 44 46 1146 2022 2044 2046 2344 2346 4846 
m587 37 1887 
m883 37 38 46 1888 2338 4396 
m1729 23 30 46 1173 1180 1196 1523 1530 1546 2323 2330 2346 3696 4823 
m345 12 49 649 2462 2499 
m2636 32 36 40 41 46 1641 1646 2036 2041 2046 2332 2336 2341 2346 4136 4586 
m2482 22 38 44 46 1146 1922 1944 1946 2344 2346 4846 
m1183 36 38 45 48 1838 1845 1848 1936 1938 1945 1948 2295 2436 2438 2445 2448 4336 
m471 26 33 47 1333 1347 1697 
m1394 22 36 40 41 49 1122 1136 1140 1141 1149 1841 1849 2022 2036 2041 2049 2072 2086 2090 2091 2099 2486 2491 4336 
m3014 22 40 45 46 1140 1145 1146 2045 2046 2345 
m1253 14 22 49 749 1114 1149 2464 2472 2499 
m2712 46 
m3438 46 4846 
m3190 27 36 48 49 1386 1398 1399 1827 1848 1849 2486 2498 2499 4336 
m3481 22 44 46 1146 2222 2244 2246 2344 2346 4846 
m16 37 40 46 2037 2046 4837 
m860 37 38 46 49 1887 1888 1899 1937 1946 2337 2338 2346 2349 4396 4837 
m2862 23 32 42 1182 1192 1642 
m1910 28 36 1828 1836 
m497 13 33 4163 
m1143 37 38 46 1896 1937 1946 
m3256 22 23 36 40 46 49 1172 1186 1190 1822 1823 1836 1840 1849 2022 2023 2036 2040 2046 2049 2322 2323 2336 2340 2349 2473 2486 2490 3686 4336 4346 4836 
m2250 36 37 38 46 1837 1838 1888 1938 2338 4346 4837 
m259 5 14 32 705 1605 1614 
m3458 23 30 41 45 1180 1191 1541 2273 2280 2291 
m26 14 23 36 40 46 49 749 1814 1823 1846 1849 2014 2023 2036 2046 2314 2323 2336 2346 2349 2473 3223 4814 4823 
m1496 22 23 36 40 41 46 1122 1123 1136 1140 1186 1190 1836 1840 2036 2040 2072 2073 2086 2090 2322 2323 2336 2340 2341 3686 
m2375 29 36 48 1486 1829 1836 1848 2429 2436 2448 4336 
m3022 22 23 30 44 46 1130 1144 1146 1180 1523 1530 1546 2223 2230 2246 2323 2330 2344 2346 4823 4846 
m1028 22 36 37 40 41 46 1122 1136 1137 1140 1141 1146 1822 1837 1840 1846 2022 2036 2037 2040 2041 2046 2072 2086 2087 2090 2096 2322 2336 2340 2341 2346 4396 
m1426 14 49 2464 
m250 22 30 46 1130 1146 2330 
m2140 12 22 23 36 41 46 49 622 623 636 641 649 1123 1136 1141 1191 1822 1823 1841 2322 2323 2336 2341 2349 2472 2473 2486 2491 3136 4323 4336 4812 
m2596 30 36 46 1536 1546 2330 2336 2346 4836 
m2435 45 46 2345 
m1821 13 22 26 33 36 40 672 686 690 1113 1122 1133 1136 1140 1313 1322 1333 1336 1340 1663 1672 1683 1686 1690 1822 2022 2036 3183 
m2756 22 23 30 46 1122 1123 1130 1146 1180 1523 1530 1546 2330 2346 4823 
m2674 12 32 612 1612 
m1716 12 22 36 622 1112 1122 1136 1822 4312 
m520 46 
m1458 14 
m2994 40 46 49 2040 2046 2340 2490 2496 
m2745 37 46 4837 
m1216 13 33 663 683 1663 1683 3183 4163 
m3063 14 714 
m1941 40 46 2046 2340 2346 4846 
m3186 6 42 2842 
m2555 22 45 46 1146 2272 2296 
m2933 5 13 22 33 46 655 1113 1133 1146 1655 1696 2305 2313 4163 
m709 32 36 46 2332 2336 2346 4332 4836 
m3179 
m2147 5 32 36 45 1605 1805 1845 2255 2282 4332 
m169 45 46 2295 2296 2345 2346 4846 
m2774 14 45 2264 3214 
m1526 22 37 45 46 49 1137 1146 2272 2287 2296 2299 2472 2487 2496 4837 
m2438 5 14 26 33 45 264 276 283 726 1676 2255 2264 2276 2283 3233 
m2434 37 40 46 49 1899 2037 2046 2049 2337 2340 2346 2349 4396 
m2036 45 46 2296 
m2677 22 32 46 1122 1132 1146 1622 1632 1646 2322 2332 2346 
m2666 37 38 41 46 1937 1938 1941 1946 2087 2096 4837 
m1835 33 45 1695 
m3409 45 46 2295 2296 2345 4846 
m128 37 40 46 1890 2037 2040 2046 2337 2340 2346 4396 
m2591 22 23 30 1122 1123 1130 1172 1173 1180 1522 1523 1530 3673 
m3006 26 46 1346 
m1645 22 23 36 40 41 46 49 1123 1136 1140 1173 1186 1190 1199 1840 2022 2023 2036 2040 2041 2049 2072 2073 2086 2090 2091 2099 2322 2323 2340 2341 2473 2486 3673 3686 4323 
m1041 22 32 45 46 1132 1145 1146 2282 2296 2332 
m101 5 14 46 705 2305 2314 
m2572 5 36 45 46 49 286 296 299 1836 1846 1849 2255 2286 2296 2299 2336 2349 
m2973 11 13 33 563 583 661 1661 4163 
m3099 36 40 45 46 1845 2036 2040 2045 2046 2296 4346 
m1853 13 22 33 49 699 1113 1122 1149 1672 1699 4163 
m2765 46 49 2346 2349 2496 
m3028 14 22 1114 1122 
m1808 13 22 44 46 694 1113 1146 2313 2344 
m2173 22 34 36 1134 1136 1834 
m2535 14 30 46 730 746 2330 
m392 5 37 46 1855 2305 4837 
m823 12 14 22 46 622 722 1112 1114 1122 1146 2314 2322 3114 4812 
m2050 26 37 41 46 1337 1341 1346 1891 2341 4837 
m1591 37 46 1887 1896 2337 2346 
m693 22 32 40 46 1146 2022 2032 2040 2046 2332 2346 4846 
m863 5 14 36 264 286 4314 
m3112 10 36 40 49 536 1810 1836 1849 2010 2036 2049 2460 2486 
m1267 22 45 1122 1145 2272 
m2171 30 36 41 46 49 1536 1541 1841 2080 2086 2091 2096 2099 2330 2336 2341 2346 2349 2480 2486 2491 
m2698 13 33 4163 
m620 13 22 36 38 40 41 1113 1136 1138 1140 1141 1813 1840 1913 1922 1936 1938 1940 1941 2013 2063 2086 2088 2090 
m2101 45 46 2296 
m1611 
m2440 40 45 2045 
m1520 45 2295 
m468 22 36 41 49 1141 1849 2086 2091 2099 4336 
m952 22 44 46 1146 2246 2344 2346 4846 
m3424 41 45 2291 
m553 12 32 46 632 2332 4812 
m2156 36 40 46 1836 1840 1846 2036 2040 2046 2336 2340 2346 4336 4346 
m2253 5 14 30 46 264 296 1505 1514 1546 2305 2314 2330 2346 4814 
m220 23 45 1195 
m2459 22 26 44 46 1146 1322 1344 1346 2344 2346 4846 
m1864 22 45 46 1146 2272 2296 4846 
m1771 33 46 2333 2346 
m1889 13 22 46 1113 2313 2322 
m585 23 30 46 1523 1546 2323 
m940 12 14 32 37 46 614 632 732 737 1882 2314 2332 2337 3137 4812 
m1903 22 23 32 1122 1123 1132 1182 1622 1623 1632 
m562 37 39 40 46 1890 1987 1990 2340 4396 4496 
m224 22 38 46 49 1146 1149 1922 1946 1949 2349 2472 2488 2496 
m763 13 32 38 46 682 1913 1932 1946 2313 2332 
m1653 12 22 23 36 40 45 46 49 622 623 636 640 645 649 1123 1136 1140 1145 1195 1822 1823 1840 1845 1849 2012 2023 2036 2045 2046 2049 2322 2323 2336 2340 2345 2349 2472 2473 2486 2490 2495 3136 4323 4336 4812 
m1232 45 46 2295 2345 
m2623 22 23 36 49 1123 1136 1149 1173 1186 2473 2486 3673 4323 
m2483 14 22 46 1114 2314 2322 2346 4814 
m454 37 46 2337 
m296 22 27 36 46 49 1127 1136 1146 1149 1377 1386 1396 1399 1827 1849 2322 2327 2336 2346 2349 2477 2486 2496 2499 
m838 22 23 30 36 38 40 1123 1130 1136 1140 1172 1173 1180 1186 1188 1190 1522 1523 1538 1822 1830 1922 1923 1930 1936 1938 1940 2022 2023 2030 2036 2040 3673 4323 
m3298 12 26 34 45 46 634 645 1312 1334 1345 1346 1734 2284 2334 2345 4812 
m2149 40 44 46 49 2044 2046 2049 2344 2349 2494 
m2603 9 36 46 459 486 496 1809 2309 2336 2346 4836 
m3184 22 36 40 46 48 1136 1140 1146 1822 1836 1840 1846 2022 2036 2040 2046 2048 2322 2336 2340 2346 2348 2422 2436 2440 2446 4346 4836 
m761 22 44 46 1146 2246 2344 2346 4846 
m2088 32 46 48 2332 2348 2432 
m3526 23 30 1523 
m672 22 23 36 40 46 49 1172 1822 1836 1849 2022 2023 2036 2046 2049 2322 2323 2336 2349 2472 2473 2486 4323 4336 4836 
m3478 22 44 45 46 1146 2272 2294 2296 2344 2346 4846 
m2809 38 46 1946 
m2442 22 26 44 46 1146 1346 2344 2346 4846 
m3031 14 36 49 1814 1849 2464 
m922 9 36 1809 1836 2959 4309 4336 
m3137 5 22 36 38 46 49 272 286 296 299 1149 1822 1849 1905 1936 1946 2322 2346 2349 4836 
m3396 31 36 1581 1586 1836 4086 
m496 3 45 195 2295 
m500 39 
m2300 23 36 40 45 46 49 1190 1195 1836 1840 1845 2023 2036 2040 2045 2046 2049 2323 2336 2340 2345 2473 2486 2495 2496 3686 4323 4336 4836 
m2153 32 45 1645 
m537 22 44 45 46 1144 1145 1146 2294 2296 2344 2346 
m1342 37 46 49 1887 1899 2337 2346 2349 2487 2496 4396 4837 
m2832 40 45 46 2046 2290 2296 
m2069 30 38 45 46 1945 1946 2280 2296 2330 2338 2345 2346 4846 
m2450 22 36 40 41 1136 1141 2036 2086 2090 
m3345 9 14 36 49 709 1809 1814 1836 1849 2459 2464 2486 2499 
m1883 22 1122 
m578 37 38 40 46 1890 1937 1938 1946 2340 4837 
m3374 26 38 46 1926 1946 2326 
m683 22 23 30 46 1122 1123 1130 1146 1180 1523 1530 1546 2330 2346 4823 
m1101 
m2802 45 46 2295 2296 2346 
m692 30 45 46 2280 2295 2296 2330 2346 
m909 23 26 30 38 46 1180 1323 1330 1338 1346 1923 1930 1946 2330 2346 4823 
m1810 36 37 40 41 46 1837 1840 1846 1890 2087 2090 2096 2340 4396 4586 
m460 45 
m650 30 45 1530 2280 
m3027 22 23 30 36 41 1122 1123 1130 1136 1172 1173 1522 1523 1822 1823 1830 2072 2073 2080 3673 4586 
m371 14 46 746 2346 
m1207 13 45 2263 
m2821 22 23 36 41 1122 1123 1136 1822 1823 2072 2073 3673 4323 4586 
m1937 45 46 48 2345 2445 2446 
m792 22 23 30 36 40 41 1122 1123 1130 1136 1140 1141 1172 1173 1180 1186 1190 1191 1523 1530 1536 1540 1541 1823 1836 1840 1841 2022 2023 2030 2036 2041 2072 2073 2080 2086 2090 2091 3673 3686 4323 4336 4586 
m2567 30 39 1980 
m2943 22 23 30 36 40 41 46 1122 1123 1130 1136 1140 1141 1146 1191 1523 1536 1541 1546 1841 1846 2023 2030 2036 2040 2041 2046 2072 2341 3696 4323 
m1656 14 46 2314 2346 4814 
m716 45 49 2295 2299 
