m2717 22 30 32 36 40 41 46 49 1122 1130 1132 1136 1140 1141 1146 1522 1532 1536 1546 1622 1646 1822 1830 1832 1836 1840 1846 1849 2022 2030 2032 2036 2040 2046 2049 2072 2090 2096 2322 2472 2480 2482 2486 2490 2496 4346 4846 
m1949 
m1293 33 37 4383 
m48 14 46 2314 2346 4814 
m1652 32 
m3039 23 30 40 1173 1190 1523 1530 1540 2023 2030 2040 3673 
m3106 8 36 40 46 1808 1836 1840 1846 2008 2036 2040 2046 2308 2336 4336 
m3363 5 13 38 45 46 655 1913 1946 2263 2288 2296 2305 2313 
m1521 32 46 2332 2346 
m2864 22 36 46 1822 1846 2322 4846 
m1051 45 46 2296 
m1928 13 22 1113 1122 
m2119 36 40 41 46 1841 2036 2040 2041 2046 2086 2090 2091 2096 2336 2340 2341 2346 
m3206 14 22 722 1114 1122 
m2269 22 44 46 1144 1146 2222 2244 2246 2322 2344 2346 4846 
m1334 9 14 22 36 49 709 1109 1114 1136 1149 1809 1814 1836 1849 2459 2464 2486 2499 
m801 23 36 1186 
m455 22 37 46 1872 2322 4837 
m1202 5 40 45 46 2005 2045 2046 2255 2296 2305 
m1016 22 23 30 36 40 41 1122 1123 1130 1136 1140 1141 1172 1173 1186 1190 1191 1522 1523 1536 1541 1840 1841 2023 2036 2041 2072 2073 2086 2090 2091 3673 3686 4323 4336 4586 
m464 22 46 49 2322 2346 2472 2496 
m2696 45 46 2295 2296 2346 
m2920 23 30 36 41 1523 1823 1830 2073 2080 3673 4323 4586 
m995 12 14 33 46 712 746 2333 3133 3233 4812 
m64 26 34 38 46 1326 1334 1346 1734 1926 1938 1946 2334 2346 
m665 13 22 41 691 1113 1122 1141 
m1308 17 38 46 867 896 1917 1946 
m3372 22 44 46 1122 1146 2344 2346 4846 
m396 9 14 709 
m3213 22 33 46 1672 1696 2322 
m984 22 36 37 40 41 46 1122 1136 1137 1140 1141 1146 1822 1837 1840 1846 2022 2036 2037 2040 2041 2046 2072 2086 2087 2090 2096 2322 2336 2340 2341 4396 
m72 22 23 30 38 1122 1123 1130 1138 1172 1173 1188 1522 1523 1530 1538 3673 
m516 36 40 49 1836 1840 1849 2036 2040 2049 2486 2490 2499 
m583 22 30 40 46 1122 1130 1146 2022 2030 2046 2330 
m2179 22 30 45 1122 1130 1145 1545 
m186 22 23 30 36 40 46 49 1122 1123 1130 1136 1140 1146 1149 1172 1173 1180 1186 1190 1199 1522 1523 1530 1536 1540 1546 1549 1822 1823 1830 1836 1840 1846 1849 2022 2023 2030 2036 2040 2046 2322 2330 2336 2340 2346 2472 2473 2480 2486 2496 3696 4823 
m1072 36 
m1983 13 22 33 36 40 690 1113 1122 1133 1136 1140 1690 1813 1833 1840 2013 2033 4163 
m1591 13 22 33 1113 1672 4163 
m284 22 36 40 46 49 1149 1822 1849 2022 2036 2049 2322 2336 2340 2349 
m1662 22 46 1146 
m236 3 32 36 41 46 186 191 1603 1641 2303 2332 2336 2341 4136 4586 
m2548 22 38 44 46 1146 1946 2344 2346 4846 
m2152 22 36 46 49 1136 1146 1149 1849 2336 2346 2349 
m99 13 33 45 1695 2263 4163 
m1629 22 26 44 46 1146 1322 1326 1344 1346 2344 2346 4846 
m878 7 45 46 2257 2295 2296 2307 2346 
m1689 26 46 1326 1346 2326 2346 3826 
m2914 22 26 44 46 1146 1322 1344 1346 2326 2344 2346 4846 
m3164 45 46 2295 2345 
m3054 14 46 714 746 2314 2346 4814 
m1889 22 44 46 1146 2322 2344 2346 4846 
m2733 14 36 49 749 1814 1849 
m506 22 38 45 46 1145 1146 1922 1945 1946 2345 
m2989 36 40 45 46 1845 2036 2040 2045 2046 2296 4346 
m2034 22 44 46 1144 1146 2246 2344 2346 4846 
m3002 10 36 40 49 536 1810 1836 1849 2010 2036 2049 2460 2486 
m304 17 46 4817 
m978 14 40 45 46 2014 2040 2046 2264 2290 2296 2314 2346 3214 4814 
m2497 22 23 30 1122 1123 1130 1172 1173 1180 1522 1523 1530 3673 
m2480 22 30 36 40 41 46 1122 1130 1136 1140 1141 1146 1536 1540 1546 1846 2022 2030 2036 2040 2046 2072 2090 2340 4346 4846 
m1653 12 14 27 46 712 746 1364 1396 2312 2346 3246 4812 
m316 13 22 33 36 40 45 672 686 690 695 1122 1136 1140 1672 1686 1690 1822 2022 2036 2272 2283 2286 2290 3183 
m743 23 38 45 1188 1195 1945 2288 2295 
m1533 8 408 
m2787 20 22 23 30 38 1022 1023 1030 1038 1122 1123 1130 1172 1173 1180 1188 1520 1523 1538 1922 1923 1930 3673 
m712 37 41 46 2087 2096 4837 
m699 5 32 36 46 49 282 286 296 299 1649 1832 1849 2332 2336 2349 2486 4136 4336 
m389 5 46 2305 2346 4846 
m1670 23 36 38 40 41 1173 1186 1188 1190 1923 1936 1938 1940 2023 2036 2073 2086 2088 3673 3686 4323 4336 
m2770 45 2295 
m1904 12 45 46 645 2345 4812 
m311 22 23 30 36 41 46 1122 1123 1136 1141 1191 1522 1523 1536 1841 2322 2323 2330 2336 3686 
m502 16 46 816 846 2346 3346 
m218 22 38 46 49 1146 1149 1922 1946 1949 2349 2472 2488 2496 
m2604 13 16 38 688 838 3313 
m3334 14 44 46 49 744 746 2344 2464 2494 2496 
m2614 46 
m2560 15 46 2315 
m386 22 38 45 46 1145 1922 1945 1946 2322 2345 
m1002 45 49 2295 2299 
m2809 23 38 45 1923 2273 2288 
m3295 41 45 2291 
m1936 37 46 4837 
m2715 22 23 30 36 41 1123 1130 1136 1523 1823 1830 2072 2073 2080 3673 4323 4586 
m1435 5 31 36 255 281 286 1555 1581 1586 1805 1831 1836 
m2293 45 
m1937 22 40 46 1146 2022 2046 2346 
m1348 5 36 46 49 255 286 1805 1836 1846 1849 2305 2336 2455 2486 2496 
m1838 45 
m2212 22 30 36 40 41 46 1122 1130 1136 1140 1141 1146 1536 1540 1541 1830 1836 1840 1841 2030 2036 2040 2041 2086 2090 2322 2330 2336 2340 2341 
m2929 45 2295 
m2601 
m2860 38 45 46 1945 2288 2295 2296 2338 2345 
m2164 46 2346 
m165 38 45 2288 
m674 11 
m3132 5 33 45 46 1655 1695 2255 2305 2345 4833 
m2602 13 14 32 46 664 696 1613 1614 1646 4814 
m1883 5 37 46 255 287 1855 1887 1896 2305 2337 2346 4837 
m736 34 38 46 1734 1934 2334 2338 2346 
m1848 13 33 45 46 2263 2283 2296 2313 2333 4163 
m8 11 13 22 45 563 572 595 695 1113 1145 
m1550 22 36 40 41 1822 1836 1841 2036 2041 2072 2086 2090 2091 4586 
m2978 22 26 33 1126 1133 1676 
m1930 22 36 40 46 49 1122 1136 1140 1146 1822 1840 1846 1849 2022 2036 2046 2322 2336 2340 2346 2349 2486 2490 2496 4336 4346 4836 
m185 14 32 36 46 746 1614 1632 1636 1646 1814 1832 1836 1846 2314 2332 2336 2346 4332 
m3085 6 14 32 314 332 732 
m1597 14 46 2314 2346 4814 
m12 18 46 2318 2346 
m2114 5 32 36 1605 1636 1805 
m3380 13 33 49 2463 2483 4163 
m1209 13 17 22 672 872 3363 
m997 37 45 46 1895 2337 2345 2346 
m1165 13 45 2263 
m1111 26 44 46 1346 2226 2246 2326 2344 2346 
m1669 17 38 46 896 1917 1938 1946 2317 2338 2346 3396 4817 4846 
m331 36 46 1846 2336 2346 4836 
m1573 40 46 2340 
m3396 40 45 46 2040 2045 2046 2345 4846 
m2460 32 36 46 1632 1636 1646 1832 1836 1846 2332 2346 4332 4846 
m2773 11 13 22 36 38 40 563 572 586 588 590 1113 1136 1138 1140 1813 1840 1913 1936 1940 2013 
m2783 5 26 33 45 1305 1333 1345 1655 1695 2255 
m3237 
m1406 18 23 1168 
m1502 22 23 36 45 1122 1123 1136 1172 1173 1186 2272 2273 3673 
m3347 22 44 45 46 1146 2272 2294 2296 2344 2346 4846 
m1712 33 46 2333 2346 
m2144 22 23 30 1122 1123 1130 1172 1173 1180 1522 1523 1530 3673 
m2945 12 22 23 30 36 40 46 612 622 623 630 636 646 1112 1123 1136 1140 1146 1162 1173 1512 1523 1536 1546 1812 1822 1823 1830 1836 1846 2012 2023 2030 2036 2046 2312 2322 2323 2330 2336 2346 3123 3686 4346 4812 
m1776 16 22 44 49 844 849 1116 1144 2494 
m2668 36 38 49 1849 1936 1949 2486 2488 2499 
m2813 46 4846 
m1354 14 36 49 736 749 1849 
m1698 22 46 49 1146 1149 2349 2472 2496 
m2468 22 36 46 1822 2322 2336 2346 
m3186 23 45 46 1195 2323 2345 2346 
m847 14 40 46 2014 2046 2314 2346 4814 
m745 18 46 2318 
m2693 12 45 46 645 2345 4812 
m2130 26 46 1346 
m722 22 30 36 40 41 49 1130 1136 1141 1536 1540 1541 1830 1836 1840 1841 2036 2072 2080 2086 2090 2091 2472 2480 2486 2491 
m1310 22 33 44 49 1133 1144 1694 1699 2494 
m1378 22 23 30 38 41 1123 1130 1172 1173 1188 1522 1523 1530 1538 2072 2073 2080 3673 
m1017 32 36 4332 
m1795 22 23 30 39 1123 1522 1523 1972 1973 1980 3673 
m2984 36 
m1593 44 46 2344 2346 
m791 38 46 1946 2338 2346 
m3103 7 45 2257 
m688 22 44 46 1146 2246 2344 2346 4846 
m856 13 22 33 672 1672 3183 
m270 32 49 1632 2482 
m3046 5 45 2255 2295 
m1492 22 23 36 49 1123 1136 1172 1173 1186 1199 1822 1823 1849 2472 2473 2486 3673 4323 4336 
m2264 40 45 46 2046 2290 2296 4846 
m1555 22 36 41 46 48 1136 1141 1848 2086 2098 2322 2336 2341 2348 4336 
m357 18 37 46 1868 2318 4837 
m319 13 22 33 36 40 1113 1122 1133 1136 1140 1813 1833 1840 2013 2033 4163 
m2308 22 36 40 1136 1140 1840 2036 2040 
m754 22 23 31 36 1123 1131 1136 1172 1173 1573 1822 1823 3673 3686 4086 4323 
m1514 6 42 4606 
m106 22 23 30 36 40 41 46 1122 1123 1130 1136 1140 1141 1146 1191 1523 1536 1541 1546 1841 1846 2023 2030 2036 2040 2041 2046 2072 2073 2091 2341 3696 4323 
m1100 46 4846 
m1865 45 46 48 2345 2445 2446 
m1800 22 44 46 1146 2322 2344 2346 4846 
m11 13 22 32 33 36 40 46 690 696 1113 1122 1132 1133 1136 1140 1146 1613 1633 1636 1640 1646 1690 1813 1833 1840 1846 2013 2033 2046 2333 2340 3183 
m1608 36 
m1813 22 1122 
m1505 37 
m862 22 38 45 46 1122 1146 1922 1938 1945 1946 2272 2288 2295 2296 2346 
m1335 9 14 36 49 709 1809 1814 1836 1849 2459 2464 2486 2499 
m1968 12 23 30 36 41 46 49 630 1180 1812 1830 1846 2062 2073 2080 2086 2096 2323 2330 2462 2473 2486 2491 2496 3123 4323 4812 
m1529 36 40 45 46 1845 2036 2045 2046 2336 2345 4836 4846 
m124 36 45 49 1849 2286 2299 
m2551 14 22 36 40 722 736 740 1114 1122 1136 1140 1822 2022 2036 
m3148 46 
m2476 22 30 36 40 46 1136 1140 1522 1536 1540 1840 2036 2040 2322 2330 2336 2340 2346 4836 
m2284 22 45 46 1122 1145 1146 2296 2346 
m3097 5 45 46 2255 2296 2305 2345 4846 
m1801 3 13 22 23 172 672 1163 1172 2663 3653 
m2147 13 37 46 1896 2313 4363 
m2442 14 30 46 730 746 2330 
m642 8 37 408 437 
m1078 36 40 48 49 1836 1840 2036 2436 2440 2449 2486 2490 4336 
m2941 13 22 32 46 682 1113 1122 1132 1146 2313 2322 2332 
m2877 22 23 30 36 40 41 46 49 1122 1123 1130 1136 1140 1141 1146 1149 1172 1173 1190 1191 1522 1523 1530 1536 1540 1541 1546 1822 1823 1830 1836 1840 1846 1849 2022 2023 2030 2036 2040 2041 2046 2049 2322 2323 2330 2336 2340 2341 2346 2473 2480 2486 2490 2496 3696 4823 
m3181 14 45 2264 
m2234 18 23 36 923 936 1186 1836 3686 
m1128 5 26 45 46 276 296 1305 1326 1346 2255 2276 2296 2326 
m2768 45 46 2295 2296 2346 
m1991 46 
m2776 20 1020 
m2279 14 22 36 46 722 736 1822 2314 2322 4836 
m2921 14 36 49 1814 1849 2464 
m3077 13 36 40 45 686 1813 1840 1845 2013 2036 2045 2263 2286 4336 
m2420 22 44 46 1146 2222 2246 2322 2344 2346 4846 
m1153 32 36 37 46 1646 1882 1896 4136 4346 4386 
m2807 22 23 45 1123 1145 1172 1195 3673 
m2528 5 14 40 45 46 705 745 2005 2014 2045 2046 2255 2305 2345 4814 
m2737 40 46 2046 
m2755 5 13 14 33 655 705 713 1655 1664 4163 
m69 22 44 46 1122 1144 1146 2222 2246 2322 2344 2346 4846 
m1481 14 22 32 46 1114 1132 1146 1614 2314 2332 
m3099 14 36 40 45 736 740 745 1840 2036 2286 2290 4336 
m1325 22 36 40 46 1122 1136 1140 1146 1840 2040 2336 2340 
m349 22 37 39 1137 1139 1987 
m3226 
m1892 45 
m689 22 44 46 1146 2222 2246 2322 2344 2346 4846 
m2636 22 23 36 40 41 1123 1136 1140 1173 1186 1190 1191 1823 1836 1840 1841 2023 2036 2040 2041 2073 2086 3673 3686 4323 4586 
m27 13 22 32 38 46 682 1113 1132 1146 1913 1922 1946 2313 2332 
m1151 22 23 30 46 1122 1123 1130 1146 1196 1523 1530 1546 2322 2323 2330 2346 3696 4823 
m135 22 44 46 1146 2246 2344 2346 4846 
m3223 9 14 36 49 709 1809 1814 1836 1849 2459 2464 2486 2499 
m2730 13 37 4363 
m225 6 42 4606 
m3299 37 40 45 46 1890 2287 2290 2296 2340 4396 
m1141 36 38 45 48 1838 1845 1848 1936 1938 1945 1948 2295 2436 2438 2445 2448 4336 
m2371 14 22 46 722 746 2322 2346 
m1454 13 22 36 49 699 1113 1122 1136 1149 1813 1849 
m278 26 
m1122 16 32 40 44 46 832 844 1644 2016 2032 2044 2046 2316 2332 2344 
m2649 22 23 36 40 1123 1136 1173 1186 1190 1836 1840 2036 3673 3686 
m2113 18 
m459 13 36 38 46 49 686 688 696 699 1813 1836 1838 1846 1849 1913 1936 1946 1949 2336 2338 2346 2349 2463 2486 2496 3196 4813 
m1946 22 32 37 1622 1872 1882 
m562 36 40 41 46 1836 1840 1841 1846 2036 2040 2041 2046 2336 2340 2341 2346 4346 4586 
m1568 14 45 745 
m1042 37 45 46 2287 2296 2337 2346 4837 
m2166 5 14 30 46 264 296 1505 1514 1546 2305 2314 2330 2346 4814 
m2388 22 38 44 46 1146 1922 1946 2344 2346 4846 
m125 36 40 46 49 1846 1849 2036 2046 2349 
m114 22 23 36 46 1123 1136 1146 2323 4323 4836 
m2972 26 36 41 46 1826 2076 2096 2326 4346 4586 
m974 23 36 40 1823 1836 1840 2023 2036 2040 3686 
m961 37 41 46 2087 2096 4837 
m1700 11 
m3397 37 41 46 2087 2341 4837 
m1188 45 46 2295 2345 
m2095 22 37 40 46 1137 1140 1146 1890 2037 2040 2046 2337 2340 2346 4396 
m2600 26 40 46 49 1340 1346 1349 2046 2490 2496 
m1061 6 36 42 49 2456 2486 2492 2836 4606 4636 
m2274 37 
m912 22 30 38 45 46 1130 1145 1146 1922 1930 1945 1946 2280 2296 2330 
m1687 38 46 1946 
m2236 28 36 1828 1836 
m1507 32 36 38 39 46 1832 1839 1936 1939 1946 1982 2332 2336 2339 
m1168 45 46 2296 
m60 14 714 
m672 32 36 46 2332 2336 2346 4332 4836 
m1166 8 22 36 45 46 1108 1122 1136 1145 1146 2258 2286 2295 2296 2308 2336 2346 4308 4836 
m2910 45 46 2295 2296 2345 
m149 22 36 49 1149 1822 1836 1849 2472 2486 2499 
m1549 22 36 40 41 46 49 1136 1140 1141 1149 1836 1849 2036 2049 2086 2090 2099 2322 2336 2340 2341 2349 4336 
m2330 22 23 36 40 1122 1123 1136 1140 1173 1186 1190 1822 1823 1836 1840 2022 2023 2036 2040 3673 3686 
m1313 23 33 44 49 1183 1194 1199 1694 1699 2494 
m1601 17 22 1117 
m727 37 
m557 37 1887 
m484 32 36 41 46 1636 1641 1841 2332 2336 2341 4136 4336 4341 4836 4846 
m2331 22 23 36 40 46 49 1172 1822 1823 1836 1840 1849 2022 2023 2036 2040 2046 2049 2322 2323 2336 2349 2473 2486 3686 4336 4346 4836 
m3104 21 36 46 49 1086 1099 1849 2321 2336 2346 2349 
m373 30 38 46 1930 1946 2330 
m1829 5 32 45 1605 1645 2255 
m1862 22 44 45 46 1146 2272 2296 2344 2346 4846 
m2249 18 45 945 
m2620 23 36 41 1186 1191 1823 1836 1841 2073 2086 2091 4341 4586 
m3081 13 37 4363 
m1473 22 23 36 40 41 46 49 1123 1136 1140 1149 1173 1186 1190 1199 1840 2022 2023 2036 2040 2041 2049 2072 2073 2086 2090 2099 2322 2323 2340 2341 2473 2486 3673 3686 4323 
m955 22 37 1122 1137 
m3112 22 36 41 1136 1141 1822 1841 2072 2086 2091 4336 4586 
m2355 12 45 46 645 2345 4812 
m2020 45 46 2296 
m2326 22 23 30 1123 1172 1173 1180 1522 1523 1530 3673 
m614 13 22 46 1113 1122 1146 2313 2322 2346 
m868 22 38 40 45 46 1138 1146 1938 1940 1946 2272 2288 2290 2296 2340 2346 
m466 32 37 46 1632 1637 1646 2332 2337 2346 4837 
m1910 33 36 45 46 1686 1695 1845 2333 2345 4836 
m2583 30 45 46 2280 2295 2296 2330 2346 
m1794 22 45 46 1146 2272 2296 4846 
m2254 12 46 49 2349 2462 4812 
m2267 8 36 46 1808 2308 2336 2346 4836 
m1247 18 918 
m2048 23 30 45 46 1180 1195 1196 2280 2296 2330 2345 2346 3696 4823 
m2710 23 38 45 1923 2273 2288 
m2351 22 37 46 1122 1137 1146 1872 2322 2346 4387 4396 4837 
m1404 22 45 46 1145 1146 2296 
m259 36 38 41 46 1936 1946 2336 2341 2346 4341 4836 4846 
m3335 23 36 40 46 49 1836 1840 1846 1849 2023 2036 2040 2046 2049 2323 2336 2473 2486 2490 2496 3686 4323 4336 4836 
m874 22 36 40 1122 1136 1140 2036 
m776 22 30 36 40 41 46 1136 1141 1146 1541 1822 1830 1841 2022 2046 2086 2096 2336 
m1964 22 23 30 36 40 46 1122 1123 1130 1136 1140 1146 1172 1173 1522 1523 1530 1540 1546 1822 1823 1830 1840 1846 2022 2023 2030 2036 2040 2046 2322 2323 2330 2340 2346 3696 4823 
m2632 13 36 40 41 686 690 691 1841 2036 2041 2063 2086 2090 2091 
m2137 22 36 40 1122 1136 1140 1822 2022 2036 
m1080 37 45 1895 
m2135 23 30 38 46 1188 1523 1530 1538 1923 1930 1946 2323 2330 2338 2346 
m437 13 33 45 2263 2283 3183 
m105 6 36 40 42 46 49 2006 2036 2042 2046 2049 2306 2336 2342 2349 2456 2486 2492 4306 4342 4606 
m2100 
m1159 14 45 46 2264 2296 2314 2346 4814 
m2433 18 45 2268 
m835 22 37 46 1122 1146 1872 2322 4396 
m197 3 45 153 2253 
m3348 30 40 45 46 2045 2046 2280 2296 2330 2345 4846 
m478 39 
m1695 23 32 45 46 1182 2273 2282 2296 2323 2332 2346 4823 
m2539 5 36 38 46 286 296 1905 1936 1946 4836 
m2369 14 22 46 722 746 2322 2346 
m900 13 16 3313 
m2611 22 23 36 40 49 1122 1123 1136 1140 1149 1173 1186 1190 1822 1823 1836 1849 2023 2036 2472 2473 2486 3673 3686 4323 4336 
m2865 11 13 33 563 583 661 1661 4163 
m909 22 44 46 1146 2222 2246 2344 2346 4846 
m1606 5 13 33 45 655 1655 1695 2255 2263 4163 
m2547 22 32 46 1122 1132 1146 2332 2346 
m2028 
m2430 32 1632 
m2523 13 36 40 46 696 1813 2013 2036 2040 2046 4346 
m2726 13 33 45 695 1695 4163 
m2241 40 46 2046 
m2862 22 30 39 1130 1139 1980 
m1639 22 23 36 40 41 46 1123 1136 1140 1146 1190 1822 1823 1836 1840 1841 2023 2036 2040 2041 2046 2072 2073 2086 2096 2322 2323 2336 2340 2341 2346 3673 3686 4323 4346 4823 
m2866 22 44 46 1144 1146 2222 2246 2322 2344 2346 4846 
m441 5 13 14 33 263 283 705 713 733 4163 
m2062 44 46 49 2344 2349 2494 
m1858 32 36 38 41 46 1641 1646 1932 1936 1941 1946 2332 2336 2341 2346 4136 4586 
m1117 45 2295 
m2610 13 14 22 672 722 3213 
m3134 15 45 795 
m2356 22 36 40 41 1141 2036 2086 2090 
m393 14 22 46 722 2314 2322 2346 4814 
m2366 23 36 40 46 48 1190 1823 1836 1840 1846 1848 2023 2036 2040 2046 2048 2336 2340 2346 2423 2436 2446 3686 3696 4323 4346 4823 4836 
m1898 22 36 45 1136 1145 1845 
m2311 22 23 30 36 40 46 49 1122 1123 1130 1136 1140 1146 1172 1173 1180 1186 1190 1196 1523 1530 1536 1540 1546 1822 1823 1830 1840 1846 2022 2023 2030 2036 2040 2046 2330 2346 2472 2473 2486 2490 3696 4336 4346 4823 
m1498 13 22 38 1113 1122 1138 1913 1938 
m1365 5 13 22 255 263 272 1105 1113 1122 
m113 32 38 46 1632 1646 1932 1938 1946 2332 
m664 45 46 2295 2345 2346 
m1661 5 36 45 286 295 1845 4336 
m2848 14 36 48 714 736 748 1836 1848 2448 
m3316 32 46 1632 1646 2332 
m2462 32 1632 
m2788 20 22 23 30 38 1022 1023 1030 1038 1123 1130 1172 1173 1180 1188 1520 1523 1538 1922 1923 1930 1938 3673 
m1183 30 36 40 46 48 1830 1848 2030 2036 2046 2330 2336 2346 2348 2430 
m414 22 40 46 1140 1146 2046 
m1490 22 45 46 1145 1146 2296 
m538 37 46 4396 
m1917 13 17 22 45 46 672 872 2263 2267 2295 2296 2313 2317 2322 3363 
m2362 22 44 46 1146 2344 2346 4846 
m1469 22 37 45 46 49 1137 1146 2272 2287 2296 2299 2472 2487 2496 4837 
m1160 14 40 46 2014 2040 2046 2314 2346 4814 
m129 
m1207 37 40 45 46 1890 2287 2290 2337 2340 2345 
m3322 19 46 969 996 2319 2346 
m1419 34 1734 
m2018 22 36 40 49 1149 1822 1849 2022 2036 2049 
m2134 22 37 45 46 1122 1137 1145 1146 1887 1895 1896 2287 2296 2337 
m2796 13 23 36 1186 1813 3663 
m723 22 44 46 1146 2246 2344 2346 4846 
m2875 22 44 46 1146 2344 2346 4846 
m757 36 40 41 1836 1840 1841 2036 2041 2086 2091 4336 4341 4586 
m918 32 36 38 41 46 1641 1646 1936 1941 1946 2332 2336 2341 2346 4136 4586 
m1024 32 44 46 1632 1644 1646 2344 
m137 22 32 46 1122 1132 1146 2332 2346 4846 
m560 37 1887 
m2509 9 36 46 459 486 496 1809 2309 2336 2346 4836 
m1294 30 46 2330 
m74 14 22 46 722 746 2322 2346 
m2478 5 36 45 46 49 286 296 299 1836 1846 1849 2255 2286 2296 2299 2336 2349 
m297 36 37 40 41 1841 1886 1890 1891 2036 2041 2086 2087 2090 2091 
m1279 22 26 44 46 1146 1322 1344 1346 2344 2346 4846 
m2259 11 13 33 45 563 583 595 695 1695 3183 
m2036 18 36 40 1818 2018 2036 
m2568 32 46 1632 1646 2332 2346 
m1622 5 37 46 255 1855 1887 1896 2305 2337 2346 4837 
m2701 14 40 46 714 746 2014 2040 2046 2314 2340 2346 3246 4814 
m833 22 23 30 36 39 40 41 1123 1130 1136 1140 1172 1173 1180 1186 1190 1523 1536 1540 1822 1823 1830 1836 1840 1972 1973 1980 1986 1990 2022 2023 2030 2036 2072 2073 2080 2086 2089 2090 2091 3673 4323 
m257 5 14 32 705 1605 1614 
m198 11 13 46 563 2311 2313 
m340 17 22 41 46 872 891 1141 2322 2341 4817 
m570 22 45 46 1145 1146 2296 
m1643 45 46 2296 2345 2346 
m3394 5 13 22 38 46 655 696 1113 1146 1905 1913 1922 1946 2305 
m3355 22 45 46 1145 2322 2345 
m1145 14 45 714 745 2264 2295 
m592 17 33 38 45 895 1695 1917 1933 1938 1945 3383 
m390 10 22 44 46 546 1110 1144 1146 2210 2246 2310 2344 2346 4846 
m3127 22 36 40 46 48 1822 2022 2036 2322 2336 2340 2436 2440 2446 
m1319 22 37 40 46 1140 1146 1872 1890 2340 4396 
m3086 33 45 46 2283 2296 2333 2346 4833 4846 
m3247 26 38 46 1926 1946 2326 
m1765 13 22 33 36 40 46 1113 1122 1133 1136 1140 1146 1813 1833 1840 1846 2013 2022 2033 2036 2040 2046 2313 2333 4163 
m2209 22 23 30 36 40 45 46 1122 1123 1130 1136 1140 1145 1146 1172 1173 1180 1190 1196 1522 1523 1536 1540 1545 1546 1822 1823 1830 1836 1840 1845 1846 2022 2023 2030 2036 2040 2045 2046 2272 2273 2280 2286 2290 2296 2322 2323 2330 2336 2340 2345 2346 4823 
m887 37 46 1896 
m2229 37 46 2346 4396 4837 
m1576 36 40 46 1840 2036 2040 2046 2340 4346 
m226 13 22 38 1113 1913 1922 
m3217 26 45 46 1326 1345 1346 2276 2296 2326 
m1997 22 46 1122 1146 
m1812 36 37 40 46 1837 1846 2036 2037 2040 2046 2337 2346 4346 
m2106 14 40 46 49 2014 2040 2046 2314 2346 2464 2490 2496 4814 
m133 22 44 46 1146 2322 2344 2346 4846 
m635 22 36 40 46 1122 1136 1140 1146 1840 2022 2040 2046 2322 2336 2340 2346 
m1604 23 30 36 46 1173 1180 1186 1196 1523 1530 1536 1546 1823 1830 1836 1846 2323 2330 2336 2346 3696 4823 4836 
m374 23 30 33 46 1180 1523 1530 1533 1546 1680 2330 2333 4173 4823 
m228 45 
m381 33 45 1695 
m1660 14 36 40 45 46 736 740 745 1840 1845 1846 2036 2045 2046 2286 2296 2336 3246 4336 
m3395 22 36 45 1136 1145 1845 
m1877 13 36 46 49 699 1849 2313 2349 4313 4836 
m1326 13 33 46 1696 2313 4163 
m2556 23 45 46 1195 2323 2345 4823 4846 
m3189 36 40 1836 1840 2036 2040 4336 
m446 22 45 1145 
m661 22 23 30 1122 1123 1130 1172 1173 1180 1523 3673 
m3326 22 36 40 1122 1136 1140 2022 2036 2040 
m624 14 32 714 732 
m3383 13 33 4163 
m1804 32 37 46 1882 2332 2337 
m2262 13 22 33 36 40 672 686 690 1113 1122 1133 1136 1140 1672 1686 1690 1822 1840 2022 3183 
m563 36 45 46 2286 2295 2296 2336 2346 4836 
m1275 23 30 46 49 1180 1199 1549 2323 2330 2346 2349 2473 2496 
m1520 22 23 30 1122 1123 1130 1172 1173 1180 1522 1523 1530 3673 
m1672 5 30 45 46 280 2255 2280 2296 2305 2330 
m1724 46 2346 
m1350 5 45 295 
m520 26 45 46 1345 1346 2345 
m1120 13 36 46 49 1813 2313 2336 2346 2349 2463 2486 2496 4813 
m1008 22 44 46 1144 1146 2246 2344 2346 4846 
m2121 22 23 30 36 40 46 1122 1123 1130 1136 1140 1146 1172 1173 1522 1523 1530 1540 1546 1822 1823 1830 1840 1846 2022 2023 2030 2036 2040 2046 2322 2323 2330 2340 2346 3696 4823 
m2891 40 46 2040 2046 
m1222 22 45 1122 1145 2272 
m298 23 45 1173 1195 2273 2295 
m2584 22 32 46 1122 1132 1146 1622 1632 1646 2322 2332 2346 
m1860 10 32 46 1610 1632 1646 2310 2346 
m3370 22 33 46 1122 1133 1146 1672 1683 1696 2322 2333 2346 4833 
m1057 
m1210 22 23 30 36 40 1122 1123 1130 1136 1172 1173 1180 1186 1190 1522 1523 1530 1536 1540 1822 1823 1830 1840 2022 2023 2030 3673 
m2630 22 36 46 1122 1136 1146 1822 1846 2322 
m63 14 46 47 747 2346 2347 4814 
m3053 13 33 45 2263 2283 4163 
m498 46 
m2014 32 1632 
m3243 22 44 46 1146 2222 2244 2246 2322 2344 2346 4846 
m2655 14 22 44 46 1114 1144 1146 2214 2246 2314 2322 2344 2346 3246 4846 
m10 18 46 918 946 2318 2346 
m35 22 30 45 1122 1130 1145 1522 2272 2280 
m2558 26 32 36 38 46 1332 1336 1346 1832 1926 1932 1936 1946 2332 2336 2346 4836 
m3356 22 46 1146 
m2616 22 23 36 40 1122 1123 1136 1140 1173 1823 1840 2023 2040 3673 
m1174 13 33 663 683 1663 1683 3183 4163 
m62 23 26 32 46 1182 1323 1332 1346 2323 2332 
m306 11 45 595 
m405 
m291 22 37 38 45 46 1872 1922 1937 1945 1946 2272 2287 2296 2322 4837 
m454 5 11 15 33 38 46 565 583 588 596 755 1655 1696 1915 1933 1946 2305 2315 4165 
m283 23 38 1923 1938 
m1296 22 23 30 36 40 46 48 1122 1123 1130 1136 1140 1146 1148 1172 1173 1522 1523 1530 1540 1546 1822 1823 1830 1840 1846 2022 2023 2030 2036 2040 2046 2322 2323 2330 2340 2346 2430 2436 2440 2446 3696 4823 
m2808 14 49 2464 
m1528 5 45 46 2255 2296 2305 
m1565 22 23 30 1122 1123 1130 1172 1173 1180 1522 1523 1530 3673 
m1416 22 30 36 1136 1536 
m939 14 22 36 40 46 722 1814 1822 1836 1840 1846 2014 2022 2036 2040 2046 2314 2322 2340 2346 3246 4314 4346 4836 
m1718 5 22 44 46 272 296 1144 1146 2246 2305 2344 2346 4846 
m1154 14 40 46 2014 2040 2046 2314 2346 4814 
m438 37 46 2337 
m3329 45 46 2296 2345 4846 
m2157 22 23 36 40 41 1122 1123 1136 1140 1141 1172 1822 1823 1836 1840 1841 2022 2023 2036 2040 2041 2072 2073 2086 3686 
m496 22 46 2322 2346 
m2859 22 45 46 1122 1146 2272 2295 2296 2322 2346 4846 
m3302 31 45 2281 
m1441 7 22 46 1107 1122 1146 2307 2346 
m472 23 32 46 1182 2323 2332 2346 3696 4823 
m1204 5 22 30 37 46 272 280 287 296 1522 1537 1855 1872 1880 1887 1896 2305 2322 2330 2337 2346 4387 4837 
m857 22 46 1146 
m1641 14 32 36 44 46 736 1614 2214 2232 2236 2314 2332 2336 2344 4136 4846 
m3166 36 46 49 2336 2349 2486 
m718 26 46 1326 1346 
m1746 36 37 40 41 46 1837 1840 1846 1890 2087 2090 2096 2340 4396 4586 
m673 23 38 46 1188 1923 1938 1946 2338 2346 3696 4823 
m1941 36 49 1836 1849 2499 
m345 36 45 1845 
m2172 12 38 45 46 645 1912 1946 2345 4812 
m3001 26 33 45 1333 1345 1695 
m1004 14 40 46 49 2014 2046 2314 2346 2464 2490 2496 4814 
m1706 6 42 46 346 2146 2842 
m3236 14 38 738 
m1392 23 45 46 1195 2323 2345 3673 
m2708 30 36 46 49 1830 2330 2336 2480 2486 2496 
m581 44 46 49 2246 2494 2496 
m2032 12 23 30 36 41 612 630 636 641 1191 1523 1541 1812 1823 1830 1836 1841 2062 2073 2086 3123 
m2148 18 46 2318 
m1678 23 30 46 1196 1523 1530 1546 2323 2330 2346 3696 4823 
m1304 13 38 46 663 696 1913 1946 
m261 14 26 32 726 1614 1626 
m1554 
m2919 14 22 1114 1122 
m2756 23 30 36 41 1523 1823 1830 2073 2080 3673 4323 4586 
m1405 14 
m1040 22 23 30 1123 1173 1522 1523 3673 
m2228 30 36 40 45 46 1830 1845 2030 2036 2040 2045 2046 2280 2330 2345 4346 
m2391 22 44 46 1146 2344 2346 4846 
m404 37 45 46 1895 2345 4837 
m2323 30 46 2330 
m2467 23 
m1277 36 45 46 49 1845 2336 2345 2346 2349 2486 2495 2496 
m1009 22 44 46 1144 1146 2246 2322 2344 2346 4846 
m2638 
m3258 22 32 36 40 46 49 1622 1646 1822 1832 1836 1840 1846 1849 2032 2036 2046 2322 2482 2486 2490 2496 4332 
m1395 14 32 40 46 732 1632 1646 2014 2032 2046 2332 3246 
m2676 22 44 46 1122 1144 1146 2344 2346 4846 
m150 37 46 4396 
m2772 37 40 46 2037 2046 4837 
m2581 12 32 612 1612 
m2741 40 45 46 2040 2045 2046 2345 
m59 45 46 2295 2345 2346 
m2024 22 23 31 46 49 1123 1146 1196 1572 1573 1596 2323 2346 2473 2481 2496 4846 
m810 32 45 1645 
m1826 22 23 30 41 1122 1123 1130 1172 1173 1180 1191 1522 1523 1541 2072 2073 2080 3673 
m2406 14 21 46 721 746 1096 
m43 38 46 1938 1946 
m2336 26 37 46 49 1337 1346 1349 1899 2337 2349 2487 2499 4387 
m2413 22 44 46 1144 1146 2344 2346 
m1783 13 22 33 49 699 1113 1122 1149 1672 1699 4163 
m159 5 13 33 36 49 263 283 1805 1813 1833 1849 2455 2463 2483 4163 
m161 45 46 2295 2296 2345 2346 4846 
m1375 13 46 47 696 2363 2396 
m2515 22 45 1145 
m2455 22 23 30 1122 1123 1130 1172 1173 1180 1522 1523 1530 3673 
m3387 22 37 46 1872 2322 2337 
m546 5 45 46 2255 2296 2305 
m530 12 32 46 632 2332 4812 
m844 23 36 3686 
m2252 12 46 612 2312 2346 4812 
m1285 22 45 46 49 1146 1149 2272 2296 2299 2349 2472 2495 2496 
m1552 22 36 40 41 46 48 1136 1140 1141 1148 1836 1848 2036 2048 2086 2090 2098 2322 2336 2340 2341 2348 4336 
m31 22 30 40 46 1130 2022 2030 2040 2046 2322 2330 2346 
m233 14 23 30 46 714 723 730 746 1180 2314 2323 2330 2346 3223 4814 4823 
m2488 33 46 49 1696 1699 2349 
m2652 26 46 1326 1346 2346 
m671 14 40 740 
m1451 14 45 46 745 746 2345 
m2740 45 46 2345 2346 
m1792 23 30 45 46 1195 1523 1545 1546 2295 2345 4823 
m3119 13 22 46 1113 1122 2322 4813 
m1658 12 22 36 622 1112 1122 1136 1822 4312 
m1962 45 46 2296 2345 4846 
m818 22 23 36 39 41 1123 1136 1972 1973 1986 1991 2072 2073 3673 4323 4586 
m551 37 38 40 46 1890 1937 1938 1946 2340 4837 
m2618 22 23 36 38 40 41 46 1136 1138 1140 1146 1923 1936 1940 1946 2022 2036 2038 2046 2072 2090 2323 4323 4836 
m2409 14 36 40 46 1846 2014 2036 2040 2046 4314 4814 
m3079 41 
m2657 21 23 46 1171 2321 2323 
m2732 22 40 46 1140 1146 2046 
m427 2 45 46 2252 2296 2302 
m585 36 49 1836 1849 
m1699 13 22 45 46 696 1113 1146 2263 2272 2296 
m2101 
m1286 22 45 1122 1145 2272 2295 
m899 11 45 595 
m2800 22 45 46 1122 1145 1146 2272 2295 2296 2345 
m2309 13 22 38 672 1113 1138 1913 1922 
m109 22 23 30 38 1122 1123 1130 1138 1172 1173 1188 1522 1523 1530 1538 1922 1923 3673 
m2752 22 37 46 1137 1146 4837 
m2343 13 22 36 40 41 1113 1136 1140 1813 1840 2013 2063 2072 2086 2090 
m153 37 38 1888 1937 1938 
m2045 23 36 40 41 1173 1186 1190 1191 1823 1840 2023 2036 2073 2086 2090 3673 4323 4336 4586 
m107 22 23 30 36 40 1122 1123 1136 1140 1522 1523 1536 1540 1822 1823 1840 2022 2023 2030 2036 2040 4323 4336 
m317 37 
m2247 22 44 46 1146 2344 2346 4846 
m565 26 46 49 1346 1349 2346 2496 2499 
m553 36 38 48 1838 1848 1936 1948 2436 2438 2448 
m2414 22 23 30 45 46 1123 1130 1145 1146 1196 1523 1545 1546 2273 2280 2295 2296 2323 2346 4823 4846 
m2381 10 36 46 1810 2310 2346 4836 
m1385 26 32 36 46 1332 1336 1346 1832 2332 2336 2346 4836 
m2987 22 37 41 46 1122 1137 1141 1146 1891 2341 4837 
m725 13 32 38 46 682 1913 1932 1946 2313 2332 
m369 14 46 2346 4814 
m769 30 36 46 49 1536 1549 1849 2330 2336 2346 2349 
m1457 10 32 46 1610 1646 2310 
m445 10 46 2310 
m1702 22 36 37 46 49 1136 1137 1146 1149 1846 1849 1886 1899 2349 4396 
m1611 14 46 746 2346 3246 
m679 32 37 45 46 1637 1645 1895 2332 2337 2345 
m2457 32 37 38 46 1637 1646 1932 1946 2332 2337 2346 4837 
m590 13 22 36 38 40 41 1113 1136 1138 1140 1141 1813 1840 1913 1922 1936 1938 1940 1941 2013 2063 2086 2088 2090 
m785 22 23 36 38 40 1123 1136 1138 1140 1173 1922 1923 1936 1938 1940 2023 2036 2038 3686 
m170 14 32 46 732 2314 2332 2346 4814 
m3294 22 37 40 46 1872 2037 2046 2322 2337 2346 4837 
m1897 37 46 4837 
m1564 36 45 46 1845 2286 2295 2345 4836 
m1676 22 36 40 46 1122 1136 1140 1146 1840 2036 2040 2336 2340 
m890 17 46 2317 2346 4817 
m1411 14 36 40 49 749 1814 1849 2014 2036 
m399 
m2868 22 44 46 1146 2322 2344 2346 4846 
m3283 26 36 46 49 1326 1336 1346 1349 1826 1846 1849 2326 2476 2496 
m650 23 30 45 46 1195 1523 1545 1546 2323 2330 2345 2346 3696 4823 4846 
m2271 23 45 46 1195 2323 2345 
m182 14 22 40 46 1114 1146 2014 2022 2040 2046 2314 2346 4814 4846 
m515 22 44 45 46 1144 1145 1146 2294 2296 2344 2346 
m1252 5 23 27 41 273 291 1355 1373 1391 2073 3673 
m403 36 45 46 1845 2336 2345 
m2774 33 45 1695 2283 2295 
m2916 22 36 41 46 49 1136 1141 1849 2086 2099 2322 2336 2341 2349 4336 
m3121 14 714 
m3066 
m1523 13 38 46 1913 1946 4813 
m486 45 2295 
m1030 22 37 46 1137 1146 4837 
m1352 12 45 46 645 2345 4812 
m2683 22 36 37 40 46 1122 1136 1137 1140 1146 1822 1837 1840 1846 1872 2022 2037 2046 2322 2336 2340 2346 4396 4837 
m3078 13 33 46 2313 2333 4163 
m3177 12 26 34 45 46 634 645 1312 1334 1345 1346 1734 2284 2334 2345 4812 
m755 22 33 46 1133 1146 2333 
m1297 5 13 14 23 33 655 705 713 1155 1163 1164 1183 1655 1664 4163 
m2531 13 38 688 1913 1938 
m1444 22 37 1122 1137 1872 1887 
m840 32 1632 
m323 13 33 46 1663 1683 2313 2333 4163 4833 
m1093 5 23 36 45 286 295 1155 1186 1195 1845 4336 
m550 23 30 40 45 46 1173 1180 1523 2023 2030 2046 2273 2280 2290 2296 2323 2330 3673 4823 
m2541 5 32 255 1605 1632 
m655 23 30 46 1196 1523 1530 1546 2323 2330 2346 3696 4823 
m2793 40 44 46 2044 2046 2344 
m946 45 46 2296 2346 
m168 26 38 46 1326 1346 1926 1946 2326 4846 
m822 40 45 2045 
m2307 5 26 30 37 46 1337 1346 1505 1855 1880 2305 2330 2337 2346 4837 4846 
m2754 23 32 42 1182 1192 1642 
m1859 38 45 1938 1945 2288 2295 
m3279 12 26 45 46 645 1312 1345 1346 2345 4812 
m130 5 36 37 38 45 46 286 295 1845 1855 1886 1895 1937 1938 1946 2305 2336 2337 4336 
m2692 14 22 40 46 722 746 2014 2022 2046 2322 
m3333 26 44 46 49 1344 1346 2246 2476 2494 2496 
m1685 36 40 45 1845 2036 2045 
m2365 22 26 44 46 1146 1322 1346 2344 2346 4846 
m1738 36 41 46 49 1841 1846 2341 2346 2486 2496 
m3244 12 36 46 49 649 1812 1849 2336 2349 4812 
m866 13 33 4163 
m817 5 14 36 264 286 4314 
m428 13 20 22 33 36 40 670 672 686 690 1022 1033 1036 1040 1672 1686 1690 1822 1840 2022 2036 3183 3536 4336 
m3300 14 36 46 49 714 736 746 1814 1836 1846 1849 2314 2336 2346 2349 2464 2486 2496 3246 4814 
m352 11 13 45 563 595 695 
m2334 44 46 2344 2346 
m1290 22 44 46 1146 2344 2346 4846 
m3009 22 45 46 1146 2272 2296 
m147 7 26 46 1307 1346 2307 2346 
m44 10 30 36 37 46 1510 1536 1546 1810 1860 1880 1886 1896 2310 2346 4836 
m2674 5 7 36 46 49 286 296 299 355 386 396 1836 1849 2336 2346 2349 2486 2499 4836 
m121 5 37 45 46 1855 2255 2287 2296 2305 4837 
m2659 38 
m280 44 46 2244 2246 2344 2346 
m1840 28 36 1828 1836 
m1772 44 46 49 2344 2349 2494 
m398 11 45 595 
m2289 22 44 46 1146 2246 2344 2346 4846 
m1231 14 40 46 49 2014 2040 2046 2314 2346 2464 2490 2496 4814 
m2350 40 45 2045 
m1644 22 40 45 46 1140 1146 2272 2290 2296 2340 
m1474 14 22 38 46 738 1114 1138 2314 2322 2338 2346 4814 
m536 34 45 2284 
m1464 12 13 22 36 40 622 636 640 672 686 690 1112 1113 1122 1136 1140 1822 2022 2036 3162 
m2424 22 44 46 1144 1146 2246 2344 2346 4846 
m965 30 45 46 2280 2296 2330 2346 
m938 45 46 2295 2296 2346 
m126 22 37 40 46 1137 1140 1146 1890 2022 2037 2040 2046 2337 2340 2346 4837 
m2260 8 46 2308 2346 4846 
m3246 37 41 46 2087 2096 4837 
m193 36 38 1936 
m1668 36 45 46 1845 2345 4836 
m606 22 32 36 37 40 1122 1136 1137 1140 1622 1636 1637 1640 1822 1872 1886 1890 2022 2036 
m3063 36 38 40 45 1838 1936 1938 1940 2036 2038 2286 2288 
m1443 22 37 1122 1137 1887 
m2498 22 23 30 1122 1123 1130 1172 1173 1180 1522 1523 1530 3673 
m2485 14 46 714 746 2346 3246 
m1034 22 30 46 1130 1146 2322 2330 2346 
m3195 22 23 30 46 1122 1123 1130 1146 1180 1523 1530 1546 2330 2346 4823 
m638 30 38 45 46 1930 1945 1946 2280 2296 2330 
m2957 22 23 1122 1123 1172 
m523 22 30 36 40 1136 1140 1522 1536 1822 1830 1836 1840 2022 2030 2036 2040 4336 
m641 36 46 2336 
m2174 13 22 32 45 682 1113 1132 1145 2263 2282 
m313 23 30 33 46 1180 1523 1530 1533 1546 1680 2323 2330 2333 2346 4173 4823 
m260 22 36 40 46 49 1146 1822 1840 1846 1849 2036 2046 2049 2322 2340 2472 2496 4846 
m798 26 33 46 49 1333 1346 1349 2349 2483 4833 
m820 22 23 30 41 49 1123 1130 1173 1523 2072 2073 2080 2472 2473 2480 2491 3673 
m3211 22 37 40 46 1137 1146 2022 2037 2046 4837 
m2387 22 38 44 46 1146 1922 1944 1946 2344 2346 4846 
m927 45 
m1170 5 45 46 2255 2305 2345 2346 
m675 32 46 2332 2346 
m2658 22 46 49 1149 2322 2346 2349 
m598 3 32 36 41 46 186 191 1603 1641 2303 2332 2336 2341 4136 4586 
m3115 8 46 408 446 2308 2346 
m510 12 17 46 612 2312 2317 2346 3117 4812 
m1152 13 46 696 
m2615 28 32 36 38 40 46 1628 1632 1636 1640 1646 1828 1832 1836 1932 1936 1940 1946 2028 2032 2036 2040 2046 2328 2332 2336 4136 4332 4836 
m1750 23 36 40 41 1186 1190 1191 1840 1841 2036 2040 2041 
m1976 40 46 2040 2046 2340 
m3075 13 22 33 36 40 672 686 690 1113 1133 1136 1140 1672 1686 1690 1822 2022 2036 3183 
m794 22 23 30 46 1122 1123 1130 1146 1180 1523 1530 1546 2330 2346 4823 
m2296 27 46 49 2327 2346 2477 2496 
m2514 5 14 38 45 46 705 745 1905 1914 1945 1946 2255 2305 2345 4814 
m2905 13 22 33 36 40 46 672 686 690 1113 1122 1133 1136 1140 1672 1686 1690 1822 2022 2036 2313 2322 2333 2336 2340 3183 
m1692 45 46 2296 
m2543 22 46 1122 1146 
m940 45 46 2295 2296 2346 
m2348 5 14 26 33 45 264 276 283 726 1676 2255 2264 2276 2283 3233 
m720 22 44 46 1146 2344 2346 4846 
m1006 22 23 36 40 41 46 1122 1123 1136 1140 1146 1190 1191 1822 1823 1836 1840 1841 1846 2022 2023 2036 2040 2041 2046 2323 2336 2340 2341 3673 3686 4323 4336 
m2207 45 46 2296 2346 
m559 23 46 2323 2346 3696 4823 4846 
m1127 47 
m2612 13 22 46 672 2322 4813 
m2064 
m774 26 32 36 46 1332 1336 1346 1832 2332 2336 2346 4836 
m421 2 27 36 40 46 1352 1386 1396 1802 2002 2027 2036 2046 2302 4836 
m1163 37 46 2337 2346 4837 4846 
m2812 22 44 46 1146 2222 2246 2322 2344 2346 4846 
m2183 36 37 40 46 48 1848 1886 1890 1896 2036 2040 2046 2048 2336 2340 2346 2348 4396 4836 
m915 22 44 46 1146 2344 2346 4846 
m46 22 36 41 1122 1136 1141 1822 2072 4586 
m1112 30 36 40 46 49 1549 1830 1836 1846 1849 2030 2036 2040 2046 2049 2330 2349 2480 2499 
m2662 3 30 153 180 1503 1530 
m2317 37 
m1113 37 46 4837 
m802 22 46 1122 1146 
m1425 49 
m542 13 36 38 46 49 699 1849 1913 1936 1946 1949 2313 2349 3186 4836 
m706 22 44 46 1144 1146 2246 2322 2344 2346 4846 
m3003 40 45 46 2046 2290 2296 2340 2346 
m2635 32 36 46 49 1632 1636 1649 1849 2332 2336 2346 2349 
m3092 38 46 1946 
m1938 14 26 32 46 726 732 746 1314 1326 1332 1346 1626 1646 2326 
m36 12 23 36 41 46 636 1823 2062 2073 2096 2336 3123 4586 4812 4823 
m468 32 36 46 49 1849 2332 2336 2346 2349 2482 4332 
m1679 14 36 49 736 749 1849 2486 2499 4336 
m826 14 22 41 46 741 1114 1141 2314 2322 2341 2346 4814 
m819 14 33 4164 
m2042 13 22 33 36 40 672 686 690 1113 1122 1133 1136 1140 1672 1686 1690 1822 2022 2036 3183 
m1391 45 46 2296 
m2828 22 23 30 36 40 41 46 1122 1123 1130 1136 1140 1141 1146 1191 1523 1536 1541 1546 1841 1846 2023 2030 2036 2040 2041 2046 2072 2073 2091 2341 3696 4323 
m2605 32 36 38 41 46 1641 1646 1932 1936 1941 1946 2332 2336 2338 2341 2346 4136 4586 
m1906 22 26 38 46 1122 1146 1322 1338 1346 1922 1938 1946 2322 
m2047 22 36 37 40 46 1122 1136 1137 1140 1146 1822 1836 1837 1840 1846 1890 2022 2036 2037 2040 2046 2322 2336 2337 2340 2346 4837 
m1518 22 23 30 36 40 41 46 1122 1123 1130 1136 1140 1141 1146 1191 1523 1536 1541 1546 1841 1846 2023 2030 2036 2040 2041 2046 2072 2073 2091 2341 3696 4323 
m1684 32 38 46 49 1649 1932 1949 2332 2338 2346 2349 4846 
m2573 37 38 41 46 1937 1938 1941 1946 2087 2096 4837 
m1522 5 45 46 2255 2295 2296 2305 2345 
m1868 40 46 2046 2340 2346 4846 
m1594 12 22 23 36 40 45 46 49 622 623 636 640 645 649 1123 1136 1140 1145 1195 1822 1823 1840 1845 1849 2012 2023 2036 2045 2046 2049 2322 2323 2336 2345 2349 2472 2473 2486 2490 2495 3136 4323 4336 4812 
m1116 22 41 46 1141 1146 2341 
m548 14 32 36 41 46 736 741 1614 1641 2314 2332 2336 2341 4136 4586 
m600 32 46 2332 
m2358 22 23 36 40 46 1122 1123 1136 1140 1146 1172 1186 1190 1196 1822 1836 2022 2036 2040 2046 2322 3686 4346 
m87 12 45 46 645 2312 2345 
m2404 30 36 40 46 49 1549 1830 1836 1846 1849 2036 2040 2046 2049 2330 2349 2480 2499 
m584 41 
m1918 13 46 4813 
m747 12 41 45 46 2062 2096 2262 2291 2296 4812 
m3056 22 36 37 40 46 1122 1136 1137 1140 1146 1837 1840 1890 2036 2037 2040 2322 2336 2337 2340 2346 4837 
m1948 14 46 714 746 2314 2346 4814 
m2761 23 30 36 1180 1530 1823 1830 
m1011 44 46 2246 2344 2346 4846 
m554 5 36 40 46 255 1805 1846 2005 2036 2040 2046 2305 2346 4346 
m2950 32 36 1832 4336 
m3107 32 36 1832 
m1050 22 30 36 41 1122 1130 1136 1530 1536 1541 1830 2080 4586 
m211 22 38 44 46 1146 1922 1946 2344 2346 4846 
m622 22 36 41 49 1136 1141 1822 1849 2072 2086 2091 2099 2472 2486 4336 
m1567 36 38 46 1936 1946 2336 2338 2346 4836 
m184 14 30 46 730 2330 4814 
m1631 38 46 1946 
m3343 22 26 36 45 46 1126 1136 1146 1336 1345 1346 1845 2336 2345 2346 4836 
m1053 36 1836 
m1462 45 2295 
m2415 32 36 46 1832 2332 2336 2346 4836 
m2667 36 
m1370 14 49 2464 
m2410 22 44 46 1146 2344 2346 4846 
m2136 12 45 645 2295 
m1105 22 44 46 1146 2344 2346 4846 
m3122 14 22 36 40 722 736 740 1114 1122 1136 1140 1822 2022 2036 
m3357 46 
m2595 14 22 23 36 723 1114 1123 1136 1186 3236 
m402 6 14 32 36 49 706 714 732 736 749 1606 1636 1806 2456 2482 2486 
m1714 22 26 44 46 1122 1144 1146 1322 1326 1344 1346 2344 2346 4846 
m2131 45 46 2296 
m2010 22 44 46 1146 2344 2346 4846 
m1282 32 36 1832 
m2472 22 23 30 45 46 1122 1123 1130 1145 1146 1195 1522 1523 1530 1545 1546 2273 2280 2295 2296 2322 2330 2345 2346 3696 4823 
m1810 37 41 46 2087 2096 4837 
m540 26 38 45 46 1338 1345 1346 1938 1945 2288 2338 2345 
m232 22 40 44 46 1140 1144 1146 2022 2040 2044 2046 2222 2240 2246 2322 2340 2344 2346 4846 
m1645 34 46 2334 
m2678 22 23 36 40 41 1122 1123 1136 1140 1141 1186 1190 1836 1840 2036 2040 2072 2073 2086 3686 
m2587 22 40 44 46 1146 2022 2044 2046 2344 2346 4846 
m3108 15 22 46 772 2322 4815 
m763 11 13 33 39 563 583 589 689 1983 3183 
m1175 26 33 46 1676 1696 2326 2333 2346 
m2469 22 45 46 1145 1146 2296 
m1657 26 46 1346 
m910 22 44 46 1146 2246 2344 2346 4846 
m3065 38 40 45 46 1946 2038 2046 2288 2290 2296 
m735 36 1836 
m1819 13 22 46 1113 2313 2322 
m526 36 41 45 1845 2095 2295 4586 
m84 23 38 1923 3673 
m299 22 37 41 46 1137 1141 1146 2087 2096 4837 
m3345 46 
m152 36 38 1838 1936 1938 
m701 5 32 46 255 282 2305 2332 
m2109 29 
m3280 30 45 46 2280 2296 2330 2346 4846 
m792 14 32 732 1614 1632 
m711 22 44 46 1146 2322 2344 2346 4846 
m279 23 36 45 1186 2273 2286 2295 3673 3686 
m434 11 13 33 45 563 583 595 2263 2283 3183 
m2569 16 45 46 845 2345 4816 
m3314 36 37 39 40 41 46 49 1837 1839 1840 1841 1846 1849 1889 2037 2039 2046 2087 2089 2090 2096 2487 2490 2491 4396 4839 
m566 27 32 38 46 1382 1396 1927 1932 1946 2332 
m3350 22 44 46 1146 2222 2244 2246 2344 2346 4846 
m2188 11 13 33 563 583 3183 
m2385 22 38 44 46 1146 1922 1946 2344 2346 4846 
m450 22 36 45 46 1136 1146 1845 1846 2336 2345 2346 4836 4846 
m914 22 44 46 1146 2222 2244 2246 2344 2346 4846 
m2640 37 46 4837 
m1623 5 36 45 46 286 295 1845 2255 2286 2295 2305 2336 2345 4336 
m2128 5 13 22 26 33 46 263 283 672 1305 1313 1322 1333 1346 1672 2305 2313 2322 2333 4163 
m341 27 49 1399 
m2883 23 36 40 46 49 1836 1840 1846 1849 2023 2036 2040 2046 2049 2323 2336 2473 2486 2490 2496 3686 4323 4336 4836 
m2576 5 36 44 46 49 286 296 299 1849 2205 2236 2246 2249 2346 2349 2455 2486 2494 2496 4836 
m1332 26 46 1326 1346 2346 
m700 22 44 46 1144 1146 2246 2322 2344 2346 4846 
m247 22 30 46 1130 1146 2330 
m2397 40 46 2046 2346 
m1315 14 45 46 714 745 746 2345 4814 
m601 13 22 38 1113 1122 1138 1913 
m2475 36 38 41 1838 2088 4341 
m2141 23 30 36 49 1180 1199 1549 1823 1830 1849 
m2951 14 714 
m3287 36 40 41 1840 1841 2036 2040 2041 4336 
m1924 21 23 45 1171 2271 2273 
m2835 22 23 30 36 40 41 46 1122 1123 1130 1136 1140 1141 1146 1191 1523 1536 1541 1546 1841 1846 2023 2030 2036 2040 2041 2046 2072 2341 3696 4323 
m2744 22 37 46 1872 2322 4396 
m631 33 37 46 1883 1896 4833 
m1337 36 38 40 41 1841 1941 2036 2041 2086 2090 2091 
m2718 27 36 46 48 1827 2327 2336 2436 2446 
m1074 17 45 895 2267 2295 
m3282 45 46 2295 2296 2345 4846 
m751 22 23 30 45 1123 1130 1145 1173 1180 1523 1530 2273 2280 3673 
m539 5 14 26 45 705 745 1305 1314 1345 2255 
m1790 13 22 36 40 672 686 690 1113 1122 1136 1140 1822 2022 2036 
m1527 46 
m3025 5 22 36 38 46 49 272 286 296 299 1149 1822 1849 1905 1936 1946 2322 2346 2349 4836 
m605 14 
m1148 13 25 38 46 675 1913 1946 2313 2325 
m1609 22 28 38 46 1138 1146 1928 1938 2328 2338 
m215 23 45 1195 
m1762 46 
m2108 23 32 38 46 1182 1188 1196 1923 1938 1946 2332 2338 2346 3696 4823 
m488 23 38 45 1195 1923 1945 3673 
m656 16 32 46 832 2332 4816 
m3007 13 22 33 36 40 672 1113 1122 1133 1136 1140 1672 1813 1822 1833 1840 2013 2022 2033 4163 
m2845 14 36 38 46 48 736 746 748 1848 1914 1936 1938 1946 1948 2314 2336 2338 2346 2348 
m3151 33 36 41 1686 2083 4586 
m531 22 46 1122 1146 2322 2346 
m815 45 49 2295 2299 
m490 46 
m229 22 40 44 46 1140 1144 1146 2040 2046 2222 2240 2246 2322 2340 2344 2346 4846 
m1221 17 46 49 896 899 2317 2346 2349 
m1387 23 30 38 41 46 49 1173 1523 1930 1938 1946 1949 2073 2080 2323 2330 2341 2480 2491 2496 3673 
m142 22 36 40 41 49 1136 1140 1141 1822 1836 1840 1841 2036 2072 2086 2090 2091 2486 2491 4336 
m2719 14 30 40 46 1514 1546 2014 2030 2040 2046 2314 2346 4814 
m1671 5 22 37 46 255 1105 1137 1146 1855 1887 1896 2305 2322 2337 2346 4837 
m2589 23 30 45 1180 1195 1523 1530 1545 2273 2280 2295 3673 
m2887 46 
m2885 40 46 49 2040 2046 2340 2490 2496 
m658 5 13 22 45 46 655 1113 1145 1146 2255 2263 2296 2305 2313 
m1825 23 45 1195 2295 
m462 37 46 2337 
m780 22 38 46 1146 1922 1946 
m97 5 14 46 705 2305 2314 
m1097 13 22 40 46 1113 1122 1146 2013 2022 2046 2313 
m375 23 30 33 46 1180 1523 1530 1533 1546 1680 2330 2333 4173 4823 
m1289 17 46 2317 2346 4817 
m181 13 22 33 36 40 1113 1122 1133 1136 1140 1686 1690 1813 2013 2036 4163 
m1821 33 36 46 1686 2333 2336 2346 4833 
m2932 45 46 49 2295 2299 2345 2349 
m2214 12 36 46 49 649 1849 2336 2349 3136 4812 
m1083 37 45 46 1895 2345 4837 
m2169 5 46 2305 
m2273 14 32 46 1614 2314 2332 
m1038 22 37 45 49 1122 1137 1145 1149 1899 2287 2299 
m1923 22 35 46 1135 1146 2322 2335 2346 
m1818 11 13 14 37 563 564 587 737 1863 1864 3213 4363 4387 
m328 21 36 41 1821 2071 4341 
m1363 8 
m2346 46 
m240 5 13 33 36 46 263 283 1805 1813 1833 2305 2313 2333 4163 4836 
m266 22 1122 
m195 22 36 46 49 1149 1822 1836 1846 1849 2322 2349 2472 2486 2499 4836 
m2724 40 45 46 2046 2290 2296 
m902 37 
m433 14 45 745 2264 2295 
m163 22 44 46 1146 2344 2346 4846 
m3219 23 36 41 49 1186 1199 1823 1836 1849 2073 2086 2099 2473 3673 4323 4586 
m2622 22 23 30 40 41 1130 1140 1180 1523 1530 2022 2023 2030 2072 2090 
m444 22 23 30 38 1122 1123 1130 1138 1172 1173 1188 1522 1523 1530 1538 3673 
m3147 
m47 29 
m2089 46 2346 4846 
m2129 46 
m2915 14 36 49 1814 1849 2464 
m648 30 44 45 1530 1544 1545 2230 2244 2245 2280 2294 2295 
m920 12 36 40 45 46 640 645 1845 2036 2045 2336 2340 2345 3136 4812 
m1409 22 23 31 36 46 1172 1181 1186 1196 1596 1822 1846 2322 3686 4086 4331 4336 4346 
m2540 36 40 45 46 1836 1840 2036 2040 2046 2286 2290 2296 2340 4346 
m2286 
m2076 45 46 2345 2346 
m2008 32 46 48 2332 2348 2432 
m3399 13 22 23 32 36 40 41 672 673 686 690 691 1122 1123 1136 1140 1141 1186 1190 1191 1613 1622 1623 1636 1823 1840 1841 2023 2041 3673 
m1537 12 40 46 2012 2046 4812 
m877 45 46 2295 2296 
m564 37 45 1895 
m3165 22 23 30 36 40 41 46 1122 1123 1130 1136 1140 1141 1146 1180 1522 1523 1536 1540 1546 1822 1823 1830 1836 1840 1841 1846 2022 2023 2030 2036 2040 2041 2046 2072 2086 2090 2322 2323 2330 2340 4823 4846 
m1440 22 23 36 40 41 46 1122 1123 1136 1140 1186 1190 1836 1840 2036 2040 2072 2073 2086 2090 2322 2323 2336 2340 2341 3686 
m3052 22 23 30 46 1122 1123 1130 1146 1180 1523 1530 1546 2330 2346 4823 
m2379 37 46 1896 
m2079 38 45 46 49 1946 2299 2345 2346 2349 
m2066 32 45 1645 
m1479 
m508 40 41 46 2046 2090 2096 2340 2341 2346 
m2277 36 48 1836 1848 2436 2448 4336 
m848 23 32 36 40 46 48 1182 1186 1190 1196 1198 1632 1636 1646 1648 1846 1848 2032 2036 2046 2048 2446 
m1455 26 46 1346 2346 
m485 27 36 46 48 1827 2327 2336 2436 2446 
m518 46 
m807 45 2295 
m837 37 38 46 1888 2338 4396 
m2565 36 40 46 1836 1840 1846 2036 2046 2336 2340 2346 
m935 10 13 22 660 663 672 1110 1113 1122 
m447 33 46 2333 2346 4833 
m3014 22 32 36 1622 1822 4136 
m2367 13 22 36 40 1113 1122 1136 1140 1813 1840 2013 
m1212 45 46 2345 
m1815 2 36 45 46 145 1845 2252 2286 2295 2302 2345 2636 4836 
m2447 22 44 46 1146 2344 2346 4846 
m2666 22 46 1146 
m1994 23 30 38 45 46 1180 1923 1930 1946 2273 2280 2288 2296 2330 2346 4823 
m2124 22 23 36 41 1123 1136 1141 1191 3686 4341 
m1107 13 22 33 36 40 672 686 690 1113 1122 1133 1136 1140 1672 1686 1690 2036 3183 
m2206 45 2295 
m1355 46 
m3262 44 46 2246 2344 2346 
m1382 26 32 36 38 46 1332 1336 1346 1832 1926 1932 1936 1938 1946 2332 2336 2346 4836 
m2449 22 44 46 1146 2322 2344 2346 4846 
m1863 36 40 45 46 1845 2036 2040 2045 2046 2295 2296 2345 4346 
m3289 45 46 2296 
m3349 34 46 1746 
m1082 22 30 41 46 1130 1146 1522 1546 2072 2080 2096 2322 
m2471 23 36 40 41 44 1186 1190 1191 1194 1840 1841 2041 2240 2241 4736 
m2230 38 46 1946 2346 
m3072 6 42 2842 
m1047 22 44 46 1146 2246 2344 2346 4846 
m1433 14 37 40 46 737 740 746 2037 2046 4837 
m2316 13 37 4363 
m2035 22 44 46 1122 1144 1146 2222 2246 2322 2344 2346 
m1298 32 45 46 2282 2296 2332 
m1250 4 42 45 2254 2292 2742 
m250 32 46 1632 1646 2332 2346 
m1182 36 41 46 2341 4341 4836 
m2123 14 32 48 732 2414 2432 
m613 14 45 745 2264 2295 
m2202 23 36 40 45 46 49 1190 1195 1836 1840 1845 2036 2045 2323 2336 2340 2345 2473 2486 2496 3686 4323 4336 4836 
m2110 23 30 45 1195 1523 1545 
m2684 5 13 22 33 655 1113 1122 1133 1655 1672 4163 
m2177 46 
m2083 30 36 41 46 49 1536 1541 1841 2080 2086 2091 2096 2099 2330 2336 2341 2346 2349 2480 2486 2491 
m1610 13 22 36 45 46 672 1822 2263 2272 2286 2296 2313 2322 2336 4313 
m1704 38 46 1946 
m1187 5 13 33 46 263 283 2305 2313 2333 4163 
m2586 14 22 45 745 1114 1145 
m2380 14 38 40 45 46 740 745 1914 1938 1940 1945 1946 2290 2340 2345 3246 
m2939 5 45 295 
m1258 13 20 22 32 36 40 670 686 690 1113 1120 1136 1140 1613 1620 1622 1636 1640 1820 2020 2036 2040 3186 4336 
m1366 39 45 1995 2289 2295 
m1615 5 13 38 45 46 263 296 1905 1913 1946 2255 2263 2288 2296 2313 
m2838 22 26 46 1146 1322 1326 1346 
m758 13 37 38 46 1913 1937 1946 2313 2337 4363 
m3191 38 46 1946 
m3142 5 13 14 33 263 283 705 713 733 3183 
m534 36 41 1841 2086 
m3285 14 36 49 1814 2464 2486 4314 4336 
m1992 30 38 45 46 1945 1946 2280 2296 2330 2338 2345 2346 4846 
m2594 22 32 36 37 40 1636 1637 1640 1822 1840 1872 1886 1890 2022 2036 2040 4336 
m1973 16 
m1130 37 
m3353 22 23 41 1141 1172 1173 1191 
m1124 14 22 36 40 722 736 740 1114 1122 1136 1140 1822 2022 2036 
m2250 38 41 46 1941 1946 2341 
m1920 13 16 49 699 849 3166 
m760 22 32 46 1132 1146 2332 
m1291 22 44 46 1146 2344 2346 4846 
m2725 14 22 27 40 727 1114 1127 2014 2022 2027 
m2383 22 26 44 46 1146 1346 2344 2346 4846 
m25 26 45 46 2276 2296 2326 
m2880 14 22 23 30 36 40 41 741 1123 1130 1136 1140 1141 1191 1523 1536 1540 1541 1823 1841 2023 2036 2041 2072 2073 2080 2086 2090 2091 3673 4323 
m2059 37 38 46 1888 1938 2338 4837 
m2194 46 4846 
m1905 32 36 37 1632 1637 1882 1886 1887 4136 4332 
m458 8 45 46 2258 2296 2308 
m1177 36 40 46 2036 2046 2340 2346 4836 4846 
m2924 23 36 40 46 49 1836 1840 1846 1849 2023 2036 2046 2049 2323 2336 2473 2486 2490 2496 3686 4323 4336 4836 
m823 22 33 46 1122 1133 1146 1696 2333 2346 4196 
m2553 14 45 745 
m2962 13 38 1913 1938 
m2041 22 32 45 46 1146 2272 2282 2295 2296 2332 2346 
m2133 13 22 36 38 40 1113 1122 1136 1138 1140 1813 1840 1913 1936 1940 2013 
m1438 14 30 714 730 
m2463 22 45 46 1146 2272 2296 
m1874 12 30 45 630 2262 2280 
m219 45 46 2345 
m1845 30 37 46 1880 2330 4837 
m1846 36 38 40 45 1845 1936 1938 1940 1945 2036 2045 2286 2295 4336 
m2537 22 45 46 1145 1146 2345 4846 
m91 22 38 44 46 1122 1144 1146 1922 1946 2344 2346 4846 
m1956 30 46 2330 2346 
m2085 22 34 36 1134 1136 1834 
m893 41 46 2341 
m1901 32 36 38 46 49 1632 1636 1649 1849 1932 1936 1946 2332 2336 2349 
m2651 22 23 30 46 1122 1123 1130 1146 1180 1523 1530 1546 2330 2346 4823 
m1067 5 13 33 263 283 3183 
m1442 13 33 36 40 48 698 1698 1813 1833 1848 2013 2033 2036 2048 4163 
m1584 22 23 27 36 40 1122 1123 1127 1136 1140 1190 1372 1373 1386 1390 1823 1840 2023 2040 
m1401 14 39 1964 
m1197 22 23 30 39 41 1123 1130 1139 1141 1523 1973 1980 1991 2073 2080 3673 4473 
m2966 5 45 46 2255 2296 2305 
m2549 5 32 1605 
m3202 13 22 38 1113 1138 1913 
m443 45 
m355 14 22 722 1114 1122 
m2199 22 28 1422 
m2 10 30 46 530 2310 2330 
m724 22 40 44 46 1146 2044 2046 2246 2344 2346 4846 
m1915 22 44 46 1144 1146 2246 2344 2346 4846 
m3005 5 13 22 263 272 1105 1113 1122 
m1249 23 30 37 46 1180 1880 2323 2330 2337 2346 4373 4823 4837 
m2990 23 30 46 1180 2323 2330 2346 
m2313 12 40 45 46 645 2012 2045 2046 2312 2340 2345 2346 4812 
m2933 
m2763 26 37 46 1876 2326 2337 
m1321 32 36 38 41 46 1641 1646 1932 1936 1941 1946 2332 2336 2341 2346 4136 4586 
m2031 
m1869 22 37 40 46 1122 1137 1146 2022 2037 2046 2322 2337 2346 4837 
m2511 32 37 46 1632 1637 1882 2332 2337 
m2791 22 23 36 40 46 49 1123 1136 1140 1146 1149 1190 1822 1840 2023 2036 2040 2046 2049 2322 2336 2340 2346 2472 2473 2486 2496 3696 4323 4346 4823 
m1397 32 36 41 46 1641 1646 2332 2336 2341 2346 4136 4586 
m2525 11 13 33 36 40 661 1661 1811 1813 1833 2011 2013 2033 2036 4163 
m2721 40 46 2046 
m2613 45 46 2345 
m2943 22 23 30 32 36 40 46 1122 1123 1130 1132 1136 1140 1146 1172 1173 1522 1523 1530 1532 1540 1546 1623 1630 1646 1822 1823 1830 1832 1840 1846 2022 2023 2030 2032 2036 2040 2046 2322 2323 2330 2332 2340 2346 3696 4823 
m2700 36 45 46 1845 2336 2345 2346 4836 
m1307 36 46 49 1849 2336 2349 4336 
m111 22 23 30 36 40 46 49 1122 1123 1130 1136 1140 1146 1149 1172 1173 1522 1523 1530 1540 1546 1822 1823 1830 1840 1846 2022 2023 2030 2036 2040 2046 2322 2323 2330 2336 2340 2346 2349 2480 2486 2490 2496 3696 4823 
m1195 23 45 1195 2273 2295 
m1873 44 46 49 2344 2349 2494 
m3367 22 45 1122 1145 2272 2295 
m777 33 45 46 1695 2345 4833 
m134 22 44 46 1146 2344 2346 4846 
m2913 22 23 30 44 46 1130 1144 1146 1180 1523 1530 1546 2223 2230 2246 2323 2330 2344 2346 4823 4846 
m1690 8 36 46 2308 4308 4836 
m1010 22 44 46 1122 1144 1146 2222 2246 2322 2344 2346 4846 
m989 32 46 1632 1646 2332 
m2571 22 23 36 41 46 49 1141 1172 1191 1822 1823 1841 1846 2322 2323 2341 2472 2473 2486 2496 
m83 43 
m382 15 38 46 1915 2315 2338 
m2009 36 
m1943 37 1887 
m2536 30 40 46 2030 2040 2046 2330 
m2795 16 23 36 46 1186 1816 2316 2323 2336 3666 
m379 13 22 36 40 672 686 690 1822 1840 2022 2036 2040 4336 
m2973 45 46 2296 
m40 9 36 45 46 486 495 496 1845 2309 2336 2345 2346 
m2094 38 45 46 1945 1946 2296 
m391 36 42 4636 
m1132 3 30 45 46 180 195 2280 2296 2330 2345 2346 2696 4803 
m1784 45 46 2345 2346 
m3082 28 38 1928 1938 
m2126 5 13 22 26 33 46 263 283 672 1305 1313 1333 1346 1672 2305 2313 2322 2333 4163 
m2994 46 2346 
m3187 14 46 714 746 2314 2346 4814 
m2607 46 
m2312 22 44 46 1146 2322 2344 2346 4846 
m2434 46 2346 
m2256 41 46 2091 2096 2341 
m2988 22 36 46 49 1822 1846 1849 2322 2346 2472 2496 
m1031 46 2346 
m1535 37 46 1887 1896 2337 2346 
m1599 17 22 1117 
m1578 13 22 30 47 680 697 1113 1122 1130 1147 2380 
m286 36 40 45 1845 2036 2045 2286 2290 2295 
m2208 22 26 46 1146 1322 1346 
