m3286 17 40 46 896 2017 2046 2346 3396 
m2921 5 36 46 49 255 286 296 299 1849 2346 2349 2486 2499 4836 
m3679 13 33 38 1913 1933 1938 4163 
m61 13 22 36 45 46 49 699 1113 1136 1849 2286 2295 2296 2313 2322 2336 2349 3186 
m2265 14 46 746 2346 3246 4846 
m3052 36 46 49 1849 2336 2346 2349 2486 2496 2499 4336 4836 
m1063 40 45 46 2045 2046 2296 2346 4846 
m644 26 32 36 40 46 49 1336 1340 1346 1349 1632 1636 1649 1849 2032 2036 2040 2046 2332 2336 2340 2346 2349 
m2295 5 32 1605 
m2713 27 38 46 1927 1946 2327 
m2885 28 36 38 46 1828 1836 1928 1936 1938 1946 2328 2336 
m1924 30 38 39 40 46 49 1930 1938 1939 1946 1980 2030 2038 2039 2046 2330 2339 2346 2488 2490 2496 4839 
m3073 22 36 40 46 49 1136 1140 1146 1149 1822 1836 1840 1846 1849 2022 2036 2040 2046 2049 2322 2336 2340 2346 2349 2486 2490 2496 4346 
m2362 14 36 38 46 49 714 736 738 746 749 1814 1846 1849 1914 1936 1946 1949 2314 2336 2338 2346 2349 2464 2486 2496 4814 
m1337 14 38 46 49 746 749 1914 1938 1946 1949 2346 2349 
m1702 21 38 46 1921 1946 2321 2346 4846 
m3273 5 13 22 263 272 1105 1113 1122 
m1842 23 32 45 46 1182 2273 2282 2296 2323 2332 2346 4823 
m571 22 36 40 41 1141 1822 1836 1841 2036 2041 2072 2086 2091 4586 
m2659 22 40 46 1122 1140 1146 2022 2040 2046 2322 
m989 14 22 40 46 746 1114 1146 2014 2046 2346 
m2614 12 13 22 27 36 40 627 677 1112 1113 1122 1127 1136 1140 1812 1813 1827 1840 2012 2013 2027 3162 
m351 37 46 1896 2346 4837 
m1718 36 37 40 46 1840 1886 1890 2036 2037 2046 2340 4346 4396 
m2504 36 40 46 1836 1840 2036 2040 2336 2340 2346 
m695 22 46 1146 2346 4846 
m1327 22 30 36 1130 1822 1830 
m832 12 30 45 46 49 645 1512 1530 1545 1546 2295 2345 2346 2480 2496 2499 4812 
m2640 22 46 1122 1146 2322 2346 
m1581 22 23 30 1122 1123 1130 1172 1173 1180 1522 1523 1530 3673 
m165 26 38 46 1338 1346 2338 2346 
m2561 23 36 37 40 41 1173 1186 1187 1190 1823 1873 1886 1890 2023 2036 2073 2086 2087 3673 4323 
m2186 13 22 33 36 40 672 686 690 1113 1122 1133 1136 1140 1672 1686 1690 1822 2022 2036 3183 
m1522 14 32 40 46 732 1632 1646 2014 2032 2046 2332 3246 
m1545 22 23 30 46 1122 1123 1130 1146 1180 1523 1530 1546 2330 2346 4823 
m3686 13 22 36 37 40 672 686 690 1113 1122 1136 1137 1140 1822 1872 1886 1890 2022 2036 3187 
m3111 22 23 30 36 40 41 46 1122 1123 1130 1136 1140 1141 1146 1180 1522 1523 1530 1536 1540 1546 1822 1823 1830 1836 1840 1846 2022 2023 2030 2036 2040 2046 2072 2086 2090 2091 2322 2323 2330 2340 4823 4846 
m2431 22 38 46 1138 1146 1938 1946 
m42 22 23 36 37 40 1123 1136 1140 1172 1173 1186 1190 1823 1840 1872 1873 1886 1890 2023 2036 2040 3673 3686 4323 4336 
m552 22 40 41 46 1122 1140 1141 1146 2041 2046 2341 2346 
m1887 22 23 1122 1123 1172 1173 3673 
m3263 22 23 36 40 41 1122 1123 1136 1140 1141 1172 1173 1822 1823 1836 1840 2022 2023 2036 2040 2072 2073 2086 2090 3673 4586 
m1421 44 46 2344 2346 
m2562 22 23 37 41 1123 1172 1173 1187 1191 1872 1873 2072 2073 2087 2091 3673 
m1913 5 22 44 46 296 1144 1146 2205 2246 2305 2344 2346 4846 
m2017 5 38 45 46 255 1905 1938 1945 1946 2255 2305 2345 2346 
m466 22 46 1122 1146 
m580 34 45 2284 
m3274 
m3414 15 22 27 38 46 777 1115 1127 1146 1915 1922 1938 1946 2315 2327 2346 
m1758 22 23 36 40 41 1122 1123 1136 1140 1141 1172 1173 1822 1823 1836 1840 1841 2022 2023 2036 2040 2041 2072 2073 3673 4586 
m3615 22 23 30 41 1122 1123 1130 1173 1523 1530 2072 2073 2080 3673 
m2884 33 38 46 1688 1933 1938 1946 2338 4196 
m2274 38 46 1938 1946 2346 
m2862 36 40 46 1846 2036 2040 2046 
m3202 22 23 46 1123 1146 1196 2322 2323 4846 
m750 22 36 37 40 46 1122 1136 1137 1146 1822 1837 1872 2036 2037 2046 2322 2336 2337 2340 2346 4346 4396 
m1944 22 23 30 36 40 41 46 1122 1123 1130 1136 1140 1141 1146 1180 1522 1523 1530 1536 1540 1546 1822 1823 1830 1836 1840 1841 1846 2022 2023 2030 2036 2040 2041 2046 2072 2086 2090 2322 2323 2330 2340 4823 4846 
m2660 26 32 33 46 1332 1333 1346 1682 2332 4833 
m3017 14 714 
m1988 22 30 36 38 46 49 1522 1536 1538 1546 1549 1822 1922 1930 1936 1938 1946 1949 2322 2330 2336 2338 2346 2349 2472 2486 2496 
m3309 12 22 36 46 622 636 646 1136 1812 1836 1846 2322 2336 2346 4336 4812 4836 
m339 22 32 36 40 1122 1132 1136 1140 1622 1636 1640 1822 1836 1840 2022 2036 4332 
m2876 30 36 40 49 1536 1549 1830 1836 1849 2030 2036 2499 4336 
m3235 30 46 49 1530 1549 2330 2346 2349 
m3121 5 23 30 36 46 255 273 280 286 296 1180 1505 1523 1530 1536 1546 1830 1846 2330 4323 4823 
m3661 16 22 36 40 822 836 840 1116 1122 1136 1140 1822 2022 2036 
m2742 30 38 41 46 1930 1941 1946 2080 2096 2330 2341 2346 
m1180 17 46 2317 2346 3396 4817 
m1585 12 23 30 46 1162 1196 1512 1523 1530 1546 2312 2330 2346 3696 4812 4823 
m2144 32 38 46 1632 1646 1932 1938 1946 2332 2346 
m2361 5 36 46 49 286 296 299 1836 1849 2305 2336 2346 2349 2455 2486 2496 4836 4846 
m648 22 44 45 46 1146 2272 2294 2296 2344 2346 4846 
m1820 22 37 40 46 1122 1137 1146 2022 2037 2040 2046 2322 2337 2346 4837 
m1206 36 40 46 49 1836 1846 2036 2040 2046 2049 2336 2346 2349 2486 2496 4336 4836 
m910 5 13 22 38 263 272 288 663 1105 1113 1122 1138 1905 1913 1922 1938 
m573 44 46 2344 2346 
m950 22 40 46 1140 1146 2022 2046 2322 2340 2346 
m920 22 24 1124 
m1234 22 23 30 38 46 1123 1130 1146 1188 1523 1530 1538 1546 2338 3696 
m1990 13 22 37 672 1872 4363 
m124 22 23 30 36 40 46 49 1122 1123 1130 1136 1140 1146 1149 1172 1173 1522 1523 1530 1540 1546 1822 1823 1830 1840 1846 2022 2023 2030 2036 2040 2046 2322 2323 2330 2340 2346 2472 2480 2486 2490 2496 3696 4823 
m2899 46 49 2346 2349 2496 
m1089 28 
m2853 22 23 30 36 40 46 1122 1123 1130 1136 1140 1146 1172 1173 1180 1186 1190 1522 1523 1530 1536 1540 1546 1823 1840 2023 2036 2040 2322 2323 2330 2336 2340 2346 3696 4823 
m2425 22 46 1122 1146 2346 
m1973 22 23 1123 
m3484 22 23 24 40 46 1122 1123 1124 1146 1190 1222 1240 1246 2022 2023 2024 2046 2340 3696 3723 
m2993 12 14 46 712 746 2312 2346 3246 4812 
m1794 22 36 37 40 46 1122 1136 1137 1140 1146 1822 1836 1837 1840 1846 1872 1896 2022 2036 2037 2040 2046 2322 2337 2346 4387 4396 4837 4846 
m1847 22 46 49 1146 1149 2349 2472 2496 
m3224 13 38 1913 1938 
m1223 22 23 32 36 40 46 49 1122 1123 1132 1136 1140 1146 1149 1172 1173 1182 1186 1190 1196 1199 1622 1623 1632 1636 1640 1646 1822 1823 1832 1836 1840 1846 1849 2022 2023 2032 2036 2046 2049 2322 2323 2332 2336 2346 2349 2472 2473 2482 2486 2490 2496 3673 3686 3696 4323 4346 
m207 14 40 46 2014 2040 2046 2314 2346 4814 4846 
m2992 23 30 36 41 1180 1186 1830 2073 2080 3673 3686 4323 4586 
m2446 5 36 38 46 49 286 296 299 1849 1905 1936 1938 1946 2346 2349 2486 2499 4836 
m3606 30 37 46 1530 1537 1546 1880 2330 2337 2346 
m1557 26 32 36 38 46 1332 1336 1346 1832 1926 1936 1946 2332 2336 2346 4836 
m51 23 30 36 49 1180 1523 1530 1549 1823 1830 1836 1849 2473 2480 2486 2499 
m765 22 23 36 40 41 1123 1136 1140 1172 1822 1823 1836 2023 2036 2072 2073 2086 2090 2091 3673 4323 4586 
m1654 22 40 41 46 1122 1140 1146 2022 2040 2046 2340 
m1358 14 46 2314 2346 4814 
m1082 22 37 40 46 1122 1137 1140 1146 1872 2022 2037 2046 2322 2337 2340 2346 4396 
m2808 36 40 41 1836 1840 1841 2036 2041 2086 2090 2091 4586 
m1805 12 14 46 712 2312 2314 2346 3146 3246 4812 
m2605 22 23 36 41 1122 1123 1136 1141 1191 1841 2073 2091 4323 4586 
m757 22 30 32 36 40 41 46 49 1122 1130 1132 1136 1140 1141 1146 1522 1532 1536 1546 1622 1646 1822 1830 1832 1836 1840 1846 1849 2022 2030 2032 2036 2040 2046 2049 2072 2090 2096 2322 2472 2480 2482 2486 2490 2496 4346 4846 
m1937 30 36 38 46 1830 1930 1936 1946 2330 2336 2346 4836 
m3561 22 23 30 36 40 46 1122 1123 1130 1136 1140 1146 1180 1522 1523 1530 1536 1540 1546 1822 1823 1830 1836 1840 1846 2022 2023 2030 2036 2040 2046 2322 2323 2330 2340 4823 4846 
m2781 33 36 38 46 49 1683 1686 1688 1696 1699 1833 1846 1933 1936 1946 1949 2333 2336 2338 2346 2349 2483 2486 2496 4833 
m2366 46 2346 
m2501 40 46 48 2040 2046 2340 2346 2348 2440 2446 
m3095 13 30 36 46 1513 1536 1546 2313 2330 2336 2346 4313 4813 4836 
m1682 36 38 40 46 1840 1846 1936 1940 1946 2036 2046 2340 
m3400 12 14 40 46 646 2012 2014 2046 2314 2346 3114 4812 
m1653 10 36 46 49 546 1836 1846 1849 2310 2336 2346 2349 2486 2496 2499 
m2726 
m2791 17 41 46 891 2067 2096 2341 4817 
m3037 23 40 44 46 1173 1194 1196 2023 2040 2046 2323 2344 2346 3696 4823 
m686 22 23 30 36 40 41 46 1122 1123 1130 1136 1140 1141 1146 1172 1173 1180 1186 1190 1191 1523 1536 1540 1541 1841 2023 2036 2041 2072 2073 2080 2086 2090 2091 2096 2322 2323 2330 2341 3673 4323 
m2986 22 23 36 41 1123 1822 1823 2072 2073 3673 4323 4586 
m194 22 23 30 36 1123 1130 1136 1172 1180 1522 1822 1823 1830 
m2657 5 13 26 33 41 46 655 696 1305 1313 1326 1333 1341 1346 1655 1676 1691 1696 2055 2063 2096 2305 4163 
m712 46 49 2346 2349 4846 
m976 14 36 714 3236 
m1184 22 36 37 40 46 1122 1136 1137 1140 1146 1822 1837 1840 1846 1890 2022 2036 2037 2040 2046 2337 2340 2346 4346 4837 
m3392 14 46 2314 2346 4814 
m2599 14 46 714 746 2314 2346 4814 
m3466 5 22 36 38 46 49 286 296 299 1136 1138 1146 1149 1836 1846 1849 1905 1936 1938 1946 1949 2346 2349 2455 2486 2496 2499 4836 
m840 30 36 46 49 1536 1549 1849 2330 2336 2346 2349 
m543 14 22 33 722 1672 4164 
m3607 22 23 30 37 40 46 1122 1123 1130 1137 1146 1172 1187 1522 1523 1530 1537 1546 1872 2022 2023 2030 2037 2040 2046 2322 2323 2330 2346 3696 4396 4837 
m888 22 30 38 46 1130 1146 1922 1930 1946 2322 2330 2346 
m853 10 36 41 46 536 541 546 1836 1841 2336 2341 4586 4836 
m333 22 36 40 44 46 1136 1144 1146 1822 1836 1846 2022 2036 2044 2046 2236 2246 2322 2336 2344 2346 4346 4736 4836 4846 
m811 14 22 23 30 40 46 730 746 1114 1122 1123 1130 1146 1180 1514 1523 1530 1546 2014 2022 2023 2030 2046 2330 3223 4823 
m2498 13 30 680 1530 
m2648 22 23 30 36 40 41 1122 1123 1130 1136 1140 1173 1522 1523 1536 1822 1823 1830 1836 2022 2023 2030 2036 2072 2073 2080 2086 2090 3673 4323 4586 
m2405 23 31 45 46 49 1195 1196 1573 1595 1596 2295 2323 2345 2346 2473 2481 2496 
m655 22 26 38 46 1146 1322 1338 1346 1922 1946 2346 
m1375 22 38 44 46 1138 1144 1146 1944 1946 2344 2346 
m777 22 44 46 1122 1144 1146 2322 2344 2346 4846 
m764 
m2187 22 23 30 41 46 1122 1123 1130 1141 1146 1172 1173 1191 1522 1523 1530 1541 1546 2322 2323 2330 2341 2346 3696 4823 
m1796 13 38 688 1913 1938 
m437 5 23 24 40 46 273 274 290 296 1190 1240 1246 2023 2024 2040 2046 2340 3696 3723 
m457 22 36 40 41 1136 1140 1141 1836 1840 1841 2036 2041 2072 2086 2090 2091 4586 
m2056 11 13 22 33 36 40 563 572 583 586 590 672 686 690 1113 1122 1133 1136 1140 1672 1686 1690 1822 2022 2036 3183 
m688 22 36 40 46 1122 1136 1140 1146 1840 2022 2040 2046 2322 2336 2340 2346 
m3522 14 46 746 4846 
m3236 23 30 36 40 41 49 1186 1190 1199 1523 1530 1536 1540 1549 1836 1840 1849 2073 2080 2086 2090 2099 2490 3686 4336 
m3582 32 36 40 46 1832 2032 2036 2332 2336 2340 2346 4136 4336 4836 
m2070 5 36 38 46 49 1805 1838 1846 1849 1905 1938 1946 1949 2305 2488 2496 
m977 22 23 30 36 39 41 1123 1130 1139 1141 1522 1523 1822 1823 1830 1839 1841 1972 1973 1980 1991 2072 2073 2080 2086 2089 2091 3673 4586 
m2656 22 23 30 38 46 1123 1130 1146 1180 1523 1530 1546 1922 1923 1930 1938 1946 2330 4823 
m2768 22 26 44 46 1146 1322 1344 1346 2344 2346 4846 
m1979 22 23 30 38 40 41 1140 1523 1530 1538 1923 1930 2022 2023 2030 2040 2072 2090 
m1715 22 23 46 49 1122 1123 1146 1149 1196 1199 2322 2323 2346 2349 4846 
m1340 22 23 36 40 1122 1123 1136 1140 1172 1173 1186 1190 1822 1823 1836 1840 2022 2023 2036 2040 3673 4323 
m520 26 32 36 41 46 1332 1336 1341 1346 1641 1646 2332 2336 2341 2346 4136 4586 
m756 22 23 30 46 1122 1123 1130 1146 1180 1523 1530 1546 2330 2346 4823 
m1432 14 38 1914 
m94 36 40 46 1840 2036 2040 2336 2340 
m2294 22 37 40 46 1137 1146 2022 2037 2046 2337 2346 4837 
m3487 14 38 40 46 49 1938 1940 1946 2014 2046 2049 2346 2464 2496 4814 
m1716 36 40 46 1840 2036 2040 2046 2340 4346 
m2012 5 32 36 255 282 286 1605 1805 1832 1836 4332 
m1632 22 23 30 41 1123 1141 1172 1173 1191 1522 1523 1541 2072 2073 2080 2091 3673 
m2625 14 22 38 46 738 1114 1146 2338 3246 
m610 22 23 30 36 38 41 1122 1123 1130 1136 1138 1172 1173 1522 1523 1822 1823 1830 1838 1922 1923 1930 2072 2073 2080 2088 3673 4586 
m445 22 38 46 1138 1146 1922 1938 1946 
m3571 22 23 36 40 41 1122 1123 1136 1140 1141 1172 1173 1822 1823 1836 1840 1841 2022 2023 2036 2040 2041 2072 2073 3673 4586 
m2021 8 408 
m3547 22 23 37 41 1122 1123 1137 1141 1172 1173 1872 1873 2072 2073 2087 3673 
m1965 13 38 688 1913 1938 
m2288 22 23 30 36 40 46 49 1122 1123 1130 1136 1140 1146 1149 1172 1173 1186 1190 1199 1522 1523 1530 1536 1540 1546 1549 1822 1823 1830 1836 1840 1846 1849 2022 2023 2030 2036 2040 2046 2049 2322 2330 2336 2340 2346 2472 2473 2480 2486 2490 2496 3696 4823 
m2261 45 
m2962 14 30 40 46 1514 1546 2014 2030 2040 2046 2314 2346 4814 
m924 12 45 46 645 2345 4812 
m3591 36 37 40 46 1840 1886 1890 1896 2036 2037 2040 2046 2336 2337 2340 2346 4346 4387 4396 4837 
m1212 14 46 4814 
m579 12 13 22 36 40 622 636 640 672 686 690 1112 1113 1122 1136 1140 1822 2022 2036 3162 
m3688 
m324 36 37 40 41 1841 1886 1890 1891 2036 2041 2086 2087 2090 2091 
m2704 22 36 40 1122 1136 1140 2036 
m2080 12 45 46 645 2345 4812 
m2810 22 23 30 36 40 46 1122 1123 1130 1136 1140 1146 1172 1173 1522 1523 1530 1540 1546 1822 1823 1830 1840 1846 2022 2023 2030 2036 2040 2046 2322 2323 2330 2340 2346 3696 4823 
m132 22 23 30 41 46 1122 1123 1130 1141 1146 1172 1173 1180 1191 1196 1522 1523 1530 1541 1546 2072 2073 2080 2322 2323 2330 2341 2346 3673 3696 4823 
m3242 28 36 1828 1836 
m414 14 36 46 49 736 746 2336 2346 2349 2464 2486 2496 4814 4836 
m3059 14 23 34 36 40 46 734 1184 1734 1814 1823 1834 1840 1846 2014 2023 2034 2036 2040 2046 2314 2323 2334 2346 3664 4346 4814 4823 
m1547 14 37 40 46 737 740 746 2037 2046 4837 
m2138 22 23 36 40 1122 1123 1136 1140 1173 1823 2023 2036 3673 
m2372 14 46 49 2314 2346 2464 2496 4814 
m2464 22 40 46 1146 2022 2040 2046 2346 
m619 5 22 23 30 46 255 273 280 296 1105 1122 1123 1130 1146 1180 1505 1523 1530 1546 2330 4823 
m646 36 46 49 2486 2496 4836 4846 
m1797 22 46 1122 1146 2322 2346 
m480 23 36 38 49 1186 1923 1936 1938 1949 2473 2486 
m1779 14 33 37 46 737 746 2333 3233 4383 4837 
m2708 12 14 22 36 45 46 49 645 712 745 1112 1114 1146 1812 1814 1822 1845 1846 1849 2314 2345 2346 2462 2464 2472 2496 3146 3246 4812 
m1553 36 38 46 1936 1946 2336 
m1046 3 14 46 703 2314 2346 2696 3246 4803 
m2927 5 36 40 46 49 286 296 299 1836 1849 2005 2036 2046 2336 2346 2349 2486 2499 4836 
m2217 22 23 30 36 40 46 1122 1123 1130 1136 1140 1146 1180 1522 1523 1530 1536 1540 1546 1822 1823 1830 1836 1840 1846 2022 2023 2030 2036 2040 2046 2322 2323 2330 2340 4823 4846 
m151 12 22 36 40 46 49 636 1112 1136 1146 1149 1812 1836 1846 2022 2036 2040 2046 2312 2336 2346 2349 2462 2486 2496 3136 4336 4812 4836 
m2049 
m3220 22 23 30 36 38 40 46 1123 1130 1136 1140 1172 1173 1180 1186 1188 1190 1196 1523 1538 1546 1822 1830 1922 1923 1936 1940 1946 2022 2023 2030 2036 2040 2322 2323 2330 2336 2340 3673 4323 
m1026 3 30 37 46 153 180 187 196 1503 1530 1537 1546 1853 1880 2303 2330 2337 2346 4803 
m3486 22 23 24 40 46 1122 1123 1146 1172 1222 1246 2022 2023 2024 2040 2046 2322 3696 3723 
m3169 22 23 36 40 41 1122 1123 1136 1140 1173 1822 1823 1836 2022 2023 2036 2072 2073 2086 2090 3673 4323 4586 
m2646 45 
m2106 13 22 36 38 40 672 686 690 1113 1122 1136 1140 1822 1913 1922 1936 2022 2036 
m1062 13 16 22 36 40 672 686 690 822 836 840 1113 1116 1122 1136 1140 1822 2022 2036 3166 
m1484 32 36 4332 
m2346 11 32 561 582 
m1499 22 44 46 1122 1144 1146 2322 2344 2346 4846 
m1382 36 41 46 2096 2336 2341 2346 4586 4836 4846 
m869 14 21 40 714 721 740 2014 2021 
m3391 22 23 30 36 41 1123 1130 1136 1141 1186 1191 1523 1536 1541 1841 2073 2080 2091 3673 4323 4586 
m1669 6 14 36 49 706 714 736 749 1806 2456 2486 
m2255 36 37 41 46 49 1837 1841 2087 2341 2486 2487 2491 2496 4336 4346 4837 
m3399 23 30 38 46 1173 1180 1188 1523 1530 1538 1923 1930 1938 2323 2330 2338 2346 3673 4823 
m752 23 45 1195 
m1615 22 23 36 40 41 46 1123 1136 1141 1146 1191 1822 1823 1836 1841 1846 2022 2023 2036 2040 2041 2046 2323 2336 2341 2346 3686 4341 4346 4823 
m3510 23 30 36 41 49 1173 1180 1186 1199 1523 1530 1823 1830 1849 2073 2080 2086 2099 2473 2480 3673 
m1072 26 41 46 1341 1346 2341 
m248 5 13 33 46 263 283 2305 2313 2333 4163 
m928 22 40 46 1146 2340 
m2072 38 45 46 49 1938 1946 1949 2288 2296 2299 2349 
m1622 37 40 45 46 49 1895 1899 2037 2040 2045 2046 2340 2345 2346 2349 2495 4387 4396 4837 
m2169 5 14 22 23 32 36 37 41 264 282 286 722 737 741 1105 1114 1123 1136 1137 1141 1155 1182 1186 1614 1637 1814 1837 1872 1882 1886 1887 1891 2087 3664 4136 4332 
m1253 14 40 46 2014 2040 2046 2314 2346 4814 
m1109 23 36 40 41 1173 1186 1190 1823 1840 2023 2036 2040 2073 2086 2090 3673 
m1600 22 46 1146 2346 
m2152 14 23 30 36 40 46 730 1180 1814 1823 1830 1846 2014 2023 2030 2036 2040 2046 2314 2330 2346 3223 4346 4814 4823 
m2236 38 46 1938 1946 
m2306 30 46 2330 2346 
m906 32 33 36 1632 1633 1636 1683 1686 1833 1836 4136 4186 4333 4336 
m166 46 2346 
m3303 12 14 22 45 46 645 712 745 1112 1114 1146 2314 2345 2346 3146 3246 4812 
m842 23 30 38 40 46 1180 1923 1930 1946 2023 2038 2046 2330 4823 
m1541 22 23 30 46 1122 1123 1146 1180 2330 2346 4823 
m1511 14 32 36 46 732 736 746 1832 2332 2336 2346 3246 4836 
m3410 22 46 1122 1146 2322 2346 4846 
m2638 5 32 36 46 49 282 286 296 1632 1636 1649 1849 2305 2332 2336 2346 2349 
m2340 5 23 26 32 46 1155 1182 1305 1323 1332 1346 1605 2305 2332 2346 4823 
m603 22 36 40 41 1136 1141 1836 1840 2036 2086 2090 4586 
m2266 36 40 46 1836 1840 1846 2036 2040 2046 2336 2340 2346 4336 4346 
m3039 23 24 40 46 1190 1240 1246 2023 2024 2040 2046 2340 3696 3723 
m1769 5 37 45 46 1855 1895 2255 2305 2337 2345 2346 4837 4846 
m2815 22 40 44 46 1146 2022 2044 2046 2344 2346 4846 
m2114 13 38 46 1913 1946 2313 
m167 12 26 46 1312 1326 1346 2312 2346 4812 
m2214 22 23 27 30 36 40 49 1172 1186 1199 1372 1373 1380 1386 1399 1522 1523 1527 1530 1536 1549 1822 1823 1827 1830 1836 1840 1849 2023 2027 2030 2036 2040 2049 2472 2473 2477 2480 2486 2499 3686 4336 
m1597 12 13 22 36 40 622 636 640 672 686 690 1112 1113 1122 1136 1140 1822 2022 2036 3162 
m2593 5 22 32 36 46 49 286 299 1605 1622 1636 1646 1649 1805 1822 1846 1849 2305 2322 2332 2336 2346 2349 2472 2486 2499 4136 4336 4836 
m1178 23 32 46 1196 1623 1646 2346 
m1728 45 
m2577 11 46 2311 
m1843 22 23 30 46 1122 1123 1130 1146 1523 1530 1546 2330 2346 3696 4823 
m3521 22 23 30 36 40 41 46 1122 1123 1130 1136 1140 1141 1146 1172 1173 1180 1186 1190 1191 1523 1536 1540 1541 1841 2023 2036 2041 2073 2080 2086 2090 2091 2322 2323 2330 2341 3673 4323 
m700 17 38 40 46 888 1917 1946 2017 2038 2046 2338 4817 
m1783 22 36 41 1136 1141 1841 2072 2086 2091 4586 
m2085 14 32 36 49 714 732 736 749 1636 1649 1849 2482 2486 2499 
m1170 22 23 30 46 1122 1123 1130 1146 1180 1523 1530 1546 2330 2346 4823 
m226 22 38 1122 1922 1938 
m3300 26 40 46 1346 2026 2046 2346 
m1388 23 30 36 40 49 1180 1199 1549 1823 1830 1836 1840 1849 2023 2030 2036 2040 2049 2473 2480 2486 2490 
m657 22 26 38 46 1146 1322 1346 1922 1926 1946 2346 
m865 38 46 1946 2338 2346 
m622 22 23 30 40 41 1123 1130 1140 1190 1523 1530 1540 2022 2023 2030 2072 2090 
m2702 22 23 30 45 1123 1173 1180 1523 2272 2273 3673 
m1 22 23 41 46 1123 1141 1146 1173 2073 2323 2341 2346 3673 4823 
m694 12 38 40 45 46 1912 1945 1946 2012 2038 2045 2046 2262 2296 2312 2346 4812 
m2802 22 23 30 32 36 40 41 49 1140 1182 1199 1523 1530 1532 1536 1549 1823 1830 1832 1849 2022 2023 2030 2032 2036 2040 2072 2090 2482 
m399 14 38 46 49 1914 1946 2314 2464 2488 2496 
m1228 46 
m3222 22 23 30 36 40 46 1122 1123 1130 1136 1140 1146 1172 1173 1180 1186 1190 1522 1523 1530 1536 1540 1546 1823 1840 2022 2023 2030 2036 2040 2046 2322 2323 2330 2336 2340 2346 3696 4823 
m2623 23 30 38 1188 1523 1538 1923 1930 1938 
m373 8 41 46 49 408 446 449 2058 2096 2099 2349 
m2596 22 23 30 36 40 1122 1123 1130 1136 1140 1180 1830 2023 2030 2036 4323 
m3041 22 32 36 37 40 1122 1132 1136 1137 1140 1637 1832 1837 1840 2032 2037 
m2650 32 34 38 46 1632 1646 1732 1734 1746 1932 1934 1946 2332 
m3251 13 22 37 672 1872 4363 
m2038 14 22 32 46 49 732 749 1114 1132 1146 1649 2314 2332 2346 2349 4814 
m1486 22 36 40 41 46 1136 1140 1141 1146 1822 1836 1841 2022 2036 2041 2046 2072 2086 2090 2091 2096 2322 2336 2340 2341 2346 4346 4586 4836 
m1132 14 22 36 40 722 736 740 1114 1122 1136 1140 1822 2022 2036 
m2712 23 36 42 1173 1186 1192 3686 4342 
m506 22 1122 
m441 22 23 30 36 40 41 46 49 1122 1123 1130 1136 1140 1141 1146 1172 1173 1186 1190 1191 1199 1522 1523 1530 1536 1540 1541 1546 1549 1822 1823 1830 1836 1840 1841 1846 1849 2022 2023 2030 2036 2040 2041 2046 2049 2072 2073 2086 2090 2096 2099 2330 2336 2340 2341 2349 2472 2473 2486 2490 2496 3696 4823 
m1341 14 40 46 49 2014 2040 2046 2314 2346 2464 2490 2496 4814 
m1755 22 32 38 46 1146 1922 1932 1938 1946 2332 2346 
m3179 30 40 46 2030 2040 2046 2330 2340 2346 
m966 26 36 37 46 49 1336 1337 1346 1349 1837 1846 1849 2476 2486 2487 2496 2499 4837 
m2678 14 36 40 41 46 714 736 2014 2036 2046 2064 2086 2090 2096 3246 4314 4346 4814 
m1269 22 46 49 1122 1146 1149 2346 2349 
m1684 36 40 41 1836 1840 1841 2036 2041 2086 2091 4336 4586 
m1301 22 23 30 36 40 41 1122 1123 1130 1136 1140 1173 1522 1523 1536 1822 1823 1830 1836 2022 2023 2030 2036 2072 2073 2080 2086 2090 2091 3673 4323 4586 
m2782 26 32 36 38 46 1332 1336 1346 1832 1926 1932 1936 1946 2332 2336 2346 4836 
m1125 22 23 30 1122 1123 1130 1173 1522 1523 3673 
m456 2 27 36 40 46 1352 1386 1396 1802 2002 2027 2036 2046 2302 4836 
m3245 22 26 44 46 1122 1144 1146 1322 1344 1346 2344 2346 
m1306 36 40 41 1836 1840 1841 2036 2040 2041 
m2902 12 13 22 27 36 40 622 636 640 672 686 690 1112 1113 1122 1136 1140 1362 1363 1372 1386 1390 1822 2022 2036 3162 
m2770 22 46 1122 1146 
m3429 37 38 46 1937 1946 2337 
m2285 23 
m317 26 36 46 1826 1846 2326 4336 4346 
m2355 36 46 2336 2346 4346 4836 
m1449 6 306 
m3446 
m1249 37 39 40 46 49 1890 1899 1987 1990 1999 2340 2490 2496 4396 4496 
m1650 30 36 46 1536 1546 2330 2336 2346 4836 
m733 23 30 36 41 1173 1523 1823 1830 2073 2080 3673 4323 4586 
m2828 36 46 2336 2346 4836 
m534 14 22 36 41 46 714 736 1114 1122 1136 1141 1146 1836 2064 2072 2086 2314 2322 2336 2341 3236 4314 4586 4814 
m1117 14 40 45 46 745 2014 2040 2046 2314 2345 2346 3214 4814 
m337 14 30 36 38 46 1514 1530 1536 1538 1814 1830 1836 1838 1914 1938 1946 2314 2330 2336 2346 4036 4330 
m2571 13 36 38 40 1813 1913 1936 1940 2013 2036 
m1058 23 30 46 1180 1523 1530 1546 2330 2346 4823 
m1157 22 30 46 1522 1546 2322 4846 
m3077 23 30 36 38 40 46 1180 1186 1190 1523 1530 1536 1540 1546 1830 1923 1930 1936 1940 1946 2023 2030 2036 2038 2040 2046 2323 2330 2340 4836 
m428 14 22 46 722 2314 2322 2346 4814 
m2276 12 14 46 712 2314 2346 3146 3246 4812 
m758 13 20 22 33 36 37 40 672 686 690 1013 1020 1022 1033 1036 1040 1120 1122 1136 1140 1672 1686 1690 1813 1820 1822 1836 1840 1870 1872 1886 1890 2013 2020 2022 2036 3183 
m3127 22 23 30 46 1122 1123 1130 1146 1172 1173 1180 1196 1522 1523 1530 1546 2323 2330 2346 3696 
m3328 22 23 30 36 40 41 46 49 1122 1123 1130 1136 1140 1141 1146 1149 1172 1173 1186 1190 1191 1199 1522 1523 1530 1536 1541 1546 1549 1823 1840 2023 2036 2040 2072 2073 2086 2090 2096 2099 2322 2330 2336 2340 2341 2346 2349 2472 2473 2486 2490 2496 3696 4823 
m1019 22 30 36 40 41 46 1122 1140 1141 1146 1522 1536 1540 1822 1840 1841 1846 2022 2036 2040 2041 2046 2072 2096 2322 
m1232 36 46 49 1849 2346 2349 4836 
m582 41 46 2341 2346 
m1786 23 30 46 1180 1523 1530 1546 2330 2346 4823 
m3377 36 46 4836 4846 
m24 22 23 36 40 45 1122 1123 1136 1140 1145 1173 1822 1823 1836 1840 1845 2022 2023 2036 2040 2045 2273 3673 
m2122 23 38 1173 1188 1923 
m1858 22 44 46 1146 2344 2346 4846 
m1015 36 38 1936 1938 
m372 14 22 46 722 1114 1146 2322 3246 
m3352 13 22 33 36 40 672 686 690 1113 1133 1136 1140 1672 1686 1690 1822 2022 2036 3183 
m3622 22 23 36 38 41 1122 1123 1136 1141 1172 1822 1823 1922 1923 1936 1941 2072 2073 2086 2088 2091 3673 4323 4586 
m2154 23 30 44 46 1194 1523 1544 2330 2344 2346 4823 
m1434 22 37 40 45 46 1146 1872 1887 1890 1895 1896 2022 2037 2046 2287 2290 2295 2296 2322 2337 2340 2346 4396 
m1351 32 46 1632 1646 2332 2346 
m1819 23 30 46 1173 1180 1196 1523 1530 1546 2323 2330 2346 3696 4823 
m227 
m2947 23 30 36 38 46 49 1173 1180 1186 1188 1196 1199 1523 1530 1536 1538 1546 1549 1823 1830 1838 1846 1849 1923 1930 1936 1946 1949 2323 2330 2336 2338 2346 2349 2473 2480 2486 2488 2496 4823 
m3691 12 46 2346 4812 
m1243 36 38 40 46 49 1936 1938 1940 1946 2036 2046 2049 2346 2349 2486 4836 
m871 22 23 30 36 40 1123 1130 1173 1186 1190 1523 1536 1540 2023 2036 3673 
m1057 36 40 41 1836 1840 2036 2086 2090 2091 4586 
m2134 2 26 46 126 2302 2326 
m425 22 37 46 49 1122 1137 1146 1899 2346 2349 2496 4396 4837 
m1108 14 22 45 46 722 745 746 1146 2272 2296 2346 3246 
m1439 22 23 30 1122 1123 1130 1522 1523 
m935 33 38 40 46 1690 1696 1933 1938 1940 1946 2333 2338 2340 2346 
m2717 22 37 46 1122 1137 1146 1896 2346 4837 
m1010 36 37 40 1836 1837 1840 2036 2037 2040 
m3294 22 23 24 40 45 46 1122 1145 1172 1190 1195 1222 1240 1245 1246 2022 2023 2024 2040 2045 2046 2272 2295 2322 2340 2345 3696 3723 
m1468 37 46 2337 
m1508 22 36 38 48 49 1136 1148 1149 1822 1836 1838 1848 1849 1922 1936 1948 1949 2422 2436 2438 2448 2449 2486 2498 
m1420 3 14 703 714 
m2023 5 13 22 33 36 40 263 272 283 286 290 672 686 690 1122 1136 1140 1672 1686 1690 1822 2022 2036 3183 
m2931 22 30 36 40 41 49 1136 1140 1536 1541 1549 1830 1836 1840 1841 1849 2030 2036 2040 2041 2049 2072 2086 2090 2091 2099 2472 2486 
m468 37 46 4837 
m982 13 22 45 695 1113 1122 1145 
m2838 23 38 1923 
m1792 4 26 38 226 238 1304 1326 1338 1904 1926 2704 
m2190 22 37 46 1122 1137 1146 2322 2337 2346 4837 
m1438 14 36 40 46 1814 1836 1840 1846 2014 2036 2040 2046 2314 2336 2346 3236 4346 4814 4836 
m650 22 23 36 40 1122 1123 1136 1140 1172 1173 1186 1190 1822 1836 1840 2022 2023 2036 2040 3673 4336 
m1884 23 36 41 49 1191 1823 1836 1841 1849 2473 2486 2491 3686 4323 4336 4341 
m417 22 23 30 46 1122 1123 1130 1146 1180 1523 1530 1546 2323 2330 3673 4823 
m1164 22 23 36 40 46 49 1122 1123 1136 1146 1149 1172 1822 1849 2022 2023 2036 2046 2049 2322 2323 2336 2349 2472 2473 2486 4323 4336 4836 
m3355 22 23 45 1122 1123 1145 1173 2272 2273 2295 3673 
m1304 30 36 46 49 1549 1830 1846 1849 2330 2336 2346 2349 
m1523 32 36 38 46 1832 1932 1936 1946 2332 2336 2346 4836 
m2090 23 24 40 46 1190 1240 1246 2023 2024 2040 2046 2323 2324 2340 2346 3696 3723 
m330 26 27 46 1326 1327 1346 1376 1396 2326 
m386 22 23 1122 1123 1173 3673 
m1509 26 32 36 38 46 1332 1336 1346 1832 1926 1932 1936 1938 1946 2332 2336 2346 4836 
m2096 46 2346 
m1426 22 23 36 40 41 46 49 1122 1123 1136 1140 1141 1191 1822 1823 1836 1840 1841 1849 2022 2023 2036 2040 2041 2046 2072 2073 2086 2090 2091 2322 2323 2336 2340 2341 2349 2472 2473 2486 2490 2491 4323 4336 4346 4836 
m635 14 36 40 46 1814 1836 1846 2014 2036 2040 2046 2336 2346 4314 4346 4814 
m1093 23 45 1195 
m896 22 23 30 36 40 46 49 1172 1173 1190 1196 1522 1523 1536 1546 1549 1822 1823 1840 2022 2023 2046 2322 2472 2473 2486 2490 2496 3696 4323 4346 
m1747 14 23 30 46 1514 1523 1546 2314 2323 2330 2346 3664 4814 4823 
m1389 14 38 46 1914 1946 4814 
m3602 
m3441 13 22 38 672 1113 1138 1913 1922 
m709 23 30 36 40 41 1173 1180 1186 1190 1191 1523 1823 1830 1836 1841 2023 2030 2036 2073 2080 2086 2090 2091 3673 4323 4586 
m2997 21 23 36 1071 1073 1821 4321 4323 4336 
m726 22 23 36 40 41 46 1122 1136 1140 1141 1186 1190 1191 1196 1823 1836 1840 1841 1846 2023 2036 2040 2041 2046 2072 2073 2086 2090 2091 2096 2336 2340 2341 3686 
m3136 38 49 1938 1949 
m2054 23 31 46 49 1196 1573 1596 2346 2473 2481 2496 2499 
m3472 22 37 46 1122 1137 1146 1872 2322 2337 2346 4837 
m3181 22 30 40 46 1122 1130 1140 1146 2022 2030 2040 2046 2322 2330 2340 2346 
m498 22 36 37 40 1122 1136 1137 1140 1822 1872 1886 1890 2022 2036 
m1448 22 37 46 49 1872 2322 2346 2487 2496 4396 4837 
m2867 26 38 46 1926 1938 1946 2326 
m83 22 23 30 46 1123 1130 1146 1180 1523 1530 1546 2330 4823 
m3548 22 23 36 40 41 1122 1123 1136 1140 1141 1172 1173 1186 1822 1823 1836 1840 1841 2022 2023 2036 2040 2041 2072 2073 2086 2090 3673 4586 
m2493 38 46 1938 1946 2346 
m1023 14 40 46 2014 2040 2046 2314 2346 3214 4814 
m1951 22 40 46 1140 1146 2022 2040 2046 2340 2346 
m2829 3 22 23 36 40 41 46 172 186 190 196 1122 1136 1140 1146 1191 1822 1823 1836 1840 1841 1846 2022 2023 2036 2040 2041 2046 2323 2336 2341 2346 3686 4336 4341 4346 4823 
m884 38 46 1946 2338 2346 
m208 17 40 46 2017 2046 2346 4817 
m188 22 36 41 1122 1136 1141 1841 2091 4586 
m2700 13 33 36 49 663 683 686 699 1663 1683 1686 1699 1833 1849 2463 2483 2486 3183 
m1567 16 22 23 30 46 830 1116 1122 1123 1130 1146 1523 1546 2316 2330 2346 3323 3346 3696 4823 
m2269 22 36 40 41 45 1122 1136 1140 1141 1145 1822 1836 1840 1845 2022 2036 2040 2045 2072 
m2606 22 38 44 46 1146 1922 1944 1946 2344 2346 4846 
m2242 12 22 23 36 40 46 49 636 649 1186 1199 1822 1836 1840 2022 2036 2336 2349 2486 3123 3146 3686 4336 4823 
m1140 45 2295 
m1626 23 30 36 40 41 49 1186 1190 1199 1523 1530 1536 1540 1549 1836 1840 1849 2073 2080 2086 2090 2099 2486 2490 2499 3686 4336 
m740 8 13 32 33 46 49 408 413 432 433 446 449 682 1682 2313 2332 2333 2463 2482 2483 2496 4163 
m169 32 36 38 40 46 1636 1638 1640 1646 1836 1838 1840 1846 2036 2046 2332 2336 2338 2340 2346 4136 4336 4346 
m760 30 36 46 49 1536 1549 1849 2330 2336 2346 2349 
m2395 5 36 46 1805 1846 2305 2336 2346 4346 4836 4846 
m82 14 22 46 722 746 2322 2346 
m3191 16 26 36 40 46 49 826 1826 2016 2036 2046 2316 2326 2346 2466 2486 2490 2496 3336 3346 4346 4836 
m763 14 26 46 714 726 746 1314 1326 1346 2314 2326 2346 4814 
m148 13 22 41 691 1113 1122 1141 
m3398 22 23 30 36 40 41 1122 1123 1130 1136 1140 1173 1522 1523 1536 1822 1823 1830 1836 2022 2023 2030 2036 2072 2073 2080 2086 2090 2091 3673 4323 4586 
m1407 22 23 46 1123 1172 1173 2322 2323 3673 4823 
m1440 26 32 36 46 1326 1332 1336 1346 1832 2332 2336 2346 4836 
m835 13 38 46 688 1913 1938 1946 2313 2338 2346 3196 
m3241 36 48 49 1848 1849 2486 2498 2499 4336 
m2239 22 36 40 41 1122 1136 1140 1141 1822 1836 1840 1841 2022 2036 2040 2041 2072 2086 2090 
m2508 22 23 36 40 1122 1123 1136 1140 1173 1186 1190 1823 1836 2022 2023 2036 2040 3686 4323 
m2485 36 49 1836 1849 2499 
m2155 22 23 30 41 1122 1123 1130 1141 1173 1191 1522 1523 1541 2073 3673 
m1801 22 23 36 38 40 41 1122 1123 1136 1140 1173 1186 1190 1823 1836 1922 1923 1936 1940 1941 2022 2023 2036 2040 2072 2073 2086 2090 3686 4323 
m1027 22 23 30 41 1122 1123 1130 1172 1173 1180 1522 1523 1530 2072 2073 2080 3673 
m1313 14 22 46 714 746 1114 1146 2314 2346 3246 4814 
m1788 22 38 46 49 1122 1138 1146 1149 1922 1938 1946 1949 2322 2346 2349 
m2132 22 45 46 1145 2322 2345 2346 
m2089 46 2346 
m192 37 46 4396 
m1762 22 23 30 36 40 46 1122 1123 1130 1136 1140 1146 1172 1173 1522 1523 1530 1540 1546 1822 1823 1830 1840 1846 2022 2023 2030 2036 2040 2046 2322 2323 2330 2340 2346 3696 4823 
m1648 22 23 26 30 36 40 41 1122 1123 1126 1136 1140 1141 1172 1173 1180 1186 1191 1323 1336 1340 1523 1536 1541 1822 1823 1826 1836 1840 1841 2022 2023 2026 2036 2040 2041 2072 2073 2076 2086 2090 3673 4586 
m1346 36 49 1836 1849 2499 
m265 26 37 46 1326 1337 1346 1876 2326 4396 
m3499 22 32 46 1122 1132 1146 1622 1632 1646 2322 2332 2346 4846 
m1447 21 22 23 36 41 1121 1122 1123 1171 1172 1173 1821 1822 1823 2071 2072 2073 3673 4586 
m2664 30 38 41 46 1930 1941 1946 2080 2330 2338 2341 2346 
m1307 30 46 2330 2346 4846 
m2360 5 36 46 49 286 296 299 1836 1849 2305 2336 2346 2349 4836 4846 
m1872 46 2346 
m2344 22 30 36 40 46 1122 1130 1136 1146 1522 1536 1822 2022 2030 2036 2322 2330 2336 2340 2346 4836 
m2778 3 30 38 46 180 1530 1903 1930 1938 1946 2330 4803 
m1623 22 30 36 40 41 1136 1141 1522 1536 1540 1541 1822 1836 1840 1841 2022 2036 2040 2041 2086 4336 4586 
m2537 22 37 46 1122 1137 1146 2322 2337 2346 4837 
m1926 23 36 40 41 46 49 1191 1836 1841 2023 2036 2041 2323 2336 2340 2341 2349 2473 2486 2490 2491 2496 2499 3686 4323 4336 4836 
m1233 22 23 36 38 41 1122 1123 1136 1138 1141 1922 1923 1936 1938 1941 2073 3686 4586 
m1204 30 38 40 45 46 1930 1938 1945 1946 2030 2038 2045 2046 2280 2288 2296 2330 2338 
m1998 22 23 30 36 1172 1180 1522 1822 1823 1830 
m2631 36 38 46 1936 1938 1946 2336 2346 
m3087 22 23 36 40 46 49 1122 1123 1136 1146 1149 1199 1849 2022 2023 2036 2046 2336 2346 2349 3686 4823 4836 
m2213 22 40 44 46 1146 2022 2044 2046 2344 2346 4846 
m518 5 36 38 46 49 286 296 299 1849 1905 1936 1946 2346 2349 4836 
m2855 22 23 30 40 41 1130 1140 1180 1523 1530 2022 2023 2030 2072 2090 
m3050 23 31 46 49 1196 1573 1596 2323 2346 2473 2481 2496 
m2000 22 23 30 36 40 45 1123 1130 1136 1145 1523 1830 2022 2023 2030 2036 2045 2273 2280 2286 4323 
m761 5 26 36 46 49 50 276 296 300 1346 1350 1805 1826 1846 1849 1850 2305 2326 2346 2349 2350 2455 2476 2496 2500 
m1071 22 36 37 40 41 46 1122 1136 1137 1140 1141 1146 1822 1837 1840 1846 2022 2036 2037 2040 2041 2046 2072 2086 2087 2090 2096 2322 2336 2340 2341 2346 4396 
m146 12 22 23 36 41 46 49 622 623 636 641 649 1123 1136 1141 1191 1822 1823 1841 2322 2323 2336 2341 2349 2472 2473 2486 2491 3136 4323 4336 4812 
m2573 38 46 1938 1946 2338 2346 
m633 22 30 36 40 41 49 1122 1130 1136 1140 1141 1149 1536 1540 1822 1840 1841 2022 2036 2040 2041 2080 2086 2090 2472 2486 2490 
m276 22 23 30 36 40 41 1122 1123 1130 1136 1140 1141 1172 1173 1186 1190 1191 1522 1523 1536 1541 1840 1841 2023 2036 2041 2072 2073 2086 2090 2091 3673 3686 4323 4336 4586 
m3577 22 23 36 40 41 1122 1123 1136 1140 1141 1172 1173 1822 1823 1836 1840 1841 2022 2023 2036 2040 2041 2072 2073 2086 2090 3673 4586 
m260 14 32 46 732 2332 4814 
m1945 22 40 46 1140 1146 2040 2046 2340 2346 
m2555 14 46 714 3246 4814 
m2042 14 23 30 38 40 730 1180 1514 1523 1530 1540 1914 1923 1930 1940 2014 2023 2030 3223 
m2004 26 39 40 46 1339 1340 1346 1990 2339 2340 4496 4846 
m1862 23 
m2327 22 23 36 40 46 49 1172 1822 1823 1836 1840 1849 2022 2023 2036 2040 2046 2049 2322 2323 2336 2340 2349 2473 2486 2490 4323 4336 4346 4836 
m2468 38 46 1938 2338 
m3244 5 36 45 286 295 1845 2255 2286 2295 4336 
m1911 22 40 45 46 49 1145 2046 2272 2295 2322 2345 2346 2490 2496 
m572 22 32 46 1122 1132 1146 2322 2332 2346 4846 
m1773 14 22 36 38 46 722 1814 1822 1914 1936 1946 2314 2322 2336 2346 4814 
m1817 5 22 37 46 255 1105 1137 1146 1855 1887 1896 2305 2322 2337 2346 4837 
m341 23 30 33 38 46 1180 1523 1530 1533 1546 1680 1923 1930 1933 1946 2323 2330 2333 2346 4173 4823 
m673 22 32 46 49 1122 1132 1146 1622 1646 1649 2322 2332 2346 2349 2472 2482 2496 4846 
m3365 6 14 32 36 314 332 732 1806 1814 1832 
m3072 22 23 30 36 40 41 1122 1123 1130 1136 1140 1172 1180 1186 1522 1523 1536 1822 2023 2030 2036 2072 2073 2080 2086 2090 3673 4323 
m1760 5 36 46 49 286 296 299 1849 2346 2349 2499 4836 
m313 13 14 22 40 46 672 722 2013 2014 2040 2046 2313 2314 3164 
m2157 5 13 33 46 263 283 296 696 2305 2313 2333 2346 3183 
m2735 23 41 1173 1191 2073 3673 
m1879 14 23 30 38 40 730 1180 1514 1523 1530 1540 1914 1923 1930 1940 2014 2023 2030 3223 
m206 30 36 37 40 46 1536 1537 1540 1546 1837 1840 1846 1890 2037 2046 2340 4396 
m3458 26 40 46 2026 2040 2046 2326 
m3295 37 41 46 1891 2087 2091 2096 2341 4396 
m3301 26 38 46 1346 1926 1946 2346 
m556 13 38 1913 1938 
m3563 32 36 38 46 1832 1932 1936 1938 1946 2332 2336 2346 4836 
m732 46 2346 
m2824 13 46 2313 2346 4813 
m300 14 40 46 740 2014 2040 2046 2340 2346 3246 4814 
m2322 14 22 26 46 714 722 726 746 1114 1122 1126 1146 1314 1322 1346 2314 2322 2326 2346 3246 
m3515 22 26 33 1122 1126 1133 1676 
m2739 6 14 23 32 36 706 723 732 736 1156 1182 1606 1636 1806 3686 
m2424 22 37 46 1872 1896 2322 2346 4837 
m2971 22 23 30 36 41 1123 1130 1523 1822 1823 1830 2072 2073 2080 3673 4323 4586 
m86 14 40 46 2014 2040 2046 2314 2346 4814 
m2078 26 41 46 1341 1346 2096 
m3623 22 23 30 36 40 46 49 1122 1123 1130 1136 1140 1146 1149 1172 1173 1180 1186 1190 1199 1522 1523 1530 1536 1540 1546 1549 1823 1840 2022 2023 2030 2036 2040 2046 2322 2330 2336 2340 2346 2349 2472 2473 2480 2486 2490 2496 3696 4823 
m3461 23 30 36 41 1173 1180 1186 1191 1523 1530 1536 1541 1823 1830 1836 1841 2073 2080 2086 2091 3673 4323 4586 
m2052 30 36 46 49 1530 1536 1546 1549 1849 2330 2336 2346 2349 
m3199 22 46 1122 1146 2322 2346 
m2516 5 13 22 26 33 36 40 655 1113 1122 1126 1133 1136 1140 1305 1313 1333 1655 1663 1683 1805 1813 1826 1833 1840 2005 2013 2026 2033 4163 
m933 14 37 46 2314 2337 2346 4364 4814 
m2514 22 36 41 1122 1136 1141 1841 2091 4586 
m1637 21 22 23 30 36 40 46 1072 1073 1080 1090 1096 1121 1122 1123 1130 1136 1140 1146 1172 1173 1522 1523 1530 1546 1821 1822 1823 1830 1840 1846 2021 2022 2023 2030 2036 2040 2046 2321 2322 2323 2330 2340 2346 3696 4823 
m1891 9 23 30 46 1159 1509 1523 1546 2309 2323 2346 4823 
m1254 14 40 46 2014 2040 2046 2314 2346 4814 
m2898 23 24 40 46 1190 1240 1246 2023 2024 2040 2046 2340 3696 3723 
m3655 21 36 40 46 1090 1096 1840 1846 2321 2336 2340 2346 4321 
m3318 37 46 49 1899 2337 2346 2349 4396 4837 4846 
m368 26 36 37 46 49 1826 1837 1846 1849 1876 1899 2326 2476 2496 4396 
m693 14 23 36 38 46 49 1164 1814 1823 1838 1846 1849 1914 1923 1946 1949 2323 2464 2473 2496 4814 
m1028 14 16 23 46 716 723 746 2316 3323 4823 
m103 5 45 2255 
m168 22 
m1115 22 23 46 1123 1146 1172 1173 2322 2323 3673 4823 
m89 8 23 30 38 46 423 430 1173 1180 1508 1523 1908 1923 1930 1946 2308 2323 2330 3673 
m952 22 40 46 1146 2046 2322 2340 2346 
m2172 5 23 32 36 46 273 282 286 1623 2305 2323 2332 2336 2346 4323 4332 4823 4836 
m1113 32 44 46 1632 1644 1646 2344 
m1678 23 30 36 39 40 41 1173 1180 1186 1190 1191 1523 1823 1830 1836 1973 1986 1990 1991 2023 2030 2036 2041 2073 2080 2086 2091 3673 3686 4323 4586 
m595 23 35 46 1773 2335 2346 4823 
m2594 14 40 46 2014 2040 2046 2314 2346 4814 4846 
m2911 13 46 2313 2346 
m730 22 36 37 46 49 1822 1837 1846 1849 1872 2322 2346 2487 2496 4396 4837 
m36 22 32 36 40 46 49 1136 1140 1146 1149 1640 1646 1832 1836 1840 1846 2032 2036 2040 2046 2049 2332 2336 2340 2346 2349 2486 2490 2496 4136 4346 
m1823 32 46 2332 
m1205 38 44 45 46 49 1938 1946 2238 2246 2249 2288 2294 2296 2299 2338 2344 2346 2349 
m126 22 23 30 36 40 41 46 1130 1146 1541 1546 1836 1841 2023 2036 2041 2073 2086 2323 2336 2340 2341 3686 4323 4591 
m553 12 17 46 612 2312 2317 2346 3117 4812 
m2318 14 23 38 46 1164 1196 1914 1923 1946 4814 
m2272 33 38 41 46 1691 1933 1941 1946 2341 4833 
m3599 22 23 30 1122 1123 1130 1172 1173 1180 1522 1523 1530 
m1285 9 36 40 46 49 490 496 499 1840 1849 2049 2309 2336 2340 2346 2349 2459 2486 2490 2496 2499 2959 2986 
m1012 26 33 37 44 46 1333 1337 1344 1346 2233 2237 2333 2337 2344 2346 4383 
m3677 22 23 30 36 41 1123 1130 1136 1141 1186 1191 1523 1536 1841 2073 2080 2091 3673 4323 4586 
m2731 32 36 38 41 46 49 1641 1646 1938 1941 1946 1949 2332 2336 2341 2346 2482 2486 2491 2496 4136 4586 
m1357 23 30 37 39 1180 1523 1530 1537 1539 1880 1980 1987 4373 4473 
m1954 13 22 33 36 40 672 1113 1122 1133 1136 1140 1672 1813 1822 1833 1840 2013 2022 2033 4163 
m2164 22 37 38 46 49 1137 1146 1149 1899 1922 1937 1938 1946 1949 2349 4396 
m2741 38 46 49 1938 1946 1949 2349 
m1443 22 23 41 1122 1123 1173 2072 2073 3673 
m3051 13 25 38 46 675 1913 1925 1946 2313 2325 
m314 13 20 22 33 36 40 672 686 690 1013 1022 1033 1036 1040 1122 1136 1140 1672 1686 1690 1822 2022 2036 3183 
m998 5 36 46 49 286 296 299 1836 1849 2336 2346 2349 2486 2496 2499 4836 
m3565 27 32 1382 
m1647 16 22 23 46 822 846 1122 1146 1172 2322 3323 3696 
m350 10 26 32 46 526 532 546 1310 1326 1332 1346 1610 1626 1632 1646 2310 2326 2332 2346 
m2670 22 44 46 1146 2322 2344 2346 4846 
m3350 5 13 30 33 46 655 680 1505 1655 1680 2305 2313 2330 2333 4163 
m3067 22 30 36 41 45 1130 1536 1541 2272 2280 4586 
m951 22 36 40 41 46 1136 1141 1146 2022 2036 2041 2046 2086 2096 2336 
m2542 22 23 30 46 1122 1123 1130 1146 1180 1523 1530 1546 2330 2346 4823 
m3528 
m2071 2 40 46 140 146 2046 
m1697 23 36 40 46 49 1836 1849 2036 2046 2323 2336 2349 2473 2486 4323 4336 4836 
m228 22 38 44 46 1146 1922 1944 1946 2344 2346 4846 
m1235 23 30 36 41 49 1191 1523 1530 1541 1823 1830 1836 1841 1849 2073 2080 2086 2091 2099 2473 2480 2486 2491 2499 
m1810 46 2346 
m589 22 23 36 40 1122 1123 1136 1140 1173 1822 1823 1840 2022 2023 3673 
m127 13 22 44 46 694 1113 1146 2313 2344 
m3666 46 2346 
m3170 22 23 36 40 41 1122 1123 1136 1140 1141 1173 1822 1823 1836 2022 2023 2036 2072 2073 2086 2090 2091 3673 4323 4586 
m2057 5 37 46 255 287 1855 1887 1896 2305 2337 2346 4837 
m3569 20 40 48 2020 2420 2440 
m1471 22 23 45 1123 1173 1195 3673 
m1536 23 36 40 46 49 1186 1196 1836 1846 2023 2036 2046 2323 2473 2486 2490 2496 3673 4323 4836 
m1272 38 41 46 49 1938 1946 1949 2088 2096 2099 2341 2346 2349 
m876 23 36 40 46 49 1190 1823 1836 1840 1846 1849 2023 2036 2040 2046 2336 2340 2346 2349 2473 2486 2490 4323 4346 4823 4836 
m1601 23 30 46 1523 1530 1546 2346 3696 4823 
m1663 36 37 49 1836 1837 1849 2486 2487 2499 
m877 22 23 36 40 41 1123 1141 1173 1186 1190 1823 1836 2023 2036 2040 2072 2073 2086 2090 2091 3686 4323 
m354 22 37 46 1872 1896 2322 2346 4837 
m432 33 45 46 1695 2283 2295 2333 2345 
m3639 26 38 46 1926 1938 1946 2326 
m1171 36 38 1836 1936 1938 
m2988 13 22 36 38 40 45 1113 1136 1138 1140 1145 1813 1840 1913 1936 1940 2013 2263 2286 2288 2290 
m3260 22 23 36 40 41 1122 1123 1136 1140 1141 1172 1173 1822 1823 1836 1840 1841 2022 2023 2036 2040 2041 2072 2073 3673 4586 
m748 22 23 30 46 1122 1123 1130 1146 1180 1523 1530 1546 2330 2346 4823 
m3560 23 30 1523 
m2281 12 38 41 46 1912 1941 1946 2062 2091 2096 2312 
m394 14 20 40 46 1014 1040 1046 2014 2046 3246 
m2359 14 22 36 40 46 722 740 746 1140 1146 1822 1840 2014 2036 2040 2046 2322 2336 2340 2346 3236 4346 4814 
m1906 8 32 37 46 49 408 437 446 449 1882 1896 2332 2346 2482 2487 2496 4396 
m649 14 32 36 41 46 1614 2064 2082 2086 2314 2332 2336 2341 4136 4314 
m2816 23 30 36 40 41 49 1186 1190 1199 1523 1530 1536 1540 1549 1823 1836 1840 1849 2073 2080 2086 2090 2099 2490 3686 4336 
m2193 20 40 48 1040 2040 2420 2440 
m34 32 37 1882 
m561 22 23 1123 1173 3673 
m2512 22 23 30 36 41 1123 1130 1136 1141 1180 1523 1823 1830 2073 2080 3673 4323 4586 
m3631 22 23 36 40 41 1172 1186 1190 1191 1822 1836 1840 1841 2022 2023 2036 2040 2041 2072 2073 2086 2090 2091 3686 4323 4336 4586 
m3132 22 46 1122 1146 2346 
m1771 22 23 30 36 40 46 1122 1123 1130 1136 1140 1146 1172 1173 1180 1186 1190 1522 1523 1530 1536 1540 1546 1823 1840 2022 2023 2030 2036 2040 2046 2322 2330 2336 2340 2346 3696 4823 
m2048 14 46 49 2314 2346 2464 2496 4814 4846 
m1770 22 37 46 1122 1137 1146 2322 2337 2346 4837 
m391 22 30 36 40 41 1122 1130 1136 1140 1141 1522 1541 1840 2036 2040 2086 2090 
m2167 45 46 2296 2345 2346 
m1210 26 32 36 46 1332 1336 1346 1832 2332 2336 2346 4836 
m849 38 40 41 46 1940 1941 1946 2090 2340 2341 
m58 22 23 30 46 1122 1123 1130 1146 1523 1530 1546 2330 2346 3696 4823 
m1238 30 32 36 46 1630 1830 1846 2330 2332 4332 
m2386 5 13 22 26 33 36 40 263 272 283 286 290 672 686 690 1113 1122 1133 1136 1140 1305 1313 1322 1333 1336 1340 1655 1663 1672 1683 1686 1690 1822 2022 2036 3183 
m467 36 40 46 1836 1840 1846 2036 2040 2046 2336 2340 4846 
m3636 21 36 38 45 1095 1845 1921 1936 1945 3586 
m2328 6 36 42 46 49 2306 2336 2342 2456 2486 2492 2496 2836 4606 4636 
m307 44 46 2244 2246 2344 2346 4846 
m2076 46 2346 
m3137 23 38 46 49 1188 1199 1938 1946 2338 2346 2349 3696 4823 
m1110 14 22 45 46 722 746 1146 2264 2296 2346 3246 
m1054 14 22 40 46 1114 1140 1146 2014 2040 2046 2314 2346 4814 4846 
m2903 22 36 40 41 1136 1140 1141 1841 2036 2041 4336 4586 
m3526 36 41 1836 1841 2086 2091 4586 
m65 11 13 22 33 36 40 661 1111 1113 1122 1133 1136 1140 1661 1811 1813 1833 1840 2011 2013 2033 4163 
m3281 13 38 1913 1938 
m1577 36 46 49 1846 1849 2336 2346 2486 2496 4336 4346 4846 
m302 3 30 36 40 46 180 186 190 196 1830 2030 2036 2046 2330 4836 
m1133 37 45 46 2287 2296 2337 2346 4837 
m2533 36 40 41 46 1840 2036 2040 2041 2046 2086 2096 2336 2340 2346 4346 4846 
m3157 22 37 40 46 1137 1146 2022 2037 2040 2046 2337 2346 4837 
m2091 14 32 49 732 2464 
m1589 22 23 36 40 41 46 49 1136 1140 1146 1172 1186 1190 1196 1199 1822 1823 1836 1840 1846 1849 2022 2023 2036 2040 2046 2049 2072 2073 2086 2099 2322 2323 2336 2340 2341 2346 2349 2472 2473 2486 2490 2496 3686 4323 4336 4836 
m2584 26 38 46 1926 1946 2326 
m3403 38 45 46 49 1938 1946 1949 2288 2296 2299 2349 
m2517 22 23 30 46 49 1122 1123 1130 1146 1180 1523 1530 1546 2330 2346 2472 2473 2480 2496 4823 
m1467 22 23 41 1123 1141 1173 2073 3673 
m1036 22 23 36 40 41 1122 1123 1136 1140 1141 1173 1186 1190 1823 1836 2022 2023 2036 2040 2041 2072 2073 2086 2090 2091 3686 4323 
m2771 22 32 46 1122 1132 1146 2332 2346 
m217 28 46 1428 2328 2346 
m617 22 46 1122 1146 2322 2346 4846 
m1279 14 29 31 36 49 729 731 736 1579 1586 1814 1829 1831 1836 1849 2464 2479 2481 2486 3236 4086 4336 
m3053 22 23 30 36 37 40 41 46 49 1123 1130 1136 1137 1140 1146 1149 1180 1523 1530 1546 1822 1823 1830 1836 1837 1840 1846 1849 1872 1873 1880 1886 1890 1896 2022 2023 2030 2036 2037 2040 2046 2072 2086 2090 2099 2330 2346 2472 2473 2480 2486 2487 2490 2496 4396 4823 
m1029 21 22 23 1072 1073 1171 1172 1173 
m3634 14 44 46 49 744 746 2344 2464 2494 2496 
m2033 22 23 36 40 46 49 1123 1136 1146 1199 1822 1823 1836 1840 1846 1849 2022 2023 2036 2040 2046 2049 2323 2336 2346 2349 3686 4346 4823 4836 
m268 22 23 30 36 40 41 46 49 1122 1123 1130 1136 1140 1141 1146 1172 1173 1180 1186 1190 1196 1523 1530 1536 1540 1546 1822 1823 1830 1836 1840 1841 1846 1849 2022 2023 2030 2036 2040 2041 2046 2049 2072 2073 2080 2086 2090 2096 2330 2346 2472 2473 2486 2490 2491 3696 4336 4346 4823 
m1102 22 32 33 36 40 1122 1132 1133 1136 1140 1633 1636 1832 1833 1836 1840 2032 2033 2036 4186 4333 4336 
m1349 14 23 32 36 49 723 732 736 749 1182 1199 1636 1649 1849 3686 
m1112 22 23 30 36 41 1122 1123 1130 1136 1141 1172 1173 1180 1523 1822 1823 2072 2073 3673 4586 
m1131 30 36 38 40 46 1830 1930 1936 1940 1946 2030 2036 2046 2330 2336 2340 2346 4836 
m972 23 30 38 46 1180 1523 1530 1538 1546 1923 1930 1938 1946 2330 4823 
m3637 36 46 2336 
m1880 8 46 49 408 446 449 2349 
m555 5 37 46 1855 2305 4837 
m909 23 26 34 36 46 1176 1184 1186 1196 1726 1746 1826 1846 2326 4334 
m535 
m284 14 26 32 726 1614 1626 
m448 23 24 40 46 1190 1240 1246 2023 2024 2040 2046 2323 2324 2340 2346 3696 3723 
m3299 23 36 3686 
m2866 23 30 41 46 1180 2073 2080 2096 2323 2330 2341 4823 4846 
m3445 
m1187 23 30 46 1180 1523 1530 1546 2330 4823 
m625 22 23 30 36 40 41 46 49 1122 1123 1130 1136 1140 1141 1146 1149 1172 1173 1190 1191 1522 1523 1530 1536 1540 1541 1546 1822 1823 1830 1836 1840 1841 1846 1849 2022 2023 2030 2036 2040 2041 2046 2049 2322 2323 2330 2336 2340 2341 2346 2472 2473 2480 2486 2490 2496 3696 4823 
m2818 30 36 38 1530 1538 1838 1930 1936 1938 4036 4330 
m2011 22 38 46 49 1122 1146 1149 1922 1938 1946 1949 2322 2346 2349 4846 
m3617 22 23 30 46 1122 1123 1130 1146 1523 1546 2323 3673 4823 
m184 22 23 36 40 41 1122 1123 1136 1140 1141 1172 1173 1822 1823 1836 1840 1841 2022 2023 2036 2040 2041 2072 2073 3673 4586 
m2241 23 30 45 46 1180 1195 1196 2280 2296 2330 2345 2346 3696 4823 
m3307 
m2861 23 30 36 41 1186 1191 1523 1536 1541 3673 3686 4586 
m3223 14 46 49 2314 2346 2464 2496 4814 
m782 5 7 13 22 257 263 272 363 372 1107 1113 1122 
m1155 22 37 46 49 1872 2322 2346 2487 2496 4396 4837 
m1835 26 36 46 1336 1346 4836 4846 
m53 22 37 46 1122 1137 1146 2322 2337 2346 4837 
m1032 22 23 36 40 41 1122 1123 1136 1140 1141 1173 1823 1836 1840 1841 2023 2036 2040 2041 2072 2073 2086 2090 2091 3686 4323 
m769 22 23 30 1122 1123 1130 1180 1522 1523 1530 
m3359 36 37 40 46 1836 1837 1840 1846 2036 2037 2040 2046 2337 2346 4346 4837 
m1525 26 32 36 38 46 1332 1336 1346 1832 1926 1932 1936 1946 2332 2336 2346 4836 
m979 32 37 1632 1637 1882 
m1100 14 36 38 40 738 1838 2014 2036 2038 2040 4314 
m1069 23 36 45 46 1186 1196 1836 1846 2273 2286 2296 3686 4836 
m358 14 22 40 45 46 722 2014 2045 2046 2264 2272 2296 2314 2322 2340 2345 2346 4814 
m2435 22 36 40 46 1122 1136 1140 1146 1840 1846 2022 2036 2040 2046 2322 2340 2346 4836 
m3189 22 36 40 41 1822 1840 2022 2036 2072 2086 2090 4336 4586 
m102 14 36 38 41 46 714 1814 1836 1838 1914 1936 2064 2086 2088 2096 2314 2336 2338 3236 4314 4586 4814 
m231 34 36 1734 1736 1834 1836 4236 4334 
m3310 12 22 23 30 46 612 622 623 630 646 1112 1122 1123 1130 1180 1512 1522 1523 1530 2312 2322 2323 2330 2346 4812 
m187 22 36 40 41 1136 1140 1141 1822 1836 1840 1841 2036 2041 2072 2086 2090 2091 4586 
m2727 6 14 23 32 36 706 723 732 736 1156 1182 1606 1636 1806 3686 
m2369 32 40 46 1632 1640 1646 2032 2040 2046 2332 2340 2346 
m1712 14 22 44 46 1114 1144 1146 2214 2246 2314 2322 2344 2346 3246 4846 
m1042 5 13 22 33 36 40 263 272 283 286 290 672 686 690 1113 1122 1133 1136 1140 1672 1686 1690 1822 2022 2036 2040 3183 
m2745 6 14 32 36 49 706 714 732 736 749 1606 1636 1806 2456 2482 2486 
m77 22 44 46 1122 1144 1146 2222 2246 2322 2344 2346 4846 
m174 22 32 46 1122 1132 1146 1632 2322 2332 2346 
m2136 13 22 33 36 40 46 49 672 686 690 1113 1133 1136 1140 1672 1686 1690 1822 2013 2022 2036 2046 2313 2322 2333 2336 2340 2349 2463 2472 2483 2486 2490 3183 
m3549 13 38 46 1913 1938 1946 2313 
m2112 14 26 32 46 1314 1346 1626 1646 2314 2346 4814 
m1277 20 22 36 41 1022 1120 1122 1136 1141 1820 1822 2070 2072 4586 
m2084 22 23 36 40 41 1123 1136 1140 1141 1173 1186 1190 1823 1836 2023 2036 2040 2072 2073 2086 2090 2091 3686 4323 
m423 14 22 46 722 2314 2322 2346 4814 
m1592 22 23 36 40 46 1122 1123 1136 1146 1172 1822 1823 1836 2022 2023 2036 2040 2046 2322 2323 4323 4346 4836 
m1101 46 2346 4846 
m1860 14 23 30 40 47 730 1180 1514 1523 1530 1547 2014 2023 2030 2047 2364 2373 2380 3223 
m899 22 23 36 41 1122 1123 1136 1141 1191 3686 4586 
m2151 22 23 30 36 40 41 46 1122 1123 1130 1136 1140 1141 1146 1180 1522 1523 1530 1536 1540 1546 1822 1823 1830 1836 1840 1846 2022 2023 2030 2036 2040 2046 2072 2086 2090 2091 2322 2323 2330 2340 4823 4846 
m2066 13 46 2313 
m2849 27 36 41 46 1386 1391 1396 1841 2336 2341 2346 4836 
m3440 46 4846 
m1074 32 36 46 49 1832 1849 2332 2336 2346 2349 2482 4332 4336 4836 
m3103 5 17 41 46 255 867 891 2091 2317 2341 2346 4817 
m3664 5 13 38 45 46 655 1913 1946 2255 2263 2288 2296 2305 2313 
m718 36 40 41 46 49 1841 2036 2040 2046 2336 2341 2346 2349 2486 2491 2496 4346 4836 4846 
m2680 32 36 38 46 1832 1932 1936 1938 1946 2332 2336 2346 4836 
m219 
m833 13 36 39 40 46 49 1813 1840 1846 1849 1963 1986 1990 1996 2013 2036 2040 2046 2049 2463 2496 4813 
m1621 14 36 40 46 1814 1840 1846 2014 2036 2040 2046 2314 2346 4346 4814 4846 
m3291 13 38 1913 1938 
m2304 23 36 38 40 41 46 1823 1838 1841 1923 1941 1946 2023 2036 2038 2040 2041 2046 2073 2323 2341 4346 
m1352 12 26 46 612 1312 1346 2312 2346 4812 
m2088 22 23 24 40 46 1123 1124 1140 1146 1190 1240 1246 2023 2024 2040 2046 2340 3696 3723 
m2208 14 714 
m3600 22 48 1122 1148 
m2583 14 40 46 2014 2040 2046 2314 2346 4814 
m1410 22 44 46 1146 2344 2346 4846 
m3210 22 23 30 38 1122 1123 1130 1138 1173 1180 1523 1922 1923 1930 1938 3673 
m1730 26 36 37 40 46 1346 1837 2036 2037 2040 2336 2337 
m2303 22 23 30 36 40 45 46 1123 1130 1136 1140 1146 1180 1523 1530 1536 1546 1830 2023 2030 2036 2046 2272 2273 2280 2286 2290 2296 2330 2336 4323 4823 
m1194 13 33 46 2313 2333 2346 4163 4813 4833 
m1241 22 36 38 40 1122 1136 1138 1140 1836 1838 1840 1936 1938 2036 2038 2040 
m1890 37 46 2337 2346 
m1399 22 36 40 46 1136 1140 1146 1840 2336 2340 4336 4836 
m2812 12 14 40 46 712 2012 2014 2046 2314 2346 3146 3246 4812 
m729 22 36 46 1136 1146 2346 4836 
m2166 23 30 36 41 1523 1536 1823 2073 2080 3673 4323 4586 
m234 22 23 36 40 1123 1136 1173 1186 1190 1836 1840 2036 3673 3686 
m3305 23 30 45 46 1523 1545 1546 2273 2296 2345 2346 3696 4823 
m47 23 30 36 40 46 1173 1190 1196 1523 1536 1540 1546 1823 1840 2023 2046 2340 3696 4323 4346 
m2045 44 46 49 2344 2349 2494 
m1916 22 36 40 46 1122 1136 1140 1146 1836 1840 2022 2036 2040 2046 2322 2336 2340 2346 4836 
m1935 28 36 38 1928 1936 1938 4328 
m1294 23 36 40 41 46 1191 1823 1836 1841 1846 2023 2036 2040 2041 2046 2323 2336 2341 2346 3686 4341 4346 4823 
m755 10 37 46 537 546 4396 
m660 22 23 30 36 37 40 46 49 1123 1130 1136 1137 1140 1146 1149 1180 1523 1530 1546 1822 1823 1830 1836 1837 1840 1846 1849 1872 1873 1880 1886 1890 1896 2022 2023 2030 2036 2037 2040 2046 2330 2346 2472 2473 2480 2486 2487 2490 2496 4396 4823 
m2579 22 23 36 40 46 1122 1123 1136 1140 1146 1172 1186 1190 1196 1822 1836 2022 2036 2040 2046 2322 3686 4346 
m2835 14 22 41 46 722 2064 2072 2096 2314 2322 2341 2346 4814 
m1781 22 23 30 32 40 41 1140 1182 1523 1530 1532 2022 2023 2030 2032 2040 2072 2090 
m995 30 40 46 2030 2040 2046 2330 2346 
m3333 12 26 46 626 1312 1326 1346 2326 4812 
m2827 38 46 1946 2346 
m195 13 22 33 36 40 1113 1122 1133 1136 1140 1686 1690 1813 2013 2036 4163 
m2856 46 
m3283 22 23 36 41 1123 1136 1141 1191 1823 1841 2073 2091 3673 4323 4586 
m1870 22 23 38 46 1123 1138 1146 1172 1173 1922 1923 1938 1946 2322 2323 3673 4823 
m2569 22 23 30 36 40 41 1122 1123 1130 1136 1140 1172 1173 1186 1190 1522 1523 1536 1822 2022 2036 2072 2073 2080 2086 2090 3673 3686 
m104 22 23 36 1123 1136 1172 1173 1186 1822 1823 3673 
m3489 6 14 32 36 314 332 732 1806 1814 1832 
m3054 14 
m963 12 36 38 41 46 641 1841 1912 1936 1938 1941 1946 2062 2086 2091 2096 2312 2336 2341 4312 
m3264 5 13 22 263 272 1105 1113 1122 
m182 13 22 33 36 40 672 686 690 1113 1122 1133 1136 1140 1672 1686 1690 1822 2022 2036 3183 
m838 23 26 30 38 40 46 1180 1323 1330 1338 1346 1923 1930 1938 1946 2023 2026 2030 2038 2046 2330 4823 
m3468 36 
m301 22 40 1122 1140 
m297 22 23 24 40 46 1123 1124 1140 1146 1190 1240 1246 2022 2023 2024 2046 2340 3696 3723 
m1482 5 23 38 273 1905 1923 
m1559 14 37 40 46 737 740 746 1890 2037 2046 2340 4396 
m3279 8 10 38 508 1908 1910 
m2316 14 36 46 714 3236 3246 4814 4836 
m785 23 32 46 1196 1623 1646 2346 
m2325 22 36 40 1122 1136 1140 1822 1836 1840 2022 2036 
m3198 14 45 46 49 2264 2296 2299 2314 2346 2464 2496 4814 
m2273 3 
m1504 22 36 41 1122 1136 1141 1841 2072 2086 2091 4586 
m2229 46 2346 4846 
m3139 22 23 30 1172 1522 1523 
m1655 45 2295 
m1255 14 40 46 2014 2040 2046 2314 2346 4814 
m1175 14 23 30 730 1180 1523 1530 3223 
m2411 21 46 2321 2346 4846 
m3474 15 22 32 46 782 1115 1122 1132 1146 1615 1622 1632 1646 2315 2322 2332 2346 4815 
m3663 22 36 40 46 1122 1136 1140 1146 1822 1836 1840 1846 2022 2036 2046 2322 2336 2340 2346 4346 4836 
m487 22 23 36 40 41 1122 1123 1136 1140 1141 1172 1173 1822 1823 1836 1840 2022 2023 2036 2040 2072 2073 2086 2090 3673 4586 
m3306 22 23 49 1122 1123 1173 1199 2473 3673 
m3088 26 39 41 1339 1341 1991 2091 
m2769 32 36 40 41 46 1641 1646 2036 2041 2046 2332 2336 2341 2346 4136 4586 
m3687 5 36 37 46 49 286 296 299 1849 1855 1886 1896 1899 2305 2336 2346 2349 4836 4837 
m676 23 26 30 40 46 1173 1180 1323 1330 1346 1523 2023 2026 2030 2046 2323 2330 3673 4823 
m930 14 40 46 2014 2046 2314 2346 4814 
m2403 6 43 4656 
m1894 38 49 1938 1949 2488 2499 
m1893 13 46 2313 
m3347 22 36 40 46 48 1136 1140 1146 1822 1836 1840 1846 2022 2036 2040 2046 2048 2322 2336 2340 2346 2348 2422 2436 2440 2446 4346 4836 
m1900 23 36 1186 1836 3686 
m1324 37 40 46 2037 2046 4396 
m3107 13 23 36 46 49 1813 1823 1846 1849 2313 2346 2463 2473 2496 3663 4813 4823 
m12 14 37 46 49 2314 2337 2346 2464 2487 2496 4364 
m3323 23 36 40 41 46 1191 1823 1836 1840 1841 1846 2023 2036 2040 2041 2046 2323 2336 2341 2346 3686 4341 4346 4823 
m3240 41 44 45 2241 2245 2291 
m860 38 46 1938 1946 2346 
m2036 22 23 45 1123 1145 1172 1173 2272 2273 3673 
m759 22 23 30 36 40 41 1123 1130 1136 1141 1173 1186 1191 1523 1536 1541 1836 2022 2023 2030 2036 2041 2073 2080 2086 2091 3673 3686 4323 4586 
m2973 23 30 36 41 1523 1823 1830 2073 2080 3673 4323 4586 
m1904 22 23 30 32 36 40 46 1122 1123 1130 1132 1136 1140 1146 1172 1173 1522 1523 1530 1546 1622 1623 1630 1640 1646 1822 1823 1830 1832 1840 1846 2022 2023 2030 2032 2036 2040 2046 2322 2323 2330 2332 2336 2340 2346 3696 4823 
m3580 22 23 36 40 41 1122 1123 1136 1140 1141 1172 1173 1822 1823 1836 1840 1841 2022 2023 2036 2040 2041 2073 2086 2090 3673 4586 
m837 22 27 46 1146 1372 1377 1396 
m2195 22 23 36 40 1122 1123 1136 1140 1173 1186 1190 1822 1823 1836 1840 2022 2023 2036 2040 3673 4323 
m3211 12 22 23 30 36 40 46 612 622 623 630 636 640 646 1112 1123 1136 1140 1146 1162 1173 1512 1523 1536 1546 1812 1822 1823 1830 1836 1846 2012 2022 2023 2030 2036 2046 2312 2322 2323 2330 2336 2346 3123 3686 4346 4812 
m2393 14 34 36 40 46 1714 1734 1736 1740 1746 1814 1836 1840 1846 2014 2036 2040 2046 2314 2346 4346 4814 4846 
m3196 45 46 49 2295 2299 2345 2349 
m807 30 45 46 2280 2296 2330 2345 2346 4846 
m652 22 36 37 40 46 1122 1136 1140 1146 1822 1836 1837 1840 1846 1872 1896 2022 2036 2037 2040 2046 2322 2337 2346 4387 4396 4837 4846 
m63 14 32 46 732 2332 4814 
m2341 22 23 30 40 46 1122 1123 1130 1140 1146 1180 1196 1523 1530 1546 2022 2023 2030 2046 2330 3673 4823 
m2437 14 22 32 46 722 732 746 1132 1146 2332 4846 
m181 26 38 46 1326 1346 1926 1946 2326 4846 
m241 14 22 31 36 46 731 736 1114 1136 1146 1846 2314 2331 2346 3246 4331 4836 
m3320 14 37 3237 
m2127 12 15 26 40 41 626 776 2012 2015 2026 2041 2062 2065 2076 3262 
m781 12 14 45 46 645 712 745 2314 2345 2346 3146 3246 4812 
m1549 36 41 2086 
m3346 22 41 46 1122 1141 1146 2341 
m3175 36 40 41 46 1836 1841 1846 2036 2040 2041 2046 2336 2341 2346 4341 4346 4836 4846 
m2661 14 36 40 46 740 1814 1836 1840 1846 2014 2036 2040 2046 2314 2340 2346 3246 4314 4346 4836 
m3692 33 44 49 1694 1699 2494 
m2611 5 23 30 46 273 280 296 1180 1505 1523 1530 1546 2305 2323 2330 2346 4823 
m540 22 46 49 2322 2346 2349 2472 4846 
m454 12 13 22 27 36 40 622 636 640 672 686 690 1112 1113 1122 1136 1140 1362 1363 1372 1386 1390 1822 2022 2036 3162 
m287 22 38 1122 1922 
m3556 22 23 46 49 1123 1146 1196 2472 2473 2496 
m2789 23 46 2346 3696 4823 
m2279 21 22 46 1121 1146 2321 4846 
m1742 12 46 646 2312 2346 3146 4846 
m1116 36 46 2336 2346 4836 4846 
m19 14 30 46 730 2314 2330 
m3075 5 13 33 655 1655 4163 
m3439 29 36 49 1829 1836 2479 2486 4336 
m2758 22 23 36 37 40 41 1122 1123 1136 1137 1140 1141 1823 1836 1873 1886 1890 2023 2036 2073 2086 2087 2090 3673 4323 4373 4586 
m3221 13 38 1913 1938 
m685 22 30 36 40 46 1130 1136 1140 1146 1536 1540 1546 1840 2030 2036 2040 2046 2330 2336 2340 2346 4346 
m2550 22 23 36 41 1122 1123 1172 1173 1822 1823 2072 2073 3673 4586 
m1051 5 36 46 49 286 296 299 1849 2336 2346 2349 2486 2499 4836 4846 
m245 22 46 1122 1146 2322 2346 
m1527 13 22 36 45 46 1113 1136 2263 2286 2295 2296 2313 2322 2336 3186 
m3523 22 46 1146 2322 2346 
m1222 22 23 32 36 40 46 49 1122 1123 1132 1136 1140 1146 1149 1172 1173 1182 1186 1190 1196 1199 1622 1623 1632 1636 1640 1646 1822 1823 1832 1836 1840 1846 1849 2022 2023 2032 2036 2046 2049 2322 2323 2332 2336 2346 2349 2472 2473 2482 2486 2490 2496 3673 3686 3696 4323 4346 
m984 12 14 46 712 2314 2346 3146 3246 4812 
m2718 30 44 45 2230 2245 2280 
m3503 22 37 46 49 1137 1146 1899 2346 2349 2496 4396 4837 
m631 23 45 2273 
m1873 23 36 41 49 1191 1823 1836 1841 1849 2473 2486 2491 3686 4323 4336 4341 
m1905 30 36 40 46 1830 1836 1840 1846 2030 2036 2040 2046 2330 2336 2340 2346 4336 4346 4836 
m1380 23 38 1923 
m1999 22 26 44 46 1144 1146 1322 1344 1346 2244 2246 2344 2346 4846 
m2218 37 39 46 1889 4396 4839 
m1066 23 40 46 2023 2040 2046 2323 2346 4823 
m2478 22 46 49 1146 2472 2496 
m3029 22 36 37 40 46 1122 1136 1137 1140 1146 1822 1837 1840 1846 1890 1896 2022 2036 2037 2040 2046 2322 2340 2346 4396 4837 4846 
m318 5 36 38 46 49 255 286 288 296 299 1805 1836 1838 1846 1849 1905 1936 1946 2346 2349 2486 2499 4836 
m3646 38 45 46 1938 1945 1946 2345 
m908 32 36 40 46 2032 2036 2040 2046 2332 4332 4836 
m955 36 
m678 46 2346 
m3293 13 38 1913 1938 
m2459 
m2890 45 2295 
m2202 22 32 33 36 40 1122 1132 1133 1136 1140 1633 1672 1822 1832 1833 1836 1840 2022 2032 2033 2036 4136 4186 
m3270 40 45 46 2046 2290 2296 2340 2346 
m1411 22 23 30 36 40 41 1122 1123 1130 1136 1140 1172 1173 1180 1186 1190 1523 1822 1823 1830 1836 2023 2030 2036 2072 2073 3673 4323 4586 
m3258 22 23 36 41 1123 1136 1141 1172 1173 1822 1823 2072 2073 3673 4586 
m1864 22 26 44 46 1122 1144 1146 1322 1326 1344 1346 2344 2346 4846 
m566 12 14 40 46 712 2012 2014 2046 2314 2346 3146 3246 4812 
m2965 46 47 2346 2347 
m2591 22 38 45 46 1122 1138 1145 1146 1938 1945 1946 2296 2346 
m1252 32 36 37 46 1646 1882 1896 4136 4346 4386 
m185 10 14 27 38 710 1360 1364 1388 1910 1914 1927 1938 
m1717 12 22 36 40 41 45 46 49 636 640 641 645 649 1145 1822 1836 1840 1841 1845 2012 2022 2036 2040 2041 2045 2046 2049 2072 2095 2272 2295 2336 2340 2349 2486 2490 2491 2495 3136 4336 4812 
m1542 22 46 1122 1146 2322 2346 4846 
m319 22 23 46 1122 1123 1146 1196 2323 3673 
m2916 14 46 714 746 2314 2346 4814 
m2850 22 23 36 38 40 41 46 1136 1138 1140 1146 1923 1936 1940 1946 2022 2023 2036 2038 2046 2072 2090 2323 4323 4836 
m118 23 30 40 46 1180 2023 2030 2046 2330 2346 4823 
m1902 22 30 36 49 1122 1136 1522 
m2115 13 38 46 1913 1938 1946 2313 
m1485 33 38 46 1696 1933 1946 2333 2346 
m2748 46 
m2525 22 1122 
m131 37 40 46 1890 2037 2040 2046 2337 2340 2346 4396 
m999 36 38 46 49 1849 1936 1946 1949 2336 2338 2346 2349 2486 2496 
m2379 5 21 22 38 46 271 272 288 296 1121 1138 1146 1921 1946 2305 2321 2322 2338 2346 
m3100 38 41 46 1938 1941 1946 2341 
m2145 14 38 46 738 2314 2338 2346 4814 
m1631 36 40 46 1840 1846 2036 2040 2046 2346 4346 
m1280 14 32 36 38 41 46 1614 1914 1932 1936 1938 1941 1946 2064 2082 2086 2314 2332 2336 2341 4136 4314 
m1851 10 510 
m1892 22 33 41 1122 1141 1672 1683 1691 
m1429 37 46 4837 
m1264 6 42 306 342 2106 2142 2842 4606 
m3508 5 32 46 1605 2305 2332 2346 4846 
m3194 12 26 46 626 2326 4812 
m1584 15 22 27 38 46 777 1115 1127 1146 1915 1922 1938 1946 2315 2327 2346 
m3448 23 1173 3673 
m2448 5 36 38 46 49 286 296 299 1836 1846 1849 1905 1936 1938 1946 1949 2346 2349 2455 2486 2496 2499 4836 
m818 5 30 37 38 46 280 1855 1880 1896 1905 1930 1937 1946 2305 2330 
m2452 14 32 38 40 41 46 738 740 741 746 1614 1638 1640 1641 1646 1941 1946 2090 2340 2341 
m3552 36 40 41 46 49 1841 1846 2036 2041 2046 2336 2340 2341 2346 2349 2486 2490 2491 2496 4346 
m1915 22 36 40 46 49 1122 1136 1146 1149 1822 1836 1840 1846 1849 2022 2036 2040 2046 2049 2349 2472 2486 2490 2496 
m3364 22 32 46 48 1132 1146 2332 2422 2432 2446 4846 
m320 14 46 49 749 2346 2349 2464 2496 3246 4814 
m681 22 23 30 1122 1123 1130 1173 1523 1530 3673 
m2064 5 23 38 45 46 1155 1945 1946 2255 2273 2305 2323 2345 2346 4823 
m576 23 30 36 40 46 1180 1823 1830 1836 1846 2023 2030 2036 2040 2046 2323 2330 2336 2346 4323 4346 4823 4836 
m864 22 37 46 49 1122 1137 1146 1899 2346 2349 2496 4396 4837 
m1777 22 23 30 36 40 41 46 1122 1123 1130 1136 1140 1141 1146 1190 1522 1523 1530 1536 1540 1546 1840 2023 2036 2040 2072 2073 2080 2086 2090 2096 2323 2330 2340 3686 4836 
m2099 14 36 40 46 740 1814 1840 2014 2036 2040 2046 2336 2340 2346 3246 4346 4814 
m1147 46 2346 
m2460 22 44 46 1146 2344 2346 4846 
m465 23 30 46 1180 1196 2323 2330 2346 3673 4823 
m2714 22 23 36 40 41 1123 1136 1140 1141 1173 1186 1190 1823 1836 2023 2036 2040 2072 2073 2086 2090 2091 3686 4323 
m3110 32 36 46 49 1632 1636 1649 1849 2332 2336 2346 2349 
m867 5 36 46 286 296 2305 2336 2346 4836 
m3527 13 38 1913 1938 
m2200 22 44 46 1146 2344 2346 4846 
m1673 22 23 30 36 39 40 41 1123 1136 1140 1172 1173 1186 1190 1191 1523 1536 1539 1541 1823 1972 1973 1986 1991 2023 2036 2072 2073 2086 2090 3673 4323 4336 4586 
m830 12 30 36 46 49 1512 1530 1546 1812 1830 1836 1846 1849 2346 2480 2496 2499 4812 
m3334 5 23 30 38 40 273 280 290 1190 1523 1530 1540 1905 1923 1930 1940 2023 2030 2040 
m1871 12 22 36 37 40 41 46 612 622 636 637 640 641 646 1112 1136 1137 1140 1141 1146 1812 1822 1837 1840 1846 1872 1886 1890 1891 2012 2022 2036 2037 2040 2041 2046 2062 2072 2086 2087 2090 2096 2312 2322 2336 2340 2341 4837 
m707 5 13 38 46 263 296 1905 1913 1938 1946 2305 2313 2346 4813 
m3045 41 2091 
m87 
m1423 41 46 49 2341 2491 2496 
m3148 14 33 46 1664 1696 2314 2346 4196 4814 
m2445 23 36 40 46 49 1190 1823 1840 1846 1849 2323 2340 2349 2473 
m2918 5 22 36 38 40 46 49 286 296 299 1136 1138 1140 1146 1149 1836 1846 1849 1905 1936 1938 1946 1949 2036 2038 2046 2049 2346 2349 2455 2486 2496 2499 4836 
m2357 22 36 40 46 49 1136 1140 1146 1149 1836 1840 1846 1849 2036 2040 2046 2049 2336 2340 2346 2349 2486 2490 2496 4346 
m328 22 23 1123 1173 3673 
m2364 32 36 38 40 46 49 1632 1636 1649 1849 1932 1936 1946 1949 2032 2036 2038 2046 2332 2336 2338 2340 2346 2349 
m1256 22 23 30 36 40 46 1122 1123 1130 1136 1140 1146 1172 1173 1522 1523 1530 1540 1546 1822 1823 1830 1840 1846 2022 2023 2030 2036 2040 2046 2322 2323 2330 2336 2340 2346 3696 4823 
m2580 26 40 46 49 2026 2046 2326 2340 2346 2476 2496 
m1017 22 38 46 1138 1146 1922 1938 1946 2322 2338 
m1231 22 30 36 40 1122 1136 1140 1522 1536 1540 1822 1836 1840 2022 2036 
m2391 12 23 36 40 41 46 49 623 636 640 641 649 1191 1823 1840 1841 2012 2023 2036 2040 2041 2046 2073 2086 2090 2091 2099 2312 2323 2336 2341 2346 2349 2473 2486 2490 2491 3136 4323 4336 4812 
m2723 14 36 40 46 1814 1846 2014 2036 2040 2046 2314 2346 4346 4814 4846 
m2511 22 36 41 1122 1136 1141 1841 2091 4586 
m2872 5 23 30 40 46 1155 1180 1505 1523 1530 1546 2005 2023 2030 2040 2046 2305 2323 2330 2340 4846 
m1727 22 36 40 1122 1136 1140 2036 
m3313 36 41 46 2336 2341 2346 4586 4846 
m1700 26 37 46 1337 1346 1896 2346 
m1086 5 11 32 36 37 46 286 287 296 555 586 587 596 1605 1611 1636 1637 1646 1855 1861 1886 1887 1896 2305 2311 2332 2336 2337 2346 4337 4837 
m2716 13 38 46 1913 1938 1946 2313 
m149 14 32 46 714 732 746 1614 1646 4814 
m393 5 14 22 23 32 36 37 41 264 282 286 722 737 741 1122 1123 1137 1141 1155 1182 1186 1614 1637 1814 1837 1872 1882 1886 1887 1891 2087 3664 4136 4332 
m275 22 23 45 1122 1123 1172 1173 2272 2273 3673 
m105 26 41 46 1341 1346 2341 
m3212 22 23 30 1122 1123 1130 1173 1180 1523 3673 
m3516 27 40 46 1396 2027 2040 2046 2340 2346 
m2408 30 36 40 46 1830 2030 2036 2330 2336 2340 2346 4836 
m158 22 23 36 40 41 1122 1123 1136 1822 1823 1836 1840 2022 2023 2036 2072 2073 2086 2090 3673 4323 4586 
m2173 33 41 48 1691 2433 2441 
m263 12 13 22 36 40 622 636 640 672 686 690 1112 1113 1122 1136 1140 1822 2022 2036 3162 
m3428 26 39 46 1326 1339 1346 1976 2326 4496 
m538 38 41 46 1938 1941 1946 2341 
m3604 30 38 46 1930 1938 1946 2330 2346 
m2598 14 46 714 746 2314 2346 4814 
m5 32 36 38 41 46 1638 1646 1838 1846 2082 2096 2332 2336 2338 2341 2346 4332 4586 
m701 23 46 2346 4823 
m3405 15 26 46 776 2326 4815 
m1636 22 26 38 46 1146 1322 1346 1922 1926 1946 2346 
m641 22 23 1123 1173 3673 
m3261 46 2346 
m501 31 36 38 46 1588 1838 2331 2338 4331 4836 
m2210 14 22 45 46 722 1114 1145 1146 2264 2272 2296 2314 2322 2345 2346 3246 
m2221 22 23 30 41 1122 1123 1130 1141 1172 1173 1180 1191 1522 1523 1530 2072 2073 2080 2091 3673 
m1564 22 23 30 36 40 41 1122 1123 1130 1136 1140 1141 1173 1522 1523 1536 1822 1823 1830 1836 2022 2023 2030 2036 2072 2073 2080 2086 2090 2091 3673 4323 4586 
m2541 22 23 30 1123 1172 1173 1180 1522 1523 1530 3673 
m2999 23 40 46 1190 2023 2040 2046 2340 2346 3696 4823 
m2734 22 23 1122 1123 1173 3673 
m2721 23 30 36 39 40 41 1173 1186 1190 1191 1523 1539 1541 1823 1973 1986 1991 2023 2036 2073 2086 2090 2091 3673 4323 4336 4586 
m1008 27 36 46 49 1827 1846 1849 2327 2346 2477 2496 
m1865 32 33 36 1632 1633 1636 1683 1686 1833 1836 4136 4186 4333 4336 
m1624 22 23 36 49 1123 1136 1173 1186 1199 1823 1849 2473 2486 3673 4323 4336 
m1153 6 36 42 49 2456 2486 2492 2836 4606 4636 
m2025 26 32 36 46 1332 1336 1346 1832 2332 2336 2346 4836 
m3564 6 17 23 32 36 856 873 882 886 1156 1182 1606 1636 1806 3686 
m2837 32 36 38 41 46 1641 1646 1932 1936 1941 1946 2332 2336 2338 2341 2346 4136 4586 
m2275 22 36 41 49 1122 1136 1141 1149 1841 1849 2486 2491 4336 
m2137 38 46 2338 2346 4846 
m338 23 30 33 46 1180 1523 1530 1533 1546 1680 2323 2330 2333 2346 4173 4823 
m2637 36 46 2336 2346 4836 
m3149 22 37 49 1122 1137 1149 1872 1899 2472 2487 2499 
m3506 14 36 46 49 736 746 749 1849 2336 2346 2349 4814 4836 
m2685 22 45 46 1145 1146 2296 
m823 37 46 1896 2346 4837 
m3257 22 23 36 41 1122 1123 1136 1141 1172 1173 1186 1191 1822 1823 2072 2073 3673 4586 
m2116 46 2346 
m1772 22 23 37 1122 1123 1172 1173 1872 1873 3673 
m1354 29 36 41 1829 1836 2079 2086 4336 
m537 46 
m473 22 36 38 40 41 46 1136 1141 1836 1840 1841 1936 1940 1941 1946 2022 2036 2038 2040 2041 2046 2086 2090 2091 2322 2336 2341 4586 
m3695 37 46 2346 4837 
m37 22 23 30 36 40 46 49 1122 1123 1130 1136 1140 1146 1149 1172 1173 1180 1186 1190 1199 1522 1523 1530 1536 1540 1546 1549 1823 1840 2022 2023 2030 2036 2040 2046 2322 2330 2336 2340 2346 2349 2472 2473 2480 2486 2490 2496 3696 4823 
m60 22 38 44 46 1146 1922 1938 1944 1946 2344 2346 4846 
m512 46 2346 4846 
m1481 
m2779 5 14 45 46 705 745 2255 2305 2314 2345 2346 4814 
m3026 22 23 30 36 40 1123 1130 1136 1140 1172 1173 1186 1190 1523 1536 1540 1823 2022 2023 2036 3673 4323 
m2245 13 46 2313 
m745 46 2346 4846 
m1394 22 23 30 46 1122 1123 1130 1146 1180 1522 1523 1530 1546 2330 4823 
m2146 22 38 45 46 1138 1145 1146 1938 1945 1946 2345 
m1642 
m2629 14 36 40 46 1846 2014 2036 2040 2046 4314 4814 
m3130 22 23 30 46 1123 1130 1146 1180 1523 1530 1546 2330 4823 
m2024 12 22 36 38 40 46 612 636 1112 1122 1136 1138 1140 1146 1812 1836 1840 1846 1912 1922 1936 1938 1940 1946 2012 2022 2036 2038 2046 2312 2336 2346 3146 4812 4836 
m1073 14 32 42 46 732 2114 2132 2314 2332 2342 
m2924 26 40 46 2026 2046 2326 
m2728 5 37 46 287 1855 2305 2337 
m2695 22 23 36 40 41 46 49 1123 1136 1141 1146 1191 1822 1823 1836 1840 1841 1849 2022 2023 2036 2040 2041 2046 2072 2073 2086 2090 2091 2322 2323 2336 2340 2341 2349 2472 2473 2486 2490 2491 4323 4336 4346 4836 
m2385 32 46 1646 2332 2346 
m2246 12 15 30 46 1512 1515 1546 2312 3262 4815 
m2381 23 40 2023 3673 
m3109 5 23 24 40 41 46 273 274 290 291 296 1190 1240 1246 2023 2024 2040 2046 2073 2074 2090 2096 2340 3696 3723 
m3459 13 26 46 1313 1346 2313 2326 2346 
m2339 22 36 46 49 1822 2322 2336 2346 2349 2486 2496 
m2282 12 41 46 2062 2091 2096 2312 
m1605 22 23 40 46 1123 1140 1146 1190 2022 2023 2040 2046 2340 2346 3696 4823 
m3262 14 22 36 41 46 714 722 736 741 1822 1836 1841 2072 2314 2322 2336 2341 3236 4314 4586 4814 
m3234 23 24 40 46 1190 1240 1246 2023 2024 2040 2046 2340 3696 3723 
m2666 22 23 38 46 1172 1922 1923 1938 1946 2322 2323 2346 
m1367 14 23 30 46 730 1180 2314 2323 2330 2346 3223 4814 4823 
m2554 14 26 33 726 1314 1326 1333 1664 1676 1683 3233 
m1239 32 36 40 41 46 1640 1641 1646 1846 2032 2036 2040 2041 2046 2096 2332 2336 2340 2341 2346 4136 4586 
m2859 16 23 38 40 46 49 1923 1940 1946 2016 2023 2046 2316 2323 2346 2349 2466 2473 3666 4823 
m3555 22 37 46 1122 1137 1146 4837 
m253 36 40 41 1836 1840 1841 2036 2040 2041 2086 2090 2091 
m2476 30 46 49 2330 2480 2496 
m112 5 14 38 46 705 738 746 1905 1914 1938 1946 2305 
m327 16 38 44 49 844 849 1916 1938 1944 1949 2494 
m3457 22 36 40 1122 1822 1836 1840 2022 2036 2040 
m1612 22 23 36 40 41 46 1122 1123 1136 1140 1141 1146 1191 1822 1823 1836 1841 1846 2022 2023 2036 2040 2041 2046 2323 2336 2341 2346 3686 4341 4346 4823 
m413 22 30 38 46 1122 1130 1146 1922 1930 1938 1946 2330 2346 
m808 14 46 49 2314 2346 2464 2496 4814 
m220 38 41 44 46 1941 1944 1946 2094 2096 2344 
m3420 12 26 40 46 626 2012 2026 2046 2312 2326 2340 2346 4812 
m1506 30 38 40 45 46 1930 1938 1946 2030 2038 2046 2280 2288 2290 2296 2330 
m44 22 26 33 36 49 1322 1333 1349 1672 1822 1826 1833 1849 2472 2483 
m3183 38 46 1938 1946 2346 
m640 33 34 38 40 46 1690 1696 1733 1734 1738 1746 1933 1938 1940 1946 2333 2338 2340 2346 
m925 21 23 36 40 46 1171 1821 1823 1846 2021 2023 2036 2040 2046 2321 2323 2346 4346 4823 
m3086 22 23 30 36 40 41 46 1122 1123 1130 1136 1140 1141 1146 1191 1523 1536 1541 1546 1841 1846 2023 2030 2036 2040 2041 2046 2072 2341 3696 4323 
m3024 13 23 36 46 49 1813 1823 1846 1849 2313 2346 2463 2473 2486 2496 2499 3663 4813 4823 
m1947 10 38 1910 1938 
m334 22 23 30 36 40 41 1122 1123 1130 1136 1140 1173 1522 1523 1536 1822 1823 1830 1836 2022 2023 2030 2036 2072 2073 2080 2086 2090 2091 3673 4323 4586 
m3004 30 40 46 49 2030 2046 2049 2330 2349 2480 2496 4846 
m405 23 30 33 46 1180 1523 1530 1533 1546 1680 2330 2333 4173 4823 
m2278 5 36 46 49 286 296 299 1836 1846 1849 2336 2346 2349 2486 2496 4336 4836 
m2400 22 23 30 36 40 46 1122 1123 1130 1136 1140 1146 1180 1522 1523 1530 1536 1540 1546 1822 1823 1830 1836 1840 1846 2022 2023 2030 2036 2040 2046 2322 2323 2330 2340 4823 4846 
m2301 36 38 46 1838 1846 2338 2346 4836 
m3586 36 41 1841 2086 2091 4586 
m1474 
m1218 26 32 36 46 1332 1336 1346 1832 2332 2336 2346 4836 
m1812 13 25 38 46 675 1913 1925 1946 2313 2325 
m1262 12 41 46 2062 2091 2096 2312 2346 4812 
m3431 22 38 46 1146 1922 1938 1946 2346 
m2936 30 36 38 46 1536 1546 1838 1930 1936 1946 2338 4346 
m2191 22 32 37 38 46 49 1132 1137 1146 1637 1646 1922 1938 1946 1949 2332 2337 2346 2472 2487 2496 4837 
m2803 22 23 36 40 41 1122 1136 1140 1141 1173 1186 1190 1823 1836 1840 1841 2022 2023 2036 2040 2041 2073 2086 2090 2091 3686 4323 
m453 14 20 40 46 49 720 2014 2020 2046 2049 2314 2320 2346 2349 2464 2470 2496 4814 
m203 22 36 46 49 1136 1146 1149 1822 1846 2322 2336 2346 2472 2486 2496 
m406 23 30 33 46 1180 1523 1530 1533 1546 1680 2330 2333 4173 4823 
m3047 22 23 30 36 40 46 1122 1123 1130 1136 1140 1146 1172 1180 1186 1190 1196 1522 1523 1530 1536 1540 1546 1830 2022 2023 2030 2036 2046 2330 4836 
m528 23 24 40 46 1190 1240 1246 2023 2024 2040 2046 2340 3696 3723 
m2142 38 41 46 49 1938 1946 1949 2088 2096 2099 2341 2346 2349 
m1150 30 36 38 40 46 1536 1540 1546 1838 1840 1846 2046 2330 2338 2340 2346 4836 
m420 10 22 44 46 546 1110 1144 1146 2210 2246 2310 2344 2346 4846 
m1544 22 26 44 45 46 1144 1145 1146 1322 1344 1345 1346 2294 2296 2344 2346 
m1610 22 30 36 1522 1536 1822 
m221 22 40 44 46 1146 2022 2044 2046 2344 2346 4846 
m3167 22 37 45 46 49 1122 1137 1145 1146 1895 2322 2345 2346 2472 2487 2495 2496 4396 4837 
m3447 22 30 36 40 41 46 49 1122 1130 1136 1140 1141 1146 1149 1522 1536 1546 1822 1846 2022 2030 2036 2040 2046 2049 2072 2090 2322 2472 2480 2486 2496 4346 4846 
m2546 12 14 23 34 46 712 1162 1164 1196 1712 1714 1723 1734 1746 2314 3114 3214 3664 4812 
m1971 14 22 36 40 41 46 714 722 736 741 1822 1836 1841 2014 2036 2046 2072 2314 2322 2336 2341 3236 4314 4586 4814 
m2544 23 26 30 46 1180 1323 1326 1330 1346 1523 1530 2330 2346 4823 
m93 30 38 46 1930 1938 1946 2330 2346 
m3479 22 36 40 46 1146 1822 1846 2022 2036 2040 2046 2346 4346 
m3106 22 23 36 46 1122 1123 1136 1146 1173 1822 1823 1846 2323 3673 4823 
m1257 14 40 46 2014 2046 2314 2346 4814 
m3267 33 37 46 49 1883 1896 2333 2346 2483 2487 2496 4833 4837 
m233 23 30 36 40 41 49 1190 1523 1530 1540 1541 1823 1830 1836 1840 1841 1849 2073 2080 2090 2473 2480 2486 2490 2491 2499 
m1569 22 36 40 41 1136 1140 1141 1836 1840 1841 2036 2041 2072 2086 2090 2091 4586 
m3190 22 23 30 36 40 46 1122 1123 1130 1136 1140 1146 1180 1523 1530 1822 1823 1830 1840 1846 2022 2023 2030 2046 2330 4823 
m656 36 41 1836 1841 2086 2091 4586 
m1633 32 37 38 44 46 1637 1644 1646 1894 1932 1937 1944 1946 2337 2344 
m3587 36 40 41 1836 1840 1841 2036 2086 2090 2091 4586 
m647 36 46 49 2486 2496 4836 4846 
m1649 14 22 36 40 46 49 722 1814 1822 1846 1849 2014 2036 2046 2322 2336 2349 2464 2472 4336 4814 
m155 22 23 36 41 1123 1136 1141 1186 1823 2072 2073 2086 2091 3673 4586 
m2957 22 23 36 41 1122 1123 1136 1822 1823 2072 2073 3673 4323 4586 
m1200 22 23 30 36 40 41 1122 1123 1130 1136 1140 1172 1180 1186 1522 1523 1536 1822 2023 2030 2036 2072 2073 2080 2086 2090 3673 4323 
m2003 34 45 2284 
m3115 22 36 46 49 1122 1146 1149 1822 1846 1849 2472 2496 
m3330 22 30 36 46 1136 1146 1522 1536 1546 1846 2346 
m1152 23 30 46 49 1180 1523 1530 1546 2330 2346 2480 2496 4823 
m3247 13 17 45 46 49 2263 2267 2295 2296 2313 2317 2349 2463 2467 3363 
m940 32 46 1632 1646 2332 2346 4846 
m2444 22 23 36 41 1122 1123 1172 1173 1822 1823 2072 2073 3673 4586 
m2529 22 23 30 36 40 46 49 1122 1123 1130 1136 1140 1146 1180 1523 1530 1536 1540 1546 1822 1823 1830 1840 1846 2022 2023 2030 2036 2046 2322 2323 2330 2336 2340 2346 2472 2486 2490 2496 4336 4346 4823 4846 
m1555 31 36 1581 1586 1831 1836 4086 
m3592 22 23 36 37 40 1122 1123 1136 1137 1140 1172 1173 1823 1837 1840 1872 1873 2023 2036 2037 2040 3673 
m1107 14 26 726 
m3302 22 46 1122 1146 
m2519 13 22 36 40 1113 1122 1136 1140 1813 1840 2013 
m2249 22 36 37 40 46 1122 1136 1137 1140 1146 1822 1837 1840 1846 2022 2037 2040 2046 2322 2337 2346 4837 
m38 22 23 30 41 46 1122 1123 1130 1141 1146 1522 1541 1546 2072 2073 2322 2323 2341 2346 
m939 11 13 22 46 563 572 596 696 1111 1113 1122 1146 
m1292 22 23 36 40 46 49 1172 1822 1823 1836 1849 2022 2023 2036 2040 2046 2049 2322 2323 2336 2349 2473 2486 3686 4336 4346 4836 
m3025 5 38 46 1905 1938 1946 2305 2338 2346 
m1006 6 36 40 43 336 340 1806 1836 1840 1843 2006 2036 2043 2186 2190 2843 
m1190 33 38 40 46 1690 1696 1933 1938 1940 1946 2333 2338 2340 2346 
m1377 36 38 40 41 46 1840 1846 1936 1938 1940 1941 1946 2036 2038 2040 2041 2046 2090 2096 2340 2346 4346 4586 
m3533 32 36 38 40 46 1832 1932 1936 1946 2032 2036 2038 2046 2332 2336 2346 4836 
m2858 22 23 30 36 40 46 1122 1123 1130 1136 1140 1146 1172 1173 1180 1186 1190 1522 1523 1530 1536 1540 1546 1823 1840 2023 2036 2040 2322 2323 2330 2336 2340 2346 3696 4823 
m1984 14 41 46 2064 2091 2096 2314 2346 4814 4846 
m121 13 22 36 38 40 672 686 690 1113 1122 1136 1140 1822 1913 1922 1936 2022 2036 
m3028 13 38 41 691 1913 1938 1941 
m2652 22 23 30 36 40 41 46 1123 1130 1136 1141 1146 1180 1186 1190 1523 1530 1536 1540 1546 1830 2022 2023 2030 2036 2040 2046 2072 2073 2080 2086 2090 2091 2330 3696 4836 
m3070 23 37 46 49 2323 2473 2487 2496 3687 4837 
m683 40 46 2040 2046 2340 
m1854 12 36 40 41 46 49 636 640 641 649 1836 1840 1841 2036 2041 2336 2340 2341 2349 2486 2490 2491 3136 4336 4812 
m1192 22 23 30 36 40 1123 1130 1173 1186 1190 1523 1530 1536 1823 2023 2036 3673 3686 
m932 14 38 46 1914 1946 2314 2346 4814 
m1898 22 32 36 38 45 46 49 1122 1146 1632 1636 1645 1646 1649 1845 1846 1849 1932 1936 1946 2272 2295 2296 2322 2332 2336 2345 2346 2349 2495 2496 4846 
m2159 23 30 40 1180 1190 1523 1530 1540 2023 2030 
m1917 22 30 36 49 1122 1130 1136 1149 1522 1536 1549 1822 1830 1849 2472 4336 
m175 10 26 46 1310 1326 1346 2310 2346 
m1211 22 41 46 1122 1141 1146 2341 2346 
m97 32 36 46 49 1632 1636 1649 1849 2332 2336 2349 
m548 5 22 27 46 1146 1355 2305 2327 
m2915 22 44 46 1122 1144 1146 2344 2346 4846 
m2192 22 32 37 38 46 49 1132 1137 1146 1637 1646 1922 1938 1946 1949 2332 2337 2346 2472 2487 2496 4837 
m850 22 23 30 46 1122 1123 1130 1146 1523 1530 1546 2330 2346 3696 4823 
m565 46 
m1339 30 46 2330 
m2121 33 45 1695 
m2481 22 23 30 40 46 1122 1123 1130 1140 1146 1172 1173 1180 1190 1196 1522 1523 1530 1540 1546 2023 2046 2323 3673 3696 4823 4846 
m3642 22 36 37 40 49 1136 1137 1822 1836 1837 1840 1849 1886 2022 2036 2037 2040 2472 2486 2487 2490 2499 
m3287 34 45 2284 
m1055 22 36 40 41 1136 1140 1141 1836 1840 1841 2036 2040 2086 2090 2091 4586 
m2453 32 44 46 1644 1646 2344 
m3063 22 44 46 1146 2222 2244 2246 2322 2344 2346 4846 
m1503 40 45 46 2290 2296 2340 2346 
m1056 26 30 36 44 46 1330 1336 1344 1346 1830 2230 2330 2336 2344 2346 4736 
m593 32 36 41 46 1641 1646 2332 2336 2341 2346 4136 4586 
m585 41 46 2341 
m1088 46 2346 
m1173 30 45 46 49 2280 2296 2299 2330 2480 2496 
m978 12 14 32 37 46 614 632 732 737 1882 2314 2332 2337 3137 4812 
m672 22 36 38 40 1138 1822 1838 1922 1936 1938 1940 2022 2036 2038 
m1946 22 23 38 45 46 1123 1138 1145 1146 1195 1923 1938 1945 1946 2323 2345 
m1852 14 22 25 46 725 1114 1125 1146 2325 3246 
m3493 22 23 36 40 41 1122 1123 1136 1140 1141 1172 1173 1186 1190 1191 1823 1840 1841 2023 2036 2040 2041 3673 
m1763 22 23 36 40 46 49 1172 1822 1836 1840 1846 2022 2023 2036 2040 2046 2049 2322 2323 2336 2340 2346 2349 2473 2486 2490 2496 3696 4323 4346 4823 4836 
m1886 22 36 38 46 1822 1936 1946 2322 2336 2346 4836 
m3546 22 23 30 36 40 41 46 1122 1123 1130 1136 1140 1141 1146 1191 1522 1523 1530 1536 1540 1541 1546 1822 1823 1830 1836 1840 1841 1846 2022 2023 2030 2036 2040 2041 2046 2072 2080 2086 2090 2091 2341 3696 4323 
m3233 22 36 41 1122 1136 1141 1841 2072 2086 2091 4586 
m2955 6 23 1156 1173 
m2407 40 46 2040 2046 2346 
m1844 22 23 24 38 40 46 1123 1146 1190 1222 1240 1246 1923 1924 1938 1940 1946 2022 2023 2024 2040 2046 2340 3696 3723 
m687 36 46 48 49 1846 1848 1849 2336 2348 2486 2496 2498 2499 4336 
m2181 37 49 1899 2487 2499 
m839 5 13 33 38 46 263 283 1905 1913 1933 1938 1946 2305 2313 2333 3183 
m1126 45 46 2296 2345 2346 4846 
m2061 23 41 1191 2073 3673 
m1298 22 40 46 1146 2046 2322 2340 2346 
m2521 22 46 1122 1146 2346 
m3670 14 22 32 36 40 45 46 714 722 732 736 740 746 1114 1145 1146 1614 1622 1632 1640 1646 1814 1822 1840 2014 2022 2040 2045 2046 2264 2286 2314 2322 2332 2336 2345 2346 3246 4332 4346 
m3360 36 37 40 46 1840 1886 1890 1896 2036 2037 2040 2046 2336 2340 2346 4346 4837 
m1831 32 38 46 49 1649 1932 1949 2332 2338 2346 2349 4846 
m258 3 32 36 41 46 186 191 1603 1641 2303 2332 2336 2341 4136 4586 
m1768 22 23 36 40 41 46 1122 1123 1136 1140 1141 1146 1190 1836 1840 2022 2023 2036 2040 2041 2046 2073 2086 2090 2096 2322 2323 2336 2340 2341 2346 3673 3686 4323 4823 
m2105 36 40 46 49 1849 2036 2040 2046 2049 2336 2346 2349 4336 4836 
m3081 5 32 36 38 46 49 282 286 288 296 1632 1638 1646 1838 1846 1932 1936 1938 1946 2332 2338 2346 2455 2482 2486 2488 2496 4136 4332 4836 
m1353 13 22 38 49 699 1113 1122 1138 1149 1913 1938 1949 
m3593 22 23 36 40 41 1122 1123 1136 1140 1141 1172 1173 1822 1823 1836 1840 2022 2023 2036 2040 2041 2073 2086 2090 3673 4586 
m2496 23 31 46 49 1196 1573 1596 2346 2473 2481 2496 2499 
m2059 23 41 1191 2073 3673 
m64 13 20 22 33 36 38 40 1013 1022 1033 1036 1038 1040 1113 1122 1133 1136 1138 1140 1813 1833 1838 1840 1913 1933 2013 2033 2038 4163 
m73 46 2346 
m2370 14 46 49 2314 2346 2464 2496 4814 
m25 40 46 2040 2046 2346 
m3672 22 44 45 46 1146 2272 2294 2296 2344 2346 4846 
m639 46 2346 
m1657 32 46 2332 
m1078 23 30 36 40 1180 1523 1530 1536 1540 1830 2023 2030 2036 2040 4323 
m2757 22 30 36 38 41 46 48 1122 1138 1141 1146 1830 1848 1930 1936 1941 1946 2080 2086 2088 2091 2096 2098 2330 2336 2348 2430 4336 
m3378 5 13 33 655 663 683 1655 1663 1683 4163 
m3498 38 46 1946 2346 
m3019 11 13 22 36 38 40 563 572 586 588 590 1113 1136 1138 1140 1813 1840 1913 1936 1940 2013 
m725 26 36 46 1336 1346 2336 2346 4836 
m2298 13 22 36 38 40 1113 1122 1136 1138 1140 1813 1840 1913 1936 1940 2013 
m1696 22 23 46 1122 1123 1146 2346 3696 4823 
m1578 22 27 46 1122 1127 1146 1377 2327 2346 
m3117 14 23 40 46 49 1196 2014 2023 2046 2049 2464 2473 2496 3664 4814 
m3003 22 46 49 1146 1149 2322 2346 2349 2496 
m1359 14 30 46 730 746 2314 2330 2346 4814 4846 
m1189 36 37 38 40 46 49 1837 1849 1936 1937 1940 1946 2036 2037 2046 2049 2336 2337 2349 2487 
m216 11 13 46 563 2311 2313 
m3165 26 46 1346 2346 
m1158 12 22 23 36 40 46 49 636 646 649 1186 1196 1199 1822 1836 1840 1846 2022 2036 2322 2336 2346 2349 2486 2496 3123 3146 3686 4336 4823 
m670 23 27 1173 1177 1373 1377 
m289 22 36 37 40 46 1136 1137 1140 1146 1837 1840 1846 1890 2022 2036 2037 2040 2046 2336 2340 2346 4336 4346 4396 4837 
m2941 36 37 40 41 46 1841 1846 1886 2036 2037 2046 2086 2087 2090 2096 2336 2337 2340 2341 2346 4346 4396 4836 
m1744 41 46 2091 2096 2341 
m3208 23 30 38 41 1173 1180 1523 1923 1930 1938 1941 2073 2080 2088 2091 3673 
m3085 22 23 30 36 40 41 46 1122 1123 1130 1136 1140 1141 1146 1191 1523 1536 1541 1546 1822 1830 1841 1846 2023 2030 2036 2040 2041 2046 2072 2091 2341 3696 4323 4586 
m8 37 
m1849 36 41 1836 1841 2086 2091 4586 
m113 22 36 41 46 1136 1146 1846 2072 2096 2322 2336 2341 2346 4586 4836 
m2615 27 38 46 1927 1938 1946 2327 
m3632 3 32 37 182 187 1882 
m2540 46 2346 
m3612 13 22 32 36 40 672 686 1113 1122 1136 1140 1613 1622 1636 1822 1836 1840 2022 2036 2040 
m2642 14 46 2346 3246 4814 
m1370 23 45 46 1195 2295 2345 2346 4823 
m3662 22 23 30 36 37 40 46 49 1122 1123 1130 1136 1137 1140 1146 1149 1180 1523 1530 1546 1822 1823 1830 1836 1837 1840 1846 1872 1873 1880 1886 1890 1896 2022 2023 2030 2036 2037 2040 2046 2330 2346 2472 2473 2480 2486 2487 2490 2496 4396 4823 
m3584 14 22 23 722 1164 1172 
m2129 22 46 1122 1146 2346 
m2176 36 4336 
m266 8 32 37 38 46 49 408 432 438 446 449 1637 1646 1932 1946 2332 2337 2346 2482 2487 2488 2496 
m1392 41 46 2091 2096 2341 
m2744 22 23 30 36 40 41 46 1122 1123 1130 1136 1140 1141 1146 1173 1186 1190 1522 1523 1536 1540 1541 1823 1836 1840 1841 2023 2036 2040 2041 2073 2086 2090 2322 2323 2330 2336 2340 2341 2346 3673 3686 4323 4336 
m3225 11 13 33 661 1661 4163 
m1974 22 37 46 49 1137 1146 2322 2337 2346 2472 2496 4396 4837 
m1076 22 26 46 1122 1126 1146 1326 1346 2346 
m1393 46 2346 
m267 14 23 30 46 1514 1523 1546 2314 2323 2330 2346 3664 4814 4823 
m3184 22 30 36 40 41 1122 1130 1136 1140 1141 1522 1536 1840 2036 2040 2072 2080 2086 
m3491 6 14 32 314 332 732 
m3082 22 23 30 46 1123 1130 1146 1180 1523 1530 1546 2330 4823 
m2535 22 36 40 41 1122 1136 1140 1141 1822 1836 1840 1841 2022 2036 2041 2072 2086 2090 2091 
m3520 36 46 2336 2346 4836 4846 
m2333 32 42 46 2132 2146 2332 
m762 23 41 46 2073 2323 2341 3673 
m2150 13 33 38 46 1913 1933 1946 2313 2333 2338 2346 4163 
m1526 22 36 40 41 45 46 1136 1140 1141 1146 2036 2046 2090 2096 2272 2286 2291 2296 4346 4586 
m1159 26 46 1346 2346 
m544 14 22 46 722 2322 3246 
m2487 23 31 46 48 49 1196 1573 1596 2346 2423 2431 2446 2449 2473 2481 2496 
m1386 8 46 49 408 446 449 2349 
m1041 36 40 46 49 1840 1846 1849 2036 2040 2046 2049 2340 2346 2486 2490 2496 4336 4346 4846 
m237 14 22 40 46 714 722 740 746 1114 1140 1146 2014 2046 2314 2340 2346 3246 4814 
m3424 14 36 46 49 736 746 749 1849 2336 2346 2349 4814 4836 
m1087 12 32 36 46 1612 1646 1812 2336 2346 3146 4136 4346 4812 
m125 22 30 36 40 41 49 1122 1130 1136 1140 1141 1536 1540 1822 1840 1841 2022 2036 2040 2041 2080 2086 2090 2472 2486 2490 
m3033 5 13 33 38 263 283 288 655 663 1655 1663 1905 1913 1933 1938 4163 
m96 22 
m3480 38 46 1946 
m205 12 32 36 38 46 1612 1646 1812 1912 1932 1936 1946 2312 2332 2336 2346 3146 4136 4346 4812 
m1628 26 31 36 37 46 1576 1587 1596 1826 1831 1837 1846 1876 1896 2326 
m1004 12 32 36 46 1612 1812 2312 2332 2336 2346 4136 4812 4836 
m2975 
m3501 22 40 46 1146 2022 2046 2346 4846 
m2022 5 22 38 46 1122 1146 1905 1922 1938 1946 2305 2346 
m1821 14 22 36 40 46 1114 1136 1140 1146 1814 1846 2014 2036 2046 2346 4346 4814 
m3062 22 23 46 1123 1146 1172 2322 3696 
m229 29 34 36 1484 1486 1729 1734 1736 1829 1834 1836 4236 4334 
m2774 37 49 1899 2487 
m3518 13 22 32 36 40 672 686 690 1113 1136 1140 1613 1622 1636 1640 1822 2022 2036 2040 3186 4336 
m3091 22 23 41 1122 1123 1141 1172 2073 
m3372 46 
m1931 36 49 1836 1849 2486 2499 
m3380 3 30 38 46 180 188 196 1903 1930 1938 1946 2330 
m3531 30 46 49 2330 2349 2480 
m1515 22 23 30 41 46 1123 1130 1146 1172 1522 1523 1530 1546 2072 2073 2080 2096 2322 3696 
m315 
m1143 22 23 36 40 41 1122 1123 1136 1140 1141 1172 1173 1822 1823 1836 1840 1841 2022 2023 2036 2040 2041 2072 2073 3673 4586 
m3407 14 40 46 714 740 746 2014 2046 2314 2340 2346 4814 
m2189 22 23 30 46 1122 1123 1130 1146 1180 1523 1530 1546 2330 4823 
m1608 14 22 38 46 738 1114 1138 2314 2322 2338 2346 4814 
m624 14 22 41 714 741 1114 1141 2064 2072 2091 
m3 22 23 30 46 1122 1123 1130 1146 1180 1522 1523 1530 1546 2323 2330 
m1198 5 37 46 1855 2305 2337 2346 4837 
m1535 22 23 30 46 1122 1123 1130 1146 1180 1523 1530 1546 2330 4823 
m621 23 45 1173 2273 3673 
m2518 22 23 30 1123 1130 1522 1523 1530 
m1985 22 30 40 46 1122 1130 1140 1146 1530 1546 2022 2030 2040 2046 2322 2330 2340 2346 
m2597 32 46 2332 
m2667 14 40 46 714 740 746 2014 2046 2314 2340 2346 4814 
m11 13 33 4163 
m3524 22 23 30 36 40 46 1122 1123 1130 1136 1140 1146 1172 1173 1522 1523 1530 1540 1546 1822 1823 1830 1840 1846 2022 2023 2030 2036 2040 2046 2322 2323 2330 2340 2346 3696 4823 
m2509 22 23 36 40 46 1122 1123 1136 1140 1146 1172 1822 2023 2036 2046 2322 2323 2336 2340 2346 4323 4823 4836 
m1225 22 23 30 36 40 1122 1123 1130 1136 1140 1172 1173 1180 1186 1190 1522 1523 1536 1540 1822 2022 2023 2036 3673 3686 4323 4336 
m2051 23 36 41 46 1836 1841 1846 2073 2086 2323 2341 4323 4836 
m2841 22 23 45 1123 1173 1195 3673 
m123 22 23 36 46 1123 1136 1146 2323 4323 4836 
m274 14 34 36 40 46 1714 1734 1736 1740 1746 1814 1836 1840 1846 2014 2036 2040 2046 2314 2346 4346 4814 4846 
m172 23 30 46 1180 1523 1530 1546 2330 4823 
m1507 22 23 30 40 46 1122 1123 1130 1140 1146 1180 1523 1530 1546 2022 2023 2030 2046 2330 2346 4823 
m1646 22 23 36 40 1122 1123 1136 1140 1173 1186 1190 1822 1823 1836 1840 2022 2023 2036 2040 3673 4323 
m1732 22 46 2322 2346 
m819 22 36 40 46 1136 1140 1146 1840 2336 2340 4336 4836 
m346 22 23 30 36 40 46 1122 1123 1130 1136 1140 1146 1172 1173 1522 1523 1530 1540 1546 1822 1823 1830 1840 1846 2022 2023 2030 2036 2040 2046 2322 2323 2330 2340 2346 3696 4823 
m3358 22 36 37 40 46 1136 1137 1140 1146 1840 1886 1890 1896 2036 2037 2040 2046 2336 2340 2346 4346 4837 
m68 12 26 46 1312 1346 2346 4812 
m1118 30 46 2330 2346 4846 
m422 23 30 38 1180 1188 1523 1530 1538 1938 
m3683 14 23 30 38 46 723 730 738 746 1180 1523 1530 1546 1923 1930 1946 2323 2330 2338 2346 4823 
m107 5 14 46 705 2305 2314 
m1137 22 30 36 46 1130 1136 1146 1536 1546 1822 1830 1836 1846 2322 2330 2336 2346 4836 
m1070 23 30 46 1180 2323 2330 2346 
m2513 29 
m2556 22 26 38 46 1146 1322 1346 1922 1926 1946 2346 
m1487 13 38 45 46 688 2263 2295 2296 2313 2338 2346 3196 
m2457 22 23 36 40 41 1122 1123 1136 1140 1141 1172 1173 1822 1823 1836 1840 2022 2023 2036 2040 2072 2073 2086 2090 3673 4586 
m225 30 38 40 45 46 1930 2030 2038 2045 2046 2280 2288 2296 2330 2338 
m1573 22 23 36 41 1122 1123 1172 1173 1822 1823 1841 2072 2073 2091 3673 4586 
m3542 5 22 23 24 40 46 273 274 290 1123 1146 1190 1222 1240 1246 2022 2023 2024 2046 2340 3696 3723 
m2610 14 22 46 1114 2314 2322 2346 4814 
m986 38 46 1946 
m1061 37 40 46 1890 2037 2046 2340 4396 
m2124 13 16 38 46 1913 1916 1946 2313 2316 3313 
m273 8 32 37 46 49 408 446 449 1608 1646 1649 1858 1882 1896 2308 2332 2346 2349 
m3336 22 40 46 1122 1140 2322 2340 
m76 32 39 46 1632 1639 1646 1989 2339 2346 4496 4839 
m662 13 22 33 36 40 47 672 686 690 697 1113 1122 1133 1136 1140 1147 1672 1686 1690 1697 1847 2036 2047 3183 
m2392 14 22 30 36 40 722 730 736 1114 1122 1130 1136 1140 1522 1536 1540 1822 1840 2022 2040 
m1148 30 36 38 40 46 1830 1930 1936 1940 1946 2030 2036 2046 2330 2336 2340 2346 4836 
m2143 36 49 1836 1849 2499 
m2621 14 22 23 30 46 730 746 1114 1122 1123 1130 1146 1180 1514 1523 1530 1546 2330 3223 4823 
m444 22 46 1146 2322 2346 
m3265 22 23 36 40 1122 1123 1136 1140 1173 1186 1190 1822 1823 1836 1840 2022 2023 2036 2040 3673 4323 
m380 10 26 37 46 1310 1337 1346 1860 1896 2310 2346 4396 
m1554 22 46 1146 4846 
m1782 22 41 1122 1141 
m469 22 36 37 40 41 1137 1140 1822 1836 1840 1841 2022 2036 2037 2040 2041 2072 2086 2090 2091 4586 
m858 22 23 36 40 46 1122 1123 1136 1140 1146 1172 1186 1190 1196 1822 1836 2022 2036 2040 2046 2322 3686 4346 
m3163 28 36 38 46 1928 1936 1946 2328 2336 2346 4328 4836 
m907 12 22 23 36 45 46 49 622 645 1122 1145 1172 1195 1812 1822 1845 1846 2272 2295 2322 2345 2462 2473 2486 2496 3662 3696 4323 4812 
m741 23 24 40 46 1190 1240 1246 2023 2024 2040 2046 2340 3696 3723 
m1681 22 23 30 39 46 1123 1130 1139 1146 1172 1173 1180 1189 1196 1522 1523 1539 1546 1972 1973 1980 1989 1996 2322 2323 2330 2339 2346 3689 3696 4473 4496 4823 
m3141 5 36 38 46 49 286 296 299 1849 1905 1936 1938 1946 2346 2349 2486 2499 4836 
m841 5 36 46 49 286 296 299 1849 2346 2349 2486 2499 4836 
m2994 22 45 1145 2272 2295 
m1977 22 23 30 36 40 46 1122 1123 1130 1136 1140 1146 1180 1523 1530 1536 1546 1830 1846 2022 2023 2030 2036 2040 2046 2330 4323 4823 
m3246 23 30 36 40 46 1180 1523 1530 1830 2023 2030 2036 2046 2330 4323 4346 4823 
m3008 38 41 46 1938 1941 1946 2341 2346 
m2216 32 36 46 49 1636 1649 1832 1836 1846 1849 2332 2336 2346 2349 2482 2486 2496 2499 4332 4336 
m2783 22 36 40 41 1136 1140 1141 1836 1841 2036 2041 2086 2090 2091 4586 
m2139 22 23 36 40 1122 1123 1136 1140 1173 1823 2023 2036 3673 
m3290 13 38 1913 1938 
m2013 22 36 40 41 46 49 1136 1140 1146 1149 1822 1840 1846 1849 2022 2046 2072 2086 2090 2096 2322 2336 2340 2346 2349 2490 2496 4336 
m1591 37 41 46 49 1891 2337 2341 2346 2349 2487 2491 2496 4396 
m2472 22 37 39 46 1122 1137 1139 1146 2337 2339 2346 4487 4837 4839 
m754 22 44 46 1146 2222 2244 2246 2322 2344 2346 4846 
m2447 18 23 36 923 936 1186 1836 3686 
m1930 22 23 30 41 46 1122 1141 1146 1191 1523 1530 1541 1546 2073 2080 2091 2096 2322 2323 2330 2341 2346 
m3214 14 38 40 738 1914 1938 1940 2014 2038 2040 
m3682 14 22 23 30 40 41 46 714 746 1114 1141 1146 1164 1172 1190 1191 1196 1514 1522 1523 1530 1540 1541 1546 2014 2022 2023 2030 2040 2041 2046 2064 2096 2314 3664 
m3497 46 49 2346 2349 
m1889 23 30 32 46 1182 1523 1532 1546 2323 2332 2346 4823 
