m1940 5 13 22 33 36 40 46 263 272 283 286 290 672 686 690 1113 1122 1133 1136 1140 1672 1686 1690 1822 2022 2036 2305 2313 2322 2333 2336 2340 3183 
m1576 22 37 1122 1137 1872 1887 
m3540 37 41 46 2087 2096 4837 
m3482 13 33 46 696 2333 3183 
m2649 22 40 46 2046 2322 2346 
m1030 45 46 2296 2346 
m2332 45 46 2296 
m2923 5 13 22 33 655 1113 1122 1133 1655 1672 4163 
m2737 22 45 1145 
m232 22 27 40 46 1127 1140 1146 2027 2046 2327 
m3627 23 30 41 45 1180 1191 1541 2273 2280 2291 
m356 36 46 1846 2336 2346 4836 
m1766 5 37 46 255 1855 1887 1896 2305 2337 2346 4837 
m829 13 37 38 46 1913 1937 1946 2313 2337 4363 
m1602 12 22 37 46 1112 1137 1146 2337 4362 4812 
m2063 22 44 46 1146 2322 2344 2346 4846 
m335 5 13 26 33 263 283 1305 1313 1333 1655 1663 1683 3183 
m2773 5 32 1605 
m2100 14 36 40 46 1814 1846 2014 2036 2040 2046 2346 4346 4814 
m1868 5 22 44 46 272 294 296 1144 1146 2205 2246 2305 2322 2344 2346 4846 
m2998 22 37 46 1137 1146 4837 
m719 5 13 22 45 46 655 1113 1145 1146 2255 2263 2296 2305 2313 
m3268 26 33 45 1333 1345 1695 
m2434 36 37 40 46 49 1837 1849 1899 2036 2037 2046 2049 2336 2349 4837 
m2647 22 26 33 36 49 1126 1133 1676 1822 1826 1833 1849 2472 2476 2483 
m2864 22 40 46 1122 1140 1146 2340 
m560 36 40 49 1836 1840 1849 2036 2040 2049 2486 2490 2499 
m387 14 46 746 2346 
m364 45 
m1321 45 46 2345 
m3513 9 14 36 49 709 1809 1814 1836 1849 2459 2464 2486 2499 
m592 20 22 23 46 1023 1120 1123 1146 1173 2320 2323 3673 4823 
m179 13 22 45 695 1113 1145 2263 2272 2295 
m1049 30 45 46 2280 2296 2330 2346 
m1361 18 918 
m1064 14 40 45 46 2014 2040 2046 2264 2290 2296 2314 2346 3214 4814 
m3585 28 36 38 1438 1838 1928 1936 4328 
m2922 22 36 37 40 46 1122 1136 1137 1140 1146 1822 1837 1840 1846 1872 2022 2037 2046 2322 2336 2340 2346 4396 4837 
m355 33 44 49 1694 1699 2494 
m18 14 23 30 36 40 46 730 1180 1814 1823 1830 1846 2014 2023 2030 2036 2040 2046 2314 2323 2330 2346 3223 4346 4814 4823 
m3460 12 36 40 46 49 636 640 649 1836 1849 2036 2049 2336 2340 2349 2499 4812 
m2505 5 14 46 705 2305 2314 
m1579 6 36 42 45 306 345 1845 2106 2145 2836 4306 4606 4636 
m1300 14 40 46 2014 2040 2046 2314 2346 4814 
m3483 22 23 30 46 1122 1123 1130 1146 1180 1523 1530 1546 2330 2346 4823 
m392 36 
m2946 27 46 49 2327 2346 2477 2496 
m1466 18 45 2268 
m2938 45 46 2295 2296 2346 
m2335 22 37 45 46 1122 1137 1145 1146 1887 1895 1896 2287 2296 2337 
m3056 22 36 40 46 48 1136 1140 1146 1848 2036 2040 2046 2336 2340 2346 2348 4336 4836 
m1296 23 45 1195 2273 2295 
m772 22 44 46 1146 2344 2346 4846 
m2672 22 44 46 1146 2344 2346 4846 
m3416 5 33 45 46 1655 1695 2255 2305 2345 4833 
m3696 5 13 22 38 46 655 696 1113 1146 1905 1913 1922 1946 2305 
m1767 5 36 45 46 286 295 1845 2255 2286 2295 2305 2336 2345 4336 
m3324 33 1683 
m2461 22 45 46 1145 1146 2345 
m222 32 45 1645 
m2825 14 22 23 36 723 1114 1123 1136 1186 3236 
m1560 22 23 1122 1123 1172 
m3694 5 13 38 46 263 288 296 696 1913 1938 1946 2305 2313 2338 2346 
m1405 22 45 1122 1145 2272 2295 
m667 13 22 46 1113 1122 1146 2313 2322 2346 
m2396 11 13 33 563 583 3183 
m3092 22 23 36 40 41 46 49 1123 1136 1141 1149 1836 1849 2022 2036 2041 2046 2049 2073 2086 2091 2099 2322 2323 2336 2341 2349 2472 2473 2486 2491 4323 4336 4836 
m3099 10 14 46 710 746 2310 2346 
m2449 28 36 1828 1836 
m242 5 14 32 705 1605 1614 
m1469 8 37 46 408 437 446 1858 2308 4396 
m2688 23 
m1454 9 14 36 49 709 1809 1814 1836 1849 2459 2464 2486 2499 
m1565 5 31 36 255 281 286 1555 1581 1586 1805 1831 1836 
m2958 22 23 30 36 41 1123 1130 1136 1523 1823 1830 2072 2073 2080 3673 4323 4586 
m1863 13 38 46 688 1913 1946 2338 4813 
m901 22 33 46 1122 1133 1146 1696 2333 2346 4196 
m2223 12 23 30 36 41 612 630 636 641 1191 1523 1541 1812 1823 1830 1836 1841 2062 2073 2086 3123 
m1316 20 45 1045 
m868 22 23 30 46 1122 1123 1130 1146 1180 1523 1530 1546 2330 2346 4823 
m345 28 36 40 1428 1828 1836 2028 2036 3936 4328 
m2985 40 45 46 2040 2045 2046 2345 
m1625 22 45 46 1145 1146 2296 
m2830 36 49 1849 2486 2499 
m805 36 1836 
m402 37 45 46 2287 2337 2345 4837 4846 
m1083 12 14 33 46 712 746 2333 3133 3233 4812 
m2930 5 13 22 33 36 40 263 272 283 286 290 672 686 690 1113 1122 1133 1136 1140 1672 1686 1690 1822 2022 2036 3183 
m1096 22 44 46 1144 1146 2246 2344 2346 4846 
m3505 14 40 46 740 746 2014 2040 2046 2314 2340 2346 3214 3246 4814 
m2113 
m3343 
m1395 36 45 46 49 1845 2336 2345 2346 2349 2486 2495 2496 
m1815 17 38 46 896 1917 1938 1946 2317 2338 2346 3396 4817 4846 
m2153 12 23 30 36 41 46 49 630 1180 1812 1830 1846 2062 2073 2080 2086 2096 2323 2330 2462 2473 2480 2486 2491 2496 3123 4323 4812 
m1800 17 46 2317 2346 4817 
m636 22 30 40 46 1122 1130 1146 2022 2030 2046 2330 
m1278 14 22 23 30 40 45 46 714 746 1114 1145 1146 1164 1172 1190 1195 1196 1514 1522 1523 1530 1540 1545 1546 2014 2022 2023 2030 2040 2045 2046 2264 2296 2314 3664 
m607 23 30 46 1523 1546 2323 
m26 37 45 46 1895 2337 2345 2346 4396 
m1519 23 45 46 1195 2323 2345 3673 
m2796 16 45 46 845 2345 4816 
m1325 13 33 4163 
m2877 45 46 2345 
m562 46 
m1224 22 23 32 36 40 46 49 1122 1123 1132 1136 1146 1149 1172 1173 1182 1186 1190 1196 1199 1622 1623 1632 1636 1640 1646 1822 1823 1832 1836 1840 1846 1849 2022 2023 2032 2036 2046 2322 2323 2332 2336 2346 2349 2472 2473 2482 2486 2490 2496 3673 3686 3696 4323 4346 
m3331 22 37 46 1122 1137 1146 2322 2337 2346 4837 
m3469 14 45 2264 
m2703 22 30 36 40 41 46 1122 1130 1136 1140 1141 1146 1536 1540 1546 1846 2022 2030 2036 2040 2046 2072 2090 2340 4346 4846 
m783 8 
m894 37 38 46 49 1887 1888 1899 1937 1946 2337 2338 2346 2349 4396 4837 
m343 37 
m2015 30 37 46 1880 2330 4837 
m50 10 30 36 37 46 1510 1536 1546 1810 1860 1880 1886 1896 2310 2346 4836 
m735 32 36 46 2332 2336 2346 4332 4836 
m575 22 46 1122 1146 2322 2346 
m2526 22 23 30 36 40 46 49 1122 1123 1130 1136 1140 1146 1172 1173 1180 1186 1190 1196 1523 1530 1536 1540 1546 1822 1823 1830 1840 1846 2022 2023 2030 2036 2040 2046 2330 2346 2472 2473 2486 2490 3696 4336 4346 4823 
m3314 36 38 40 46 1840 1846 1936 1940 1946 2036 2038 2040 2046 2336 2338 2340 2346 
m247 13 22 38 1113 1913 1922 
m244 22 38 40 1140 1922 1938 1940 
m2707 14 46 714 746 2346 3246 
m2222 
m2842 45 2295 
m2560 13 22 36 40 41 1113 1136 1140 1813 1840 2013 2063 2072 2086 2090 
m1641 37 
m3665 13 22 45 695 1113 1145 
m41 12 23 36 41 46 636 1823 2062 2073 2096 2336 3123 4586 4812 4823 
m3451 45 46 2295 2345 
m479 5 13 14 33 263 283 705 713 733 4163 
m3425 8 36 46 49 1808 1846 2308 2336 2458 2486 2496 4336 
m2331 26 46 1346 
m1459 36 46 2336 
m1659 22 23 30 1122 1123 1130 1172 1173 1180 1522 1523 1530 3673 
m2689 22 23 30 38 41 1122 1123 1130 1138 1172 1173 1188 1522 1523 1530 1538 2072 2073 2080 3673 
m2843 13 14 22 672 722 3213 
m802 14 38 46 1914 1946 2346 4814 
m3009 26 37 46 1876 2326 2337 
m2901 14 22 36 49 749 1114 1136 1149 1814 1849 
m2528 12 40 45 46 645 2012 2045 2046 2312 2340 2345 2346 4812 
m2601 14 38 40 45 46 740 745 1914 1938 1940 1945 1946 2290 2340 2345 3246 
m1582 22 24 1124 
m1711 22 26 41 46 1141 1146 1322 1341 1346 2341 
m1130 22 23 30 1123 1173 1522 1523 3673 
m281 36 38 41 46 1936 1946 2336 2341 2346 4341 4836 4846 
m1276 36 40 46 2036 2046 2340 2346 4836 4846 
m703 14 23 30 46 1514 1523 1546 2314 2323 2330 2346 3664 4814 4823 
m630 14 30 37 714 730 737 1880 3237 
m682 22 36 37 40 46 1137 1146 1822 1837 1846 1872 2022 2036 2046 2322 2337 2346 4346 4837 
m1660 32 46 2332 2346 
m3046 22 36 40 46 1136 1146 1836 1840 1846 2036 2046 2336 2340 2346 4836 
m1318 37 40 41 46 2037 2046 2087 2090 2096 4837 
m2334 13 22 36 38 40 1113 1122 1136 1138 1140 1813 1840 1913 1936 1940 2013 
m1364 14 23 30 46 730 1180 2314 2323 2330 2346 3223 4814 4823 
m784 38 46 1938 1946 
m321 22 27 36 46 49 1127 1136 1146 1149 1377 1386 1396 1399 1827 1849 2322 2327 2336 2346 2349 2477 2486 2496 2499 
m1978 37 41 46 2087 2096 4837 
m296 13 22 36 38 40 672 686 690 1113 1122 1136 1140 1822 1913 1922 1936 1940 2022 2036 
m496 22 41 1141 
m3215 32 36 1832 4336 
m254 22 40 44 46 1140 1144 1146 2022 2040 2044 2046 2222 2240 2246 2322 2340 2344 2346 4846 
m1246 22 23 41 1122 1123 1141 1173 2072 2073 3673 
m2477 13 22 33 36 40 672 686 690 1113 1122 1133 1136 1140 1672 1686 1690 1822 1840 2022 3183 
m1417 5 13 14 23 33 655 705 713 1155 1163 1164 1183 1655 1664 4163 
m944 11 
m3153 22 44 46 1144 1146 2222 2246 2322 2344 2346 4846 
m164 37 38 1888 1937 1938 
m2409 22 28 1422 
m923 23 36 3686 
m3418 15 45 795 
m2912 5 36 38 41 46 286 291 296 1905 1936 1938 1941 1946 2341 4341 4836 
m1172 36 40 48 49 1836 1840 2036 2436 2440 2449 2486 2490 4336 
m1552 49 
m2046 12 30 45 630 2262 2280 
m367 12 49 649 2462 2499 
m3021 41 
m2168 13 22 33 36 40 690 1113 1122 1133 1136 1140 1690 1813 1833 1840 2013 2033 4163 
m1369 13 22 46 1113 1122 1146 2322 4813 
m1412 33 37 4383 
m3495 14 22 722 1114 1122 
m3195 3 26 46 1303 1346 2346 4803 
m1384 22 38 45 46 1138 1145 1146 1938 1945 1946 2345 
m2009 28 36 1828 1836 
m1661 5 45 46 2255 2295 2296 2305 2345 
m1634 13 22 38 1113 1122 1138 1913 1938 
m3388 8 36 40 46 1808 1836 1840 1846 2008 2036 2040 2046 2308 2336 4336 
m3700 40 45 46 2040 2045 2046 2345 4846 
m3159 36 
m598 23 30 40 45 46 1173 1180 1523 2023 2030 2046 2273 2280 2290 2296 2323 2330 3673 4823 
m1936 44 46 49 2344 2349 2494 
m282 9 22 46 1109 1146 2309 2346 4846 
m1213 22 41 46 1141 1146 2341 
m2658 9 14 22 44 46 709 744 746 1109 1114 1122 1144 1146 2209 2246 2309 2322 2344 2346 4814 
m985 30 37 46 1530 1537 1546 1880 2330 2337 2346 
m2473 38 
m119 22 23 30 38 1122 1123 1130 1138 1172 1173 1188 1522 1523 1530 1538 1922 1923 3673 
m1244 14 45 714 745 2264 2295 
m1161 13 20 22 32 36 40 672 686 690 1013 1022 1032 1036 1040 1122 1136 1140 1613 1622 1636 1640 1822 2022 2036 
m1666 46 
m1156 22 30 46 1522 1546 2322 4846 
m3216 14 714 
m2439 14 36 49 749 1814 1849 
m1368 5 23 27 41 273 291 1355 1373 1391 2073 3673 
m2224 14 22 36 46 49 722 736 749 1814 1822 1849 2322 2336 2349 2472 4336 4814 
m117 22 23 30 36 40 1122 1123 1136 1140 1522 1523 1536 1540 1822 1823 1840 2022 2023 2030 2036 2040 4323 4336 
m2079 37 45 1887 1895 
m1385 30 36 41 46 1830 1836 1841 1846 2080 2330 2336 2341 2346 4586 4836 
m3467 
m3397 8 46 408 446 2308 2346 
m1676 12 40 46 2012 2046 4812 
m1824 23 30 46 1196 1523 1530 1546 2323 2330 2346 3696 4823 
m2488 14 32 46 1614 2314 2332 
m1323 36 46 2336 4836 4846 
m2467 12 46 49 2349 2462 4812 
m2547 22 23 36 40 46 49 1172 1822 1823 1836 1840 1849 2022 2023 2036 2040 2046 2049 2322 2323 2336 2349 2473 2486 3686 4336 4346 4836 
m974 41 46 2341 
m2345 22 23 30 1122 1123 1130 1172 1173 1180 1522 1523 1530 3673 
m1927 22 23 36 40 41 46 49 1123 1136 1141 1191 1836 1841 2022 2023 2036 2041 2322 2323 2336 2340 2341 2349 2472 2473 2486 2490 2491 2499 4323 4336 4836 
m1645 38 1938 
m2719 22 23 30 1122 1123 1130 1172 1173 1180 1522 1523 1530 3673 
m1510 12 33 37 46 1862 2333 2337 4162 4383 4812 
m396 11 13 22 38 563 572 588 688 1113 1138 
m3049 22 45 46 1122 1145 1146 2272 2295 2296 2345 
m1424 13 38 46 663 696 1913 1946 
m1092 14 40 46 49 2014 2046 2314 2346 2464 2490 2496 4814 
m3192 45 2295 
m2201 22 23 30 38 1122 1123 1130 1138 1172 1173 1188 1522 1523 1530 1538 1922 1923 3673 
m2220 46 2346 
m1869 37 46 2337 2346 4837 
m533 17 36 46 49 1817 1846 1849 2349 2467 4817 
m147 22 32 46 1122 1132 1146 2332 2346 4846 
m880 22 23 36 41 46 49 1123 1136 1146 1149 1191 1836 1841 2323 2336 2341 2473 2486 2491 2496 4323 4336 4836 
m596 14 32 36 41 46 736 741 1614 1641 2314 2332 2336 2341 4136 4586 
m2693 23 36 40 41 44 1186 1190 1191 1194 1840 1841 2041 2240 2241 4736 
m160 22 32 36 40 46 1122 1132 1136 1140 1622 1632 1636 1640 1840 2040 2322 2332 2336 2346 
m2296 38 45 46 1945 1946 2296 
m2740 22 36 40 41 1122 1136 1140 1141 1836 1840 1841 2036 2040 2086 2090 2091 4586 
m2848 22 23 36 40 1122 1123 1136 1140 1173 1823 1840 2023 2040 3673 
m2388 5 13 22 33 36 38 40 46 263 272 283 286 290 672 686 690 1113 1122 1133 1136 1140 1672 1686 1690 1822 1905 1913 1922 1933 1936 1940 1946 2022 2036 2305 2313 2322 2333 2336 2340 3183 
m2945 38 46 1946 
m1679 5 13 33 46 655 1655 2305 2313 2333 4163 
m1470 23 45 1195 2273 2295 
m3351 23 45 46 1195 2296 2345 2346 3696 4823 
m2183 22 46 1122 1146 
m464 22 23 30 1123 1130 1180 1530 
m2939 26 37 46 1337 1346 2337 2346 4837 
m1618 38 40 41 46 49 1941 1946 2090 2340 2341 2488 2491 2496 
m797 22 44 46 1146 2222 2244 2246 2322 2344 2346 4846 
m2604 22 26 44 46 1146 1346 2344 2346 4846 
m3011 26 36 46 1826 2326 2336 2346 4346 
m1052 37 39 46 1987 4396 4496 
m3272 22 23 36 40 46 49 1123 1136 1146 1149 1836 1846 1849 2022 2023 2036 2046 2049 2323 2473 2486 2496 3686 4323 4336 4836 
m3116 22 30 39 1130 1139 1980 
m817 12 41 45 46 2062 2096 2262 2291 2296 4812 
m67 14 714 
m1994 22 23 30 41 1122 1123 1130 1172 1173 1180 1191 1522 1523 1541 2072 2073 2080 3673 
m1397 22 26 44 46 1146 1322 1344 1346 2344 2346 4846 
m855 
m3492 14 23 36 40 46 1814 1823 1846 2014 2023 2036 2040 2046 2314 2323 2346 3664 4346 4814 4823 
m1050 36 
m3678 36 45 46 1845 2336 2345 2346 4836 
m1135 46 
m3507 26 45 46 1326 1345 1346 2276 2296 2326 
m303 30 36 39 40 46 1830 1980 1986 1990 1996 2030 2036 2046 2330 4836 
m1571 7 22 46 1107 1122 1146 2307 2346 
m527 45 2295 
m2698 36 38 41 1838 2088 4341 
m2651 32 1632 
m2784 15 46 2315 
m734 14 40 740 
m462 2 45 46 2252 2296 2302 
m1226 47 
m2819 22 23 1122 1123 1172 1173 3673 
m2531 13 37 4363 
m536 23 30 46 1173 1180 1196 1523 1530 1546 2323 2330 2346 3696 4823 
m347 22 23 41 1122 1123 1141 1172 1173 1191 3673 
m1163 22 46 2322 
m851 22 38 46 1146 1922 1946 
m1104 22 23 30 36 40 41 1122 1123 1130 1136 1140 1141 1172 1173 1186 1190 1191 1522 1523 1536 1541 1840 1841 2023 2036 2041 2072 2073 2086 2090 2091 3673 3686 4323 4336 4586 
m2352 12 23 36 46 49 636 649 1199 1849 2336 2349 3123 3686 4812 4823 
m1686 9 13 33 38 463 483 488 688 1688 4163 
m1430 22 33 44 49 1133 1144 1694 1699 2494 
m1483 45 2295 
m1199 5 36 41 46 1805 2055 2096 2305 2336 4586 
m2107 13 22 1113 1122 
m2977 14 36 49 749 1814 1849 
m2198 32 36 41 46 1641 1646 2332 2336 2341 2346 4136 4586 
m990 22 44 46 1146 2222 2246 2344 2346 4846 
m246 6 42 4606 
m2882 38 45 46 1945 2338 2345 2346 
m2125 37 1887 
m3326 13 33 45 2263 2283 4163 
m597 22 44 46 1146 2222 2244 2246 2322 2344 2346 4846 
m1543 22 30 36 1136 1536 
m911 22 23 36 41 49 1123 1136 1141 1172 1173 1186 1191 1199 1822 1823 1841 1849 2072 2073 2086 2091 2099 2472 2473 2486 2491 3673 3686 4323 4336 
m773 36 40 41 46 49 1836 1841 1846 1849 2036 2040 2041 2046 2086 2096 2099 2336 2346 2349 4346 4586 4836 
m532 12 22 30 622 1512 1522 
m29 26 46 1346 
m2696 8 408 
m511 23 32 46 1182 2323 2332 2346 3696 4823 
m75 36 48 1836 1848 2436 2448 
m262 5 13 33 36 46 263 283 1805 1813 1833 2305 2313 2333 4163 4836 
m2312 5 45 295 
m2883 
m214 3 45 153 2253 
m3385 7 45 2257 
m1039 22 37 1122 1137 
m1710 12 36 46 612 636 646 1812 1836 1846 2312 2336 2346 
m870 46 2346 
m3675 22 45 46 1145 1146 2345 4846 
m3509 23 36 41 49 1186 1199 1823 1836 1849 2073 2086 2099 2473 3673 4323 4586 
m442 22 30 36 39 41 1136 1139 1522 1536 1539 1541 1986 2072 2089 4586 
m3118 22 36 46 1822 1846 2322 4846 
m1656 22 23 30 36 40 41 46 1122 1123 1130 1136 1140 1141 1146 1191 1523 1536 1541 1546 1841 1846 2023 2030 2036 2040 2041 2046 2072 2073 2091 2341 3696 4323 
m524 27 36 46 49 1827 2327 2336 2486 2496 
m3227 13 32 36 40 41 686 690 691 1613 1636 1641 1841 2036 2041 2063 2082 2086 2090 2091 
m3590 41 45 2291 
m3363 28 38 1928 1938 
m816 13 22 32 36 38 40 672 686 690 1113 1122 1136 1140 1613 1622 1636 1640 1822 1913 1922 1932 1936 2022 2036 
m3120 22 44 46 1144 1146 2222 2246 2322 2344 2346 4846 
m3702 36 40 1836 1840 2036 2040 
m965 26 40 46 1326 1340 1346 2026 2046 2326 3826 
m949 22 38 40 45 46 1138 1146 1938 1940 1946 2272 2288 2290 2296 2340 2346 
m1627 22 23 36 49 1123 1136 1172 1173 1186 1199 1822 1823 1849 2472 2473 2486 3673 4323 4336 
m1247 13 25 38 46 675 1913 1925 1946 2313 2325 
m917 22 46 1122 1146 
m85 
m594 5 45 46 2255 2296 2305 
m1491 5 13 22 255 263 272 1105 1113 1122 
m361 14 22 30 38 46 730 1114 1130 1138 1146 1914 1930 1946 2330 3246 
m2892 14 22 44 46 1114 1144 1146 2214 2246 2314 2322 2344 2346 3246 4846 
m1216 22 37 46 1137 2322 4837 
m411 33 45 1695 
m431 26 38 46 1926 1946 2326 
m2081 32 36 37 1632 1637 1882 1886 1887 4136 4332 
m3105 14 40 46 2014 2040 2046 2314 2346 4814 4846 
m696 36 46 2336 
m680 22 46 1146 2346 
m664 
m789 22 37 46 1872 2322 2337 
m2037 45 46 48 2345 2445 2446 
m3042 40 44 46 2044 2046 2344 
m2382 22 30 45 1122 1130 1145 1545 
m2507 45 
m2384 22 36 40 41 49 1136 1141 1822 1836 1840 1841 1849 2036 2072 2086 2090 2091 2472 2486 2491 4336 
m3374 38 46 1946 
m1251 13 46 696 
m3354 13 36 40 45 686 1813 1840 1845 2013 2036 2045 2263 2286 4336 
m2959 22 30 32 36 40 41 46 49 1122 1130 1132 1136 1140 1141 1146 1522 1532 1536 1546 1622 1646 1822 1830 1832 1836 1840 1846 1849 2022 2030 2032 2036 2040 2046 2049 2072 2090 2096 2322 2472 2480 2482 2486 2490 2496 4346 4846 
m3284 22 32 36 1622 1822 4136 
m1897 37 46 1896 2337 2346 4846 
m2502 22 44 46 1146 2246 2344 2346 4846 
m2305 14 40 46 49 2014 2040 2046 2314 2346 2464 2490 2496 4814 
m3589 22 37 40 46 1872 2037 2046 2322 2337 2346 4837 
m918 27 28 36 46 1378 1386 1396 1828 2327 2328 2336 2346 4836 
m2277 45 46 2345 2346 
m2524 13 22 38 672 1113 1138 1913 1922 
m190 22 36 41 1122 1136 1141 1822 2072 4586 
m3254 26 46 50 1326 1346 1350 2350 
m831 22 32 46 1132 1146 2332 
m353 21 36 41 1821 2071 4341 
m2007 45 
m3065 36 40 46 1840 2336 2340 
m1275 14 36 40 46 1814 1846 2014 2036 2040 2046 2346 4346 4814 
m714 22 41 1122 1141 
m1105 32 36 4332 
m3605 46 4846 
m2160 13 22 33 36 40 48 672 686 690 1113 1122 1133 1136 1140 1672 1686 1690 1822 2022 2036 2413 2422 2433 2436 2440 3183 
m2874 22 40 46 1140 1146 2340 
m3016 45 2295 
m1013 12 45 46 645 2345 4812 
m1286 30 41 46 2080 2330 2341 2346 
m2730 9 36 46 459 486 496 1809 2309 2336 2346 4836 
m2970 13 33 45 695 1695 4163 
m1950 13 22 33 49 699 1113 1122 1149 1672 1699 4163 
m967 37 46 1896 
m2347 37 39 40 46 1890 1987 1990 2340 4396 4496 
m749 14 40 46 740 746 2014 2040 2046 2314 2340 2346 4814 
m2817 23 30 45 1180 1195 1523 1530 1545 2273 2280 2295 3673 
m3673 22 44 46 1122 1146 2344 2346 4846 
m1320 22 23 30 36 40 1122 1123 1130 1136 1172 1173 1180 1186 1190 1522 1523 1530 1536 1540 1822 1823 1830 1840 2022 2023 2030 3673 
m775 32 36 45 46 1832 2282 2286 2296 2332 2336 2346 4836 
m264 22 36 40 46 49 1822 1846 1849 2022 2036 2040 2046 2049 2322 2472 2496 
m3624 22 23 36 40 41 1122 1123 1136 1140 1141 1172 1822 1823 1836 1840 2023 2036 2072 2073 2086 2090 2091 3673 4323 4586 
m684 33 37 46 1883 1896 4833 
m3690 23 46 1173 1196 3696 
m2387 22 36 40 41 49 1122 1136 1140 1141 1149 1841 1849 2022 2036 2041 2049 2486 2491 4336 
m3645 46 
m270 22 30 46 1130 1146 2330 
m2149 22 23 30 36 40 46 1122 1123 1130 1136 1140 1146 1172 1173 1522 1523 1530 1540 1546 1822 1823 1830 1840 1846 2022 2023 2030 2036 2040 2046 2322 2323 2330 2340 2346 3696 4823 
m135 22 37 40 46 1137 1140 1146 1890 2022 2037 2040 2046 2337 2340 2346 4837 
m3271 10 21 36 46 521 536 546 1821 2321 2346 4836 
m529 23 38 45 1195 1923 1945 3673 
m2433 5 32 36 45 1605 1805 2255 2282 2286 4332 
m2207 12 22 23 36 40 41 46 49 636 640 641 646 649 1123 1136 1141 1146 1149 1812 1836 1840 1841 1846 1849 2036 2041 2046 2073 2086 2090 2091 2096 2099 2322 2323 2336 2340 2341 2349 2462 2472 2473 2486 2491 2496 2499 4323 4336 4812 4836 
m936 13 22 33 672 1672 3183 
m959 9 36 1809 1836 2959 4309 4336 
m2067 45 
m613 37 45 1895 
m3071 48 2448 
m3012 5 13 14 33 655 705 713 1655 1664 4163 
m2156 26 37 41 46 1337 1341 1346 1891 2341 4837 
m1165 22 23 30 46 1122 1123 1130 1146 1180 1523 1530 1546 2330 2346 4823 
m2905 36 
m3093 30 44 45 1545 2230 2245 
m2034 22 44 45 46 1146 2272 2294 2296 2344 2346 4846 
m791 22 44 46 1146 2246 2344 2346 4846 
m1993 23 45 1195 2295 
m1799 12 14 27 46 712 746 1362 1364 1396 2312 2346 3246 4812 
m2780 23 45 46 1195 2323 2345 4823 4846 
m828 36 40 41 1836 1840 1841 2036 2041 2086 2091 4336 4341 4586 
m3536 46 
m470 14 45 745 2264 2295 
m3477 5 22 36 40 41 272 286 290 291 1105 1122 1136 1140 1141 1840 1841 2041 
m3340 36 38 40 45 1838 1936 1938 1940 2036 2038 2286 2288 
m2108 37 40 46 49 1899 2037 2046 2049 2337 2340 2346 2349 4396 
m2582 22 44 46 1146 2344 2346 4846 
m1196 46 4846 
m611 36 40 41 46 1836 1840 1841 1846 2036 2040 2041 2046 2336 2340 2341 2346 4346 4586 
m872 22 23 30 36 38 40 1123 1130 1136 1140 1172 1173 1180 1186 1188 1190 1522 1523 1538 1822 1830 1922 1923 1930 1936 1938 1940 2022 2023 2030 2036 2040 3673 4323 
m1451 26 46 1326 1346 2346 
m1968 22 44 46 1146 2322 2344 2346 4846 
m3102 14 40 46 2014 2040 2046 2314 2346 4814 
m1956 13 22 36 40 672 686 690 1113 1122 1136 1140 1822 2022 2036 
m2465 12 46 612 2312 2346 4812 
m2801 37 38 41 46 1937 1938 1941 1946 2087 2096 4837 
m2458 26 46 1346 2346 
m505 32 37 46 1632 1637 1646 2332 2337 2346 4837 
m1263 37 46 2337 2346 4837 4846 
m1183 45 2295 
m1209 37 46 4837 
m584 5 14 26 45 705 745 1305 1314 1345 2255 
m692 30 38 45 46 1930 1945 1946 2280 2296 2330 
m475 37 46 2337 
m2069 22 36 46 49 1136 1146 1846 1849 2349 
m721 22 32 40 46 1146 2022 2032 2040 2046 2332 2346 4846 
m1149 
m1976 13 22 32 36 38 40 672 686 690 1113 1136 1140 1613 1622 1636 1640 1822 1913 1922 1932 1936 1940 2022 2036 2040 3186 4336 
m3097 22 23 30 38 1122 1123 1130 1138 1172 1173 1188 1522 1523 1530 1538 3673 
m1857 23 36 40 41 45 1186 1190 1823 1836 1840 2023 2036 2040 2073 2086 2090 2291 
m810 22 23 30 1122 1123 1130 1172 1173 1180 1522 1523 1530 3673 
m1806 14 36 40 45 46 736 740 745 1840 1845 1846 2036 2045 2046 2286 2296 2336 3246 4336 
m2794 32 46 1632 1646 2332 2346 
m291 14 34 46 734 746 2334 
m638 36 49 1836 1849 
m800 23 30 38 45 46 1180 1923 1930 1946 2273 2280 2288 2296 2323 2330 2338 2346 4823 
m494 5 11 15 33 38 46 555 565 583 588 596 755 1655 1696 1915 1933 1946 2305 2315 4165 
m153 22 36 40 41 49 1136 1140 1141 1822 1836 1840 1841 2036 2072 2086 2090 2091 2472 2486 2491 4336 
m834 11 13 33 39 563 583 589 689 1983 3183 
m429 11 45 595 
m1021 14 22 36 40 46 722 1814 1822 1836 1840 1846 2014 2022 2036 2040 2046 2314 2322 2340 2346 3246 4314 4346 4836 
m941 22 46 48 1146 1148 2348 
m3060 23 38 45 1923 2273 2288 
m2197 32 46 48 2332 2348 2432 
m2868 32 36 46 49 1632 1636 1649 1849 2332 2336 2346 2349 
m859 22 23 36 38 40 1123 1136 1138 1140 1173 1922 1923 1936 1938 1940 2023 2036 2038 3686 
m1816 23 36 38 40 41 1173 1186 1188 1190 1923 1936 1938 1940 2023 2036 2073 2086 2088 3673 3686 4323 4336 
m774 22 44 46 1144 1146 2246 2322 2344 2346 4846 
m2479 40 45 46 2046 2290 2296 4846 
m1167 23 30 46 1180 1523 1530 1546 2330 2346 4823 
m2253 36 37 38 46 49 1837 1838 1888 1938 2338 2486 2487 2488 2496 4346 4837 
m642 8 408 
m59 37 46 1896 2337 2346 4837 
m133 36 45 49 1849 2286 2299 
m2989 22 37 46 1872 2322 4396 
m547 16 23 30 38 45 46 830 1180 1516 1523 1530 1546 1916 1930 1945 1946 2266 2273 2280 2296 2316 2323 2330 2345 2346 3323 4823 
m17 37 40 46 2037 2046 4837 
m2336 23 30 38 46 1188 1523 1530 1538 1923 1930 1946 2323 2330 2338 2346 
m1274 13 33 663 683 1663 1683 3183 4163 
m2934 14 22 40 46 722 746 2014 2022 2046 2322 
m66 45 46 2295 2345 2346 
m156 5 13 14 33 263 283 705 713 733 4163 
m2699 44 46 49 2246 2494 2496 
m311 22 32 36 46 49 1622 1649 1822 1832 1849 2322 2332 2336 2346 2349 2472 4136 4336 4836 
m138 
m1121 22 23 30 1122 1123 1130 1173 1180 1522 1523 1530 
m2290 46 2346 4846 
m2320 22 33 38 46 1122 1133 1146 1672 1922 1933 1946 2322 4833 
m272 32 46 1632 1646 2332 2346 
m3681 13 33 49 2463 2483 4163 
m1737 10 30 36 46 1510 1536 1546 1810 1846 2310 2346 
m2618 40 46 2046 2346 
m436 
m1518 45 46 2296 
m3652 13 22 36 38 40 1113 1122 1136 1138 1140 1813 1840 1913 1936 1940 2013 
m710 23 30 45 46 1195 1523 1545 1546 2323 2330 2345 2346 3696 4823 4846 
m1550 14 30 46 730 746 1530 2330 
m2889 26 46 1326 1346 2346 
m3027 14 49 2464 
m2209 22 36 40 49 1149 1822 1849 2022 2036 2049 
m2935 12 45 46 645 2345 4812 
m526 27 36 46 48 1827 2327 2336 2436 2446 
m2878 37 46 4837 
m2969 14 22 27 40 727 1114 1127 2014 2022 2027 
m2356 36 
m1273 13 22 33 36 37 40 41 683 686 690 1113 1122 1133 1136 1140 1141 1690 1813 1822 1833 1836 1840 1872 1886 1887 2013 2022 2033 2036 2040 2063 2072 2086 
m669 23 28 38 1178 1188 1928 1938 
m796 18 45 945 
m2205 32 1632 
m1725 13 36 38 686 688 1838 
m702 13 22 33 1113 1133 4163 
m713 13 25 38 46 675 1913 1925 1946 2313 2325 
m3055 41 
m2440 23 36 40 46 1186 2023 2036 2040 2046 2323 2336 2340 2346 3696 4346 
m3253 22 36 46 49 1822 1846 1849 2322 2346 2472 2496 
m987 22 38 46 1146 1922 1946 
m144 22 44 46 1146 2344 2346 4846 
m2119 22 40 46 1146 2022 2046 2346 
m1283 30 36 40 46 48 1830 1848 2030 2036 2046 2330 2336 2346 2348 2430 
m1138 22 44 46 1146 2246 2344 2346 4846 
m336 22 23 30 36 41 46 1122 1123 1136 1141 1191 1522 1523 1536 1841 2322 2323 2330 2336 3686 
m2694 22 23 30 45 46 1122 1123 1130 1145 1146 1195 1522 1523 1530 1545 1546 2273 2280 2295 2296 2322 2330 2345 2346 3696 4823 
m2645 22 44 46 1144 1146 2246 2344 2346 4846 
m2101 22 35 46 1135 1146 2322 2335 2346 
m446 22 40 46 1140 1146 2046 
m3517 22 23 30 40 46 1122 1123 1130 1140 1146 1180 1523 1530 1546 2022 2023 2030 2046 2330 2346 4823 
m1834 38 46 1946 
m2404 46 4846 
m2397 22 36 41 49 1136 1141 1822 1841 1849 2072 2086 2091 2099 2472 2486 2491 4336 
m1566 23 30 36 49 1180 1823 1830 1836 1849 2473 2480 2486 2499 
m1077 45 46 2296 2346 4846 
m1963 22 23 30 39 1123 1522 1523 1972 1973 1980 3673 
m728 45 46 2295 2345 2346 
m1492 39 45 1995 2289 2295 
m3311 8 41 46 49 408 446 449 2058 2096 2308 2341 2346 2349 2458 2496 
m3554 22 32 36 40 46 49 1622 1646 1822 1832 1836 1840 1846 1849 2032 2036 2046 2322 2482 2486 2490 2496 4332 
m2103 30 38 39 1930 1980 1988 
m137 13 46 2313 
m2578 22 23 36 40 46 1122 1123 1136 1140 1146 1172 1186 1190 1196 1822 1836 2022 2036 2040 2046 2322 3686 4346 
m616 36 46 1836 1846 4836 
m1084 12 13 33 46 662 696 2333 3133 3183 4812 
m558 22 44 45 46 1144 1145 1146 2294 2296 2344 2346 
m3249 36 
m766 5 32 36 46 49 282 286 296 299 1649 1832 1849 2332 2336 2349 2486 4136 4336 
m3113 38 45 46 1945 2288 2295 2296 2338 2345 
m1408 17 46 2317 2346 4817 
m1427 36 46 49 1849 2336 2349 4336 
m3579 14 36 49 1814 2464 2486 4314 4336 
m1201 22 44 46 1146 2344 2346 4846 
m2566 14 36 1814 4314 4336 
m962 22 23 30 38 41 1122 1123 1130 1172 1173 1180 1188 1523 1538 1541 1922 1923 1930 1938 2072 2073 2080 2088 3673 
m1472 12 14 23 30 46 630 723 730 746 1180 1512 1523 1530 1546 2312 2330 3123 3212 4823 
m497 13 36 38 46 49 663 686 688 696 699 1813 1836 1838 1846 1849 1913 1936 1946 1949 2336 2338 2346 2349 2463 2486 2496 3196 4813 
m1850 11 
m3648 22 44 45 46 1146 2272 2294 2296 2344 2346 4846 
m1914 13 22 26 33 36 40 672 686 690 1113 1122 1133 1136 1140 1313 1322 1333 1336 1340 1663 1672 1683 1686 1690 1822 2022 2036 3183 
m95 12 45 46 645 2312 2345 
m854 22 36 46 1122 1136 1146 1822 1846 2322 
m2228 13 22 45 46 672 2263 2295 2296 2313 2322 2346 4813 
m1694 
m2616 16 23 36 1186 1816 3666 
m1972 32 37 46 1882 2332 2337 
m663 14 36 46 714 736 1836 2314 2336 2346 3236 4814 4836 
m460 8 36 408 2936 4308 
m1496 41 45 2091 2095 2291 2295 
m1780 5 23 37 46 49 299 1155 1173 1199 1855 1873 1899 2305 2323 2349 4837 
m3177 14 22 1114 1122 
m586 26 38 45 46 1338 1345 1346 1938 1945 2288 2338 2345 
m931 17 23 46 2317 2323 2346 3667 4817 4823 4846 
m1531 22 45 46 1145 1146 2296 
m3256 23 30 46 1180 2323 2330 2346 
m2314 5 32 36 1605 1636 1805 
m1529 14 714 
m2900 3 30 153 180 1503 1530 
m39 22 30 45 1122 1130 1145 1522 2272 2280 
m2633 22 44 46 1144 1146 2344 2346 
m2417 45 2295 
m1517 14 22 36 40 41 46 714 722 736 741 1822 1836 1841 2014 2036 2041 2046 2072 2314 2322 2336 2341 3236 4314 4586 4814 
m2233 22 30 36 40 46 1122 1130 1136 1140 1146 1536 1540 1546 1836 1840 1846 2022 2030 2036 2040 2046 2322 2330 2336 2340 2346 4346 
m2329 5 13 22 26 33 46 263 283 672 1305 1313 1322 1333 1346 1672 2305 2313 2322 2333 4163 
m2432 36 40 46 49 1849 2036 2040 2046 2049 2336 2346 2349 4336 4836 
m3096 22 35 46 1135 1146 1796 
m2752 5 14 40 45 46 705 745 2005 2014 2045 2046 2255 2305 2345 4814 
m1874 3 22 30 38 172 180 188 1522 1922 1930 1938 
m28 26 45 46 2276 2296 2326 
m559 22 36 40 46 1122 1136 1140 1822 2022 2036 2040 2322 2336 2340 4336 
m2974 13 37 4363 
m159 22 36 49 1149 1822 1836 1849 2472 2486 2499 
m1738 14 46 2314 2346 4814 
m3356 13 33 46 2313 2333 4163 
m551 40 41 46 2046 2090 2096 2340 2341 2346 
m91 43 
m1000 32 36 38 41 46 1641 1646 1936 1941 1946 2332 2336 2341 2346 4136 4586 
m2991 16 23 40 46 840 846 1190 2016 2023 2040 2046 2340 3323 3696 
m269 38 45 1938 1945 
m1463 22 36 41 49 1136 1149 1841 1849 2072 2086 2091 2099 2486 2491 4336 
m3379 5 45 46 2255 2296 2305 2345 4846 
m3389 15 22 46 772 2322 4815 
m1097 22 44 46 1144 1146 2246 2322 2344 2346 4846 
m608 23 46 2323 2346 3696 4823 4846 
m3144 22 36 41 46 1822 2072 2096 2322 4586 4836 
m491 12 30 38 40 46 630 1912 1930 1946 2012 2030 2038 2040 2046 2312 2330 2346 4812 
m1391 23 30 46 49 1180 1199 1549 2323 2330 2346 2349 2473 2480 2496 
m3500 22 37 40 46 1137 1146 2022 2037 2046 4837 
m2602 10 36 46 1810 2310 2346 4836 
m1456 36 38 40 41 1841 1941 2036 2041 2086 2090 2091 
m357 22 23 30 38 1123 1130 1172 1173 1188 1522 1523 1530 1538 3673 
m72 22 23 30 1122 1123 1130 1173 1180 1522 1523 1530 
m961 23 30 38 46 1180 1923 1930 1946 2330 2346 4823 
m654 13 22 38 1113 1122 1138 1913 
m521 14 20 22 720 1114 1120 
m892 16 23 36 40 41 46 836 840 841 1186 1190 1191 1841 2023 2036 2040 2041 2046 2066 2073 2086 2090 2091 2096 2316 2336 2340 2341 3666 4823 
m1018 10 13 22 660 663 672 1110 1113 1122 
m2609 22 38 44 46 1146 1922 1944 1946 2344 2346 4846 
m1444 22 36 40 46 1122 1136 1140 1146 1840 2040 2336 2340 
m2284 30 36 41 46 49 1536 1541 1841 2080 2086 2091 2096 2099 2330 2336 2341 2346 2349 2480 2486 2491 
m957 45 46 2295 2296 
m3476 14 46 714 746 2314 2346 4814 
m2374 12 38 45 46 645 1912 1946 2345 4812 
m2380 46 
m2984 45 46 2345 2346 
m3161 22 40 45 46 1140 1145 1146 2045 2046 2345 
m2807 13 22 32 36 40 672 686 690 1113 1122 1136 1140 1613 1622 1636 1640 1822 2022 2036 
m2244 14 36 40 46 740 746 1840 2014 2036 2040 2046 2336 2340 2346 3236 4346 4814 
m541 46 
m1366 13 22 36 40 672 686 690 1113 1122 1136 1140 1822 2022 2036 
m2287 46 
m1928 12 36 40 41 46 49 636 640 641 649 1836 1840 1841 2036 2041 2336 2340 2341 2349 2486 2490 2491 3136 4336 4812 
m2319 36 40 41 46 1841 2036 2040 2041 2046 2086 2090 2091 2096 2336 2340 2341 2346 
m2365 36 37 38 46 1837 1838 1888 1938 2338 4346 4837 
m1215 26 32 33 37 1333 1626 1633 1637 1876 1883 
m2558 37 40 46 49 1899 2037 2046 2049 2337 2340 2346 2349 4396 
m2846 45 46 2345 
m626 36 
m727 22 23 36 40 46 48 1123 1136 1140 1146 1148 1190 1840 2022 2023 2036 2046 2048 2336 2340 2346 2423 2436 2440 2446 3696 4323 4346 4823 
m1877 14 23 30 38 730 1180 1514 1523 1530 1538 1914 1923 1930 1938 3223 
m904 14 22 41 46 741 1114 1141 2314 2322 2341 2346 4814 
m1558 13 33 36 40 46 690 1813 1833 1840 2033 2313 2333 3183 4836 
m1635 5 14 22 33 36 40 264 272 283 286 290 722 736 740 1122 1136 1140 1672 1686 1690 1822 2022 2036 3233 
m2454 40 46 2046 
m88 15 22 46 772 2315 2322 
m1614 
m99 14 22 36 38 40 46 714 736 1114 1136 1138 1140 1146 1836 1914 1936 1940 2014 2036 2314 2336 2338 2340 3236 4314 4814 
m2073 37 46 4837 
m2715 14 37 714 737 1887 3237 
m2671 22 44 46 1146 2322 2344 2346 4846 
m668 27 44 45 46 1394 2277 2294 2296 2327 2344 
m1967 22 44 46 1146 2322 2344 2346 4846 
m3298 3 36 48 49 186 198 1803 1848 1849 2453 2486 2498 2499 4336 
m3057 22 23 45 1123 1145 1172 1195 3673 
m916 37 38 46 1888 2338 4396 
m3562 5 26 38 46 1305 1346 1926 1946 2305 2346 
m2690 22 36 46 1822 2322 2336 2346 
m2543 21 1071 
m1308 5 41 2055 
m564 26 45 46 1345 1346 2345 
m489 22 36 41 49 1141 1849 2086 2091 2099 4336 
m3371 5 36 45 46 286 295 1845 2305 2336 2345 4336 
m1059 23 36 40 1823 1836 1840 2023 2036 2040 3686 
m843 26 32 36 38 46 1332 1336 1346 1832 1926 1932 1936 1946 2332 2336 2346 4836 
m1599 
m400 5 45 46 2255 2296 2305 
m1433 23 33 44 49 1183 1194 1199 1694 1699 2494 
m893 16 23 36 40 41 46 836 840 841 1186 1190 1191 1841 2023 2036 2041 2046 2066 2073 2086 2090 2091 2096 2316 2336 2340 2341 3666 4823 
m2896 22 46 49 1149 2322 2346 2349 
m2865 13 36 40 41 686 690 691 1841 2036 2041 2063 2086 2090 2091 
m2383 22 36 41 49 1136 1141 1149 1841 1849 2072 2086 2091 2099 2486 2491 4336 
m2470 41 46 2091 2096 2341 
m139 5 36 37 38 45 46 286 295 1845 1855 1886 1895 1936 1937 1938 1946 2305 2336 2337 4336 
m2790 36 40 46 1836 1840 1846 2036 2046 2336 2340 2346 
m2675 11 13 33 563 583 4163 
m2418 45 46 2296 2346 
m2456 23 45 1195 2273 2295 
m2029 32 36 38 41 46 1641 1646 1932 1936 1941 1946 2332 2336 2341 2346 4136 4586 
m2389 36 37 40 46 48 1848 1886 1890 1896 2036 2040 2046 2048 2336 2340 2346 2348 4396 4836 
m2687 13 37 4363 
m2839 46 
m2353 22 36 46 49 1136 1146 1149 1849 2336 2346 2349 
m3539 22 23 36 41 1122 1123 1136 1141 1173 1186 1823 2073 3673 3686 4323 4586 
m3481 38 46 49 1946 1949 2346 2496 2499 
m1245 22 23 30 41 1123 1130 1141 1522 1523 2073 2080 3673 
m3406 14 22 36 40 722 736 740 1114 1122 1136 1140 1822 2022 2036 
m1793 22 23 36 40 41 1122 1123 1136 1140 1141 1172 1173 1186 1190 1191 1822 1823 1836 1840 1841 2023 2036 2041 2072 2073 2086 2090 2091 3673 3686 4323 4336 4586 
m3395 36 38 46 48 1836 1838 1848 1936 1938 1948 2336 2338 2348 2436 2438 2448 4336 4836 
m1607 22 23 36 40 41 46 49 1123 1136 1140 1149 1173 1186 1190 1199 1840 2022 2023 2036 2040 2041 2049 2072 2073 2086 2090 2099 2322 2323 2340 2341 2473 2486 3673 3686 4323 
m666 14 45 745 2264 2295 
m1014 38 40 46 49 1940 1946 1949 2046 2490 2496 
m1220 14 32 46 714 732 2314 2332 2346 4814 
m2834 13 14 32 46 664 696 1613 1614 1646 4814 
m2538 30 46 2330 
m1040 21 
m1372 5 46 2305 
m14 13 22 32 33 36 40 46 690 696 1113 1122 1132 1133 1136 1140 1146 1613 1633 1636 1640 1646 1690 1813 1833 1840 1846 2013 2033 2046 2333 2340 3183 
m2123 36 49 1836 1849 2499 
m2729 36 37 40 46 1886 1896 2036 2037 2046 2336 2346 4836 4837 
m3319 5 45 2255 2295 
m3575 45 46 2295 2296 2345 4846 
m2943 14 40 46 714 746 2014 2040 2046 2314 2340 2346 3246 4814 
m2588 13 22 36 40 1113 1122 1136 1140 1813 1840 2013 
m2047 13 22 1113 1122 
m1053 22 30 38 1130 1922 1930 1938 
m1713 40 46 2340 
m897 22 23 36 39 41 1123 1136 1972 1973 1986 1991 2072 2073 3673 4323 4586 
m2663 23 38 45 46 1195 1923 1945 1946 2323 2345 
m3384 14 36 40 45 736 740 745 1840 2036 2286 2290 4336 
m2749 11 13 33 36 40 661 1661 1811 1813 1833 2011 2013 2033 2036 4163 
m2720 22 23 30 1122 1123 1130 1172 1173 1180 1522 1523 1530 3673 
m2131 
m1005 37 40 46 1890 1896 2040 2046 2340 2346 4837 
m1295 38 46 1938 1946 
m3035 20 22 23 30 38 1022 1023 1030 1038 1122 1123 1130 1172 1173 1180 1188 1520 1523 1538 1922 1923 1930 3673 
m1925 13 22 33 36 40 46 1113 1122 1133 1136 1140 1146 1813 1833 1840 1846 2013 2022 2033 2036 2040 2046 2313 2333 4163 
m57 5 32 45 46 1605 1645 1646 2255 2305 2345 
m331 11 45 595 
m183 14 32 46 732 2314 2332 2346 4814 
m1959 12 29 36 46 612 629 636 1812 1829 1836 2312 2329 2336 2346 3136 4336 4812 4836 
m176 22 44 46 1146 2344 2346 4846 
m2117 13 38 663 1913 1938 
m369 5 22 36 46 49 272 286 296 299 1149 1822 1849 2322 2346 2349 4836 
m502 22 46 49 2322 2346 2472 2496 
m1962 22 45 46 1146 2272 2296 4846 
m3143 22 30 36 40 46 1122 1130 1136 1140 1146 1822 1830 1840 1846 2022 2030 2040 2046 2322 2330 2340 2346 
m601 36 38 48 1838 1848 1936 1948 2436 2438 2448 
m2563 46 
m706 23 36 1173 1186 1823 1836 3673 3686 4323 
m1932 22 23 30 1122 1123 1130 1172 1173 1180 1522 1523 1530 3673 
m375 22 37 39 1137 1139 1987 
m2831 26 40 46 49 1340 1346 1349 2046 2490 2496 
m824 22 23 31 36 1123 1131 1136 1172 1173 1573 1822 1823 3673 3686 4086 4323 
m255 14 23 30 46 714 723 730 746 1180 2314 2323 2330 2346 3223 4814 4823 
m495 22 37 46 1872 2322 4837 
m1692 22 36 40 41 46 48 1136 1140 1141 1148 1836 1848 2036 2048 2086 2090 2098 2322 2336 2340 2341 2348 4336 
m410 5 37 46 1855 2305 4837 
m1095 5 23 45 46 1155 2255 2273 2305 2345 2346 4823 
m2053 36 43 49 1849 2186 2199 
m1662 13 38 46 1913 1946 4813 
m3237 45 46 2296 
m481 45 
m2548 12 23 30 36 41 46 49 630 1180 1812 1830 1846 2062 2073 2080 2086 2096 2323 2330 2462 2473 2480 2486 2491 2496 3123 4323 4812 
m2307 23 32 38 46 1182 1188 1196 1923 1932 1938 1946 2332 2338 2346 3696 4823 
m1365 4 42 45 2254 2292 2742 
m2260 44 46 49 2344 2349 2494 
m2761 22 45 46 1145 1146 2345 4846 
m2724 30 36 46 1536 1546 2330 2336 2346 4836 
m1689 22 36 40 41 46 49 1136 1140 1141 1149 1836 1849 2036 2049 2086 2090 2099 2322 2336 2340 2341 2349 4336 
m1828 17 46 2317 2346 4817 
m806 34 38 46 1734 1934 2334 2338 2346 
m1825 14 36 49 736 749 1849 2486 2499 4336 
m1691 22 36 40 41 46 49 1136 1140 1141 1836 1849 2036 2049 2086 2090 2099 2322 2336 2340 2341 2349 4336 
m288 45 
m3394 22 36 41 1136 1141 1822 1841 2072 2086 2091 4336 4586 
m1174 37 45 1895 
m2950 30 36 46 49 1830 2330 2336 2480 2486 2496 
m3530 
m3074 14 27 36 46 48 736 746 748 1364 1386 1396 1398 1846 1848 2446 
m1374 13 20 22 32 36 40 670 686 690 1113 1120 1136 1140 1613 1620 1622 1636 1640 1820 2020 2036 2040 3186 4336 
m2628 32 38 45 46 49 1638 1646 1938 1946 1949 2282 2288 2296 2299 2332 2338 2346 2349 
m3315 13 33 3183 
m1532 14 
m602 5 36 40 46 255 1805 1846 2005 2036 2040 2046 2305 2346 4346 
m3640 32 1632 
m3494 45 46 2345 2346 
m1480 46 
m699 22 23 36 46 49 1123 1136 1146 1149 1836 1846 1849 2323 2336 2473 2486 2496 3686 4323 4336 4836 
m252 22 44 46 1144 1146 2222 2246 2322 2344 2346 4846 
m1333 32 33 40 46 1633 2032 2033 2040 2046 2332 2333 
m2264 32 45 1645 
m743 32 37 45 46 1637 1645 1895 2332 2337 2345 
m3206 32 37 1882 
m71 26 34 38 46 1326 1334 1346 1734 1926 1938 1946 2334 2346 
m2420 22 23 30 36 40 45 46 1122 1123 1130 1136 1140 1145 1146 1172 1173 1180 1190 1196 1522 1523 1536 1540 1545 1546 1822 1823 1830 1836 1840 1845 1846 2022 2023 2030 2036 2040 2045 2046 2272 2273 2280 2286 2290 2296 2322 2323 2330 2336 2340 2345 2346 4823 
m3519 
m1881 13 22 33 36 40 686 690 1113 1133 1136 1140 1686 1690 1840 3183 
m3238 36 40 46 2036 2046 2336 
m1142 45 46 2296 
m1037 13 25 38 46 1263 1296 1913 1925 1946 2313 
m2595 45 
m771 22 44 46 1146 2344 2346 4846 
m2343 45 
m3597 31 45 2281 
m2613 22 44 46 1146 2344 2346 4846 
m3404 14 714 
m3134 10 45 46 2295 2296 2310 2346 
m2820 30 36 38 1530 1536 1538 1830 1836 1838 1930 1936 1938 4036 4330 
m2280 38 45 46 49 1946 2299 2345 2346 2349 
m3297 5 22 36 38 46 49 272 286 296 299 1149 1822 1849 1905 1936 1946 2322 2346 2349 4836 
m2251 5 14 36 41 45 255 286 291 295 705 736 741 745 1845 2055 2086 2095 4336 
m3442 13 23 49 673 1163 1173 1199 2463 2473 2499 3163 
m1943 22 23 30 36 40 41 46 1122 1123 1130 1136 1140 1141 1146 1191 1523 1536 1541 1546 1841 1846 2023 2030 2036 2040 2041 2046 2072 2341 3696 4323 
m2175 36 40 46 1840 2336 2340 
m426 9 14 709 
m2390 30 45 46 2280 2296 2330 2346 
m1909 13 14 33 38 40 46 49 664 690 696 699 749 1664 1690 1696 1913 1933 2014 2046 2049 2314 2349 2464 2496 4163 
m150 22 46 1146 
m2286 22 34 36 1134 1136 1834 
m295 32 49 1632 2482 
m2482 8 36 46 1808 2308 2336 2346 4836 
m2844 22 23 36 40 49 1122 1123 1136 1140 1149 1173 1186 1190 1822 1823 1836 1849 2023 2036 2472 2473 2486 3673 3686 4323 4336 
m2961 36 40 46 48 2036 2040 2046 2048 2336 2346 2348 2436 4836 
m570 36 41 45 1845 2095 2295 4586 
m3452 22 23 30 36 40 41 46 1122 1123 1130 1136 1140 1141 1146 1180 1522 1523 1530 1536 1540 1546 1822 1823 1830 1836 1840 1841 1846 2022 2023 2030 2036 2040 2041 2046 2072 2086 2090 2322 2323 2330 2340 4823 4846 
m1620 38 46 1946 
m110 22 23 30 36 40 41 1123 1173 1180 1186 1190 1191 1830 2023 2030 2036 2040 2041 2073 2080 2086 2090 3673 4323 
m2777 14 45 745 
m3135 14 22 23 30 36 40 41 741 1123 1130 1136 1140 1141 1191 1523 1536 1540 1541 1823 1841 2023 2036 2041 2072 2073 2080 2086 2090 2091 3673 4323 
m2398 22 47 2372 2397 
m542 41 45 46 2095 2096 2345 
m2682 32 36 46 1632 1636 1646 1832 1836 1846 2332 2346 4332 4846 
m1326 36 40 41 46 49 1841 1846 1849 2036 2041 2046 2049 2336 2341 2486 2491 2496 4336 
m3158 5 22 46 1105 1146 2305 
m1603 22 37 45 46 49 1137 1146 2272 2287 2296 2299 2472 2487 2496 4837 
m3129 22 44 46 1146 2344 2346 4846 
m342 13 22 33 36 40 45 672 686 690 695 1122 1136 1140 1672 1686 1690 1822 2022 2036 2272 2283 2286 2290 3183 
m958 7 45 46 2257 2295 2296 2307 2346 
m3219 36 39 40 1836 1839 1840 1986 1990 2036 2039 2040 
m3089 22 26 46 1146 1322 1326 1346 
m3001 5 13 14 33 655 705 713 1655 1664 4163 
m1888 23 30 36 40 46 49 1180 1830 1836 2023 2030 2036 2046 2049 2323 2330 2336 2473 2480 2486 2496 4323 4836 
m1955 14 45 745 
m1731 22 23 38 46 49 1122 1123 1138 1146 1199 1923 1938 1946 1949 2323 2346 2349 
m3608 5 13 14 38 46 655 705 746 1913 1914 1946 2305 2313 3213 
m723 8 25 46 49 408 446 449 1258 1296 2349 
m1475 5 45 295 
m2256 37 38 46 1888 1938 2338 4837 
m485 22 45 1145 
m549 22 38 45 46 1145 1146 1922 1945 1946 2345 
m3228 13 38 1913 1938 
m3006 13 33 1663 1683 4163 
m3633 26 44 46 49 1344 1346 2246 2476 2494 2496 
m3430 22 23 36 40 1122 1123 1136 1140 1173 1822 1823 1840 2022 2023 2040 3673 
m371 36 45 1845 
m1406 37 46 49 1887 1899 2337 2346 2349 2487 2496 4396 4837 
m210 3 38 45 195 1903 1938 1945 
m1048 13 20 22 33 36 40 45 672 686 690 1013 1022 1036 1040 1045 1113 1122 1133 1136 1140 1145 1672 1686 1690 1813 1822 1833 1836 1840 2013 2022 2033 2036 2040 2263 2272 2286 2290 2295 3183 
m1502 13 46 47 696 2363 2396 
m2358 22 23 36 40 41 1122 1123 1136 1140 1141 1172 1822 1823 1836 1840 1841 2022 2023 2036 2040 2041 2072 2073 2086 3686 
m2413 44 46 2246 2344 2346 4846 
m883 15 16 37 46 1865 2315 2316 2337 2346 3315 4366 
m2342 23 30 36 49 1180 1199 1549 1823 1830 1849 
m3277 22 45 46 1146 2272 2296 
m2710 33 46 49 1696 1699 2349 
m2785 5 22 1105 1122 
m3288 14 20 38 46 49 720 1914 1946 2320 2349 2464 2470 4814 
m927 23 32 36 40 46 48 1182 1186 1190 1196 1198 1632 1636 1646 1648 1846 1848 2032 2036 2046 2048 2446 
m2692 22 26 44 46 1146 1322 1344 1346 2326 2344 2346 4846 
m2203 29 36 41 1486 1829 1836 1841 2079 2086 2091 
m886 45 2295 
m2626 14 21 46 721 746 1096 
m1090 45 49 2295 2299 
m143 22 44 46 1146 2322 2344 2346 4846 
m3122 22 44 46 1146 2322 2344 2346 4846 
m3248 23 26 30 36 40 45 49 1173 1186 1190 1195 1323 1330 1336 1345 1349 1523 1526 1530 1536 1545 1549 1836 1840 1845 2036 2045 2473 2486 2495 3686 4323 4336 
m3119 11 13 33 563 583 661 1661 4163 
m3187 23 36 40 46 49 1836 1840 1846 1849 2023 2036 2046 2049 2323 2336 2473 2486 2490 2496 3686 4323 4336 4836 
m2469 39 40 41 46 1990 1991 1996 2040 2046 2090 2096 
m21 23 30 36 40 1173 1180 1190 1523 1530 1536 1540 1823 1830 1836 1840 2023 2030 2036 2040 3686 4323 4336 
m1319 13 17 22 672 872 3363 
m2321 22 23 30 36 40 46 1122 1123 1130 1136 1140 1146 1172 1173 1522 1523 1530 1540 1546 1822 1823 1830 1840 1846 2022 2023 2030 2036 2040 2046 2322 2323 2330 2340 2346 3696 4823 
m3342 38 40 45 46 1946 2038 2046 2288 2290 2296 
m2083 21 26 45 46 1321 1345 1346 2271 2321 2345 
m1464 22 36 40 41 49 1122 1136 1141 1149 1841 1849 2022 2036 2041 2049 2486 2491 4336 
m1818 5 30 45 46 280 2255 2280 2296 2305 2330 
m1644 5 45 295 2255 2295 
m3101 14 36 48 714 736 748 1836 1848 2448 
m717 5 32 36 255 282 286 1805 1832 
m567 22 30 36 40 1136 1140 1522 1536 1540 1822 1830 1836 1840 2022 2030 2036 2040 4336 
m1729 22 23 36 40 41 46 49 1123 1136 1140 1173 1186 1190 1199 1840 2022 2023 2036 2040 2041 2049 2072 2073 2086 2090 2091 2099 2322 2323 2340 2341 2473 2486 3673 3686 4323 
m836 36 46 48 2436 2446 4836 
m84 44 46 49 2246 2494 2496 
m1791 34 46 2334 
m1572 13 33 36 40 48 698 1698 1813 1833 1848 2013 2033 2036 2048 4163 
m2622 32 36 44 46 1832 1836 1844 2232 2236 2332 2336 2344 2346 4332 4336 4736 4836 
m3570 22 23 36 40 41 46 49 1122 1123 1136 1140 1141 1149 1173 1186 1190 1822 1823 1836 1841 1849 2022 2023 2036 2040 2046 2072 2073 2086 2322 2323 2336 2341 2349 2472 2473 2486 2491 3673 3686 4323 4336 
m1315 14 22 49 749 1114 1149 2464 2472 2499 
m3697 22 36 45 1136 1145 1845 
m3566 9 36 46 49 459 486 496 499 1809 1846 1849 2309 2336 2346 2349 2459 2486 2496 2499 4336 
m3485 30 32 36 40 46 1630 1640 1646 1830 1840 2030 2330 2332 2336 2340 2346 4136 
m390 14 46 746 2346 
m1720 13 22 30 47 680 697 1113 1122 1130 1147 2380 
m1268 45 46 2296 
m239 22 38 46 49 1146 1149 1922 1946 1949 2349 2472 2488 2496 
m3259 40 46 49 2340 2346 2490 2496 
m1735 44 46 2344 2346 
m1457 37 39 40 46 1890 1987 1990 2037 2039 2046 2340 4396 4496 
m2813 14 22 45 745 1114 1145 
m2182 27 45 46 2277 2296 2327 4846 
m359 9 36 49 1809 2459 2486 2499 2959 4309 4336 
m1938 22 44 46 1144 1146 2222 2244 2246 2322 2344 2346 4846 
m2495 29 36 48 1486 1829 1836 1848 2429 2436 2448 4336 
m2686 22 23 30 36 40 41 1122 1123 1130 1136 1140 1141 1180 1186 1190 1522 1523 1536 1540 1541 1822 1830 1836 1840 1841 2022 2023 2030 2036 2041 2080 2086 
m3147 40 46 2040 2046 
m947 13 33 4163 
m720 30 45 46 2280 2295 2296 2330 2346 
m1428 17 38 46 867 896 1917 1946 
m384 36 46 2336 2346 4836 4846 
m2612 22 44 46 1144 1146 2246 2322 2344 2346 4846 
m2968 40 45 46 2046 2290 2296 
m434 36 45 46 1845 2336 2345 
m3126 22 44 46 1146 2344 2346 4846 
m490 22 36 45 46 1136 1146 1845 1846 2336 2345 2346 4836 4846 
m578 36 41 1841 2086 
m3078 5 13 33 46 655 1655 2305 2313 2333 4163 
m738 36 40 46 49 1836 1840 1846 2036 2040 2046 2049 2336 2346 2349 2486 4346 4836 
m362 22 36 40 41 1822 1836 1840 1841 2022 2036 2040 2072 2086 2090 2091 4336 4586 
m1596 22 37 46 1137 1146 2337 2346 4837 
m1970 22 23 30 1122 1123 1130 1172 1173 1180 1522 1523 1530 3673 
m2586 23 36 40 46 48 1190 1823 1836 1840 1846 1848 2023 2036 2040 2046 2048 2336 2340 2346 2423 2436 2446 3686 3696 4323 4346 4823 4836 
m134 36 40 46 49 1846 1849 2036 2046 2349 
m1160 5 13 33 263 283 3183 
m1176 22 30 41 46 1130 1146 1522 1546 2072 2080 2096 2322 
m795 37 
m1989 33 36 46 1686 2333 2336 2346 4833 
m1942 36 46 2336 
m1822 22 36 40 46 1122 1136 1140 1146 1840 2036 2040 2336 2340 
m3699 23 30 1523 
m2226 22 44 46 1122 1144 1146 2222 2246 2322 2344 2346 
m349 26 27 46 1327 1346 2327 2346 
m3598 14 36 40 46 49 714 736 740 746 749 1814 1836 1840 1846 1849 2014 2036 2046 2049 2314 2336 2346 2349 2464 2486 2490 2496 3246 4814 
m1214 45 2295 
m522 36 49 1836 1849 2486 2499 
m960 22 23 36 1123 1136 3686 
m2897 38 
m374 26 37 38 46 1876 1926 1937 1946 2326 4396 
m2674 32 36 41 46 1632 1636 1641 1646 1832 1836 1841 1846 2082 2086 2091 2096 2332 2336 4586 4846 
m3456 22 46 1122 1146 2322 2346 
m16 23 46 2323 2346 4823 
m1674 37 46 1887 1896 2337 2346 
m1521 28 
m3289 36 40 46 49 1836 1840 1846 1849 2036 2040 2046 2336 2340 2346 2349 2486 2490 2496 4336 4346 4836 
m304 26 
m1761 22 23 1122 1123 1173 3673 
m1798 32 
m2522 5 26 30 37 46 1330 1337 1346 1505 1855 1880 2305 2330 2337 2346 4837 4846 
m2161 40 46 2040 2046 2340 
m3007 23 30 36 1180 1530 1823 1830 
m866 14 32 732 1614 1632 
m929 5 14 30 46 705 730 1505 2305 2314 2330 2346 4814 
m403 30 38 46 1930 1946 2330 
m202 
m531 46 
m201 22 23 30 36 40 46 49 1122 1123 1130 1136 1140 1146 1149 1172 1173 1180 1186 1190 1199 1522 1523 1530 1536 1540 1546 1549 1822 1823 1830 1836 1840 1846 1849 2022 2023 2030 2036 2040 2046 2322 2330 2336 2340 2346 2349 2472 2473 2480 2486 2496 3696 4823 
m52 22 36 41 1122 1136 1141 1822 2072 4586 
m2199 36 
m519 39 
m970 14 46 746 
m2094 13 17 22 45 46 672 872 2263 2267 2295 2296 2313 2317 2322 3363 
m2549 22 23 30 41 1122 1123 1130 1172 1173 1180 1522 1523 1541 2072 2073 2080 3673 
m2427 28 36 46 1828 1836 2328 2336 4846 
m1094 22 23 36 40 41 46 1122 1123 1136 1140 1141 1146 1190 1191 1822 1823 1836 1840 1841 1846 2022 2023 2036 2040 2041 2046 2323 2336 2340 2341 3673 3686 4323 4336 
m2378 36 37 38 40 46 1836 1837 1840 1846 1886 1890 1936 1937 1940 1946 2036 2037 2038 2040 2046 2336 2340 4336 4837 
m325 23 45 1173 1195 2273 2295 
m1290 45 46 2295 2345 
m484 10 46 2310 
m1177 37 45 46 1895 2345 4837 
m1568 14 30 714 730 
m3128 28 37 38 39 46 1878 1928 1937 1938 1939 1946 1978 1987 2328 4396 4496 
m2120 14 26 32 46 726 732 746 1314 1326 1332 1346 1626 1646 2326 
m1726 22 23 27 36 40 1122 1123 1127 1136 1140 1190 1372 1373 1386 1390 1823 1840 2023 2040 
m2913 5 7 36 46 49 286 296 299 355 386 396 1836 1849 2336 2346 2349 2486 2499 4836 
m3034 5 14 36 46 49 264 286 296 299 746 749 1849 2349 2486 2499 3236 4836 
m116 22 23 30 36 40 41 46 1122 1123 1130 1136 1140 1141 1146 1191 1523 1536 1541 1546 1841 1846 2023 2030 2036 2040 2041 2046 2072 2073 2091 2341 3696 4323 
m2630 22 44 46 1146 2344 2346 4846 
m1020 45 46 2295 2296 2346 
m170 14 22 32 36 39 40 41 49 722 1614 1622 1639 1641 1814 1822 1832 1836 1839 1841 1849 1972 2014 2036 2041 2049 2064 2072 2082 2089 2091 2482 2486 2489 2491 4464 4586 
m3044 13 23 36 1186 1813 3663 
m2565 5 14 26 33 45 264 276 283 726 1676 2255 2264 2276 2283 3233 
m2232 22 32 45 46 1146 2272 2282 2295 2296 2332 2346 
m2178 30 38 45 46 1945 1946 2280 2296 2330 2338 2345 2346 4846 
m3401 36 37 40 46 1840 1886 1890 1896 2036 2037 2040 2046 2336 2340 2346 4346 4837 
m2655 46 2346 
m2863 22 36 46 1122 1136 1146 1822 1846 2322 
m3182 22 36 40 46 1122 1136 1146 1822 2022 2036 2322 2336 2340 2346 4836 
m33 
m2499 
m788 22 44 46 1146 2344 2346 4846 
m326 13 16 36 40 49 1813 1816 1836 1849 2013 2016 2036 2049 2463 2466 3166 
m3197 
m1853 38 46 1946 
m3376 13 20 22 32 36 40 46 672 686 690 1013 1022 1032 1036 1040 1122 1136 1140 1613 1622 1636 1640 1822 2022 2036 2313 2320 2322 2332 2336 2340 
m753 22 44 46 1146 2246 2344 2346 4846 
m2636 32 36 46 1832 2332 2336 2346 4836 
m2212 5 32 33 46 283 296 1605 1633 1646 2333 
m2677 22 23 30 1122 1123 1130 1172 1173 1180 1522 1523 1530 3673 
m120 22 23 30 36 40 46 49 1122 1123 1130 1136 1140 1146 1149 1172 1173 1522 1523 1530 1540 1546 1822 1823 1830 1840 1846 2022 2023 2030 2036 2040 2046 2322 2323 2330 2336 2340 2346 2349 2480 2486 2490 2496 3696 4823 
m2948 12 14 23 30 41 46 641 723 730 741 1191 1512 1514 1523 1530 1541 2312 2314 2330 2341 3212 3662 4823 
m2415 23 36 40 45 46 49 1190 1195 1836 1840 1845 2023 2036 2040 2045 2046 2049 2323 2336 2340 2345 2473 2486 2495 2496 3686 4323 4336 4836 
m74 32 36 46 1632 1636 1646 1832 1836 1846 2332 2336 2346 4332 
m903 32 49 1649 
m3462 14 21 45 46 721 745 2271 2321 2345 4814 
m2300 
m1875 46 2346 
m2559 45 46 2345 
m3496 22 23 30 1122 1123 1130 1172 1173 1522 1523 3673 
m2733 32 37 46 1632 1637 1882 2332 2337 
m352 30 46 2330 
m310 22 36 40 46 49 1149 1822 1849 2022 2036 2049 2322 2336 2340 2349 
m1217 13 36 46 49 1813 2313 2336 2346 2349 2463 2486 2496 4813 
m2772 22 38 44 46 1146 1946 2344 2346 4846 
m2590 14 22 46 722 746 2322 2346 
m988 3 38 153 188 1903 
m3650 34 46 1746 
m2419 22 26 46 1146 1322 1346 
m3490 13 22 38 1113 1138 1913 
m2402 42 45 2145 
m675 22 36 41 49 1136 1141 1822 1849 2072 2086 2091 2099 2472 2486 4336 
m612 36 45 46 2286 2295 2296 2336 2346 4836 
m285 29 34 36 1484 1734 1829 1834 1836 
m1832 36 40 45 1845 2036 2045 
m826 22 23 30 36 40 41 1122 1123 1130 1136 1140 1141 1172 1173 1180 1186 1190 1191 1523 1530 1536 1540 1541 1823 1836 1840 1841 2022 2023 2030 2036 2041 2072 2073 2080 2086 2090 2091 3673 3686 4323 4336 4586 
m2050 13 36 46 49 699 1849 2313 2349 4313 4836 
m236 3 23 30 41 46 180 1180 2053 2073 2080 2096 2303 2330 2673 4823 
m948 13 22 33 36 38 40 1113 1122 1133 1136 1138 1140 1813 1833 1838 1840 1913 1933 2013 2033 2038 4163 
m1441 32 36 38 41 46 1641 1646 1932 1936 1941 1946 2332 2336 2341 2346 4136 4586 
m3558 44 46 2246 2344 2346 
m209 36 38 1936 
m736 23 38 46 1188 1923 1938 1946 2338 2346 3696 4823 
m2568 22 37 46 1122 1137 1146 1872 2322 2346 4387 4396 4837 
m2746 13 36 40 46 696 1813 2013 2036 2040 2046 4346 
m981 13 16 3313 
m1982 13 22 36 38 40 1113 1122 1136 1138 1140 1813 1840 1913 1936 1940 2013 
m48 36 46 2336 2346 4836 
m3164 22 37 1872 
m2423 22 30 36 40 41 46 1122 1130 1136 1140 1141 1146 1536 1540 1541 1830 1836 1840 1841 2030 2036 2040 2041 2086 2090 2322 2330 2336 2340 2341 
m1910 13 46 2313 
m329 17 46 4817 
m1774 22 26 44 46 1146 1322 1326 1344 1346 2344 2346 4846 
m3651 22 44 46 1146 2222 2244 2246 2344 2346 4846 
m1219 16 32 40 44 46 832 844 1644 2016 2032 2044 2046 2316 2332 2344 
m2497 22 45 46 1122 1145 1146 2296 2346 
m3000 23 32 42 1182 1192 1642 
m1390 30 37 40 46 1537 1540 1546 1890 2340 4396 
m3689 22 37 46 1872 2322 2337 
m2234 12 22 23 36 41 46 49 622 623 636 641 649 1123 1136 1141 1191 1822 1823 1841 2322 2323 2336 2341 2349 2472 2473 2486 2491 3136 4323 4336 4812 
m2484 22 44 46 1144 1146 2222 2244 2246 2322 2344 2346 4846 
m1672 8 408 
m305 23 36 45 1186 2273 2286 2295 3673 3686 
m609 37 1887 
m2952 23 38 45 1923 2273 2288 
m1106 45 2295 
m379 32 40 45 46 2032 2045 2046 2282 2296 2332 
m2683 22 26 44 46 1146 1322 1344 1346 2326 2344 2346 4846 
m3581 36 40 41 1840 1841 2036 2040 2041 4336 
m1119 22 37 46 1137 1146 4837 
m198 23 26 46 1176 1346 3696 4846 
m157 7 26 46 1307 1346 2307 2346 
m1400 32 36 1832 
m1574 22 40 46 1146 2340 
m794 12 22 36 40 41 45 46 49 636 640 641 645 649 1145 1822 1836 1840 1841 1845 2012 2022 2036 2040 2041 2045 2046 2049 2072 2095 2272 2295 2336 2340 2349 2486 2490 2491 2495 3136 4336 4812 
m2442 37 46 2346 4396 4837 
m2092 22 44 46 1144 1146 2246 2344 2346 4846 
m1350 22 23 30 38 41 1123 1172 1173 1188 1522 1523 1530 1538 2072 2073 2080 2088 3673 
m1248 14 26 36 40 46 1314 1336 1340 1346 1814 1846 2014 2036 2040 2046 2346 4346 4814 
m3658 46 
m2964 40 46 2046 
m711 22 23 30 46 1122 1123 1130 1146 1180 1523 1530 1546 2330 2346 4823 
m2040 22 45 2272 
m1651 26 46 49 1326 1346 1349 2349 
m1980 36 37 40 46 1837 1846 2036 2037 2040 2046 2337 2346 4346 
m3348 17 32 882 1617 1632 
m3255 36 40 45 46 1845 2036 2040 2045 2046 2296 4346 
m813 23 38 45 1188 1195 1945 2288 2295 
m3538 13 14 22 46 672 722 1113 1114 2313 2322 3213 4814 
m2180 23 30 38 45 46 1180 1923 1930 1946 2273 2280 2288 2296 2330 2346 4823 
m2109 22 36 40 46 49 1122 1136 1140 1146 1822 1840 1846 1849 2022 2036 2046 2322 2336 2340 2346 2349 2486 2490 2496 4336 4346 4836 
m3338 22 
m2857 22 40 41 46 1140 1141 2022 2040 2041 2046 2072 2090 2091 2096 2341 
m1404 22 45 46 49 1146 1149 2272 2296 2299 2349 2472 2495 2496 
m1706 22 
m1038 5 36 40 46 286 290 296 2036 2046 2305 2340 2346 4346 4836 
m1514 23 30 38 41 46 49 1173 1523 1930 1938 1941 1946 1949 2073 2080 2323 2330 2341 2473 2480 2491 2496 3673 
m1044 37 41 46 2087 2096 4837 
m3138 23 36 40 46 49 1836 1840 1846 1849 2023 2036 2040 2046 2049 2323 2336 2473 2486 2490 2496 3686 4323 4336 4836 
m937 22 46 1146 
m2 10 30 46 530 2310 2330 
m3269 10 36 40 49 536 1810 1836 1849 2010 2036 2049 2460 2486 
m363 13 22 33 36 38 40 1113 1122 1133 1136 1138 1140 1813 1833 1838 1840 1913 1933 2013 2033 2038 4163 
m3201 27 36 40 46 1827 1840 2027 2036 2040 2327 2340 4836 
m1983 2 36 45 46 145 1845 2252 2286 2295 2302 2345 2636 4836 
m316 46 2346 4846 
m606 22 36 40 41 1136 1141 1836 1840 2036 2086 2090 4586 
m3393 20 23 1020 1023 1170 
m474 13 33 45 2263 2283 3183 
m283 22 36 40 46 49 1146 1822 1840 1846 1849 2036 2046 2049 2322 2340 2472 2496 4846 
m1595 45 2295 
m3022 20 1020 
m2451 22 23 37 46 1123 1137 1146 2323 2337 3687 4837 4846 
m3232 5 45 46 2255 2296 2305 
m3266 23 30 46 1180 2330 2346 4823 
m278 
m2313 18 
m2371 5 46 2305 
m2315 5 37 46 1855 2305 2337 2346 
m2490 36 48 1836 1848 2436 2448 4336 
m2474 11 13 33 45 563 583 595 695 1695 3183 
m1613 36 38 49 1838 1849 1936 1938 1949 
m200 14 32 36 46 746 1614 1632 1636 1646 1814 1832 1836 1846 2314 2332 2336 2346 4332 
m211 45 
m1001 13 23 30 46 696 1163 1173 1180 1196 1513 1523 1530 1546 2313 2323 2330 2346 3196 3663 3696 4823 
m1287 22 23 36 40 41 1122 1123 1136 1140 1141 1172 1173 1186 1190 1191 1822 1823 1836 1840 1841 2023 2036 2041 2072 2073 2086 2090 2091 3673 3686 4323 4586 
m3064 46 4846 
m815 18 46 2318 
m2691 22 45 46 1145 1146 2296 
m2747 13 33 36 38 40 688 1688 1813 1833 1838 2013 2033 2036 2038 4163 
m3647 45 49 2295 2299 
m900 40 45 2045 
m1334 14 22 36 1114 1136 4314 
m634 44 46 49 2246 2494 2496 
m1734 46 48 2348 
m1746 23 30 36 46 1173 1180 1186 1196 1523 1530 1536 1546 1823 1830 1836 1846 2323 2330 2336 2346 3696 4823 4836 
m92 23 38 1923 3673 
m3043 16 23 36 46 1186 1816 2316 2323 2336 3666 
m3382 14 44 46 49 744 746 2344 2464 2494 2496 
m3502 22 33 46 1672 1696 2322 
m3349 6 42 2842 
m1802 12 13 22 49 649 699 1112 1113 1149 3162 
m3594 37 40 45 46 1890 2287 2290 2296 2340 4396 
m3339 45 46 2295 2296 
m3543 22 45 1145 
m3701 37 41 46 2087 2341 4837 
m1690 22 36 40 41 1822 1836 1841 2036 2041 2072 2086 2090 2091 4586 
m2904 22 46 1146 
m376 8 45 46 49 408 446 449 2258 2296 2299 2349 
m969 
m2441 30 36 40 45 46 1830 1845 2030 2036 2040 2045 2046 2280 2330 2345 4346 
m1416 36 40 41 1836 1840 2036 2086 2090 2091 4586 
m450 46 50 2546 
m778 8 22 36 46 1122 1136 1146 2308 2336 2346 4308 4836 
m3613 32 45 46 1632 1646 2282 2296 2332 
m3280 14 23 30 46 1196 1514 1523 1546 2314 2323 2330 2346 3664 4814 4823 
m2110 30 40 46 49 1540 1546 1549 2030 2040 2046 2330 2340 2346 2349 2490 2496 
m1714 22 33 46 1133 1146 1672 1683 1696 2322 2333 2346 4833 
m2254 27 36 37 46 49 1387 1827 1837 2327 2477 2486 2487 2496 4336 4346 4837 
m2917 22 23 36 40 41 1122 1123 1136 1140 1141 1186 1190 1836 1840 2036 2040 2072 2073 2086 2090 3686 
m591 22 44 46 2222 2246 2322 2344 2346 4846 
m482 22 23 30 38 1122 1123 1130 1138 1172 1173 1188 1522 1523 1530 1538 3673 
m983 37 
m2764 36 40 45 46 1836 1840 2036 2040 2046 2286 2290 2296 2340 4346 
m3671 22 33 46 1122 1133 1146 1672 1683 1696 2322 2333 2346 4833 
m3698 23 30 36 39 40 41 1173 1186 1189 1190 1191 1523 1536 1539 1541 1823 1973 1986 1990 1991 2023 2036 2073 2086 2089 2090 2091 3686 4336 4586 
m230 22 38 44 46 1146 1922 1944 1946 2344 2346 4846 
m3544 9 17 40 46 49 859 896 2009 2017 2046 2049 2309 2346 2459 2467 2496 3396 
m2763 5 36 38 46 286 296 1905 1936 1946 4836 
m1960 23 30 45 46 1195 1523 1545 1546 2295 2345 4823 
m3076 5 13 22 33 46 655 1113 1133 1146 1655 1696 2305 2313 4163 
m215 22 36 40 41 45 1122 1136 1140 1836 1840 2036 2040 2072 2086 2272 2286 2291 
m412 15 38 46 1915 2315 2338 
m3337 22 30 36 40 46 1122 1130 1136 1146 1522 1536 1822 2022 2030 2036 2322 2330 2336 2340 2346 4836 
m2082 22 26 38 46 1122 1146 1322 1338 1346 1922 1938 1946 2322 
m1912 36 49 1836 1849 2486 2499 4336 
m1221 14 22 36 40 722 736 740 1114 1122 1136 1140 1822 2022 2036 
m443 26 45 46 1345 1346 2295 2345 
m3654 22 23 41 1141 1172 1173 1191 
m1261 37 46 1887 1896 2337 2346 4837 
m471 11 13 33 45 563 583 595 2263 2283 3183 
m2980 13 37 4363 
m3032 23 32 39 49 1173 1639 1973 2482 2489 3673 
m2832 
m3465 12 26 34 45 46 634 645 1312 1334 1345 1346 1734 2284 2334 2345 4812 
m2821 22 23 1122 1123 1172 1173 3673 
m1302 22 23 30 39 41 1123 1130 1139 1141 1523 1973 1980 1991 2073 2080 3673 4473 
m2910 14 45 2264 3214 
m1453 9 14 22 36 49 709 1109 1114 1136 1149 1809 1814 1836 1849 2459 2464 2486 2499 
m1288 5 13 33 46 263 283 2305 2313 2333 4163 
m605 37 1887 
m1855 6 42 46 346 2146 2842 
m651 3 32 36 41 46 186 191 1603 1641 2303 2332 2336 2341 4136 4586 
m1065 23 41 46 1173 2073 2323 2341 3673 
m2206 22 45 46 1145 1146 2296 4846 
m994 22 30 38 45 46 1130 1145 1146 1922 1930 1945 1946 2280 2296 2330 
m3226 5 36 38 286 1905 1936 
m2126 38 46 1946 
m2097 13 16 49 699 849 3166 
m3172 22 26 44 46 1146 1322 1344 1346 2326 2344 2346 4846 
m2624 30 36 40 46 49 1549 1830 1836 1846 1849 2036 2040 2046 2049 2330 2349 2480 2499 
m1450 22 36 45 46 49 1145 1822 1845 2322 2336 2345 2472 2486 2495 2496 
m1590 10 32 46 1610 1646 2310 
m1813 37 46 49 2337 2346 2487 2496 4837 
m3193 5 36 45 46 286 295 1845 2305 2336 2345 4336 
m1683 5 36 40 46 49 286 296 299 2005 2036 2046 2346 2349 2486 4836 
m2932 14 22 1114 
m3366 6 14 32 314 332 732 
m742 45 49 2295 2299 
m1488 8 
m2551 44 46 2344 2346 
m385 46 
m27 14 23 36 40 46 49 749 1814 1823 1846 1849 2014 2023 2036 2046 2314 2323 2336 2346 2349 2473 3223 4814 4823 
m3583 45 46 2296 
m1022 45 46 2295 2296 2346 
m942 22 38 45 46 1122 1146 1922 1938 1945 1946 2272 2288 2295 2296 2346 
m3576 26 36 46 49 1326 1336 1346 1349 1826 1846 1849 2326 2476 2496 
m306 44 46 2244 2246 2344 2346 
m2600 37 46 1896 
m2635 
m2394 13 22 1113 
m3058 14 49 2464 
m645 17 33 38 45 895 1695 1917 1933 1938 1945 3383 
m309 23 38 1923 1938 
m1733 13 22 33 1113 1672 4163 
m1811 41 2091 
m3595 14 36 46 49 714 736 746 749 1814 1836 1846 1849 2314 2336 2346 2349 2464 2486 2496 3246 4814 
m919 32 1632 
m3209 22 23 30 32 36 40 46 1122 1123 1130 1132 1136 1140 1146 1172 1173 1522 1523 1530 1532 1540 1546 1623 1630 1646 1822 1823 1830 1832 1840 1846 2022 2023 2030 2032 2036 2040 2046 2322 2323 2330 2332 2340 2346 3696 4823 
m1330 17 46 49 896 899 2317 2346 2349 
m926 14 40 46 2014 2046 2314 2346 4814 
m2323 14 32 48 732 2414 2432 
m2270 36 49 1849 2486 2499 
m2996 23 27 32 42 1182 1192 1373 1382 1392 1642 
m1708 14 45 745 
m3455 36 46 49 1849 2336 2346 2349 4836 
m2673 22 44 46 1146 2322 2344 2346 4846 
m1166 36 
m1376 13 33 3183 
m3541 26 38 46 1926 1946 2326 
m2026 36 41 44 1841 2086 2091 2094 2236 2241 2244 
m2575 12 45 46 645 2345 4812 
m2240 22 36 37 40 46 1122 1136 1137 1140 1146 1822 1836 1837 1840 1846 1890 2022 2036 2037 2040 2046 2322 2336 2337 2340 2346 4837 
m3173 14 36 49 1814 1849 2464 
m1289 8 22 23 30 46 408 422 423 430 446 1122 1123 1130 1146 1180 1523 1530 1546 2330 4823 
m3098 14 36 38 46 48 736 746 748 1848 1914 1936 1938 1946 1948 2314 2336 2338 2346 2348 
m3402 13 22 46 1113 1122 2322 4813 
m1501 13 22 33 36 49 1113 1133 1136 1149 1813 1833 1849 2463 2483 2486 2499 4163 
m1035 5 22 37 45 1105 1122 1137 1145 1855 1895 2255 
m887 26 46 1346 
m2570 23 41 1191 2073 2091 
m3643 22 26 36 45 46 1126 1136 1146 1336 1345 1346 1845 2336 2345 2346 4836 
m3668 22 45 1122 1145 2272 2295 
m844 1 32 36 38 45 46 82 96 1901 1932 1936 1946 2251 2282 2286 2288 2296 2332 2586 4136 4836 
m991 36 42 4636 
m3463 22 36 41 49 1122 1136 1141 1149 1849 2072 2086 2099 4336 
m1829 26 38 46 1338 1346 1946 2346 
m1743 17 22 1117 
m1009 45 
m1297 14 22 39 40 46 740 1114 1122 1139 1140 1146 1990 1996 2014 2040 2046 2340 3246 4464 
m1314 5 22 30 37 46 272 280 287 296 1522 1537 1855 1872 1880 1887 1896 2305 2322 2330 2337 2346 4387 4837 
m1047 38 40 45 46 1938 1945 1946 2290 2340 2345 
m921 14 27 38 727 1364 1377 1388 1914 1927 
m516 13 33 4163 
m2118 14 22 46 722 746 2322 2346 
m2086 33 36 45 46 1686 1695 1845 2333 2345 4836 
m1516 23 45 46 1195 2323 2345 3673 
m2486 23 45 46 1195 2323 2345 
