m2275 13 22 37 672 1872 4363 
m1662 22 23 36 40 41 1123 1136 1140 1141 1173 1186 1190 1823 1836 2023 2036 2040 2072 2073 2086 2090 2091 3686 4323 
m2596 38 40 46 49 1940 1946 2046 2346 2488 2490 2496 
m1518 30 40 46 2030 2040 2046 2330 
m1582 13 22 32 36 40 672 686 690 1113 1122 1136 1140 1613 1622 1636 1640 1822 2022 2036 
m180 23 36 1186 1836 3686 
m2801 14 36 40 46 740 1814 1836 1840 1846 2014 2036 2040 2046 2314 2340 2346 3246 4314 4346 4836 
m2908 22 36 40 1122 1136 1140 2036 
m1046 23 45 1173 2273 3673 
m2268 23 30 36 40 46 1180 1523 1530 1830 2023 2030 2036 2046 2330 4323 4346 4823 
m984 22 37 46 1872 1896 2322 2346 4837 
m1918 5 14 46 264 296 2314 2346 4814 
m2853 41 
m777 13 22 36 38 40 1113 1122 1136 1138 1140 1813 1840 1913 1936 1940 2013 
m2171 38 46 1938 1946 2346 
m1232 8 13 32 33 46 49 408 413 432 433 446 449 682 1682 2313 2332 2333 2463 2483 2496 4163 
m2092 6 42 306 342 2106 2142 2842 4606 
m1285 22 44 46 1146 2322 2344 2346 4846 
m1482 32 36 38 41 46 49 1641 1646 1938 1946 1949 2332 2336 2341 2346 2482 2486 2491 2496 4136 4586 
m1086 36 46 49 2486 2496 4836 4846 
m351 22 38 46 49 1122 1146 1149 1922 1938 1946 1949 2322 2346 2349 4846 
m1656 12 14 46 712 2314 2346 3146 3246 4812 
m486 36 38 41 46 1936 1946 2336 2341 2346 4341 4836 4846 
m1702 36 37 40 1836 1837 1840 2036 2037 2040 
m2304 10 21 36 46 521 536 546 1821 2321 2346 4836 
m2383 3 14 703 714 
m2048 5 32 36 38 45 46 49 282 286 288 296 1632 1638 1645 1646 1838 1845 1846 1932 1936 1945 1946 2295 2332 2338 2345 2346 2455 2482 2486 2488 2496 4136 4332 4836 
m2854 5 32 36 45 46 49 282 286 295 299 1636 1645 1649 1845 1849 2255 2282 2286 2295 2305 2332 2336 2345 2349 2495 4136 4336 
m917 5 13 22 33 36 38 40 46 263 272 283 286 672 686 690 1113 1122 1133 1136 1140 1672 1686 1690 1822 1905 1913 1922 1933 1936 1940 1946 2022 2036 2305 2313 2322 2333 2336 2340 3183 
m263 14 22 23 30 40 46 722 723 730 746 1114 1122 1123 1130 1146 1172 1173 1180 1196 1514 1522 1523 1530 1546 2014 2022 2023 2030 2046 2323 2330 2346 3246 3696 4823 
m580 23 30 33 46 1180 1523 1530 1533 1546 1680 2323 2330 2333 2346 4173 4823 
m1314 12 22 36 40 41 45 46 49 636 640 641 645 649 1145 1822 1836 1840 1841 1845 2012 2022 2036 2040 2041 2045 2046 2049 2072 2095 2272 2295 2336 2340 2349 2486 2490 2491 3136 4336 4812 
m1776 5 36 40 46 49 286 296 299 1836 1849 2005 2036 2046 2336 2346 2349 2486 2499 4836 
m226 23 30 36 41 1191 1523 1536 1541 2073 2086 2091 3686 4586 
m2496 22 23 46 49 1123 1146 1149 1173 2323 2473 2496 3673 4823 
m2679 23 30 46 1523 1530 1546 2346 3696 4823 
m42 13 25 38 46 675 1913 1925 1946 2313 2325 
m1930 22 37 46 49 1872 2322 2346 2487 2496 4396 4837 
m2000 22 23 30 36 37 40 41 46 49 1123 1130 1136 1137 1140 1146 1149 1180 1523 1530 1546 1822 1823 1830 1836 1837 1840 1846 1849 1872 1873 1880 1886 1890 1896 2022 2023 2030 2036 2037 2040 2046 2072 2086 2090 2099 2330 2346 2472 2473 2480 2486 2487 2490 2496 4396 4823 
m2296 22 23 36 40 1122 1123 1136 1140 1173 1186 1190 1822 1823 1836 1840 2022 2023 2036 2040 3673 4323 
m1851 14 26 726 
m1311 22 40 44 46 1146 2044 2046 2246 2344 2346 4846 
m237 12 22 23 36 41 46 49 622 623 636 641 649 1123 1136 1141 1191 1822 1823 1841 2322 2323 2336 2341 2349 2472 2473 2486 2491 3136 4323 4336 4812 
m169 13 46 2313 
m2261 36 49 1836 1849 2499 
m2625 38 46 1946 
m684 14 38 46 49 1914 1946 2314 2464 2488 2496 
m1661 14 22 40 46 746 1114 1146 2014 2046 2346 
m1273 14 46 714 746 2314 2346 4814 
m768 5 13 27 38 46 263 296 1355 1363 1396 1905 1913 1927 1946 2313 2346 4813 
m485 46 2346 
m925 14 34 36 40 46 1734 1736 1740 1746 1814 1836 1840 1846 2014 2036 2040 2046 2314 2346 4346 4814 4846 
m812 23 36 38 49 1186 1923 1936 1938 1949 2473 2486 
m603 22 32 37 38 46 49 1132 1137 1146 1637 1646 1922 1938 1946 1949 2332 2337 2346 2472 2487 2496 4837 
m783 23 36 38 40 41 46 1823 1838 1841 1923 1941 1946 2036 2038 2040 2041 2046 2073 2323 2341 4346 
m137 14 22 46 722 746 2322 2346 
m551 27 1377 
m2873 22 23 36 38 41 1122 1123 1136 1141 1172 1822 1823 1922 1923 1936 1941 2072 2073 2086 2088 2091 3673 4323 4586 
m1505 46 
m379 
m795 36 40 46 1836 1840 1846 2036 2040 2046 2336 2340 4846 
m1945 22 23 36 40 1122 1123 1136 1140 1172 1173 1186 1190 1823 2022 2023 2036 3673 4323 
m1148 5 13 22 26 33 36 40 655 1113 1122 1126 1133 1136 1140 1313 1333 1655 1663 1683 1805 1813 1826 1833 1840 2005 2013 2026 2033 4163 
m2041 23 30 36 41 49 1191 1523 1530 1541 1823 1830 1836 1841 1849 2073 2080 2086 2091 2099 2473 2480 2486 2491 2499 
m558 23 30 36 41 1523 1536 1823 2073 2080 3673 4323 4586 
m2633 22 23 36 41 1122 1123 1172 1173 1822 1823 1841 2072 2073 2091 3673 4586 
m472 36 37 38 40 46 49 1836 1838 1840 1846 1849 1886 1890 1936 1937 1938 1940 1946 2036 2037 2038 2040 2046 2336 2337 2338 2340 2346 2486 2488 2490 2496 2499 
m1515 32 36 38 46 49 1632 1636 1649 1849 1932 1936 1938 1946 2332 2336 2346 2349 
m2772 10 36 46 49 546 1836 1846 1849 2310 2336 2346 2349 2486 2496 2499 
m529 23 30 44 46 1194 1523 1544 2330 2344 2346 4823 
m2357 23 30 49 1180 1199 1549 2473 2480 2499 
m2202 22 46 1122 1146 2322 2346 
m1319 32 36 46 1832 2332 2336 2346 4836 
m2874 22 23 30 36 40 46 49 1122 1123 1130 1136 1140 1146 1149 1172 1173 1180 1186 1190 1199 1522 1523 1530 1536 1540 1546 1549 1823 1840 2022 2023 2030 2036 2040 2046 2322 2330 2336 2340 2346 2349 2472 2473 2480 2486 2496 3696 4823 
m2530 22 36 38 48 49 1136 1148 1149 1822 1836 1838 1848 1849 1922 1936 1948 1949 2422 2436 2438 2448 2449 2486 2498 
m1323 36 46 2336 2346 4836 
m1185 23 30 45 46 1195 1523 1545 1546 2323 2330 2345 2346 3696 4823 4846 
m2614 22 36 41 49 1122 1136 1141 1149 1822 1841 2072 2086 2091 2099 2472 2486 2491 4336 
m17 12 14 27 46 712 746 1364 1396 2312 2346 3246 4812 
m276 22 23 30 39 1123 1522 1523 1972 1973 1980 3673 
m1744 32 46 1646 
m1834 16 36 46 49 1816 1846 2316 2346 2486 2496 
m2329 23 38 1923 
m2307 23 45 46 1195 2295 2345 2346 4823 
m2723 23 30 36 40 41 49 1186 1190 1199 1523 1530 1536 1540 1549 1836 1840 1849 2073 2080 2086 2099 2486 2490 2499 3686 4336 
m2895 12 22 23 36 40 41 46 49 640 641 646 1123 1136 1141 1146 1149 1812 1836 1840 1841 1846 1849 2036 2041 2046 2073 2086 2090 2091 2096 2099 2322 2323 2336 2340 2341 2349 2462 2473 2486 2491 2496 4323 4336 4812 4836 
m2380 37 46 49 1899 2337 2346 2349 4396 4837 4846 
m1344 22 23 30 36 40 41 46 1123 1130 1136 1141 1146 1180 1186 1190 1523 1530 1536 1540 1546 1830 2022 2023 2030 2036 2040 2046 2072 2073 2080 2086 2090 2091 2330 3696 4836 
m2321 22 23 36 41 1123 1136 1141 1191 1823 1841 2073 2091 3673 4323 4586 
m2407 32 36 46 49 1636 1646 1849 2332 2336 2346 2349 4136 4336 4836 
m2234 13 38 1913 1938 
m851 5 23 24 40 46 273 274 290 1190 1240 1246 2023 2024 2040 2046 2340 3696 3723 
m20 30 41 46 2080 2096 2330 2341 2346 
m65 13 22 33 40 690 1113 1122 1133 1140 1690 3183 
m982 12 36 46 49 646 649 1849 2336 2346 2349 3136 4812 
m211 22 36 40 46 49 1122 1136 1146 1149 1822 1836 1840 1846 1849 2022 2036 2040 2046 2049 2349 2472 2486 2490 2496 
m2416 22 23 41 1122 1123 1173 2072 2073 3673 
m2088 12 41 46 2062 2091 2096 2312 2346 4812 
m1302 11 13 22 33 36 40 661 1113 1122 1133 1136 1140 1661 1811 1813 1833 1840 2013 2033 4163 
m1271 32 46 2332 
m3003 36 40 1836 1840 2036 2040 
m2369 12 22 36 46 622 636 646 1136 1812 1836 1846 2322 2336 2346 4336 4812 4836 
m1500 32 40 1632 2032 
m2576 14 26 46 726 746 1314 1326 1346 2326 2346 4814 
m2409 14 36 40 46 1814 1836 1840 1846 2014 2036 2040 2046 2314 2336 2346 3236 4346 4814 4836 
m453 22 38 44 45 46 1146 1922 1944 1946 2272 2288 2294 2296 2344 2346 4846 
m1917 5 13 14 33 655 705 713 1655 1664 4163 
m1950 22 23 30 46 1122 1123 1130 1146 1180 1523 1530 1546 2330 2346 4823 
m2333 6 43 4656 
m343 26 39 40 46 1339 1340 1346 1990 2339 2340 4496 4846 
m176 22 32 36 38 45 46 49 1122 1146 1632 1636 1645 1646 1649 1845 1846 1849 1932 1936 1946 2272 2295 2296 2322 2332 2336 2345 2346 2349 2495 2496 4846 
m1553 14 38 46 1914 1946 2314 2346 4814 
m506 36 46 2336 2346 4836 
m342 34 45 2284 
m2002 14 
m2117 38 49 1938 1949 
m2944 5 13 38 45 46 655 1913 1946 2263 2288 2296 2305 2313 
m1193 44 46 2344 2346 
m1618 23 30 38 46 1180 1923 1930 1946 2330 2346 4823 
m2091 14 23 40 46 49 1196 2014 2023 2046 2049 2464 2473 2496 3664 4814 
m365 5 22 38 46 1122 1146 1905 1922 1938 1946 2305 2346 
m1941 13 23 36 46 49 1813 1823 1846 1849 2313 2346 2463 2473 2486 2496 2499 3663 4813 4823 
m306 22 36 40 41 1136 1140 1141 1822 1836 1840 1841 2036 2041 2072 2086 2090 2091 4586 
m1139 22 23 30 36 41 1123 1130 1136 1141 1180 1523 1823 1830 2073 2080 3673 4323 4586 
m59 23 30 46 1180 1523 1530 2330 4823 
m975 22 36 40 41 1141 1822 1836 1841 2036 2041 2072 2086 2091 4586 
m1212 22 23 36 40 41 46 1122 1136 1140 1141 1186 1190 1191 1196 1823 1836 1840 1841 1846 2023 2036 2040 2041 2046 2072 2073 2086 2090 2091 2096 2336 2340 2341 3686 
m2299 33 37 46 49 1883 1896 2333 2346 2483 2487 2496 4833 4837 
m2361 37 46 49 1887 1899 2337 2346 2349 2487 2496 4396 4837 
m2880 14 22 44 46 1114 1144 1146 2214 2246 2314 2322 2344 2346 3246 4846 
m1085 36 46 49 2486 2496 4836 4846 
m877 22 23 36 40 41 1122 1123 1136 1140 1173 1186 1190 1823 1836 2022 2023 2036 2040 2072 2073 2086 2090 2091 3686 4323 
m2164 22 36 41 46 49 1136 1141 1849 2086 2099 2322 2336 2341 2349 4336 
m720 23 30 38 1180 1188 1523 1530 1538 1938 
m1972 23 24 40 46 1190 1240 1246 2023 2024 2040 2046 2340 3696 3723 
m1825 38 46 1946 
m1816 22 37 40 46 1122 1137 1140 1146 1872 2022 2037 2046 2322 2337 2340 2346 4396 
m794 23 30 46 1180 1196 2323 2330 2346 3673 4823 
m579 22 32 36 40 1122 1132 1136 1140 1622 1636 1640 1822 1836 1840 2022 2036 4332 
m198 32 38 46 1632 1646 1932 1938 1946 2332 
m2706 22 30 32 36 46 49 1532 1536 1546 1549 1622 1636 1649 1822 1849 2322 2330 2332 2336 2346 2349 2472 4136 4336 4836 
m1419 38 46 1946 2338 2346 
m1988 36 40 46 49 1840 1846 1849 2036 2040 2046 2049 2340 2346 2486 2490 2496 4336 4346 4846 
m2047 22 23 30 36 40 41 46 1122 1123 1130 1136 1140 1141 1146 1191 1522 1523 1536 1541 1546 1841 1846 2023 2030 2036 2040 2041 2046 2072 2080 2341 3696 4323 
m469 14 34 36 40 46 1734 1736 1740 1746 1814 1836 1840 1846 2014 2036 2040 2046 2314 2346 4346 4814 4846 
m304 22 23 30 38 40 41 1140 1523 1530 1538 1923 1930 2022 2023 2030 2072 2090 
m841 23 30 36 49 1180 1199 1549 1823 1830 1849 
m2421 21 22 23 36 41 1121 1122 1123 1171 1172 1173 1822 1823 2071 2072 2073 3673 4586 
m2351 22 26 44 46 1146 1322 1344 1346 2344 2346 4846 
m2932 14 23 30 46 1514 1523 1546 2314 2323 2330 2346 3664 4814 4823 
m2583 22 23 30 46 1122 1123 1130 1146 1180 1523 1530 1546 2330 2346 4823 
m2808 13 33 36 38 40 41 686 690 691 1686 1690 1691 1841 1913 1933 1936 1938 1941 2036 2041 2063 2083 2086 2090 2091 3183 
m19 22 23 36 38 40 41 1122 1123 1136 1140 1173 1186 1190 1823 1836 1922 1923 1936 1940 1941 2022 2023 2036 2040 2072 2073 2086 2090 3686 4323 
m1251 14 40 46 2014 2040 2046 2314 2346 4814 
m1750 13 46 2313 2346 
m2159 3 30 33 41 46 180 196 1653 1680 2053 2080 2083 2096 2330 4196 
m2615 22 23 30 36 40 41 1122 1123 1130 1136 1140 1141 1173 1522 1523 1536 1822 1823 1830 1836 2022 2023 2030 2036 2072 2073 2080 2086 2090 2091 3673 4323 4586 
m1959 2 22 36 40 41 122 136 140 1136 1140 1141 1822 1836 1840 1841 2036 2041 2636 
m2054 26 39 41 1339 1341 1991 2091 
m2729 22 30 36 40 41 1136 1141 1536 1540 1541 1822 1836 1840 1841 2022 2036 2040 2041 2086 4336 4586 
m1589 14 22 45 745 1114 1145 
m2644 22 37 46 1122 1137 1146 1872 2322 2337 2346 4837 
m1679 22 40 46 1122 1140 1146 2340 
m2136 22 23 30 36 40 41 1123 1130 1172 1173 1180 1186 1190 1522 1523 1530 1536 1540 1822 1823 1830 1840 2022 2023 2030 2073 2080 2086 3673 
m2943 23 28 36 1178 1186 1823 1828 1836 3673 
m2392 23 36 40 41 46 1191 1823 1836 1840 1841 1846 2023 2036 2040 2041 2046 2323 2336 2341 2346 3686 4341 4346 4823 
m531 36 40 41 1841 2036 2041 2086 2090 2091 
m6 4 26 38 226 238 1304 1326 1338 1904 1926 2704 
m2888 36 37 40 46 1840 1886 1890 2036 2037 2046 2340 4346 4396 
m189 22 23 30 32 36 40 46 1122 1123 1130 1132 1136 1140 1146 1172 1173 1523 1530 1546 1622 1623 1630 1640 1646 1822 1823 1830 1832 1840 1846 2022 2023 2030 2032 2036 2040 2046 2322 2323 2330 2332 2336 2340 2346 3696 4823 
m2734 13 38 1913 1938 
m1678 22 36 46 1122 1136 1146 1822 1846 2322 
m2253 30 46 49 1530 1549 2330 2346 2349 
m1088 22 23 30 40 46 1122 1123 1130 1140 1146 1172 1173 1180 1190 1196 1522 1523 1530 1540 1546 2023 2046 2323 3673 3696 4823 4846 
m1444 17 37 46 2337 3387 4817 
m864 26 46 1346 2346 
m249 22 23 30 36 40 41 46 1122 1123 1130 1136 1140 1141 1146 1191 1523 1536 1541 1546 1841 1846 2023 2030 2036 2040 2041 2046 2072 2341 3696 4323 
m649 22 23 30 36 40 46 1122 1123 1130 1136 1140 1146 1180 1522 1523 1536 1540 1546 1822 1823 1830 1836 1840 1846 2022 2023 2030 2036 2040 2046 2322 2323 2330 2340 4823 4846 
m2291 14 46 2314 2346 4814 
m1067 22 30 40 46 1122 1130 1146 2022 2030 2046 2330 
m1163 22 23 30 36 40 46 49 1122 1123 1130 1136 1140 1146 1180 1523 1530 1536 1540 1546 1822 1823 1830 1840 1846 2022 2023 2030 2036 2046 2322 2323 2330 2336 2340 2346 2472 2486 2490 2496 4336 4346 4823 4846 
m1401 22 30 36 40 41 46 1136 1141 1146 1541 1822 1830 1841 2022 2046 2096 2336 
m2219 22 23 30 1122 1123 1130 1173 1180 1523 3673 
m1472 16 23 36 40 41 46 836 840 841 1186 1190 1191 1841 2023 2036 2041 2046 2066 2073 2086 2090 2091 2096 2316 2336 2340 2341 3666 4823 
m2794 22 23 30 36 49 1123 1130 1136 1149 1522 1523 1530 1822 1823 1830 1836 1849 2472 2473 2480 2486 2499 
m209 23 26 30 33 40 46 49 1180 1330 1333 1340 1346 1673 1680 1696 2023 2033 2046 2330 2476 2480 2483 2490 2496 4823 
m2374 22 23 30 36 40 46 48 1122 1123 1130 1136 1140 1146 1148 1172 1173 1522 1523 1530 1540 1546 1822 1823 1830 1840 1846 2022 2023 2030 2036 2040 2046 2322 2323 2330 2340 2346 2430 2436 2440 2446 3696 4823 
m1105 14 36 46 714 736 1836 2314 2336 2346 3236 4814 4836 
m2238 22 23 1122 1123 1172 
m1256 22 30 32 36 40 41 46 49 1122 1130 1132 1136 1140 1141 1146 1522 1532 1536 1546 1622 1646 1822 1830 1832 1836 1840 1846 1849 2022 2030 2032 2036 2040 2046 2049 2072 2090 2096 2322 2472 2480 2482 2486 2490 2496 4346 4846 
m2037 22 30 36 40 1122 1136 1140 1522 1536 1540 1822 1836 1840 2022 2036 
m178 23 36 1186 1836 3686 
m945 6 43 4656 
m22 14 37 46 49 2314 2337 2346 2464 2487 2496 4364 
m839 5 23 26 32 46 1155 1182 1323 1332 1346 1605 2305 2332 2346 4823 
m1304 14 22 23 30 46 730 746 1114 1122 1123 1130 1146 1180 1514 1523 1530 1546 2330 3223 4823 
m1055 22 23 30 36 38 40 41 46 1122 1123 1130 1136 1140 1146 1172 1173 1180 1186 1190 1522 1523 1530 1536 1540 1546 1823 1840 1922 1923 1930 1938 1941 1946 2023 2030 2036 2038 2040 2041 2046 2072 2073 2080 2086 2096 2322 2330 2336 2340 2346 3696 4823 
m1734 12 13 22 27 36 40 622 636 640 672 686 690 1112 1113 1122 1136 1140 1362 1363 1372 1386 1822 2022 2036 3162 
m2891 23 36 40 46 49 1836 1840 1846 1849 2023 2036 2040 2046 2049 2323 2336 2473 2486 2490 2496 3686 4323 4336 4836 
m1433 13 33 36 49 663 683 686 699 1663 1683 1686 1699 1833 1849 2463 2483 2486 3183 
m2716 22 23 36 49 1123 1136 1173 1186 1199 1823 1849 2473 2486 3673 4323 4336 
m2379 26 39 46 1339 1346 2326 2339 4839 4846 
m697 38 46 1938 1946 2338 2346 
m319 22 30 36 38 46 49 1536 1538 1546 1549 1822 1930 1936 1938 1946 1949 2322 2330 2336 2338 2346 2349 2472 2486 2496 
m2209 14 20 40 46 720 2014 2046 2320 3246 
m620 37 46 49 1899 2346 2349 4396 4837 
m1652 32 37 1632 1637 1882 
m1380 13 36 39 40 46 49 1813 1840 1846 1849 1986 1990 1996 2013 2036 2040 2046 2049 2463 2496 4813 
m2950 13 38 46 1913 1938 1946 2313 2346 
m2686 38 46 1946 2346 
m2589 14 22 38 46 1114 1146 1914 1922 1938 1946 2314 2322 2346 4814 
m2569 22 23 36 40 1122 1123 1136 1140 1173 1822 1823 1840 2022 2023 2040 3673 
m2730 
m64 22 23 30 36 40 46 49 1122 1123 1130 1136 1140 1146 1149 1172 1173 1180 1186 1190 1199 1522 1523 1530 1536 1540 1546 1549 1823 1840 2022 2023 2030 2036 2040 2046 2322 2330 2336 2340 2346 2349 2472 2473 2480 2486 2496 3696 4823 
m1757 5 13 22 33 36 40 263 272 283 286 672 686 690 1113 1122 1133 1136 1140 1672 1686 1690 1822 2022 2036 2040 3183 
m2325 17 40 46 896 2017 2046 2346 3396 
m49 37 45 46 1895 2337 2345 2346 4396 
m1832 23 38 45 1923 2273 2288 
m755 6 43 46 2306 2343 4656 
m229 23 36 40 41 46 49 1191 1836 1841 2023 2036 2041 2323 2336 2340 2341 2349 2473 2486 2490 2491 2496 2499 3686 4323 4336 4836 
m332 22 36 46 49 1136 1146 1149 1822 1846 2322 2336 2346 2486 2496 
m1626 23 38 1923 
m693 23 30 33 46 1180 1523 1530 1533 1546 1680 2330 2333 4173 4823 
m201 38 41 1938 1941 2088 2091 
m425 36 40 41 1836 1840 1841 2036 2040 2041 2086 2090 2091 
m2905 13 36 38 686 688 1838 
m1332 45 
m1266 14 26 46 714 726 746 1314 1326 1346 2314 2326 2346 4814 
m560 16 38 44 49 844 849 1916 1938 1944 1949 2494 
m1425 22 30 36 40 46 1136 1140 1522 1536 1540 1840 2036 2040 2322 2330 2336 2340 2346 4836 
m1274 14 46 714 746 2314 2346 4814 
m776 22 36 40 41 1136 1140 1141 1836 1840 1841 2036 2041 2072 2086 2090 2091 4586 
m301 10 14 27 38 710 1360 1364 1388 1910 1914 1927 1938 
m1468 36 40 41 46 1841 2036 2041 2086 2090 2091 2336 2340 2341 4336 4836 4846 
m1567 32 46 1632 1646 2332 2346 4846 
m2717 36 46 2336 2346 4836 4846 
m2670 14 38 40 46 49 1938 1940 1946 2014 2046 2049 2346 2464 2496 4814 
m1543 33 36 38 46 49 1683 1686 1688 1696 1699 1833 1846 1933 1936 1946 1949 2333 2336 2338 2346 2349 2483 2486 2496 4833 
m272 46 2346 
m2077 12 13 20 22 36 40 622 636 640 670 672 686 690 1012 1022 1036 1040 1822 1840 2022 2036 3162 3536 4336 
m796 37 46 4837 
m1749 22 36 40 46 1822 1840 1846 2036 2040 2046 2322 2336 2340 2346 4336 4346 4836 
m323 22 23 30 36 1123 1130 1136 1172 1180 1522 1822 1823 1830 
m2127 14 22 23 30 40 45 46 714 746 1114 1145 1146 1164 1172 1190 1195 1196 1514 1522 1523 1530 1540 1545 1546 2014 2022 2023 2030 2040 2045 2046 2264 2296 2314 3664 
m1712 38 41 46 49 1938 1946 1949 2096 2349 
m2963 22 23 36 41 1123 1136 1141 1172 1173 1186 1822 1823 2072 2073 2086 2091 3673 4586 
m1827 30 38 1930 1938 
m2894 23 32 36 40 49 1182 1632 1823 1832 1849 2023 2032 2036 2049 2473 2482 
m2355 22 46 1122 1146 
m2852 23 36 40 46 49 1836 1849 2036 2046 2323 2336 2349 2473 2486 4323 4336 4836 
m70 
m2940 16 22 36 40 822 836 840 1116 1122 1136 1140 1822 2022 2036 
m2819 22 23 30 41 46 1122 1123 1130 1146 1180 1523 1530 1546 2072 2073 2080 2091 2096 2330 4823 
m1144 22 36 41 1122 1136 1141 1841 2091 4586 
m2556 14 22 23 30 46 49 722 746 1122 1123 1130 1146 1149 1172 1522 1523 1530 2322 2323 2330 2349 2473 2480 3673 4823 4846 
m2793 22 23 36 40 41 1122 1123 1136 1140 1141 1172 1173 1822 1823 1836 1840 1841 2022 2023 2036 2040 2041 2072 2073 3673 4586 
m2031 22 23 30 36 40 1122 1123 1130 1136 1140 1172 1173 1180 1186 1190 1522 1523 1536 1540 1822 2022 2023 2036 3673 3686 4323 4336 
m1992 5 37 46 1855 2305 2337 2346 4837 
m2277 13 22 38 49 699 1113 1122 1138 1149 1913 1938 1949 
m1200 14 26 33 726 1314 1326 1333 1664 1676 1683 3233 
m787 13 20 22 33 36 40 670 672 686 690 1022 1033 1036 1040 1672 1686 1690 1822 1840 2022 2036 3183 3536 4336 
m468 22 35 46 1135 1146 2322 2335 2346 
m1700 37 46 4837 
m2347 22 23 30 46 1122 1123 1130 1146 1180 1522 1523 1530 1546 2330 4823 
m844 22 30 36 40 46 1122 1136 1146 1522 1536 1822 2022 2030 2036 2322 2330 2336 2340 2346 4836 
m1701 14 46 714 746 2314 2346 4814 
m152 22 36 38 46 1822 1946 2322 2336 2346 4836 
m124 46 2346 
m63 22 32 36 40 46 49 1136 1140 1146 1149 1640 1646 1832 1836 1840 1846 2032 2036 2040 2046 2049 2332 2336 2340 2346 2349 2486 2496 4136 4346 
m1760 14 20 38 46 49 720 1914 1946 1949 2320 2464 2496 4814 
m2552 22 36 40 41 45 46 1136 1140 1141 1146 2036 2046 2090 2096 2272 2286 2291 2296 4346 4586 
m1325 5 32 36 46 49 282 286 296 1632 1636 1649 1849 2305 2332 2336 2346 2349 
m548 14 46 49 749 2346 2349 2464 2496 3246 4814 
m588 37 49 1899 2487 2499 
m1669 16 23 38 40 46 49 1923 1940 1946 2016 2023 2046 2316 2323 2346 2349 2466 2473 3666 4823 
m2043 22 23 30 36 40 41 46 1122 1123 1130 1136 1140 1141 1146 1191 1523 1536 1541 1546 1841 1846 2023 2030 2036 2040 2041 2046 2072 2073 2091 2341 3696 4323 
m1974 23 30 46 1180 1523 1530 1546 2330 4823 
m2500 22 23 30 36 41 1123 1130 1136 1141 1186 1191 1523 1536 1541 1841 2073 2080 2091 3673 4323 4586 
m1455 23 36 42 1173 1186 1192 3686 4342 
m1961 23 32 46 1196 1623 1646 2346 
m825 22 23 36 40 46 49 1172 1822 1823 1836 1840 1849 2022 2023 2036 2040 2046 2322 2323 2336 2340 2349 2473 2486 2490 4323 4336 4346 4836 
m2762 14 22 36 40 46 49 722 1814 1822 1846 1849 2014 2036 2046 2322 2336 2349 2464 2472 4336 4814 
m2306 13 22 33 36 40 672 1113 1122 1133 1136 1140 1672 1813 1822 1833 1840 2013 2033 4163 
m2999 22 36 41 1136 1141 1841 2072 2086 2091 4586 
m712 14 36 46 49 736 746 2336 2346 2349 2464 2486 2496 4814 4836 
m1599 30 36 38 1530 1538 1838 1930 1936 1938 4036 4330 
m585 22 23 27 41 45 1122 1123 1127 1141 1195 1372 1391 2073 2095 
m2027 14 32 46 714 732 2314 2332 2346 4814 
m2149 22 30 37 46 1130 1137 1146 1880 2322 2330 2337 2346 4837 
m661 22 23 1122 1123 1173 3673 
m668 13 22 45 46 672 2263 2295 2296 2313 2322 2346 4813 
m443 8 32 37 38 46 49 408 432 438 446 449 1637 1646 1932 1946 2332 2337 2346 2482 2488 2496 
m2254 23 30 36 40 41 49 1186 1190 1199 1523 1530 1536 1540 1549 1836 1840 1849 2073 2080 2086 2090 2099 2490 3686 4336 
m1471 16 23 36 40 41 46 836 840 841 1186 1190 1191 1841 2023 2036 2040 2041 2046 2066 2073 2086 2090 2091 2096 2316 2336 2340 2341 3666 4823 
m2896 13 36 38 40 41 686 690 691 1841 1913 1936 1941 2036 2041 2063 2086 2088 2090 2091 
m11 14 38 40 46 49 1914 1938 1940 1946 1949 2014 2046 2049 2346 2464 2496 4814 
m315 22 23 30 46 1122 1123 1130 1146 1196 1523 1546 2346 
m1871 30 46 2330 2346 4846 
m405 
m352 5 32 36 255 282 286 1605 1805 1832 1836 4332 
m1004 36 37 40 46 49 1837 1849 1899 2036 2037 2046 2049 2336 2349 4837 
m1327 22 46 1122 1146 2322 2346 
m559 45 46 2296 2345 2346 
m2746 14 36 40 46 740 1814 1836 1840 1846 2014 2036 2040 2046 2314 2340 2346 3246 4314 4346 4836 
m891 22 30 36 40 45 46 1122 1130 1136 1140 1145 1146 1536 1540 1836 1840 2036 2040 2272 2296 2322 2330 
m246 5 13 22 33 36 40 46 263 272 283 286 672 686 690 1113 1122 1133 1136 1140 1672 1686 1690 1822 2022 2036 2305 2313 2322 2333 2336 2340 3183 
m2345 41 46 2091 2096 2341 
m56 38 46 1938 1946 2346 
m2166 22 23 30 36 41 1122 1123 1130 1136 1172 1173 1522 1523 1822 1823 1830 2072 2073 2080 3673 4586 
m1535 14 22 38 44 46 744 746 1114 1138 1146 1914 1938 1944 1946 2344 2346 3246 
m1861 22 23 30 36 41 1122 1123 1130 1136 1141 1172 1173 1180 1523 1822 1823 2072 2073 3673 4586 
m1931 22 30 46 1522 1546 2322 4846 
m2014 14 46 4814 
m2774 23 30 1523 
m1072 38 46 1938 2338 
m2941 14 23 30 46 1514 1523 1546 2314 2323 2330 2346 3664 4814 4823 
m1725 3 30 37 46 153 180 187 196 1503 1530 1537 1546 1853 1880 2303 2330 2337 2346 4803 
m2747 37 
m1559 22 30 36 37 41 1130 1136 1536 1537 1541 1886 2086 2087 
m325 27 32 1382 
m128 36 46 49 1846 1849 2346 2496 4836 
m1685 22 23 27 30 36 40 49 1123 1130 1136 1172 1173 1177 1180 1186 1190 1199 1372 1373 1380 1386 1522 1523 1527 1530 1536 1540 1549 1822 1823 1827 1830 1836 1849 2023 2027 2030 2036 2040 2049 2472 2473 2477 2480 2486 2499 3686 4336 
m2984 23 30 36 40 1180 1186 1523 1530 1536 1830 2023 2030 2036 
m2601 26 32 36 38 46 1336 1346 1832 1926 1936 1946 2332 2336 2346 4836 
m741 33 38 41 46 1691 1933 1941 1946 2341 4833 
m116 30 36 39 40 46 1536 1540 1546 1830 1836 1840 1846 1980 1986 1990 1996 2030 2036 2040 2046 2330 2336 2340 2346 4346 4496 4836 
m1499 30 38 41 46 1930 1941 1946 2080 2096 2330 2341 2346 
m2522 15 26 46 776 2326 4815 
m1437 22 23 30 45 1123 1173 1180 1523 2272 2273 3673 
m2622 16 22 23 30 46 830 1116 1122 1123 1130 1146 1523 1546 2316 2330 2346 3323 3346 3696 4823 
m1128 46 2346 
m2423 22 37 46 49 1872 2322 2346 2487 2496 4396 4837 
m1413 5 36 46 49 286 296 299 1849 2346 2349 2486 2499 4836 
m1448 38 46 1946 2338 2346 
m1037 18 23 36 923 936 1186 1836 3686 
m2517 21 22 30 36 40 41 46 1072 1096 1121 1122 1130 1136 1140 1141 1146 1521 1522 1536 1546 1821 1822 1846 2021 2022 2030 2036 2040 2046 2072 2090 2096 2321 2322 2340 4346 4846 
m1058 22 23 1123 
m1222 46 2346 
m2565 22 23 30 46 1123 1130 1146 1180 1523 1530 1546 2330 4823 
m2240 11 13 33 661 1661 4163 
m929 22 46 49 2322 2346 2349 2472 4846 
m2212 13 33 4163 
m597 22 23 30 41 46 1122 1123 1130 1141 1146 1172 1173 1191 1522 1523 1530 1541 1546 2322 2323 2330 2341 2346 3696 4823 
m416 22 46 1122 1146 2322 2346 
m1932 22 30 46 1522 1546 2322 4846 
m2247 12 22 23 27 30 41 46 641 1112 1123 1127 1130 1141 1146 1173 1191 1362 1372 1373 1380 1391 1512 1522 1523 1527 1530 1541 2062 2072 2073 2077 2080 2091 2312 2322 2323 2327 2330 2341 3123 3662 4823 
m2719 14 46 746 4846 
m728 36 40 46 1836 1840 1846 2036 2040 2046 2336 2340 2346 4336 4346 
m337 22 26 44 46 1144 1146 1322 1344 1346 2244 2246 2344 2346 4846 
m1001 26 27 46 1327 1346 1377 2327 
m2828 5 13 33 38 46 655 1655 1696 1913 1933 1946 2305 2313 4163 
m2464 5 36 46 49 255 286 1805 1836 1846 1849 2305 2336 2455 2486 2496 
m1869 14 40 45 46 745 2014 2040 2046 2314 2345 2346 3214 4814 
m2778 32 36 38 46 1832 1932 1936 1938 1946 2332 2336 2346 4836 
m2585 46 2346 
m292 13 22 32 36 40 41 672 686 690 1122 1136 1140 1613 1622 1636 1640 1822 2022 2036 2063 2072 2082 2086 
m2215 22 23 30 32 36 40 46 1122 1123 1130 1132 1136 1140 1146 1172 1173 1522 1523 1530 1532 1540 1546 1623 1630 1646 1822 1823 1830 1832 1840 1846 2022 2023 2030 2032 2036 2040 2046 2322 2323 2330 2332 2340 2346 3696 4823 
m1969 23 40 44 46 1173 1194 1196 2023 2040 2046 2323 2344 2346 3696 4823 
m507 2 26 46 126 2302 2326 
m726 14 22 46 722 2314 2322 2346 4814 
m371 22 26 44 46 1146 1322 1344 1346 2344 2346 4846 
m223 22 37 40 46 1137 1140 1146 1890 2022 2037 2040 2046 2337 2340 2346 4837 
m91 14 36 40 46 1814 1846 2014 2036 2046 3246 
m2045 5 32 36 38 46 49 282 286 288 296 1632 1638 1646 1838 1846 1932 1936 1946 2332 2338 2346 2455 2482 2486 2488 2496 4136 4332 4836 
m404 14 46 49 2314 2346 2464 2496 4814 4846 
m553 36 37 40 41 1841 1886 1890 1891 2036 2041 2086 2087 2090 2091 
m852 37 38 39 46 49 1899 1937 1946 1987 1988 1996 1999 2337 2346 2349 4496 4837 
m703 22 23 30 36 40 46 1122 1123 1130 1136 1140 1146 1172 1186 1190 1522 1523 1536 1546 1822 2022 2036 2322 2336 2340 2346 4823 
m420 5 13 33 46 263 283 2305 2313 2333 4163 
m473 
m813 14 36 46 714 3236 3246 4814 4836 
m534 5 13 33 46 263 283 296 696 2305 2313 2333 2346 3183 
m2764 36 40 41 46 49 1841 1846 2036 2041 2046 2336 2340 2341 2346 2349 2486 2490 2491 2496 4346 
m2720 22 46 1146 2322 2346 
m1692 30 37 40 46 1880 1890 2030 2046 2330 4396 
m2352 22 37 40 46 1137 1140 1146 1890 2022 2037 2040 2046 2322 2337 2340 2346 4396 
m1125 22 23 36 40 41 1123 1136 1140 1141 1173 1823 1836 1840 1841 2023 2036 2040 2041 2072 2073 2086 2090 2091 3686 4323 
m2648 15 22 27 38 46 777 1115 1127 1146 1915 1922 1938 1946 2315 2327 2346 
m1442 22 46 1122 1146 
m1807 26 37 46 1337 1346 2337 2346 4837 
m1864 23 32 36 46 49 1199 1623 1636 1823 1836 1846 1849 2323 2332 2336 2346 2349 3686 4332 
m411 23 36 41 46 1836 1841 1846 2073 2086 2323 2341 4323 4836 
m1038 5 36 38 46 49 286 296 299 1836 1846 1849 1905 1936 1938 1946 1949 2346 2349 2455 2486 2496 2499 4836 
m1294 27 38 46 1927 1938 1946 2327 
m1903 15 38 46 1915 1938 1946 2315 2338 
m108 10 510 
m2833 36 40 41 1836 1840 1841 2036 2041 2086 2091 4336 4586 
m37 22 41 44 46 49 1146 1149 2072 2094 2096 2099 2344 2349 2494 
m2074 14 40 46 2014 2040 2046 2314 2346 4814 
m722 14 46 746 2346 3246 4846 
m562 5 14 22 23 32 36 37 41 264 282 286 722 737 741 1105 1123 1136 1137 1141 1155 1182 1186 1614 1637 1814 1837 1872 1882 1886 1887 1891 2087 3664 4136 4332 
m2398 22 36 37 40 46 1122 1136 1137 1140 1146 1837 1840 1890 2036 2037 2040 2322 2336 2337 2340 2346 4837 
m2886 36 40 46 1840 2036 2040 2046 2340 4346 
m340 17 40 46 2017 2046 2346 4817 
m1453 33 46 49 1696 1699 2349 
m2884 22 23 46 49 1122 1123 1146 1149 1196 1199 2322 2323 2346 2349 4846 
m2009 23 38 45 1923 2273 2288 
m1147 17 22 38 46 888 1117 1138 2322 2338 4817 
m393 14 22 40 46 714 722 740 746 1114 1140 1146 2014 2046 2314 2340 2346 3246 4814 
m662 37 40 46 1890 2037 2040 2046 2337 2340 2346 4396 
m1116 23 28 38 1178 1188 1928 1938 
m1496 6 14 23 32 36 706 723 732 736 1156 1182 1606 1636 1806 3686 
m640 22 40 44 46 1146 2022 2044 2046 2344 2346 4846 
m2433 46 2346 
m1121 40 46 48 2040 2046 2340 2346 2348 2440 2446 
m1241 46 2346 4846 
m1840 22 44 46 1144 1146 2246 2322 2344 2346 4846 
m517 32 38 46 1632 1646 1932 1938 1946 2332 2346 
m484 13 38 46 1913 1938 1946 2313 
m1127 23 30 36 41 1173 1180 1186 1191 1523 1530 1536 1541 1823 1830 1836 1841 2073 2080 2091 3673 4323 4586 
m1853 13 45 46 2263 2295 2296 2313 2346 3196 
m2532 22 46 1122 1146 2322 2346 4846 
m968 12 14 40 46 712 2012 2014 2046 2314 2346 3146 3246 4812 
m2733 22 23 30 41 1123 1141 1172 1173 1191 1522 1523 1541 2072 2073 2080 2091 3673 
m316 37 46 4396 
m273 22 23 36 40 41 1122 1123 1136 1140 1141 1172 1173 1822 1823 1836 1840 1841 2022 2023 2036 2040 2041 2073 2086 2090 3673 4586 
m2160 23 36 40 41 46 1191 1823 1836 1841 1846 2023 2036 2040 2041 2046 2323 2336 2341 2346 3686 4341 4346 4823 
m2157 31 36 37 40 46 1587 1590 1596 1831 1837 1840 1846 1890 1896 2340 
m2144 22 37 40 46 1137 1146 2022 2037 2040 2046 2337 2346 4837 
m45 5 22 37 46 255 1105 1137 1146 1855 1887 1896 2305 2322 2337 2346 4837 
m1798 12 45 46 645 2345 4812 
m791 22 23 45 1123 1145 1173 2273 3673 
m83 26 36 46 1336 1346 4836 4846 
m305 36 37 40 46 1837 1846 2036 2037 2040 2046 2337 2346 4346 
m788 30 46 2330 2346 
m241 30 36 38 46 1830 1936 1946 2330 2336 2346 4836 
m183 22 30 36 49 1122 1136 1522 
m862 5 36 46 49 286 296 299 1836 1849 2305 2336 2346 2349 2455 2486 2496 4836 4846 
m2419 23 30 46 1523 2323 2330 2346 4823 
m565 26 27 46 1326 1327 1346 1376 1396 2326 
m602 22 32 37 38 46 49 1132 1137 1146 1637 1646 1922 1938 1946 1949 2332 2337 2346 2472 2496 4837 
m102 11 
m1410 22 23 36 38 40 1123 1136 1138 1140 1173 1922 1923 1936 1938 1940 2023 2036 2038 3686 
m470 22 23 45 1122 1123 1172 1173 2272 2273 3673 
m61 32 37 1882 
m2901 30 38 46 1930 1946 2330 2338 2346 4846 
m2173 23 36 46 49 1196 1199 1846 1849 2346 2496 3686 
m2840 30 40 46 2030 2046 2330 2340 2346 4846 
m1978 37 38 46 1888 2338 4396 
m1272 30 36 39 40 46 1530 1539 1546 1830 1839 1840 1846 1980 2030 2036 2039 2040 2046 2330 2339 2340 2346 4346 
m2285 22 23 36 41 1122 1123 1136 1141 1172 1173 1186 1191 1822 1823 2072 2073 3673 4586 
m2147 27 38 46 1927 1946 2327 
m1057 23 45 2273 
m830 32 42 46 2132 2146 2332 
m2649 15 22 32 46 782 1115 1122 1132 1146 1615 1622 1632 1646 2315 2322 2332 2346 4815 
m93 5 23 24 40 46 273 274 290 1190 1240 1246 2023 2024 2040 2046 2340 3696 3723 
m2859 13 22 32 36 40 672 686 1113 1122 1136 1140 1613 1622 1636 1822 1836 1840 2022 2036 2040 
m515 36 49 1836 1849 2499 
m2073 32 36 37 46 1646 1882 1896 4136 4346 4386 
m2040 23 30 36 38 40 46 1180 1186 1190 1523 1530 1536 1540 1546 1830 1923 1930 1936 1940 1946 2023 2030 2036 2038 2040 2046 2323 2330 2340 4836 
m2736 32 36 38 40 46 1832 1932 1936 1946 2036 2038 2046 2332 2336 2346 4836 
m471 22 23 30 36 40 41 1122 1123 1130 1136 1140 1141 1172 1173 1186 1190 1191 1522 1523 1536 1541 1840 1841 2023 2036 2041 2072 2073 2086 2090 2091 3673 3686 4323 4336 4586 
m1043 5 22 23 30 46 255 273 280 296 1105 1122 1123 1130 1146 1180 1505 1523 1530 1546 2330 4823 
m2987 22 23 30 36 40 41 46 1122 1123 1130 1136 1140 1141 1146 1190 1522 1523 1530 1536 1540 1546 1840 2023 2036 2040 2072 2073 2080 2086 2090 2096 2323 2330 2340 3686 4836 
m1211 26 36 46 1336 1346 2336 2346 4836 
m2768 22 37 46 1122 1137 1146 4837 
m1627 12 36 38 41 46 641 1841 1912 1936 1938 1941 1946 2062 2086 2091 2096 2312 2336 2341 4312 
m2020 22 30 36 41 45 1130 1536 1541 2272 2280 4586 
m1775 22 36 40 41 1136 1140 1141 1836 1840 1841 2036 2040 2086 2090 2091 4586 
m1440 22 36 40 1122 1136 1140 2036 
m2404 22 30 46 1122 1130 1146 2322 2330 2346 
m1223 22 23 30 36 40 41 1122 1123 1130 1136 1140 1172 1173 1186 1190 1522 1523 1536 1822 2022 2036 2072 2073 2080 2086 2090 3673 3686 
m1865 23 30 36 41 1523 1823 1830 2073 2080 3673 4323 4586 
m2265 28 36 1828 1836 
m751 23 24 40 46 1190 1240 1246 2023 2024 2040 2046 2323 2324 2340 2346 3696 3723 
m2225 32 36 1832 4336 
m2535 15 27 38 41 45 46 777 1915 1938 1941 1946 2065 2077 2088 2096 2288 2291 2296 2315 2327 2346 
m1808 23 30 36 40 1180 1523 1530 1536 1540 1830 2023 2030 2036 2040 4323 
m2344 3 36 48 49 186 198 1803 1848 1849 2453 2486 2498 2499 4336 
m2740 12 36 46 49 612 636 646 649 1812 1849 2312 2336 2346 2349 2462 2486 2496 2499 4812 
m2177 22 23 30 36 40 46 1122 1123 1130 1136 1140 1146 1180 1523 1530 1822 1823 1830 1840 1846 2022 2023 2030 2046 2330 4823 
m577 36 4336 
m1092 22 23 36 40 1122 1123 1136 1140 1172 1173 1186 1190 1822 1836 1840 2022 2023 2036 2040 3673 4336 
m2026 16 32 40 44 46 832 844 1644 2016 2032 2044 2046 2316 2332 2344 
m3002 14 32 36 44 46 736 1614 2214 2232 2236 2314 2332 2336 2344 4136 4846 
m1216 22 36 46 1136 1146 2346 4836 
m1583 36 40 41 1836 1840 1841 2036 2041 2086 2090 2091 4586 
m1280 22 23 36 41 1122 1123 1136 1141 1191 1841 2073 2091 4323 4586 
m2792 13 38 46 1913 1946 4813 
m481 14 26 32 46 1314 1346 1626 1646 2314 2346 4814 
m641 22 23 27 30 36 40 49 1172 1186 1199 1372 1373 1380 1386 1399 1522 1523 1527 1530 1536 1549 1822 1823 1827 1830 1836 1840 1849 2023 2027 2030 2036 2040 2049 2472 2473 2477 2480 2486 2499 3686 4336 
m1047 22 23 30 40 41 1123 1130 1140 1190 1523 1530 1540 2022 2023 2030 2072 2090 
m874 22 1122 
m1242 22 23 36 40 46 1122 1123 1136 1140 1146 1172 1186 1190 1196 1822 1836 2036 2040 2046 2322 3686 4346 
m1581 22 23 36 40 41 1122 1136 1140 1141 1173 1186 1190 1823 1836 1840 1841 2022 2023 2036 2040 2041 2073 2086 2090 2091 3686 4323 
m335 22 23 30 36 1172 1180 1522 1822 1823 1830 
m1492 23 41 1173 1191 2073 3673 
m1491 22 23 1122 1123 1173 3673 
m1545 22 36 40 41 1136 1140 1141 1836 1841 2036 2041 2086 2090 2091 4586 
m1663 22 23 30 40 41 1140 1180 1523 1530 2022 2023 2030 2072 2090 
m1422 5 36 46 286 296 2305 2336 2346 4836 
m2972 5 30 36 46 280 286 1536 1830 1836 2305 2330 2336 4836 
m2395 23 46 49 2323 2346 2473 2496 4823 
m987 28 36 46 1828 1836 2328 2336 4846 
m1758 22 23 36 40 41 1122 1123 1136 1140 1141 1186 1190 1836 1840 2036 2040 2072 2073 2086 3686 
m106 11 13 22 33 36 40 661 1113 1122 1133 1136 1140 1661 1811 1813 1833 1840 2013 2033 4163 
m865 22 36 37 40 1122 1136 1137 1140 1822 1872 1886 1890 2022 2036 
m1730 14 16 23 46 716 723 746 2316 3323 4823 
m2190 14 22 46 714 746 1114 1146 2314 2346 3246 4814 
m2830 14 36 40 46 49 714 736 740 746 749 1814 1836 1840 1846 1849 2014 2036 2046 2049 2314 2336 2346 2349 2464 2486 2490 2496 3246 4814 
m382 22 23 36 40 46 49 1123 1136 1146 1199 1822 1823 1836 1840 1846 1849 2022 2023 2036 2040 2046 2049 2323 2336 2346 2349 3686 4346 4823 4836 
m432 2 40 46 140 146 2046 
m1737 22 36 46 1136 1146 1846 2322 2336 4846 
m495 22 38 1122 1922 
m213 37 40 46 1890 2037 2040 2046 2337 2340 2346 4396 
m2105 28 37 38 39 46 1878 1928 1937 1938 1939 1946 1978 1987 2328 4396 4496 
m1452 22 23 30 46 49 1122 1123 1130 1146 1149 1172 1173 1180 1199 1522 1523 1530 1549 2322 2323 2330 2349 2472 2473 2480 3673 4823 
m687 23 30 45 46 1180 1195 1196 2280 2296 2330 2345 2346 3696 4823 
m1339 14 46 49 2314 2346 2464 2496 4814 
m2107 22 23 30 36 40 41 46 49 1122 1123 1130 1136 1140 1141 1146 1149 1172 1173 1190 1191 1522 1523 1530 1536 1540 1541 1546 1822 1823 1830 1836 1840 1846 1849 2022 2023 2030 2036 2040 2041 2046 2049 2322 2323 2330 2336 2340 2341 2346 2473 2480 2486 2490 2496 3696 4823 
m2244 14 38 46 49 746 749 1914 1938 1946 1949 2346 2349 
m1872 22 37 46 49 1137 1146 1899 2346 2349 2496 4396 4837 
m2341 23 30 36 40 49 1180 1199 1549 1823 1830 1836 1840 1849 2023 2030 2036 2040 2049 2473 2480 2486 2490 
m941 22 38 45 46 1145 1146 1922 1945 1946 2345 
m853 23 36 41 1823 2073 3673 4323 4586 
m2803 46 
m2776 22 23 30 36 40 46 1122 1123 1130 1136 1140 1146 1180 1522 1523 1536 1540 1546 1822 1823 1830 1836 1840 1846 2022 2023 2030 2036 2040 2046 2322 2323 2330 2340 4823 4846 
m123 33 46 2333 2346 
m1955 14 23 30 730 1180 1523 1530 3223 
m547 22 23 46 1122 1123 1146 1196 2323 3673 
m2334 22 23 24 40 45 46 1122 1145 1172 1190 1195 1222 1240 1245 1246 2022 2023 2024 2040 2045 2046 2272 2295 2322 2340 2345 3696 3723 
m2917 34 46 1746 
m1929 22 26 44 46 1122 1126 1144 1146 1322 1344 1346 2222 2246 2322 2326 2344 2346 4846 
m1259 13 26 38 40 46 690 1313 1346 1913 1926 1938 1946 2313 2340 2346 
m1197 16 32 46 832 2332 4816 
m1400 22 30 36 40 45 1122 1136 1140 1522 1536 1540 1836 1840 2022 2036 2040 2272 2280 2286 
m2060 22 23 41 1123 1141 1172 2073 
m2572 22 23 1123 1173 3673 
m2079 14 40 46 2014 2046 2314 2346 4814 
m883 14 46 49 2314 2346 2464 2496 4814 
m2816 22 23 30 36 39 40 41 1123 1136 1140 1172 1173 1186 1190 1191 1523 1536 1539 1541 1823 1972 1973 1986 1991 2023 2036 2072 2073 2086 2090 3673 4323 4336 4586 
m298 22 23 30 36 40 46 1122 1123 1130 1136 1140 1146 1180 1523 1530 1536 1546 1830 1846 2022 2023 2030 2036 2040 2046 2330 4323 4823 
m363 17 38 46 888 2317 2338 2346 3396 
m2951 14 22 32 36 40 45 46 714 722 732 736 740 746 1114 1145 1146 1614 1632 1640 1646 1814 1822 1840 2014 2022 2040 2045 2046 2264 2286 2314 2322 2336 2345 2346 3246 4332 4346 
m2904 22 36 37 40 49 1136 1137 1822 1836 1837 1840 1849 1886 2022 2036 2037 2040 2472 2486 2487 2490 2499 
m2314 8 10 38 508 1908 1910 
m2756 38 1938 
m2791 22 23 36 40 41 46 49 1122 1123 1136 1140 1141 1149 1173 1186 1190 1822 1823 1836 1841 1849 2022 2023 2036 2040 2046 2072 2073 2086 2322 2323 2336 2341 2349 2472 2473 2486 2491 3673 3686 4323 4336 
m2125 5 36 38 46 49 286 296 299 1849 1905 1936 1938 1946 2346 2349 2486 2499 4836 
m2330 13 38 1913 1938 
m1405 13 22 38 49 699 1113 1122 1138 1913 1938 1949 
m296 26 38 46 1326 1346 1926 1946 2326 4846 
m494 33 36 38 40 46 49 1686 1690 1836 1838 1840 1846 1849 1933 1936 1938 1940 1946 2033 2036 2038 2040 2046 2333 2336 2338 2340 2346 2488 2490 2496 
m2068 22 23 30 38 1122 1123 1130 1138 1172 1173 1188 1522 1523 1530 1538 3673 
m1101 11 13 22 46 563 572 596 1113 1122 1146 2313 2322 2346 4846 
m1645 27 36 41 46 1386 1391 1396 1841 2336 2341 2346 4836 
m167 26 41 46 1341 1346 2341 
m1435 23 36 40 46 49 1190 1823 1836 1840 1846 1849 2023 2036 2040 2046 2336 2340 2346 2349 2473 2486 2490 4323 4346 4823 4836 
m409 14 22 46 714 722 746 1114 1146 2314 2346 3246 4814 
m1135 22 23 30 1122 1123 1130 1173 1523 1530 3673 
m1881 13 22 36 38 40 45 1113 1136 1138 1140 1145 1813 1840 1913 1936 1940 2013 2263 2286 2288 2290 
m1841 22 23 30 36 41 1123 1130 1136 1523 1823 1830 2072 2073 2080 3673 4323 4586 
m2078 22 23 30 36 40 46 1122 1123 1130 1136 1140 1146 1172 1173 1522 1523 1530 1540 1546 1822 1823 1830 1840 1846 2022 2023 2030 2036 2040 2046 2322 2323 2330 2336 2340 2346 3696 4823 
m582 23 45 46 1196 2273 2296 2323 2346 3696 4823 
m412 36 43 49 1849 2186 2199 
m524 30 36 39 40 46 1830 1980 1986 1990 1996 2030 2036 2046 2330 4836 
m1106 
m40 22 23 36 40 45 1122 1123 1136 1140 1145 1172 1173 1822 1823 1836 1840 1845 2022 2023 2036 2040 2045 2272 2273 3673 
m2339 8 46 49 408 446 449 2349 
m293 22 23 1123 
m2938 41 46 2091 2096 2341 
m1516 23 26 34 36 46 1176 1184 1186 1196 1726 1746 1826 1846 2326 4334 
m254 22 23 30 36 40 41 46 1122 1123 1130 1136 1140 1141 1146 1180 1522 1523 1536 1540 1546 1822 1823 1830 1836 1840 1841 1846 2022 2023 2030 2036 2040 2041 2046 2072 2086 2090 2322 2323 2330 2340 4823 4846 
m2900 22 30 37 40 46 1130 1137 1146 1537 1540 1546 1890 2340 4396 
m415 11 13 22 33 36 40 563 572 583 586 672 686 690 1113 1122 1133 1136 1140 1672 1686 1690 1822 2022 2036 3183 
m1398 22 45 46 1145 1146 2296 
m1666 22 23 30 36 40 46 1122 1123 1130 1136 1140 1146 1172 1173 1180 1186 1190 1522 1523 1530 1536 1540 1546 1823 1840 2023 2036 2040 2322 2323 2330 2336 2340 2346 3696 4823 
m1672 30 40 46 2030 2040 2046 2330 2346 
m1098 22 26 38 46 1146 1322 1346 1922 1926 1946 2346 
m133 37 46 2337 2346 4837 
m1541 5 14 45 46 705 745 2255 2305 2314 2345 2346 4814 
m963 44 46 2246 2344 2346 4846 
m2662 22 23 36 40 46 1122 1123 1136 1146 1172 1822 1823 1836 2022 2023 2036 2040 2046 2322 2323 4323 4346 4836 
m1899 30 36 38 40 46 1830 1930 1936 1940 1946 2030 2036 2046 2330 2336 2340 2346 4836 
m2236 13 26 38 46 1313 1346 1913 1926 1946 2313 
m2781 22 23 30 36 40 41 46 1122 1123 1130 1136 1140 1141 1146 1191 1523 1536 1541 1546 1841 1846 2023 2030 2036 2040 2041 2046 2072 2073 2091 2341 3696 4323 
m2590 36 41 2086 
m821 14 22 26 46 714 722 726 746 1114 1122 1126 1146 1314 1322 1346 2314 2322 2326 2346 3246 
m373 14 32 36 46 732 736 1832 2314 2332 4836 
m355 5 38 45 46 255 1905 1938 1945 1946 2255 2305 2345 2346 
m1794 22 36 37 40 41 46 1122 1136 1137 1140 1141 1146 1822 1837 1840 1846 2022 2036 2037 2040 2041 2046 2072 2086 2087 2090 2096 2322 2336 2340 2341 4396 
m1803 22 26 46 1122 1126 1146 1326 1346 2346 
m381 29 34 36 1484 1486 1729 1734 1736 1829 1834 1836 4236 4334 
m2504 22 23 30 36 40 46 1122 1123 1130 1136 1140 1146 1172 1173 1522 1523 1530 1540 1546 1822 1823 1830 1840 1846 2022 2023 2030 2036 2040 2046 2322 2323 2330 2340 2346 3696 4823 
m401 10 32 46 1610 1632 1646 2310 2346 
m944 22 40 41 46 1122 1140 1141 1146 2041 2046 2341 2346 
m1566 11 13 22 46 563 572 596 696 1111 1113 1122 1146 
m1117 23 27 1173 1177 1373 1377 
m2519 38 45 46 49 1938 1946 1949 2288 2296 2299 2349 
m2761 22 23 26 30 36 40 41 1122 1123 1126 1136 1140 1141 1172 1173 1180 1186 1191 1323 1336 1340 1523 1536 1541 1822 1823 1826 1836 1840 1841 2022 2023 2026 2036 2040 2041 2072 2073 2076 2086 2090 3673 4586 
m1711 28 36 38 46 1828 1836 1928 1936 1938 1946 2328 2336 
m1763 5 36 46 49 255 286 296 299 1849 2346 2349 2486 2499 4836 
m2911 22 40 46 1122 1140 1146 2340 2346 
m2939 14 22 23 30 46 722 1172 1514 1522 1523 1546 2314 2322 2323 2330 2346 3664 4814 4823 
m967 46 
m962 22 23 41 46 1123 1141 1146 1173 1191 1196 2073 2323 2341 3673 4823 
m2814 36 41 1841 2086 2091 4586 
m1459 14 37 714 737 1887 3237 
m2318 13 38 1913 1938 
m2582 22 26 44 45 46 1144 1145 1146 1322 1345 1346 2294 2296 2344 2346 
m2988 33 44 49 1694 1699 2494 
m781 36 38 46 1838 1846 2338 2346 4836 
m750 30 46 1546 2330 4846 
m2175 23 36 40 46 49 1836 1840 1846 1849 2023 2036 2046 2049 2323 2336 2473 2486 2490 2496 3686 4323 4336 4836 
m413 23 31 46 49 1196 1573 1596 2346 2473 2481 2496 2499 
m2707 22 26 33 1122 1126 1133 1676 
m959 22 23 1123 1173 3673 
m2969 22 23 36 40 46 49 1172 1822 1836 1840 1846 2022 2023 2036 2040 2046 2049 2322 2323 2336 2340 2346 2349 2473 2486 2490 2496 3696 4323 4346 4823 4836 
m2061 22 23 30 41 1123 1130 1141 1522 1523 2073 2080 3673 
m104 14 32 46 732 2332 4814 
m1388 23 26 30 38 40 46 1180 1323 1330 1338 1346 1923 1930 1938 1946 2023 2026 2030 2038 2046 2330 4823 
m2610 22 23 30 36 40 41 46 1122 1123 1130 1136 1140 1141 1146 1180 1522 1523 1536 1540 1546 1822 1823 1830 1836 1840 1841 1846 2022 2023 2030 2036 2040 2041 2046 2072 2086 2090 2322 2323 2330 2340 4823 4846 
m2638 22 27 46 1122 1127 1146 1377 2327 2346 
m2865 22 23 30 46 1122 1123 1130 1146 1523 1546 2323 3673 4823 
m1934 5 13 33 263 283 3183 
m1297 22 23 30 38 41 1141 1172 1191 1522 1523 1538 1541 1922 1923 1930 1938 1941 
m477 22 23 36 41 1123 1136 1141 1173 1186 1191 3673 3686 4341 
m955 13 38 1913 1938 
m1010 23 35 46 1773 2335 2346 4823 
m281 17 23 26 30 46 880 896 1180 1317 1323 1330 1346 1517 1523 1530 1546 2330 3373 4823 
m2567 37 38 46 1937 1946 2337 
m2378 32 40 45 46 1646 2032 2045 2046 2282 2296 
m808 36 45 1845 
m359 11 13 46 563 2311 2313 
m2186 5 41 2055 
m110 14 22 25 46 725 1114 1125 1146 2325 3246 
m1777 26 30 36 44 46 1330 1336 1344 1346 1830 2230 2330 2336 2344 2346 4736 
m366 12 22 36 38 40 46 612 636 1112 1122 1136 1138 1140 1146 1812 1836 1840 1846 1912 1922 1936 1938 1940 1946 2012 2022 2036 2038 2046 2312 2336 2346 3146 4812 4836 
m2428 22 23 30 36 40 41 1123 1136 1140 1141 1173 1180 1823 1830 1836 1840 1841 2023 2036 2040 2041 2073 2080 3673 4586 
m2469 22 23 36 40 41 1122 1140 1141 1173 1186 1190 1823 1836 2022 2023 2036 2040 2041 2073 2086 2090 2091 3686 4323 
m41 22 23 36 40 45 1122 1123 1136 1140 1145 1173 1822 1823 1836 1840 1845 2022 2023 2036 2040 2045 2273 3673 
m483 13 38 46 1913 1946 2313 
m738 5 23 24 40 46 273 274 290 1190 1240 1246 2023 2024 2040 2046 2340 3696 3723 
m1879 22 23 30 1122 1123 1130 1173 1180 1522 1523 1530 
m232 12 23 36 40 41 46 49 1162 1190 1196 1199 1812 1840 1846 1849 2012 2023 2036 2040 2041 2046 2062 2073 2086 2096 2099 2312 2323 2336 2341 2346 2462 2486 2490 2496 3146 3686 4312 4336 
m606 22 37 46 1872 1896 2322 2346 4837 
m2920 22 46 2322 2346 
m203 22 40 45 46 49 1145 2046 2272 2295 2322 2345 2346 2490 2496 
m1729 46 49 2346 2349 2496 
m1071 46 2346 
m2696 14 36 46 49 736 746 749 1849 2336 2346 2349 4814 4836 
m2432 22 36 40 46 48 1136 1140 1146 1822 1836 1840 1846 2022 2036 2040 2046 2048 2322 2336 2340 2346 2348 2422 2436 2440 2446 4346 4836 
m2660 36 40 46 1840 1846 2036 2040 2046 2346 4346 
m530 22 23 30 41 1122 1123 1130 1141 1173 1191 1522 1523 1541 2073 3673 
m916 5 13 22 26 33 36 40 263 272 283 286 672 686 690 1113 1122 1133 1136 1140 1305 1313 1322 1333 1336 1340 1655 1663 1672 1683 1686 1690 1822 2022 2036 3183 
m2663 12 23 30 46 1162 1196 1512 1523 1530 1546 2346 3696 4812 
m2497 5 13 22 255 263 272 1105 1113 1122 
m2709 27 40 46 1396 2027 2040 2046 2340 2346 
m2114 14 22 36 41 46 714 722 736 741 1822 1836 1841 2072 2314 2322 2336 2341 3236 4314 4586 4814 
m1301 14 37 38 46 737 738 746 1888 1896 2338 
m1756 36 40 46 49 1840 1846 1849 2036 2040 2046 2049 2340 2346 2486 2490 2496 4336 4346 4846 
m103 22 32 46 1122 1132 1146 2332 2346 
m89 14 38 40 46 49 1940 1946 1949 2014 2046 2049 2346 2464 2496 4814 
m1810 22 23 36 40 41 1172 1186 1190 1191 1822 1823 1836 1840 1841 2022 2023 2036 2041 2072 2073 2086 2090 2091 3673 3686 4323 4586 
m1103 23 31 46 48 49 1196 1573 1596 2346 2423 2431 2446 2449 2473 2481 2496 
m1735 22 23 36 40 41 1122 1123 1136 1140 1141 1173 1823 1836 1840 1841 2023 2036 2040 2041 2072 2073 2086 2090 2091 3686 4323 
m598 30 36 37 40 46 1536 1537 1540 1546 1837 1840 1846 1890 2037 2046 2340 4396 
m1781 37 40 46 1890 2037 2046 2340 4396 
m2266 14 23 32 36 49 723 732 736 749 1182 1199 1636 1649 1849 3686 
m318 22 23 36 40 41 1122 1123 1136 1140 1141 1172 1173 1822 1823 1836 1840 1841 2022 2023 2036 2040 2041 2072 2073 3673 4586 
m2807 6 14 36 49 706 714 736 749 1806 2456 2486 
m2593 23 30 36 40 41 1173 1180 1186 1190 1523 1530 1536 1540 1823 1830 1836 1840 2023 2030 2036 2040 2073 2080 2086 2090 3673 4323 
m2484 5 13 33 655 663 683 1655 1663 1683 4163 
m2728 26 31 36 37 46 1576 1587 1596 1826 1831 1837 1846 1876 1896 2326 
m2548 32 36 41 46 1641 1646 2332 2336 2341 2346 4136 4586 
m1901 23 1173 3673 
m609 14 22 40 45 46 722 2014 2045 2046 2264 2272 2296 2314 2322 2340 2345 2346 4814 
m2857 21 38 46 1921 1946 2321 2346 4846 
m2055 36 38 49 1849 1936 1938 1949 
m1680 36 38 46 49 1849 1936 1946 1949 2336 2338 2346 2349 2486 2496 
m2799 22 23 36 40 41 1122 1123 1136 1140 1141 1172 1173 1822 1823 1836 1840 1841 2022 2023 2036 2040 2041 2072 2073 2086 2090 3673 4586 
m156 22 23 1122 1123 1172 1173 3673 
m130 32 39 46 1632 1639 1646 1989 2339 2346 4496 4839 
m2564 5 23 24 38 40 46 273 274 290 1190 1240 1246 1905 1923 1924 1938 1946 2023 2024 2040 2046 2340 3696 3723 
m2070 38 41 46 1938 1941 1946 2341 
m1456 27 38 46 1927 1946 2327 
m2126 46 
m55 32 46 2332 
m1784 22 30 36 40 41 49 1136 1140 1536 1541 1549 1830 1836 1840 1841 1849 2030 2036 2040 2041 2049 2072 2086 2090 2091 2099 2472 2486 
m2165 36 40 41 46 1836 1841 1846 2036 2040 2041 2046 2336 2341 2346 4341 4346 4836 4846 
m146 22 23 26 1123 1126 1173 1176 1323 3673 
m2284 22 37 40 46 1137 1146 2022 2037 2040 2046 2322 2337 2346 4837 
m1591 22 40 46 1146 2046 2322 2340 2346 
m2971 14 23 30 38 46 723 730 746 1180 1523 1530 1546 1923 1930 1946 2323 2330 2338 2346 4823 
m912 23 36 40 41 1173 1823 1836 1840 2023 2036 2040 2073 2086 2090 3686 4323 
m190 30 36 40 46 1830 1836 1840 1846 2030 2036 2040 2046 2330 2336 2340 2346 4336 4346 4836 
m1665 22 40 41 46 1140 1141 2022 2040 2041 2046 2072 2090 2091 2096 2341 
m283 14 22 36 45 46 714 746 1114 1122 1136 1145 1146 1846 2264 2286 2296 3236 3246 4314 
m831 13 22 36 38 40 1113 1122 1136 1138 1140 1813 1840 1913 1936 1940 2013 
m2907 22 23 27 36 40 1122 1123 1127 1136 1140 1190 1372 1373 1386 1390 1823 1840 2023 2040 
m2298 14 23 30 46 730 1180 2314 2323 2330 2346 3223 4814 4823 
m2400 23 24 40 46 1190 1240 1246 2023 2024 2040 2046 2340 3696 3723 
m855 22 23 36 37 40 1122 1123 1136 1137 1140 1172 1173 1822 1823 1836 1837 1840 1872 1873 1886 1890 2022 2023 2036 2037 2040 3673 
m2621 23 30 36 41 1173 1180 1186 1191 1523 1530 1536 1541 1823 1830 1836 1841 2073 2080 2086 2091 3673 4323 4586 
m737 
m679 38 46 1938 1946 
m2337 37 41 46 1891 2087 2091 2096 2341 4396 
m1986 22 23 30 36 40 46 1122 1123 1130 1136 1140 1146 1172 1180 1186 1190 1196 1522 1523 1530 1536 1540 1546 1830 2022 2023 2030 2036 2046 2330 4836 
m2283 23 30 37 39 1180 1523 1530 1537 1539 1880 1980 1987 4373 4473 
m2483 22 36 40 41 46 1136 1140 1141 1146 1822 1836 1841 2022 2036 2041 2046 2072 2086 2090 2091 2096 2322 2336 2340 2341 2346 4346 4586 4836 
m2849 26 36 46 49 1336 1346 2476 2486 2496 4836 4846 
m2732 36 40 46 1840 1846 2036 2040 2046 2346 4346 
m1933 12 22 23 36 40 46 49 636 646 649 1186 1196 1199 1822 1836 1840 1846 2022 2036 2322 2336 2346 2349 2486 2496 3123 3146 3686 4336 4823 
m940 16 23 30 38 45 46 830 1180 1516 1523 1530 1546 1916 1930 1945 1946 2266 2273 2280 2296 2316 2323 2330 2345 2346 3323 4823 
m1858 6 23 36 46 1156 1186 2306 2323 2336 4306 
m814 30 36 40 41 1536 1540 1541 1836 1840 1841 2036 2041 2091 4586 
m2066 14 26 36 40 46 1314 1336 1340 1346 1814 1846 2014 2036 2040 2046 2346 4346 4814 
m1831 22 23 30 36 41 1123 1130 1141 1191 1523 1541 1822 1823 1830 1841 
m2366 22 23 49 1122 1123 1173 1199 2473 3673 
m2204 22 37 40 46 1137 1146 2022 2037 2040 2046 2322 2337 2346 4837 
m261 30 36 40 46 1830 2030 2036 2046 2330 2336 2340 2346 4836 
m519 14 40 46 740 2014 2040 2046 2340 2346 3246 4814 
m952 30 36 40 46 1830 2030 2036 2330 2336 2340 2346 4836 
m2082 13 23 36 46 49 1813 1823 1846 1849 2313 2346 2463 2473 2496 3663 4813 4823 
m1324 5 38 46 1905 1946 2305 
m164 5 45 2255 
m828 22 23 36 40 41 1122 1123 1136 1140 1141 1172 1173 1822 1823 1836 1840 2022 2023 2036 2040 2072 2073 2086 2090 3673 4586 
m1817 36 37 40 41 46 1841 1846 1886 2036 2037 2046 2086 2087 2090 2096 2336 2337 2340 2341 2346 4346 4396 4836 
m563 22 23 1123 1173 3673 
m502 22 45 46 1145 2322 2345 2346 
m995 37 39 40 46 1890 1987 1990 2340 4396 4496 
m2273 12 26 46 612 1312 1346 2312 2346 4812 
m2980 22 23 36 40 41 46 1123 1136 1140 1141 1146 1190 1836 1840 2022 2023 2036 2040 2041 2046 2073 2086 2090 2096 2322 2323 2336 2340 2341 2346 3673 3686 4323 4823 
m2322 40 45 46 2045 2046 2290 2295 2296 2340 2345 2346 
m631 26 36 37 46 49 1826 1837 1846 1849 1876 1899 2326 2476 2496 4396 
m122 14 23 30 40 47 730 1180 1514 1523 1530 1547 2014 2023 2030 2047 2364 2373 2380 3223 
m2290 14 22 36 41 46 714 722 736 741 1822 1836 1841 2072 2314 2322 2336 2341 3236 4314 4586 4814 
m139 
m2050 22 23 30 36 40 41 46 1122 1123 1130 1136 1140 1141 1146 1191 1523 1536 1541 1546 1841 1846 2023 2030 2036 2040 2041 2046 2072 2341 3696 4323 
m2555 12 26 40 46 626 2012 2026 2046 2312 2326 2340 2346 4812 
m2753 37 1887 
m1605 23 30 36 40 41 1523 1536 1540 1830 1836 1840 2023 2036 2073 2080 2086 2090 3686 4323 4586 
m1414 22 38 45 46 49 1138 1145 1146 1922 1938 1945 1946 1949 2296 2299 2349 
m297 13 22 32 36 38 40 672 686 690 1113 1136 1140 1613 1622 1636 1640 1822 1913 1922 1932 1936 1940 2022 2036 2040 3186 4336 
m2536 14 36 40 46 2014 2036 2040 2046 2336 4314 4814 
m2046 22 23 30 46 1123 1130 1146 1180 1523 1530 1546 2330 4823 
m242 14 32 46 714 732 746 1614 1646 4814 
m958 36 40 49 1836 1840 1849 2036 2040 2049 2486 2490 2499 
m300 22 23 36 40 41 1122 1123 1136 1140 1141 1172 1173 1822 1823 1836 1840 1841 2022 2023 2036 2040 2041 2072 2073 3673 4586 
m1039 28 36 1828 1836 
m2867 22 23 36 38 40 41 1122 1123 1136 1140 1172 1822 1823 1836 1840 1922 1923 1936 1941 2023 2036 2072 2073 2086 2088 2090 2091 3673 4323 4586 
m845 22 23 30 1122 1123 1130 1172 1173 1180 1522 1523 1530 3673 
m601 22 37 46 1122 1137 1146 2322 2337 2346 4837 
m437 5 13 33 36 46 263 283 1805 1813 1833 2305 2313 2333 4163 4836 
m1889 23 40 46 1190 2023 2040 2046 2340 2346 3696 4823 
m2180 30 36 46 49 1549 1830 1846 1849 2330 2336 2346 2349 
m1142 29 
m2051 32 36 40 41 46 1640 1641 1646 1846 2032 2036 2040 2041 2046 2096 2332 2336 2340 2341 2346 4136 4586 
m2229 17 46 49 896 899 2317 2346 2349 
m526 22 23 30 36 40 41 46 1122 1123 1130 1136 1140 1141 1146 1180 1522 1523 1536 1540 1546 1822 1823 1830 1836 1840 1846 2022 2023 2030 2036 2040 2046 2072 2086 2090 2322 2323 2330 2340 4823 4846 
m2916 26 36 37 40 46 1346 1837 2036 2037 2040 2336 2337 
m638 26 37 38 46 1876 1926 1937 1946 2326 4396 
m2463 6 14 32 36 314 332 732 1806 1814 1832 
m2287 40 46 49 2340 2346 2490 2496 
m729 22 36 40 41 45 1122 1136 1140 1141 1145 1822 1836 1840 1845 2022 2036 2040 2045 2072 
m136 13 33 40 690 1690 4163 
m2885 3 32 37 182 187 1882 
m2713 
m717 5 46 2305 2346 4846 
m1594 23 30 36 40 41 49 1186 1190 1199 1523 1530 1536 1540 1549 1823 1836 1840 1849 2073 2080 2086 2090 2099 2490 3686 4336 
m2712 13 22 32 36 40 672 686 690 1113 1136 1140 1613 1622 1636 1640 1822 2022 2036 2040 3186 4336 
m1418 22 37 46 49 1122 1137 1146 1899 2346 2349 2496 4396 4837 
m1463 37 46 49 2346 2487 2496 4837 
m1525 30 46 49 2330 2480 2496 
m1184 22 23 36 40 46 49 1172 1822 1823 1836 1840 1849 2022 2023 2036 2040 2046 2049 2322 2323 2336 2349 2473 2486 3686 4336 4346 4836 
m1983 33 36 38 46 49 1833 1846 1938 1946 2333 2336 2346 2349 2483 2486 2496 4833 
m278 13 38 688 1913 1938 
m2678 22 46 1146 2346 
m151 30 38 46 1930 1938 1946 2330 2346 
m1736 17 22 44 46 49 899 1144 1146 2217 2246 2317 2344 2346 2349 3396 4817 4846 
m1713 10 13 22 660 663 672 1110 1113 1122 
m1952 36 38 1836 1936 1938 
m2580 16 36 3336 
m2223 14 38 40 738 1914 1938 1940 2014 2038 2040 
m1614 3 22 23 36 40 41 46 172 186 190 196 1122 1136 1140 1146 1191 1822 1823 1836 1840 1841 1846 2022 2023 2036 2040 2041 2046 2323 2336 2341 2346 3686 4336 4341 4346 4823 
m15 22 46 1122 1146 2322 2346 
m376 30 38 40 45 46 1930 2030 2038 2045 2046 2280 2288 2296 2330 2338 
m1102 13 22 33 36 40 47 672 686 690 697 1113 1122 1133 1136 1140 1147 1672 1686 1690 1697 1847 2036 2047 3183 
m344 14 28 36 728 736 1828 1836 
m2320 13 38 1913 1938 
m1464 30 44 45 2230 2245 2280 
m7 32 36 38 41 46 1638 1646 1838 1846 2082 2096 2332 2336 2338 2341 2346 4332 4586 
m464 14 36 40 46 740 1814 1840 2014 2036 2040 2046 2336 2340 2346 3246 4346 4814 
m367 38 41 44 46 1941 1944 1946 2094 2096 2344 
m2978 
m1483 22 23 36 40 46 49 1123 1136 1140 1146 1199 1822 1823 1836 1840 1849 2022 2023 2036 2040 2046 2049 2323 2336 2340 2349 3686 4336 4346 4836 
m1922 22 30 36 40 41 46 1122 1130 1136 1140 1141 1146 1830 2022 2030 2036 2040 2046 2090 2096 2330 2336 2340 4836 4846 
m2739 22 26 38 46 1146 1322 1346 1922 1926 1946 2346 
m1215 5 14 26 33 45 264 276 283 726 1676 2255 2264 2276 2283 3233 
m1113 23 31 46 49 1196 1573 1596 2346 2473 2481 2496 2499 
m1796 14 32 42 46 732 2114 2132 2314 2332 2342 
m1247 22 36 37 40 46 1122 1136 1137 1146 1837 1872 2036 2037 2046 2322 2336 2337 2340 2346 4346 4396 
m1762 23 45 1173 2273 3673 
m454 22 23 24 40 46 1123 1124 1140 1190 1240 1246 2023 2024 2040 2046 2340 3696 3723 
m571 22 37 38 46 49 1137 1146 1149 1899 1922 1937 1938 1946 1949 2322 2337 2338 2346 2349 4396 
m34 26 38 41 1326 1338 1341 1926 1941 2076 2088 4591 
m2641 22 23 36 40 1122 1123 1136 1140 1190 1822 1823 1836 1840 2022 2023 2036 2040 
m288 14 22 36 40 41 46 714 722 736 741 1822 1836 1841 2014 2036 2046 2072 2314 2322 2336 2341 3236 4314 4586 4814 
m1011 14 32 36 41 46 736 741 1614 1641 2314 2332 2336 2341 4136 4586 
m733 6 14 32 36 49 706 714 732 736 749 1606 1636 1806 2456 2482 2486 
m165 22 23 36 1123 1136 1172 1173 1186 1822 1823 3673 
m1811 23 30 36 40 1180 1523 1530 1536 1540 1830 2023 2030 2036 2040 4323 
m1309 14 36 40 46 1846 2014 2036 2040 2046 4314 4814 
m700 22 36 37 40 46 1122 1136 1137 1140 1146 1822 1837 1840 1846 2022 2037 2040 2046 2322 2337 2346 4837 
m427 14 23 30 46 714 723 730 746 1180 2314 2323 2330 2346 3223 4814 4823 
m268 36 38 1838 1936 1938 
m386 23 30 36 40 41 49 1190 1523 1530 1540 1541 1823 1830 1836 1840 1841 1849 2073 2080 2090 2473 2480 2486 2490 2491 2499 
m1740 22 23 36 40 41 1122 1123 1136 1140 1141 1173 1186 1190 1823 1836 2022 2023 2036 2040 2041 2072 2073 2086 2090 2091 3686 4323 
m1132 46 2346 
m2415 38 46 1938 1946 
m1436 5 36 45 46 49 286 296 299 1836 1846 1849 2255 2286 2296 2299 2336 2349 
m1293 5 7 13 22 257 263 272 363 372 1107 1113 1122 
m1467 22 23 36 45 1172 1822 2272 2273 2286 4323 
m478 36 40 46 49 1849 2036 2040 2046 2049 2336 2346 2349 4336 4836 
m5 22 23 30 46 1122 1123 1130 1146 1180 1523 1530 1546 2330 4823 
m2763 30 36 46 1536 1546 2330 2336 2346 4836 
m2669 22 23 24 40 46 1122 1123 1146 1172 1222 1246 2022 2023 2024 2040 2046 2322 3696 3723 
m1497 22 36 40 41 1122 1136 1140 1141 1836 1840 1841 2036 2040 2086 2090 2091 4586 
m1230 13 36 38 40 1813 1913 1936 1940 2013 2036 
m467 8 32 37 46 49 408 446 449 1608 1646 1649 1858 1882 1896 2308 2332 2346 2349 
m1349 22 23 30 38 46 1123 1130 1146 1180 1523 1530 1546 1922 1923 1930 1938 1946 2330 4823 
m2824 22 23 36 40 41 1122 1123 1136 1140 1141 1172 1173 1822 1823 1836 1840 2022 2023 2036 2040 2041 2073 2086 2090 3673 4586 
m629 14 714 
m348 45 46 2296 2346 
m16 32 
m1937 6 36 43 336 1806 1836 1843 2186 2843 
m1338 30 45 46 2280 2296 2330 2345 2346 4846 
m1154 14 23 36 38 46 49 1164 1814 1823 1838 1846 1849 1914 1923 1946 1949 2323 2464 2473 2496 4814 
m1149 22 23 30 46 49 1122 1123 1130 1146 1180 1523 1530 1546 2330 2346 2472 2473 2480 2496 4823 
m1973 22 23 36 40 46 49 1123 1136 1140 1146 1149 1190 1822 1840 2023 2036 2040 2046 2049 2322 2336 2340 2346 2472 2473 2486 2496 3696 4323 4346 4823 
m79 22 36 41 1122 1136 1141 1822 2072 2086 2091 4586 
m1013 14 22 32 46 722 732 746 1132 1146 2332 4846 
m2727 13 38 1913 1938 
m2286 22 23 36 41 1123 1136 1141 1172 1173 1822 1823 2072 2073 3673 4586 
m1387 22 27 46 1146 1372 1377 1396 
m1007 22 36 40 46 1122 1136 1140 1146 1840 1846 2022 2036 2040 2046 2322 2340 2346 4836 
m2338 22 36 40 46 49 1136 1140 1146 1840 1846 2022 2036 2040 2046 2049 2336 2340 2346 2349 2486 4836 
m1714 22 30 36 40 41 46 1122 1140 1141 1146 1522 1536 1540 1822 1840 1841 1846 2022 2036 2040 2041 2046 2072 2096 2322 
m2715 22 30 36 40 41 1136 1141 1536 1540 1541 1822 1836 1840 1841 2022 2036 2040 2041 2086 4336 4586 
m274 12 26 46 1312 1326 1346 2312 2346 4812 
m2502 14 46 2314 2346 4814 
m2183 36 40 1836 1840 2036 2040 
m2973 23 30 40 1180 1523 1530 2023 2030 
m549 22 37 38 46 49 1137 1146 1149 1899 1922 1937 1938 1946 1949 2349 4396 
m1687 12 32 36 46 1612 1812 2312 2332 2336 2346 4136 4812 4836 
m302 22 36 40 41 1136 1140 1141 1836 1840 1841 2036 2041 2091 4586 
m1014 29 46 2329 2346 
m294 22 37 46 49 1137 1146 2322 2337 2346 2472 2496 4396 4837 
m196 13 22 36 38 40 672 686 690 1113 1122 1136 1140 1822 1913 1922 1936 2022 2036 
m2067 22 35 46 1135 1146 1796 
m1087 23 30 38 46 1180 1923 1930 1946 2330 4823 
m1075 33 34 38 40 46 1690 1696 1733 1734 1738 1746 1933 1938 1940 1946 2333 2338 2340 2346 
m1470 14 36 40 46 1814 1846 2014 2036 2040 2046 2314 2346 4346 4814 4846 
m1517 14 39 40 46 740 1990 1996 2014 2039 2040 2046 2340 4464 4814 
m646 32 36 46 49 1636 1649 1832 1836 1846 1849 2332 2336 2346 2349 2482 2486 2496 2499 4332 4336 
m604 37 46 1896 2346 4837 
m1542 22 24 1124 
m1882 22 23 30 1122 1123 1130 1173 1522 1523 3673 
m2113 22 46 49 1122 1146 1149 2346 2349 
m2846 22 23 36 40 41 1122 1123 1136 1140 1141 1172 1173 1822 1823 1836 1840 1841 2022 2023 2036 2040 2041 2072 2073 2086 2090 3673 4586 
m2403 5 23 30 38 40 273 280 290 1190 1523 1530 1540 1905 1923 1930 1940 2023 2030 2040 
m312 14 41 46 2091 2096 2314 2346 4814 4846 
m915 32 46 1646 2332 2346 
m643 21 23 27 38 46 1073 1077 1096 1177 1921 1923 1946 2323 2327 
m1366 5 13 26 33 41 46 655 696 1305 1313 1326 1346 1655 1676 1696 2055 2063 2076 2083 2096 2305 4163 
m782 22 23 30 36 40 45 46 1123 1130 1136 1140 1146 1180 1523 1530 1536 1546 1830 2023 2030 2036 2046 2272 2273 2280 2286 2290 2296 2330 2336 4323 4823 
m2062 22 23 41 1122 1123 1141 1173 2072 2073 3673 
m2518 13 22 46 1113 1122 2322 4813 
m1166 23 46 2346 4823 
m1900 37 45 46 2287 2296 2337 2346 4837 
m2075 14 40 46 2014 2040 2046 2314 2346 4814 
m695 23 30 36 40 46 1186 1190 1523 1530 1536 1540 1546 1823 1830 1836 1846 2023 2030 2036 2046 2330 2336 2340 2346 3696 4823 
m2836 22 36 40 41 1136 1141 1836 1840 1841 2036 2041 2072 2086 2090 2091 4586 
m68 12 23 36 41 46 636 1823 2062 2073 2096 2336 3123 4586 4812 4823 
m29 23 46 2323 2346 4823 
m2324 22 23 36 40 41 1172 1822 1841 2023 2036 2041 2072 2073 4323 4336 4586 
m2001 36 40 46 49 1836 1846 2036 2040 2046 2049 2336 2346 2349 2486 2496 4336 4836 
m510 30 46 2330 2346 
m1152 13 22 36 40 1113 1122 1136 1140 1813 1840 2013 
m1558 17 41 46 2067 2096 2341 4817 
m2207 22 23 46 1123 1146 1196 2322 2323 4846 
m1386 26 32 36 46 1332 1336 1346 1832 2332 2336 2346 4836 
m1821 5 11 32 36 37 46 286 287 296 555 586 587 596 1605 1611 1636 1637 1646 1855 1861 1886 1887 1896 2305 2311 2332 2336 2337 2346 4337 4837 
m2561 14 36 46 49 736 746 749 1849 2336 2346 2349 4814 4836 
m2102 22 30 36 38 40 41 45 46 1130 1136 1138 1140 1141 1145 1146 1522 1536 1540 1541 1822 1836 1840 1922 1945 1946 2022 2036 2040 2086 2090 2272 2296 2322 2330 2336 2341 
m1664 46 
m2934 22 23 30 36 37 40 41 46 49 1123 1130 1137 1146 1190 1191 1523 1537 1540 1541 1546 1822 1823 1830 1836 1837 1840 1846 1873 1890 1891 1896 2022 2030 2036 2037 2040 2041 2046 2086 2091 2099 2340 2341 2346 2486 2490 2496 2499 4396 4823 
m953 5 37 46 1855 2305 4837 
m2499 22 36 40 41 1136 1141 1836 1840 2036 2086 2090 4586 
m1944 22 23 30 46 1122 1123 1130 1146 1180 1523 1530 1546 2330 2346 4823 
m1650 14 36 714 3236 
m2766 23 36 41 1186 2073 3673 4323 4586 
m1580 23 26 30 38 46 1180 1323 1330 1338 1346 1923 1930 1946 2330 2346 4823 
m514 38 41 46 49 1938 1946 1949 2088 2096 2099 2341 2346 2349 
m2466 
m1363 26 37 46 1337 1346 2337 2346 4837 
m770 5 32 1605 
m688 12 22 23 36 40 46 49 636 649 1186 1199 1822 1836 1840 2022 2036 2336 2349 2486 3123 3146 3686 4336 4823 
m216 32 1632 
m2851 22 23 46 1122 1123 1146 2346 3696 4823 
m2245 11 13 33 661 1661 4163 
m1475 6 14 32 36 49 706 714 732 736 749 1606 1636 1806 2456 2482 2486 
m2101 23 30 38 46 1188 1523 1530 1538 1546 1923 1930 1938 1946 2330 2338 2346 3696 4823 
m1585 22 23 30 36 40 46 1122 1123 1130 1136 1140 1146 1172 1173 1522 1523 1530 1540 1546 1822 1823 1830 1840 1846 2022 2023 2030 2036 2040 2046 2322 2323 2330 2340 2346 3696 4823 
m2902 6 14 32 36 314 332 732 1806 1814 1832 
m2893 36 46 2336 
m163 23 30 32 46 1182 1523 1532 1546 2323 2332 2346 4823 
m2394 22 33 44 49 1133 1144 1694 1699 2494 
m1863 22 23 30 36 41 1123 1130 1523 1822 1823 1830 2072 2073 2080 3673 4323 4586 
m767 12 13 22 27 36 40 622 636 640 672 686 690 1112 1113 1122 1136 1140 1362 1363 1372 1386 1822 2022 2036 3162 
m48 22 37 40 46 1122 1137 1146 2022 2037 2040 2046 2322 2337 2346 4837 
m1052 22 23 30 36 40 41 46 49 1122 1123 1130 1136 1140 1141 1146 1149 1172 1173 1190 1191 1522 1523 1530 1536 1540 1541 1546 1822 1823 1830 1836 1840 1841 1846 1849 2022 2023 2030 2036 2040 2041 2046 2049 2322 2323 2330 2336 2340 2341 2346 2472 2473 2480 2486 2490 2496 3696 4823 
m951 40 46 2040 2046 2346 
m2845 30 37 46 1530 1537 1546 1880 2330 2337 2346 
m463 46 2346 
m2588 13 22 38 672 1113 1138 1913 1922 
m683 22 36 40 41 1122 1136 1140 1141 1822 1836 1840 1841 2022 2036 2040 2041 2086 2090 
m2643 46 
m878 17 40 46 890 2340 2346 3396 4817 
m1165 22 46 1122 1146 2322 2346 
m1458 22 23 36 40 41 1123 1136 1140 1141 1173 1186 1190 1823 1836 2023 2036 2040 2072 2073 2086 2090 2091 3686 4323 
m567 5 23 32 36 46 273 282 286 1623 2305 2323 2332 2336 2346 4323 4332 4823 4836 
m2581 22 30 36 1136 1536 
m2156 22 37 45 46 49 1122 1137 1145 1146 1895 2322 2345 2346 2472 2487 2495 2496 4396 4837 
m1573 27 32 38 46 1382 1388 1396 1638 1646 1946 
m692 13 46 2313 
m132 
m1180 5 13 38 46 263 296 1905 1913 1938 1946 2305 2313 2346 4813 
m248 36 46 2336 
m2656 13 17 46 2313 2317 3363 
m1984 22 23 30 36 40 1123 1130 1173 1186 1190 1523 1530 1536 1823 2023 2036 3673 3686 
m2246 14 38 46 49 746 749 1914 1938 1946 1949 2346 2349 
m2123 14 36 40 46 1814 1846 2014 2036 2040 2046 2346 4346 4814 
m2613 36 46 49 1849 2336 2346 2349 4836 
m871 22 23 30 41 1122 1123 1130 1172 1173 1180 1522 1523 1530 2072 2073 2080 3673 
m2834 22 36 41 1136 1141 1841 2072 2086 2091 4586 
m819 22 23 30 36 40 46 1122 1123 1130 1136 1140 1146 1172 1173 1522 1523 1530 1540 1546 1822 1823 1830 1840 1846 2022 2023 2030 2036 2040 2046 2322 2323 2330 2340 2346 3696 4823 
m2349 30 36 40 45 46 49 1545 1549 1830 1845 1849 2030 2036 2045 2046 2330 2336 2345 2349 2495 
m1838 12 13 46 662 696 2312 2346 3196 4812 
m2754 32 36 38 39 46 1832 1839 1936 1939 1946 1982 2332 2336 2339 
m1822 46 2346 
m2441 14 46 2314 2346 4814 
m573 22 30 37 41 46 1130 1137 1141 1146 1537 1541 1546 2087 2096 2322 2330 2337 2341 2346 4837 
m330 22 23 30 36 40 46 49 1122 1123 1130 1136 1140 1146 1149 1172 1173 1180 1186 1190 1199 1522 1523 1530 1536 1540 1546 1549 1822 1823 1830 1836 1840 1846 1849 2022 2023 2030 2036 2040 2046 2322 2330 2336 2340 2346 2349 2472 2473 2480 2486 2496 3696 4823 
m1708 36 38 1936 1938 
m170 37 40 46 1890 2037 2040 2046 2337 2340 2346 4396 
m438 12 13 22 36 40 622 636 640 672 686 690 1112 1113 1122 1136 1140 1822 2022 2036 3162 
m362 8 408 
m2053 22 36 38 40 1122 1136 1138 1140 1836 1838 1840 1936 1938 2036 2038 
m1769 5 36 46 49 286 296 299 1849 2336 2346 2349 2486 2499 4836 4846 
m2856 5 22 36 38 46 49 286 296 299 1136 1138 1146 1149 1836 1846 1849 1905 1936 1946 2346 2349 2455 2486 2488 2496 4836 
m92 36 40 46 49 1840 1846 1849 2036 2040 2046 2049 2336 2340 2346 2486 2496 4336 4346 4846 
m1966 20 22 23 30 38 1022 1023 1030 1038 1122 1123 1130 1172 1173 1180 1188 1520 1523 1538 1922 1923 1930 3673 
m2597 36 38 46 1936 1946 2336 
m621 14 22 30 38 46 730 1114 1130 1138 1146 1914 1946 2330 3246 
m2470 22 23 36 40 41 1123 1136 1140 1173 1822 1823 1836 1840 2022 2023 2036 2040 2072 2073 2086 2090 3673 4323 4586 
m1693 12 13 20 22 32 36 40 49 632 682 699 1012 1013 1022 1032 1036 1040 1112 1113 1122 1132 1136 1140 1812 1813 1832 1836 1840 1849 2012 2013 2032 2036 2049 2462 2482 2486 3136 3162 3186 
m1799 30 36 38 46 1536 1546 1838 1930 1936 1946 2338 4346 
m617 22 32 33 36 40 1122 1132 1133 1136 1140 1633 1672 1822 1832 1833 1836 1840 2032 2033 2036 4136 4186 
m2384 14 37 3237 
m2571 40 45 46 2045 2046 2296 
m1576 37 38 41 46 1937 1938 1941 1946 2087 2096 4837 
m1549 22 40 46 1146 2340 
m1675 23 30 36 41 1186 1191 1523 1536 1541 3673 3686 4586 
m992 22 23 1122 1123 
m2607 22 30 36 40 41 46 49 1122 1130 1136 1140 1141 1146 1149 1522 1536 1546 1822 1830 1836 1840 1846 1849 2022 2030 2036 2040 2046 2049 2072 2090 2322 2472 2480 2486 2490 2496 4346 4846 
m149 23 36 40 46 49 1190 1836 1840 1846 2023 2036 2040 2046 2049 2323 2336 2340 2346 2349 2473 2486 2490 2496 3696 4323 4346 4823 4836 
m2203 14 46 2314 2346 4814 
m311 22 36 41 1122 1136 1141 1822 2072 4586 
m628 12 22 23 36 40 41 46 49 636 640 641 646 1123 1136 1141 1146 1149 1812 1836 1840 1841 1846 1849 2036 2041 2046 2073 2086 2090 2091 2096 2099 2322 2323 2336 2340 2341 2349 2462 2472 2473 2486 2491 2496 4323 4336 4812 4836 
m1217 22 36 37 46 49 1822 1837 1846 1849 1872 2322 2346 2487 2496 4396 4837 
m1384 32 36 38 46 1832 1932 1936 1938 1946 2332 2336 2346 4836 
m1867 22 23 46 1123 1146 1172 1173 2322 2323 3673 4823 
m2168 23 30 36 41 1523 1823 1830 2073 2080 3673 4323 4586 
m2083 32 36 38 46 49 1632 1636 1649 1849 1932 1936 1938 1946 1949 2332 2336 2338 2346 2349 
m2699 5 32 46 1605 2305 2332 2346 4846 
m1578 22 23 36 40 41 1122 1136 1140 1141 1173 1186 1190 1823 1836 1840 1841 2022 2023 2036 2040 2041 2073 2086 2090 2091 3686 4323 
m810 5 37 46 1855 2305 2337 2346 
m1892 45 46 2296 2345 2346 4846 
m2331 2 41 141 
m193 8 32 37 46 49 408 437 446 449 1882 1896 2332 2346 2482 2487 2496 4396 
m2142 23 32 46 1196 1623 1646 2346 
m2039 5 13 22 33 46 655 1113 1133 1146 1655 1696 2305 2313 4163 
m1694 5 23 30 40 46 1155 1180 1505 1523 1530 1546 2023 2030 2040 2046 2305 2323 2330 2340 4846 
m538 13 14 22 40 46 672 722 2013 2014 2040 2046 2313 2314 3164 
m2011 26 32 36 46 1336 1346 1832 2332 2336 2346 4836 
m12 30 46 2330 
m863 14 36 38 46 49 714 736 738 746 749 1814 1846 1849 1914 1936 1946 1949 2314 2336 2338 2346 2349 2464 2486 2496 4814 
m364 
m2179 40 41 46 2046 2090 2096 2340 
m2132 14 33 46 1664 1696 2314 2346 4196 4814 
m2584 34 1734 
m2135 37 46 4837 
m440 46 2346 
m1538 22 24 1124 
m2133 22 37 49 1122 1137 1149 1872 1899 2472 2487 2499 
m2115 38 41 46 49 1938 1946 1949 2088 2096 2099 2341 2346 2349 
m804 22 36 38 40 41 46 1136 1141 1836 1840 1841 1936 1940 1941 1946 2022 2036 2038 2040 2041 2046 2086 2090 2091 2322 2336 2341 4586 
m2897 26 38 46 1926 1938 1946 2326 
m2796 36 37 49 1836 1837 1849 2486 2487 2499 
m1094 22 36 37 40 46 1122 1136 1140 1146 1822 1836 1837 1840 1846 1872 1896 2022 2036 2037 2040 2046 2322 2337 2346 4387 4396 4837 4846 
m2178 22 23 30 39 41 1123 1130 1139 1141 1523 1973 1980 1991 2073 2080 3673 4473 
m842 23 46 2323 2346 4823 
m2295 41 2091 
m1526 22 46 1122 1146 
m980 22 46 1122 1146 2322 2346 
m1951 13 38 41 691 1913 1938 1941 
m493 23 38 1173 1188 1923 
m2315 22 38 44 46 1138 1144 1146 1944 1946 2344 2346 
m58 14 36 49 736 749 1849 2486 2499 4336 
m2616 22 36 40 1122 1822 1836 1840 2022 2036 2040 
m2112 14 22 23 30 36 40 41 741 1123 1130 1136 1140 1141 1191 1523 1536 1540 1541 1823 1841 2023 2036 2041 2072 2073 2080 2086 2090 2091 3673 4323 
m840 22 23 30 40 46 1122 1123 1130 1140 1146 1180 1196 1523 1530 1546 2022 2023 2030 2046 2330 3673 4823 
m429 3 32 36 41 46 186 191 1603 1641 2303 2332 2336 2341 4136 4586 
m2373 12 22 23 30 46 612 622 623 630 646 1112 1122 1123 1130 1180 1512 1522 1523 1530 2312 2322 2323 2330 2346 4812 
m2110 14 22 23 30 730 1114 1122 1123 1130 1180 1514 1523 1530 3223 
m313 22 30 40 46 1122 1130 1140 1146 1530 1546 2022 2030 2040 2046 2322 2330 2340 2346 
m2512 22 23 30 36 40 41 1122 1123 1130 1136 1140 1173 1522 1523 1536 1822 1823 1830 1836 2022 2023 2030 2036 2072 2073 2080 2086 2090 2091 3673 4323 4586 
m520 45 46 2296 2345 4846 
m723 22 37 46 49 1122 1137 1146 1899 2346 2349 2496 4396 4837 
m2049 22 23 30 36 40 41 46 1122 1123 1130 1136 1140 1141 1146 1191 1523 1536 1541 1546 1822 1841 1846 2023 2030 2036 2040 2041 2046 2072 2091 2341 3696 4323 4586 
m140 14 40 46 2014 2040 2046 2314 2346 4814 
m1607 13 38 1913 1938 
m2921 22 37 46 49 1137 1146 1899 2346 2349 2496 4396 4837 
m536 22 32 36 46 49 1622 1649 1822 1832 1849 2322 2332 2336 2346 2349 2472 4136 4336 4836 
m1962 17 46 2317 2346 3396 4817 
m1264 5 22 32 36 46 49 286 299 1605 1622 1636 1646 1649 1805 1822 1846 1849 2305 2322 2332 2336 2346 2349 2472 2486 2499 4136 4336 4836 
m2042 5 13 33 46 655 1655 2305 2313 2333 4163 
m2957 14 36 40 46 1814 1840 1846 2014 2036 2040 2046 2314 2346 4346 4814 4846 
m1174 22 37 46 1122 1137 1146 2322 2337 2346 4837 
m2028 22 23 32 36 40 46 49 1122 1123 1132 1136 1140 1146 1149 1172 1173 1182 1186 1190 1196 1199 1622 1623 1632 1636 1640 1646 1822 1823 1832 1836 1840 1846 1849 2022 2023 2032 2036 2046 2049 2322 2323 2332 2336 2346 2349 2472 2473 2482 2486 2490 2496 3673 3686 3696 4323 4346 
m2630 
m2525 30 38 40 45 46 1930 1938 1946 2030 2038 2046 2280 2288 2290 2296 2330 
m873 22 23 30 41 1123 1130 1141 1172 1173 1180 1191 1523 1541 2073 2080 2091 3673 
m148 14 23 30 38 40 730 1180 1514 1523 1530 1540 1914 1923 1930 1940 2014 2023 2030 3223 
m1846 22 30 32 36 40 41 46 49 1122 1130 1132 1136 1140 1141 1146 1522 1532 1536 1546 1622 1646 1822 1830 1832 1836 1840 1846 1849 2022 2030 2032 2036 2040 2046 2049 2072 2090 2096 2322 2472 2480 2482 2486 2490 2496 4346 4846 
m446 14 23 30 46 1514 1523 1546 2314 2323 2330 2346 3664 4814 4823 
m2402 22 37 40 45 46 1146 1872 1887 1890 1895 1896 2022 2037 2046 2287 2290 2295 2296 2322 2337 2340 2346 4396 
m1045 14 32 41 741 1614 1641 
m900 26 32 36 41 46 1332 1336 1341 1346 1641 1646 2332 2336 2341 2346 4136 4586 
m2523 22 36 41 1122 1136 1141 1841 2072 2086 2091 4586 
m72 22 26 33 36 49 1322 1333 1349 1672 1822 1826 1833 1849 2472 2483 
m2617 5 31 36 255 281 286 1555 1581 1586 1805 1831 1836 
m2475 46 
m866 23 36 38 41 46 49 1173 1823 1938 1946 1949 2073 2086 2323 2336 2341 2486 2491 2496 3673 4323 
m2460 23 45 1195 2273 2295 
m2292 14 30 46 730 746 2314 2330 2346 4814 4846 
m166 9 23 30 46 1159 1509 1523 1546 2309 2323 2346 4823 
m2554 14 39 1964 
m899 39 
m2914 14 22 38 46 49 722 749 1914 1938 1946 1949 2314 2322 2338 2346 2349 2472 4814 
m407 14 22 31 36 46 731 736 1114 1136 1146 1846 2314 2331 2346 3246 4331 4836 
m2085 22 23 30 36 40 41 46 1122 1123 1130 1136 1140 1141 1146 1180 1522 1523 1536 1540 1546 1822 1823 1830 1836 1840 1846 2022 2023 2030 2036 2040 2046 2072 2086 2090 2322 2323 2330 2340 4823 4846 
m258 13 20 22 33 36 38 40 688 1013 1022 1033 1036 1038 1040 1113 1133 1136 1140 1688 1813 1822 1833 1838 1840 2013 2033 2036 2038 3183 3536 4336 
m2271 22 23 30 38 41 1123 1172 1173 1188 1522 1523 1530 1538 2073 2080 2088 3673 
m1439 22 23 36 40 41 1123 1141 1173 1186 1190 1823 1836 2023 2036 2040 2072 2073 2086 2090 2091 3686 4323 
m1262 22 38 45 46 1122 1138 1145 1146 1938 1945 1946 2296 2346 
m589 28 36 40 1428 1828 1836 2028 2036 3936 4328 
m2570 23 30 36 40 41 1173 1523 1536 1540 1823 1830 1836 1840 2023 2030 2036 2040 2073 2080 2086 2090 3673 4323 4586 
m1795 26 41 46 1341 1346 2341 
m2634 22 40 46 1146 2340 
m1111 36 37 46 1837 2336 2337 4336 4337 
m2936 12 46 646 2312 2346 3146 4846 
m1595 22 36 40 1122 2036 
m779 14 38 45 46 1938 1945 1946 2264 2314 2338 2345 2346 4814 
m742 6 36 42 46 49 2306 2336 2342 2456 2486 2492 2496 2836 4606 4636 
m257 23 30 40 46 1180 1523 1530 1546 2023 2030 2046 2323 2330 
m673 5 14 22 23 32 36 37 41 264 282 286 722 737 741 1122 1123 1137 1141 1155 1182 1186 1614 1637 1814 1837 1872 1882 1886 1887 1891 2087 3664 4136 4332 
m886 14 46 49 2314 2346 2464 2496 4814 
m2839 22 36 40 41 1822 1836 1841 2036 2041 2072 2086 2090 2091 4586 
m973 22 41 1122 1141 2072 
m1761 37 40 46 1890 2340 4396 
m2785 22 23 36 37 40 1122 1123 1136 1137 1140 1172 1173 1822 1823 1836 1837 1840 1872 1873 2022 2023 2036 2037 2040 3673 
m2959 22 23 36 40 46 1123 1136 1140 1146 1186 1190 1840 2023 2036 2040 2323 2336 2340 3673 4323 4336 4836 
m206 5 22 44 46 296 1144 1146 2205 2246 2305 2344 2346 4846 
m1003 22 23 36 40 1122 1123 1136 1140 1173 1822 1823 1840 2022 2023 3673 
m569 12 36 38 41 46 641 1841 1912 1936 1938 1941 1946 2062 2086 2091 2096 2312 2336 2341 4312 
m1896 22 46 49 1146 1149 2322 2346 2349 2496 
m1753 26 3826 
m459 36 41 1841 
m903 5 21 22 38 46 272 288 296 1121 1138 1146 1921 1946 2305 2321 2322 2346 
m1524 32 36 40 41 46 1641 1646 2036 2041 2046 2332 2336 2341 2346 4136 4586 
m2827 14 36 46 49 714 736 746 749 1814 1836 1846 1849 2314 2336 2346 2349 2464 2486 2496 3246 4814 
m2618 13 26 46 1313 1346 2313 2326 2346 
m2659 22 23 36 40 41 46 49 1136 1140 1146 1172 1186 1190 1196 1199 1822 1823 1836 1840 1846 1849 2022 2023 2036 2040 2046 2049 2072 2073 2086 2099 2322 2323 2336 2340 2341 2349 2472 2473 2486 2490 2496 3686 4323 4336 4836 
m2599 26 32 36 38 46 1336 1346 1832 1926 1932 1936 1938 1946 2332 2336 2346 4836 
m1588 22 40 46 1140 1146 2046 2322 2340 2346 
m2515 12 14 40 46 646 2012 2014 2046 2314 2346 3114 4812 
m2189 14 22 40 46 714 746 1114 1146 2014 2022 2046 2314 2346 3246 4814 
m1994 23 31 46 49 1196 1573 1596 2323 2346 2473 2481 2496 
m1688 37 40 46 1890 1896 2040 2046 2340 2346 4837 
m1050 22 23 30 36 40 41 46 49 1122 1123 1130 1136 1140 1141 1146 1172 1173 1186 1190 1191 1199 1522 1523 1530 1536 1540 1541 1546 1549 1822 1823 1830 1836 1840 1841 1846 1849 2022 2023 2030 2036 2040 2041 2046 2049 2072 2073 2086 2090 2096 2099 2330 2336 2340 2341 2349 2472 2473 2486 2496 3696 4336 4823 
m2765 36 40 41 46 49 1836 1840 1846 1849 2036 2040 2041 2046 2049 2086 2090 2096 2099 2336 2340 2346 2349 2486 2490 2496 4346 4586 4836 
m1715 37 40 46 1890 2037 2040 2046 2337 2340 2346 4396 
m1608 13 46 2313 2346 4813 
m1999 38 44 45 46 49 1938 1946 2238 2246 2249 2288 2294 2296 2299 2338 2344 2346 2349 
m1612 38 46 1946 2346 
m2994 22 37 40 46 1137 1140 1146 1890 2022 2037 2040 2046 2337 2340 2346 4837 
m2837 
m2176 14 40 46 2014 2040 2046 2314 2346 4814 
m1925 14 714 
m908 23 40 2023 3673 
m1686 26 38 46 1926 1938 1946 2326 
m2408 3 26 36 41 186 191 1303 1336 1341 2091 4341 4586 
m760 22 23 30 36 40 46 49 1122 1123 1130 1136 1140 1146 1149 1172 1173 1186 1190 1199 1522 1523 1530 1536 1540 1546 1549 1822 1823 1830 1836 1840 1846 1849 2022 2023 2030 2036 2040 2046 2049 2322 2330 2336 2340 2346 2472 2473 2480 2486 2490 2496 3696 4823 
m1843 46 2346 4846 
m1657 30 37 46 1530 1537 1546 1880 2330 2337 2346 
m1457 22 30 38 46 1130 1146 1922 1930 1946 2322 2330 2346 
m1206 22 30 40 46 1130 1146 2022 2030 2046 2322 2330 2346 
m336 30 36 37 40 46 1536 1537 1540 1546 1837 1840 1846 1890 2037 2046 2340 4396 
m2038 22 23 36 38 41 1122 1123 1136 1138 1141 1922 1923 1936 1938 1941 2073 3686 4586 
m1905 22 30 37 46 1130 1137 1146 1880 2330 4396 
m2065 13 30 36 46 1513 1536 1546 2313 2330 2336 2346 4313 4813 4836 
m1133 22 23 36 40 46 1122 1123 1136 1140 1146 1172 1822 2023 2036 2046 2322 2323 2336 2340 2346 4323 4823 4836 
m328 27 32 1382 
m522 22 23 30 36 40 46 1122 1123 1130 1136 1140 1146 1172 1173 1522 1523 1530 1540 1546 1822 1823 1830 1840 1846 2022 2023 2030 2036 2040 2046 2322 2323 2330 2340 2346 3696 4823 
m2184 36 40 41 1836 1840 1841 2036 2040 2041 
m1534 22 46 1122 1146 
m2946 46 2346 
m2368 14 22 40 46 722 2014 2046 2314 2322 2346 4814 
m2758 13 38 46 1913 1938 1946 2313 
m902 36 49 1836 1849 2486 2499 
m2526 22 23 30 40 46 1122 1123 1130 1140 1146 1180 1523 1530 1546 2022 2023 2030 2046 2330 2346 4823 
m1847 22 23 30 36 40 41 1122 1123 1130 1136 1140 1141 1172 1173 1186 1190 1191 1522 1523 1536 1541 1840 1841 2023 2036 2041 2072 2073 2086 2090 2091 3673 3686 4323 4336 4586 
m2382 22 37 40 46 1872 2022 2037 2040 2046 2322 2337 2340 2346 4396 
m1034 26 46 49 1346 1349 2346 2496 2499 
m2657 22 36 40 46 1146 1822 1846 2022 2036 2040 2046 2346 4346 
m897 45 46 2296 2346 
m1129 36 40 46 1836 1840 2036 2040 2336 2340 2346 
m2411 26 32 36 46 1326 1332 1336 1346 1832 2332 2336 2346 4836 
m2332 13 38 1913 1938 
m1320 22 23 30 45 46 1123 1130 1145 1146 1196 1523 1545 1546 2273 2296 2346 
m36 14 30 46 730 2314 2330 
m1651 22 23 30 36 39 41 1123 1130 1139 1141 1522 1523 1822 1823 1830 1839 1841 1972 1973 1980 1991 2072 2073 2080 2086 2089 2091 3673 4586 
m1008 22 30 40 46 1130 1140 1146 2022 2030 2040 2046 2322 2330 2340 2346 
m96 22 23 46 49 1122 1146 1149 1172 1199 2322 2346 2349 3696 4823 
m2528 14 40 46 714 740 746 2014 2046 2314 2340 2346 4814 
m636 14 22 46 722 1114 1146 2322 3246 
m2385 44 46 2344 2346 
m39 22 23 30 46 1122 1123 1130 1146 1180 1523 1530 1546 2330 2346 4823 
m1268 22 23 36 40 41 1123 1136 1140 1172 1822 1823 1836 2023 2036 2072 2073 2086 2090 2091 3673 4323 4586 
m861 5 36 46 49 286 296 299 1836 1849 2305 2336 2346 2349 4836 4846 
m2521 13 46 47 696 2363 2396 
m1772 26 40 46 2026 2046 2326 
m4 22 23 30 46 1122 1123 1130 1146 1180 1522 1523 1530 1546 2323 2330 
m2121 22 23 30 1172 1522 1523 
m744 38 46 1938 1946 2346 
m1059 22 30 36 40 41 49 1122 1136 1140 1141 1149 1536 1540 1822 1840 1841 2022 2036 2040 2041 2080 2086 2090 2472 2486 2490 
m1042 22 23 37 46 1123 1137 1146 2323 2337 3687 4837 4846 
m2514 22 44 46 1122 1144 1146 2322 2344 2346 4846 
m948 23 31 45 46 49 1195 1196 1573 1595 1596 2295 2323 2345 2346 2473 2481 2496 
m1226 23 41 1191 2073 2091 
m442 32 36 38 46 49 1632 1636 1649 1849 1932 1936 1946 2332 2336 2349 
m2305 
m1856 23 36 40 41 1173 1186 1190 1823 1840 2023 2036 2040 2073 2086 2090 3673 
m521 45 46 2345 
m184 22 36 41 46 1136 1146 1846 2072 2096 2322 2336 2341 2346 4586 4836 
m1571 22 23 36 40 46 49 1122 1123 1136 1172 1822 1823 1836 1849 2023 2036 2040 2046 2049 2322 2323 2336 2349 2472 2473 2486 4323 4336 4346 4836 
m2487 3 30 38 46 180 188 196 1903 1930 1938 1946 2330 
m1178 23 36 1173 1186 1823 1836 3673 3686 4323 
m2094 22 36 46 1822 1846 2322 4846 
m581 23 30 33 38 46 1180 1523 1530 1533 1546 1680 1923 1930 1933 1946 2323 2330 2333 2346 4173 4823 
m2221 36 38 41 46 1838 2096 2338 4346 4586 
m142 8 23 30 38 46 423 430 1173 1180 1508 1523 1908 1923 1930 1946 2308 2323 2330 3673 
m157 32 36 46 49 1632 1636 1649 1849 2332 2336 2349 
m1054 22 23 1123 1172 1173 3673 
m1967 20 22 23 30 38 1023 1030 1038 1123 1130 1172 1173 1180 1188 1520 1523 1538 1922 1923 1930 1938 3673 
m1394 23 30 38 40 46 1180 1923 1930 1946 2023 2038 2046 2330 4823 
m725 36 40 46 1836 1840 1846 2036 2040 2046 2336 2340 2346 4336 4346 
m2869 22 
m1563 22 23 30 36 40 41 1123 1130 1136 1140 1141 1172 1173 1180 1186 1190 1523 1822 1823 1830 1836 2023 2030 2036 2073 2086 3673 4323 4586 
m2956 22 38 46 49 1946 2322 2346 2349 2472 4846 
m2704 22 23 36 40 41 46 1123 1146 1191 1822 1823 1836 1841 1846 2022 2023 2036 2040 2041 2046 2323 2336 2341 2346 3686 4341 4346 4823 
m199 22 30 36 40 41 49 1122 1136 1140 1141 1536 1540 1822 1840 1841 2022 2036 2040 2041 2080 2086 2090 2472 2486 2490 
m1156 22 46 1146 2346 4846 
m918 36 37 40 46 48 1848 1886 1890 1896 2036 2040 2046 2048 2336 2340 2346 2348 4396 4836 
m391 14 22 32 46 732 1114 1132 1146 2314 2332 2346 4814 
m1895 23 30 36 41 1523 1823 1830 2073 2080 3673 4323 4586 
m818 10 46 2310 
m2665 38 46 49 1946 1949 2346 2496 2499 
m35 41 2091 
m2130 14 32 36 38 41 46 1614 1914 1932 1936 1938 1941 1946 2064 2082 2086 2314 2332 2336 2341 4136 4314 
m599 22 23 30 46 1122 1123 1130 1146 1180 1523 1530 1546 2330 4823 
m21 12 13 22 49 649 699 1112 1113 1149 3162 
m191 23 30 40 46 1180 2023 2030 2046 2330 2346 4823 
m285 10 26 46 1310 1326 1346 2310 2346 
m1613 36 46 2336 2346 4836 
m2575 26 36 40 45 46 1826 1845 1846 2026 2036 2040 2045 2046 2276 2296 2326 2346 4346 4846 
m784 8 36 408 2936 4308 
m1706 26 33 37 44 46 1333 1337 1344 1346 2233 2237 2333 2337 2344 2346 4383 
m256 22 23 38 45 46 1123 1138 1145 1146 1195 1923 1938 1945 1946 2323 2345 
m1936 13 20 22 32 36 40 672 686 690 1013 1022 1032 1036 1122 1136 1140 1613 1622 1636 1640 1822 2022 2036 
m1957 22 30 41 46 1130 1146 1522 1546 2072 2080 2096 2322 
m690 22 36 37 40 1122 1136 1137 1140 1822 1872 1886 1890 2022 2036 
m2227 36 46 49 1849 2346 2349 2486 2499 4836 
m1870 14 36 49 749 1814 1849 
m1890 22 23 30 1122 1123 1130 1173 1522 1523 3673 
m489 37 46 4837 
m937 16 46 816 846 2346 3346 
m87 22 37 46 1122 1137 1146 2322 2337 2346 4837 
m694 23 30 33 46 1180 1523 1530 1533 1546 1680 2330 2333 4173 4823 
m308 22 36 41 1122 1136 1141 1841 2091 4586 
m3000 22 23 36 40 1122 1123 1136 1140 1172 1173 1186 1190 1822 1823 1836 1840 2022 2023 2036 2040 3673 3686 4323 
m1049 22 23 36 40 41 1122 1123 1136 1140 1141 1172 1173 1822 1823 1836 1840 2022 2023 2036 2040 2072 2073 2086 2090 3673 4586 
m2775 22 40 41 46 1122 1140 1146 2022 2040 2046 2340 
m1006 22 44 46 2222 2246 2322 2344 2346 4846 
m2724 23 46 49 2346 2349 2473 4823 
m1254 22 23 30 46 1122 1123 1130 1146 1180 1523 1530 1546 2330 2346 4823 
m1321 32 36 37 46 1832 1882 1886 1896 2332 2336 2346 4836 
m1391 30 36 46 49 1536 1549 1849 2330 2336 2346 2349 
m2436 5 13 30 33 46 655 680 1505 1655 1680 2305 2313 2330 2333 4163 
m2718 22 23 30 36 40 41 46 1122 1123 1130 1136 1140 1141 1146 1172 1173 1180 1186 1190 1191 1523 1536 1540 1541 1841 2023 2036 2041 2073 2080 2086 2090 2091 2322 2323 2330 2341 3673 4323 
m2800 22 23 36 40 41 1122 1123 1136 1140 1141 1172 1173 1186 1822 1823 1836 1840 1841 2022 2023 2036 2040 2041 2072 2073 2086 2090 3673 4586 
m1172 14 23 30 46 1514 1523 1546 2314 2323 2330 2346 3664 4814 4823 
m653 13 36 40 49 2013 2036 2463 2486 2490 4313 
m2750 5 22 23 24 40 46 273 274 290 1123 1146 1190 1222 1240 1246 2022 2023 2024 2046 2340 3696 3723 
m2012 22 41 46 1122 1141 1146 2341 2346 
m1429 22 23 30 36 40 1123 1130 1173 1186 1190 1523 1536 1540 2023 2036 3673 
m2389 22 23 36 40 41 46 49 1123 1136 1140 1141 1146 1191 1822 1823 1836 1840 1841 1849 2022 2023 2036 2040 2041 2046 2072 2073 2086 2090 2091 2322 2323 2336 2340 2341 2349 2472 2473 2486 2490 2491 4323 4336 4346 4836 
m1970 22 36 37 40 46 1122 1136 1137 1140 1146 1822 1837 1840 1846 1890 2022 2036 2037 2040 2046 2337 2340 2346 4346 4837 
m2362 22 23 46 1123 1172 1173 2322 2323 3673 4823 
m2578 22 46 1122 1146 2322 2346 4846 
m98 22 46 49 1146 1149 2349 2472 2496 
m1926 23 30 46 49 1180 1523 1530 1546 2330 2346 2480 2496 4823 
m1940 14 46 49 2314 2346 2464 2496 4814 
m799 22 36 37 40 41 1137 1140 1822 1836 1840 1841 2022 2036 2037 2040 2041 2072 2086 2090 2091 4586 
m444 26 41 46 1341 1346 2096 
m1596 36 
m2346 46 2346 
m2639 6 36 42 45 306 345 1845 2106 2145 2836 4306 4606 4636 
m2809 32 36 40 46 1832 2032 2036 2332 2336 2340 2346 4136 4336 4836 
m981 23 30 41 46 1191 1523 1530 1541 1546 2073 2080 2091 2096 2330 2341 2346 3696 4823 
m1809 37 40 41 46 1891 2037 2041 2046 2087 2090 2091 2096 2337 2340 2341 2346 4396 
m1478 36 40 46 49 1836 1846 2036 2040 2046 2049 2336 2346 2349 2486 2496 4336 4836 
m1282 22 44 46 1122 1144 1146 2322 2344 2346 4846 
m1175 12 36 40 46 49 1812 2012 2036 2046 2049 2336 2346 2462 2486 2496 3146 4346 4812 
m923 14 22 36 41 46 714 736 1114 1122 1136 1141 1146 1836 2064 2072 2086 2314 2322 2336 2341 3236 4314 4586 4814 
m2367 
m727 36 40 46 1836 1840 1846 2036 2040 2046 2336 2340 2346 4336 4346 
m2725 36 41 1836 1841 2086 2091 4586 
m1091 6 14 36 46 49 314 706 714 736 746 749 1806 1814 1846 2306 2456 2464 2486 2496 4814 
m230 12 36 40 41 46 49 636 640 641 649 1836 1840 1841 2036 2041 2336 2340 2341 2349 2486 2490 2491 3136 4336 4812 
m2531 26 32 36 38 46 1332 1336 1346 1832 1926 1932 1936 1938 1946 2332 2336 2346 4836 
m2241 7 16 36 46 386 807 2307 2316 2336 3336 
m1100 22 23 30 36 37 40 46 49 1123 1130 1136 1137 1140 1146 1149 1180 1523 1530 1546 1822 1823 1830 1836 1837 1840 1846 1849 1872 1873 1880 1886 1890 1896 2022 2023 2030 2036 2037 2040 2046 2330 2346 2472 2473 2480 2486 2487 2490 2496 4396 4823 
m1477 6 14 23 32 36 706 723 732 736 1156 1182 1606 1636 1806 3686 
m1943 22 23 30 36 40 1123 1130 1136 1140 1172 1173 1186 1190 1523 1536 1540 1823 2022 2023 2036 3673 4323 
m1173 5 36 38 40 46 49 286 296 1805 1836 1838 1846 1849 1905 1936 1938 1946 1949 2036 2038 2046 2049 2346 2349 2455 2486 2496 4836 
m2983 22 26 44 46 1146 1322 1326 1344 1346 2344 2346 4846 
m2968 22 23 30 36 40 46 1122 1123 1130 1136 1140 1146 1172 1173 1522 1523 1530 1540 1546 1822 1823 1830 1840 1846 2022 2023 2030 2036 2040 2046 2322 2323 2330 2340 2346 3696 4823 
m680 22 23 36 40 1123 1136 1173 1186 1190 1836 1840 2036 3673 3686 
m2025 23 37 46 49 2323 2473 2487 2496 3687 4837 
m1632 26 36 37 46 49 1336 1337 1346 1349 1837 1846 1849 2476 2486 2487 2496 2499 4837 
m2481 22 23 30 46 1122 1123 1130 1146 1172 1173 1180 1196 1522 1523 1530 1546 2322 2323 2330 2346 4823 
m1813 22 37 40 46 1122 1137 1140 1146 1890 2022 2037 2040 2046 2337 2340 2346 4837 
m1252 22 44 46 1146 2222 2246 2322 2344 2346 4846 
m2534 14 32 36 46 732 736 746 1832 2332 2336 2346 3246 4836 
m1792 23 30 46 1180 2323 2330 2346 
m2714 37 40 45 46 49 1895 1899 2037 2040 2045 2046 2340 2345 2346 2349 2495 4387 4396 4837 
m1237 11 46 2311 
m2471 12 13 36 46 613 646 2313 2336 2346 3136 4313 4812 4813 
m2892 21 36 38 45 1095 1845 1921 1936 1945 3586 
m2603 
m2722 22 23 30 36 40 46 1122 1123 1130 1136 1140 1146 1172 1173 1522 1523 1530 1540 1546 1822 1823 1830 1840 1846 2022 2023 2030 2036 2040 2046 2322 2323 2330 2340 2346 3696 4823 
m1233 22 36 37 40 46 1122 1136 1137 1140 1146 1837 2036 2037 2040 2046 2322 2336 2337 2340 2346 4346 4396 
m2003 30 36 40 46 49 1549 1830 1836 1846 1849 2030 2036 2040 2046 2049 2330 2349 2480 2499 
m2313 13 20 22 32 36 40 670 686 690 1113 1120 1136 1140 1613 1622 1636 1640 1820 2020 2036 2040 3186 4336 
m1145 14 22 36 40 46 722 1814 1822 1836 1846 2014 2036 2040 2046 2322 2336 2346 3236 3246 4346 4814 
m976 22 32 46 1122 1132 1146 2322 2332 2346 4846 
m1631 22 23 45 1123 1173 1195 3673 
m2538 15 22 27 38 46 777 1115 1127 1146 1915 1922 1938 1946 2315 2327 2346 
m172 36 41 46 49 1841 1846 2341 2346 2486 2496 
m1353 5 30 37 38 46 280 1855 1880 1896 1905 1930 1937 1946 2305 2330 
m1060 
m2023 13 36 46 49 1813 2313 2336 2346 2349 2463 2486 2496 4813 
m2363 22 23 30 36 40 46 1122 1123 1130 1136 1140 1146 1172 1173 1180 1522 1523 1530 1822 1823 1830 1846 2022 2023 2030 2036 2046 2322 2323 2330 3673 4823 
m2131 22 26 32 46 1126 1132 1146 1332 1346 1646 2326 2332 2346 
m1724 22 38 46 1138 1146 1938 1946 2338 
m200 22 23 30 36 40 41 46 1130 1146 1541 1546 1836 1841 2023 2036 2041 2073 2086 2323 2336 2340 2341 3686 4323 4591 
m2977 5 36 37 46 49 286 296 299 1849 1855 1886 1896 1899 2305 2336 2346 2349 4836 4837 
m1352 22 40 46 1122 1140 1146 2022 2040 2046 2322 
m1716 22 23 36 40 1123 1136 1173 1186 1190 1836 1840 2036 3673 3686 
m433 38 45 46 49 1938 1946 1949 2288 2296 2299 2349 
m2118 23 38 46 49 1188 1199 1938 1946 2338 2346 2349 3696 4823 
m1169 14 23 30 38 730 1180 1514 1523 1530 1914 1923 1930 3223 
m215 22 36 40 46 1122 1136 1140 1146 1836 1840 2022 2036 2040 2046 2322 2336 2340 2346 4836 
m1257 23 36 40 46 48 1190 1823 1836 1840 1846 1848 2023 2036 2040 2046 2048 2336 2340 2346 2423 2436 2446 3686 3696 4323 4346 4823 4836 
m1462 22 37 46 1122 1137 1146 1896 2346 4837 
m2909 45 
m2788 20 40 48 2020 2420 2440 
m2263 22 23 30 46 1123 1130 1146 1172 1173 1180 1196 1523 1530 1546 2330 4823 
m867 32 36 38 40 46 49 1632 1636 1649 1849 1932 1936 1946 1949 2032 2036 2038 2046 2332 2336 2338 2340 2346 2349 
m1110 38 46 1938 1946 2346 
m1334 22 23 30 36 40 41 1122 1123 1130 1136 1140 1173 1522 1523 1536 1822 1823 1830 1836 2022 2023 2030 2036 2072 2073 2080 2086 2090 3673 4323 4586 
m1073 39 40 41 46 1990 1991 1996 2040 2046 2090 2096 
m321 13 22 37 672 1872 4363 
m648 10 26 37 46 1310 1337 1346 1860 1896 2310 2346 4396 
m2201 14 45 46 49 2264 2296 2299 2314 2346 2464 2496 4814 
