m916 12 13 22 32 36 40 622 636 640 672 686 690 1112 1113 1122 1136 1140 1612 1613 1622 1636 1640 1822 2022 2036 3162 
m58 13 20 22 33 36 38 40 1013 1022 1033 1036 1038 1040 1113 1122 1133 1136 1138 1140 1813 1833 1838 1840 1913 1933 2013 2033 2038 4163 
m3613 13 22 23 32 36 40 41 672 673 686 690 691 1122 1123 1136 1140 1141 1186 1190 1191 1613 1622 1623 1636 1823 1840 1841 2023 2041 3673 
m1137 30 45 46 49 2280 2296 2299 2330 2480 2496 
m1977 40 46 2046 2340 2346 4846 
m1331 
m1842 22 23 30 32 36 40 46 1122 1123 1130 1132 1136 1140 1146 1172 1173 1522 1523 1530 1546 1622 1623 1630 1640 1646 1822 1823 1830 1832 1840 1846 2022 2023 2030 2032 2036 2040 2046 2322 2323 2330 2332 2336 2340 2346 3696 4823 
m1486 5 23 24 38 40 46 273 274 290 296 1190 1240 1246 1905 1923 1924 1938 1946 2023 2024 2040 2046 2340 3696 3723 
m400 38 46 1938 1946 2338 2346 
m1140 22 30 41 46 1130 1146 1522 1546 2072 2080 2096 2322 
m1559 22 30 36 1522 1536 1822 
m613 22 23 1123 1172 1173 3673 
m1506 22 46 1146 4846 
m2362 22 23 1122 1123 
m1718 14 22 36 38 46 722 1814 1822 1914 1936 1946 2314 2322 2336 2346 4814 
m220 6 42 46 2306 2342 2842 
m2442 22 23 36 40 46 1122 1123 1136 1140 1146 1172 1822 2023 2036 2046 2322 2323 2336 2340 2346 4323 4823 4836 
m387 14 20 40 46 1014 1040 1046 2014 2046 3246 
m2802 30 36 40 49 1536 1549 1830 1836 1849 2030 2036 2499 4336 
m1479 26 32 36 38 46 1332 1336 1346 1832 1926 1932 1936 1946 2332 2336 2346 4836 
m99 37 40 46 1890 2037 2040 2046 2337 2340 2346 4396 
m3064 22 26 32 46 1126 1132 1146 1332 1346 1646 2326 2332 2346 
m3248 3 26 36 41 186 191 1303 1336 1341 2091 4341 4586 
m2006 5 36 38 46 49 1805 1838 1846 1849 1905 1938 1946 1949 2305 2488 2496 
m172 22 32 46 1122 1132 1146 1632 2322 2332 2346 
m2788 36 40 46 1846 2036 2040 2046 
m802 14 23 30 36 40 46 730 1180 1814 1823 1830 1846 2014 2023 2030 2036 2040 2046 2314 2330 2346 3223 4346 4814 4823 
m796 22 23 30 45 1123 1130 1145 1173 1180 1523 1530 2273 2280 3673 
m1862 30 38 39 40 46 49 1930 1938 1939 1946 1980 2030 2038 2039 2046 2330 2339 2346 2488 2490 2496 4839 
m3345 26 36 40 45 46 1826 1845 1846 2026 2036 2040 2045 2046 2276 2296 2326 2346 4346 4846 
m3229 32 40 45 46 1646 2032 2045 2046 2282 2296 
m3125 22 36 40 41 46 1136 1141 1146 2022 2036 2041 2046 2086 2096 2336 
m3487 13 22 33 36 40 672 686 690 1113 1122 1133 1136 1140 1672 1686 1690 1822 2022 2036 3183 
m3051 22 46 1122 1146 2346 
m3399 6 14 32 36 314 332 732 1806 1814 1832 
m2291 36 46 2336 2346 4346 4836 
m444 12 13 22 27 36 40 622 636 640 672 686 690 1112 1113 1122 1136 1140 1362 1363 1372 1386 1390 1822 2022 2036 3162 
m1829 9 23 30 46 1159 1509 1523 1546 2309 2323 2346 4823 
m3359 23 1173 3673 
m2687 14 39 40 46 740 1990 1996 2014 2039 2040 2046 2340 4464 4814 
m636 36 41 1836 1841 2086 2091 4586 
m1536 12 23 30 46 1162 1196 1512 1523 1530 1546 2312 2330 2346 3696 4812 4823 
m3140 13 32 36 40 41 686 690 691 1613 1636 1641 1841 2036 2041 2063 2082 2086 2090 2091 
m1724 14 33 37 46 737 746 2333 3233 4383 4837 
m3472 22 23 30 36 40 46 1122 1123 1130 1136 1140 1146 1180 1522 1523 1530 1536 1540 1546 1822 1823 1830 1836 1840 1846 2022 2023 2030 2036 2040 2046 2322 2323 2330 2340 4823 4846 
m2298 14 36 38 46 49 714 736 738 746 749 1814 1846 1849 1914 1936 1946 1949 2314 2336 2338 2346 2349 2464 2486 2496 4814 
m2970 23 31 46 49 1196 1573 1596 2323 2346 2473 2481 2496 
m1099 23 1173 3673 
m1519 16 22 23 30 46 830 1116 1122 1123 1130 1146 1523 1546 2316 2330 2346 3323 3346 3696 4823 
m1110 32 46 1646 2332 2346 
m1081 36 46 2336 2346 4836 4846 
m3475 6 17 23 32 36 856 873 882 886 1156 1182 1606 1636 1806 3686 
m1305 36 49 1836 1849 2499 
m2517 26 38 46 1926 1946 2326 
m2415 22 23 30 40 46 1122 1123 1130 1140 1146 1172 1173 1180 1190 1196 1522 1523 1530 1540 1546 2023 2046 2323 3673 3696 4823 4846 
m1019 14 22 40 46 1114 1140 1146 2014 2040 2046 2314 2346 4814 4846 
m1342 36 41 46 2096 2336 2341 2346 4586 4836 4846 
m1926 33 36 46 1686 2333 2336 2346 4833 
m905 11 13 22 46 563 572 596 696 1111 1113 1122 1146 
m812 22 27 46 1146 1372 1377 1396 
m1388 37 46 4837 
m3368 22 36 40 1122 1822 1836 1840 2022 2036 2040 
m498 22 23 36 40 41 1122 1123 1136 1140 1173 1186 1190 1823 1836 2022 2023 2036 2040 2072 2073 2086 2090 2091 3686 4323 
m939 23 30 38 46 1180 1523 1530 1538 1546 1923 1930 1938 1946 2330 4823 
m1083 30 46 2330 2346 4846 
m3411 22 40 46 1146 2022 2046 2346 4846 
m610 22 23 30 36 40 41 46 49 1122 1123 1130 1136 1140 1141 1146 1172 1173 1186 1190 1191 1199 1522 1523 1530 1536 1540 1541 1546 1549 1822 1823 1830 1836 1840 1841 1846 1849 2022 2023 2030 2036 2040 2041 2046 2049 2072 2073 2086 2090 2096 2099 2330 2336 2340 2341 2349 2472 2473 2486 2490 2496 3696 4336 4823 
m1691 14 22 23 30 46 722 1172 1514 1522 1523 1546 2314 2322 2323 2330 2346 3664 4814 4823 
m943 14 36 714 3236 
m3023 12 13 20 22 36 40 622 636 640 670 672 686 690 1012 1022 1036 1040 1822 1840 2022 2036 3162 3536 4336 
m3184 10 21 36 46 521 536 546 1821 2321 2346 4836 
m2562 36 38 46 1936 1938 1946 2336 2346 
m1270 23 36 41 45 1186 1191 2273 2286 2291 3673 3686 4586 
m2944 14 46 49 2314 2346 2464 2496 4814 
m2040 36 40 46 49 1849 2036 2040 2046 2049 2336 2346 2349 4336 4836 
m597 22 23 30 36 38 41 1122 1123 1130 1136 1138 1172 1173 1522 1523 1822 1823 1830 1838 1922 1923 1930 2072 2073 2080 2088 3673 4586 
m1985 
m3257 23 24 40 46 1190 1240 1246 2023 2024 2040 2046 2323 2324 2340 3696 3723 
m844 22 23 30 36 38 40 1123 1130 1136 1140 1172 1173 1180 1186 1188 1190 1522 1523 1538 1822 1830 1922 1923 1930 1936 1938 1940 2022 2023 2030 2036 2040 3673 4323 
m3441 30 46 49 2330 2349 2480 
m1669 13 36 38 686 688 1838 
m2874 13 22 25 46 1113 1125 1146 1263 1296 2313 
m1825 22 23 1122 1123 1172 1173 3673 
m435 26 45 46 1345 1346 2295 2345 
m3599 
m316 36 38 46 49 1849 1936 1946 2336 2346 2349 4836 
m2526 5 22 32 36 46 49 286 299 1605 1622 1636 1646 1649 1805 1822 1846 1849 2305 2322 2332 2336 2346 2349 2472 2486 2499 4136 4336 4836 
m1812 46 2346 
m1604 32 46 2332 
m3224 8 41 46 49 408 446 449 2058 2096 2308 2341 2346 2349 2458 2496 
m1155 33 36 38 46 49 1833 1846 1938 1946 2333 2336 2346 2349 2483 2486 2496 4833 
m1339 22 23 36 40 41 1172 1822 1841 2022 2023 2036 2041 2072 2073 4323 4336 4586 
m1701 22 38 46 49 1946 2322 2346 2349 2472 4846 
m2203 36 40 46 1836 1840 1846 2036 2040 2046 2336 2340 2346 4336 4346 
m325 22 36 40 44 46 1136 1144 1146 1822 1836 1846 2022 2036 2044 2046 2236 2246 2322 2336 2344 2346 4346 4736 4836 4846 
m2413 22 23 30 46 1123 1130 1146 1180 1523 1530 1546 2322 2323 2330 2346 4823 
m3493 22 23 36 40 41 1122 1123 1136 1140 1141 1172 1173 1822 1823 1836 1840 1841 2022 2023 2036 2040 2041 2073 2086 2090 3673 4586 
m835 5 36 46 49 286 296 299 1849 2346 2349 2486 2499 4836 
m1440 32 36 4332 
m1438 5 23 38 273 1905 1923 
m251 14 23 30 46 714 723 730 746 1180 2314 2323 2330 2346 3223 4814 4823 
m3597 13 22 36 37 40 672 686 690 1113 1122 1136 1137 1140 1822 1872 1886 1890 2022 2036 3187 
m2538 22 23 36 41 1122 1123 1136 1141 1191 1841 2073 2091 4323 4586 
m418 22 37 46 49 1122 1137 1146 1899 2346 2349 2496 4396 4837 
m429 5 23 24 40 46 273 274 290 296 1190 1240 1246 2023 2024 2040 2046 2340 3696 3723 
m42 36 46 2336 2346 4836 
m647 23 28 38 1178 1188 1928 1938 
m876 23 26 34 36 46 1176 1184 1186 1196 1726 1746 1826 1846 2326 4334 
m1991 23 31 46 48 49 1196 1573 1596 2346 2423 2431 2446 2473 2481 2496 2498 
m54 22 38 44 46 1146 1922 1938 1944 1946 2344 2346 4846 
m43 36 46 2336 2346 4836 
m2651 30 36 46 1536 1546 2330 2336 2346 4836 
m2487 14 46 714 3246 4814 
m2240 22 23 30 36 40 45 46 1123 1130 1136 1140 1146 1180 1523 1530 1536 1546 1830 2023 2030 2036 2046 2272 2273 2280 2286 2290 2296 2330 2336 4323 4823 
m3418 5 32 46 1605 2305 2332 2346 4846 
m3407 46 49 2346 2349 
m2301 36 37 38 46 1837 1838 1888 1938 2338 4346 4837 
m2607 14 36 40 41 46 714 736 2014 2036 2046 2064 2086 2090 2096 3246 4314 4346 4814 
m1744 22 23 36 38 40 41 1122 1123 1136 1140 1173 1186 1190 1823 1836 1922 1923 1936 1940 1941 2022 2023 2036 2040 2072 2073 2086 2090 3686 4323 
m1853 22 36 40 46 49 1122 1136 1146 1149 1822 1836 1840 1846 1849 2022 2036 2040 2046 2049 2349 2472 2486 2490 2496 
m2734 22 23 30 36 40 46 1122 1123 1130 1136 1140 1146 1172 1173 1522 1523 1530 1540 1546 1822 1823 1830 1840 1846 2022 2023 2030 2036 2040 2046 2322 2323 2330 2340 2346 3696 4823 
m3086 22 23 36 40 41 1122 1123 1136 1140 1173 1822 1823 1836 2022 2023 2036 2072 2073 2086 2090 3673 4323 4586 
m1513 22 23 36 37 40 41 1122 1123 1136 1140 1172 1173 1186 1190 1823 1872 1873 1886 1891 2023 2036 2072 2073 2086 2090 3673 4323 
m2200 14 46 746 2346 3246 4846 
m1158 13 33 46 2313 2333 2346 4163 4813 4833 
m443 14 20 40 46 49 720 2014 2020 2046 2049 2314 2320 2346 2349 2464 2470 2496 4814 
m2559 32 38 45 46 49 1638 1646 1938 1946 1949 2282 2288 2296 2299 2332 2338 2346 2349 
m936 
m3272 36 37 40 46 1836 1837 1840 1846 2036 2037 2040 2046 2337 2346 4346 4837 
m1521 22 36 40 41 1136 1140 1141 1836 1840 1841 2036 2041 2072 2086 2090 2091 4586 
m1728 22 41 1122 1141 
m662 22 30 36 40 46 1130 1136 1140 1146 1536 1540 1546 1840 2030 2036 2040 2046 2330 2336 2340 2346 4346 
m1349 23 30 46 49 1180 1199 1549 2323 2330 2346 2349 2473 2480 2496 
m173 10 26 46 1310 1326 1346 2310 2346 
m797 26 37 46 1337 1346 2337 2346 4837 
m3313 22 23 30 36 40 41 1122 1123 1130 1136 1140 1173 1522 1523 1536 1822 1823 1830 1836 2022 2023 2030 2036 2072 2073 2080 2086 2090 2091 3673 4323 4586 
m2792 23 30 41 46 1180 2073 2080 2096 2323 2330 2341 4823 4846 
m2081 22 38 45 46 1138 1145 1146 1938 1945 1946 2345 
m2633 22 36 40 1122 1136 1140 2036 
m1491 23 30 36 40 41 1173 1523 1536 1540 1823 1830 1836 1840 2023 2030 2036 2040 2073 2080 2086 2090 3673 4323 4586 
m1495 22 30 36 1136 1536 
m783 14 46 49 2314 2346 2464 2496 4814 
m1996 23 41 1191 2073 3673 
m3504 36 37 40 46 1840 1886 1890 1896 2036 2037 2040 2046 2336 2337 2340 2346 4346 4387 4396 4837 
m2342 40 46 2040 2046 2346 
m1988 30 36 46 49 1530 1536 1546 1549 1849 2330 2336 2346 2349 
m3435 23 46 49 2346 2349 2473 4823 
m374 37 40 46 1890 2037 2040 2046 2337 2340 2346 4396 
m2576 45 
m2673 6 14 32 36 49 706 714 732 736 749 1606 1636 1806 2456 2482 2486 
m2232 22 37 40 46 1137 1146 1890 2022 2037 2040 2046 2322 2337 2340 2346 4396 
m1583 22 26 38 46 1146 1322 1346 1922 1926 1946 2346 
m3505 22 23 36 37 40 1122 1123 1136 1137 1140 1172 1173 1823 1837 1840 1872 1873 2023 2036 2037 2040 3673 
m2715 23 46 2346 3696 4823 
m2741 23 30 36 40 41 49 1186 1190 1199 1523 1530 1536 1540 1549 1823 1836 1840 1849 2073 2080 2086 2090 2099 2490 3686 4336 
m3564 13 22 36 38 40 1113 1122 1136 1138 1140 1813 1840 1913 1936 1940 2013 
m3534 22 23 30 36 40 46 49 1122 1123 1130 1136 1140 1146 1149 1172 1173 1180 1186 1190 1199 1522 1523 1530 1536 1540 1546 1549 1823 1840 2022 2023 2030 2036 2040 2046 2322 2330 2336 2340 2346 2349 2472 2473 2480 2486 2490 2496 3696 4823 
m2125 22 23 30 46 1122 1123 1130 1146 1180 1523 1530 1546 2330 4823 
m2978 14 23 34 36 40 46 734 1184 1734 1814 1823 1834 1840 1846 2014 2023 2034 2036 2040 2046 2314 2323 2334 2346 3664 4346 4814 4823 
m3603 33 44 49 1694 1699 2494 
m2023 22 23 24 40 46 1123 1124 1140 1146 1190 1240 1246 2023 2024 2040 2046 2340 3696 3723 
m1542 22 23 36 40 46 1122 1123 1136 1146 1172 1822 1823 1836 2022 2023 2036 2040 2046 2322 2323 4323 4346 4836 
m2502 22 23 30 36 40 41 1122 1123 1130 1136 1140 1172 1173 1186 1190 1522 1523 1536 1822 2022 2036 2072 2073 2080 2086 2090 3673 3686 
m3388 22 36 40 46 1146 1822 1846 2022 2036 2040 2046 2346 4346 
m2891 22 23 30 36 41 1123 1130 1523 1822 1823 1830 2072 2073 2080 3673 4323 4586 
m3230 26 39 46 1339 1346 2326 2339 4839 4846 
m1458 22 36 41 1122 1136 1141 1841 2072 2086 2091 4586 
m974 12 13 20 22 32 36 40 49 632 682 699 1012 1013 1022 1032 1036 1040 1112 1113 1122 1132 1136 1140 1812 1813 1832 1836 1840 1849 2012 2013 2032 2036 2049 2462 2482 2486 3136 3162 3186 
m116 13 22 36 38 40 672 686 690 1113 1122 1136 1140 1822 1913 1922 1936 2022 2036 
m33 22 23 30 36 40 46 49 1122 1123 1130 1136 1140 1146 1149 1172 1173 1180 1186 1190 1199 1522 1523 1530 1536 1540 1546 1549 1823 1840 2022 2023 2030 2036 2040 2046 2322 2330 2336 2340 2346 2349 2472 2473 2480 2486 2490 2496 3696 4823 
m1771 26 46 1346 2346 
m1727 22 23 30 32 40 41 1140 1182 1523 1530 1532 2022 2023 2030 2032 2040 2072 2090 
m1531 22 23 36 40 1122 1123 1136 1140 1190 1822 1823 1836 1840 2022 2023 2036 2040 
m770 12 22 36 40 41 45 46 49 636 640 641 645 649 1145 1822 1836 1840 1841 1845 2012 2022 2036 2040 2041 2045 2046 2049 2072 2095 2272 2295 2336 2340 2349 2486 2490 2491 2495 3136 4336 4812 
m1053 5 11 32 36 37 46 286 287 296 555 586 587 596 1605 1611 1636 1637 1646 1855 1861 1886 1887 1896 2305 2311 2332 2336 2337 2346 4337 4837 
m2227 22 37 46 1122 1137 1146 2322 2337 2346 4837 
m1299 22 23 36 40 1122 1123 1136 1140 1172 1173 1186 1190 1822 1823 1836 1840 2022 2023 2036 2040 3673 4323 
m1477 32 36 38 46 1832 1932 1936 1946 2332 2336 2346 4836 
m3554 22 36 37 40 49 1136 1137 1822 1836 1837 1840 1849 1886 2022 2036 2037 2040 2472 2486 2487 2490 2499 
m2649 36 40 46 49 1836 1840 1846 1849 2036 2040 2046 2049 2336 2340 2346 2349 4346 4836 4846 
m1872 22 30 38 39 46 1130 1138 1139 1146 1930 1938 1939 1946 1980 2330 2339 2346 4839 
m1730 23 30 46 1180 1523 1530 1546 2330 2346 4823 
m1989 36 43 49 1849 2186 2199 
m2786 22 45 46 1122 1145 1146 2345 
m1625 23 30 36 39 40 41 1173 1180 1186 1190 1191 1523 1823 1830 1836 1973 1986 1990 1991 2023 2030 2036 2041 2073 2080 2086 2091 3673 3686 4323 4586 
m128 22 23 30 41 46 1122 1123 1130 1141 1146 1172 1173 1180 1191 1196 1522 1523 1530 1541 1546 2072 2073 2080 2322 2323 2330 2341 2346 3673 3696 4823 
m1200 22 23 38 41 46 1123 1172 1173 1923 1938 1941 1946 2072 2073 2096 2322 2323 3673 4823 
m3166 22 36 46 49 1822 1846 1849 2322 2346 2472 2496 
m94 14 22 36 38 41 46 714 736 1114 1136 1836 1914 1922 1936 1941 2064 2072 2086 2314 2322 2336 2338 2341 3236 4314 4586 4814 
m148 14 36 46 714 736 1836 2314 2336 2346 3236 4814 4836 
m1793 14 22 25 46 725 1114 1125 1146 2325 3246 
m1232 38 41 46 49 1938 1946 1949 2088 2096 2099 2341 2346 2349 
m1171 37 46 4837 
m301 36 40 41 1841 2036 2041 2086 2090 2091 
m3046 22 23 30 46 1122 1123 1130 1146 1172 1173 1180 1196 1522 1523 1530 1546 2323 2330 2346 3696 
m3279 6 14 32 36 314 332 732 1806 1814 1832 
m2137 22 32 33 36 40 1122 1132 1133 1136 1140 1633 1672 1822 1832 1833 1836 1840 2022 2032 2033 2036 4136 4186 
m3326 15 27 38 41 45 46 777 1915 1938 1941 1946 2065 2077 2088 2096 2288 2291 2296 2315 2327 2346 
m2717 17 41 46 891 2067 2096 2341 4817 
m1406 6 306 
m2193 5 14 22 23 30 41 46 49 273 280 291 705 723 730 741 1123 1130 1172 1173 1180 1522 1523 1530 1541 2072 2073 2080 2305 2323 2330 2341 2346 2464 2496 2499 3673 4814 
m678 23 46 2346 4823 
m1215 14 40 46 2014 2040 2046 2314 2346 4814 
m2027 22 44 46 1144 1146 2246 2344 2346 4846 
m3446 22 44 46 1146 2222 2244 2246 2322 2344 2346 4846 
m119 22 23 30 36 40 46 49 1122 1123 1130 1136 1140 1146 1149 1172 1173 1522 1523 1530 1540 1546 1822 1823 1830 1840 1846 2022 2023 2030 2036 2040 2046 2322 2323 2330 2340 2346 2472 2480 2486 2490 2496 3696 4823 
m1463 26 32 36 38 46 1332 1336 1346 1832 1926 1932 1936 1938 1946 2332 2336 2346 4836 
m982 36 38 1936 1938 
m1357 22 36 40 46 1136 1140 1146 1840 2336 2340 4336 4836 
m2089 23 30 44 46 1194 1523 1544 2330 2344 2346 4823 
m3278 22 32 46 48 1132 1146 2332 2422 2432 2446 4846 
m2335 22 23 30 36 40 46 1122 1123 1130 1136 1140 1146 1180 1522 1523 1530 1536 1540 1546 1822 1823 1830 1836 1840 1846 2022 2023 2030 2036 2040 2046 2322 2323 2330 2340 4823 4846 
m689 13 25 38 46 675 1913 1925 1946 2313 2325 
m3219 22 23 49 1122 1123 1173 1199 2473 3673 
m1705 22 23 36 40 41 1122 1123 1136 1140 1141 1172 1173 1822 1823 1836 1840 1841 2022 2023 2036 2040 2041 2072 2073 3673 4586 
m3527 22 23 30 41 1122 1123 1130 1173 1523 1530 2072 2073 2080 3673 
m2441 22 23 36 40 1122 1123 1136 1140 1173 1186 1190 1823 1836 2022 2023 2036 2040 3686 4323 
m3214 26 38 46 1346 1926 1946 2346 
m641 11 13 22 46 563 572 596 1113 1122 1146 2313 2322 2346 4846 
m3178 22 23 36 40 1122 1123 1136 1140 1173 1186 1190 1822 1823 1836 1840 2022 2023 2036 2040 3673 4323 
m1451 13 16 22 36 40 672 686 690 822 836 840 1113 1116 1122 1136 1140 1822 2022 2036 3166 
m381 14 46 746 2346 
m1594 16 22 23 46 822 846 1122 1146 1172 2322 3323 3696 
m288 36 46 2336 2346 4836 
m1626 5 13 33 46 655 1655 2305 2313 2333 4163 
m2277 22 23 30 40 46 1122 1123 1130 1140 1146 1180 1196 1523 1530 1546 2022 2023 2030 2046 2330 3673 4823 
m2743 30 36 38 1530 1538 1838 1930 1936 1938 4036 4330 
m2572 14 46 2346 3246 4814 
m1548 22 36 37 40 46 1136 1137 1140 1146 1837 1840 1846 1890 2022 2036 2037 2040 2046 2336 2340 2346 4336 4346 4396 4837 
m456 22 46 1122 1146 
m1009 5 13 22 33 36 40 263 272 283 286 290 672 686 690 1113 1122 1133 1136 1140 1672 1686 1690 1822 2022 2036 2040 3183 
m3137 13 38 1913 1938 
m671 12 38 40 45 46 1912 1945 1946 2012 2038 2045 2046 2262 2296 2312 2346 4812 
m1424 37 46 2337 
m2971 36 46 49 1849 2336 2346 2349 2486 2496 2499 4336 4836 
m1098 37 45 46 2287 2296 2337 2346 4837 
m718 23 24 40 46 1190 1240 1246 2023 2024 2040 2046 2340 3696 3723 
m1936 22 26 44 46 1144 1146 1322 1344 1346 2244 2246 2344 2346 4846 
m2709 22 36 40 41 1136 1140 1141 1836 1841 2036 2041 2086 2090 2091 4586 
m481 23 46 2323 2346 4823 
m551 22 23 41 46 1123 1141 1146 1173 1191 1196 2073 2323 2341 3673 4823 
m1347 23 30 36 40 49 1180 1199 1549 1823 1830 1836 1840 1849 2023 2030 2036 2040 2049 2473 2480 2486 2490 
m1198 23 30 36 41 49 1191 1523 1530 1541 1823 1830 1836 1841 1849 2073 2080 2086 2091 2099 2473 2480 2486 2491 2499 
m1002 22 23 36 40 41 1122 1123 1136 1140 1141 1173 1186 1190 1823 1836 2022 2023 2036 2040 2041 2072 2073 2086 2090 2091 3686 4323 
m2020 14 32 36 49 714 732 736 749 1636 1649 1849 2482 2486 2499 
m1562 36 38 49 1838 1849 1936 1938 1949 
m2532 14 46 714 746 2314 2346 4814 
m2731 13 22 32 36 40 672 686 690 1113 1122 1136 1140 1613 1622 1636 1640 1822 2022 2036 
m3352 46 4846 
m2671 32 40 1632 2032 
m2641 22 23 36 40 41 1123 1136 1140 1141 1173 1186 1190 1823 1836 2023 2036 2040 2072 2073 2086 2090 2091 3686 4323 
m3550 26 38 46 1926 1938 1946 2326 
m1361 23 30 49 1180 1199 1549 2473 2480 2499 
m2371 14 22 32 46 722 732 746 1132 1146 2332 4846 
m180 13 22 33 36 40 672 686 690 1113 1122 1133 1136 1140 1672 1686 1690 1822 2022 2036 3183 
m2676 46 
m1576 26 31 36 37 46 1576 1587 1596 1826 1831 1837 1846 1876 1896 2326 
m3552 22 30 37 40 46 1130 1137 1146 1537 1540 1546 1890 2340 4396 
m2634 17 37 46 2337 3387 4817 
m107 22 36 41 46 1136 1146 1846 2072 2096 2322 2336 2341 2346 4586 4836 
m658 22 23 30 1122 1123 1130 1173 1523 1530 3673 
m2328 14 34 36 40 46 1714 1734 1736 1740 1746 1814 1836 1840 1846 2014 2036 2040 2046 2314 2346 4346 4814 4846 
m3240 22 23 30 36 40 41 46 49 1122 1123 1130 1136 1140 1141 1146 1149 1172 1173 1186 1190 1191 1199 1522 1523 1530 1536 1541 1546 1549 1823 1840 2023 2036 2040 2072 2073 2086 2090 2096 2099 2322 2330 2336 2340 2341 2346 2349 2472 2473 2486 2490 2496 3696 4823 
m2643 13 38 46 1913 1938 1946 2313 
m95 14 36 38 41 46 714 1814 1836 1838 1914 1936 2064 2086 2088 2096 2314 2336 2338 3236 4314 4586 4814 
m3305 22 36 40 41 1136 1140 1141 1836 1840 2036 2086 2090 4586 
m2417 6 14 36 46 49 314 706 714 736 746 749 1806 1814 1846 2306 2456 2464 2486 2496 4814 
m1168 36 40 46 49 1836 1846 2036 2040 2046 2049 2336 2346 2349 2486 2496 4336 4836 
m3111 14 45 46 49 2264 2296 2299 2314 2346 2464 2496 4814 
m1162 5 37 46 1855 2305 2337 2346 4837 
m3344 22 38 46 1146 1922 1938 1946 2346 
m1529 36 46 49 1846 1849 2336 2346 2486 2496 4336 4346 4846 
m1148 22 36 37 40 46 1122 1136 1137 1140 1146 1822 1837 1840 1846 1890 2022 2036 2037 2040 2046 2337 2340 2346 4346 4837 
m912 23 26 30 38 46 1180 1323 1330 1338 1346 1923 1930 1946 2330 2346 4823 
m3583 22 44 45 46 1146 2272 2294 2296 2344 2346 4846 
m1021 26 30 36 44 46 1330 1336 1344 1346 1830 2230 2330 2336 2344 2346 4736 
m3390 36 40 46 1840 1846 2036 2040 2046 2346 4346 
m3307 14 46 2314 2346 4814 
m1264 40 41 46 2046 2090 2096 2340 
m1000 22 36 46 1136 1146 1846 2322 2336 4846 
m571 37 46 4396 
m574 41 46 2341 
m1022 36 40 41 1836 1840 2036 2086 2090 2091 4586 
m3355 38 40 46 49 1940 1946 2046 2346 2488 2490 2496 
m189 22 23 30 46 1122 1123 1130 1146 1196 1523 1546 2346 
m3071 22 44 46 1144 1146 2222 2246 2322 2344 2346 4846 
m2945 13 23 36 46 49 1813 1823 1846 1849 2313 2346 2463 2473 2486 2496 2499 3663 4813 4823 
m728 22 36 37 40 46 1122 1136 1137 1140 1146 1886 1890 2036 2037 2040 2046 2322 2336 2337 2340 2346 4396 
m3445 12 36 46 49 612 636 646 649 1812 1849 2312 2336 2346 2349 2462 2486 2496 2499 4812 
m2662 22 23 1122 1123 1173 3673 
m1284 37 40 46 2037 2046 4396 
m3403 22 23 36 40 41 1122 1123 1136 1140 1141 1172 1173 1186 1190 1191 1823 1840 1841 2023 2036 2040 2041 3673 
m476 22 23 41 1123 1173 1191 3673 
m741 22 23 36 40 41 1123 1136 1140 1172 1822 1823 1836 2023 2036 2072 2073 2086 2090 2091 3673 4323 4586 
m3011 22 23 36 40 41 46 49 1123 1136 1141 1149 1836 1849 2022 2036 2041 2046 2049 2073 2086 2091 2099 2322 2323 2336 2341 2349 2472 2473 2486 2491 4323 4336 4836 
m2338 6 43 4656 
m1316 23 30 37 39 1180 1523 1530 1537 1539 1880 1980 1987 4373 4473 
m311 5 36 38 46 49 255 286 288 296 299 1805 1836 1838 1846 1849 1905 1936 1946 2346 2349 2486 2499 4836 
m1417 14 46 2314 2346 4814 
m3581 14 22 32 36 40 45 46 714 722 732 736 740 746 1114 1145 1146 1614 1622 1632 1640 1646 1814 1822 1840 2014 2022 2040 2045 2046 2264 2286 2314 2322 2332 2336 2345 2346 3246 4332 4346 
m162 26 38 46 1338 1346 2338 2346 
m2849 5 38 46 288 296 1946 
m3174 46 2346 
m3598 5 36 37 46 49 286 296 299 1849 1855 1886 1896 1899 2305 2336 2346 2349 4836 4837 
m2913 12 14 46 712 746 2312 2346 3246 4812 
m820 22 30 36 40 45 1122 1136 1140 1522 1536 1540 1836 1840 2022 2036 2040 2280 2286 
m491 31 36 38 46 1588 1838 2331 2338 4331 4836 
m1341 2 41 141 
m2156 28 36 1428 1436 1828 1836 3936 4328 
m873 32 33 36 1632 1633 1636 1683 1686 1833 1836 4136 4186 4333 4336 
m2239 22 23 36 40 49 1122 1123 1136 1140 1149 1172 1173 1186 1190 1199 1840 2022 2023 2036 2040 2049 2473 2486 2490 3673 3686 4323 
m2000 5 23 38 45 46 1155 1945 1946 2255 2273 2305 2323 2345 2346 4823 
m3135 14 46 49 2314 2346 2464 2496 4814 
m23 22 23 36 40 45 1122 1123 1136 1140 1145 1173 1822 1823 1836 1840 1845 2022 2023 2036 2040 2045 2273 3673 
m1572 22 23 36 49 1123 1136 1173 1186 1199 1823 1849 2473 2486 3673 4323 4336 
m2546 12 13 22 27 36 40 627 677 1112 1113 1122 1127 1136 1140 1812 1813 1827 1840 2012 2013 2027 3162 
m3594 14 23 30 38 46 723 730 738 746 1180 1523 1530 1546 1923 1930 1946 2323 2330 2338 2346 4823 
m1396 22 23 30 1122 1123 1130 1522 1523 
m1813 23 36 41 49 1191 1823 1836 1841 1849 2473 2486 2491 3686 4323 4336 4341 
m296 3 30 36 40 46 180 186 190 196 1830 2030 2036 2046 2330 4836 
m170 23 30 46 1180 1523 1530 1546 2330 4823 
m144 13 22 41 691 1113 1122 1141 
m2994 5 13 33 655 1655 4163 
m413 10 22 44 46 546 1110 1144 1146 2210 2246 2310 2344 2346 4846 
m120 22 30 36 40 41 49 1122 1130 1136 1140 1141 1536 1540 1822 1840 1841 2022 2036 2040 2041 2080 2086 2090 2472 2486 2490 
m1584 21 22 23 30 36 40 46 1072 1073 1080 1090 1096 1121 1122 1123 1130 1136 1140 1146 1172 1173 1522 1523 1530 1546 1821 1822 1823 1830 1840 1846 2021 2022 2023 2030 2036 2040 2046 2321 2322 2323 2330 2340 2346 3696 4823 
m649 22 36 38 40 1138 1822 1838 1922 1936 1938 1940 2022 2036 2038 
m1306 22 23 30 46 1123 1130 1146 1172 1173 1180 1196 1523 1530 1546 2330 4823 
m1551 23 30 46 1523 1530 1546 2346 3696 4823 
m3430 36 46 2336 2346 4836 4846 
m2358 22 37 46 1872 1896 2322 2346 4837 
m1818 14 23 30 38 40 730 1180 1514 1523 1530 1540 1914 1923 1930 1940 2014 2023 2030 3223 
m1494 22 23 30 46 1122 1123 1146 1180 2330 2346 4823 
m2083 45 46 2345 
m993 22 38 46 1138 1146 1938 1946 2338 
m2949 13 38 41 691 1913 1938 1941 
m3342 37 38 46 1937 1946 2337 
m2912 23 30 36 41 1180 1186 1830 2073 2080 3673 3686 4323 4586 
m500 14 36 41 46 714 736 741 1836 1841 2091 2314 2336 2341 3236 4314 4586 4814 
m135 5 36 37 38 45 46 286 295 1845 1855 1886 1895 1936 1937 1938 1946 2305 2336 2337 4336 
m2174 22 36 40 41 1122 1136 1140 1141 1822 1836 1840 1841 2022 2036 2040 2041 2072 2086 2090 
m342 26 27 46 1327 1346 2327 2346 
m2885 46 47 2346 2347 
m2326 12 23 36 40 41 46 49 623 636 640 641 649 1191 1823 1840 1841 2012 2023 2036 2040 2041 2046 2073 2086 2090 2091 2099 2312 2323 2336 2341 2346 2349 2473 2486 2490 2491 3136 4323 4336 4812 
m2996 23 30 36 38 40 46 1180 1186 1190 1523 1530 1536 1540 1546 1830 1923 1930 1936 1940 1946 2023 2030 2036 2038 2040 2046 2323 2330 2340 4836 
m1010 22 23 30 46 1122 1123 1130 1146 1523 1530 1546 2330 2346 3696 4823 
m273 
m2530 32 46 2332 
m632 22 36 37 40 46 1122 1136 1140 1146 1822 1836 1837 1840 1846 1872 1896 2022 2036 2037 2040 2046 2322 2337 2346 4387 4396 4837 4846 
m2639 33 46 49 1696 1699 2349 
m3222 12 22 36 46 622 636 646 1136 1812 1836 1846 2322 2336 2346 4336 4812 4836 
m810 13 38 46 688 1913 1938 1946 2313 2338 2346 3196 
m863 22 23 36 39 41 1123 1136 1972 1973 1986 1991 2072 2073 3673 4323 4586 
m309 46 2346 4846 
m1084 22 37 46 1137 1146 4837 
m3328 15 22 27 38 46 777 1115 1127 1146 1915 1922 1938 1946 2315 2327 2346 
m1503 23 30 36 40 41 1173 1180 1186 1190 1523 1530 1536 1540 1823 1830 1836 1840 2023 2030 2036 2040 2073 2080 2086 2090 3673 4323 
m2513 26 40 46 49 2026 2046 2326 2340 2346 2476 2496 
m282 22 38 1122 1922 
m76 22 23 30 46 1123 1130 1146 1180 1523 1530 1546 2330 4823 
m2477 23 26 30 46 1180 1323 1326 1330 1346 1523 1530 2330 2346 4823 
m3203 13 38 1913 1938 
m1117 23 30 46 49 1180 1523 1530 1546 2330 2346 2480 2496 4823 
m3558 38 45 46 1938 1945 1946 2345 
m2026 14 32 49 732 2464 
m2702 14 22 38 44 46 744 746 1114 1138 1144 1146 1914 1938 1944 1946 2344 2346 3246 
m1610 36 37 49 1836 1837 1849 2486 2487 2499 
m2879 22 30 32 36 40 41 46 49 1122 1130 1132 1136 1140 1141 1146 1522 1532 1536 1546 1622 1646 1822 1830 1832 1836 1840 1846 1849 2022 2030 2032 2036 2040 2046 2049 2072 2090 2096 2322 2472 2480 2482 2486 2490 2496 4346 4846 
m1187 22 23 30 36 40 1122 1123 1130 1136 1140 1172 1173 1180 1186 1190 1522 1523 1536 1540 1822 2022 2023 2036 3673 3686 4323 4336 
m3170 22 23 36 41 1122 1123 1136 1141 1172 1173 1186 1191 1822 1823 2072 2073 3673 4586 
m3311 22 40 46 49 2040 2046 2322 2346 2490 2496 
m1007 22 36 40 46 1822 1840 1846 2022 2036 2040 2046 2322 2336 2340 2346 4336 4346 4836 
m3532 22 23 36 38 41 1122 1123 1136 1141 1172 1822 1823 1922 1923 1936 1941 2072 2073 2086 2088 2091 3673 4323 4586 
m3050 22 23 30 36 40 41 46 49 1122 1123 1130 1136 1140 1141 1146 1149 1172 1173 1190 1191 1522 1523 1530 1536 1540 1541 1546 1822 1823 1830 1836 1840 1846 1849 2022 2023 2030 2036 2040 2041 2046 2049 2322 2323 2330 2336 2340 2341 2346 2473 2480 2486 2490 2496 3696 4823 
m6 22 41 46 1141 1146 2091 2341 
m1379 3 14 703 714 
m175 15 23 30 40 46 773 1515 1523 1530 1546 2015 2023 2030 2046 2315 4823 
m3030 22 23 30 36 40 41 46 1122 1123 1130 1136 1140 1141 1146 1180 1522 1523 1530 1536 1540 1546 1822 1823 1830 1836 1840 1846 2022 2023 2030 2036 2040 2046 2072 2086 2090 2091 2322 2323 2330 2340 4823 4846 
m451 28 36 38 1438 1838 1928 1936 4328 
m752 22 44 46 1122 1144 1146 2322 2344 2346 4846 
m455 23 30 46 1180 1196 2323 2330 2346 3673 4823 
m2321 5 13 22 26 33 36 40 263 272 283 286 290 672 686 690 1113 1122 1133 1136 1140 1305 1313 1322 1333 1336 1340 1655 1663 1672 1683 1686 1690 1822 2022 2036 3183 
m312 22 23 46 1122 1123 1146 1196 2323 3673 
m2700 37 49 1899 2487 
m880 30 46 49 2330 2480 2496 
m2489 22 30 40 46 1130 1146 2022 2030 2046 2322 2330 2346 
m3101 23 30 1173 1180 1523 1530 
m3421 22 30 32 36 46 49 1532 1536 1546 1549 1622 1636 1649 1822 1849 2322 2330 2332 2336 2346 2349 2472 4136 4336 4836 
m670 14 23 36 38 46 49 1164 1814 1823 1838 1846 1849 1914 1923 1946 1949 2323 2464 2473 2496 4814 
m2954 5 13 33 38 263 283 288 655 663 1655 1663 1905 1913 1933 1938 4163 
m2554 14 46 2346 3246 4814 
m1105 45 2295 
m686 23 30 45 46 1195 1523 1545 1546 2323 2330 2345 2346 3696 4823 4846 
m1461 22 23 30 40 46 1122 1123 1130 1140 1146 1180 1523 1530 1546 2022 2023 2030 2046 2330 2346 4823 
m628 36 46 49 2486 2496 4836 4846 
m2124 30 36 37 40 46 1536 1537 1540 1546 1837 1840 1846 1890 2037 2046 2340 4396 
m2690 5 36 38 46 286 296 1905 1936 1946 4836 
m3216 12 14 22 45 46 645 712 745 1112 1114 1146 2314 2345 2346 3146 3246 4812 
m3593 14 22 23 30 40 41 46 714 746 1114 1141 1146 1164 1172 1190 1191 1196 1514 1522 1523 1530 1540 1541 1546 2014 2022 2023 2030 2040 2041 2046 2064 2096 2314 3664 
m3543 3 32 37 182 187 1882 
m1512 14 37 40 46 737 740 746 2037 2046 4837 
m3479 22 23 36 37 40 1122 1123 1136 1137 1140 1172 1173 1822 1823 1836 1837 1840 1872 1873 2022 2023 2036 2037 2040 3673 
m3356 
m313 14 46 49 749 2346 2349 2464 2496 3246 4814 
m2100 27 1377 
m2780 22 23 30 36 40 46 1122 1123 1130 1136 1140 1146 1172 1173 1180 1186 1190 1522 1523 1530 1536 1540 1546 1823 1840 2023 2036 2040 2322 2323 2330 2336 2340 2346 3696 4823 
m396 23 49 1173 2473 3673 
m1222 12 41 46 2062 2091 2096 2312 2346 4812 
m3027 32 36 38 46 49 1632 1636 1649 1849 1932 1936 1938 1946 1949 2332 2336 2338 2346 2349 
m2932 5 13 14 33 655 705 713 1655 1664 4163 
m1163 22 23 30 36 40 41 1122 1123 1130 1136 1140 1172 1180 1186 1522 1523 1536 1822 2023 2030 2036 2072 2073 2080 2086 2090 3673 4323 
m724 22 23 30 36 40 41 1122 1123 1130 1136 1140 1141 1172 1173 1180 1186 1190 1523 1822 1823 1830 1836 2023 2030 2036 2072 2073 3673 4323 4586 
m1496 22 26 44 45 46 1144 1145 1146 1322 1344 1345 1346 2294 2296 2344 2346 
m2818 46 2346 
m1574 23 30 36 40 41 49 1186 1190 1199 1523 1530 1536 1540 1549 1836 1840 1849 2073 2080 2086 2090 2099 2486 2490 2499 3686 4336 
m1174 14 46 4814 
m2689 37 46 2337 2346 
m2472 22 36 40 46 1136 1140 1146 1846 2022 2036 2040 2046 4336 4346 
m121 22 23 30 36 40 41 46 1130 1146 1541 1546 1836 1841 2023 2036 2041 2073 2086 2323 2336 2340 2341 3686 4323 4591 
m3138 11 13 33 661 1661 4163 
m544 13 38 1913 1938 
m2875 6 23 1156 1173 
m3431 22 23 30 36 40 41 46 1122 1123 1130 1136 1140 1141 1146 1172 1173 1180 1186 1190 1191 1523 1536 1540 1541 1841 2023 2036 2041 2073 2080 2086 2090 2091 2322 2323 2330 2341 3673 4323 
m542 22 23 38 46 49 1122 1123 1146 1149 1199 1922 1923 1938 1946 2323 2346 2349 
m330 22 32 36 40 1122 1132 1136 1140 1622 1636 1640 1822 1836 1840 2022 2036 4332 
m1838 23 36 1186 1836 3686 
m837 23 30 36 40 41 1173 1180 1186 1190 1523 1536 1540 1823 1830 1840 2023 2036 2073 2086 3673 4336 
m3357 
m3005 22 23 30 36 40 41 46 1122 1123 1130 1136 1140 1141 1146 1191 1523 1536 1541 1546 1841 1846 2023 2030 2036 2040 2041 2046 2072 2341 3696 4323 
m2361 28 36 46 1828 1836 2328 2336 4846 
m1317 22 37 40 46 1137 1146 2022 2037 2040 2046 2322 2337 2346 4837 
m1434 14 36 40 46 740 746 1814 1840 1846 2014 2036 2040 2046 2314 2340 2346 3214 3246 4346 4814 
m326 22 23 30 36 40 41 1122 1123 1130 1136 1140 1173 1522 1523 1536 1822 1823 1830 1836 2022 2023 2030 2036 2072 2073 2080 2086 2090 2091 3673 4323 4586 
m619 14 36 40 46 1814 1836 1846 2014 2036 2040 2046 2336 2346 4314 4346 4814 
m1505 36 38 46 1936 1946 2336 
m1890 14 22 23 30 40 46 722 723 730 746 1114 1122 1123 1130 1146 1172 1173 1180 1196 1514 1522 1523 1530 1546 2014 2022 2023 2030 2046 2323 2330 2346 3246 3696 4823 
m3069 37 46 4837 
m2149 22 23 27 30 36 40 49 1172 1186 1199 1372 1373 1380 1386 1399 1522 1523 1527 1530 1536 1549 1822 1823 1827 1830 1836 1840 1849 2023 2027 2030 2036 2040 2049 2472 2473 2477 2480 2486 2499 3686 4336 
m457 36 40 46 1836 1840 1846 2036 2040 2046 2336 2340 4846 
m1530 22 27 46 1122 1127 1146 1377 2327 2346 
m2655 36 40 46 49 1836 1846 2036 2040 2046 2049 2336 2346 2349 2486 2496 4336 4836 
m1255 23 36 40 41 46 1191 1823 1836 1841 1846 2023 2036 2040 2041 2046 2323 2336 2341 2346 3686 4341 4346 4823 
m1432 22 23 36 40 41 1123 1136 1140 1173 1822 1823 1836 1840 2022 2023 2036 2040 2072 2073 2086 2090 3673 4323 4586 
m2811 28 36 38 46 1828 1836 1928 1936 1938 1946 2328 2336 
m2196 45 
m814 5 13 33 38 46 263 283 1905 1913 1933 1938 1946 2305 2313 2333 3183 
m3034 22 36 46 49 1122 1146 1149 1822 1846 1849 2472 2496 
m786 14 22 23 30 40 46 730 746 1114 1122 1123 1130 1146 1180 1514 1523 1530 1546 2014 2022 2023 2030 2046 2330 3223 4823 
m421 14 22 46 722 2314 2322 2346 4814 
m557 22 41 1122 1141 2072 
m1762 14 22 36 40 46 1114 1136 1140 1146 1814 1846 2014 2036 2046 2346 4346 4814 
m1881 22 23 30 36 40 41 46 1122 1123 1130 1136 1140 1141 1146 1180 1522 1523 1530 1536 1540 1546 1822 1823 1830 1836 1840 1841 1846 2022 2023 2030 2036 2040 2041 2046 2072 2086 2090 2322 2323 2330 2340 4823 4846 
m1886 13 20 22 33 36 38 40 688 1013 1022 1033 1036 1038 1040 1113 1133 1136 1138 1140 1688 1813 1822 1833 1838 1840 2013 2033 2036 2038 3183 3536 4336 
m1400 22 23 41 1122 1123 1173 2072 2073 3673 
m3290 13 20 22 32 36 40 46 672 686 690 1013 1022 1032 1036 1040 1122 1136 1140 1613 1622 1636 1640 1822 2022 2036 2313 2320 2322 2332 2336 2340 
m874 12 22 23 36 45 46 49 622 645 1122 1145 1172 1195 1812 1822 1845 1846 2272 2295 2322 2345 2462 2473 2486 2496 3662 3696 4323 4812 
m3147 23 24 40 46 1190 1240 1246 2023 2024 2040 2046 2340 3696 3723 
m2685 22 30 36 38 41 46 48 1122 1138 1141 1146 1830 1848 1930 1936 1941 1946 2080 2086 2088 2091 2096 2098 2330 2336 2348 2430 4336 
m52 22 23 30 46 1122 1123 1130 1146 1523 1530 1546 2330 2346 3696 4823 
m1952 30 37 46 1880 2330 4837 
m1541 37 41 46 49 1891 2337 2341 2346 2349 2487 2491 2496 4396 
m3587 22 23 36 41 1123 1136 1141 1172 1173 1186 1822 1823 2072 2073 2086 2091 3673 4586 
m1206 36 38 40 46 49 1936 1938 1940 1946 2036 2046 2049 2346 2349 2486 4836 
m660 40 46 2040 2046 2340 
m922 36 
m319 16 38 44 49 844 849 1916 1938 1944 1949 2494 
m1962 26 32 36 46 1332 1336 1346 1832 2332 2336 2346 4836 
m3424 22 23 36 40 46 49 1172 1822 1823 1836 1849 2022 2023 2036 2040 2046 2049 2322 2323 2336 2349 2473 2486 3686 4336 4346 4836 
m3466 22 37 46 1122 1137 1146 4837 
m931 12 36 38 41 46 641 1841 1912 1936 1938 1941 1946 2062 2086 2091 2096 2312 2336 2341 4312 
m735 22 23 30 36 40 41 1123 1130 1136 1141 1173 1186 1191 1523 1536 1541 1836 2022 2023 2030 2036 2041 2073 2080 2086 2091 3673 3686 4323 4586 
m2284 13 37 46 1896 2313 4363 
m2264 22 23 36 40 46 49 1172 1822 1823 1836 1840 1849 2022 2023 2036 2040 2046 2049 2322 2323 2336 2340 2349 2473 2486 2490 4323 4336 4346 4836 
m1593 22 23 36 40 1122 1123 1136 1140 1173 1186 1190 1822 1823 1836 1840 2022 2023 2036 2040 3673 4323 
m2013 26 41 46 1341 1346 2096 
m3547 21 36 38 45 1095 1845 1921 1936 1945 3586 
m204 30 36 37 40 46 1536 1537 1540 1546 1837 1840 1846 1890 2037 2046 2340 4396 
m956 14 22 40 46 746 1114 1146 2014 2046 2346 
m708 22 36 37 46 49 1822 1837 1846 1849 1872 2322 2346 2487 2496 4396 4837 
m665 22 36 40 46 1122 1136 1140 1146 1840 2022 2040 2046 2322 2336 2340 2346 
m1995 23 41 1191 2073 3673 
m3132 22 23 30 36 38 40 46 1123 1130 1136 1140 1172 1173 1180 1186 1188 1190 1196 1523 1538 1546 1822 1830 1922 1923 1936 1940 1946 2022 2023 2030 2036 2040 2322 2323 2330 2336 2340 3673 4323 
m1260 5 36 38 46 49 286 296 299 1905 1936 1946 2346 2349 2486 4836 
m199 22 23 30 36 40 46 49 1122 1123 1130 1136 1140 1146 1149 1172 1173 1180 1186 1190 1199 1522 1523 1530 1536 1540 1546 1549 1822 1823 1830 1836 1840 1846 1849 2022 2023 2030 2036 2040 2046 2322 2330 2336 2340 2346 2349 2472 2473 2480 2486 2496 3696 4823 
m888 14 27 38 727 1364 1377 1388 1914 1927 
m3327 14 36 40 46 2014 2036 2040 2046 2336 4314 4814 
m2845 23 45 1173 2273 3673 
m808 13 36 39 40 46 49 1813 1840 1846 1849 1963 1986 1990 1996 2013 2036 2040 2046 2049 2463 2496 4813 
m2907 22 23 36 41 1123 1136 1823 2072 2073 3673 4323 4586 
m3103 12 14 46 712 2314 2346 3146 3246 4812 
m984 22 38 46 1138 1146 1922 1938 1946 2322 2338 
m344 37 46 1896 2346 4837 
m2902 22 23 30 36 41 1123 1130 1136 1523 1823 1830 2072 2073 2080 3673 4323 4586 
m869 29 36 38 49 1488 1499 1829 1836 1838 1849 1936 1938 1949 2479 2486 2488 2499 
m74 13 33 40 690 1690 4163 
m3058 22 23 30 1172 1522 1523 
m1376 5 13 14 23 33 655 705 713 1155 1163 1164 1183 1655 1664 4163 
m3189 22 23 30 41 1123 1130 1172 1173 1180 1191 1522 1523 1530 1541 2072 2073 2080 
m3221 14 22 40 46 722 2014 2046 2314 2322 2346 4814 
m3143 11 13 33 661 1661 4163 
m2596 14 40 46 714 740 746 2014 2046 2314 2340 2346 4814 
m3212 23 36 3686 
m2211 12 14 46 712 2314 2346 3146 3246 4812 
m1116 22 30 36 40 41 46 1122 1130 1136 1140 1141 1146 1830 2022 2030 2036 2040 2046 2072 2090 2096 2330 2336 2340 4836 4846 
m217 22 40 44 46 1146 2022 2044 2046 2344 2346 4846 
m1390 14 38 1914 
m640 22 23 30 36 37 40 46 49 1123 1130 1136 1137 1140 1146 1149 1180 1523 1530 1546 1822 1823 1830 1836 1837 1840 1846 1849 1872 1873 1880 1886 1890 1896 2022 2023 2030 2036 2037 2040 2046 2330 2346 2472 2473 2480 2486 2487 2490 2496 4396 4823 
m1622 22 23 36 40 41 1122 1123 1136 1140 1141 1172 1173 1822 1823 1836 1840 1841 2023 2036 2040 2041 2072 2073 3673 4341 
m3200 34 45 2284 
m377 37 40 46 1890 2037 2040 2046 2337 2340 2346 4396 
m256 46 2346 
m3076 36 
m55 13 22 36 45 46 49 699 1113 1136 1849 2286 2295 2296 2313 2322 2336 2349 3186 
m2778 22 23 30 40 41 1123 1130 1140 1180 1522 1523 1530 2022 2023 2030 2072 2090 
m125 23 26 30 33 40 46 49 1180 1323 1330 1333 1340 1346 1673 1680 1696 2023 2030 2033 2046 2330 2476 2480 2483 2490 2496 4823 
m1941 26 39 40 46 1339 1340 1346 1990 2339 2340 4496 4846 
m1658 22 23 46 49 1122 1123 1146 1149 1196 1199 2322 2323 2346 2349 4846 
m3205 23 36 3686 
m59 11 13 22 33 36 40 661 1111 1113 1122 1133 1136 1140 1661 1811 1813 1833 1840 2011 2013 2033 4163 
m1196 22 23 36 38 41 1122 1123 1136 1138 1141 1922 1923 1936 1938 1941 2073 3686 4586 
m1747 12 14 46 712 2312 2314 2346 3146 3246 4812 
m780 36 1836 
m3457 22 23 30 36 40 41 46 1122 1123 1130 1136 1140 1141 1146 1191 1522 1523 1530 1536 1540 1541 1546 1822 1823 1830 1836 1840 1841 1846 2022 2023 2030 2036 2040 2041 2046 2072 2080 2086 2090 2091 2341 3696 4323 
m48 22 37 46 1122 1137 1146 2322 2337 2346 4837 
m1887 13 22 33 49 699 1113 1122 1149 1672 1699 4163 
m324 12 36 38 41 46 641 1841 1912 1936 1938 1941 1946 2062 2086 2091 2096 2312 2336 2341 4312 
m25 37 45 46 1895 2337 2345 2346 4396 
m617 22 23 1123 
m1754 13 25 38 46 675 1913 1925 1946 2313 2325 
m565 45 
m1846 38 41 1938 1941 2088 2091 
m3026 13 23 36 46 49 1813 1823 1846 1849 2313 2346 2463 2473 2496 3663 4813 4823 
m2798 5 23 30 40 46 1155 1180 1505 1523 1530 1546 2005 2023 2030 2040 2046 2305 2323 2330 2340 4846 
m3515 30 40 46 2030 2046 2330 2340 2346 4846 
m1706 5 36 46 49 286 296 299 1849 2346 2349 2499 4836 
m725 22 23 30 46 1122 1123 1130 1146 1180 1523 1530 1546 2330 2346 4823 
m794 22 36 40 46 1136 1140 1146 1840 2336 2340 4336 4836 
m3036 14 23 40 46 49 1196 2014 2023 2046 2049 2464 2473 2496 3664 4814 
m3155 28 36 1828 1836 
m2906 22 23 36 41 1123 1822 1823 2072 2073 3673 4323 4586 
m1328 5 23 27 41 273 291 1355 1373 1391 2073 3673 
m1767 23 30 46 1180 1523 1530 2330 4823 
m1297 36 
m2213 5 36 46 49 286 296 299 1836 1846 1849 2336 2346 2349 2486 2496 4336 4836 
m1671 22 36 40 1122 1136 1140 2036 
m891 12 45 46 645 2345 4812 
m497 32 36 46 49 1849 2332 2336 2346 2349 2482 4332 
m614 22 23 30 36 38 40 41 46 1122 1123 1130 1136 1140 1146 1172 1173 1180 1186 1190 1522 1523 1530 1536 1540 1546 1823 1840 1922 1923 1930 1938 1941 1946 2023 2030 2036 2038 2040 2041 2046 2072 2073 2080 2086 2096 2322 2330 2336 2340 2346 3696 4823 
m1040 32 36 46 49 1832 1849 2332 2336 2346 2349 2482 4332 4336 4836 
m3425 22 26 33 1122 1126 1133 1676 
m1933 22 40 1140 
m1964 14 32 36 46 732 736 1832 2314 2332 4836 
m2483 44 46 2344 2346 
m2208 3 
m2378 22 23 36 41 1122 1123 1172 1173 1822 1823 2072 2073 3673 4586 
m2578 22 23 30 36 40 41 1122 1123 1130 1136 1140 1173 1522 1523 1536 1822 1823 1830 1836 2022 2023 2030 2036 2072 2073 2080 2086 2090 3673 4323 4586 
m3572 22 23 30 36 37 40 41 46 49 1123 1130 1137 1141 1146 1190 1191 1523 1537 1540 1541 1546 1822 1823 1830 1836 1837 1840 1846 1873 1890 1891 1896 2022 2030 2036 2037 2040 2041 2046 2086 2091 2099 2340 2341 2346 2486 2490 2496 2499 4396 4823 
m3133 13 38 1913 1938 
m2073 22 23 36 40 1122 1123 1136 1140 1173 1823 2023 2036 3673 
m2752 33 34 38 40 46 1690 1696 1733 1734 1738 1746 1933 1938 1940 1946 2333 2338 2340 2346 
m1675 26 36 37 40 46 1346 1837 2036 2037 2040 2336 2337 
m2841 14 46 714 746 2314 2346 4814 
m166 32 36 38 40 46 1636 1638 1640 1646 1836 1838 1840 1846 2036 2046 2332 2336 2338 2340 2346 4136 4336 4346 
m2720 22 23 30 36 40 41 1123 1130 1136 1140 1141 1172 1173 1180 1186 1190 1523 1822 1823 1830 1836 2023 2030 2036 2073 2086 3673 4323 4586 
m155 22 23 36 40 41 1122 1123 1136 1822 1823 1836 1840 2022 2023 2036 2072 2073 2086 2090 3673 4323 4586 
m3529 22 23 30 46 1122 1123 1130 1146 1523 1546 2323 3673 4823 
m3372 23 30 36 41 1173 1180 1186 1191 1523 1530 1536 1541 1823 1830 1836 1841 2073 2080 2086 2091 3673 4323 4586 
m415 23 30 38 1180 1188 1523 1530 1538 1938 
m1194 22 30 36 40 1122 1136 1140 1522 1536 1540 1822 1836 1840 2022 2036 
m532 14 22 33 722 1672 4164 
m386 5 14 22 23 32 36 37 41 264 282 286 722 737 741 1122 1123 1141 1155 1182 1186 1614 1637 1814 1837 1872 1882 1886 1887 1891 2087 3664 4136 4332 
m408 22 23 36 41 1123 1822 1823 2072 2073 3673 4323 4586 
m3142 8 408 
m1044 23 30 36 40 1180 1523 1530 1536 1540 1830 2023 2030 2036 2040 4323 
m1854 22 36 40 46 1122 1136 1140 1146 1836 1840 2022 2036 2040 2046 2322 2336 2340 2346 4836 
m3198 23 46 2346 4823 
m3509 14 44 46 49 744 746 2344 2464 2494 2496 
m3460 13 38 46 1913 1938 1946 2313 
m2873 16 36 46 49 1816 1846 2316 2346 2486 2496 
m2531 14 46 714 746 2314 2346 4814 
m161 37 38 1888 1937 1938 
m898 14 38 46 1914 1946 2314 2346 4814 
m775 22 23 30 45 46 1123 1130 1145 1146 1196 1523 1545 1546 2273 2296 2346 
m145 14 32 46 714 732 746 1614 1646 4814 
m1978 14 23 30 38 40 730 1180 1514 1523 1530 1540 1914 1923 1930 1940 2014 2023 2030 3223 
m2784 22 23 30 36 40 46 1122 1123 1130 1136 1140 1146 1172 1173 1180 1186 1190 1522 1523 1530 1536 1540 1546 1823 1840 2023 2036 2040 2322 2323 2330 2336 2340 2346 3696 4823 
m2973 14 
m1289 36 46 49 1849 2346 2349 2486 2499 4836 
m1296 14 38 46 49 746 749 1914 1938 1946 1949 2346 2349 
m1153 36 37 38 40 46 49 1837 1849 1936 1937 1940 1946 2036 2037 2046 2049 2336 2337 2349 2487 
m1489 23 36 40 46 49 1186 1196 1836 1846 2023 2036 2046 2323 2473 2486 2490 2496 3673 4323 4836 
m3273 36 37 40 46 1840 1886 1890 1896 2036 2037 2040 2046 2336 2340 2346 4346 4837 
m564 23 30 36 40 46 1180 1823 1830 1836 1846 2023 2030 2036 2040 2046 2323 2330 2336 2346 4323 4346 4823 4836 
m2028 36 41 1841 
m234 14 22 46 714 722 746 2314 2322 2346 3246 4814 
m3072 46 2346 
m3186 5 13 22 263 272 1105 1113 1122 
m3006 22 23 36 40 46 49 1122 1123 1136 1146 1149 1199 1849 2022 2023 2036 2046 2336 2346 2349 3686 4823 4836 
m1533 22 24 1124 
m1395 14 36 40 46 1814 1836 1840 1846 2014 2036 2040 2046 2314 2336 2346 3236 4346 4814 4836 
m3019 38 41 46 1938 1941 1946 2341 
m2652 6 14 32 36 49 706 714 732 736 749 1606 1636 1806 2456 2482 2486 
m836 22 38 45 46 49 1138 1145 1146 1922 1938 1945 1946 1949 2296 2299 2349 
m3092 36 40 41 46 1836 1841 1846 2036 2040 2041 2046 2336 2341 2346 4341 4346 4836 4846 
m448 14 38 45 46 1914 1938 1945 1946 2264 2314 2338 2345 2346 4814 
m2789 22 36 46 1122 1136 1146 1822 1846 2322 
m3358 22 30 36 40 41 46 49 1122 1130 1136 1140 1141 1146 1149 1522 1536 1546 1822 1846 2022 2030 2036 2040 2046 2049 2072 2090 2322 2472 2480 2486 2496 4346 4846 
m1788 22 46 49 1146 1149 2349 2472 2496 
m1674 14 22 38 46 49 722 749 1914 1938 1946 1949 2314 2322 2338 2346 2349 2472 4814 
m2217 6 43 46 2306 2343 4656 
m1660 12 22 36 40 41 45 46 49 636 640 641 645 649 1145 1822 1836 1840 1841 1845 2012 2022 2036 2040 2041 2045 2046 2049 2072 2095 2272 2295 2336 2340 2349 2486 2490 2491 2495 3136 4336 4812 
m1589 
m1418 22 36 38 41 49 1136 1138 1141 1149 1822 1838 1841 1849 1922 1936 1941 2072 2086 2088 2099 2472 2486 2488 2491 4336 
m133 13 46 2313 
m56 22 32 46 1122 1132 1146 2332 2346 
m440 13 33 40 46 2013 2033 2046 2313 2333 4163 
m2365 22 38 46 1138 1146 1938 1946 
m1154 33 38 40 46 1690 1696 1933 1938 1940 1946 2333 2338 2340 2346 
m2640 23 36 42 1173 1186 1192 3686 4342 
m2666 13 22 40 690 1113 1122 
m3113 14 46 2314 2346 4814 
m2228 22 37 40 46 1137 1146 2022 2037 2046 2337 2346 4837 
m1249 5 13 33 46 263 283 2305 2313 2333 4163 
m1758 5 22 37 46 255 1105 1137 1146 1855 1887 1896 2305 2322 2337 2346 4837 
m3553 37 40 46 1890 2037 2040 2046 2337 2340 2346 4396 
m1869 36 49 1836 1849 2486 2499 
m3215 22 46 1122 1146 
m875 32 36 40 46 2032 2036 2040 2046 2332 4332 4836 
m1654 12 36 46 612 636 646 1812 1836 1846 2312 2336 2346 
m1822 22 23 30 36 40 41 1123 1136 1141 1172 1186 1190 1191 1522 1523 1536 1540 1541 2022 2023 2036 2041 2086 3673 3686 4336 4586 
m124 37 38 46 1888 1937 1938 1946 2338 4837 
m2753 38 46 1946 2346 
m793 5 30 37 38 46 280 1855 1880 1896 1905 1930 1937 1946 2305 2330 
m2050 13 38 46 1913 1938 1946 2313 
m2469 5 36 38 40 46 49 286 296 1805 1836 1838 1846 1849 1905 1936 1938 1946 1949 2036 2038 2046 2049 2346 2349 2455 2486 2496 4836 
m1940 34 45 2284 
m79 14 40 46 2014 2040 2046 2314 2346 4814 
m2384 23 30 49 1180 1199 1549 2473 2480 2499 
m3022 5 17 41 46 255 867 891 2091 2317 2341 2346 4817 
m1785 22 23 24 38 40 46 1123 1146 1190 1222 1240 1246 1923 1924 1938 1940 1946 2022 2023 2024 2040 2046 2340 3696 3723 
m2340 23 31 45 46 49 1195 1196 1573 1595 1596 2295 2323 2345 2346 2473 2481 2496 
m3578 46 2346 
m1350 41 46 2091 2096 2341 
m740 
m1560 22 23 45 1123 1173 1195 3673 
m1571 22 30 36 40 41 1136 1141 1522 1536 1540 1541 1822 1836 1840 1841 2022 2036 2040 2041 2086 4336 4586 
m1889 22 40 46 1140 1146 2022 2040 2046 2340 2346 
m750 22 44 46 1144 1146 2246 2322 2344 2346 4846 
m813 23 26 30 38 40 46 1180 1323 1330 1338 1346 1923 1930 1938 1946 2023 2026 2030 2038 2046 2330 4823 
m212 11 13 46 563 2311 2313 
m462 22 36 38 40 41 46 1136 1141 1836 1840 1841 1936 1940 1941 1946 2022 2036 2038 2040 2041 2046 2086 2090 2091 2322 2336 2341 4586 
m1745 12 13 22 49 649 699 1112 1113 1149 3162 
m2825 23 24 40 46 1190 1240 1246 2023 2024 2040 2046 2340 3696 3723 
m2942 22 38 46 1122 1146 1946 2322 2346 4846 
m300 44 46 2244 2246 2344 2346 4846 
m975 27 36 46 49 1827 1846 1849 2327 2346 2477 2496 
m164 12 26 46 1312 1326 1346 2312 2346 4812 
m488 22 36 37 40 1122 1136 1137 1140 1822 1872 1886 1890 2022 2036 
m2002 13 46 2313 
m3206 13 38 1913 1938 
m2164 13 22 45 46 672 2263 2295 2296 2313 2322 2346 4813 
m1646 21 38 46 1921 1946 2321 2346 4846 
m493 22 23 30 41 1122 1123 1130 1172 1173 1180 1522 1523 1530 2072 2073 2080 3673 
m3353 13 22 38 672 1113 1138 1913 1922 
m3195 13 38 1913 1938 
m620 22 30 40 46 1122 1130 1146 2022 2030 2046 2330 
m106 22 23 30 36 41 46 1122 1123 1130 1136 1141 1146 1172 1522 1523 1530 1536 1546 1822 1823 1830 2072 2073 2080 2096 2322 2330 2336 2346 3696 4346 4586 4823 
m437 22 38 46 1138 1146 1922 1938 1946 
m2077 38 41 46 49 1938 1946 1949 2088 2096 2099 2341 2346 2349 
m902 13 22 33 672 1672 3183 
m2815 22 23 30 46 1122 1123 1130 1146 1180 1523 1530 1546 2330 2346 4823 
m1580 32 37 38 44 46 1637 1644 1646 1894 1932 1937 1944 1946 2337 2344 
m399 23 30 36 40 46 1186 1190 1523 1530 1536 1540 1546 1823 1830 1836 1846 2023 2030 2036 2046 2330 2336 2340 2346 3696 4823 
m2514 14 46 714 3246 
m2730 22 23 36 40 41 1122 1136 1140 1141 1173 1186 1190 1823 1836 1840 1841 2022 2023 2036 2040 2041 2073 2086 2090 2091 3686 4323 
m2466 36 40 41 46 1840 2036 2040 2041 2046 2086 2096 2336 2340 2346 4346 4846 
m2031 46 2346 
m2306 14 46 49 2314 2346 2464 2496 4814 
m2206 23 30 36 40 41 1173 1186 1191 1523 1530 1536 1540 1541 1836 1841 2023 2030 2036 2041 3673 3686 4323 4341 
m2126 22 37 46 1122 1137 1146 2322 2337 2346 4837 
m1878 5 13 22 33 36 40 46 263 272 283 286 290 672 686 690 1113 1122 1133 1136 1140 1672 1686 1690 1822 2022 2036 2305 2313 2322 2333 2336 2340 3183 
m1384 22 23 36 40 41 46 49 1123 1136 1140 1141 1146 1191 1822 1823 1836 1840 1841 1849 2022 2023 2036 2040 2041 2046 2072 2073 2086 2090 2091 2322 2323 2336 2340 2341 2349 2472 2473 2486 2490 2491 4323 4336 4346 4836 
m392 14 38 46 49 1914 1946 2314 2464 2488 2496 
m1310 32 46 1632 1646 2332 2346 
m2153 37 39 46 1889 4396 4839 
m479 12 30 38 40 46 630 1912 1930 1946 2012 2030 2038 2040 2046 2312 2330 2346 4812 
m237 14 22 31 36 46 731 736 1114 1136 1146 1846 2314 2331 2346 3246 4331 4836 
m196 23 26 46 1176 1346 3696 4846 
m1776 26 36 46 1336 1346 4836 4846 
m2968 36 40 46 49 1840 1846 1849 2036 2040 2046 2049 2340 2346 2486 2490 2496 4336 4346 4846 
m2663 23 41 1173 1191 2073 3673 
m1784 22 23 30 46 1122 1123 1130 1146 1523 1530 1546 2330 2346 3696 4823 
m1487 22 23 30 46 1122 1123 1130 1146 1180 1523 1530 1546 2330 4823 
m458 22 36 37 40 41 1137 1140 1822 1836 1840 1841 2022 2036 2037 2040 2041 2072 2086 2090 2091 4586 
m1142 23 32 46 1196 1623 1646 2346 
m3004 22 23 30 36 40 41 46 1122 1123 1130 1136 1140 1141 1146 1191 1523 1536 1541 1546 1822 1830 1841 1846 2023 2030 2036 2040 2041 2046 2072 2091 2341 3696 4323 4586 
m1058 30 38 1930 1938 
m2033 38 41 46 1941 1946 2091 2341 
m2510 11 46 2311 
m1738 22 36 37 40 46 1122 1136 1137 1140 1146 1822 1836 1837 1840 1846 1872 1896 2022 2036 2037 2040 2046 2322 2337 2346 4387 4396 4837 4846 
m567 12 13 22 36 40 622 636 640 672 686 690 1112 1113 1122 1136 1140 1822 2022 2036 3162 
m2767 22 23 45 1123 1173 1195 3673 
m191 22 23 36 40 41 1122 1123 1136 1140 1141 1172 1173 1822 1823 1836 1840 1841 2022 2023 2036 2040 2041 2072 2073 3673 4586 
m430 14 22 46 722 746 2322 2346 
m3528 46 
m1992 11 13 22 33 36 40 563 572 583 586 590 672 686 690 1113 1122 1133 1136 1140 1672 1686 1690 1822 2022 2036 3183 
m890 23 36 3686 
m577 22 23 36 40 1122 1123 1136 1140 1173 1822 1823 1840 2022 2023 3673 
m1028 40 45 46 2045 2046 2296 2346 4846 
m753 22 44 46 1122 1144 1146 2322 2344 2346 4846 
m182 22 23 36 40 41 1122 1123 1136 1140 1141 1172 1173 1822 1823 1836 1840 1841 2022 2023 2036 2040 2041 2072 2073 3673 4586 
m2448 36 
m2521 13 22 36 40 1113 1122 1136 1140 1813 1840 2013 
m2034 14 36 40 46 740 1814 1840 2014 2036 2040 2046 2336 2340 2346 3246 4346 4814 
m554 12 14 40 46 712 2012 2014 2046 2314 2346 3146 3246 4812 
m1324 14 23 30 46 730 1180 2314 2323 2330 2346 3223 4814 4823 
m738 23 41 46 2073 2323 2341 3673 
m2303 36 37 40 46 1837 1846 2036 2037 2040 2046 2337 2346 4346 4837 
m1261 14 40 46 2014 2040 2046 2314 2346 4814 
m3271 22 36 37 40 46 1136 1137 1140 1146 1840 1886 1890 1896 2036 2037 2040 2046 2336 2340 2346 4346 4837 
m3157 5 36 45 286 295 1845 2255 2286 2295 4336 
m160 36 38 1838 1936 1938 
m3580 13 38 46 1913 1938 1946 2313 2346 
m856 22 30 38 46 1130 1146 1922 1930 1946 2322 2330 2346 
m1302 22 23 30 36 38 40 41 1123 1136 1140 1141 1172 1173 1180 1186 1188 1190 1191 1830 1922 1923 1936 1940 1941 2022 2023 2030 2036 2038 2040 2041 2073 2080 2086 2090 3673 4323 
m549 22 23 1123 1173 3673 
m2933 5 14 46 264 296 2314 2346 4814 
m108 38 45 1945 
m616 23 45 2273 
m1550 22 46 1146 2346 
m229 23 30 36 40 41 49 1190 1523 1530 1540 1541 1823 1830 1836 1840 1841 1849 2073 2080 2090 2473 2480 2486 2490 2491 2499 
m5 32 36 38 41 46 1638 1646 1838 1846 2082 2096 2332 2336 2338 2341 2346 4332 4586 
m1914 22 23 30 36 40 46 1122 1123 1130 1136 1140 1146 1180 1523 1530 1536 1546 1830 1846 2022 2023 2030 2036 2040 2046 2330 4323 4823 
m3163 14 26 38 41 741 1314 1341 1914 1926 1941 
m2241 23 36 38 40 41 46 1823 1838 1841 1923 1941 1946 2023 2036 2038 2040 2041 2046 2073 2323 2341 4346 
m3470 22 38 46 1122 1138 1146 1922 1938 1946 2322 2338 2346 
m192 22 23 30 36 1123 1130 1136 1172 1180 1522 1822 1823 1830 
m1048 22 37 40 46 1122 1137 1140 1146 1890 2022 2037 2040 2046 2337 2340 2346 4837 
m2898 22 37 46 49 1137 1146 1899 2346 2349 2496 4396 4837 
m2915 22 23 30 46 1122 1123 1130 1146 1180 1523 1530 1546 2330 4823 
m2190 36 37 41 46 49 1837 1841 2087 2341 2486 2487 2491 2496 4336 4346 4837 
m34 22 23 30 41 46 1122 1123 1130 1141 1146 1522 1541 1546 2072 2073 2322 2323 2341 2346 
m2078 36 49 1836 1849 2499 
m685 23 30 36 40 41 1173 1180 1186 1190 1191 1523 1823 1830 1836 1841 2023 2030 2036 2073 2080 2086 2090 2091 3673 4323 4586 
m1779 14 38 40 46 49 1914 1940 1946 1949 2014 2046 2049 2346 2464 2496 4814 
m3207 22 23 24 40 45 46 1122 1145 1172 1190 1195 1222 1240 1245 1246 2022 2023 2024 2040 2045 2046 2272 2295 2322 2340 2345 3696 3723 
m3067 22 37 49 1122 1137 1149 1872 1899 2472 2487 2499 
m663 22 23 30 36 40 41 46 1122 1123 1130 1136 1140 1141 1146 1172 1173 1180 1186 1190 1191 1523 1536 1540 1541 1841 2023 2036 2041 2072 2073 2080 2086 2090 2091 2096 2322 2323 2330 2341 3673 4323 
m1267 36 40 41 1836 1840 1841 2036 2040 2041 
m3573 16 22 36 40 822 836 840 1116 1122 1136 1140 1822 2022 2036 
m1173 22 41 46 1122 1141 1146 2341 2346 
m904 36 40 41 1836 1840 2036 2086 2090 2091 4586 
m2512 22 23 36 40 46 1122 1123 1136 1140 1146 1172 1186 1190 1196 1822 1836 2022 2036 2040 2046 2322 3686 4346 
m2712 37 40 46 2037 2046 2337 4837 4846 
m1921 14 41 46 2064 2091 2096 2314 2346 4814 4846 
m1502 14 30 46 730 746 1530 2330 
m877 5 13 22 38 263 272 288 663 1105 1113 1122 1138 1905 1913 1922 1938 
m648 23 27 1173 1177 1373 1377 
m1123 12 22 23 36 40 46 49 636 646 649 1186 1196 1199 1822 1836 1840 1846 2022 2036 2322 2336 2346 2349 2486 2496 3123 3146 3686 4336 4823 
m1927 13 22 37 672 1872 4363 
m1402 13 33 46 1696 2313 4163 
m1597 30 36 46 1536 1546 2330 2336 2346 4836 
m1595 22 23 26 30 36 40 41 1122 1123 1126 1136 1140 1141 1172 1173 1180 1186 1191 1323 1336 1340 1523 1536 1541 1822 1823 1826 1836 1840 1841 2022 2023 2026 2036 2040 2041 2072 2073 2076 2086 2090 3673 4586 
m2430 23 31 46 49 1196 1573 1596 2346 2473 2481 2496 2499 
m16 23 46 2323 2346 4823 
m699 14 22 38 46 49 722 749 1938 1946 2314 2322 2346 2349 2472 
m1783 23 32 45 46 1182 2273 2282 2296 2323 2332 2346 4823 
m513 13 37 4363 
m524 
m335 22 23 27 41 45 1122 1123 1127 1141 1145 1195 1372 1391 2073 2095 
m1126 13 20 22 32 36 40 672 686 690 1013 1022 1032 1036 1040 1122 1136 1140 1613 1622 1636 1640 1822 2022 2036 
m1218 14 40 46 2014 2046 2314 2346 4814 
m1346 23 30 36 49 1180 1199 1549 1823 1830 1849 2473 2480 2486 
m1380 44 46 2344 2346 
m2917 21 23 36 1071 1073 1821 4321 4323 4336 
m1913 13 22 32 36 38 40 672 686 690 1113 1136 1140 1613 1622 1636 1640 1822 1913 1922 1932 1936 1940 2022 2036 2040 3186 4336 
m1334 13 20 22 32 36 40 670 686 690 1113 1120 1136 1140 1613 1620 1622 1636 1640 1820 2020 2036 2040 3186 4336 
m2605 36 49 1836 1849 2499 
m913 13 33 4163 
m1309 22 23 30 38 41 1123 1172 1173 1188 1522 1523 1530 1538 2072 2073 2080 2088 3673 
m66 46 2346 
m1139 14 23 30 730 1180 1523 1530 3223 
m2520 36 38 40 46 49 1836 1838 1840 1846 1849 1938 2036 2038 2040 2046 2049 2336 2338 2340 2346 2349 2486 2488 4336 4346 4836 
m1535 15 22 27 38 46 777 1115 1127 1146 1915 1922 1938 1946 2315 2327 2346 
m3213 26 40 46 1346 2026 2046 2346 
m2114 23 45 46 1196 2273 2296 2323 2346 3696 4823 
m1837 23 36 1186 1836 3686 
m3323 44 46 49 2246 2249 2344 2346 2349 
m213 28 46 1428 2328 2346 
m2761 14 22 41 46 722 2064 2072 2096 2314 2322 2341 2346 4814 
m1739 30 46 2330 
m475 22 23 36 40 41 1122 1123 1136 1140 1141 1172 1173 1822 1823 1836 1840 2022 2023 2036 2040 2072 2073 2086 2090 3673 4586 
m2419 36 49 1836 1849 2499 
m2261 22 36 40 1122 1136 1140 1822 1836 1840 2022 2036 
m1598 26 46 49 1326 1346 1349 2349 
m736 30 36 46 49 1536 1549 1849 2330 2336 2346 2349 
m163 46 2346 
m2659 32 36 38 41 46 49 1641 1646 1938 1941 1946 1949 2332 2336 2341 2346 2482 2486 2491 2496 4136 4586 
m2305 32 40 46 1632 1640 1646 2032 2040 2046 2332 2340 2346 
m3437 13 38 1913 1938 
m852 15 16 37 46 1865 2315 2316 2337 2346 3315 4366 
m2280 22 30 36 40 46 1122 1130 1136 1146 1522 1536 1822 2022 2030 2036 2322 2330 2336 2340 2346 4836 
m1808 36 46 49 1846 1849 2346 2349 2496 4836 
m1935 22 23 30 36 1172 1180 1522 1822 1823 1830 
m375 36 46 2336 2346 4836 4846 
m845 26 33 46 49 1333 1346 1349 2349 2483 4833 
m283 22 36 37 40 46 1136 1137 1140 1146 1837 1840 1846 1890 2022 2036 2037 2040 2046 2336 2340 2346 4336 4346 4396 4837 
m2588 26 32 33 46 1332 1333 1346 1682 2332 4833 
m1311 12 26 46 612 1312 1346 2312 2346 4812 
m165 22 
m2184 22 36 37 40 46 1122 1136 1137 1140 1146 1822 1837 1840 1846 2022 2037 2040 2046 2322 2337 2346 4837 
m2155 46 2346 
m1101 15 38 46 1915 1938 1946 2315 2338 
m46 23 30 36 49 1180 1523 1530 1549 1823 1830 1836 1849 2473 2480 2486 2499 
m763 14 37 38 46 737 738 746 1888 1896 2338 
m1096 30 36 38 40 46 1830 1930 1936 1940 1946 2030 2036 2046 2330 2336 2340 2346 4836 
m1824 23 36 41 49 1191 1823 1836 1841 1849 2473 2486 2491 3686 4323 4336 4341 
m2967 22 23 30 36 40 46 1122 1123 1130 1136 1140 1146 1172 1180 1186 1190 1196 1522 1523 1530 1536 1540 1546 1830 2022 2023 2030 2036 2046 2330 4836 
m3520 5 13 14 38 46 655 705 746 1913 1914 1946 2305 2313 3213 
m2585 22 23 30 38 46 1123 1130 1146 1180 1523 1530 1546 1922 1923 1930 1938 1946 2330 4823 
m3226 36 41 46 2336 2341 2346 4586 4846 
m2107 5 23 32 36 46 273 282 286 1623 2305 2323 2332 2336 2346 4323 4332 4823 4836 
m1555 
m627 36 46 49 2486 2496 4836 4846 
m433 22 23 30 36 40 41 46 49 1122 1123 1130 1136 1140 1141 1146 1172 1173 1186 1190 1191 1199 1522 1523 1530 1536 1540 1541 1546 1549 1822 1823 1830 1836 1840 1841 1846 1849 2022 2023 2030 2036 2040 2041 2046 2049 2072 2073 2086 2090 2096 2099 2330 2336 2340 2341 2349 2472 2473 2486 2490 2496 3696 4823 
m758 5 7 13 22 257 263 272 363 372 1107 1113 1122 
m1156 22 23 30 36 40 1123 1130 1173 1186 1190 1523 1530 1536 1823 2023 2036 3673 3686 
m805 12 30 36 46 49 1512 1530 1546 1812 1830 1836 1846 1849 2346 2480 2496 2499 4812 
m3014 13 30 36 46 1513 1536 1546 2313 2330 2336 2346 4313 4813 4836 
m2129 20 40 48 1040 2040 2420 2440 
m2195 44 46 49 2344 2349 2494 
m105 5 14 38 46 705 738 746 1905 1914 1938 1946 2305 
m1192 22 23 41 1122 1123 1141 1172 2073 
m2007 38 45 46 49 1938 1946 1949 2288 2296 2299 2349 
m1909 14 22 36 40 41 46 714 722 736 741 1822 1836 1841 2014 2036 2046 2072 2314 2322 2336 2341 3236 4314 4586 4814 
m526 46 
m291 22 23 24 40 46 1123 1124 1140 1146 1190 1240 1246 2022 2023 2024 2046 2340 3696 3723 
m851 21 32 33 46 1082 1083 1096 1633 2321 2332 2333 2346 4833 
m3204 13 38 1913 1938 
m2497 5 14 26 33 45 264 276 283 726 1676 2255 2264 2276 2283 3233 
m2631 22 23 30 45 1123 1173 1180 1523 2272 2273 3673 
m152 5 13 14 33 263 283 705 713 733 4163 
m1925 22 30 36 38 46 49 1522 1536 1538 1546 1549 1822 1922 1930 1936 1938 1946 1949 2322 2330 2336 2338 2346 2349 2472 2486 2496 
m307 13 20 22 33 36 40 672 686 690 1013 1022 1033 1036 1040 1122 1136 1140 1672 1686 1690 1822 2022 2036 3183 
m3192 8 10 38 508 1908 1910 
m1922 22 30 40 46 1122 1130 1140 1146 1530 1546 2022 2030 2040 2046 2322 2330 2340 2346 
m2986 22 30 36 41 45 1130 1536 1541 2272 2280 4586 
m1577 22 30 36 40 41 1136 1141 1536 1540 1541 1822 1836 1840 1841 2022 2036 2040 2041 2086 4336 4586 
m683 5 13 38 46 263 296 1905 1913 1938 1946 2305 2313 2346 4813 
m2787 23 30 36 41 1186 1191 1523 1536 1541 3673 3686 4586 
m2829 12 13 22 27 36 40 622 636 640 672 686 690 1112 1113 1122 1136 1140 1362 1363 1372 1386 1390 1822 2022 2036 3162 
m981 38 40 46 49 1940 1946 1949 2046 2490 2496 
m1954 5 38 45 46 255 1905 1938 1945 1946 2255 2305 2345 2346 
m1314 22 37 40 46 1137 1146 2022 2037 2046 2337 2346 4837 
m1454 22 23 32 36 1123 1132 1136 1173 1182 1186 1623 1823 3673 4332 
m3187 
m2433 13 22 33 36 40 1113 1122 1133 1136 1140 1686 1690 1813 1840 2013 4163 
m2892 23 30 36 41 1523 1823 1830 2073 2080 3673 4323 4586 
m3190 22 45 46 1146 2272 2296 
m1617 13 33 36 38 40 41 686 690 691 1686 1690 1691 1841 1913 1933 1936 1938 1941 2036 2041 2063 2083 2086 2090 2091 3183 
m3512 22 23 30 1122 1123 1130 1172 1173 1180 1522 1523 1530 
m3334 12 26 40 46 626 2012 2026 2046 2312 2326 2340 2346 4812 
m3377 
m3410 22 37 40 46 1137 1146 2022 2037 2046 4837 
m2209 38 46 1938 1946 2346 
m38 22 23 36 37 40 1123 1136 1140 1172 1173 1186 1190 1823 1840 1872 1873 1886 1890 2023 2036 2040 3673 3686 4323 4336 
m2015 12 45 46 645 2345 4812 
m216 38 41 44 46 1941 1944 1946 2094 2096 2344 
m1885 23 30 40 46 1180 1523 1530 1546 2023 2030 2046 2323 2330 
m1115 30 36 38 40 46 1536 1540 1546 1838 1840 1846 2046 2330 2338 2340 2346 4836 
m110 22 23 30 36 40 41 46 1122 1123 1130 1136 1140 1141 1146 1191 1523 1536 1541 1546 1841 1846 2023 2030 2036 2040 2041 2046 2072 2073 2091 2341 3696 4323 
m2953 23 32 39 49 1173 1639 1973 2482 2489 3673 
m1236 14 36 40 46 1814 1846 2014 2036 2040 2046 2346 4346 4814 
m3049 22 23 30 46 1123 1130 1146 1180 1523 1530 1546 2330 4823 
m1958 8 408 
m503 32 36 46 1832 2332 2336 2346 4836 
m2201 36 40 46 1836 1840 1846 2036 2040 2046 2336 2340 2346 4336 4346 
m2379 23 36 40 46 49 1190 1823 1840 1846 1849 2323 2340 2349 2473 
m339 22 23 30 36 40 46 1122 1123 1130 1136 1140 1146 1172 1173 1522 1523 1530 1540 1546 1822 1823 1830 1840 1846 2022 2023 2030 2036 2040 2046 2322 2323 2330 2340 2346 3696 4823 
m1266 36 40 1836 1840 2036 2040 
m2109 22 37 38 46 49 1137 1146 1149 1899 1922 1937 1938 1946 1949 2322 2337 2338 2346 2349 4396 
m2204 22 36 40 41 45 1122 1136 1140 1141 1145 1822 1836 1840 1845 2022 2036 2040 2045 2072 
m946 32 37 1632 1637 1882 
m3196 22 23 36 41 1123 1136 1141 1191 1823 1841 2073 2091 3673 4323 4586 
m3380 5 22 36 38 46 49 286 296 299 1105 1136 1138 1146 1849 1905 1936 1946 2346 2349 2486 2499 4836 
m3434 22 23 30 36 40 46 1122 1123 1130 1136 1140 1146 1172 1173 1522 1523 1530 1540 1546 1822 1823 1830 1840 1846 2022 2023 2030 2036 2040 2046 2322 2323 2330 2340 2346 3696 4823 
m190 37 46 4396 
m2475 22 23 30 46 1122 1123 1130 1146 1180 1523 1530 1546 2330 2346 4823 
m3068 14 30 46 730 2314 2330 
m1732 22 38 46 49 1122 1138 1146 1149 1922 1938 1946 1949 2322 2346 2349 
m2452 13 22 36 40 1113 1122 1136 1140 1813 1840 2013 
m3458 22 23 37 41 1122 1123 1137 1141 1172 1173 1872 1873 2072 2073 2087 3673 
m1113 30 36 38 40 46 1830 1930 1936 1940 1946 2030 2036 2046 2330 2336 2340 2346 4836 
m3605 37 46 2346 4837 
m2432 13 30 680 1530 
m2226 36 46 49 1836 2336 2346 2349 2486 2499 4336 
m2836 22 23 1122 1123 1173 3673 
m1382 41 46 49 2341 2491 2496 
m2288 12 23 36 46 49 636 649 1199 1849 2336 2349 3123 3686 4812 4823 
m271 22 23 30 36 40 41 1122 1123 1130 1136 1140 1141 1172 1173 1186 1190 1191 1522 1523 1536 1541 1840 1841 2023 2036 2041 2072 2073 2086 2090 2091 3673 3686 4323 4336 4586 
m3288 38 46 1946 
m1172 26 32 36 46 1332 1336 1346 1832 2332 2336 2346 4836 
m1423 22 23 41 1123 1141 1173 2073 3673 
m1948 22 38 46 49 1122 1146 1149 1922 1938 1946 1949 2322 2346 2349 4846 
m3530 22 45 46 1122 1146 2272 2296 2322 2346 4846 
m138 23 30 46 1180 1523 1530 1546 2330 2346 4823 
m646 27 44 45 46 1394 2277 2294 2296 2327 2344 
m2047 14 26 32 46 1314 1346 1626 1646 2314 2346 4814 
m26 14 23 36 40 46 49 749 1814 1823 1846 1849 2014 2023 2036 2046 2314 2323 2336 2346 2349 2473 3223 4814 4823 
m2837 14 45 2264 3214 
m1979 14 23 30 40 730 1180 1514 1523 1530 1540 2014 2023 2030 3223 
m1097 14 22 36 40 722 736 740 1114 1122 1136 1140 1822 2022 2036 
m987 37 40 46 1890 2037 2040 2046 2337 2340 2346 4396 
m362 14 22 46 722 1114 1146 2322 3246 
m553 46 
m656 46 2346 
m2079 32 38 46 1632 1646 1932 1938 1946 2332 2346 
m80 
m494 22 23 30 41 1123 1130 1141 1172 1173 1180 1191 1522 1523 1541 2072 2073 2080 2091 3673 
m2899 22 38 46 49 1146 1946 1949 2322 2346 2349 2472 2496 4846 
m3191 14 22 36 40 46 714 1114 1136 1140 1146 1814 2014 2036 2046 3236 3246 4346 4814 
m71 
m2960 23 24 40 46 1190 1240 1246 2023 2024 2040 2046 2340 3696 3723 
m1094 22 23 30 40 46 1123 1130 1146 1180 1523 1530 1546 2022 2023 2030 2046 2322 2323 2330 2340 2346 4823 
m3339 5 36 46 255 286 2305 2336 2346 
m909 22 23 36 40 46 49 1122 1123 1136 1172 1822 1823 1836 1849 2022 2023 2036 2040 2046 2049 2322 2323 2336 2349 2472 2473 2486 4323 4336 4346 4836 
m3471 23 30 1523 
m2290 22 23 36 37 40 1122 1123 1136 1137 1140 1172 1173 1822 1823 1836 1837 1840 1872 1873 1886 1890 2022 2023 2036 2037 2040 3673 
m3474 32 36 38 46 1832 1932 1936 1938 1946 2332 2336 2346 4836 
m843 22 23 30 36 40 1123 1130 1173 1186 1190 1523 1536 1540 2023 2036 3673 
m995 22 23 30 41 1122 1123 1130 1172 1173 1180 1522 1523 1530 2072 2073 2080 3673 
m2551 14 22 23 30 46 730 746 1114 1122 1123 1130 1146 1180 1514 1523 1530 1546 2330 3223 4823 
m2370 22 30 40 46 1130 1140 1146 2022 2030 2040 2046 2322 2330 2340 2346 
m2127 22 32 37 38 46 49 1132 1137 1146 1637 1646 1922 1938 1946 1949 2332 2337 2346 2472 2487 2496 4837 
m1179 13 36 46 49 1813 2313 2336 2346 2349 2463 2486 2496 4813 
m1894 13 22 36 40 672 686 690 1113 1122 1136 1140 1822 2022 2036 
m2488 22 26 38 46 1146 1322 1346 1922 1926 1946 2346 
m960 22 23 37 1123 1137 1172 1173 1187 1872 1873 3673 
m1240 14 29 31 36 49 729 731 736 1579 1586 1814 1829 1831 1836 1849 2464 2479 2481 2486 3236 4086 4336 
m354 13 22 33 36 38 40 1113 1122 1133 1136 1138 1140 1813 1833 1838 1840 1913 1933 2013 2033 2038 4163 
m2507 22 36 37 40 46 1122 1136 1137 1140 1146 1837 2036 2037 2040 2046 2322 2336 2337 2340 2346 4346 4396 
m540 22 40 41 46 1122 1140 1141 1146 2041 2046 2341 2346 
m1161 12 13 22 32 36 40 49 632 682 699 1112 1113 1122 1132 1136 1140 1812 1813 1832 1836 1840 1849 2012 2013 2032 2036 2049 2462 2482 2486 3136 3162 3186 
m2421 23 31 46 48 49 1196 1573 1596 2346 2423 2431 2446 2449 2473 2481 2496 
m545 22 23 36 41 1123 1136 1141 1172 1173 1822 1823 2072 2073 3673 4586 
m2704 3 30 38 46 180 1530 1903 1930 1938 1946 2330 4803 
m2650 14 36 40 46 1814 1846 2014 2036 2040 2046 2314 2346 4346 4814 4846 
m512 36 49 1836 1849 2486 2499 
m593 22 36 40 41 1136 1141 1836 1840 2036 2086 2090 4586 
m2356 12 36 46 49 646 649 1849 2336 2346 2349 3136 4812 
m1031 23 40 46 2023 2040 2046 2323 2346 4823 
m2581 22 23 30 36 40 41 46 1123 1130 1136 1141 1146 1180 1186 1190 1523 1530 1536 1540 1546 1830 2022 2023 2030 2036 2040 2046 2072 2073 2080 2086 2090 2091 2330 3696 4836 
m2783 22 40 41 46 1140 1141 2022 2040 2041 2046 2072 2090 2091 2096 2341 
m3495 32 36 40 46 1832 2032 2036 2332 2336 2340 2346 4136 4336 4836 
m2406 22 37 39 46 1122 1137 1139 1146 2337 2339 2346 4487 4837 4839 
m548 36 40 49 1836 1840 1849 2036 2040 2049 2486 2490 2499 
m2018 21 26 45 46 1321 1345 1346 2271 2321 2345 
m3500 36 40 41 1836 1840 1841 2036 2086 2090 2091 4586 
m642 13 22 33 36 40 47 672 686 690 697 1113 1122 1133 1136 1140 1147 1672 1686 1690 1697 1847 2036 2047 3183 
m1056 28 
m1640 22 23 46 1122 1123 1146 2346 3696 4823 
m711 23 30 36 41 1173 1523 1823 1830 2073 2080 3673 4323 4586 
m2297 5 36 46 49 286 296 299 1836 1849 2305 2336 2346 2349 2455 2486 2496 4836 4846 
m261 8 32 37 38 46 49 408 432 438 446 449 1637 1646 1932 1946 2332 2337 2346 2482 2487 2488 2496 
m3001 22 23 30 46 1123 1130 1146 1180 1523 1530 1546 2330 4823 
m1923 11 13 14 37 563 564 587 737 1863 1864 3213 4363 4387 
m746 30 36 39 40 46 1530 1539 1546 1830 1839 1840 1846 1980 2030 2036 2039 2040 2046 2330 2339 2340 2346 4346 
m424 33 45 46 1695 2283 2295 2333 2345 
m1782 5 23 24 40 46 273 274 290 1190 1240 1246 2023 2024 2040 2046 2340 3696 3723 
m681 12 36 40 46 49 1812 2012 2036 2046 2049 2336 2346 2462 2486 2496 3146 4346 4812 
m2025 23 24 40 46 1190 1240 1246 2023 2024 2040 2046 2323 2324 2340 2346 3696 3723 
m1817 22 23 38 46 1122 1123 1138 1146 1172 1922 1923 1938 1946 2322 3696 
m3608 23 30 36 39 40 41 1173 1186 1189 1190 1191 1523 1536 1539 1541 1823 1973 1986 1990 1991 2023 2036 2073 2086 2089 2090 2091 3686 4336 4586 
m2939 11 13 22 36 38 40 563 572 586 588 590 1113 1136 1138 1140 1813 1840 1913 1936 1940 2013 
m3220 
m3367 22 46 1122 1146 2322 2346 
m2341 22 26 44 46 1122 1126 1144 1146 1346 2222 2226 2246 2322 2326 2344 2346 4846 
m1446 22 23 46 49 1123 1146 1149 1173 2323 2473 2496 3673 4823 
m1205 36 38 49 1849 1936 1938 1949 
m8 37 
m2470 22 37 46 1122 1137 1146 2322 2337 2346 4837 
m1301 14 36 38 40 46 49 738 1814 1838 1914 1936 1938 1940 1946 1949 2014 2036 2046 2314 2336 2338 2340 2346 2349 2464 2486 2490 2496 3246 4346 
m949 13 22 45 695 1113 1122 1145 
m2234 13 22 36 38 40 1113 1122 1136 1138 1140 1813 1840 1913 1936 1940 2013 
m2844 14 20 38 46 49 720 1914 1946 1949 2320 2464 2470 2496 4814 
m1717 22 23 37 1122 1123 1172 1173 1872 1873 3673 
m2563 23 36 40 41 1186 1190 1191 1836 1840 1841 2023 2036 2040 2041 2073 2086 2090 2091 3686 4323 4336 4586 
m2001 37 38 46 1888 1896 2337 2338 2346 
m1875 30 36 38 46 1830 1930 1936 1946 2330 2336 2346 4836 
m3324 22 46 1122 1146 2322 2346 4846 
m2386 14 32 38 40 41 46 738 740 741 746 1614 1638 1640 1641 1646 1941 1946 2090 2340 2341 
m1596 14 22 36 40 46 49 722 1814 1822 1846 1849 2014 2036 2046 2322 2336 2349 2464 2472 4336 4814 
m2446 29 
m1430 
m3401 6 14 32 314 332 732 
m2374 23 36 40 46 1186 2023 2036 2040 2046 2323 2336 2340 2346 3696 4346 
m2947 22 23 30 36 40 1123 1130 1136 1140 1172 1173 1186 1190 1523 1536 1540 1823 2022 2023 2036 3673 4323 
m2084 22 23 30 36 40 46 1122 1123 1130 1136 1140 1146 1172 1173 1522 1523 1530 1540 1546 1822 1823 1830 1840 1846 2022 2023 2030 2036 2040 2046 2322 2323 2330 2340 2346 3696 4823 
m1253 22 23 36 40 46 49 1172 1822 1823 1836 1849 2022 2023 2036 2040 2046 2049 2322 2323 2336 2349 2473 2486 3686 4336 4346 4836 
m2748 13 38 1913 1938 
m379 22 37 40 46 1137 1140 1146 1890 2022 2037 2046 2322 2337 2340 2346 4396 
m57 14 32 46 732 2332 4814 
m2409 8 46 2308 2346 4846 
m3416 14 36 46 49 736 746 749 1849 2336 2346 2349 4814 4836 
m255 14 32 46 732 2332 4814 
m367 21 23 27 38 46 1073 1077 1096 1177 1921 1923 1946 2323 2327 
m3149 23 30 36 40 41 49 1186 1190 1199 1523 1530 1536 1540 1549 1836 1840 1849 2073 2080 2086 2090 2099 2490 3686 4336 
m3043 23 30 38 46 1188 1523 1530 1538 1546 1923 1930 1938 1946 2330 2338 2346 3696 4823 
m866 22 23 36 41 1122 1123 1136 1141 1191 3686 4586 
m1702 22 32 38 46 1146 1922 1932 1938 1946 2332 2346 
m823 38 40 41 46 1940 1941 1946 2090 2340 2341 
m2985 22 36 41 46 49 1141 1822 1841 1846 2322 2341 2486 2491 2496 
m3159 23 30 36 40 46 1180 1523 1530 1830 2023 2030 2036 2046 2330 4323 4346 4823 
m3490 22 23 36 40 41 1122 1123 1136 1140 1141 1172 1173 1822 1823 1836 1840 1841 2022 2023 2036 2040 2041 2072 2073 2086 2090 3673 4586 
m1966 22 23 36 40 1123 1136 1140 1173 1186 1190 1823 1840 2023 2036 3673 4323 4336 
m568 34 45 2284 
m3087 22 23 36 40 41 1122 1123 1136 1140 1141 1173 1822 1823 1836 2022 2023 2036 2072 2073 2086 2090 2091 3673 4323 4586 
m1937 22 23 30 36 40 45 1123 1130 1136 1145 1523 1830 2022 2023 2030 2036 2045 2273 2280 2286 4323 
m2229 5 32 1605 
m1880 22 23 30 36 40 41 46 1122 1123 1130 1136 1140 1141 1146 1191 1523 1536 1541 1546 1841 1846 2023 2030 2036 2040 2041 2046 2072 2341 3696 4323 
m3498 28 36 38 1438 1838 1928 1936 4328 
m3433 22 46 1146 2322 2346 
m2102 45 46 2296 2345 2346 
m2629 13 33 36 49 663 683 686 699 1663 1683 1686 1699 1833 1849 2463 2483 2486 3183 
m2826 46 49 2346 2349 2496 
m1354 37 46 49 1899 2346 2349 2496 4396 4837 
m1721 38 46 1946 
m2638 12 14 22 45 46 49 645 712 745 1112 1114 1146 2314 2345 2346 2462 2464 2472 2496 3146 3246 4812 
m2964 16 23 36 46 1186 1816 2316 2323 2336 3666 
m1008 36 40 46 49 1840 1846 1849 2036 2040 2046 2049 2340 2346 2486 2490 2496 4336 4346 4846 
m1143 45 
m2637 12 14 22 36 45 46 49 645 712 745 1112 1114 1146 1812 1814 1822 1845 1846 1849 2314 2345 2346 2462 2464 2472 2496 3146 3246 4812 
m2286 5 23 24 40 46 273 274 290 296 1190 1240 1246 2023 2024 2040 2046 2340 3696 3723 
m2139 37 46 49 1899 2346 2349 4396 4837 
m1319 14 30 46 730 746 2314 2330 2346 4814 4846 
m2400 23 36 40 41 1173 1823 1836 1840 1841 2023 2036 2040 2041 2073 2086 2090 2091 3686 4323 
m900 22 27 36 40 46 1122 1127 1136 1140 1146 1390 1822 1827 1836 1840 1846 2022 2027 2036 2040 2046 2327 2336 2340 
m666 14 22 46 1114 1122 1146 2314 2346 4814 
m2645 30 44 45 2230 2245 2280 
m3518 30 37 46 1530 1537 1546 1880 2330 2337 2346 
m1313 29 36 41 1829 1836 2079 2086 4336 
m1077 14 22 45 46 722 746 1146 2264 2296 2346 3246 
m2293 22 36 40 46 49 1136 1140 1146 1149 1836 1840 1846 1849 2036 2040 2046 2049 2336 2340 2346 2349 2486 2490 2496 4346 
m467 34 1734 
m2567 36 46 2336 2346 4836 
m1042 22 26 46 1122 1126 1146 1326 1346 2346 
m1833 36 41 46 49 1841 1846 2341 2346 2486 2491 2496 
m281 33 36 38 40 46 49 1686 1690 1836 1838 1840 1846 1849 1933 1936 1938 1940 1946 2033 2036 2038 2040 2046 2333 2336 2338 2340 2346 2486 2488 2490 2496 
m1227 22 30 36 38 40 41 45 46 1130 1136 1138 1140 1141 1145 1146 1522 1536 1540 1541 1822 1836 1840 1922 1945 1946 2022 2036 2040 2086 2090 2272 2296 2322 2330 2336 2341 
m3341 26 39 46 1326 1339 1346 1976 2326 4496 
m3223 12 22 23 30 46 612 622 623 630 646 1112 1122 1123 1130 1180 1512 1522 1523 1530 2312 2322 2323 2330 2346 4812 
m664 36 46 48 49 1846 1848 1849 2336 2348 2486 2496 2498 2499 4336 
m1628 22 23 30 39 46 1123 1130 1139 1146 1172 1173 1180 1189 1196 1522 1523 1539 1546 1972 1973 1980 1989 1996 2322 2323 2330 2339 2346 3689 3696 4473 4496 4823 
m306 13 14 22 40 46 672 722 2013 2014 2040 2046 2313 2314 3164 
m3384 15 22 32 46 782 1115 1122 1132 1146 1615 1622 1632 1646 2315 2322 2332 2346 4815 
m1856 32 1632 
m1950 22 36 40 41 46 49 1136 1140 1146 1149 1822 1840 1846 1849 2022 2046 2072 2086 2090 2096 2322 2336 2340 2346 2349 2490 2496 4336 
m3244 23 24 40 46 1190 1240 1246 2023 2024 2040 2046 2340 3696 3723 
m384 22 30 36 40 41 1122 1130 1136 1140 1141 1522 1541 1840 2036 2040 2086 2090 
m4 22 23 30 46 1122 1123 1130 1146 1180 1523 1530 1546 2330 4823 
m2919 23 40 46 1190 2023 2040 2046 2340 2346 3696 4823 
m853 22 23 30 46 49 1122 1123 1130 1146 1149 1172 1173 1180 1199 1522 1523 1530 1549 2322 2323 2330 2349 2472 2473 2480 3673 4823 
m561 44 46 2344 2346 
m1657 22 33 46 1133 1146 1672 1683 1696 2322 2333 2346 4833 
m1631 36 40 41 1836 1840 1841 2036 2041 2086 2091 4336 4586 
m151 22 23 36 41 1123 1136 1141 1186 1823 2072 2073 2086 2091 3673 4586 
m2148 22 40 44 46 1146 2022 2044 2046 2344 2346 4846 
m1928 13 22 40 46 1113 1140 2013 2313 2322 2340 2346 
m3444 37 40 46 1890 2037 2040 2046 2337 2340 2346 4396 
m1020 22 36 40 41 1136 1140 1141 1836 1840 1841 2036 2040 2086 2090 2091 4586 
m1102 22 30 36 46 1130 1136 1146 1536 1546 1822 1830 1836 1846 2322 2330 2336 2346 4836 
m703 22 23 36 40 41 46 1122 1136 1140 1141 1186 1190 1191 1196 1823 1836 1840 1841 1846 2023 2036 2040 2041 2046 2072 2073 2086 2090 2091 2096 2336 2340 2341 3686 
m971 12 32 36 46 1612 1812 2312 2332 2336 2346 4136 4812 4836 
m390 10 13 46 513 546 2310 2313 2346 4813 4846 
m1469 22 23 30 41 46 1123 1130 1146 1172 1522 1523 1530 1546 2072 2073 2080 2096 2322 3696 
m1709 22 23 36 40 46 49 1172 1822 1836 1840 1846 2022 2023 2036 2040 2046 2049 2322 2323 2336 2340 2346 2349 2473 2486 2490 2496 3696 4323 4346 4823 4836 
m901 33 38 40 46 1690 1696 1933 1938 1940 1946 2333 2338 2340 2346 
m1916 22 23 30 38 40 41 1140 1523 1530 1538 1923 1930 2022 2023 2030 2040 2072 2090 
m3432 14 46 746 4846 
m1241 14 32 36 38 41 46 1614 1914 1932 1936 1938 1941 1946 2064 2082 2086 2314 2332 2336 2341 4136 4314 
m3199 17 40 46 896 2017 2046 2346 3396 
m2067 22 45 46 1145 2322 2345 2346 
m223 
m372 22 37 40 46 1137 1140 1146 1890 2022 2037 2040 2046 2322 2337 2340 2346 4396 
m2852 14 33 40 46 733 740 746 1690 2340 4196 
m2952 2 22 36 40 41 122 136 140 1136 1140 1141 1822 1836 1840 1841 2036 2041 2636 
m1828 37 46 2337 2346 
m1751 26 38 41 1326 1338 1341 1926 1941 2076 2088 4591 
m933 26 36 37 46 49 1336 1337 1346 1349 1837 1846 1849 2476 2486 2487 2496 2499 4837 
m2313 45 46 2296 2346 
m1707 22 23 1122 1123 1173 3673 
m370 10 26 37 46 1310 1337 1346 1860 1896 2310 2346 4396 
m1088 22 23 30 1122 1123 1130 1173 1522 1523 3673 
m1960 5 13 22 33 36 40 263 272 283 286 290 672 686 690 1122 1136 1140 1672 1686 1690 1822 2022 2036 3183 
m1902 13 38 688 1913 1938 
m3378 36 
m2998 22 23 30 36 40 41 46 1122 1123 1130 1136 1140 1141 1146 1191 1523 1536 1541 1546 1841 1846 2023 2030 2036 2040 2041 2046 2072 2073 2091 2341 3696 4323 
m445 5 13 27 38 46 263 296 1355 1363 1396 1905 1913 1927 1946 2313 2346 4813 
m841 5 36 46 286 296 2305 2336 2346 4836 
m3548 36 46 2336 
m1661 36 37 40 46 1840 1886 1890 2036 2037 2046 2340 4346 4396 
m846 23 36 40 46 49 1190 1823 1836 1840 1846 1849 2023 2036 2040 2046 2336 2340 2346 2349 2473 2486 2490 4323 4346 4823 4836 
m3422 46 2346 
m3516 30 38 46 1930 1938 1946 2330 2346 
m416 14 22 46 722 2314 2322 2346 4814 
m1578 36 40 46 1840 1846 2036 2040 2046 2346 4346 
m228 22 27 40 46 1127 1140 1146 2027 2046 2327 
m185 22 36 40 41 1136 1140 1141 1822 1836 1840 1841 2036 2041 2072 2086 2090 2091 4586 
m1741 22 46 1122 1146 2322 2346 
m2165 46 2346 4846 
m3096 30 40 46 2030 2040 2046 2330 2340 2346 
m3 22 23 30 46 1122 1123 1130 1146 1180 1522 1523 1530 1546 2323 2330 
m221 30 38 40 45 46 1930 2030 2038 2045 2046 2280 2288 2296 2330 2338 
m2152 22 23 30 36 40 46 1122 1123 1130 1136 1140 1146 1180 1522 1523 1530 1536 1540 1546 1822 1823 1830 1836 1840 1846 2022 2023 2030 2036 2040 2046 2322 2323 2330 2340 4823 4846 
m707 22 36 46 1136 1146 2346 4836 
m3476 27 32 1382 
m2439 22 23 30 36 40 46 1122 1123 1130 1136 1140 1146 1180 1522 1523 1530 1536 1540 1546 1822 1823 1830 1836 1840 1846 2022 2023 2030 2036 2040 2046 2322 2323 2330 2340 4823 4846 
m3294 3 30 38 46 180 188 196 1903 1930 1938 1946 2330 
m3478 46 2346 
m63 23 26 32 46 1182 1323 1332 1346 2323 2332 
m1588 37 
m1974 14 22 32 46 49 732 749 1114 1132 1146 1649 2314 2332 2346 2349 4814 
m2864 14 40 46 714 746 2014 2040 2046 2314 2340 2346 3246 4814 
m1481 13 22 36 45 46 1113 1136 2263 2286 2295 2296 2313 2322 2336 3186 
m1836 22 32 36 38 45 46 49 1122 1146 1632 1636 1645 1646 1649 1845 1846 1849 1932 1936 1946 2272 2295 2296 2322 2332 2336 2345 2346 2349 2495 2496 4846 
m1987 23 36 41 46 1836 1841 1846 2073 2086 2323 2341 4323 4836 
m1045 37 40 41 46 1891 2037 2041 2046 2087 2090 2091 2096 2337 2340 2341 2346 4396 
m2556 14 22 38 46 738 1114 1146 2338 3246 
m3218 23 30 45 46 1523 1545 1546 2273 2296 2345 2346 3696 4823 
m2160 14 22 36 46 49 722 736 749 1814 1822 1849 2322 2336 2349 2472 4336 4814 
m2615 22 45 46 1145 1146 2296 
m1262 22 23 30 36 40 41 1122 1123 1130 1136 1140 1173 1522 1523 1536 1822 1823 1830 1836 2022 2023 2030 2036 2072 2073 2080 2086 2090 2091 3673 4323 4586 
m3442 13 38 1913 1938 
m1508 26 32 36 38 46 1332 1336 1346 1832 1926 1936 1946 2332 2336 2346 4836 
m732 10 37 46 537 546 4396 
m3284 6 14 23 32 36 314 332 732 1156 1164 1182 1806 1814 1832 3686 
m1403 23 30 46 1523 2323 2330 2346 4823 
m449 13 22 33 36 40 1113 1122 1133 1136 1140 1813 1822 1833 1840 2013 2022 2033 4163 
m1207 22 23 30 41 1123 1130 1141 1522 1523 2073 2080 3673 
m2424 22 23 30 36 40 1122 1123 1130 1136 1523 1830 2022 2023 2030 2036 4323 
m1414 37 39 40 46 1890 1987 1990 2037 2039 2046 2340 4396 4496 
m1764 32 46 2332 
m3286 46 
m3321 14 40 46 714 740 746 2014 2046 2314 2340 2346 4814 
m1272 14 22 40 46 714 746 1114 1146 2014 2022 2046 2314 2346 3246 4814 
m2299 26 46 1346 2346 
m2157 22 23 30 41 1122 1123 1130 1141 1172 1173 1180 1191 1522 1523 1530 2072 2073 2080 2091 3673 
m622 46 2346 
m2130 32 1632 
m3056 23 38 46 49 1188 1199 1938 1946 2338 2346 2349 3696 4823 
m1712 5 37 46 255 1855 1887 1896 2305 2337 2346 4837 
m710 46 2346 
m1891 26 38 40 46 1338 1340 1346 1946 2340 
m3397 14 38 40 46 49 1938 1940 1946 2014 2046 2049 2346 2464 2496 4814 
m1134 22 23 30 46 1122 1123 1130 1146 1180 1523 1530 1546 2330 2346 4823 
m1229 22 46 49 1122 1146 1149 2346 2349 
m327 5 13 26 33 263 283 1305 1313 1333 1655 1663 1683 3183 
m1405 22 37 46 49 1872 2322 2346 2487 2496 4396 4837 
m2300 32 36 38 40 46 49 1632 1636 1649 1849 1932 1936 1946 1949 2032 2036 2038 2046 2332 2336 2338 2340 2346 2349 
m1385 22 23 36 40 41 46 49 1122 1123 1136 1140 1141 1191 1822 1823 1836 1840 1841 1849 2022 2023 2036 2040 2041 2046 2072 2073 2086 2090 2091 2322 2323 2336 2340 2341 2349 2472 2473 2486 2490 2491 4323 4336 4346 4836 
m3585 14 36 40 46 1814 1840 1846 2014 2036 2040 2046 2314 2346 4346 4814 4846 
m2024 46 2346 
m504 22 30 36 40 45 46 1122 1130 1136 1140 1145 1146 1536 1540 1836 1840 2036 2040 2272 2296 2322 2330 
m1566 22 23 36 40 41 46 1123 1136 1141 1146 1191 1822 1823 1836 1841 1846 2022 2023 2036 2040 2041 2046 2323 2336 2341 2346 3686 4341 4346 4823 
m899 14 37 46 2314 2337 2346 4364 4814 
m2991 22 23 30 36 40 41 1122 1123 1130 1136 1140 1172 1180 1186 1522 1523 1536 1822 2023 2030 2036 2072 2073 2080 2086 2090 3673 4323 
m439 23 24 40 46 1190 1240 1246 2023 2024 2040 2046 2323 2324 2340 2346 3696 3723 
m2813 22 23 36 40 1123 1136 1173 1186 1190 1836 1840 2036 3673 3686 
m308 
m2468 22 36 40 41 1122 1136 1140 1141 1822 1836 1840 1841 2022 2036 2041 2072 2086 2090 2091 
m1340 23 38 1923 
m2363 22 38 46 1138 1146 1922 1938 1946 
m1984 14 46 49 2314 2346 2464 2496 4814 4846 
m543 5 37 46 1855 2305 4837 
m263 22 23 30 36 40 41 46 49 1122 1123 1130 1136 1140 1141 1146 1172 1173 1180 1186 1190 1196 1523 1530 1536 1540 1546 1822 1823 1830 1836 1840 1841 1846 1849 2022 2023 2030 2036 2040 2041 2046 2049 2072 2073 2080 2086 2090 2096 2330 2346 2472 2473 2486 2490 2491 3696 4336 4346 4823 
m2393 
m1790 36 41 1836 1841 2086 2091 4586 
m292 22 23 30 36 40 45 46 1122 1123 1130 1136 1140 1145 1146 1172 1173 1180 1186 1190 1196 1522 1523 1530 1536 1540 1545 1546 1822 1823 1830 1845 2022 2023 2030 2036 2046 2272 2273 2280 2286 2290 2296 2322 2323 2330 2336 2340 2345 2346 3696 4346 4823 
m1807 22 26 44 46 1122 1126 1144 1146 1322 1344 1346 2222 2246 2322 2326 2344 2346 4846 
m1338 40 45 46 2045 2046 2290 2295 2296 2340 2345 2346 
m1720 23 30 36 40 1180 1186 1523 1530 1536 1540 1830 2023 2030 2036 
m1564 22 23 36 40 41 46 1123 1136 1141 1146 1191 1822 1823 1836 1841 1846 2022 2023 2036 2040 2041 2046 2323 2336 2341 2346 3686 4341 4346 4823 
m1781 36 40 46 49 1840 1846 1849 2036 2040 2046 2049 2336 2340 2346 2486 2496 4336 4346 4846 
m2923 22 46 49 1146 1149 2322 2346 2349 2496 
m62 12 26 46 1312 1346 2346 4812 
m222 22 38 1122 1922 1938 
m3499 36 41 1841 2086 2091 4586 
m1119 22 26 44 46 1122 1126 1144 1146 1322 1344 1346 2222 2246 2322 2326 2344 2346 4846 
m193 13 22 33 36 40 1113 1122 1133 1136 1140 1686 1690 1813 2013 2036 4163 
m3591 14 22 23 30 40 45 46 714 746 1114 1145 1146 1164 1172 1190 1195 1196 1514 1522 1523 1530 1540 1545 1546 2014 2022 2023 2030 2040 2045 2046 2264 2296 2314 3664 
m1736 4 26 38 226 238 1304 1326 1338 1904 1926 2704 
m3519 22 23 30 37 40 46 1122 1123 1130 1137 1146 1172 1187 1522 1523 1530 1537 1546 1872 2022 2023 2030 2037 2040 2046 2322 2323 2330 2346 3696 4396 4837 
m1644 26 37 46 1337 1346 1896 2346 
m3382 22 37 46 1122 1137 1146 1872 2322 2337 2346 4837 
m1827 23 30 32 46 1182 1523 1532 1546 2323 2332 2346 4823 
m2635 13 20 22 36 38 40 672 686 690 1013 1020 1022 1036 1038 1040 1122 1136 1140 1822 1913 1922 1936 2022 2036 
m262 14 23 30 46 1514 1523 1546 2314 2323 2330 2346 3664 4814 4823 
m1246 9 36 40 46 49 490 496 499 1840 1849 2049 2309 2336 2340 2346 2349 2459 2486 2490 2496 2499 2959 2986 
m2887 
m830 22 23 36 40 46 49 1172 1822 1823 1836 1846 1849 2023 2036 2040 2046 2049 2322 2336 2346 2349 2472 2473 2486 4323 4346 4823 4836 
m1120 22 37 46 49 1872 2322 2346 2487 2496 4396 4837 
m252 22 30 36 40 1130 1136 1140 1522 1530 1536 1540 1822 1830 1836 1840 2030 2036 2040 4336 
m2369 22 36 40 46 1122 1136 1140 1146 1840 1846 2022 2036 2040 2046 2322 2340 2346 4836 
m3463 36 40 41 46 49 1841 1846 2036 2041 2046 2336 2340 2341 2346 2349 2486 2490 2491 2496 4346 
m1394 32 36 46 49 1636 1646 1849 2332 2336 2346 2349 4136 4336 4836 
m1254 3 30 33 41 46 180 196 1653 1680 2053 2080 2083 2096 2330 4196 
m1233 13 22 33 36 37 40 41 683 686 690 1113 1122 1133 1136 1140 1141 1690 1813 1822 1833 1836 1840 1872 1886 1887 2013 2022 2033 2036 2040 2063 2072 2086 
m2594 11 13 23 30 33 563 573 580 583 673 680 1173 1180 1513 1523 1533 1673 1680 3183 3673 
m884 22 46 1122 1146 
m209 22 36 46 49 1149 1822 1836 1846 1849 2322 2349 2472 2486 2499 4836 
m1703 22 23 36 40 46 1123 1136 1140 1146 1186 1190 1840 2023 2036 2040 2323 2336 2340 3673 4323 4336 4836 
m1412 46 2346 
m838 22 37 46 49 1122 1137 1146 1899 2346 2349 2496 4396 4837 
m951 12 14 46 712 2314 2346 3146 3246 4812 
m590 22 36 40 41 1136 1141 1836 1840 2036 2086 2090 4586 
m2648 23 30 36 39 40 41 1173 1186 1190 1191 1523 1539 1541 1823 1973 1986 1991 2023 2036 2073 2086 2090 2091 3673 4323 4336 4586 
m2838 13 46 2313 2346 
m986 22 30 36 40 41 46 1122 1140 1141 1146 1522 1536 1540 1822 1840 1841 1846 2022 2036 2040 2041 2046 2072 2096 2322 
m2858 30 36 38 46 1536 1546 1838 1930 1936 1946 2338 4346 
m3436 36 41 1836 1841 2086 2091 4586 
m3117 14 20 40 46 720 2014 2020 2046 2320 3246 
m2215 12 38 41 46 1912 1941 1946 2062 2091 2096 2312 
m153 14 40 46 2014 2046 2314 2346 4814 
m411 22 23 30 46 1122 1123 1130 1146 1180 1523 1530 1546 2323 2330 3673 4823 
m2624 22 23 36 40 41 46 49 1123 1136 1141 1146 1191 1822 1823 1836 1840 1841 1849 2022 2023 2036 2040 2041 2046 2072 2073 2086 2090 2091 2322 2323 2336 2340 2341 2349 2472 2473 2486 2490 2491 4323 4336 4346 4836 
m1151 23 30 46 1180 1523 1530 1546 2330 4823 
m215 
m1624 22 23 30 41 46 1122 1123 1130 1146 1180 1523 1530 1546 2072 2073 2080 2091 2096 2330 4823 
m1034 23 36 45 46 1186 1196 1836 1846 2273 2286 2296 3686 4836 
m82 8 23 30 38 46 423 430 1173 1180 1508 1523 1908 1923 1930 1946 2308 2323 2330 3673 
m2235 37 40 46 1890 2037 2040 2046 2337 2340 2346 4396 
m1715 22 37 46 1122 1137 1146 2322 2337 2346 4837 
m2616 22 23 30 36 40 41 1122 1123 1130 1136 1140 1141 1180 1186 1190 1522 1523 1536 1540 1541 1822 1830 1836 1840 1841 2022 2023 2030 2036 2041 2080 2086 
m249 36 40 41 1836 1840 1841 2036 2040 2041 2086 2090 2091 
m3171 22 23 36 41 1123 1136 1141 1172 1173 1822 1823 2072 2073 3673 4586 
m1356 22 37 40 46 1137 1140 1146 1890 2022 2037 2040 2046 2322 2337 2340 2346 4396 
m2684 32 36 38 46 49 1632 1636 1649 1849 1932 1936 1938 1946 1949 2332 2336 2346 2349 
m978 14 26 38 726 1914 1926 1938 
m1557 14 22 38 46 738 1114 1138 2314 2322 2338 2346 4814 
m2345 13 16 27 32 46 677 827 1613 1616 1627 2313 2316 2327 2332 3166 
m2057 23 38 1173 1188 1923 
m1990 23 31 46 49 1196 1573 1596 2346 2473 2481 2496 2499 
m3158 22 26 44 46 1122 1144 1146 1322 1344 1346 2344 2346 
m219 22 26 44 46 1146 1322 1344 1346 2344 2346 4846 
m320 22 23 1123 1173 3673 
m383 14 46 746 2346 
m1298 30 46 2330 
m2938 37 40 46 2037 2046 4837 
m1972 22 23 45 1123 1145 1172 1173 2272 2273 3673 
m1457 40 45 46 2290 2296 2340 2346 
m3287 20 48 2420 
m1080 22 23 46 1123 1146 1172 1173 2322 2323 3673 4823 
m2099 22 37 38 46 49 1137 1146 1149 1899 1922 1937 1938 1946 1949 2349 4396 
m359 26 36 37 46 49 1826 1837 1846 1849 1876 1899 2326 2476 2496 4396 
m2019 22 23 36 40 41 1123 1136 1140 1141 1173 1186 1190 1823 1836 2023 2036 2040 2072 2073 2086 2090 2091 3686 4323 
m2679 14 22 26 37 39 722 737 1314 1322 1337 1339 1872 1964 1972 1987 
m779 14 23 30 46 730 1180 2314 2323 2330 2346 3223 4814 4823 
m2458 22 1122 
m239 14 22 46 714 722 746 1114 1146 2314 2346 3246 4814 
m1291 13 26 38 46 1313 1346 1913 1926 1946 2313 
m887 22 24 1124 
m3560 22 44 45 46 1146 2272 2294 2296 2344 2346 4846 
m688 46 49 2346 2349 4846 
m1714 5 37 45 46 1855 1895 2255 2305 2337 2345 2346 4837 4846 
m842 14 21 40 714 721 740 2014 2021 
m3028 5 23 24 40 41 46 273 274 290 291 296 1190 1240 1246 2023 2024 2040 2046 2073 2074 2090 2096 2340 3696 3723 
m187 22 23 38 1123 1138 1923 
m2411 22 46 49 1146 2472 2496 
m2883 13 45 46 2263 2295 2296 2313 2346 3196 
m1806 32 33 36 1632 1633 1636 1683 1686 1833 1836 4136 4186 4333 4336 
m1570 37 40 45 46 49 1895 1899 2037 2040 2045 2046 2340 2345 2346 2349 2495 4387 4396 4837 
m1997 23 41 1191 2073 3673 
m1969 22 23 36 40 46 49 1123 1136 1146 1199 1822 1823 1836 1840 1846 1849 2022 2023 2036 2040 2046 2049 2323 2336 2346 2349 3686 4346 4823 4836 
m1471 14 22 36 40 41 46 714 722 736 741 1822 1836 1841 2014 2036 2041 2046 2072 2314 2322 2336 2341 3236 4314 4586 4814 
m1907 3 13 22 23 172 672 1163 1172 2663 3653 
m3112 22 46 1122 1146 2322 2346 
m1620 22 23 30 36 39 40 41 1123 1136 1140 1172 1173 1186 1190 1191 1523 1536 1539 1541 1823 1972 1973 1986 1991 2023 2036 2072 2073 2086 2090 3673 4323 4336 4586 
m826 13 22 38 49 699 1113 1122 1138 1913 1938 1949 
m2106 
m1038 14 32 42 46 732 2114 2132 2314 2332 2342 
m3164 13 22 37 672 1872 4363 
m3231 37 46 49 1899 2337 2346 2349 4396 4837 4846 
m2056 33 45 1695 
m3576 5 13 38 45 46 655 1913 1946 2255 2263 2288 2296 2305 2313 
m244 5 13 33 46 263 283 2305 2313 2333 4163 
m2479 12 14 23 34 46 712 1162 1164 1196 1712 1714 1723 1734 1746 2314 3114 3214 3664 4812 
m1892 13 22 33 36 40 672 1113 1122 1133 1136 1140 1672 1813 1822 1833 1840 2013 2022 2033 4163 
m258 12 13 22 36 40 622 636 640 672 686 690 1112 1113 1122 1136 1140 1822 2022 2036 3162 
m1959 5 22 38 46 1122 1146 1905 1922 1938 1946 2305 2346 
m331 23 30 33 46 1180 1523 1530 1533 1546 1680 2323 2330 2333 2346 4173 4823 
m3480 20 40 48 2020 2420 2440 
m533 14 22 46 722 2322 3246 
m2505 36 40 46 49 1836 1840 1846 1849 2036 2040 2046 2049 2336 2340 2346 2349 2486 2490 2496 4346 
m89 22 
m2330 5 36 46 1805 1846 2305 2336 2346 4346 4836 4846 
m824 22 23 30 46 1122 1123 1130 1146 1523 1530 1546 2330 2346 3696 4823 
m2810 33 38 46 1688 1933 1938 1946 2338 4196 
m227 34 36 1734 1736 1834 1836 4236 4334 
m882 22 23 30 36 40 41 1122 1123 1136 1140 1141 1172 1173 1186 1190 1191 1522 1523 1536 1541 1840 1841 2023 2036 2041 2072 2073 2086 2090 2091 3673 3686 4323 4336 4586 
m260 26 37 46 1326 1337 1346 1876 2326 4396 
m2965 41 2091 
m1929 27 32 1382 
m918 22 36 40 41 46 1136 1141 1146 2022 2036 2041 2046 2086 2096 2336 
m241 22 46 1122 1146 2322 2346 
m977 36 37 40 1836 1837 1840 2036 2037 2040 
m2672 22 23 30 36 40 41 46 1122 1123 1130 1136 1140 1141 1146 1173 1186 1190 1522 1523 1536 1540 1541 1823 1836 1840 1841 2023 2036 2040 2041 2073 2086 2090 2322 2323 2330 2336 2340 2341 2346 3673 3686 4323 4336 
m651 22 32 46 49 1122 1132 1146 1622 1646 1649 2322 2332 2346 2349 2472 2482 2496 4846 
m834 38 46 1938 1946 2346 
m1122 22 30 46 1522 1546 2322 4846 
m1201 30 32 36 46 1630 1830 1846 2330 2332 4332 
m637 22 26 38 46 1146 1322 1346 1922 1926 1946 2346 
m2718 23 30 1180 1523 1530 
m3000 5 32 36 38 46 49 282 286 288 296 1632 1638 1646 1838 1846 1932 1936 1938 1946 2332 2338 2346 2455 2482 2486 2488 2496 4136 4332 4836 
m1609 13 38 46 1913 1946 4813 
m1949 5 32 36 255 282 286 1605 1805 1832 1836 4332 
m507 22 23 46 49 1122 1123 1146 1149 1199 2323 2346 2349 
m2071 13 22 33 36 40 46 49 672 686 690 1113 1133 1136 1140 1672 1686 1690 1822 2013 2022 2036 2046 2313 2322 2333 2336 2340 2349 2463 2472 2483 2486 2490 3183 
m1012 37 40 46 1890 2340 4396 
m169 17 23 26 30 46 880 896 1180 1317 1323 1330 1346 1517 1523 1530 1546 2330 3373 4823 
m2910 22 23 30 36 40 41 46 1122 1123 1130 1136 1140 1141 1146 1172 1173 1180 1186 1190 1191 1523 1536 1540 1541 1841 2023 2036 2041 2072 2073 2080 2086 2090 2091 2096 2322 2323 2330 2341 2346 3673 4323 
m962 30 40 46 2030 2040 2046 2330 2346 
m757 12 14 45 46 645 712 745 2314 2345 2346 3146 3246 4812 
m1873 28 36 38 1928 1936 1938 4328 
m906 32 46 1632 1646 2332 2346 4846 
m2853 5 13 22 33 36 40 263 272 283 286 290 672 686 690 1113 1122 1133 1136 1140 1672 1686 1690 1822 2022 2036 3183 
m1404 21 22 23 36 41 1121 1122 1123 1171 1172 1173 1821 1822 1823 2071 2072 2073 3673 4586 
m3160 13 17 45 46 49 2263 2267 2295 2296 2313 2317 2349 2463 2467 3363 
m1876 22 44 46 1144 1146 2222 2244 2246 2322 2344 2346 4846 
m604 22 46 1122 1146 2322 2346 4846 
m1180 26 32 36 46 1332 1336 1346 1832 2332 2336 2346 4836 
m2276 5 23 26 32 46 1155 1182 1305 1323 1332 1346 1605 2305 2332 2346 4823 
m609 22 23 30 40 41 1123 1130 1140 1190 1523 1530 1540 2022 2023 2030 2072 2090 
m310 26 36 46 1826 1846 2326 4336 4346 
m2793 26 38 46 1926 1938 1946 2326 
m2903 23 30 38 1180 1188 1523 1538 1938 3673 
m739 14 26 46 714 726 746 1314 1326 1346 2314 2326 2346 4814 
m3394 22 23 24 40 46 1122 1123 1124 1146 1190 1222 1240 1246 2022 2023 2024 2046 2340 3696 3723 
m3420 23 30 36 41 49 1173 1180 1186 1199 1523 1530 1823 1830 1849 2073 2080 2086 2099 2473 2480 3673 
m86 30 38 46 1930 1938 1946 2330 2346 
m1667 30 38 46 1930 1938 1946 2330 2338 2346 4846 
m489 23 36 38 41 46 49 1173 1823 1936 1938 1946 1949 2073 2086 2323 2336 2341 2486 2491 2496 3673 4323 
m1690 41 46 2091 2096 2341 
m2682 6 36 40 1806 2006 2036 
m1855 22 30 36 49 1122 1130 1136 1149 1522 1536 1549 1822 1830 1849 2472 4336 
m2181 12 15 30 46 1512 1515 1546 2312 3262 4815 
m127 37 40 46 1890 2037 2040 2046 2337 2340 2346 4396 
m1729 22 23 36 40 1122 1123 1136 1140 1172 1173 1186 1190 1822 1823 1836 1840 2022 2023 2036 2040 3673 3686 4323 
m784 22 23 36 40 41 1122 1123 1136 1140 1141 1173 1186 1190 1823 1836 1840 1841 2022 2023 2036 2040 2041 2072 2073 2086 2090 2091 3686 4323 
m520 23 36 40 41 1173 1823 1836 1840 2023 2036 2040 2073 2086 2090 3686 4323 
m1553 22 23 30 46 1122 1123 1130 1146 1172 1173 1180 1196 1522 1523 1530 1546 2322 2323 2330 2346 3673 4823 
m709 37 46 49 1899 2346 2349 2487 2496 4396 4837 
m3109 12 26 46 626 2326 4812 
m1525 22 23 36 41 1122 1123 1172 1173 1822 1823 1841 2072 2073 2091 3673 4586 
m2524 22 38 45 46 1122 1138 1145 1146 1938 1945 1946 2296 2346 
m3275 22 36 38 40 46 1136 1138 1140 1146 1838 1946 2036 2038 2040 2046 2336 2338 2340 2346 4346 
m1124 26 46 1346 2346 
m3073 23 32 46 1196 1623 1646 2346 
m729 23 45 1195 
m3217 22 23 30 36 40 46 1122 1123 1130 1136 1140 1146 1172 1173 1180 1522 1523 1530 1822 1823 1830 1846 2022 2023 2030 2036 2046 2322 2323 2330 3673 4823 
m22 22 23 36 40 45 1122 1123 1136 1140 1145 1172 1173 1822 1823 1836 1840 1845 2022 2023 2036 2040 2045 2272 2273 3673 
m832 22 23 36 40 46 1122 1123 1136 1140 1146 1172 1186 1190 1196 1822 1836 2022 2036 2040 2046 2322 3686 4346 
m266 46 2346 
m1774 22 36 41 1122 1136 1141 1822 2072 2086 2091 4586 
m1637 22 23 36 40 41 1122 1123 1136 1140 1141 1172 1173 1822 1823 1836 1840 1841 2022 2023 2036 2040 2041 2072 2073 2086 2090 3673 4586 
m1653 5 45 255 295 2255 2295 
m3544 26 44 46 49 1344 1346 2246 2476 2494 2496 
m1980 10 32 46 1610 1632 1646 2310 2346 
m1370 22 23 30 36 40 41 1122 1123 1130 1136 1140 1172 1173 1180 1186 1190 1523 1822 1823 1830 1836 2023 2030 2036 2072 2073 3673 4323 4586 
m847 22 23 36 40 41 1123 1141 1173 1186 1190 1823 1836 2023 2036 2040 2072 2073 2086 2090 2091 3686 4323 
m1345 8 46 49 408 446 449 2349 
m2667 6 14 23 32 36 706 723 732 736 1156 1182 1606 1636 1806 3686 
m2958 23 40 44 46 1173 1194 1196 2023 2040 2046 2323 2344 2346 3696 4823 
m3370 13 26 46 1313 1346 2313 2326 2346 
m965 5 36 46 49 286 296 299 1836 1849 2336 2346 2349 2486 2496 2499 4836 
m2269 32 42 46 2132 2146 2332 
m798 37 46 1896 2346 4837 
m3270 36 37 40 46 1837 1846 2036 2037 2040 2046 2337 2346 4346 4837 
m3151 36 40 46 2036 2046 2336 
m1450 22 36 40 41 46 1122 1136 1140 1141 1146 1822 1836 1841 2036 2041 2046 2072 2086 2090 2091 2096 2322 2336 2340 2341 2346 4346 4586 4836 
m1025 14 46 2346 4814 
m2807 26 38 46 1926 1938 1946 2326 
m2151 32 36 46 49 1636 1649 1832 1836 1846 1849 2332 2336 2346 2349 2482 2486 2496 2499 4332 4336 
m461 22 23 30 32 36 46 49 1122 1123 1130 1146 1149 1172 1173 1180 1522 1523 1530 1549 1622 1623 1630 1632 1636 1646 1649 1822 1823 1830 1846 1849 2322 2323 2330 2349 2472 2473 2480 2486 2496 2499 3673 4823 
m246 22 40 44 46 1140 1144 1146 2040 2046 2222 2240 2246 2322 2340 2344 2346 4846 
m1079 32 44 46 1632 1644 1646 2344 
m692 16 32 46 832 2332 4816 
m1060 23 45 1195 
m407 14 36 46 49 736 746 2336 2346 2349 2464 2486 2496 4814 4836 
m529 22 46 49 2322 2346 2349 2472 4846 
m1190 46 
