m3246 
m2296 36 37 38 46 1837 1838 1888 1938 2338 4346 4837 
m1006 5 36 40 46 286 290 296 2036 2046 2305 2340 2346 4346 4836 
m3252 6 42 2842 
m3585 22 37 46 1872 2322 2337 
m819 33 45 46 1695 2345 4833 
m2221 46 2346 4846 
m2862 14 27 38 727 1914 1927 
m884 22 23 36 41 49 1123 1136 1141 1172 1173 1186 1191 1199 1822 1823 1841 1849 2072 2073 2086 2091 2099 2472 2473 2486 2491 3673 3686 4323 4336 
m3384 30 32 36 40 46 1630 1640 1646 1830 1840 2030 2330 2332 2336 2340 2346 4136 
m800 13 37 38 46 1913 1937 1946 2313 2337 4363 
m2959 40 44 46 2044 2046 2344 
m1018 30 45 46 2280 2296 2330 2346 
m17 37 40 46 2037 2046 4837 
m3510 36 37 39 40 41 46 49 1837 1839 1840 1841 1846 1849 1889 2037 2039 2046 2087 2089 2090 2096 2487 2490 2491 4396 4839 
m285 23 36 45 1186 2273 2286 2295 3673 3686 
m193 22 23 30 36 40 46 49 1122 1123 1130 1136 1140 1146 1149 1172 1173 1180 1186 1190 1199 1522 1523 1530 1536 1540 1546 1549 1822 1823 1830 1836 1840 1846 1849 2022 2023 2030 2036 2040 2046 2322 2330 2336 2340 2346 2349 2472 2473 2480 2486 2496 3696 4823 
m2920 23 30 36 41 1523 1823 1830 2073 2080 3673 4323 4586 
m172 13 22 45 695 1113 1145 2263 2272 2295 
m2988 14 27 36 46 48 736 746 748 1364 1386 1396 1398 1846 1848 2446 
m1472 32 36 46 1832 2332 2336 2346 4836 
m660 22 36 41 49 1136 1141 1822 1849 2072 2086 2091 2099 2472 2486 4336 
m1678 13 22 33 1113 1672 4163 
m617 14 30 37 714 730 737 1880 3237 
m1695 36 
m2186 27 36 37 46 49 1387 1827 1837 2327 2477 2486 2487 2496 4336 4346 4837 
m1187 22 23 32 36 40 46 49 1122 1123 1132 1136 1146 1149 1172 1173 1182 1186 1190 1196 1199 1622 1623 1632 1636 1640 1646 1822 1823 1832 1836 1840 1846 1849 2022 2023 2032 2036 2046 2322 2323 2332 2336 2346 2349 2472 2473 2482 2486 2490 2496 3673 3686 3696 4323 4346 
m1939 22 23 32 1122 1123 1132 1182 1622 1623 1632 
m3161 40 46 49 2340 2346 2490 2496 
m359 26 37 38 46 1876 1926 1937 1946 2326 4396 
m47 36 46 2336 2346 4836 
m253 22 30 46 1130 1146 2330 
m3157 36 40 45 46 1845 2036 2040 2045 2046 2296 4346 
m2496 22 37 46 1122 1137 1146 1872 2322 2346 4387 4396 4837 
m727 32 37 45 46 1637 1645 1895 2332 2337 2345 
m521 12 22 30 622 1512 1522 
m1725 5 23 37 46 49 299 1155 1173 1199 1855 1873 1899 2305 2323 2349 4837 
m2677 22 23 36 49 1123 1136 1149 1173 1186 2473 2486 3673 4323 
m1917 36 37 40 46 1837 1846 2036 2037 2040 2046 2337 2346 4346 
m2138 32 1632 
m462 13 33 45 2263 2283 3183 
m243 3 32 36 41 46 186 191 1603 1641 2303 2332 2336 2341 4136 4586 
m1860 46 2346 
m2546 32 36 44 46 1832 1836 1844 2232 2236 2332 2336 2344 2346 4332 4336 4736 4836 
m938 37 46 1896 
m1270 5 41 2055 
m2034 21 23 45 1171 2271 2273 
m2385 23 45 1195 2273 2295 
m887 22 37 46 1122 1146 1872 2322 4396 
m3285 14 36 40 45 736 740 745 1840 2036 2286 2290 4336 
m1384 17 38 46 867 896 1917 1946 
m1965 38 45 1938 1945 2288 2295 
m3035 16 38 46 838 2338 4816 
m1859 13 20 33 36 40 41 670 686 690 691 1033 1036 1040 1041 1686 1690 1691 1840 1841 2036 2041 3183 3536 4336 
m3290 32 36 1832 
m3057 32 36 44 46 1644 2236 2332 2336 2344 2346 4136 
m432 26 45 46 1345 1346 2295 2345 
m3324 8 36 46 49 1808 1846 2308 2336 2458 2486 2496 4336 
m3010 14 36 38 46 48 736 746 748 1848 1914 1936 1938 1946 1948 2314 2336 2338 2346 2348 
m1375 32 45 46 2282 2296 2332 
m1370 30 46 2330 
m598 36 40 41 46 1836 1840 1841 1846 2036 2040 2041 2046 2336 2340 2341 2346 4346 4586 
m3163 46 2346 
m2723 37 38 41 46 1937 1938 1941 1946 2087 2096 4837 
m304 40 45 46 2046 2290 2296 2346 
m836 38 46 1946 2338 2346 
m2537 22 44 46 1144 1146 2246 2322 2344 2346 4846 
m1090 46 2346 
m3263 41 
m936 26 40 46 1326 1340 1346 2026 2046 2326 3826 
m2414 23 45 46 1195 2323 2345 
m2871 27 36 46 49 1827 2327 2336 2486 2496 
m3171 10 36 40 49 536 1810 1836 1849 2010 2036 2049 2460 2486 
m3569 22 44 45 46 1146 2272 2294 2296 2344 2346 4846 
m1734 45 46 2296 2345 2346 
m1802 23 36 40 41 45 1186 1190 1823 1836 1840 2023 2036 2040 2073 2086 2090 2291 
m2767 13 22 46 672 2322 4813 
m1135 22 23 30 46 1122 1123 1130 1146 1180 1523 1530 1546 2330 2346 4823 
m2670 32 40 1632 2032 
m3093 45 2295 
m632 17 33 38 45 895 1695 1917 1933 1938 1945 3383 
m3393 14 22 722 1114 1122 
m2602 22 23 30 1122 1123 1130 1172 1173 1180 1522 1523 1530 3673 
m718 14 40 740 
m2405 13 22 33 36 40 672 686 690 1113 1122 1133 1136 1140 1672 1686 1690 1822 1840 2022 3183 
m307 23 45 1173 1195 2273 2295 
m3563 13 22 45 695 1113 1145 
m265 22 36 40 46 49 1146 1822 1840 1846 1849 2036 2046 2049 2322 2340 2472 2496 4846 
m240 22 40 44 46 1140 1144 1146 2022 2040 2044 2046 2222 2240 2246 2322 2340 2344 2346 4846 
m3082 14 36 49 1814 1849 2464 
m1895 13 22 36 40 672 686 690 1113 1122 1136 1140 1822 2022 2036 
m1679 46 48 2348 
m65 14 714 
m1511 13 33 36 40 46 690 1813 1833 1840 2033 2313 2333 3183 4836 
m2215 30 36 41 46 49 1536 1541 1841 2080 2086 2091 2096 2099 2330 2336 2341 2346 2349 2480 2486 2491 
m767 22 40 44 46 1146 2044 2046 2246 2344 2346 4846 
m2782 37 39 40 46 1890 1987 1990 2340 4396 4496 
m390 5 45 46 2255 2296 2305 
m2383 40 46 2046 
m3106 32 37 1882 
m3354 36 46 49 1849 2336 2346 2349 4836 
m2608 22 26 44 46 1146 1322 1344 1346 2326 2344 2346 4846 
m279 40 45 46 49 2045 2046 2299 2345 2349 
m3350 45 46 2295 2345 
m1182 16 32 40 44 46 832 844 1644 2016 2032 2044 2046 2316 2332 2344 
m343 22 23 30 38 1123 1130 1172 1173 1188 1522 1523 1530 1538 3673 
m2966 22 45 46 1122 1145 1146 2272 2295 2296 2345 
m1246 36 41 46 2341 4341 4836 
m3316 5 33 45 46 1655 1695 2255 2305 2345 4833 
m1730 22 23 36 40 41 46 1123 1136 1140 1141 1146 1190 1822 1823 1836 1840 1841 2023 2036 2040 2041 2046 2072 2073 2086 2096 2322 2323 2336 2340 2341 2346 3673 3686 4323 4346 4823 
m2973 22 36 40 46 48 1136 1140 1146 1848 2036 2040 2046 2336 2340 2346 2348 4336 4836 
m3064 13 22 33 36 40 46 672 686 690 1113 1122 1133 1136 1140 1672 1686 1690 1822 2022 2036 2313 2322 2333 2336 2340 3183 
m3248 23 36 41 1823 2073 3673 4323 4586 
m1017 13 20 22 33 36 40 45 672 686 690 1013 1022 1036 1040 1045 1113 1122 1133 1136 1140 1145 1672 1686 1690 1813 1822 1833 1836 1840 2013 2022 2033 2036 2040 2263 2272 2286 2290 2295 3183 
m150 7 26 46 1307 1346 2307 2346 
m39 12 23 36 41 46 636 1823 2062 2073 2096 2336 3123 4586 4812 4823 
m2888 10 46 2310 2346 
m3025 38 45 46 1945 2288 2295 2296 2338 2345 
m877 32 49 1649 
m2673 13 36 40 46 696 1813 2013 2036 2040 2046 4346 
m2575 32 1632 
m9 11 13 22 45 563 572 595 695 1113 1145 
m3232 22 37 46 1122 1137 1146 2322 2337 2346 4837 
m263 36 38 41 46 1936 1946 2336 2341 2346 4341 4836 4846 
m355 5 45 295 
m46 23 30 36 40 46 1173 1190 1196 1523 1536 1540 1546 1823 1840 2023 2046 2340 3696 4323 4346 
m1696 22 28 38 46 1128 1138 1146 1928 1938 2328 2338 
m2507 22 23 36 40 46 1122 1123 1136 1140 1146 1172 1186 1190 1196 1822 1836 2022 2036 2040 2046 2322 3686 4346 
m1252 45 46 2295 2345 
m955 30 37 46 1530 1537 1546 1880 2330 2337 2346 
m2892 13 33 45 695 1695 4163 
m175 14 32 46 732 2314 2332 2346 4814 
m1881 22 23 30 36 40 41 46 1122 1123 1130 1136 1140 1141 1146 1191 1523 1536 1541 1546 1841 1846 2023 2030 2036 2040 2041 2046 2072 2341 3696 4323 
m1054 12 14 33 46 712 746 2333 3133 3233 4812 
m787 18 46 2318 
m2597 22 44 46 1146 2344 2346 4846 
m3028 22 30 39 1130 1139 1980 
m872 22 23 30 41 49 1123 1130 1173 1523 2072 2073 2080 2472 2473 2480 2491 3673 
m3400 22 33 46 1672 1696 2322 
m818 22 30 36 40 41 46 1136 1141 1146 1541 1822 1830 1841 2022 2046 2086 2096 2336 
m34 22 30 40 46 1130 2022 2030 2040 2046 2322 2330 2346 
m1215 13 46 696 
m766 22 30 36 40 41 49 1130 1136 1141 1536 1540 1541 1830 1836 1840 1841 2036 2072 2080 2086 2090 2091 2472 2480 2486 2491 
m435 22 40 46 1140 1146 2046 
m1179 22 37 46 1137 2322 4837 
m917 27 32 38 46 1382 1388 1396 1638 1646 1946 
m1348 30 37 40 46 1537 1540 1546 1890 2340 4396 
m3284 14 36 40 45 736 740 745 1840 2036 2286 2290 4336 
m391 22 23 30 1123 1130 1172 1173 1180 1523 3673 
m329 13 22 33 36 40 1113 1122 1133 1136 1140 1813 1833 1840 2013 2033 4163 
m3116 32 36 1832 4336 
m2495 40 45 2045 
m2761 46 
m909 22 46 1146 
m3519 19 46 969 996 2319 2346 
m2817 14 22 44 46 1114 1144 1146 2214 2246 2314 2322 2344 2346 3246 4846 
m860 32 45 1645 
m261 
m698 16 32 46 832 2332 4816 
m258 22 23 45 1122 1123 1172 1173 2272 2273 3673 
m1480 14 39 1964 
m2270 12 45 645 2295 
m1164 22 44 46 1146 2344 2346 4846 
m1609 32 46 2332 2346 
m1651 14 45 745 
m1541 10 32 46 1610 1646 2310 
m2281 18 46 2318 
m2265 45 46 2296 
m2615 22 23 30 38 41 1122 1123 1130 1138 1172 1173 1188 1522 1523 1530 1538 2072 2073 2080 3673 
m1247 30 36 40 46 48 1830 1848 2030 2036 2046 2330 2336 2346 2348 2430 
m129 36 45 49 1849 2286 2299 
m2114 27 45 46 2277 2296 2327 4846 
m686 13 22 33 1113 1133 4163 
m2420 45 
m518 23 38 45 1195 1923 1945 3673 
m616 46 
m748 5 32 36 46 49 282 286 296 299 1649 1832 1849 2332 2336 2349 2486 4136 4336 
m2872 30 36 46 49 1830 2330 2336 2480 2486 2496 
m1227 37 46 2337 2346 4837 4846 
m603 36 46 1836 1846 4836 
m1470 45 46 2296 
m601 26 46 49 1346 1349 2346 2496 2499 
m3072 45 46 2295 2296 2345 
m930 9 36 1809 1836 2959 4309 4336 
m2466 30 46 2330 
m1686 17 22 1117 
m3588 20 37 46 1870 2320 2337 
m2471 21 1071 
m2543 11 13 22 33 36 40 661 1111 1113 1122 1133 1136 1140 1661 1811 1813 1833 1840 2011 2013 2033 4163 
m1005 13 25 38 46 1263 1296 1913 1925 1946 2313 
m1781 26 46 1326 1346 2326 2346 3826 
m81 44 46 49 2246 2494 2496 
m406 22 38 45 46 1145 1922 1945 1946 2322 2345 
m1569 38 46 1946 
m2252 22 33 38 46 1122 1133 1146 1672 1922 1933 1946 2322 4833 
m1292 22 45 1122 1145 2272 
m2571 22 26 33 36 49 1126 1133 1676 1822 1826 1833 1849 2472 2476 2483 
m1799 38 46 1946 
m2136 29 36 41 1486 1829 1836 1841 2079 2086 2091 
m2886 40 46 2046 
m690 30 44 45 1530 1544 1545 2230 2244 2245 2280 2294 2295 
m1414 36 46 2336 
m1871 22 44 46 1146 2244 2246 2344 2346 4846 
m1691 23 30 36 46 1173 1180 1186 1196 1523 1530 1536 1546 1823 1830 1836 1846 2323 2330 2336 2346 3696 4823 4836 
m2511 22 44 46 1146 2344 2346 4846 
m1864 22 23 36 40 41 46 49 1123 1136 1141 1191 1836 1841 2022 2023 2036 2041 2322 2323 2336 2340 2341 2349 2472 2473 2486 2490 2491 2499 4323 4336 4836 
m2275 23 30 36 49 1180 1199 1549 1823 1830 1849 
m944 41 46 2341 
m3545 46 
m516 45 2295 
m3351 22 23 30 36 40 41 46 1122 1123 1130 1136 1140 1141 1146 1180 1522 1523 1530 1536 1540 1546 1822 1823 1830 1836 1840 1841 1846 2022 2023 2030 2036 2040 2041 2046 2072 2086 2090 2322 2323 2330 2340 4823 4846 
m474 33 46 2333 2346 4833 
m3480 36 40 41 1840 1841 2036 2040 2041 4336 
m706 8 25 46 49 408 446 449 1258 1296 2349 
m1320 18 918 
m1147 33 38 46 1688 1938 1946 2338 4196 
m1423 37 46 2337 
m2799 
m588 36 38 48 1838 1848 1936 1948 2436 2438 2448 
m1582 5 14 22 33 36 40 264 272 283 286 290 722 736 740 1122 1136 1140 1672 1686 1690 1822 2022 2036 3233 
m1674 14 22 38 46 49 722 749 1914 1938 1946 1949 2314 2322 2338 2346 2349 2472 4814 
m2042 14 22 46 722 746 2322 2346 
m3045 23 36 40 46 49 1836 1840 1846 1849 2023 2036 2040 2046 2049 2323 2336 2473 2486 2490 2496 3686 4323 4336 4836 
m2738 23 30 45 1180 1195 1523 1530 1545 2273 2280 2295 3673 
m1670 22 23 27 36 40 1122 1123 1127 1136 1140 1190 1372 1373 1386 1390 1823 1840 2023 2040 
m1759 36 45 46 1845 2345 4836 
m2651 30 36 46 1536 1546 2330 2336 2346 4836 
m1474 14 32 40 46 732 1632 1646 2014 2032 2046 2332 3246 
m2007 22 36 45 1136 1145 1845 
m1165 22 23 30 36 46 1172 1522 1523 1536 1822 2322 2330 2336 2346 3686 4823 4836 
m1974 40 46 2046 2340 2346 4846 
m2607 32 36 46 1632 1636 1646 1832 1836 1846 2332 2346 4332 4846 
m378 14 46 746 2346 
m2027 13 46 4813 
m2182 12 22 23 36 41 46 49 622 623 636 641 649 1123 1136 1141 1191 1822 1823 1841 2322 2323 2336 2341 2349 2472 2473 2486 2491 3136 4323 4336 4812 
m2384 14 32 41 741 1614 1641 
m1289 
m1483 22 45 46 1145 1146 2296 
m1170 26 44 46 1346 2226 2246 2326 2344 2346 
m2983 22 37 46 1872 2322 4837 
m3556 46 
m2085 12 23 30 36 41 46 49 630 1180 1812 1830 1846 2062 2073 2080 2086 2096 2323 2330 2462 2473 2480 2486 2491 2496 3123 4323 4812 
m3080 23 30 36 41 1523 1823 1830 2073 2080 3673 4323 4586 
m2708 5 22 1105 1122 
m222 3 23 30 41 46 180 1180 2053 2073 2080 2096 2303 2330 2673 4823 
m418 11 45 595 
m892 32 1632 
m1778 22 36 41 1122 1136 1141 1822 2072 2086 2091 4586 
m1683 10 30 36 46 1510 1536 1546 1810 1846 2310 2346 
m2746 22 32 36 37 40 1622 1636 1637 1640 1822 1840 1872 1886 1890 2022 2036 2040 4336 
m2328 22 47 2372 2397 
m3297 36 38 46 48 1836 1838 1848 1936 1938 1948 2336 2338 2348 2436 2438 2448 4336 4836 
m927 13 22 33 36 40 1113 1133 1136 1140 1813 1833 1840 2013 2033 4163 
m3455 44 46 2246 2344 2346 
m2062 14 46 714 746 2314 2346 4814 
m2362 5 32 36 45 1605 1805 2255 2282 2286 4332 
m1980 12 30 45 630 2262 2280 
m1397 7 38 46 1907 1946 2307 2338 2346 
m2595 22 44 46 1146 2322 2344 2346 4846 
m1279 37 40 45 46 1890 2287 2290 2337 2340 2345 
m2118 20 22 36 40 1120 1122 1136 1140 1820 1840 2020 
m469 45 
m3488 41 45 2291 
m131 22 37 40 46 1137 1140 1146 1890 2022 2037 2040 2046 2337 2340 2346 4837 
m3417 
m676 22 23 36 40 46 49 1172 1822 1836 1849 2022 2023 2036 2040 2046 2049 2322 2323 2336 2349 2472 2473 2486 4323 4336 4836 
m754 32 36 45 46 1832 2282 2286 2296 2332 2336 2346 4836 
m2619 22 23 30 45 46 1122 1123 1130 1145 1146 1195 1522 1523 1530 1545 1546 2273 2280 2295 2296 2322 2330 2345 2346 3696 4823 
m2866 36 40 46 1836 2036 2046 2336 
m2930 5 13 14 33 655 705 713 1655 1664 4163 
m2475 22 23 36 40 46 49 1172 1822 1823 1836 1840 1849 2022 2023 2036 2040 2046 2049 2322 2323 2336 2349 2473 2486 3686 4336 4346 4836 
m541 12 17 46 612 2312 2317 2346 3117 4812 
m3114 36 38 41 46 1838 2096 2338 4346 4586 
m2676 11 13 33 36 40 661 1661 1811 1813 1833 2011 2013 2033 2036 4163 
m444 2 27 36 40 46 1352 1386 1396 1802 2002 2027 2036 2046 2302 4836 
m1526 22 40 46 1146 2340 
m2707 15 46 2315 
m3565 22 45 1122 1145 2272 2295 
m939 22 23 36 40 46 1122 1123 1136 1140 1146 1172 1822 2022 2023 2036 2040 2046 2322 2323 2336 2340 2346 4323 4823 
m1576 22 23 36 49 1123 1136 1172 1173 1186 1199 1822 1823 1849 2472 2473 2486 3673 4323 4336 
m3326 5 13 14 33 263 283 705 713 733 3183 
m953 37 
m473 22 45 1145 
m1036 23 40 46 49 1196 2023 2040 2046 2473 2490 2496 
m218 22 27 40 46 1127 1140 1146 2027 2046 2327 
m2895 
m789 12 41 45 46 2062 2096 2262 2291 2296 4812 
m1519 23 30 36 49 1180 1823 1830 1836 1849 2473 2480 2486 2499 
m1793 13 22 45 46 696 1113 1146 2263 2272 2296 
m570 37 46 4396 
m571 5 14 26 45 705 745 1305 1314 1345 2255 
m680 36 46 2336 
m2504 12 45 46 645 2345 4812 
m76 13 22 44 46 694 1113 1122 1144 1146 2313 2344 
m191 14 30 46 730 2330 4814 
m1975 22 37 40 46 1122 1137 1146 2022 2037 2046 2322 2337 2346 4837 
m1803 22 44 46 1146 2344 2346 4846 
m2752 36 49 1849 2486 2499 
m720 23 38 46 1188 1923 1938 1946 2338 2346 3696 4823 
m2980 36 40 46 1840 2336 2340 
m2851 23 
m1797 22 36 37 46 49 1136 1137 1146 1149 1846 1849 1886 1899 2349 4396 
m2658 9 36 46 459 486 496 1809 2309 2336 2346 4836 
m2736 14 22 45 745 1114 1145 
m768 13 32 38 46 682 1913 1932 1946 2313 2332 
m1664 23 32 36 40 49 1182 1632 1823 1832 1849 2023 2032 2036 2049 2473 2482 
m711 45 46 2295 2345 2346 
m624 41 
m3242 45 46 2295 2296 
m1760 17 38 46 896 1917 1938 1946 2317 2338 2346 3396 4817 4846 
m2747 14 22 23 36 723 1114 1123 1136 1186 3236 
m961 36 42 4636 
m1553 22 37 45 46 49 1137 1146 2272 2287 2296 2299 2472 2487 2496 4837 
m1369 33 37 4383 
m3168 23 30 46 1180 2330 2346 4823 
m436 30 46 1546 2330 4846 
m2371 37 46 2346 4396 4837 
m3440 22 45 1145 
m2341 23 36 40 45 46 49 1190 1195 1836 1840 1845 2036 2045 2323 2336 2340 2345 2473 2486 2495 2496 3686 4323 4336 4836 
m3226 33 1683 
m71 32 36 46 1632 1636 1646 1832 1836 1846 2332 2336 2346 4332 
m774 23 30 38 45 46 1180 1923 1930 1946 2273 2280 2288 2296 2323 2330 2338 2346 4823 
m1093 22 30 46 1130 1146 2322 2330 2346 
m772 36 41 46 1841 2341 4836 
m879 12 14 46 2312 2314 2346 3212 4812 4814 
m1367 17 46 2317 2346 4817 
m704 22 23 30 1122 1123 1130 1172 1173 1180 1522 1523 3673 
m2845 22 36 37 40 46 1122 1136 1137 1140 1146 1822 1837 1840 1846 1872 2022 2037 2046 2322 2336 2340 2346 4396 4837 
m2775 23 36 41 1186 1191 1823 1836 1841 2073 2086 2091 4341 4586 
m111 22 23 30 36 40 1122 1123 1136 1140 1522 1523 1536 1540 1822 1823 1840 2022 2023 2030 2036 2040 4323 4336 
m567 34 45 2284 
m3007 12 22 36 41 46 49 622 641 1141 1812 1822 1841 2322 2336 2341 2462 2472 2486 2491 2496 3136 4312 4336 4812 
m1166 13 22 33 36 40 672 686 690 1113 1122 1133 1136 1140 1672 1686 1690 2036 3183 
m1907 22 23 30 1122 1123 1130 1172 1173 1180 1522 1523 1530 3673 
m2217 22 34 36 1134 1136 1834 
m262 5 14 32 705 1605 1614 
m3478 14 36 49 1814 2464 2486 4314 4336 
m1795 11 
m2820 21 23 46 1171 2321 2323 
m864 16 23 36 40 41 46 836 840 841 1186 1190 1191 1841 2023 2036 2040 2041 2046 2066 2073 2086 2090 2091 2096 2316 2336 2340 2341 3666 4823 
m2664 22 45 1145 
m264 9 22 46 1109 1146 2309 2346 4846 
m2093 40 46 2040 2046 2340 
m428 45 46 2345 
m705 14 22 38 46 49 722 749 1938 1946 2314 2322 2346 2349 2472 
m3434 46 
m1631 5 36 40 46 49 286 296 299 2005 2036 2046 2346 2349 2486 4836 
m539 40 41 46 2046 2090 2096 2340 2341 2346 
m424 37 45 46 1895 2345 4837 
m3327 26 39 46 1326 1339 1346 1976 2326 4496 
m2679 5 14 40 45 46 705 745 2005 2014 2045 2046 2255 2305 2345 4814 
m2531 10 36 46 1810 2310 2346 4836 
m1159 46 4846 
m2604 32 37 38 46 1637 1646 1932 1937 1946 2332 2337 2346 4837 
m3527 45 46 2296 2345 4846 
m1109 22 30 36 41 1122 1130 1136 1530 1536 1541 1830 2080 4586 
m2487 45 46 2345 
m1259 14 22 39 40 46 740 1114 1122 1139 1140 1146 1990 1996 2014 2040 2046 2340 3246 4464 
m2332 42 45 2145 
m2063 
m867 45 49 2295 2299 
m640 13 22 38 1113 1122 1138 1913 
m2320 30 45 46 2280 2296 2330 2346 
m3125 22 23 1122 1123 1172 
m1374 5 13 14 23 33 655 705 713 1155 1163 1164 1183 1655 1664 4163 
m153 37 46 4396 
m2787 22 36 46 1122 1136 1146 1822 1846 2322 
m2780 22 40 41 46 1140 1141 2022 2040 2041 2046 2072 2090 2091 2096 2341 
m505 3 45 195 2295 
m1548 12 13 22 36 40 622 636 640 672 686 690 1112 1113 1122 1136 1140 1822 2022 2036 3162 
m1251 5 13 33 46 263 283 2305 2313 2333 4163 
m2081 22 23 30 36 40 46 1122 1123 1130 1136 1140 1146 1172 1173 1522 1523 1530 1540 1546 1822 1823 1830 1840 1846 2022 2023 2030 2036 2040 2046 2322 2323 2330 2340 2346 3696 4823 
m599 36 45 46 2286 2295 2296 2336 2346 4836 
m1432 12 45 46 645 2345 4812 
m171 38 45 2288 
m1909 32 37 46 1882 2332 2337 
m2938 33 45 1695 2283 2295 
m3543 22 26 36 45 46 1126 1136 1146 1336 1345 1346 1845 2336 2345 2346 4836 
m3594 23 30 1523 
m815 1 32 36 38 45 46 82 96 1901 1932 1936 1946 2251 2282 2286 2288 2296 2332 2586 4136 4836 
m3580 13 33 4163 
m2261 6 36 42 46 49 2306 2336 2342 2456 2486 2492 2496 2836 4606 4636 
m712 13 22 41 691 1113 1122 1141 
m2276 45 
m3427 14 38 738 
m1918 22 1122 
m1249 30 41 46 2080 2330 2341 2346 
m252 38 45 1938 1945 
m574 26 38 45 46 1338 1345 1346 1938 1945 2288 2338 2345 
m3243 36 38 40 45 1838 1936 1938 1940 2036 2038 2286 2288 
m3088 23 36 40 46 49 1836 1840 1846 1849 2023 2036 2046 2049 2323 2336 2473 2486 2490 2496 3686 4323 4336 4836 
m2628 22 30 36 40 41 46 1122 1130 1136 1140 1141 1146 1536 1540 1546 1846 2022 2030 2036 2040 2046 2072 2090 2340 4346 4846 
m2538 22 44 46 1146 2344 2346 4846 
m3469 37 
m2290 14 22 36 40 46 722 740 746 1140 1146 1822 1840 2014 2036 2040 2046 2322 2336 2340 2346 3236 4346 4814 
m2924 13 33 1663 1683 4163 
m1400 22 36 40 46 1122 1136 1140 1146 1840 2040 2336 2340 
m1258 23 45 1195 2273 2295 
m2008 5 45 46 2255 2305 2345 
m2865 14 40 46 714 746 2014 2040 2046 2314 2340 2346 3246 4814 
m2561 32 36 46 1832 2332 2336 2346 4836 
m1468 23 45 46 1195 2323 2345 3673 
m2211 38 45 46 49 1946 2299 2345 2346 2349 
m2530 14 38 40 45 46 740 745 1914 1938 1940 1945 1946 2290 2340 2345 3246 
m472 10 46 2310 
m2758 13 16 38 688 838 3313 
m1649 22 
m420 26 38 46 1926 1946 2326 
m2144 45 46 2296 
m639 32 46 2332 
m1704 5 13 38 45 46 263 296 1905 1913 1946 2255 2263 2288 2296 2313 
m845 26 33 46 49 1333 1346 1349 2349 2483 4833 
m2600 11 13 33 563 583 4163 
m58 37 46 1896 2337 2346 4837 
m3078 22 23 30 36 41 1122 1123 1130 1136 1172 1173 1522 1523 1822 1823 1830 2072 2073 2080 3673 4586 
m235 45 
m1774 26 38 46 1338 1346 1946 2346 
m2402 11 13 33 45 563 583 595 695 1695 3183 
m450 2 45 46 2252 2296 2302 
m230 22 38 40 1140 1922 1938 1940 
m2716 32 46 1632 1646 2332 2346 
m1722 38 45 1938 1945 2288 2295 
m866 37 38 46 49 1887 1888 1899 1937 1946 2337 2338 2346 2349 4396 4837 
m232 6 42 4606 
m3504 46 4846 
m770 37 
m2428 
m3577 13 33 49 2463 2483 4163 
m1391 14 45 46 714 745 746 2345 4814 
m294 37 40 41 46 1890 2037 2046 2087 2090 2096 2340 4396 
m966 22 44 46 1146 2222 2244 2246 2344 2346 4846 
m2140 12 22 23 36 40 41 46 49 636 640 641 646 649 1123 1136 1141 1146 1149 1812 1836 1840 1841 1846 1849 2036 2041 2046 2073 2086 2090 2091 2096 2099 2322 2323 2336 2340 2341 2349 2462 2472 2473 2486 2491 2496 2499 4323 4336 4812 4836 
m2431 22 44 46 1146 2246 2344 2346 4846 
m479 12 30 38 40 46 630 1912 1930 1946 2012 2030 2038 2040 2046 2312 2330 2346 4812 
m1287 36 40 41 46 49 1841 1846 1849 2036 2041 2046 2049 2336 2341 2486 2491 2496 4336 
m2244 23 30 45 1195 1523 1545 
m1448 41 45 2091 2095 2291 2295 
m2191 40 44 46 49 2044 2046 2049 2344 2349 2494 
m2891 14 22 27 40 727 1114 1127 2014 2022 2027 
m1177 45 2295 
m2035 30 38 39 1930 1980 1988 
m1303 32 36 41 46 1641 2332 2336 2341 2346 4136 4341 
m1931 22 23 30 41 1122 1123 1130 1172 1173 1180 1191 1522 1523 1541 2072 2073 2080 3673 
m1389 22 37 40 45 46 1146 1872 1887 1890 1895 1896 2022 2037 2046 2287 2290 2295 2296 2322 2337 2340 2346 4396 
m2743 23 30 36 40 41 1523 1536 1540 1830 1836 1840 2023 2036 2073 2080 2086 2090 3686 4323 4586 
m1044 32 46 1632 1646 2332 
m1273 5 40 45 46 2005 2045 2046 2255 2296 2305 
m3286 7 45 2257 
m2129 32 36 41 46 1641 1646 2332 2336 2341 2346 4136 4586 
m1667 14 22 38 738 1114 1138 1914 1922 1938 
m2314 22 36 41 49 1136 1141 1149 1841 1849 2072 2086 2091 2099 2486 2491 4336 
m1449 14 49 2464 
m3402 27 45 46 2277 2296 2327 2346 
m2499 23 41 1191 2073 2091 
m1700 22 32 38 46 1146 1922 1932 1938 1946 2332 2346 
m3033 23 30 45 46 1173 1180 1196 2273 2296 2330 2346 4823 
m1111 36 1836 
m2764 45 2295 
m1550 
m2382 32 44 46 1644 1646 2344 
m2740 22 23 1122 1123 1172 1173 3673 
m1574 22 45 46 1145 1146 2296 
m2306 14 46 49 2314 2346 2464 2496 4814 
m3031 11 13 33 563 583 661 1661 4163 
m1513 22 23 1122 1123 1172 
m1388 23 33 44 49 1183 1194 1199 1694 1699 2494 
m3253 5 13 30 33 46 655 680 1505 1655 1680 2305 2313 2330 2333 4163 
m1563 
m682 22 23 36 40 46 49 1172 1822 1836 1849 2022 2023 2036 2046 2049 2322 2323 2336 2349 2472 2473 2486 4323 4336 4836 
m2398 41 46 2091 2096 2341 
m1646 23 
m221 23 45 1195 
m1773 17 46 2317 2346 4817 
m2675 46 
m3017 14 40 46 2014 2040 2046 2314 2346 4814 4846 
m127 37 40 46 1890 2037 2040 2046 2337 2340 2346 4396 
m2985 48 2448 
m889 37 38 46 1888 2338 4396 
m796 22 23 31 36 1123 1131 1136 1172 1173 1573 1822 1823 3673 3686 4086 4323 
m602 27 32 38 46 1382 1396 1927 1932 1946 2332 
m368 18 37 46 1868 2318 4837 
m342 36 46 1846 2336 2346 4836 
m2109 46 
m970 13 23 30 46 696 1163 1173 1180 1196 1513 1523 1530 1546 2313 2323 2330 2346 3196 3663 3696 4823 
m549 46 
m1405 22 36 45 46 49 1145 1822 1845 2322 2336 2345 2472 2486 2495 2496 
m85 15 22 46 772 2315 2322 
m2439 27 46 49 2327 2346 2477 2496 
m583 14 32 36 41 46 736 741 1614 1641 2314 2332 2336 2341 4136 4586 
m130 36 40 46 49 1846 1849 2036 2046 2349 
m1608 22 23 30 1122 1123 1130 1172 1173 1180 1522 1523 1530 3673 
m2313 22 30 45 1122 1130 1145 1545 
m3438 26 38 46 1926 1946 2326 
m194 
m3547 45 49 2295 2299 
m1745 17 46 2317 2346 4817 
m135 46 
m530 46 
m701 5 13 22 45 46 655 1113 1145 1146 2255 2263 2296 2305 2313 
m1684 14 46 2314 2346 4814 
m2762 32 36 38 41 46 1641 1646 1932 1936 1941 1946 2332 2336 2341 2346 4136 4586 
m1343 30 36 41 46 1830 1836 1841 1846 2080 2330 2336 2341 2346 4586 4836 
m929 7 45 46 2257 2295 2296 2307 2346 
m1454 13 46 47 696 2363 2396 
m2092 13 22 33 36 40 48 672 686 690 1113 1122 1133 1136 1140 1672 1686 1690 1822 2022 2036 2413 2422 2433 2436 2440 3183 
m2661 32 37 46 1632 1637 1882 2332 2337 
m2417 37 
m1277 14 22 49 749 1114 1149 2464 2472 2499 
m133 
m2934 45 2295 
m3555 22 46 1146 
m2515 23 36 40 46 48 1190 1823 1836 1840 1846 1848 2023 2036 2040 2046 2048 2336 2340 2346 2423 2436 2446 3686 3696 4323 4346 4823 4836 
m2408 23 30 38 46 1180 1923 1930 1946 2330 4823 
m802 22 32 46 1132 1146 2332 
m825 22 36 46 1122 1136 1146 1822 1846 2322 
m356 36 45 1845 
m487 13 36 38 46 49 663 686 688 696 699 1813 1836 1838 1846 1849 1913 1936 1946 1949 2336 2338 2346 2349 2463 2486 2496 3196 4813 
m363 11 13 45 563 595 695 
m3342 22 36 40 46 1122 1136 1140 1146 1840 2040 2336 2340 
m681 8 37 408 437 
m2271 22 36 40 1122 1136 1140 1822 2022 2036 
m2117 22 23 30 41 46 1122 1123 1130 1141 1146 1172 1173 1180 1191 1522 1523 2072 2073 2080 2322 2323 2330 2341 3673 
m1360 22 45 1145 
m2882 27 36 46 48 1827 2327 2336 2436 2446 
m1033 23 41 46 1173 2073 2323 2341 3673 
m2348 22 23 30 36 40 45 46 1122 1123 1130 1136 1140 1145 1146 1172 1173 1180 1190 1196 1522 1523 1536 1540 1545 1546 1822 1823 1830 1836 1840 1845 1846 2022 2023 2030 2036 2040 2045 2046 2272 2273 2280 2286 2290 2296 2322 2323 2330 2336 2340 2345 2346 4823 
m1240 36 40 46 2036 2046 2340 2346 4836 4846 
m3011 10 14 46 710 746 2310 2346 
m1973 22 45 2272 
m591 12 22 23 36 40 41 46 49 640 1123 1136 1141 1149 1162 1186 1190 1196 1199 1812 1840 1846 1849 2062 2073 2086 2090 2096 2099 2340 2462 2486 2496 3146 3686 4312 4336 
m1546 45 2295 
m1327 13 22 46 1113 1122 1146 2322 4813 
m2372 38 46 1946 2346 
m2588 14 30 46 730 746 2330 
m32 
m2090 16 
m1879 16 22 44 49 844 849 1116 1144 2494 
m352 27 49 1399 
m644 14 
m702 30 45 46 2280 2295 2296 2330 2346 
m3249 11 38 46 588 596 1911 1938 1946 2338 
m1134 17 45 895 2267 2295 
m1858 46 
m1444 5 13 22 255 263 272 1105 1113 1122 
m822 22 38 46 1146 1922 1946 
m21 23 30 36 40 1173 1180 1190 1523 1530 1536 1540 1823 1830 1836 1840 2023 2030 2036 2040 3686 4323 4336 
m1323 4 42 45 2254 2292 2742 
m2573 22 40 46 2046 2322 2346 
m1032 14 40 45 46 2014 2040 2046 2264 2290 2296 2314 2346 3214 4814 
m3472 30 45 46 2280 2296 2330 2346 4846 
m2883 36 40 46 48 2036 2040 2046 2048 2336 2346 2348 2436 4836 
m1926 33 36 46 1686 2333 2336 2346 4833 
m1294 32 33 40 46 1633 2032 2033 2040 2046 2332 2333 
m2927 26 37 46 1876 2326 2337 
m871 14 33 4164 
m458 14 45 745 2264 2295 
m490 37 46 2337 
m1063 14 40 46 49 2014 2046 2314 2346 2464 2490 2496 4814 
m2793 30 36 40 46 1536 1540 1546 2036 2340 4836 
m1605 22 23 30 36 40 41 46 1122 1123 1130 1136 1140 1141 1146 1191 1523 1536 1541 1546 1841 1846 2023 2030 2036 2040 2041 2046 2072 2073 2091 2341 3696 4323 
m621 44 46 49 2246 2494 2496 
m2344 5 36 41 45 46 286 291 1836 1841 2286 2291 2296 2305 2336 2341 4836 
m1648 22 23 30 1122 1123 1130 1172 1173 1180 1522 1523 1530 3673 
m898 14 40 46 2014 2046 2314 2346 4814 
m1285 36 46 2336 4836 4846 
m202 3 38 45 195 1903 1938 1945 
m3382 22 23 30 46 1122 1123 1130 1146 1180 1523 1530 1546 2330 2346 4823 
m139 12 22 23 36 41 46 49 622 623 636 641 649 1123 1136 1141 1191 1822 1823 1841 2322 2323 2336 2341 2349 2472 2473 2486 2491 3136 4323 4336 4812 
m2517 13 22 36 40 1113 1122 1136 1140 1813 1840 2013 
m2802 37 46 4837 
m2667 22 36 40 41 1122 1136 1140 1141 1836 1840 1841 2036 2040 2086 2090 2091 4586 
m2932 45 46 2295 2296 2346 
m1365 37 46 49 1887 1899 2337 2346 2349 2487 2496 4396 4837 
m459 11 13 33 45 563 583 595 2263 2283 3183 
m310 22 37 46 1122 1137 1146 1872 2322 4837 
m1278 20 45 1045 
m1816 3 22 30 38 172 180 188 1522 1922 1930 1938 
m562 22 46 1122 1146 2322 2346 
m853 38 46 1946 2338 2346 
m2393 12 46 612 2312 2346 4812 
m3006 30 44 45 1545 2230 2245 
m957 22 38 46 1146 1922 1946 
m3069 26 46 1346 2346 
m1625 12 40 46 2012 2046 4812 
m2519 14 22 46 722 746 2322 2346 
m155 36 38 1838 1936 1938 
m2247 5 32 36 1605 1636 1805 
m2524 45 
m1396 32 36 38 41 46 1641 1646 1932 1936 1941 1946 2332 2336 2341 2346 4136 4586 
m1363 22 45 46 49 1146 1149 2272 2296 2299 2349 2472 2495 2496 
m290 22 36 40 46 49 1149 1822 1849 2022 2036 2049 2322 2336 2340 2349 
m2166 22 30 36 40 46 1122 1130 1136 1140 1146 1536 1540 1546 1836 1840 1846 2022 2030 2036 2040 2046 2322 2330 2336 2340 2346 4346 
m2835 14 45 2264 3214 
m2287 36 46 2336 2346 4346 4836 
m629 8 408 
m652 13 22 46 1113 1122 1146 2313 2322 2346 
m1681 12 22 23 36 40 45 46 49 622 623 636 640 645 649 1123 1136 1140 1145 1195 1822 1823 1840 1845 1849 2012 2023 2036 2045 2046 2049 2322 2323 2336 2340 2345 2349 2472 2473 2486 2490 2495 3136 4323 4336 4812 
m1744 12 14 27 46 712 746 1362 1364 1396 2312 2346 3246 4812 
m733 14 40 46 740 746 2014 2040 2046 2314 2340 2346 4814 
m1150 22 23 30 36 40 46 49 1122 1123 1130 1136 1140 1146 1172 1173 1180 1186 1190 1522 1523 1530 1536 1540 1546 1822 1823 1830 1840 1846 1849 2022 2023 2030 2036 2040 2046 2049 2322 2323 2330 2336 2340 2346 2349 2472 2473 2480 2496 3696 4823 
m1386 22 33 44 49 1133 1144 1694 1699 2494 
m667 22 36 37 40 46 1137 1146 1822 1837 1846 1872 2022 2036 2046 2322 2337 2346 4346 4837 
m3009 22 35 46 1135 1146 1796 
m1158 37 38 46 1896 1937 1946 
m2058 38 46 1946 
m989 45 46 2295 2296 2346 
m2622 30 39 1980 
m2319 5 13 22 33 36 38 40 46 263 272 283 286 290 672 686 690 1113 1122 1133 1136 1140 1672 1686 1690 1822 1905 1913 1922 1933 1936 1940 1946 2022 2036 2305 2313 2322 2333 2336 2340 3183 
m2139 22 45 46 1145 1146 2296 4846 
m2703 23 45 46 1195 2323 2345 4823 4846 
m3539 32 1632 
m2779 46 
m1763 5 30 45 46 280 2255 2280 2296 2305 2330 
m480 26 33 47 1333 1347 1697 
m3269 33 45 46 2283 2296 2333 2346 4833 4846 
m104 14 22 46 722 746 2322 
m2318 22 36 40 41 49 1122 1136 1140 1141 1149 1841 1849 2022 2036 2041 2049 2486 2491 4336 
m1271 12 14 45 46 645 712 745 2312 2314 2345 2346 4814 
m2933 36 42 46 49 2146 2336 2486 2492 2496 4636 
m3494 14 36 46 49 714 736 746 749 1814 1836 1846 1849 2314 2336 2346 2349 2464 2486 2496 3246 4814 
m2950 23 32 39 49 1173 1639 1973 2482 2489 3673 
m463 37 46 2337 
m3255 27 36 48 49 1386 1398 1399 1827 1848 1849 2486 2498 2499 4336 
m2564 23 30 46 1173 1180 1196 1523 1530 1546 2323 2330 2346 3696 4823 4846 
m576 26 27 46 1327 1346 1377 2327 
m707 36 40 46 49 1836 1840 1846 1849 2036 2040 2046 2336 2340 2346 2349 2486 2490 2496 4336 4346 4836 
m248 22 36 40 46 49 1822 1846 1849 2022 2036 2040 2046 2049 2322 2472 2496 
m1901 22 45 46 1146 2272 2296 4846 
m520 46 
m431 22 30 36 39 41 1136 1139 1522 1536 1539 1541 1986 2072 2089 4586 
m439 46 2346 
m581 5 45 46 2255 2296 2305 
m2814 26 46 1326 1346 2346 
m2116 36 
m2559 22 23 30 45 46 1123 1130 1145 1146 1196 1523 1545 1546 2273 2280 2295 2296 2323 2346 4823 4846 
m3571 22 45 46 1145 1146 2345 4846 
m2305 12 38 45 46 645 1912 1946 2345 4812 
m2347 22 26 46 1146 1322 1346 
m2220 14 22 23 46 1114 1123 1146 1196 2314 3664 
m2079 45 46 2296 2345 4846 
m2006 37 46 4837 
m1535 14 45 46 745 746 2345 
m1352 22 23 30 46 1122 1123 1130 1146 1180 1522 1523 1530 1546 2330 4823 
m2014 32 36 37 1632 1637 1882 1886 1887 4136 4332 
m3256 13 36 40 45 686 1813 1840 1845 2013 2036 2045 2263 2286 4336 
m2769 46 
m2880 8 37 46 437 446 4837 
m3094 5 36 45 46 286 295 1845 2305 2336 2345 4336 
m723 32 46 2332 2346 
m2963 22 36 40 46 1136 1146 1836 1840 1846 2036 2046 2336 2340 2346 4836 
m3151 23 26 30 36 40 45 49 1173 1186 1190 1195 1323 1330 1336 1345 1349 1523 1526 1530 1536 1545 1549 1836 1840 1845 2036 2045 2473 2486 2495 3686 4323 4336 
m283 30 36 39 40 46 1830 1980 1986 1990 1996 2030 2036 2046 2330 4836 
m2269 23 30 38 46 1188 1523 1530 1538 1923 1930 1946 2323 2330 2338 2346 
m545 22 44 45 46 1144 1145 1146 2294 2296 2344 2346 
m977 45 
m3295 20 23 1020 1023 1170 
m2112 23 30 38 45 46 1180 1923 1930 1946 2273 2280 2288 2296 2330 2346 4823 
m2617 22 45 46 1145 1146 2296 
m2184 22 23 30 36 40 46 1122 1123 1130 1136 1140 1146 1172 1186 1190 1522 1523 1536 1540 1546 1822 2022 2036 2322 2336 2340 2346 4823 
m761 38 46 1938 1946 
m3405 26 45 46 1326 1345 1346 2276 2296 2326 
m3065 22 40 45 46 1140 1145 1146 2045 2046 2345 
m665 22 46 1146 2346 
m2176 14 36 40 46 740 746 1840 2014 2036 2040 2046 2336 2340 2346 3236 4346 4814 
m320 22 23 30 36 41 46 1122 1123 1136 1141 1191 1522 1523 1536 1841 2322 2323 2330 2336 3686 
m1524 13 33 36 40 48 698 1698 1813 1833 1848 2013 2033 2036 2048 4163 
m1321 41 2091 
m1996 22 44 46 1146 2322 2344 2346 4846 
m3596 37 41 46 2087 2341 4837 
m1616 5 45 46 2255 2296 2305 
m3067 28 36 38 46 1928 1936 1946 2328 2336 2346 4328 4836 
m228 5 14 32 705 1605 1614 
m3052 40 46 2040 2046 
m492 22 46 49 2322 2346 2472 2496 
m2183 5 14 36 41 45 255 286 291 295 705 736 741 745 1845 2055 2086 2095 4336 
m1761 23 36 38 40 41 1173 1186 1188 1190 1923 1936 1938 1940 2023 2036 2073 2086 2088 3673 3686 4323 4336 
m2107 36 40 46 1840 2336 2340 
m585 23 30 40 45 46 1173 1180 1523 2023 2030 2046 2273 2280 2290 2296 2323 2330 3673 4823 
m994 22 38 46 1138 1146 1938 1946 2338 
m3462 31 36 1581 1586 1836 4086 
m2451 5 26 30 37 46 1330 1337 1346 1505 1855 1880 2305 2330 2337 2346 4837 4846 
m2395 12 46 49 2349 2462 4812 
m765 22 37 46 1872 2322 2337 
m2327 22 36 41 49 1136 1141 1822 1841 1849 2072 2086 2091 2099 2472 2486 2491 4336 
m1178 26 32 33 37 1333 1626 1633 1637 1876 1883 
m2315 22 36 40 41 49 1136 1141 1822 1836 1840 1841 1849 2036 2072 2086 2090 2091 2472 2486 2491 4336 
m962 22 44 46 1146 2246 2344 2346 4846 
m1008 21 
m916 11 
m110 22 23 30 36 40 41 46 1122 1123 1130 1136 1140 1141 1146 1191 1523 1536 1541 1546 1841 1846 2023 2030 2036 2040 2041 2046 2072 2073 2091 2341 3696 4323 
m2998 22 23 30 36 40 41 46 1122 1123 1130 1136 1140 1141 1146 1191 1523 1536 1541 1546 1822 1830 1841 1846 2023 2030 2036 2040 2041 2046 2072 2091 2341 3696 4323 4586 
m1194 3 30 45 46 180 195 2280 2296 2330 2345 2346 2696 4803 
m3352 36 46 49 2336 2349 2486 
m757 37 41 46 2087 2096 4837 
m3139 45 46 2296 
m3592 22 36 45 1136 1145 1845 
m605 22 36 40 41 1136 1141 1836 1840 2036 2086 2090 4586 
m3392 45 46 2345 2346 
m3042 14 22 23 30 36 40 41 741 1123 1130 1136 1140 1141 1191 1523 1536 1540 1541 1823 1841 2023 2036 2041 2072 2073 2080 2086 2090 2091 3673 4323 
m753 36 40 41 46 49 1836 1841 1846 1849 2036 2040 2041 2046 2086 2096 2099 2336 2346 2349 4346 4586 4836 
m771 18 45 945 
m2647 22 23 30 1122 1123 1130 1172 1173 1180 1522 1523 1530 3673 
m2812 40 46 2046 2346 
m1806 23 
m272 14 34 46 734 746 2334 
m206 22 36 40 41 45 1122 1136 1140 1836 1840 2036 2040 2072 2086 2272 2286 2291 
m1016 38 40 45 46 1938 1945 1946 2290 2340 2345 
m42 
m149 5 13 14 33 263 283 705 713 733 4163 
m2579 46 2346 
m3272 5 36 45 46 286 295 1845 2305 2336 2345 4336 
m522 17 36 46 49 1817 1846 1849 2349 2467 4817 
m1944 45 
m286 44 46 2244 2246 2344 2346 
m3174 22 23 36 40 46 49 1123 1136 1146 1149 1836 1846 1849 2022 2023 2036 2046 2049 2323 2473 2486 2496 3686 4323 4336 4836 
m2825 3 30 153 180 1503 1530 
m3258 13 33 46 2313 2333 4163 
m3152 36 
m3435 13 14 22 46 672 722 1113 1114 2313 2322 3213 4814 
m3296 22 36 41 1136 1141 1822 1841 2072 2086 2091 4336 4586 
m2142 22 36 40 49 1149 1822 1849 2022 2036 2049 
m2657 36 37 40 46 1886 1896 2036 2037 2046 2336 2346 4836 4837 
m2807 
m2784 22 45 46 1122 1145 1146 2345 
m1647 36 45 46 1845 2286 2295 2345 4836 
m2534 45 46 2296 
m1035 41 46 2341 
m1129 22 46 2322 
m2610 22 45 46 1146 2272 2296 
m1224 14 40 46 2014 2040 2046 2314 2346 4814 
m1749 12 22 36 622 1112 1122 1136 1822 4312 
m398 13 22 32 36 40 672 686 690 1613 1622 1636 1640 1822 1840 2022 2036 2040 4336 
m1192 37 
m2170 23 36 40 41 1173 1186 1190 1191 1823 1840 2023 2036 2073 2086 2090 3673 4323 4336 4586 
m345 9 36 49 1809 2459 2486 2499 2959 4309 4336 
m1588 37 
m637 3 32 36 41 46 186 191 1603 1641 2303 2332 2336 2341 4136 4586 
m3507 5 13 14 38 46 655 705 746 1913 1914 1946 2305 2313 3213 
m3214 23 30 40 1173 1190 1523 1530 1540 2023 2030 2040 3673 
m683 22 23 36 46 49 1123 1136 1146 1149 1836 1846 1849 2323 2336 2473 2486 2496 3686 4323 4336 4836 
m607 22 45 46 1145 1146 2296 
m2476 12 23 30 36 41 46 49 630 1180 1812 1830 1846 2062 2073 2080 2086 2096 2323 2330 2462 2473 2480 2486 2491 2496 3123 4323 4812 
m2505 22 36 40 41 1136 1141 2036 2086 2090 
m2846 5 13 22 33 655 1113 1122 1133 1655 1672 4163 
m44 9 36 45 46 486 495 496 1845 2309 2336 2345 2346 
m1189 47 
m2419 36 48 1836 1848 2436 2448 4336 
m2753 26 40 46 49 1340 1346 1349 2046 2490 2496 
m1615 46 
m1777 36 40 45 1845 2036 2045 
m1601 6 42 4606 
m2698 14 22 36 40 722 736 740 1114 1122 1136 1140 1822 2022 2036 
m14 13 22 32 33 36 40 46 690 696 1113 1122 1132 1133 1136 1140 1146 1613 1633 1636 1640 1646 1690 1813 1833 1840 1846 2013 2033 2046 2333 2340 3183 
m2399 22 39 45 46 1122 1146 1972 1995 1996 2272 2296 
m2251 36 40 41 46 1841 2036 2040 2041 2046 2086 2090 2091 2096 2336 2340 2341 2346 
m3381 38 46 49 1946 1949 2346 2496 2499 
m483 22 37 46 1872 2322 4837 
m3304 13 22 46 1113 1122 2322 4813 
m2756 13 14 32 46 664 696 1613 1614 1646 4814 
m1920 2 36 45 46 145 1845 2252 2286 2295 2302 2345 2636 4836 
m1490 14 36 40 49 749 1814 1849 2014 2036 
m1068 22 44 46 1122 1144 1146 2222 2246 2322 2344 2346 4846 
m3448 36 40 45 46 1840 1845 2036 2040 2045 2340 2345 4836 
m2578 18 45 2268 
m1406 26 46 1326 1346 2346 
m3349 36 45 1845 2286 2295 
m3103 23 32 46 1173 1182 1196 1623 1632 1646 2323 2332 2346 4823 
m102 5 14 46 705 2305 2314 
m2158 22 44 46 1144 1146 2246 2344 2346 4846 
m1330 5 46 2305 
m64 45 46 2295 2345 2346 
m3318 15 45 795 
m1933 22 40 1140 
m1812 37 46 2337 2346 4837 
m3482 45 46 2296 
m2278 22 23 30 1122 1123 1130 1172 1173 1180 1522 1523 1530 3673 
m878 14 22 41 46 741 1114 1141 2314 2322 2341 2346 4814 
m3312 22 36 40 46 48 1822 2022 2036 2322 2336 2340 2436 2440 2446 
m1380 13 38 46 663 696 1913 1946 
m1139 37 45 1895 
m2797 3 46 2303 2346 4803 4846 
m2497 22 26 44 46 1146 1346 2344 2346 4846 
m3368 14 45 2264 
m865 16 23 36 40 41 46 836 840 841 1186 1190 1191 1841 2023 2036 2041 2046 2066 2073 2086 2090 2091 2096 2316 2336 2340 2341 3666 4823 
m1223 30 40 45 46 2030 2040 2045 2046 2280 2290 2296 2330 2340 2346 
m1046 45 46 2296 2346 4846 
m2945 14 49 2464 
m2533 22 38 44 46 1146 1922 1944 1946 2344 2346 4846 
m3441 9 17 40 46 49 859 896 2009 2017 2046 2049 2309 2346 2459 2467 2496 3396 
m1894 14 45 745 
m1408 9 14 22 36 49 709 1109 1114 1136 1149 1809 1814 1836 1849 2459 2464 2486 2499 
m495 32 37 46 1632 1637 1646 2332 2337 2346 4837 
m2754 
m914 22 38 45 46 1122 1146 1922 1938 1945 1946 2272 2288 2295 2296 2346 
m1874 44 46 49 2344 2349 2494 
m2868 27 46 49 2327 2346 2477 2496 
m578 22 44 46 2222 2246 2322 2344 2346 4846 
m1126 5 13 33 263 283 3183 
m2157 14 22 36 46 49 722 736 749 1814 1822 1849 2322 2336 2349 2472 4336 4814 
m2936 37 40 46 2037 2046 4837 
m2720 22 23 1123 1173 3673 
m2558 22 44 46 1144 1146 2344 2346 
m3337 33 36 41 1686 2083 4586 
m673 22 36 40 46 1122 1136 1140 1146 1840 2022 2040 2046 2322 2336 2340 2346 
m782 22 23 30 1122 1123 1130 1172 1173 1180 1522 1523 1530 3673 
m3156 26 46 50 1326 1346 1350 2350 
m2189 5 32 36 45 1605 1805 1845 2255 2282 4332 
m2493 5 14 26 33 45 264 276 283 726 1676 2255 2264 2276 2283 3233 
m182 22 36 41 1122 1136 1141 1822 2072 4586 
m1756 41 2091 
m1650 36 38 46 1936 1946 2336 2338 2346 4836 
m364 32 40 45 46 2032 2045 2046 2282 2296 2332 
m2 10 30 46 530 2310 2330 
m1075 32 36 4332 
m1762 5 22 37 46 255 1105 1137 1146 1855 1887 1896 2305 2322 2337 2346 4837 
m1866 33 45 1695 
m2733 30 45 46 2280 2295 2296 2330 2346 
m309 13 16 36 40 49 1813 1816 1836 1849 2013 2016 2036 2049 2463 2466 3166 
m2794 22 23 36 40 41 1123 1136 1140 1173 1186 1190 1191 1823 1836 1840 1841 2023 2036 2040 2041 2073 2086 3673 3686 4323 4586 
m2368 14 36 49 749 1814 1849 
m497 32 36 46 49 1849 2332 2336 2346 2349 2482 4332 
m738 22 44 46 1146 2222 2244 2246 2322 2344 2346 4846 
m1425 23 45 1195 2273 2295 
m2256 22 23 36 41 1123 1136 1141 1191 3686 4341 
m554 22 30 36 40 1136 1140 1522 1536 1540 1822 1830 1836 1840 2022 2030 2036 2040 4336 
m477 22 36 41 49 1141 1849 2086 2091 2099 4336 
m2052 14 26 32 46 726 732 746 1314 1326 1332 1346 1626 1646 2326 
m1888 13 22 33 49 699 1113 1122 1149 1672 1699 4163 
m514 32 36 41 46 1636 1641 1841 2332 2336 2341 4136 4336 4341 4836 4846 
m1621 8 408 
m2102 22 23 30 36 40 41 1123 1130 1136 1140 1172 1173 1180 1186 1190 1523 1822 1823 1830 1836 1840 1841 2022 2023 2030 2036 2041 2072 2073 2086 2090 3673 4323 4336 4586 
m2050 37 46 4837 
m2625 44 46 49 2246 2494 2496 
m1264 22 23 30 39 41 1123 1130 1139 1141 1523 1973 1980 1991 2073 2080 3673 4473 
m2974 22 23 45 1123 1145 1172 1195 3673 
m1441 8 
m88 23 38 1923 3673 
m662 14 32 714 732 
m2551 14 21 46 721 746 1096 
m2356 16 44 49 844 849 2494 
m2560 
m1865 12 36 40 41 46 49 636 640 641 649 1836 1840 1841 2036 2041 2336 2340 2341 2349 2486 2490 2491 3136 4336 4812 
m839 22 23 30 46 1122 1123 1130 1146 1180 1523 1530 1546 2330 2346 4823 
m2016 21 26 45 46 1321 1345 1346 2271 2321 2345 
m899 23 32 36 40 46 48 1182 1186 1190 1196 1198 1632 1636 1646 1648 1846 1848 2032 2036 2046 2048 2446 
m3228 13 33 45 2263 2283 4163 
m298 22 37 38 45 46 1872 1922 1937 1945 1946 2272 2287 2296 2322 4837 
m1211 13 25 38 46 675 1913 1925 1946 2313 2325 
m2599 32 36 41 46 1632 1636 1641 1646 1832 1836 1841 1846 2082 2086 2091 2096 2332 2336 4586 4846 
m2233 
m270 45 
m3287 21 36 46 49 1086 1099 1849 2321 2336 2346 2349 
m846 46 2346 
m958 3 38 153 188 1903 
m1523 7 22 46 1107 1122 1146 2307 2346 
m1767 22 36 40 46 1122 1136 1140 1146 1840 2036 2040 2336 2340 
m2416 14 32 46 1614 2314 2332 
m1208 14 45 714 745 2264 2295 
m1445 39 45 1995 2289 2295 
m1163 22 23 30 36 40 41 1122 1123 1130 1136 1140 1172 1180 1186 1522 1523 1536 1822 2023 2030 2036 2072 2073 2080 2086 2090 3673 4323 
m1902 22 23 30 39 1123 1522 1523 1972 1973 1980 3673 
m2486 37 40 46 49 1899 2037 2046 2049 2337 2340 2346 2349 4396 
m1680 44 46 2344 2346 
m113 22 23 30 38 1122 1123 1130 1138 1172 1173 1188 1522 1523 1530 1538 1922 1923 3673 
m2351 22 30 36 40 41 46 1122 1130 1136 1140 1141 1146 1536 1540 1541 1830 1836 1840 1841 2030 2036 2040 2041 2086 2090 2322 2330 2336 2340 2341 
m1688 17 22 1117 
m502 46 2346 4846 
m960 22 44 46 1146 2222 2246 2344 2346 4846 
m3001 26 39 41 1339 1341 1991 2091 
m1821 13 22 33 36 40 686 690 1113 1133 1136 1140 1686 1690 1840 3183 
m525 23 30 46 1173 1180 1196 1523 1530 1546 2323 2330 2346 3696 4823 
m3411 9 14 36 49 709 1809 1814 1836 1849 2459 2464 2486 2499 
m1342 22 38 45 46 1138 1145 1146 1938 1945 1946 2345 
m2455 22 23 30 36 40 46 49 1122 1123 1130 1136 1140 1146 1172 1173 1180 1186 1190 1196 1523 1530 1536 1540 1546 1822 1823 1830 1840 1846 2022 2023 2030 2036 2040 2046 2330 2346 2472 2473 2486 2490 3696 4336 4346 4823 
m844 46 2346 
m2156 12 23 30 36 41 612 630 636 641 1191 1523 1541 1812 1823 1830 1836 1841 2062 2073 2086 3123 
m589 5 36 40 46 255 1805 1846 2005 2036 2040 2046 2305 2346 4346 
m2049 14 22 46 722 746 2322 2346 
m27 26 45 46 2276 2296 2326 
m594 23 30 46 1523 1546 2323 
m2719 46 2346 4846 
m1281 13 17 22 672 872 3363 
m1238 26 33 46 1676 1696 2326 2333 2346 
m1225 37 46 1887 1896 2337 2346 4837 
m1485 18 23 1168 
m452 22 23 30 1123 1130 1180 1530 
m2801 45 46 2345 
m1892 26 38 40 46 1338 1340 1346 1946 2340 
m3140 36 40 46 2036 2046 2336 
m2179 45 2295 
m2792 32 36 46 49 1632 1636 1649 1849 2332 2336 2346 2349 
m1653 12 36 46 612 636 646 1812 1836 1846 2312 2336 2346 
m1876 22 44 46 1144 1146 2222 2244 2246 2322 2344 2346 4846 
m485 37 38 39 46 49 1899 1937 1946 1987 1988 1996 1999 2337 2346 2349 4496 4837 
m2163 12 23 30 36 41 612 630 636 641 1191 1523 1541 1812 1823 1830 1836 1841 2062 2073 2086 3123 
m1862 13 22 33 36 40 46 1113 1122 1133 1136 1140 1146 1813 1833 1840 1846 2013 2022 2033 2036 2040 2046 2313 2333 4163 
m379 22 23 32 46 1123 1132 1146 1182 1196 2332 
m3394 22 23 30 1122 1123 1130 1172 1173 1522 1523 3673 
m331 12 36 40 41 46 636 640 641 1836 1840 1841 2036 2041 2336 2340 2341 3136 4336 4812 
m2299 5 14 30 46 264 296 1505 1514 1546 2305 2314 2330 2346 4814 
m1065 22 23 36 40 41 46 1122 1123 1136 1140 1141 1146 1190 1191 1822 1823 1836 1840 1841 1846 2022 2023 2036 2040 2041 2046 2323 2336 2340 2341 3673 3686 4323 4336 
m2789 13 36 40 41 686 690 691 1841 2036 2041 2063 2086 2090 2091 
m1518 5 31 36 255 281 286 1555 1581 1586 1805 1831 1836 
m1373 36 40 41 1836 1840 2036 2086 2090 2091 4586 
m103 13 33 45 1695 2263 4163 
m203 45 
m2329 46 
m1267 36 40 1836 1840 2036 2040 
m2806 38 45 46 1945 2338 2345 2346 
m77 22 23 30 38 1122 1123 1130 1138 1172 1173 1188 1522 1523 1530 1538 3673 
m1453 13 22 33 36 49 1113 1133 1136 1149 1813 1833 1849 2463 2483 2486 2499 4163 
m1835 22 36 40 1122 1136 2022 2036 2040 
m3303 36 37 40 46 1840 1886 1890 1896 2036 2037 2040 2046 2336 2340 2346 4346 4837 
m837 14 32 732 1614 1632 
m735 22 36 37 40 46 1122 1136 1137 1140 1146 1886 1890 2036 2037 2040 2046 2322 2336 2337 2340 2346 4396 
m276 13 22 36 38 40 672 686 690 1113 1122 1136 1140 1822 1913 1922 1936 1940 2022 2036 
m2241 23 32 38 46 1182 1188 1196 1923 1932 1938 1946 2332 2338 2346 3696 4823 
m2529 37 46 1896 
m2829 22 46 1146 
m2131 32 36 41 46 1641 1646 2332 2336 2341 2346 4136 4586 
m169 22 44 46 1146 2344 2346 4846 
m3376 5 22 36 40 41 272 286 290 291 1105 1122 1136 1140 1141 1840 1841 2041 
m2452 22 36 40 1136 1140 1840 2036 2040 
m1846 23 36 40 41 1186 1190 1191 1840 1841 2036 2040 2041 
m3179 22 45 46 1146 2272 2296 
m719 32 36 46 2332 2336 2346 4332 4836 
m2164 23 36 40 1190 1840 3686 4336 
m1930 23 45 1195 2295 
m382 36 
m1353 36 45 46 49 1845 2336 2345 2346 2349 2486 2495 2496 
m2234 
m2044 
m2693 32 36 40 41 46 1641 1646 2036 2041 2046 2332 2336 2341 2346 4136 4586 
m1817 14 23 30 38 730 1180 1514 1523 1530 1538 1914 1923 1930 1938 3223 
m2957 22 23 36 40 46 49 1123 1136 1140 1146 1149 1190 1822 1840 2023 2036 2040 2046 2049 2322 2336 2340 2346 2472 2473 2486 2496 3696 4323 4346 4823 
m3459 5 26 38 46 1305 1346 1926 1946 2305 2346 
m20 22 41 44 46 49 1146 1149 2072 2094 2096 2099 2344 2349 2494 
m1162 5 36 41 46 1805 2055 2096 2305 2336 4586 
m1877 23 45 1195 2273 2295 
m3364 12 26 34 45 46 634 645 1312 1334 1345 1346 1734 2284 2334 2345 4812 
m2821 22 46 49 1149 2322 2346 2349 
m1295 14 22 36 1114 1136 4314 
m2916 22 37 46 1137 1146 4837 
m1499 34 1734 
m2195 22 41 44 46 1146 2072 2094 2096 2344 2346 4846 
m2663 5 14 38 45 46 705 745 1905 1914 1945 1946 2255 2305 2345 4814 
m1434 14 36 49 736 749 1849 
m2712 36 40 46 1836 1840 1846 2036 2046 2336 2340 2346 
m53 29 
m1870 22 23 30 1122 1123 1130 1172 1173 1180 1522 1523 1530 3673 
m3534 23 36 40 46 49 1836 1840 1846 1849 2023 2036 2040 2046 2049 2323 2336 2473 2486 2490 2496 3686 4323 4336 4836 
m350 45 
m2742 22 23 1122 1123 1172 1173 3673 
m2831 36 38 49 1849 1936 1949 2486 2488 2499 
m326 13 22 33 36 40 45 672 686 690 695 1122 1136 1140 1672 1686 1690 1822 2022 2036 2272 2283 2286 2290 3183 
m2228 22 37 40 46 1137 1140 1146 1890 2037 2040 2046 2337 2340 2346 4396 
m1066 5 23 45 46 1155 2255 2273 2305 2345 2346 4823 
m2770 28 32 36 38 40 46 1628 1632 1636 1640 1646 1828 1832 1836 1932 1936 1940 1946 2028 2032 2036 2040 2046 2328 2332 2336 4136 4332 4836 
m348 22 36 40 41 1822 1836 1840 1841 2022 2036 2040 2072 2086 2090 2091 4336 4586 
m1103 46 
m948 12 14 32 37 46 614 632 732 737 1882 2314 2332 2337 3137 4812 
m1019 36 
m928 45 46 2295 2296 
m1638 
m2480 22 23 30 38 41 1122 1123 1130 1138 1172 1173 1188 1522 1523 1530 1538 2072 2073 2080 3673 
m143 22 46 1146 
m3119 5 30 32 36 46 280 1605 1630 1646 1805 1830 1846 2305 2330 4332 
m1313 22 37 40 46 1137 1146 2022 2037 2046 2337 2346 4837 
m1938 22 46 1146 
m908 13 22 33 672 1672 3183 
m138 22 44 46 1146 2344 2346 4846 
m3047 40 46 49 2040 2046 2340 2490 2496 
m2768 45 46 2345 
m901 5 14 30 46 705 730 1505 2305 2314 2330 2346 4814 
m941 14 46 746 
m1735 22 40 45 46 1140 1146 2272 2290 2296 2340 
m1897 13 22 36 40 672 686 690 1113 1122 1136 1140 1822 2022 2036 
m447 13 22 33 36 40 1113 1122 1133 1136 1140 1813 1822 1833 1840 2013 2022 2033 4163 
m2165 22 32 45 46 1146 2272 2282 2295 2296 2332 2346 
m2132 36 
m236 22 40 44 46 1140 1144 1146 2040 2046 2222 2240 2246 2322 2340 2344 2346 4846 
m1412 37 39 40 46 1890 1987 1990 2037 2039 2046 2340 4396 4496 
m51 22 36 41 1122 1136 1141 1822 2072 4586 
m386 11 13 22 38 563 572 588 688 1113 1138 
m1091 22 23 30 1122 1123 1130 1173 1180 1522 1523 1530 
m2909 16 23 40 46 840 846 1190 2016 2023 2040 2046 2340 3323 3696 
m3361 14 21 45 46 721 745 2271 2321 2345 4814 
m3513 32 46 1632 1646 2332 
m2307 13 22 32 45 682 1113 1132 1145 2263 2282 
m1237 13 33 663 683 1663 1683 3183 4163 
m1183 14 32 46 714 732 2314 2332 2346 4814 
m1620 13 33 36 40 47 686 690 697 1686 1690 1697 1840 1847 2036 2040 2047 3183 4336 
m1834 36 41 46 49 1841 1846 2341 2346 2486 2491 2496 
m3185 22 32 36 1622 1822 4136 
m537 22 38 45 46 1145 1146 1922 1945 1946 2345 
m1496 22 30 36 1136 1536 
m402 15 38 46 1915 2315 2338 
m528 22 46 2322 2346 
m3319 22 23 36 40 46 49 1172 1186 1190 1822 1823 1836 1840 1849 2022 2023 2036 2040 2046 2049 2322 2323 2336 2340 2349 2473 2486 2490 3686 4336 4346 4836 
m2596 22 44 46 1146 2322 2344 2346 4846 
m1190 5 26 45 46 276 296 1305 1326 1346 2255 2276 2296 2326 
m1807 13 38 46 688 1913 1946 2338 4813 
m399 13 22 36 40 672 686 690 1822 1840 2022 2036 2040 4336 
m2612 22 23 30 36 40 41 1122 1123 1130 1136 1140 1141 1180 1186 1190 1522 1523 1536 1540 1541 1822 1830 1836 1840 1841 2022 2023 2030 2036 2041 2080 2086 
m3158 23 30 46 1180 2323 2330 2346 
m2246 18 
m1557 22 23 36 40 41 46 49 1123 1136 1140 1149 1173 1186 1190 1199 1840 2022 2023 2036 2040 2041 2049 2072 2073 2086 2090 2099 2322 2323 2340 2341 2473 2486 3673 3686 4323 
m1968 36 40 45 46 1845 2036 2040 2045 2046 2295 2296 2345 4346 
m3593 23 30 36 39 40 41 1173 1186 1189 1190 1191 1523 1536 1539 1541 1823 1973 1986 1990 1991 2023 2036 2073 2086 2089 2090 2091 3686 4336 4586 
m488 22 36 37 40 1122 1136 1137 1140 1822 1872 1886 1890 2022 2036 
m3403 14 40 46 740 746 2014 2040 2046 2314 2340 2346 3214 3246 4814 
m2361 36 40 46 49 1849 2036 2040 2046 2049 2336 2346 2349 4336 4836 
m334 13 33 46 1663 1683 2313 2333 4163 4833 
m237 36 38 46 1936 1946 4836 
m3398 22 37 40 46 1137 1146 2022 2037 2046 4837 
m1693 5 13 33 45 655 1655 1695 2255 2263 4163 
m2925 23 30 36 1180 1530 1823 1830 
m2721 22 23 36 41 46 49 1141 1172 1191 1822 1823 1841 1846 2322 2323 2341 2472 2473 2486 2491 2496 
m2412 22 44 46 1144 1146 2222 2244 2246 2322 2344 2346 4846 
m1442 14 45 745 
m79 14 22 46 722 746 2322 2346 
m2901 22 23 30 36 41 1123 1130 1136 1523 1823 1830 2072 2073 2080 3673 4323 4586 
m984 23 30 40 41 1180 1190 1523 1530 1540 2023 2030 2040 
m3568 22 33 46 1122 1133 1146 1672 1683 1696 2322 2333 2346 4833 
m2914 23 27 32 42 1182 1192 1373 1382 1392 1642 
m1089 22 37 46 1137 1146 4837 
m3289 8 36 40 46 1808 1836 1840 1846 2008 2036 2040 2046 2308 2336 4336 
m1097 22 37 45 49 1122 1137 1145 1149 1899 2287 2299 
m3322 22 23 36 41 45 1122 1123 1136 1141 1145 1173 1186 1195 1845 2073 2095 3673 3686 4323 4586 
m2000 45 
m1899 23 30 45 46 1195 1523 1545 1546 2295 2345 4823 
m225 22 38 46 49 1146 1149 1922 1946 1949 2349 2472 2488 2496 
m799 36 40 41 1836 1840 1841 2036 2041 2086 2091 4336 4341 4586 
m1073 22 38 46 1138 1146 1946 
m3359 12 36 40 46 49 636 640 649 1836 1849 2036 2049 2336 2340 2349 2499 4812 
m3437 37 41 46 2087 2096 4837 
m360 22 37 39 1137 1139 1987 
m592 37 1887 
m584 22 44 46 1146 2222 2244 2246 2322 2344 2346 4846 
m2148 22 23 31 46 49 1123 1146 1196 1572 1573 1596 2323 2346 2473 2481 2496 4846 
m2019 33 36 45 46 1686 1695 1845 2333 2345 4836 
m1769 23 30 46 1196 1523 1530 1546 2323 2330 2346 3696 4823 
m2692 22 46 1122 1146 
m2194 
m1250 22 23 36 40 41 1122 1123 1136 1140 1141 1172 1173 1186 1190 1191 1822 1823 1836 1840 1841 2023 2036 2041 2072 2073 2086 2090 2091 3673 3686 4323 4586 
m3475 26 36 46 49 1326 1336 1346 1349 1826 1846 1849 2326 2476 2496 
m114 22 37 40 46 1137 1140 1146 1890 2022 2037 2040 2046 2337 2340 2346 4837 
m2609 32 1632 
m38 22 30 45 1122 1130 1145 1522 2272 2280 
m2288 36 
m1464 26 32 36 46 1332 1336 1346 1832 2332 2336 2346 4836 
m3068 22 37 1872 
m513 27 36 46 49 1827 2327 2336 2486 2496 
m372 46 
m969 32 36 38 41 46 1641 1646 1936 1941 1946 2332 2336 2341 2346 4136 4586 
m1565 14 22 32 46 1114 1132 1146 1614 2314 2332 
m3283 14 44 46 49 744 746 2344 2464 2494 2496 
m2334 46 4846 
m999 45 46 2296 2346 
m3532 26 44 46 49 1344 1346 2246 2476 2494 2496 
m3170 26 33 45 1333 1345 1695 
m166 45 46 2295 2296 2345 2346 4846 
m3487 36 45 2286 
m950 11 45 595 
m651 14 45 745 2264 2295 
m2555 22 44 46 1146 2344 2346 4846 
m1013 37 41 46 2087 2096 4837 
