m1093 22 37 46 49 1872 2322 2346 2487 2496 4396 4837 
m1545 32 37 38 44 46 1637 1644 1646 1894 1932 1937 1944 1946 2337 2344 
m3108 17 40 46 896 2017 2046 2346 3396 
m3299 14 38 40 46 49 1938 1940 1946 2014 2046 2049 2346 2464 2496 4814 
m516 22 46 49 2322 2346 2349 2472 4846 
m1328 22 37 40 46 1872 2037 2040 2046 2322 2337 2346 4837 
m2938 13 23 36 46 49 1813 1823 1846 1849 2313 2346 2463 2473 2496 3663 4813 4823 
m1475 26 32 36 38 46 1332 1336 1346 1832 1926 1936 1946 2332 2336 2346 4836 
m1081 22 23 36 40 41 1122 1123 1136 1140 1141 1172 1173 1822 1823 1836 1840 1841 2022 2023 2036 2040 2041 2072 2073 3673 4586 
m2515 5 13 26 33 41 46 655 696 1305 1313 1326 1333 1341 1346 1655 1676 1691 1696 2055 2063 2096 2305 4163 
m2321 22 23 36 40 41 1122 1123 1136 1140 1141 1172 1173 1822 1823 1836 1840 2022 2023 2036 2040 2072 2073 2086 2090 3673 4586 
m3363 22 23 46 49 1123 1146 1196 2472 2473 2496 
m3236 14 36 46 49 736 746 749 1849 2336 2346 2349 4814 4836 
m2662 22 23 30 36 40 46 1122 1123 1130 1136 1140 1146 1172 1173 1522 1523 1530 1540 1546 1822 1823 1830 1840 1846 2022 2023 2030 2036 2040 2046 2322 2323 2330 2340 2346 3696 4823 
m353 26 36 37 46 49 1826 1837 1846 1849 1876 1899 2326 2476 2496 4396 
m634 13 22 33 36 40 47 672 686 690 697 1113 1122 1133 1136 1140 1147 1672 1686 1690 1697 1847 2036 2047 3183 
m551 23 30 36 40 46 1180 1823 1830 1836 1846 2023 2030 2036 2040 2046 2323 2330 2336 2346 4323 4346 4823 4836 
m1944 30 36 46 49 1530 1536 1546 1549 1849 2330 2336 2346 2349 
m540 46 
m93 14 22 36 38 40 46 714 736 1114 1136 1138 1140 1146 1836 1914 1936 1940 2014 2036 2314 2336 2338 2340 3236 4314 4814 
m2424 22 23 37 41 1123 1172 1173 1187 1191 1872 1873 2072 2073 2087 2091 3673 
m2615 14 39 40 46 740 1990 1996 2014 2039 2040 2046 2340 4464 4814 
m114 22 23 30 38 1122 1123 1130 1138 1172 1173 1188 1522 1523 1530 1538 1922 1923 3673 
m2329 23 36 40 41 1173 1823 1836 1840 1841 2023 2036 2040 2041 2073 2086 2090 2091 3686 4323 
m1951 23 41 1191 2073 3673 
m2757 22 23 1122 1123 1173 3673 
m2200 22 36 40 1122 1136 1140 1822 1836 1840 2022 2036 
m2152 22 36 41 49 1122 1136 1141 1149 1841 1849 2486 2491 4336 
m3013 22 36 40 41 1822 1840 2022 2036 2072 2086 2090 4336 4586 
m115 22 37 40 46 1137 1140 1146 1890 2022 2037 2040 2046 2337 2340 2346 4837 
m2497 36 46 2336 2346 4836 
m1916 12 22 36 38 40 46 612 636 1112 1122 1136 1138 1140 1146 1812 1836 1840 1846 1912 1922 1936 1938 1940 1946 2012 2022 2036 2038 2046 2312 2336 2346 3146 4812 4836 
m1065 22 23 30 1122 1123 1130 1173 1522 1523 3673 
m1171 30 32 36 46 1630 1830 1846 2330 2332 4332 
m446 23 30 46 1180 1196 2323 2330 2346 3673 4823 
m2461 14 46 714 746 2314 2346 4814 
m815 38 46 1938 1946 2346 
m796 23 26 30 38 40 46 1180 1323 1330 1338 1346 1923 1930 1938 1946 2023 2026 2030 2038 2046 2330 4823 
m3087 22 23 36 40 1122 1123 1136 1140 1173 1186 1190 1822 1823 1836 1840 2022 2023 2036 2040 3673 4323 
m771 14 46 49 2314 2346 2464 2496 4814 
m1889 22 23 30 41 1122 1123 1130 1172 1173 1180 1191 1522 1523 1541 2072 2073 2080 3673 
m1418 22 23 32 36 1123 1132 1136 1173 1182 1186 1623 1823 3673 4332 
m679 23 30 36 40 41 1173 1180 1186 1190 1191 1523 1823 1830 1836 1841 2023 2030 2036 2073 2080 2086 2090 2091 3673 4323 4586 
m2965 23 38 46 49 1188 1199 1938 1946 2338 2346 2349 3696 4823 
m2834 22 23 30 36 40 41 46 1122 1123 1130 1136 1140 1141 1146 1172 1173 1180 1186 1190 1191 1523 1536 1540 1541 1841 2023 2036 2041 2072 2073 2080 2086 2090 2091 2096 2322 2323 2330 2341 2346 3673 4323 
m2358 29 36 48 1486 1829 1836 1848 2429 2436 2448 4336 
m62 11 13 22 33 36 40 661 1111 1113 1122 1133 1136 1140 1661 1811 1813 1833 1840 2011 2013 2033 4163 
m2140 22 41 44 46 1146 2072 2094 2096 2344 2346 4846 
m786 14 23 30 36 40 46 730 1180 1814 1823 1830 1846 2014 2023 2030 2036 2040 2046 2314 2330 2346 3223 4346 4814 4823 
m2572 23 36 42 1173 1186 1192 3686 4342 
m2507 22 23 30 36 40 41 1122 1123 1130 1136 1140 1173 1522 1523 1536 1822 1823 1830 1836 2022 2023 2030 2036 2072 2073 2080 2086 2090 3673 4323 4586 
m1283 23 30 37 39 1180 1523 1530 1537 1539 1880 1980 1987 4373 4473 
m2032 22 38 45 46 1138 1145 1146 1938 1945 1946 2345 
m2250 23 40 2023 3673 
m55 22 23 30 46 1122 1123 1130 1146 1523 1530 1546 2330 2346 3696 4823 
m3321 22 30 32 36 46 49 1532 1536 1546 1549 1622 1636 1649 1822 1849 2322 2330 2332 2336 2346 2349 2472 4136 4336 4836 
m1835 22 44 46 1146 2244 2246 2344 2346 4846 
m113 23 30 40 46 1180 2023 2030 2046 2330 2346 4823 
m946 37 40 46 1890 1896 2040 2046 2340 2346 4837 
m2733 38 41 46 49 1938 1946 1949 2088 2096 2349 
m807 38 40 41 46 1940 1941 1946 2090 2340 2341 
m3214 12 14 40 46 646 2012 2014 2046 2314 2346 3114 4812 
m3112 13 38 1913 1938 
m3477 22 23 36 41 1123 1136 1141 1172 1173 1186 1822 1823 2072 2073 2086 2091 3673 4586 
m3357 13 38 46 1913 1938 1946 2313 
m2647 23 30 1180 1523 1530 
m870 22 24 1124 
m3173 36 37 40 46 1837 1846 2036 2037 2040 2046 2337 2346 4346 4837 
m1886 13 22 40 46 1113 1140 2013 2313 2322 2340 2346 
m2995 22 23 36 40 41 1122 1123 1136 1140 1173 1822 1823 1836 2022 2023 2036 2072 2073 2086 2090 3673 4323 4586 
m195 23 26 30 46 1176 1323 1326 1330 1346 1523 1526 1546 2326 2330 2346 3696 4823 4846 
m945 12 32 36 46 1612 1812 2312 2332 2336 2346 4136 4812 4836 
m2173 13 22 36 38 40 1113 1122 1136 1138 1140 1813 1840 1913 1936 1940 2013 
m1212 22 23 30 36 40 41 1123 1130 1172 1173 1180 1186 1190 1522 1523 1530 1536 1540 1822 1823 1830 1840 2022 2023 2030 2073 2080 2086 3673 
m1095 22 30 46 1522 1546 2322 4846 
m2622 22 36 40 41 1136 1140 1141 1836 1840 1841 2036 2040 2072 2086 2090 2091 4586 
m887 11 13 22 46 563 572 596 696 1111 1113 1122 1146 
m2460 14 46 714 746 2314 2346 4814 
m3182 6 14 32 36 314 332 732 1806 1814 1832 
m137 23 30 46 1180 1523 1530 1546 2330 2346 4823 
m3044 22 23 30 36 40 46 1122 1123 1130 1136 1140 1146 1172 1173 1180 1186 1190 1522 1523 1530 1536 1540 1546 1823 1840 2022 2023 2030 2036 2040 2046 2322 2323 2330 2336 2340 2346 3696 4823 
m544 22 41 1122 1141 2072 
m122 22 23 30 36 40 41 46 1130 1146 1541 1546 1836 1841 2023 2036 2041 2073 2086 2323 2336 2340 2341 3686 4323 4591 
m1983 36 41 1841 
m2751 22 36 40 41 1136 1140 1141 1841 2036 2041 4336 4586 
m3207 20 23 1020 1023 1170 
m2085 37 46 49 1899 2346 2349 4396 4837 
m5 32 36 38 41 46 1638 1646 1838 1846 2082 2096 2332 2336 2338 2341 2346 4332 4586 
m682 46 49 2346 2349 4846 
m220 29 34 36 1484 1486 1729 1734 1736 1829 1834 1836 4236 4334 
m2408 12 14 23 34 46 712 1162 1164 1196 1712 1714 1723 1734 1746 2314 3114 3214 3664 4812 
m2587 36 40 46 49 1836 1846 2036 2040 2046 2049 2336 2346 2349 2486 2496 4336 4836 
m554 12 13 22 36 40 622 636 640 672 686 690 1112 1113 1122 1136 1140 1822 2022 2036 3162 
m2262 5 36 46 1805 1846 2305 2336 2346 4346 4836 4846 
m3141 13 22 672 1113 1122 
m1125 33 36 38 46 49 1833 1846 1938 1946 2333 2336 2346 2349 2483 2486 2496 4833 
m1801 22 32 36 38 45 46 49 1122 1146 1632 1636 1645 1646 1649 1845 1846 1849 1932 1936 1946 2272 2295 2296 2322 2332 2336 2345 2346 2349 2495 2496 4846 
m2503 22 23 30 36 40 41 1122 1123 1130 1136 1140 1173 1522 1523 1536 1822 1823 1830 1836 2022 2023 2030 2036 2072 2073 2080 2086 2090 2091 3673 4323 4586 
m1749 36 40 46 49 1840 1846 1849 2036 2040 2046 2049 2336 2340 2346 2486 2496 4336 4346 4846 
m3098 22 23 30 41 1123 1130 1172 1173 1180 1191 1522 1523 1530 1541 2072 2073 2080 
m314 16 38 44 49 844 849 1916 1938 1944 1949 2494 
m2564 17 37 46 2337 3387 4817 
m2418 22 26 38 46 1146 1322 1346 1922 1926 1946 2346 
m72 32 39 46 1632 1639 1646 1989 2339 2346 4496 4839 
m2363 40 46 48 2040 2046 2340 2346 2348 2440 2446 
m2739 46 2346 
m1667 22 32 38 46 1146 1922 1932 1938 1946 2332 2346 
m2726 14 46 714 746 2314 2346 4814 
m3238 5 36 46 255 286 2305 2336 2346 
m519 14 22 33 722 1672 4164 
m3415 26 36 46 49 1336 1346 2476 2486 2496 4836 4846 
m3402 14 44 46 49 744 746 2344 2464 2494 2496 
m661 14 22 46 1114 1122 1146 2314 2346 4814 
m1762 12 36 40 41 46 49 636 640 641 649 1836 1840 1841 2036 2041 2336 2340 2341 2349 2486 2490 2491 3136 4336 4812 
m2041 22 23 30 41 1122 1123 1130 1141 1173 1191 1522 1523 1541 2073 3673 
m1875 22 23 30 38 40 41 1140 1523 1530 1538 1923 1930 2022 2023 2030 2040 2072 2090 
m255 14 23 30 46 1514 1523 1546 2314 2323 2330 2346 3664 4814 4823 
m1976 14 32 36 49 714 732 736 749 1636 1649 1849 2482 2486 2499 
m2296 22 38 46 1138 1146 1922 1938 1946 
m1619 5 45 255 295 2255 2295 
m778 5 30 37 38 46 280 1855 1880 1896 1905 1930 1937 1946 2305 2330 
m3423 22 45 46 1122 1146 2272 2296 2322 2346 4846 
m1317 23 30 46 49 1180 1199 1549 2323 2330 2346 2349 2473 2496 
m1781 23 36 41 49 1191 1823 1836 1841 1849 2473 2486 2491 3686 4323 4336 4341 
m3222 44 46 49 2246 2249 2344 2346 2349 
m1490 22 23 36 41 1122 1123 1172 1173 1822 1823 1841 2072 2073 2091 3673 4586 
m1425 22 23 30 38 41 1123 1130 1172 1173 1188 1522 1523 1530 1538 2072 2073 2080 3673 
m499 13 37 4363 
m3290 22 36 40 46 1146 1822 1846 2022 2036 2040 2046 2346 4346 
m1497 22 23 30 1122 1123 1130 1172 1173 1180 1522 1523 1530 3673 
m3114 23 36 3686 
m2793 23 30 36 38 46 49 1173 1180 1186 1188 1196 1199 1523 1530 1536 1538 1546 1549 1823 1830 1838 1846 1849 1923 1930 1936 1946 1949 2323 2330 2336 2338 2346 2349 2473 2480 2486 2488 2496 4823 
m6 22 41 46 1141 1146 2091 2341 
m214 22 26 44 46 1146 1322 1344 1346 2344 2346 4846 
m744 22 44 46 1122 1144 1146 2322 2344 2346 4846 
m2253 32 46 1646 2332 2346 
m552 45 
m2634 3 30 38 46 180 1530 1903 1930 1938 1946 2330 4803 
m100 37 40 46 1890 2037 2040 2046 2337 2340 2346 4396 
m3010 23 30 1173 1180 1523 1530 
m2109 46 2346 4846 
m109 38 45 1945 
m895 13 22 33 36 38 40 1113 1122 1133 1136 1138 1140 1813 1833 1838 1840 1913 1933 2013 2033 2038 4163 
m1558 22 23 36 40 1122 1123 1136 1140 1173 1186 1190 1822 1823 1836 1840 2022 2023 2036 2040 3673 4323 
m1510 22 23 36 40 46 1122 1123 1136 1140 1146 1196 1823 1836 2022 2023 2036 2040 2046 3686 4346 4836 
m737 30 36 39 40 46 1530 1539 1546 1830 1839 1840 1846 1980 2030 2036 2039 2040 2046 2330 2339 2340 2346 4346 
m665 14 23 36 38 46 49 1164 1814 1823 1838 1846 1849 1914 1923 1946 1949 2323 2464 2473 2496 4814 
m952 14 26 38 726 1914 1926 1938 
m993 22 36 40 41 1136 1140 1141 1836 1840 1841 2036 2040 2086 2090 2091 4586 
m1058 14 40 45 46 745 2014 2040 2046 2314 2345 2346 3214 4814 
m1442 32 36 38 46 1832 1932 1936 1946 2332 2336 2346 4836 
m2023 13 22 33 36 40 46 49 672 686 690 1113 1133 1136 1140 1672 1686 1690 1822 2013 2022 2036 2046 2313 2322 2333 2336 2340 2349 2463 2472 2483 2486 3183 
m492 22 30 36 40 45 46 1122 1130 1136 1140 1145 1146 1536 1540 1836 1840 2036 2040 2272 2296 2322 2330 
m2473 5 23 30 46 273 280 296 1180 1505 1523 1530 1546 2305 2323 2330 2346 4823 
m2485 14 22 38 46 738 1114 1146 2338 3246 
m2291 22 46 1122 1146 2346 
m79 22 23 30 46 1123 1130 1146 1180 1523 1530 1546 2330 4823 
m2671 30 36 38 1530 1538 1838 1930 1936 1938 4036 4330 
m3298 22 23 24 40 46 1122 1123 1146 1172 1222 1246 2022 2023 2024 2040 2046 2322 3696 3723 
m2436 38 46 1938 1946 2338 2346 
m1774 22 26 44 46 1122 1126 1144 1146 1322 1344 1346 2222 2246 2322 2326 2344 2346 4846 
m595 23 45 1173 2273 3673 
m928 12 14 46 712 2314 2346 3146 3246 4812 
m3242 22 38 46 1146 1922 1938 1946 2346 
m2392 22 46 1122 1146 2322 2346 
m651 46 2346 
m187 13 22 33 36 40 1113 1122 1133 1136 1140 1686 1690 1813 2013 2036 4163 
m1691 22 41 1122 1141 
m477 22 36 37 40 1122 1136 1137 1140 1822 1872 1886 1890 2022 2036 
m2592 22 23 1122 1123 1173 3673 
m1308 2 41 141 
m3395 36 41 1841 2086 2091 4586 
m58 13 22 36 45 46 49 699 1113 1136 1849 2286 2295 2296 2313 2322 2336 2349 3186 
m2309 22 23 36 41 1122 1123 1172 1173 1822 1823 2072 2073 3673 4586 
m3023 14 46 2314 2346 4814 
m1975 22 23 36 40 41 1123 1136 1140 1141 1173 1186 1190 1823 1836 2023 2036 2040 2072 2073 2086 2090 2091 3686 4323 
m2377 36 
m2599 30 38 41 46 1930 1941 1946 2080 2096 2330 2341 2346 
m613 33 34 38 40 46 1690 1696 1733 1734 1738 1746 1933 1938 1940 1946 2333 2338 2340 2346 
m321 22 23 30 36 41 46 1122 1123 1136 1141 1191 1522 1523 1536 1841 2322 2323 2330 2336 3686 
m992 14 22 40 46 1114 1140 1146 2014 2040 2046 2314 2346 4814 4846 
m1399 22 23 36 40 41 1123 1136 1140 1173 1822 1823 1836 1840 2022 2023 2036 2040 2072 2073 2086 2090 3673 4323 4586 
m288 22 40 1122 1140 
m1524 22 23 45 1123 1173 1195 3673 
m3100 14 22 36 40 46 714 1114 1136 1140 1146 1814 2014 2036 2046 3236 3246 4346 4814 
m1993 22 23 36 41 1123 1136 1141 1173 1186 1191 3673 3686 4341 
m1566 22 40 41 46 1122 1140 1146 2022 2040 2046 2340 
m2989 22 30 37 46 1130 1137 1146 1880 2322 2330 2337 2346 4837 
m1685 23 30 36 40 1180 1186 1523 1530 1536 1540 1830 2023 2030 2036 
m2708 22 23 30 36 40 46 1122 1123 1130 1136 1140 1146 1172 1173 1180 1186 1190 1522 1523 1530 1536 1540 1546 1823 1840 2023 2036 2040 2322 2323 2330 2336 2340 2346 3696 4823 
m1570 23 30 1173 1180 1523 1530 3673 
m839 22 23 30 46 49 1122 1123 1130 1146 1149 1172 1173 1180 1199 1522 1523 1530 1549 2322 2323 2330 2349 2472 2473 2480 3673 4823 
m2202 22 23 36 40 46 49 1172 1822 1823 1836 1840 1849 2022 2023 2036 2040 2046 2049 2322 2323 2336 2340 2349 2473 2486 2490 4323 4336 4346 4836 
m167 22 32 46 1122 1132 1146 1632 2322 2332 2346 
m2146 22 36 40 41 45 1122 1136 1140 1141 1145 1822 1836 1840 1845 2022 2036 2040 2045 2072 
m1428 22 36 38 48 49 1136 1148 1149 1822 1836 1838 1848 1849 1922 1936 1948 1949 2422 2436 2438 2448 2449 2486 2498 
m1934 14 23 30 38 40 730 1180 1514 1523 1530 1540 1914 1923 1930 1940 2014 2023 2030 3223 
m2051 45 46 2296 2345 2346 
m1397 
m732 22 23 36 40 41 1123 1136 1140 1172 1822 1823 1836 2023 2036 2072 2073 2086 2090 2091 3673 4323 4586 
m2918 22 23 36 40 46 49 1122 1123 1136 1146 1149 1199 1849 2022 2023 2036 2046 2336 2346 2349 3686 4823 4836 
m1162 22 23 41 1122 1123 1141 1172 2073 
m2368 22 23 30 36 40 46 1122 1123 1130 1136 1140 1146 1180 1522 1523 1530 1536 1540 1546 1822 1823 1830 1836 1840 1846 2022 2023 2030 2036 2040 2046 2322 2323 2330 2340 4823 4846 
m1742 22 36 41 1122 1136 1141 1822 2072 2086 2091 4586 
m389 23 49 1173 2473 3673 
m2304 29 46 2329 2346 
m3340 13 38 1913 1938 
m3405 22 23 30 1122 1123 1130 1172 1173 1180 1522 1523 1530 
m653 22 23 30 1122 1123 1130 1173 1523 1530 3673 
m3483 14 22 23 30 40 41 46 714 746 1114 1141 1146 1164 1172 1190 1191 1196 1514 1522 1523 1530 1540 1541 1546 2014 2022 2023 2030 2040 2041 2046 2064 2096 2314 3664 
m161 22 
m2586 6 14 23 32 36 706 723 732 736 1156 1182 1606 1636 1806 3686 
m2432 22 23 30 36 40 41 1122 1123 1130 1136 1140 1172 1173 1186 1190 1522 1523 1536 1822 2022 2036 2072 2073 2080 2086 2090 3673 3686 
m932 14 22 40 46 746 1114 1146 2014 2046 2346 
m535 36 40 49 1836 1840 1849 2036 2040 2049 2486 2490 2499 
m3444 22 30 37 40 46 1130 1137 1146 1537 1540 1546 1890 2340 4396 
m1528 22 23 36 40 41 46 1123 1136 1141 1146 1191 1822 1823 1836 1841 1846 2022 2023 2036 2040 2041 2046 2323 2336 2341 2346 3686 4341 4346 4823 
m1552 22 23 30 36 40 46 1122 1123 1130 1136 1140 1146 1172 1522 1523 1530 1536 1540 1822 1823 1830 1836 1840 1846 2022 2023 2030 2036 2046 2322 2323 2330 2336 2340 3673 3686 4323 4823 
m3419 22 23 30 41 1122 1123 1130 1173 1523 1530 2072 2073 2080 3673 
m3115 13 38 1913 1938 
m3333 22 23 30 36 40 46 1122 1123 1130 1136 1140 1146 1172 1173 1522 1523 1530 1540 1546 1822 1823 1830 1840 1846 2022 2023 2030 2036 2040 2046 2322 2323 2330 2340 2346 3696 4823 
m2181 30 46 2330 2346 
m1351 22 23 36 40 41 46 49 1122 1123 1136 1140 1141 1191 1822 1823 1836 1840 1841 1849 2022 2023 2036 2040 2041 2046 2072 2073 2086 2090 2091 2322 2323 2336 2340 2341 2349 2472 2473 2486 2490 2491 4323 4336 4346 4836 
m2458 22 23 30 36 40 1122 1123 1130 1136 1140 1180 1830 2023 2030 2036 4323 
m2158 12 38 41 46 1912 1941 1946 2062 2091 2096 2312 
m1179 14 26 36 40 46 1314 1336 1340 1346 1814 1846 2014 2036 2040 2046 2346 4346 4814 
m1796 13 46 2313 
m723 22 23 30 46 1122 1123 1130 1146 1180 1523 1530 1546 2330 2346 4823 
m252 12 13 22 36 40 622 636 640 672 686 690 1112 1113 1122 1136 1140 1822 2022 2036 3162 
m46 38 46 1938 1946 
m1542 5 12 41 45 46 296 2055 2062 2096 2255 2291 2296 2341 2345 4812 
m1881 22 30 40 46 1122 1130 1140 1146 1530 1546 2022 2030 2040 2046 2322 2330 2340 2346 
m596 22 23 30 40 41 1123 1130 1140 1190 1523 1530 1540 2022 2023 2030 2072 2090 
m125 37 38 46 1888 1937 1938 1946 2338 4837 
m1186 14 40 46 2014 2040 2046 2314 2346 4814 
m2457 45 
m1995 13 22 36 38 40 672 686 690 1113 1122 1136 1140 1822 1913 1922 1936 2022 2036 
m577 22 36 40 41 1136 1141 1836 1840 2036 2086 2090 4586 
m3226 14 36 40 46 2014 2036 2040 2046 2336 4314 4814 
m1612 21 38 46 1921 1946 2321 2346 4846 
m772 22 23 36 40 41 1122 1123 1136 1140 1141 1173 1186 1190 1823 1836 1840 1841 2022 2023 2036 2040 2041 2072 2073 2086 2090 2091 3686 4323 
m875 21 23 36 40 46 1171 1821 1823 1846 2021 2023 2036 2040 2046 2321 2323 2346 4346 4823 
m3058 30 46 49 1530 1549 2330 2346 2349 
m3202 46 2346 
m3216 38 45 46 49 1938 1946 1949 2288 2296 2299 2349 
m1356 23 46 49 2323 2346 2473 2496 4823 
m250 46 2346 
m2688 14 22 41 46 722 2064 2072 2096 2314 2322 2341 2346 4814 
m1010 26 41 46 1341 1346 2341 
m3130 12 22 36 46 622 636 646 1136 1812 1836 1846 2322 2336 2346 4336 4812 4836 
m322 22 32 36 40 1122 1132 1136 1140 1622 1636 1640 1822 1836 1840 2022 2036 4332 
m640 27 44 45 46 1394 2277 2294 2296 2327 2344 
m2939 32 36 38 46 49 1632 1636 1649 1849 1932 1936 1938 1946 1949 2332 2336 2338 2346 2349 
m1690 22 23 30 32 40 41 1140 1182 1523 1530 1532 2022 2023 2030 2032 2040 2072 2090 
m1004 23 40 46 2023 2040 2046 2323 2346 4823 
m1059 30 46 2330 2346 4846 
m981 22 36 40 46 1822 1840 1846 2022 2036 2040 2046 2322 2336 2340 2346 4336 4346 4836 
m2316 14 32 38 40 41 46 738 740 741 746 1614 1638 1640 1641 1646 1941 1946 2090 2340 2341 
m225 22 23 36 40 1123 1136 1173 1186 1190 1836 1840 2036 3673 3686 
m1345 3 14 703 714 
m2978 14 30 46 730 2314 2330 
m3178 22 36 38 40 46 1136 1138 1140 1146 1838 1946 2036 2038 2040 2046 2336 2338 2340 2346 4346 
m2117 22 23 36 40 1123 1136 1173 1186 1190 1836 1840 2036 3673 3686 
m2855 5 13 14 33 655 705 713 1655 1664 4163 
m281 36 46 2336 2346 4836 
m3103 13 38 1913 1938 
m245 22 30 36 40 1136 1140 1522 1530 1536 1540 1822 1830 1836 1840 2030 2036 2040 4336 
m3285 15 22 32 46 782 1115 1122 1132 1146 1615 1622 1632 1646 2315 2322 2332 2346 4815 
m2716 23 30 41 46 1180 2073 2080 2096 2323 2330 2341 4823 4846 
m627 22 26 38 46 1146 1322 1338 1346 1922 1946 2346 
m2563 22 36 40 1122 1136 1140 2036 
m1967 46 2346 
m2526 14 40 46 714 740 746 2014 2046 2314 2340 2346 4814 
m1668 22 23 36 40 46 1123 1136 1140 1146 1172 1822 2022 2023 2036 2040 2046 2322 2323 2336 2340 2346 4323 4836 
m1173 22 36 38 40 1122 1136 1138 1140 1836 1838 1840 1936 1938 2036 2038 2040 
m960 37 40 46 1890 2037 2040 2046 2337 2340 2346 4396 
m3015 16 26 36 40 46 49 826 1826 2016 2036 2046 2316 2326 2346 2466 2486 2490 2496 3336 3346 4346 4836 
m2906 22 36 40 46 49 1136 1140 1146 1149 1822 1836 1840 1846 1849 2022 2036 2040 2046 2049 2322 2336 2340 2346 2349 2486 2490 2496 4346 
m1981 14 32 49 732 2464 
m811 22 23 36 40 46 49 1172 1822 1823 1836 1846 1849 2023 2036 2040 2046 2049 2322 2336 2346 2349 2472 2473 2486 4323 4346 4823 4836 
m1291 14 23 30 46 730 1180 2314 2323 2330 2346 3223 4814 4823 
m3376 20 40 48 2020 2420 2440 
m2969 5 36 38 46 49 286 296 299 1849 1905 1936 1938 1946 2346 2349 2486 2499 4836 
m301 13 20 22 33 36 40 672 686 690 1013 1022 1033 1036 1040 1122 1136 1140 1672 1686 1690 1822 2022 2036 3183 
m3221 22 23 30 46 1123 1130 1146 1180 1523 1530 1546 2330 4823 
m300 13 14 22 40 46 672 722 2013 2014 2040 2046 2313 2314 3164 
m2885 22 23 30 36 40 46 1122 1123 1130 1136 1140 1146 1172 1180 1186 1190 1196 1522 1523 1530 1536 1540 1546 1830 2022 2023 2030 2036 2046 2330 4836 
m1043 22 32 33 36 40 1122 1132 1133 1136 1140 1633 1636 1832 1833 1836 1840 2032 2033 2036 4186 4333 4336 
m926 13 22 45 695 1113 1122 1145 
m1056 22 23 46 1123 1146 1172 1173 2322 2323 3673 4823 
m2193 14 23 38 46 1164 1196 1914 1923 1946 4814 
m3495 37 46 2346 4837 
m2382 14 38 46 49 746 1914 1946 1949 2464 2496 
m506 23 36 40 41 1173 1823 1836 1840 2023 2036 2040 2073 2086 2090 3686 4323 
m1410 13 38 45 46 688 2263 2295 2296 2313 2338 2346 3196 
m1549 21 22 23 30 36 40 46 1072 1073 1080 1090 1096 1121 1122 1123 1130 1136 1140 1146 1172 1173 1522 1523 1530 1546 1821 1822 1823 1830 1840 1846 2021 2022 2023 2030 2036 2040 2046 2321 2322 2323 2330 2340 2346 3696 4823 
m3054 12 22 23 27 30 41 46 641 1112 1123 1127 1130 1141 1146 1173 1191 1362 1372 1373 1380 1391 1512 1522 1523 1527 1530 1541 2062 2072 2073 2077 2080 2091 2312 2322 2323 2327 2330 2341 3123 3662 4823 
m1307 23 38 1923 
m3342 37 40 46 1890 2037 2040 2046 2337 2340 2346 4396 
m2606 11 13 33 36 40 661 1661 1811 1813 1833 2011 2013 2033 2036 4163 
m3134 36 38 40 46 1840 1846 1936 1940 1946 2036 2038 2040 2046 2336 2338 2340 2346 
m1304 36 38 40 41 46 1840 1846 1936 1938 1940 1941 1946 2036 2038 2040 2041 2046 2090 2096 2340 2346 4346 4586 
m3188 46 
m1427 22 23 30 40 46 1122 1123 1130 1140 1146 1180 1523 1530 1546 2022 2023 2030 2046 2330 2346 4823 
m2334 38 
m1273 22 23 30 46 1123 1130 1146 1172 1173 1180 1196 1523 1530 1546 2330 4823 
m1431 14 32 36 46 732 736 746 1832 2332 2336 2346 3246 4836 
m687 36 40 41 46 49 1841 2036 2040 2046 2336 2341 2346 2349 2486 2491 2496 4346 4836 4846 
m2961 14 22 23 30 730 1114 1122 1123 1130 1180 1514 1523 1530 3223 
m3206 22 23 30 36 41 1123 1130 1136 1141 1186 1191 1523 1536 1541 1841 2073 2080 2091 3673 4323 4586 
m1460 22 23 30 46 1122 1123 1146 1180 2330 2346 4823 
m1936 10 32 46 1610 1632 1646 2310 2346 
m827 22 23 30 36 38 40 1123 1130 1136 1140 1172 1173 1180 1186 1188 1190 1522 1523 1538 1822 1830 1922 1923 1930 1936 1938 1940 2022 2023 2030 2036 2040 3673 4323 
m2681 38 46 1946 2346 
m3446 22 36 37 40 49 1136 1137 1822 1836 1837 1840 1849 1886 2022 2036 2037 2040 2472 2486 2487 2490 2499 
m1791 22 36 38 46 1822 1936 1946 2322 2336 2346 4836 
m3086 5 13 22 263 272 1105 1113 1122 
m2520 12 14 46 712 2314 2346 3146 3246 4812 
m2024 22 23 36 40 1122 1123 1136 1140 1173 1823 2023 2036 3673 
m173 13 22 32 36 40 41 672 686 690 1122 1136 1140 1613 1622 1636 1640 1822 2022 2036 2063 2072 2082 2086 
m2830 22 23 36 41 1123 1822 1823 2072 2073 3673 4323 4586 
m1306 22 23 36 40 41 1172 1822 1841 2022 2023 2036 2041 2072 2073 4323 4336 4586 
m3360 36 40 41 46 49 1841 1846 2036 2041 2046 2336 2340 2341 2346 2349 2486 2490 2491 2496 4346 
m2313 5 36 38 46 49 286 296 299 1836 1846 1849 1905 1936 1938 1946 1949 2346 2349 2455 2486 2496 2499 4836 
m2224 23 36 41 1823 2073 3673 4323 4586 
m2396 14 23 30 38 730 1180 1514 1523 1530 1914 1923 1930 3223 
m2742 26 33 1676 
m420 5 23 24 40 46 273 274 290 296 1190 1240 1246 2023 2024 2040 2046 2340 3696 3723 
m2711 23 30 36 41 1186 1191 1523 1536 1541 3673 3686 4586 
m1656 14 22 23 30 46 722 1172 1514 1522 1523 1546 2314 2322 2323 2330 2346 3664 4814 4823 
m108 22 36 41 46 1136 1146 1846 2072 2096 2322 2336 2341 2346 4586 4836 
m1007 23 36 45 46 1186 1196 1836 1846 2273 2286 2296 3686 4836 
m3037 14 38 40 738 1914 1938 1940 2014 2038 2040 
m2266 22 23 30 36 40 46 1122 1123 1130 1136 1140 1146 1180 1522 1523 1530 1536 1540 1546 1822 1823 1830 1836 1840 1846 2022 2023 2030 2036 2040 2046 2322 2323 2330 2340 4823 4846 
m1823 22 36 40 46 49 1136 1140 1146 1836 1846 2022 2036 2040 2046 2049 2336 2346 2349 2486 2496 4336 4836 
m2062 23 45 46 1196 2273 2296 2323 2346 3696 4823 
m2977 22 37 49 1122 1137 1149 1872 1899 2472 2487 2499 
m1211 14 32 36 38 41 46 1614 1914 1932 1936 1938 1941 1946 2064 2082 2086 2314 2332 2336 2341 4136 4314 
m2009 33 45 1695 
m3430 36 46 4836 
m556 36 41 1841 
m1262 14 38 46 49 746 749 1914 1938 1946 1949 2346 2349 
m2162 23 
m1030 28 
m2036 13 33 38 46 1913 1933 1946 2313 2333 2338 2346 4163 
m2956 22 23 30 46 1122 1123 1130 1146 1172 1173 1180 1196 1522 1523 1530 1546 2323 2330 2346 3696 
m767 14 23 30 46 730 1180 2314 2323 2330 2346 3223 4814 4823 
m407 14 22 46 722 2314 2322 2346 4814 
m1642 26 36 37 40 46 1346 1837 2036 2037 2040 2336 2337 
m1409 22 36 40 41 46 1136 1140 1141 1146 1822 1836 1841 2022 2036 2041 2046 2072 2086 2090 2091 2096 2322 2336 2340 2341 2346 4346 4586 4836 
m336 37 46 1896 2346 4837 
m1871 22 37 46 49 1137 1146 2322 2337 2346 2472 2496 4396 4837 
m324 23 30 33 38 46 1180 1523 1530 1533 1546 1680 1923 1930 1933 1946 2323 2330 2333 2346 4173 4823 
m1121 23 30 46 1180 1523 1530 1546 2330 4823 
m1372 23 30 46 1523 2323 2330 2346 4823 
m3382 30 45 46 2280 2296 2330 2346 4846 
m459 34 1734 
m1493 36 46 49 1846 1849 2336 2346 2486 2496 4336 4346 4846 
m1577 14 36 40 46 740 1814 1836 1840 1846 2014 2036 2040 2046 2314 2340 2346 3246 4314 4346 4836 
m2860 14 714 
m3354 22 23 30 36 40 41 46 1122 1123 1130 1136 1140 1141 1146 1191 1522 1523 1530 1536 1540 1541 1546 1822 1823 1830 1836 1840 1841 1846 2022 2023 2030 2036 2040 2041 2046 2072 2080 2086 2090 2091 2341 3696 4323 
m2880 22 32 36 37 40 1122 1132 1136 1137 1140 1637 1832 1837 1840 2032 2037 
m826 22 23 30 36 40 1123 1130 1173 1186 1190 1523 1536 1540 2023 2036 3673 
m1018 37 40 41 46 1891 2037 2041 2046 2087 2090 2091 2096 2337 2340 2341 2346 4396 
m144 14 32 46 714 732 746 1614 1646 4814 
m1632 13 36 38 40 41 686 690 691 1841 1913 1936 1941 2036 2041 2063 2086 2088 2090 2091 
m3279 36 
m632 22 23 30 36 37 40 46 49 1123 1130 1136 1137 1140 1146 1149 1180 1523 1530 1546 1822 1823 1830 1836 1837 1840 1846 1849 1872 1873 1880 1886 1890 1896 2022 2023 2030 2036 2037 2040 2046 2330 2346 2472 2473 2480 2486 2487 2490 2496 4396 4823 
m816 5 36 46 49 286 296 299 1849 2346 2349 2486 2499 4836 
m3021 14 45 46 49 2264 2296 2299 2314 2346 2464 2496 4814 
m598 14 22 41 714 741 1114 1141 2064 2072 2091 
m263 22 23 30 36 40 41 1122 1123 1130 1136 1140 1141 1172 1173 1186 1190 1191 1522 1523 1536 1541 1840 1841 2023 2036 2041 2072 2073 2086 2090 2091 3673 3686 4323 4336 4586 
m2985 22 37 40 46 1137 1146 2022 2037 2040 2046 2337 2346 4837 
m1063 22 23 30 1122 1123 1130 1173 1522 1523 3673 
m18 22 41 44 46 49 1146 1149 2072 2094 2096 2099 2344 2349 2494 
m813 22 23 36 40 46 1122 1123 1136 1140 1146 1172 1186 1190 1196 1822 1836 2022 2036 2040 2046 2322 3686 4346 
m1378 22 23 30 36 40 41 1123 1136 1140 1141 1173 1180 1823 1830 1836 1840 1841 2023 2036 2040 2041 2073 2080 3673 4586 
m3255 38 40 46 49 1940 1946 2046 2346 2488 2490 2496 
m260 8 32 37 46 49 408 446 449 1608 1646 1649 1858 1882 1896 2308 2332 2346 2349 
m2947 14 23 40 46 49 1196 2014 2023 2046 2049 2464 2473 2496 3664 4814 
m2038 14 23 30 36 40 46 730 1180 1814 1823 1830 1846 2014 2023 2030 2036 2040 2046 2314 2330 2346 3223 4346 4814 4823 
m35 22 23 30 41 46 1122 1123 1130 1141 1146 1522 1541 1546 2072 2073 2322 2323 2341 2346 
m3410 30 38 46 1930 1938 1946 2330 2346 
m3025 22 23 46 1123 1146 1196 2322 2323 4846 
m2712 36 40 46 1846 2036 2040 2046 
m2728 26 38 46 1926 1938 1946 2326 
m1894 22 26 44 46 1144 1146 1322 1344 1346 2244 2246 2344 2346 4846 
m3408 
m1683 14 22 36 38 46 722 1814 1822 1914 1936 1946 2314 2322 2336 2346 4814 
m2083 22 23 30 38 1122 1123 1130 1138 1172 1173 1188 1522 1523 1530 1538 1922 1923 3673 
m1635 6 14 32 36 314 332 732 1806 1814 1832 
m2005 46 2346 
m264 36 37 38 40 46 49 1836 1838 1840 1846 1849 1886 1890 1936 1937 1938 1940 1946 2036 2037 2038 2040 2046 2336 2337 2338 2340 2346 2486 2488 2490 2496 2499 
m1096 12 22 23 36 40 46 49 636 646 649 1186 1196 1199 1822 1836 1840 1846 2022 2036 2322 2336 2346 2349 2486 2496 3123 3146 3686 4336 4823 
m3275 38 46 1946 
m844 22 23 36 45 1172 1822 2272 2273 2286 4323 
m1204 13 33 663 683 1663 1683 3183 4163 
m307 14 46 49 749 2346 2349 2464 2496 3246 4814 
m1862 13 38 688 1913 1938 
m274 22 38 1122 1922 
m2886 36 40 46 49 1840 1846 1849 2036 2040 2046 2049 2340 2346 2486 2490 2496 4336 4346 4846 
m779 22 36 40 46 1136 1140 1146 1840 2336 2340 4336 4836 
m1456 23 36 40 46 49 1186 1196 1836 1846 2023 2036 2046 2323 2473 2486 2490 2496 3673 4323 4836 
m2044 23 30 40 1180 1190 1523 1530 1540 2023 2030 
m2895 14 23 34 36 40 46 734 1184 1734 1814 1823 1834 1840 1846 2014 2023 2034 2036 2040 2046 2314 2323 2334 2346 3664 4346 4814 4823 
m2371 22 23 36 40 46 1122 1123 1136 1140 1146 1172 1822 2023 2036 2046 2322 2323 2336 2340 2346 4323 4823 4836 
m1337 33 37 4383 
m2942 22 23 30 36 40 41 46 1122 1123 1130 1136 1140 1141 1146 1180 1522 1523 1530 1536 1540 1546 1822 1823 1830 1836 1840 1846 2022 2023 2030 2036 2040 2046 2072 2086 2090 2091 2322 2323 2330 2340 4823 4846 
m1144 22 41 46 1122 1141 1146 2341 2346 
m402 22 23 30 46 1122 1123 1130 1146 1180 1523 1530 1546 2323 2330 3673 4823 
m2561 22 23 30 45 1123 1173 1180 1523 2272 2273 3673 
m2178 22 23 36 40 49 1122 1123 1136 1140 1149 1172 1173 1186 1190 1199 1840 2022 2023 2036 2040 2049 2473 2486 2490 3673 3686 4323 
m1215 9 36 40 46 49 490 496 499 1840 1849 2049 2309 2336 2340 2346 2349 2459 2486 2490 2496 2499 2959 2986 
m944 22 23 27 30 36 40 49 1123 1130 1136 1172 1173 1177 1180 1186 1190 1199 1372 1373 1380 1386 1522 1523 1527 1530 1536 1540 1549 1822 1823 1827 1830 1836 1849 2023 2027 2030 2036 2040 2049 2472 2473 2477 2480 2486 2499 3686 4336 
m2019 
m1695 23 30 46 1180 1523 1530 1546 2330 2346 4823 
m180 22 36 40 41 1136 1140 1141 1822 1836 1840 1841 2036 2041 2072 2086 2090 2091 4586 
m3445 37 40 46 1890 2037 2040 2046 2337 2340 2346 4396 
m1639 45 
m1472 22 46 1146 4846 
m2169 5 32 1605 
m2370 22 23 36 40 1122 1123 1136 1140 1173 1186 1190 1823 1836 2022 2023 2036 2040 3686 4323 
m1509 12 23 30 46 1162 1196 1512 1523 1530 1546 2346 3696 4812 
m2983 23 32 46 1196 1623 1646 2346 
m1453 5 23 24 38 40 46 273 274 290 296 1190 1240 1246 1905 1923 1924 1938 1946 2023 2024 2040 2046 2340 3696 3723 
m3356 22 23 36 40 41 1122 1123 1136 1140 1141 1172 1173 1186 1822 1823 1836 1840 1841 2022 2023 2036 2040 2041 2072 2073 2086 2090 3673 4586 
m699 46 2346 
m929 30 37 46 1530 1537 1546 1880 2330 2337 2346 
m3240 26 39 46 1326 1339 1346 1976 2326 4496 
m1373 21 22 23 36 41 1121 1122 1123 1171 1172 1173 1821 1822 1823 2071 2072 2073 3673 4586 
m209 17 38 46 888 2317 2338 2346 3396 
m1068 22 23 30 40 46 1123 1130 1146 1180 1523 1530 1546 2022 2023 2030 2046 2322 2323 2330 2340 2346 4823 
m2523 30 38 41 46 1930 1941 1946 2080 2330 2338 2341 2346 
m2632 14 22 38 44 46 744 746 1114 1138 1144 1146 1914 1938 1944 1946 2344 2346 3246 
m2950 5 23 30 36 46 255 273 280 286 296 1180 1505 1523 1530 1536 1546 1830 1846 2330 4323 4823 
m1759 10 510 
m2934 5 17 41 46 255 867 891 2091 2317 2341 2346 4817 
m3223 22 46 1122 1146 2322 2346 4846 
m468 22 23 36 40 41 1122 1123 1136 1140 1141 1172 1173 1822 1823 1836 1840 2022 2023 2036 2040 2072 2073 2086 2090 3673 4586 
m48 23 30 36 49 1180 1523 1530 1549 1823 1830 1836 1849 2473 2480 2486 2499 
m1049 14 22 45 46 722 745 746 1146 2272 2296 2346 3246 
m1517 22 23 30 46 1122 1123 1130 1146 1172 1173 1180 1196 1522 1523 1530 1546 2322 2323 2330 2346 3673 4823 
m2731 33 38 46 1688 1933 1938 1946 2338 4196 
m1138 30 38 40 45 46 1930 1938 1945 1946 2030 2038 2045 2046 2280 2288 2296 2330 2338 
m1562 26 46 49 1326 1346 1349 2349 
m489 14 36 41 46 714 736 741 1836 1841 2091 2314 2336 2341 3236 4314 4586 4814 
m1201 14 22 36 41 46 714 722 736 741 1822 1836 1841 2072 2314 2322 2336 2341 3236 4314 4586 4814 
m2379 22 23 30 46 49 1122 1123 1130 1146 1180 1523 1530 1546 2330 2346 2472 2473 2480 2496 4823 
m1789 23 36 41 49 1191 1823 1836 1841 1849 2473 2486 2491 3686 4323 4336 4341 
m629 22 26 38 46 1146 1322 1346 1922 1926 1946 2346 
m3324 22 23 36 40 46 49 1172 1822 1823 1836 1849 2022 2023 2036 2040 2046 2049 2322 2323 2336 2349 2473 2486 3686 4336 4346 4836 
m2029 36 49 1836 1849 2499 
m16 14 23 30 36 40 46 730 1180 1814 1823 1830 1846 2014 2023 2030 2036 2040 2046 2314 2323 2330 2346 3223 4346 4814 4823 
m2868 22 23 30 36 40 1123 1130 1136 1140 1172 1173 1186 1190 1523 1536 1540 1823 2022 2023 2036 3673 4323 
m2339 22 46 49 1146 2472 2496 
m3379 22 23 36 40 41 1122 1123 1136 1140 1141 1172 1173 1822 1823 1836 1840 1841 2022 2023 2036 2040 2041 2072 2073 3673 4586 
m2095 32 36 46 49 1636 1649 1832 1836 1846 1849 2332 2336 2346 2349 2482 2486 2496 2499 4332 4336 
m3467 46 2346 
m606 22 30 36 40 41 49 1122 1130 1136 1140 1141 1149 1536 1540 1822 1840 1841 2022 2036 2040 2041 2080 2086 2090 2472 2486 2490 
m2898 22 23 46 1123 1146 1172 2322 3696 
m123 13 22 44 46 694 1113 1146 2313 2344 
m2626 22 46 1122 1146 
m2337 30 46 49 2330 2480 2496 
m1779 12 22 36 37 40 41 46 612 622 636 637 640 641 646 1112 1136 1137 1140 1141 1146 1812 1837 1840 1846 1872 1886 1890 1891 2012 2022 2036 2037 2040 2041 2046 2062 2072 2086 2087 2090 2096 2312 2322 2336 2340 2341 4837 
m2722 5 23 30 40 46 1155 1180 1505 1523 1530 1546 2005 2023 2030 2040 2046 2305 2323 2330 2340 4846 
m242 36 40 41 1836 1840 1841 2036 2040 2041 2086 2090 2091 
m1148 26 32 33 37 1333 1626 1633 1637 1876 1883 
m620 36 46 49 2486 2496 4836 4846 
m3473 22 44 45 46 1146 2272 2294 2296 2344 2346 4846 
m2705 22 23 30 40 41 1130 1140 1180 1523 1530 2022 2023 2030 2072 2090 
m3393 14 22 23 722 1164 1172 
m3500 36 40 1836 1840 2036 2040 
m2177 36 38 46 1838 1846 2338 2346 4836 
m1389 22 23 32 38 46 1123 1132 1146 1182 1196 1922 1923 1932 1946 2332 
m731 
m2608 14 22 26 37 39 722 737 1314 1322 1337 1339 1872 1964 1972 1987 
m1885 13 22 37 672 1872 4363 
m2532 22 44 46 1146 2322 2344 2346 4846 
m921 22 23 30 36 39 41 1123 1130 1139 1141 1522 1523 1822 1823 1830 1839 1841 1972 1973 1980 1991 2072 2073 2080 2086 2089 2091 3673 4586 
m2375 29 
m3413 22 23 30 37 40 46 1122 1123 1130 1137 1146 1172 1187 1522 1523 1530 1537 1546 1872 2022 2023 2030 2037 2040 2046 2322 2323 2330 2346 3696 4396 4837 
m650 46 2346 
m403 22 23 30 46 1122 1123 1130 1146 1180 1523 1530 1546 2323 2330 3673 4823 
m392 38 46 1938 1946 2338 2346 
m151 5 13 14 33 263 283 705 713 733 4163 
m1768 14 23 30 40 47 730 1180 1514 1523 1530 1547 2014 2023 2030 2047 2364 2373 2380 3223 
m3212 22 23 30 36 40 41 1122 1123 1130 1136 1140 1173 1522 1523 1536 1822 1823 1830 1836 2022 2023 2030 2036 2072 2073 2080 2086 2090 2091 3673 4323 4586 
m1704 30 46 2330 
m2569 12 14 22 45 46 49 645 712 745 1112 1114 1146 2314 2345 2346 2462 2464 2472 2496 3146 3246 4812 
m1336 22 23 30 36 40 41 1122 1123 1130 1136 1140 1172 1173 1180 1186 1190 1523 1822 1823 1830 1836 2023 2030 2036 2072 2073 3673 4323 4586 
m3057 23 24 40 46 1190 1240 1246 2023 2024 2040 2046 2340 3696 3723 
m1335 22 44 46 1146 2344 2346 4846 
m3471 14 22 32 36 40 45 46 714 722 732 736 740 746 1114 1145 1146 1614 1622 1632 1640 1646 1814 1822 1840 2014 2022 2040 2045 2046 2264 2286 2314 2322 2332 2336 2345 2346 3246 4332 4346 
m3456 22 37 46 49 1137 1146 1899 2346 2349 2496 4396 4837 
m845 36 40 41 46 1841 2036 2041 2086 2090 2091 2336 2340 2341 4336 4836 4846 
m2602 6 14 32 36 49 706 714 732 736 749 1606 1636 1806 2456 2482 2486 
m2866 13 23 36 46 49 1813 1823 1846 1849 2313 2346 2463 2473 2486 2496 2499 3663 4813 4823 
m2990 28 36 38 46 1928 1936 1946 2328 2336 2346 4328 4836 
m2030 32 38 46 1632 1646 1932 1938 1946 2332 2346 
m793 13 38 46 688 1913 1938 1946 2313 2338 2346 3196 
m1508 22 23 36 40 46 1122 1123 1136 1146 1172 1822 1823 1836 2022 2023 2036 2040 2046 2322 2323 4323 4346 4836 
m3488 
m2195 22 33 38 46 1122 1133 1146 1672 1922 1933 1946 2322 4833 
m912 26 36 37 46 49 1336 1337 1346 1349 1837 1846 1849 2476 2486 2487 2496 2499 4837 
m2612 32 36 38 46 49 1632 1636 1649 1849 1932 1936 1938 1946 1949 2332 2336 2346 2349 
m74 
m715 22 23 30 46 1122 1123 1130 1146 1180 1523 1530 1546 2330 2346 4823 
m2451 13 26 38 40 46 690 1313 1346 1913 1926 1938 1946 2313 2340 2346 
m480 31 36 38 46 1588 1838 2331 2338 4331 4836 
m3113 13 38 1913 1938 
m1585 22 23 36 40 41 1122 1123 1136 1140 1141 1172 1173 1822 1823 1836 1840 1841 2023 2036 2040 2041 2072 2073 3673 4341 
m3481 14 22 23 30 40 45 46 714 746 1114 1145 1146 1164 1172 1190 1195 1196 1514 1522 1523 1530 1540 1545 1546 2014 2022 2023 2030 2040 2045 2046 2264 2296 2314 3664 
m1874 22 23 30 36 40 46 1122 1123 1130 1136 1140 1146 1180 1523 1530 1536 1546 1830 1846 2022 2023 2030 2036 2040 2046 2330 4323 4823 
m2596 6 14 23 32 36 706 723 732 736 1156 1182 1606 1636 1806 3686 
m2823 22 37 46 49 1137 1146 1899 2346 2349 2496 4396 4837 
m1514 22 46 1146 2346 
m1735 23 30 46 1180 1523 1530 2330 4823 
m3492 33 44 49 1694 1699 2494 
m1957 37 38 46 1888 1896 2337 2338 2346 
m2585 
m379 5 14 22 23 32 36 37 41 264 282 286 722 737 741 1122 1123 1141 1155 1182 1186 1614 1637 1814 1837 1872 1882 1886 1887 1891 2087 3664 4136 4332 
m3442 12 22 23 36 40 41 46 49 640 641 646 1112 1123 1136 1141 1146 1149 1812 1836 1840 1841 1846 1849 2036 2041 2046 2073 2086 2090 2091 2096 2099 2322 2323 2336 2340 2341 2349 2462 2473 2486 2491 2496 4323 4336 4812 4836 
m2459 32 46 2332 
m3014 22 23 30 36 40 46 1122 1123 1130 1136 1140 1146 1180 1523 1530 1822 1823 1830 1840 1846 2022 2023 2030 2046 2330 4823 
m2889 36 46 49 1849 2336 2346 2349 2486 2496 2499 4336 4836 
m2356 38 46 1938 1946 2346 
m60 14 32 46 732 2332 4814 
m2025 22 23 36 40 1122 1123 1136 1140 1173 1823 2023 2036 3673 
m915 
m3461 22 23 30 36 37 40 41 46 49 1123 1130 1137 1141 1146 1190 1191 1523 1537 1540 1541 1546 1822 1823 1830 1836 1837 1840 1846 1873 1890 1891 1896 2022 2030 2036 2037 2040 2041 2046 2086 2091 2099 2340 2341 2346 2486 2490 2496 2499 4396 4823 
m1470 49 
m190 23 26 46 1176 1346 3696 4846 
m3210 22 40 46 49 2040 2046 2322 2346 2490 2496 
m2311 5 36 38 46 49 286 296 299 1849 1905 1936 1938 1946 2346 2349 2486 2499 4836 
m2492 23 36 40 41 1186 1190 1191 1836 1840 1841 2023 2036 2040 2041 2073 2086 2090 2091 3686 4323 4336 4586 
m2077 22 23 36 40 1122 1123 1136 1140 1173 1186 1190 1822 1823 1836 1840 2022 2023 2036 2040 3673 4323 
m441 13 22 33 36 40 1113 1122 1133 1136 1140 1813 1822 1833 1840 2013 2022 2033 4163 
m838 38 46 1946 2338 2346 
m77 13 33 40 690 1690 4163 
m257 38 45 1938 1945 
m3375 22 23 36 37 40 1122 1123 1136 1137 1140 1172 1173 1822 1823 1836 1837 1840 1872 1873 2022 2023 2036 2037 2040 3673 
m284 22 23 24 40 46 1123 1124 1140 1146 1190 1240 1246 2022 2023 2024 2046 2340 3696 3723 
m2214 5 23 26 32 46 1155 1182 1305 1323 1332 1346 1605 2305 2332 2346 4823 
m1253 22 30 36 1130 1822 1830 
m95 14 22 36 38 41 46 714 736 1114 1136 1836 1914 1922 1936 1941 2064 2072 2086 2314 2322 2336 2338 2341 3236 4314 4586 4814 
m2571 27 38 46 1927 1946 2327 
m958 22 38 46 1138 1146 1922 1938 1946 2322 2338 
m2890 22 23 30 36 37 40 41 46 49 1123 1130 1136 1137 1140 1146 1149 1180 1523 1530 1546 1822 1823 1830 1836 1837 1840 1846 1849 1872 1873 1880 1886 1890 1896 2022 2023 2030 2036 2037 2040 2046 2086 2090 2099 2330 2346 2472 2473 2480 2486 2487 2490 2496 4396 4823 
m2260 14 34 36 40 46 1714 1734 1736 1740 1746 1814 1836 1840 1846 2014 2036 2040 2046 2314 2346 4346 4814 4846 
m3063 41 44 45 2241 2245 2291 
m3033 22 23 30 38 1122 1123 1130 1138 1173 1180 1523 1922 1923 1930 1938 3673 
m185 22 23 36 40 41 1122 1123 1136 1140 1141 1172 1173 1822 1823 1836 1840 1841 2022 2023 2036 2040 2041 2072 2073 3673 4586 
m1563 36 40 41 46 49 1836 1840 1846 1849 2036 2040 2041 2046 2049 2086 2090 2096 2099 2336 2340 2346 2349 2486 2490 2496 4346 4586 4836 
m2554 22 23 36 40 41 46 49 1123 1136 1141 1146 1191 1822 1823 1836 1840 1841 1849 2022 2023 2036 2040 2041 2046 2072 2073 2086 2090 2091 2322 2323 2336 2340 2341 2349 2472 2473 2486 2490 2491 4323 4336 4346 4836 
m2096 22 23 30 36 40 46 1122 1123 1130 1136 1140 1146 1180 1522 1523 1530 1536 1540 1546 1822 1823 1830 1836 1840 1846 2022 2023 2030 2036 2040 2046 2322 2323 2330 2340 4823 4846 
m1391 22 23 41 1123 1141 1173 2073 3673 
m2374 22 23 30 36 41 1123 1130 1136 1141 1180 1523 1823 1830 2073 2080 3673 4323 4586 
m2366 36 40 46 1836 1840 2036 2040 2336 2340 2346 
m751 23 32 46 1196 1623 1646 2346 
m3034 12 22 23 30 36 40 46 612 622 623 630 636 640 646 1112 1123 1136 1140 1146 1162 1173 1512 1523 1536 1546 1812 1822 1823 1830 1836 1846 2012 2022 2023 2030 2036 2046 2312 2322 2323 2330 2336 2346 3123 3686 4346 4812 
m2021 2 26 46 126 2302 2326 
m1797 38 49 1938 1949 2488 2499 
m2439 11 46 2311 
m1223 3 30 33 41 46 180 196 1653 1680 2053 2080 2083 2096 2330 4196 
m2159 12 41 46 2062 2091 2096 2312 
m449 37 46 4837 
m883 33 38 40 46 1690 1696 1933 1938 1940 1946 2333 2338 2340 2346 
m2423 23 36 37 40 41 1173 1186 1187 1190 1823 1873 1886 1890 2023 2036 2073 2086 2087 3673 4323 
m1693 22 23 36 40 1122 1123 1136 1140 1172 1173 1186 1190 1822 1823 1836 1840 2022 2023 2036 2040 3673 3686 4323 
m2941 32 36 46 49 1632 1636 1649 1849 2332 2336 2346 2349 
m970 21 22 23 1072 1073 1171 1172 1173 
m2595 13 22 40 690 1113 1122 
m1606 22 23 46 1122 1123 1146 2346 3696 4823 
m2593 23 41 1173 1191 2073 3673 
m1444 26 32 36 38 46 1332 1336 1346 1832 1926 1932 1936 1946 2332 2336 2346 4836 
m2381 13 22 36 40 1113 1122 1136 1140 1813 1840 2013 
m808 22 23 30 46 1122 1123 1130 1146 1523 1530 1546 2330 2346 3696 4823 
m3412 30 37 46 1530 1537 1546 1880 2330 2337 2346 
m3233 14 22 23 30 46 49 722 746 1122 1123 1130 1146 1149 1172 1522 1523 1530 2322 2323 2330 2349 2473 2480 3673 4823 4846 
m3475 14 36 40 46 1814 1840 1846 2014 2036 2040 2046 2314 2346 4346 4814 4846 
m2669 23 30 36 40 41 49 1186 1190 1199 1523 1530 1536 1540 1549 1823 1836 1840 1849 2073 2080 2086 2090 2099 2490 3686 4336 
m2075 20 40 48 1040 2040 2420 2440 
m1034 23 45 1195 
m2660 36 40 41 1836 1840 1841 2036 2041 2086 2090 2091 4586 
m1535 22 30 36 40 41 1136 1141 1522 1536 1540 1541 1822 1836 1840 1841 2022 2036 2040 2041 2086 4336 4586 
m2654 22 23 30 32 36 40 41 49 1140 1182 1199 1523 1530 1532 1536 1549 1823 1830 1832 1849 2022 2023 2030 2032 2036 2040 2072 2090 2482 
m3152 3 26 36 41 186 191 1303 1336 1341 2091 4341 4586 
m31 32 37 1882 
m1931 14 22 32 46 732 1114 1132 1146 2314 2332 2346 4814 
m1984 13 17 22 45 46 672 872 2263 2267 2295 2296 2313 2317 2322 3363 
m956 36 38 1936 1938 
m2996 22 23 36 40 41 1122 1123 1136 1140 1141 1173 1822 1823 1836 2022 2023 2036 2072 2073 2086 2090 2091 3673 4323 4586 
m819 22 37 46 49 1122 1137 1146 1899 2346 2349 2496 4396 4837 
m2703 22 23 30 36 40 46 1122 1123 1130 1136 1140 1146 1172 1173 1180 1186 1190 1522 1523 1530 1536 1540 1546 1823 1840 2023 2036 2040 2322 2323 2330 2336 2340 2346 3696 4823 
m593 5 22 23 30 46 255 273 280 296 1105 1122 1123 1130 1146 1180 1505 1523 1530 1546 2330 4823 
m2869 13 38 41 691 1913 1938 1941 
m900 22 40 46 1146 2046 2322 2340 2346 
m96 14 36 38 41 46 714 1814 1836 1838 1914 1936 2064 2086 2088 2096 2314 2336 2338 3236 4314 4586 4814 
m939 5 36 46 49 286 296 299 1836 1849 2336 2346 2349 2486 2496 2499 4836 
m1258 13 26 38 46 1313 1346 1913 1926 1946 2313 
m1540 26 31 36 37 46 1576 1587 1596 1826 1831 1837 1846 1876 1896 2326 
m1168 23 30 36 41 49 1191 1523 1530 1541 1823 1830 1836 1841 1849 2073 2080 2086 2091 2099 2473 2480 2486 2491 2499 
m3227 15 22 27 38 46 777 1115 1127 1146 1915 1922 1938 1946 2315 2327 2346 
m2797 22 23 30 36 41 1123 1130 1141 1191 1523 1541 1822 1823 1830 1841 
m1432 26 32 36 46 1332 1336 1346 1832 2332 2336 2346 4836 
m628 36 41 1836 1841 2086 2091 4586 
m3028 14 20 40 46 720 2014 2020 2046 2320 3246 
m259 46 2346 
m3316 14 40 46 740 746 2014 2040 2046 2314 2340 2346 3214 3246 4814 
m891 22 23 36 40 46 49 1122 1123 1136 1172 1822 1823 1836 1849 2022 2023 2036 2040 2046 2049 2322 2323 2336 2349 2472 2473 2486 4323 4336 4346 4836 
m367 37 40 46 1890 2037 2040 2046 2337 2340 2346 4396 
m1640 22 23 36 40 41 46 49 1123 1136 1140 1173 1186 1190 1199 1840 2022 2023 2036 2040 2041 2049 2072 2073 2086 2090 2091 2099 2322 2323 2340 2341 2473 2486 3673 3686 4323 
m1327 23 30 49 1180 1199 1549 2473 2480 2499 
m1279 13 22 38 49 699 1113 1122 1138 1149 1913 1938 1949 
m463 22 23 30 38 1122 1123 1130 1138 1172 1173 1188 1522 1523 1530 1538 3673 
m2856 5 14 46 264 296 2314 2346 4814 
m1436 14 22 36 40 41 46 714 722 736 741 1822 1836 1841 2014 2036 2041 2046 2072 2314 2322 2336 2341 3236 4314 4586 4814 
m399 14 36 46 49 736 746 2336 2346 2349 2464 2486 2496 4814 4836 
m1846 10 38 1910 1938 
m2287 23 30 41 46 1191 1523 1530 1541 1546 2073 2080 2091 2096 2330 2341 2346 3696 4823 
m546 22 36 40 41 1141 1822 1836 1841 2036 2041 2072 2086 2091 4586 
m1803 23 36 1186 1836 3686 
m1744 26 36 46 1336 1346 4836 4846 
m968 22 23 30 41 1122 1123 1130 1172 1173 1180 1522 1523 1530 2072 2073 2080 3673 
m2841 21 23 36 1071 1073 1821 4321 4323 4336 
m106 5 14 38 46 705 738 746 1905 1914 1938 1946 2305 
m82 14 40 46 2014 2040 2046 2314 2346 4814 
m2365 23 30 36 41 1173 1180 1186 1191 1523 1530 1536 1541 1823 1830 1836 1841 2073 2080 2091 3673 4323 4586 
m1466 14 22 38 46 1114 1146 1914 1922 1938 1946 2314 2322 2346 4814 
m2488 32 38 45 46 49 1638 1646 1938 1946 1949 2282 2288 2296 2299 2332 2338 2346 2349 
m625 22 36 37 40 46 1122 1136 1140 1146 1822 1836 1837 1840 1846 1872 1896 2022 2036 2037 2040 2046 2322 2337 2346 4387 4396 4837 4846 
m2362 13 22 33 36 40 1113 1122 1133 1136 1140 1686 1690 1813 1840 2013 4163 
m2668 22 40 44 46 1146 2022 2044 2046 2344 2346 4846 
m1066 13 38 46 1913 1946 2313 2346 4813 
m2331 38 46 1938 2338 
m370 37 40 46 1890 2037 2040 2046 2337 2340 2346 4396 
m842 22 30 38 46 1130 1146 1922 1930 1946 2322 2330 2346 
m3187 6 14 23 32 36 314 332 732 1156 1164 1182 1806 1814 1832 3686 
m98 22 23 36 1123 1136 1172 1173 1186 1822 1823 3673 
m23 40 46 2040 2046 2346 
m698 37 46 49 1899 2346 2349 2487 2496 4396 4837 
m2813 
m3022 22 46 1122 1146 2322 2346 
m1150 26 32 36 46 1332 1336 1346 1832 2332 2336 2346 4836 
m3435 22 23 36 40 41 1172 1186 1190 1191 1822 1836 1840 1841 2022 2023 2036 2040 2041 2072 2073 2086 2090 2091 3686 4323 4336 4586 
m768 36 1836 
m2223 5 23 24 40 46 273 274 290 296 1190 1240 1246 2023 2024 2040 2046 2340 3696 3723 
m448 36 40 46 1836 1840 1846 2036 2040 2046 2336 2340 4846 
m2435 36 40 46 49 1836 1840 1846 1849 2036 2040 2046 2049 2336 2340 2346 2349 2486 2490 2496 4346 
m1703 22 36 37 40 46 1122 1136 1137 1140 1146 1822 1836 1837 1840 1846 1872 1896 2022 2036 2037 2040 2046 2322 2337 2346 4387 4396 4837 4846 
m2981 22 44 46 1144 1146 2222 2246 2322 2344 2346 4846 
m3272 23 30 36 41 1173 1180 1186 1191 1523 1530 1536 1541 1823 1830 1836 1841 2073 2080 2086 2091 3673 4323 4586 
m3421 22 23 30 46 1122 1123 1130 1146 1523 1546 2323 3673 4823 
m120 22 23 30 36 40 46 49 1122 1123 1130 1136 1140 1146 1149 1172 1173 1522 1523 1530 1540 1546 1822 1823 1830 1840 1846 2022 2023 2030 2036 2040 2046 2322 2323 2330 2340 2346 2472 2480 2486 2490 2496 3696 4823 
m2037 22 23 30 36 40 41 46 1122 1123 1130 1136 1140 1141 1146 1180 1522 1523 1530 1536 1540 1546 1822 1823 1830 1836 1840 1846 2022 2023 2030 2036 2040 2046 2072 2086 2090 2091 2322 2323 2330 2340 4823 4846 
m3218 15 26 46 776 2326 4815 
m1598 
m238 5 13 33 46 263 283 2305 2313 2333 4163 
m2887 23 31 46 49 1196 1573 1596 2323 2346 2473 2481 2496 
m774 14 22 23 30 40 46 730 746 1114 1122 1123 1130 1146 1180 1514 1523 1530 1546 2014 2022 2023 2030 2046 2330 3223 4823 
m1839 30 36 38 46 1830 1930 1936 1946 2330 2336 2346 4836 
m1714 12 14 46 712 2312 2314 2346 3146 3246 4812 
m464 12 23 30 38 41 46 641 1191 1512 1523 1541 1546 1912 1923 1930 1941 1946 2341 3662 4812 4823 
m1831 37 
m2576 13 38 46 1913 1938 1946 2313 
m70 46 2346 
m2831 22 23 36 41 1123 1136 1823 2072 2073 3673 4323 4586 
m1653 12 46 646 2312 2346 3146 4846 
m1519 
m3073 14 26 38 41 741 1314 1341 1914 1926 1941 
m1473 31 36 1581 1586 1831 1836 4086 
m69 22 23 30 1122 1123 1130 1173 1180 1522 1523 1530 
m2501 14 46 2346 3246 4814 
m1314 23 30 36 49 1180 1199 1549 1823 1830 1849 2473 2480 2486 
m2764 5 22 36 38 40 46 49 286 296 299 1136 1138 1140 1146 1149 1836 1846 1849 1905 1936 1938 1946 1949 2036 2038 2046 2049 2346 2349 2455 2486 2496 2499 4836 
m1655 41 46 2091 2096 2341 
m843 32 45 1645 
m2124 12 15 30 46 1512 1515 1546 2312 3262 4815 
m2665 12 14 40 46 712 2012 2014 2046 2314 2346 3146 3246 4812 
m2148 23 30 36 40 41 1173 1186 1191 1523 1530 1536 1540 1541 1836 1841 2023 2030 2036 2041 3673 3686 4323 4341 
m2655 22 23 36 40 41 1122 1136 1140 1141 1173 1186 1190 1823 1836 1840 1841 2022 2023 2036 2040 2041 2073 2086 2090 2091 3686 4323 
m1624 22 33 46 1133 1146 1672 1683 1696 2322 2333 2346 4833 
m497 26 32 36 41 46 1332 1336 1341 1346 1641 1646 2332 2336 2341 2346 4136 4586 
m3017 12 26 46 626 2326 4812 
m2135 5 14 22 23 30 41 46 49 273 280 291 705 723 730 741 1123 1130 1172 1173 1180 1522 1523 1530 1541 2072 2073 2080 2305 2323 2330 2341 2346 2464 2496 2499 3673 4814 
m1075 22 30 36 46 1130 1136 1146 1536 1546 1822 1830 1836 1846 2322 2330 2336 2346 4836 
m851 22 23 36 41 1122 1123 1136 1141 1191 3686 4586 
m3116 22 23 24 40 45 46 1122 1145 1172 1190 1195 1222 1240 1245 1246 2022 2023 2024 2040 2045 2046 2272 2295 2322 2340 2345 3696 3723 
m1126 22 23 30 36 40 1123 1130 1173 1186 1190 1523 1530 1536 1823 2023 2036 3673 3686 
m3282 46 
m2155 5 36 46 49 286 296 299 1836 1846 1849 2336 2346 2349 2486 2496 4336 4836 
m2498 5 32 36 46 49 282 286 296 1632 1636 1649 1849 2305 2332 2336 2346 2349 
m1346 44 46 2344 2346 
m1854 12 14 46 712 2314 2346 3146 3246 4812 
m608 14 36 40 46 1814 1836 1846 2014 2036 2040 2046 2336 2346 4314 4346 4814 
m3059 23 30 36 40 41 49 1186 1190 1199 1523 1530 1536 1540 1549 1836 1840 1849 2073 2080 2086 2090 2099 2490 3686 4336 
m3370 6 17 23 32 36 856 873 882 886 1156 1182 1606 1636 1806 3686 
m265 
m3122 26 38 46 1346 1926 1946 2346 
m97 5 45 2255 
m2584 6 14 32 36 49 706 714 732 736 749 1606 1636 1806 2456 2482 2486 
m1266 22 23 36 40 1122 1123 1136 1140 1172 1173 1186 1190 1822 1823 1836 1840 2022 2023 2036 2040 3673 4323 
m2832 13 22 36 38 40 45 1113 1136 1138 1140 1145 1813 1840 1913 1936 1940 2013 2263 2286 2288 2290 
m3084 14 22 36 41 46 714 722 736 741 1822 1836 1841 2072 2314 2322 2336 2341 3236 4314 4586 4814 
m1230 22 23 30 36 40 41 1122 1123 1130 1136 1140 1173 1522 1523 1536 1822 1823 1830 1836 2022 2023 2030 2036 2072 2073 2080 2086 2090 2091 3673 4323 4586 
m1412 22 23 46 49 1123 1146 1149 1173 2323 2473 2496 3673 4823 
m1518 22 23 40 46 1123 1140 1146 1190 2022 2023 2040 2046 2340 2346 3696 4823 
m2274 30 36 40 46 1830 2030 2036 2330 2336 2340 2346 4836 
m1661 23 28 36 1178 1186 1823 1828 1836 3673 
m1548 22 26 38 46 1146 1322 1346 1922 1926 1946 2346 
m3142 23 36 40 41 46 1191 1823 1836 1840 1841 1846 2023 2036 2040 2041 2046 2323 2336 2341 2346 3686 4341 4346 4823 
m2295 22 23 1122 1123 
m1419 22 44 46 1122 1144 1146 2322 2344 2346 4846 
m2229 22 36 40 46 49 1136 1140 1146 1149 1836 1840 1846 1849 2036 2040 2046 2049 2336 2340 2346 2349 2486 2490 2496 4346 
m633 11 13 22 46 563 572 596 1113 1122 1146 2313 2322 2346 4846 
m2138 45 
m728 5 26 36 46 49 50 276 296 300 1346 1350 1805 1826 1846 1849 1850 2305 2326 2346 2349 2350 2455 2476 2496 2500 
m2505 45 
m3169 13 22 33 36 40 672 686 690 1113 1133 1136 1140 1672 1686 1690 1822 2022 2036 3183 
m377 22 30 36 40 41 1122 1130 1136 1140 1141 1522 1541 1840 2036 2040 2086 2090 
m59 22 32 46 1122 1132 1146 2332 2346 
m3487 5 36 37 46 49 286 296 299 1849 1855 1886 1896 1899 2305 2336 2346 2349 4836 4837 
m1851 14 22 23 30 40 46 722 723 730 746 1114 1122 1123 1130 1146 1172 1173 1180 1196 1514 1522 1523 1530 1546 2014 2022 2023 2030 2046 2323 2330 2346 3246 3696 4823 
m1953 23 41 1191 2073 3673 
m2762 14 46 714 746 2314 2346 4814 
m3448 22 40 46 1122 1140 1146 2340 2346 
m3409 30 40 46 2030 2046 2330 2340 2346 4846 
m1914 5 22 38 46 1122 1146 1905 1922 1938 1946 2305 2346 
m1805 22 30 36 49 1122 1136 1522 
m2811 46 47 2346 2347 
m2056 5 23 32 36 46 273 282 286 1623 2305 2323 2332 2336 2346 4323 4332 4823 4836 
m1404 
m1592 36 38 40 46 1840 1846 1936 1940 1946 2036 2046 2340 
m1155 22 23 32 36 40 46 49 1122 1123 1132 1136 1140 1146 1149 1172 1173 1182 1186 1190 1196 1199 1622 1623 1632 1636 1640 1646 1822 1823 1832 1836 1840 1846 1849 2022 2023 2032 2036 2046 2049 2322 2323 2332 2336 2346 2349 2472 2473 2482 2486 2490 2496 3673 3686 3696 4323 4346 
m3140 3 23 30 36 49 180 186 199 1153 1180 1199 1549 1830 1849 3686 
m1837 28 36 38 1928 1936 1938 4328 
m520 14 22 46 722 2322 3246 
m982 36 40 46 49 1840 1846 1849 2036 2040 2046 2049 2340 2346 2486 2490 2496 4336 4346 4846 
m3101 8 10 38 508 1908 1910 
m1042 46 2346 4846 
m1140 36 40 46 49 1836 1846 2036 2040 2046 2049 2336 2346 2349 2486 2496 4336 4836 
m1339 36 40 46 49 1836 1840 1846 1849 2036 2040 2046 2049 2336 2340 2346 2349 2486 2490 2496 4346 
m2773 5 36 40 46 49 286 296 299 1836 1849 2005 2036 2046 2336 2346 2349 2486 2499 4836 
m1092 22 26 44 46 1122 1126 1144 1146 1322 1344 1346 2222 2246 2322 2326 2344 2346 4846 
m2220 11 32 561 582 
m1086 30 36 38 40 46 1830 1930 1936 1940 1946 2030 2036 2046 2330 2336 2340 2346 4836 
m2509 32 34 38 46 1632 1646 1732 1734 1746 1932 1934 1946 2332 
m424 22 23 30 36 40 41 46 49 1122 1123 1130 1136 1140 1141 1146 1172 1173 1186 1190 1191 1199 1522 1523 1530 1536 1540 1541 1546 1549 1822 1823 1830 1836 1840 1841 1846 1849 2022 2023 2030 2036 2040 2041 2046 2049 2072 2073 2086 2090 2096 2099 2330 2336 2340 2341 2349 2472 2473 2486 2490 2496 3696 4823 
m824 14 21 40 714 721 740 2014 2021 
m671 23 46 2346 4823 
m1474 26 32 36 38 46 1332 1336 1346 1832 1926 1932 1936 1938 1946 2332 2336 2346 4836 
m2003 13 38 46 1913 1946 2313 
m1099 13 20 22 32 36 40 672 686 690 1013 1022 1032 1036 1040 1122 1136 1140 1613 1622 1636 1640 1822 2022 2036 
m331 22 23 30 36 40 46 1122 1123 1130 1136 1140 1146 1172 1173 1522 1523 1530 1540 1546 1822 1823 1830 1840 1846 2022 2023 2030 2036 2040 2046 2322 2323 2330 2340 2346 3696 4823 
m1765 23 36 40 41 45 1186 1190 1823 1836 1840 2023 2036 2040 2073 2086 2090 2291 
m1947 23 31 46 48 49 1196 1573 1596 2346 2423 2431 2446 2473 2481 2496 2498 
m879 14 40 46 2014 2046 2314 2346 4814 
m2484 14 46 2346 3246 4814 
m1298 
m1015 22 26 46 1122 1126 1146 1326 1346 2346 
m1241 14 22 46 714 746 1114 1146 2314 2346 3246 4814 
m1940 14 46 49 2314 2346 2464 2496 4814 4846 
m2514 22 23 30 38 46 1123 1130 1146 1180 1523 1530 1546 1922 1923 1930 1938 1946 2330 4823 
m949 27 36 46 49 1827 1846 1849 2327 2346 2477 2496 
m2123 13 46 2313 
m965 22 36 40 45 1122 1136 1140 1145 1836 1840 1845 2036 2040 2045 2286 2290 
m2551 22 26 44 46 1146 1322 1344 1346 2326 2344 2346 4846 
m3205 22 36 40 41 1136 1140 1141 1836 1840 2036 2086 2090 4586 
m1674 22 23 36 40 46 49 1172 1822 1836 1840 1846 2022 2023 2036 2040 2046 2049 2322 2323 2336 2340 2346 2349 2473 2486 2490 2496 3696 4323 4346 4823 4836 
m2020 23 36 41 46 1836 1841 1846 2073 2086 2323 2341 4323 4836 
m670 17 38 40 46 888 1917 1946 2017 2038 2046 2338 4817 
m208 28 46 1428 2328 2346 
m2341 22 23 30 46 1123 1130 1146 1180 1523 1530 1546 2322 2323 2330 2346 4823 
m2101 22 23 30 41 1122 1123 1130 1141 1172 1173 1180 1191 1522 1523 1530 2072 2073 2080 2091 3673 
m1282 13 22 30 680 1113 1122 1130 
m3109 34 45 2284 
m990 5 36 46 49 286 296 299 1849 2336 2346 2349 2486 2499 4836 4846 
m2235 26 46 1346 2346 
m3256 
m2059 36 4336 
m1061 22 23 30 1122 1123 1130 1173 1180 1522 1523 1530 
m1534 37 40 45 46 49 1895 1899 2037 2040 2045 2046 2340 2345 2346 2349 2495 4387 4396 4837 
m2785 26 37 46 1337 1346 2337 2346 4837 
m483 22 23 30 41 1123 1130 1141 1172 1173 1180 1191 1522 1523 1541 2072 2073 2080 2091 3673 
m3391 32 36 40 46 1832 2032 2036 2332 2336 2340 2346 4136 4336 4836 
m345 12 14 46 712 2314 2346 3146 3246 4812 
m1481 22 23 30 36 40 41 1122 1123 1130 1136 1140 1141 1173 1522 1523 1536 1822 1823 1830 1836 2022 2023 2030 2036 2072 2073 2080 2086 2090 2091 3673 4323 4586 
m121 22 30 36 40 41 49 1122 1130 1136 1140 1141 1536 1540 1822 1840 1841 2022 2036 2040 2041 2080 2086 2090 2472 2486 2490 
m3329 36 46 2336 2346 4836 4846 
m1374 22 37 46 49 1872 2322 2346 2487 2496 4396 4837 
m2100 28 36 1428 1436 1828 1836 3936 4328 
m2645 17 41 46 891 2067 2096 2341 4817 
m2765 14 20 38 46 49 720 1914 1946 1949 2320 2464 2470 2496 4814 
m1054 32 44 46 1632 1644 1646 2344 
m3193 36 46 4836 4846 
m942 13 23 30 46 696 1163 1173 1180 1196 1513 1523 1530 1546 2313 2323 2330 2346 3196 3663 3696 4823 
m1232 40 41 46 2046 2090 2096 2340 
m680 23 30 45 46 1195 1523 1545 1546 2323 2330 2345 2346 3696 4823 4846 
m3070 13 17 45 46 49 2263 2267 2295 2296 2313 2317 2349 2463 2467 3363 
m334 26 27 46 1327 1346 2327 2346 
m2646 22 30 36 37 41 1130 1136 1536 1537 1541 1886 2086 2087 
m2613 22 30 36 38 41 46 48 1122 1138 1141 1146 1830 1848 1930 1936 1941 1946 2080 2086 2088 2091 2096 2098 2330 2336 2348 2430 4336 
m2072 30 36 37 40 46 1536 1537 1540 1546 1837 1840 1846 1890 2037 2046 2340 4396 
m995 36 40 41 1836 1840 2036 2086 2090 2091 4586 
m1297 23 45 46 1195 2295 2345 2346 4823 
m2732 28 36 38 46 1828 1836 1928 1936 1938 1946 2328 2336 
m1316 14 38 46 1914 1946 4814 
m694 22 23 36 40 41 46 1122 1136 1140 1141 1186 1190 1191 1196 1823 1836 1840 1841 1846 2023 2036 2040 2041 2046 2072 2073 2086 2090 2091 2096 2336 2340 2341 3686 
m3001 36 40 41 46 1836 1841 1846 2036 2040 2041 2046 2336 2341 2346 4341 4346 4836 4846 
m1941 
m431 23 24 40 46 1190 1240 1246 2023 2024 2040 2046 2323 2324 2340 2346 3696 3723 
m909 12 36 38 41 46 641 1841 1912 1936 1938 1941 1946 2062 2086 2091 2096 2312 2336 2341 4312 
m1210 14 29 31 36 49 729 731 736 1579 1586 1814 1829 1831 1836 1849 2464 2479 2481 2486 3236 4086 4336 
m1301 13 20 22 32 36 40 670 686 690 1113 1120 1136 1140 1613 1620 1622 1636 1640 1820 2020 2036 2040 3186 4336 
m1233 30 36 46 49 1549 1830 1846 1849 2330 2336 2346 2349 
m1895 22 23 30 36 40 45 1123 1130 1136 1145 1523 1830 2022 2023 2030 2036 2045 2273 2280 2286 4323 
m1070 30 36 38 40 46 1830 1930 1936 1940 1946 2030 2036 2046 2330 2336 2340 2346 4836 
m3194 5 13 33 655 663 683 1655 1663 1683 4163 
m52 14 46 2314 2346 4814 
m1118 22 36 37 40 46 1122 1136 1137 1140 1146 1822 1837 1840 1846 1890 2022 2036 2037 2040 2046 2337 2340 2346 4346 4837 
m2404 22 23 30 46 1122 1123 1130 1146 1180 1523 1530 1546 2330 2346 4823 
m2406 23 26 30 46 1180 1323 1326 1330 1346 1523 1530 2330 2346 4823 
m2541 22 26 44 46 1146 1322 1344 1346 2326 2344 2346 4846 
m2167 23 30 40 46 49 1190 1199 1523 1530 1540 1546 1549 2330 2340 2346 2349 2490 2496 3696 4823 
m2088 14 714 
m2272 22 26 44 46 1122 1126 1144 1146 1346 2222 2226 2246 2322 2326 2344 2346 4846 
m1919 14 32 36 46 732 736 1832 2314 2332 4836 
m3303 6 14 32 314 332 732 
m2750 12 13 22 27 36 40 622 636 640 672 686 690 1112 1113 1122 1136 1140 1362 1363 1372 1386 1390 1822 2022 2036 3162 
m791 13 36 39 40 46 49 1813 1840 1846 1849 1963 1986 1990 1996 2013 2036 2040 2046 2049 2463 2496 4813 
m3310 38 46 1946 2346 
m2456 14 40 46 2014 2040 2046 2314 2346 4814 4846 
m1760 14 22 25 46 725 1114 1125 1146 2325 3246 
m2476 12 13 22 27 36 40 627 677 1112 1113 1122 1127 1136 1140 1812 1813 1827 1840 2012 2013 2027 3162 
m3336 13 38 1913 1938 
m1880 14 41 46 2064 2091 2096 2314 2346 4814 4846 
m3265 36 40 46 49 1836 1840 1846 1849 2036 2040 2046 2049 2336 2340 2346 2349 2486 2490 2496 4836 
m3278 
m304 26 36 46 1826 1846 2326 4336 4346 
m3399 22 23 36 37 40 1122 1123 1136 1137 1140 1172 1173 1823 1837 1840 1872 1873 2023 2036 2037 2040 3673 
m1269 22 23 30 36 38 40 41 1123 1136 1140 1141 1172 1173 1180 1186 1188 1190 1191 1830 1922 1923 1936 1940 1941 2022 2023 2030 2036 2038 2040 2041 2073 2080 2086 2090 3673 4323 
m305 5 36 38 46 49 255 286 288 296 299 1805 1836 1838 1846 1849 1905 1936 1946 2346 2349 2486 2499 4836 
m371 37 40 46 1890 2037 2040 2046 2337 2340 2346 4396 
m562 13 22 40 45 46 1122 1140 1145 1146 2013 2040 2046 2272 2290 2296 2313 2346 3196 
m1463 22 26 44 45 46 1144 1145 1146 1322 1344 1345 1346 2294 2296 2344 2346 
m947 6 36 40 43 336 340 1806 1836 1840 1843 2006 2036 2043 2186 2190 2843 
m729 23 41 46 2073 2323 2341 3673 
m1721 13 25 38 46 675 1913 1925 1946 2313 2325 
m818 23 30 36 40 41 1173 1180 1186 1190 1523 1536 1540 1823 1830 1840 2023 2036 2073 2086 3673 4336 
m2734 22 23 36 40 1123 1136 1173 1186 1190 1836 1840 2036 3673 3686 
m2053 5 14 22 23 32 36 37 41 264 282 286 722 737 741 1105 1114 1123 1136 1141 1155 1182 1186 1614 1637 1814 1837 1872 1882 1886 1887 1891 2087 3664 4136 4332 
m2156 21 22 46 1121 1146 2321 4846 
m1077 13 22 32 36 37 40 672 686 690 1113 1122 1136 1137 1140 1613 1622 1636 1637 1822 1872 1886 1890 2022 2036 3187 
m1192 12 41 46 2062 2091 2096 2312 2346 4812 
m1371 13 33 46 1696 2313 4163 
m3189 20 48 2420 
m1458 23 30 36 40 41 1173 1523 1536 1540 1823 1830 1836 1840 2023 2030 2036 2040 2073 2080 2086 2090 3673 4323 4586 
m2449 36 38 40 46 49 1836 1838 1840 1846 1849 1938 2036 2038 2040 2046 2049 2336 2338 2340 2346 2349 2486 2488 4336 4346 4836 
m450 22 36 37 40 41 1137 1140 1822 1836 1840 1841 2022 2036 2037 2040 2041 2072 2086 2090 2091 4586 
m2150 3 
m1531 14 23 38 46 49 1196 1914 1923 1946 1949 2464 2473 2496 3664 4814 
m2240 14 46 49 2314 2346 2464 2496 4814 
m1673 22 23 30 36 40 46 1122 1123 1130 1136 1140 1146 1172 1173 1522 1523 1530 1540 1546 1822 1823 1830 1840 1846 2022 2023 2030 2036 2040 2046 2322 2323 2330 2340 2346 3696 4823 
m91 32 36 46 49 1632 1636 1649 1849 2332 2336 2349 
m1893 22 23 30 36 1172 1180 1522 1822 1823 1830 
m645 22 32 46 49 1122 1132 1146 1622 1646 1649 2322 2332 2346 2349 2472 2482 2496 4846 
m340 33 44 49 1694 1699 2494 
m1505 22 23 36 40 41 46 49 1136 1140 1146 1172 1186 1190 1196 1199 1822 1823 1836 1840 1846 1849 2022 2023 2036 2040 2046 2049 2072 2073 2086 2099 2322 2323 2336 2340 2341 2346 2349 2472 2473 2486 2490 2496 3686 4323 4336 4836 
m543 22 23 46 1123 1146 1196 
m2902 22 30 36 41 45 1130 1536 1541 2272 2280 4586 
m2333 22 37 39 46 1122 1137 1139 1146 2337 2339 2346 4487 4837 4839 
m1507 37 41 46 49 1891 2337 2341 2346 2349 2487 2491 2496 4396 
m2839 22 23 30 46 1122 1123 1130 1146 1180 1523 1530 1546 2330 4823 
m1323 22 36 40 46 1136 1140 1146 1840 2336 2340 4336 4836 
m3458 21 36 40 46 1090 1096 1840 1846 2321 2336 2340 2346 4321 
m920 14 36 714 3236 
m3250 29 36 49 1829 1836 2479 2486 4336 
m736 22 23 30 1122 1123 1130 1180 1522 1523 1530 
m3183 6 14 32 314 332 732 
m969 14 16 23 46 716 723 746 2316 3323 4823 
m357 14 22 46 722 1114 1146 2322 3246 
m3350 5 22 23 24 40 46 273 274 290 1123 1146 1190 1222 1240 1246 2022 2023 2024 2046 2340 3696 3723 
m3185 22 23 36 40 41 1122 1140 1141 1173 1186 1190 1823 1836 2022 2023 2036 2040 2041 2073 2086 2090 2091 3686 4323 
m3095 5 13 22 263 272 1105 1113 1122 
m216 30 38 40 45 46 1930 2030 2038 2045 2046 2280 2288 2296 2330 2338 
m343 14 22 40 45 46 722 2014 2045 2046 2264 2272 2296 2314 2322 2340 2345 2346 4814 
m235 22 46 1122 1146 2322 2346 
m2455 5 22 32 36 46 49 286 299 1605 1622 1636 1646 1649 1805 1822 1846 1849 2305 2322 2332 2336 2346 2349 2472 2486 2499 4136 4336 4836 
m384 14 38 46 49 1914 1946 2314 2464 2488 2496 
m1523 22 30 36 1522 1536 1822 
m2426 22 23 36 37 40 41 1123 1137 1173 1186 1187 1190 1823 1873 1886 1890 2023 2036 2072 2073 2086 2087 3673 4323 
m162 32 36 38 40 46 1636 1638 1640 1646 1836 1838 1840 1846 2036 2046 2332 2336 2338 2340 2346 4136 4336 4346 
m2149 33 38 41 46 1691 1933 1941 1946 2341 4833 
m261 14 34 36 40 46 1714 1734 1736 1740 1746 1814 1836 1840 1846 2014 2036 2040 2046 2314 2346 4346 4814 4846 
m991 22 30 38 1130 1922 1930 1938 
m1625 22 23 46 49 1122 1123 1146 1149 1196 1199 2322 2323 2346 2349 4846 
m129 22 23 30 41 46 1122 1123 1130 1141 1146 1172 1173 1180 1191 1196 1522 1523 1530 1541 1546 2072 2073 2080 2322 2323 2330 2341 2346 3673 3696 4823 
m1544 22 23 30 41 1123 1141 1172 1173 1191 1522 1523 1541 2072 2073 2080 2091 3673 
m2192 30 36 40 41 1536 1540 1541 1836 1840 1841 2036 2041 2091 4586 
m1905 22 38 46 49 1122 1146 1149 1922 1938 1946 1949 2322 2346 2349 4846 
m2323 
m3232 12 26 40 46 626 2012 2026 2046 2312 2326 2340 2346 4812 
m1143 26 32 36 46 1332 1336 1346 1832 2332 2336 2346 4836 
m605 22 23 1123 
m619 36 46 49 2486 2496 4836 4846 
m532 22 23 36 41 1123 1136 1141 1172 1173 1822 1823 2072 2073 3673 4586 
m3047 13 38 1913 1938 
m575 22 23 36 40 1122 1123 1136 1140 1173 1822 1823 1840 2022 2023 3673 
m2818 23 30 36 41 1523 1823 1830 2073 2080 3673 4323 4586 
m2302 22 30 40 46 1130 1140 1146 2022 2030 2040 2046 2322 2330 2340 2346 
m3374 46 2346 
m1575 36 37 49 1836 1837 1849 2486 2487 2499 
m1358 23 33 44 49 1183 1194 1199 1694 1699 2494 
m526 22 46 49 1122 1146 1149 2349 2472 2496 
m2153 12 14 46 712 2314 2346 3146 3246 4812 
m228 14 22 40 46 714 722 740 746 1114 1140 1146 2014 2046 2314 2340 2346 3246 4814 
m2345 6 14 36 46 49 314 706 714 736 746 749 1806 1814 1846 2306 2456 2464 2486 2496 4814 
m3074 13 22 37 672 1872 4363 
m604 23 45 2273 
m2434 13 36 38 40 1813 1913 1936 1940 2013 2036 
m1969 26 41 46 1341 1346 2096 
m918 23 38 45 46 1196 1923 1945 1946 2273 2296 2323 2346 3696 4823 
m491 32 36 46 1832 2332 2336 2346 4836 
m1922 22 23 36 40 1123 1136 1140 1173 1186 1190 1823 1840 2023 2036 3673 4323 4336 
m1915 5 13 22 33 36 40 263 272 283 286 290 672 686 690 1122 1136 1140 1672 1686 1690 1822 2022 2036 3183 
m1956 5 23 38 45 46 1155 1945 1946 2255 2273 2305 2323 2345 2346 4823 
m641 23 28 38 1178 1188 1928 1938 
m2694 22 23 45 1123 1173 1195 3673 
m658 22 23 30 36 40 41 46 1122 1123 1130 1136 1140 1141 1146 1172 1173 1180 1186 1190 1191 1523 1536 1540 1541 1841 2023 2036 2041 2072 2073 2080 2086 2090 2091 2096 2322 2323 2330 2341 3673 4323 
m479 37 46 2337 
m4 22 23 30 46 1122 1123 1130 1146 1180 1523 1530 1546 2330 4823 
m1541 22 30 36 40 41 1136 1141 1536 1540 1541 1822 1836 1840 1841 2022 2036 2040 2041 2086 4336 4586 
m973 22 23 36 40 41 1122 1123 1136 1140 1141 1173 1823 1836 1840 1841 2023 2036 2040 2041 2072 2073 2086 2090 2091 3686 4323 
m89 36 40 46 1840 2036 2040 2336 2340 
m782 37 46 1896 2346 4837 
m2310 23 36 40 46 49 1190 1823 1840 1846 1849 2323 2340 2349 2473 
m1461 22 46 1122 1146 2322 2346 4846 
m979 22 37 1122 1137 
m1773 32 33 36 1632 1633 1636 1683 1686 1833 1836 4136 4186 4333 4336 
m714 22 23 30 36 40 41 1122 1123 1130 1136 1140 1141 1172 1173 1180 1186 1190 1523 1822 1823 1830 1836 2023 2030 2036 2072 2073 3673 4323 4586 
m2976 14 33 46 1664 1696 2314 2346 4196 4814 
m923 32 37 1632 1637 1882 
m1050 23 36 40 41 1173 1186 1190 1823 1840 2023 2036 2040 2073 2086 2090 3673 
m1603 22 23 36 40 41 1122 1123 1136 1140 1141 1172 1173 1822 1823 1836 1840 1841 2022 2023 2036 2040 2041 2072 2073 2086 2090 3673 4586 
m3355 22 23 37 41 1122 1123 1137 1141 1172 1173 1872 1873 2072 2073 2087 3673 
m662 17 22 38 46 888 1117 1138 2322 2338 4817 
m1529 22 23 36 40 41 46 1123 1136 1141 1146 1191 1822 1823 1836 1841 1846 2022 2023 2036 2040 2041 2046 2323 2336 2341 2346 3686 4341 4346 4823 
m3040 12 41 46 641 2062 2091 2096 2312 2341 2346 
m485 22 1122 
m1899 26 39 40 46 1339 1340 1346 1990 2339 2340 4496 4846 
m1597 22 36 40 41 1136 1141 1836 1840 1841 2036 2041 2072 2086 2090 2091 4586 
m2755 32 46 1646 
m2483 23 30 38 1188 1523 1538 1923 1930 1938 
m143 13 22 41 691 1113 1122 1141 
m165 23 30 46 1180 1523 1530 1546 2330 4823 
m8 37 
m302 
m1157 22 23 30 36 40 1122 1123 1130 1136 1140 1172 1173 1180 1186 1190 1522 1523 1536 1540 1822 2022 2023 2036 3673 3686 4323 4336 
m860 32 36 40 46 2032 2036 2040 2046 2332 4332 4836 
m897 12 13 22 32 36 40 622 636 640 672 686 690 1112 1113 1122 1136 1140 1612 1613 1622 1636 1640 1822 2022 2036 3162 
m866 22 23 30 36 40 41 1122 1123 1136 1140 1141 1172 1173 1186 1190 1191 1522 1523 1536 1541 1840 1841 2023 2036 2041 2072 2073 2086 2090 2091 3673 3686 4323 4336 4586 
m697 22 36 37 46 49 1822 1837 1846 1849 1872 2322 2346 2487 2496 4396 4837 
m1364 22 23 30 1122 1123 1130 1522 1523 
m1344 22 37 40 46 1872 2022 2037 2040 2046 2322 2337 2340 2346 4396 
m3440 21 36 38 45 1095 1845 1921 1936 1945 3586 
m1000 13 16 22 36 40 672 686 690 822 836 840 1113 1116 1122 1136 1140 1822 2022 2036 3166 
m2092 22 40 44 46 1146 2022 2044 2046 2344 2346 4846 
m2525 22 23 38 46 1172 1922 1923 1938 1946 2322 2323 2346 
m29 38 46 1938 1946 2346 
m1873 13 22 32 36 38 40 672 686 690 1113 1136 1140 1613 1622 1636 1640 1822 1913 1922 1932 1936 1940 2022 2036 2040 3186 4336 
m1467 36 41 2086 
m986 3 14 46 703 2314 2346 2696 3246 4803 
m861 23 26 34 36 46 1176 1184 1186 1196 1726 1746 1826 1846 2326 4334 
m1583 22 23 30 36 39 40 41 1123 1136 1140 1172 1173 1186 1190 1191 1523 1536 1539 1541 1823 1972 1973 1986 1991 2023 2036 2072 2073 2086 2090 3673 4323 4336 4586 
m1868 14 22 36 40 41 46 714 722 736 741 1822 1836 1841 2014 2036 2046 2072 2314 2322 2336 2341 3236 4314 4586 4814 
m2402 46 2346 
m570 23 35 46 1773 2335 2346 4823 
m1948 11 13 22 33 36 40 563 572 583 586 590 672 686 690 1113 1122 1133 1136 1140 1672 1686 1690 1822 2022 2036 3183 
m3441 36 46 2336 
m538 22 23 41 46 1123 1141 1146 1173 1191 1196 2073 2323 2341 3673 4823 
m110 6 36 40 42 46 49 2006 2036 2042 2046 2049 2306 2336 2342 2349 2456 2486 2492 4306 4342 4606 
m1628 36 37 40 46 1840 1886 1890 2036 2037 2046 2340 4346 4396 
m1139 38 44 45 46 49 1938 1946 2238 2246 2249 2288 2294 2296 2299 2338 2344 2346 2349 
m2777 22 30 36 40 41 49 1136 1140 1536 1541 1549 1830 1836 1840 1841 1849 2030 2036 2040 2041 2049 2072 2086 2090 2091 2099 2472 2486 
m2974 22 26 32 46 1126 1132 1146 1332 1346 1646 2326 2332 2346 
m3369 32 36 38 46 1832 1932 1936 1938 1946 2332 2336 2346 4836 
m795 22 27 46 1146 1372 1377 1396 
m719 23 45 1195 
m2851 38 41 46 1938 1941 1946 2341 2346 
m1365 26 32 36 46 1326 1332 1336 1346 1832 2332 2336 2346 4836 
m612 46 2346 
m1883 22 30 36 38 46 49 1522 1536 1538 1546 1549 1822 1922 1930 1936 1938 1946 1949 2322 2330 2336 2338 2346 2349 2472 2486 2496 
m3138 37 46 49 1899 2337 2346 2349 4396 4837 4846 
m400 22 23 36 41 1123 1822 1823 2072 2073 3673 4323 4586 
m1728 23 30 46 1173 1180 1196 1523 1530 1546 2323 2330 2346 3696 4823 
m1265 30 46 2330 
m2191 14 36 46 714 3236 3246 4814 4836 
m454 22 36 38 40 41 46 1136 1141 1836 1840 1841 1936 1940 1941 1946 2022 2036 2038 2040 2041 2046 2086 2090 2091 2322 2336 2341 4586 
m3069 23 30 36 40 46 1180 1523 1530 1830 2023 2030 2036 2046 2330 4323 4346 4823 
m3463 22 23 30 36 37 40 46 49 1122 1123 1130 1136 1137 1140 1146 1149 1180 1523 1530 1546 1822 1823 1830 1836 1837 1840 1846 1872 1873 1880 1886 1890 1896 2022 2023 2030 2036 2037 2040 2046 2330 2346 2472 2473 2480 2486 2487 2490 2496 4396 4823 
m3341 32 36 38 40 46 1832 1932 1936 1946 2032 2036 2038 2046 2332 2336 2346 4836 
m34 22 23 30 36 40 46 49 1122 1123 1130 1136 1140 1146 1149 1172 1173 1180 1186 1190 1199 1522 1523 1530 1536 1540 1546 1549 1823 1840 2022 2023 2030 2036 2040 2046 2322 2330 2336 2340 2346 2349 2472 2473 2480 2486 2490 2496 3696 4823 
m1559 16 22 23 46 822 846 1122 1146 1172 2322 3323 3696 
m2910 23 30 36 38 40 46 1180 1186 1190 1523 1530 1536 1540 1546 1830 1923 1930 1936 1940 1946 2023 2030 2036 2038 2040 2046 2323 2330 2340 4836 
m1285 14 46 2314 2346 4814 
m1375 6 306 
m1357 14 38 1914 
m881 14 37 46 2314 2337 2346 4364 4814 
m1682 22 23 37 1122 1123 1172 1173 1872 1873 3673 
m3119 23 36 3686 
m224 23 30 36 40 41 49 1190 1523 1530 1540 1541 1823 1830 1836 1840 1841 1849 2073 2080 2090 2473 2480 2486 2490 2491 2499 
m1718 26 38 41 1326 1338 1341 1926 1941 2076 2088 4591 
m2636 33 36 38 46 49 1683 1686 1688 1696 1699 1833 1846 1933 1936 1946 1949 2333 2336 2338 2346 2349 2483 2486 2496 4833 
m3121 30 36 40 45 46 49 1545 1549 1830 1845 1849 2030 2036 2045 2046 2330 2336 2345 2349 2495 
m2357 36 37 46 1837 2336 2337 4336 4337 
m1852 13 22 33 36 40 672 1113 1122 1133 1136 1140 1672 1813 1822 1833 1840 2013 2022 2033 4163 
m1320 37 46 49 1899 2346 2349 2496 4396 4837 
m1847 23 30 40 46 1180 1523 1530 1546 2023 2030 2046 2323 2330 
m3269 26 40 46 2026 2040 2046 2326 
m1952 23 41 1191 2073 3673 
m1264 36 
m3314 22 37 46 49 1137 1146 1899 2346 2349 2496 4396 4837 
m2049 27 1377 
m372 22 37 40 46 1137 1140 1146 1890 2022 2037 2046 2322 2337 2340 2346 4396 
m1913 8 408 
m880 14 38 46 1914 1946 2314 2346 4814 
m3332 22 46 1146 2322 2346 
m2097 37 39 46 1889 4396 4839 
m1900 23 30 40 46 1190 1196 1523 1530 1540 1546 2040 2046 2340 
m504 23 24 40 46 1190 1240 1246 2023 2024 2040 2046 2340 3696 3723 
m2873 23 32 39 49 1173 1639 1973 2482 2489 3673 
m1833 36 49 1836 1849 2486 2499 
m3247 16 36 3336 
m3292 36 40 46 1840 1846 2036 2040 2046 2346 4346 
m557 41 46 2341 2346 
m831 23 36 40 46 49 1190 1823 1836 1840 1846 1849 2023 2036 2040 2046 2336 2340 2346 2349 2473 2486 2490 4323 4346 4823 4836 
m1001 40 45 46 2045 2046 2296 2346 4846 
m3163 11 38 46 588 596 1911 1938 1946 2338 
m3065 28 36 1828 1836 
m2064 37 49 1899 2487 2499 
m1032 30 38 1930 1938 
m33 22 32 36 40 46 49 1136 1140 1146 1149 1640 1646 1832 1836 1840 1846 2032 2036 2040 2046 2049 2332 2336 2340 2346 2349 2486 2490 2496 4136 4346 
m1809 8 32 37 46 49 408 437 446 449 1882 1896 2332 2346 2482 2487 2496 4396 
m584 22 23 30 36 38 41 1122 1123 1130 1136 1138 1172 1173 1522 1523 1822 1823 1830 1838 1922 1923 1930 2072 2073 2080 2088 3673 4586 
m1907 22 36 40 41 46 49 1136 1140 1146 1149 1822 1840 1846 1849 2022 2046 2072 2086 2090 2096 2322 2336 2340 2346 2349 2490 2496 4336 
m1315 23 30 36 40 49 1180 1199 1549 1823 1830 1836 1840 1849 2023 2030 2036 2040 2049 2473 2480 2486 2490 
m2028 38 41 46 49 1938 1946 1949 2088 2096 2099 2341 2346 2349 
m1832 22 23 30 41 46 1122 1141 1146 1191 1523 1530 1541 1546 2073 2080 2091 2096 2322 2323 2330 2341 2346 
m722 10 37 46 537 546 4396 
m1588 23 30 36 39 40 41 1173 1180 1186 1190 1191 1523 1823 1830 1836 1973 1986 1990 1991 2023 2030 2036 2041 2073 2080 2086 2091 3673 3686 4323 4586 
m3124 12 14 22 45 46 645 712 745 1112 1114 1146 2314 2345 2346 3146 3246 4812 
m1814 22 40 45 46 49 1145 2046 2272 2295 2322 2345 2346 2490 2496 
m1128 13 33 46 2313 2333 2346 4163 4813 4833 
m3365 22 38 46 1122 1138 1146 1922 1938 1946 2322 2338 2346 
m2236 32 36 38 40 46 49 1632 1636 1649 1849 1932 1936 1946 1949 2032 2036 2038 2046 2332 2336 2338 2340 2346 2349 
m3052 8 408 
m3 22 23 30 46 1122 1123 1130 1146 1180 1522 1523 1530 1546 2323 2330 
m972 36 38 41 46 1841 1936 1941 1946 2086 2091 2336 2341 
m1594 36 40 41 1836 1840 1841 2036 2041 2086 2091 4336 4586 
m1863 14 22 36 45 46 714 746 1114 1122 1136 1145 1146 1846 2264 2286 2296 3236 3246 4314 
m50 22 37 46 1122 1137 1146 2322 2337 2346 4837 
m1807 22 23 30 32 36 40 46 1122 1123 1130 1132 1136 1140 1146 1172 1173 1522 1523 1530 1546 1622 1623 1630 1640 1646 1822 1823 1830 1832 1840 1846 2022 2023 2030 2032 2036 2040 2046 2322 2323 2330 2332 2336 2340 2346 3696 4823 
m1522 22 37 45 46 1122 1137 1145 1146 1872 2272 2287 2296 2322 4837 
m1071 14 22 36 40 722 736 740 1114 1122 1136 1140 1822 2022 2036 
m730 14 26 46 714 726 746 1314 1326 1346 2314 2326 2346 4814 
m1469 23 30 36 40 41 1173 1180 1186 1190 1523 1530 1536 1540 1823 1830 1836 1840 2023 2030 2036 2040 2073 2080 2086 2090 3673 4323 
m2254 5 13 22 26 33 36 40 263 272 283 286 290 672 686 690 1113 1122 1133 1136 1140 1305 1313 1322 1333 1336 1340 1655 1663 1672 1683 1686 1690 1822 2022 2036 3183 
m1701 4 26 38 226 238 1304 1326 1338 1904 1926 2704 
m2953 23 30 38 46 1188 1523 1530 1538 1546 1923 1930 1938 1946 2330 2338 2346 3696 4823 
m3053 11 13 33 661 1661 4163 
m41 22 26 33 36 49 1322 1333 1349 1672 1822 1826 1833 1849 2472 2483 
m1255 36 46 49 1849 2346 2349 2486 2499 4836 
m3317 14 36 46 49 736 746 749 1849 2336 2346 2349 4814 4836 
m1208 20 22 36 41 1022 1120 1122 1136 1141 1820 1822 2070 2072 4586 
m1415 13 16 22 36 40 672 686 690 822 836 840 1113 1116 1122 1136 1140 1822 2022 2036 3166 
m2539 26 32 36 46 1332 1336 1346 1832 2332 2336 2346 4836 
m2878 23 24 40 46 1190 1240 1246 2023 2024 2040 2046 2340 3696 3723 
m1826 30 38 39 40 46 49 1930 1938 1939 1946 1980 2030 2038 2039 2046 2330 2339 2346 2488 2490 2496 4839 
m2993 22 37 45 46 49 1122 1137 1145 1146 1895 2322 2345 2346 2472 2487 2495 2496 4396 4837 
m978 5 36 40 46 286 290 296 2036 2046 2305 2340 2346 4346 4836 
m495 5 36 38 46 49 286 296 299 1849 1905 1936 1946 2346 2349 4836 
m3398 36 37 40 46 1840 1886 1890 1896 2036 2037 2040 2046 2336 2337 2340 2346 4346 4387 4396 4837 
m975 22 36 46 1136 1146 1846 2322 2336 4846 
m1362 32 36 46 49 1636 1646 1849 2332 2336 2346 2349 4136 4336 4836 
m1008 23 30 46 1180 2323 2330 2346 
m2915 5 32 36 38 45 46 49 282 286 288 295 296 1632 1638 1645 1646 1838 1845 1846 1932 1936 1945 1946 2295 2332 2338 2345 2346 2455 2482 2486 2488 2496 4136 4332 4836 
m1029 46 2346 
m177 22 23 36 40 41 1122 1123 1136 1140 1141 1172 1173 1822 1823 1836 1840 1841 2022 2023 2036 2040 2041 2072 2073 3673 4586 
m22 22 23 36 40 45 1122 1123 1136 1140 1145 1173 1822 1823 1836 1840 1845 2022 2023 2036 2040 2045 2273 3673 
m3213 23 30 38 46 1173 1180 1188 1523 1530 1538 1923 1930 1938 2323 2330 2338 2346 3673 4823 
m2387 22 1122 
m1420 21 22 30 36 40 41 46 1072 1096 1121 1122 1130 1136 1140 1141 1146 1521 1522 1536 1546 1821 1822 1846 2021 2022 2030 2036 2040 2046 2072 2090 2096 2321 2322 2340 4346 4846 
m1318 41 46 2091 2096 2341 
m1753 22 23 24 38 40 46 1123 1146 1190 1222 1240 1246 1923 1924 1938 1940 1946 2022 2023 2024 2040 2046 2340 3696 3723 
m2277 21 46 2321 2346 4846 
m3322 46 2346 
m1795 22 33 41 1122 1141 1672 1683 1691 
m858 32 33 36 1632 1633 1636 1683 1686 1833 1836 4136 4186 4333 4336 
m3012 12 14 46 712 2314 2346 3146 3246 4812 
m2467 22 23 36 41 1122 1123 1136 1141 1191 1841 2073 2091 4323 4586 
m1811 38 41 1938 1941 2088 2091 
m1187 22 23 30 36 40 46 1122 1123 1130 1136 1140 1146 1172 1173 1522 1523 1530 1540 1546 1822 1823 1830 1840 1846 2022 2023 2030 2036 2040 2046 2322 2323 2330 2336 2340 2346 3696 4823 
m3043 13 38 1913 1938 
m1775 36 46 49 1846 1849 2346 2349 2496 4836 
m1928 22 23 45 1123 1145 1172 1173 2272 2273 3673 
m3035 22 23 30 1122 1123 1130 1173 1180 1523 3673 
m1166 22 23 36 38 41 1122 1123 1136 1138 1141 1922 1923 1936 1938 1941 2073 3686 4586 
m186 22 23 30 36 1123 1130 1136 1172 1180 1522 1822 1823 1830 
m2050 23 30 36 41 1523 1536 1823 2073 2080 3673 4323 4586 
m2937 22 23 36 46 1122 1123 1136 1146 1173 1822 1823 1846 2323 3673 4823 
m2770 26 40 46 2026 2046 2326 
m2935 12 13 20 22 36 40 622 636 640 670 672 686 690 1012 1022 1036 1040 1822 1840 2022 2036 3162 3536 4336 
m3296 22 23 24 40 46 1122 1123 1124 1146 1190 1222 1240 1246 2022 2023 2024 2046 2340 3696 3723 
m1925 22 23 36 40 46 49 1123 1136 1146 1199 1822 1823 1836 1840 1846 1849 2022 2023 2036 2040 2046 2049 2323 2336 2346 2349 3686 4346 4823 4836 
m3335 36 41 1836 1841 2086 2091 4586 
m874 12 45 46 645 2345 4812 
m3480 13 33 38 1913 1933 1938 4163 
m1160 46 
m910 12 36 38 41 46 641 1841 1912 1936 1938 1941 1946 2062 2086 2091 2096 2312 2336 2341 4312 
m3196 3 30 38 46 180 188 196 1903 1930 1938 1946 2330 
m1110 14 23 30 730 1180 1523 1530 3223 
m1309 36 41 46 2096 2336 2341 2346 4586 4836 4846 
m1381 46 2346 
m1848 13 20 22 33 36 38 40 688 1013 1022 1033 1036 1038 1040 1113 1133 1136 1138 1140 1688 1813 1822 1833 1838 1840 2013 2033 2036 2038 3183 3536 4336 
m2301 22 36 40 46 1122 1136 1140 1146 1840 1846 2022 2036 2040 2046 2322 2340 2346 4836 
m2179 22 23 30 36 40 45 46 1123 1130 1136 1140 1146 1180 1523 1530 1536 1546 1830 2023 2030 2036 2046 2272 2273 2280 2286 2290 2296 2330 2336 4323 4823 
m319 22 23 30 36 40 41 1122 1123 1130 1136 1140 1173 1522 1523 1536 1822 1823 1830 1836 2022 2023 2030 2036 2072 2073 2080 2086 2090 2091 3673 4323 4586 
m1019 23 30 36 40 1180 1523 1530 1536 1540 1830 2023 2030 2036 2040 4323 
m150 22 23 36 41 1123 1136 1141 1186 1823 2072 2073 2086 2091 3673 4586 
m3198 14 44 46 49 744 746 2344 2464 2494 2496 
m3438 14 44 46 49 744 746 2344 2464 2494 2496 
m471 12 30 38 40 46 630 1912 1930 1946 2012 2030 2038 2040 2046 2312 2330 2346 4812 
m1732 32 46 2332 
m276 22 36 37 40 46 1136 1137 1140 1146 1837 1840 1846 1890 2022 2036 2037 2040 2046 2336 2340 2346 4336 4346 4396 4837 
m2227 22 23 36 37 40 1122 1123 1136 1137 1140 1172 1173 1822 1823 1836 1837 1840 1872 1873 1886 1890 2022 2023 2036 2037 2040 3673 
m437 12 13 22 27 36 40 622 636 640 672 686 690 1112 1113 1122 1136 1140 1362 1363 1372 1386 1390 1822 2022 2036 3162 
m2446 26 38 46 1926 1946 2326 
m2787 36 37 40 41 46 1841 1846 1886 2036 2037 2046 2086 2087 2090 2096 2336 2337 2340 2341 2346 4346 4396 4836 
m3462 16 22 36 40 822 836 840 1116 1122 1136 1140 1822 2022 2036 
m2817 23 30 36 41 1523 1823 1830 2073 2080 3673 4323 4586 
m1679 5 37 45 46 1855 1895 2255 2305 2337 2345 2346 4837 4846 
m84 8 23 30 38 46 423 430 1173 1180 1508 1523 1908 1923 1930 1946 2308 2323 2330 3673 
m3036 22 36 40 41 46 1136 1141 1146 2022 2036 2041 2046 2086 2096 2336 
m3386 22 23 36 40 41 1122 1123 1136 1140 1141 1172 1173 1822 1823 1836 1840 1841 2022 2023 2036 2040 2041 2072 2073 2086 2090 3673 4586 
m2119 22 36 40 41 1122 1136 1140 1141 1822 1836 1840 1841 2022 2036 2040 2041 2072 2086 2090 
m2378 5 13 22 26 33 36 40 655 1113 1122 1126 1133 1136 1140 1305 1313 1333 1655 1663 1683 1805 1813 1826 1833 1840 2005 2013 2026 2033 4163 
m99 26 41 46 1341 1346 2341 
m391 23 30 36 40 46 1186 1190 1523 1530 1536 1540 1546 1823 1830 1836 1846 2023 2030 2036 2046 2330 2336 2340 2346 3696 4823 
m156 30 36 40 46 1830 2030 2036 2046 2330 2336 2340 2346 4836 
m1551 14 36 40 46 740 1814 1836 1840 1846 2014 2036 2040 2046 2314 2340 2346 3246 4314 4346 4836 
m2273 40 46 2040 2046 2346 
m2238 36 37 40 46 1837 1846 2036 2037 2040 2046 2337 2346 4346 4837 
m810 10 36 41 46 536 541 546 1836 1841 2336 2341 4586 4836 
m2717 26 38 46 1926 1938 1946 2326 
m998 14 46 2346 4814 
m3491 12 46 2346 4812 
m83 
m217 22 38 1122 1922 1938 
m743 22 44 46 1122 1144 1146 2322 2344 2346 4846 
m1688 14 33 37 46 737 746 2333 3233 4383 4837 
m398 22 30 38 46 1122 1130 1146 1922 1930 1938 1946 2330 2346 
m198 14 40 46 2014 2040 2046 2314 2346 4814 4846 
m1819 22 36 40 46 1122 1136 1140 1146 1836 1840 2022 2036 2040 2046 2322 2336 2340 2346 4836 
m2271 23 31 45 46 49 1195 1196 1573 1595 1596 2295 2323 2345 2346 2473 2481 2496 
m294 44 46 2244 2246 2344 2346 4846 
m3319 5 32 46 1605 2305 2332 2346 4846 
m409 22 37 46 49 1122 1137 1146 1899 2346 2349 2496 4396 4837 
m560 41 46 2341 
m3045 14 46 49 2314 2346 2464 2496 4814 
m1512 12 13 22 36 40 622 636 640 672 686 690 1112 1113 1122 1136 1140 1822 2022 2036 3162 
m1706 22 46 1122 1146 2322 2346 
m3008 38 46 1938 1946 2346 
m2441 22 23 36 40 46 1122 1123 1136 1140 1146 1172 1186 1190 1196 1822 1836 2022 2036 2040 2046 2322 3686 4346 
m1300 5 15 38 40 46 755 1905 1915 1938 1940 1946 2005 2015 2038 2040 2046 2305 2315 2346 4815 
m2401 22 36 40 46 1136 1140 1146 1846 2022 2036 2040 2046 4336 4346 
m183 22 23 30 46 1122 1123 1130 1146 1196 1523 1546 2346 
m3104 13 38 1913 1938 
m1638 22 36 40 1122 1136 1140 2036 
m2800 13 22 25 46 1113 1125 1146 1263 1296 2313 
m572 22 44 46 1146 2222 2244 2246 2322 2344 2346 4846 
m1433 22 30 40 46 1122 1130 1140 1146 2030 2046 2322 2330 2340 2346 
m2614 22 23 36 37 40 41 1122 1123 1136 1137 1140 1141 1823 1836 1873 1886 1890 2023 2036 2073 2086 2087 2090 3673 4323 4373 4586 
m983 5 13 22 33 36 40 263 272 283 286 290 672 686 690 1113 1122 1133 1136 1140 1672 1686 1690 1822 2022 2036 2040 3183 
m2931 38 41 46 1938 1941 1946 2341 
m2343 22 23 30 40 46 1122 1123 1130 1140 1146 1172 1173 1180 1190 1196 1522 1523 1530 1540 1546 2023 2046 2323 3673 3696 4823 4846 
m2838 22 45 1145 2272 2295 
m3283 22 37 46 1122 1137 1146 1872 2322 2337 2346 4837 
m170 15 23 30 40 46 773 1515 1523 1530 1546 2015 2023 2030 2046 2315 4823 
