m727 36 45 46 1845 2336 2345 
m2695 14 38 738 
m1294 40 46 2046 2346 
m2779 22 37 40 46 1872 2037 2046 2322 2337 2346 4837 
m1050 46 
m833 12 45 645 2295 
m1011 37 38 40 46 1890 1937 1938 1946 2340 4837 
m1086 8 36 46 1808 2308 2336 2346 4836 
m1189 5 13 22 45 46 655 1113 1145 1146 2255 2263 2296 2305 2313 
m2069 22 44 46 1146 2344 2346 4846 
m297 32 37 46 1882 2332 2337 
m1552 16 45 46 845 2345 4816 
m298 13 22 45 695 1113 2263 2272 2295 
m679 22 36 37 40 1122 1136 1137 1140 1822 1872 1886 1890 2022 2036 
m111 23 26 32 46 1182 1323 1332 1346 2323 2332 
m2558 13 23 49 673 1163 1173 1199 2463 2473 2499 3163 
m2629 22 23 30 46 1122 1123 1130 1146 1180 1523 1530 1546 2330 2346 4823 
m144 14 23 30 38 730 1180 1514 1523 1530 1538 1914 1923 1930 1938 3223 
m1258 5 32 36 46 49 282 286 296 299 1649 1832 1849 2332 2336 2349 2486 4136 4336 
m2250 46 2346 
m1672 
m2426 8 37 46 408 437 446 1858 2308 4396 
m2603 14 45 2264 
m484 13 38 663 1913 1938 
m2132 14 36 49 1814 1849 2464 
m1909 33 45 1695 2283 2295 
m854 13 36 38 46 49 663 686 688 696 699 1813 1836 1838 1846 1849 1913 1936 1946 1949 2336 2338 2346 2349 2463 2486 2496 3196 4813 
m1451 45 2295 
m562 22 23 30 36 40 41 1123 1130 1136 1140 1172 1173 1180 1186 1190 1523 1822 1823 1830 1836 1840 1841 2022 2023 2030 2036 2041 2072 2073 2086 2090 3673 4323 4336 4586 
m2513 33 37 46 1883 1896 4833 
m403 5 14 32 705 1605 1614 
m2128 14 22 1114 1122 
m2264 40 45 46 2046 2290 2296 2340 2346 
m2886 10 30 36 46 1510 1536 1546 1810 1846 2310 2346 
m2400 17 32 882 1617 1632 
m1883 22 30 36 46 1130 1136 1146 1536 1546 1822 1830 1836 1846 2322 2330 2336 2346 4836 
m1598 22 32 36 37 40 1636 1637 1640 1822 1840 1872 1886 1890 2022 2036 2040 4336 
m455 22 44 46 1144 1146 2246 2344 2346 4846 
m747 13 33 40 46 2013 2033 2046 2313 2333 4163 
m675 5 45 46 2255 2296 2305 
m78 22 23 30 36 40 1122 1123 1130 1136 1140 1180 1830 2023 2030 2036 4323 
m1498 12 14 46 2312 2314 2346 3212 4812 4814 
m1107 36 37 46 1837 2336 2337 4336 4337 
m2896 23 30 36 46 1173 1180 1186 1196 1523 1530 1536 1546 1823 1830 1836 1846 2323 2330 2336 2346 3696 4823 4836 
m1344 23 38 45 1188 1195 1945 2288 2295 
m32 41 2091 
m1230 14 36 46 736 746 2336 
m1823 36 40 46 48 2036 2040 2046 2048 2336 2346 2348 2436 4836 
m967 36 41 45 1845 2095 2295 4586 
m1264 22 44 46 1146 2344 2346 4846 
m2579 36 46 49 2336 2349 2486 
m96 37 46 1896 2337 2346 4837 
m2674 38 40 41 46 49 1941 1946 2090 2340 2341 2488 2491 2496 
m2530 8 36 46 49 1808 1846 2308 2336 2458 2486 2496 4336 
m1218 11 
m2701 13 22 38 1113 1122 1138 1913 1938 
m174 5 14 46 705 2305 2314 
m394 22 45 2272 
m183 13 22 44 46 694 1113 1146 2313 2344 
m278 22 45 46 1146 2272 2296 4846 
m665 13 22 33 36 40 672 686 690 1113 1122 1133 1136 1140 1672 1686 1690 1822 2022 2036 3183 
m2946 20 37 46 1870 2320 2337 
m2424 13 37 4363 
m2879 13 22 33 1113 1672 4163 
m2497 22 36 40 46 48 1822 2022 2036 2322 2336 2340 2436 2440 2446 
m22 18 46 918 946 2318 2346 
m390 23 45 1195 
m2324 22 45 1122 1145 2272 2295 
m2835 45 46 2296 2345 4846 
m1180 12 23 30 36 41 46 49 630 1180 1812 1830 1846 2062 2073 2080 2086 2096 2323 2330 2462 2473 2486 2491 2496 3123 4323 4812 
m879 46 2346 4846 
m2880 44 46 2344 2346 
m878 5 46 2305 
m2757 36 45 46 49 1846 1849 2286 2296 2299 2349 
m623 5 22 36 46 49 272 286 296 299 1149 1822 1849 2322 2346 2349 4836 
m2714 22 23 36 41 1122 1123 1136 1141 1173 1186 1823 2073 3673 3686 4323 4586 
m1302 30 36 40 46 49 1549 1830 1836 1846 1849 2036 2040 2046 2330 2349 2480 2499 
m112 6 42 46 346 2146 2842 
m1072 11 13 33 45 563 583 595 695 1695 3183 
m2091 46 
m2220 32 36 41 46 1641 2332 2336 2341 2346 4136 4341 
m1578 14 22 45 745 1114 1145 
m1038 22 36 40 41 1136 1141 1836 1840 2036 2086 4586 
m163 22 38 44 46 1122 1144 1146 1922 1946 2344 2346 4846 
m1217 23 38 46 1188 1923 1938 1946 2338 2346 3696 4823 
m1982 26 32 33 37 1333 1626 1633 1637 1876 1883 
m531 12 23 30 36 41 46 49 630 1180 1812 1830 1846 2062 2073 2080 2086 2096 2323 2330 2462 2473 2486 2491 2496 3123 4323 4812 
m1590 45 46 2295 2296 
m605 22 23 30 38 1122 1123 1130 1138 1172 1173 1188 1522 1523 1530 1538 1922 1923 3673 
m391 45 46 48 2345 2445 2446 
m1776 32 46 1632 1646 2332 
m684 45 2295 
m253 22 23 36 41 1123 1136 1141 1186 1823 2072 2073 2086 2091 3673 4586 
m1691 10 13 22 660 663 672 1110 1113 1122 
m23 12 22 36 622 1112 1136 1822 4312 
m1351 9 14 22 44 46 709 744 746 1109 1114 1122 1144 1146 2209 2246 2309 2322 2344 2346 4814 
m1331 22 44 46 1144 1146 2246 2344 2346 4846 
m1394 1 32 36 38 45 46 82 96 1901 1932 1936 1946 2251 2282 2286 2288 2296 2332 2586 4136 4836 
m890 36 37 38 40 46 1836 1837 1840 1846 1886 1890 1936 1937 1940 1946 2036 2037 2038 2040 2046 2336 2340 4336 4837 
m45 37 45 46 1895 2337 2345 2346 4396 
m638 32 40 45 46 2032 2045 2046 2282 2296 2332 
m2713 37 
m466 22 35 46 1135 1146 2322 2335 2346 
m737 26 45 46 1345 1346 2295 2345 
m2730 6 42 4606 
m1174 22 23 30 1123 1172 1173 1180 1522 1523 1530 3673 
m654 12 23 30 36 41 612 630 636 641 1191 1523 1541 1812 1823 1830 1836 1841 2062 2073 2086 2091 3123 
m2325 37 46 49 1887 1899 2337 2346 2349 2487 2496 4396 4837 
m1361 5 13 22 33 36 40 655 1105 1113 1122 1133 1136 1140 1655 1805 1813 1833 1840 2013 2033 3183 
m2409 22 36 38 41 49 1136 1138 1141 1149 1822 1838 1841 1849 1922 1936 2072 2086 2088 2099 2472 2486 2488 2491 4336 
m2883 22 46 1146 
m744 38 45 46 49 1946 2299 2345 2346 2349 
m327 23 26 46 1176 1346 3696 4846 
m1225 22 36 40 41 1136 1141 2036 2086 2090 
m384 22 38 44 46 1146 1922 1946 2344 2346 4846 
m381 10 32 46 1610 1632 1646 2310 2346 
m536 22 36 40 46 49 1149 1822 1849 2022 2036 2049 2322 2336 2340 2349 
m1479 22 23 30 41 49 1123 1130 1173 1523 2072 2073 2080 2473 2480 2491 3673 
m2848 13 22 30 47 680 697 1113 1122 1130 1147 2380 
m972 12 32 46 632 2332 4812 
m1551 22 46 1146 
m1722 22 37 1122 1137 
m2551 34 1734 
m2834 23 30 41 45 1180 1191 1541 2273 2280 2291 
m65 9 36 45 46 486 495 496 1845 2309 2336 2345 2346 
m1329 22 44 46 1146 2322 2344 2346 4846 
m2930 13 33 49 2463 2483 4163 
m789 18 
m1887 23 30 36 1180 1530 1823 1830 
m2855 32 1632 
m2184 36 40 41 46 49 1841 1846 1849 2036 2041 2046 2049 2336 2341 2486 2491 2496 4336 
m2029 12 22 36 41 46 49 622 641 1141 1812 1822 1841 2322 2336 2341 2462 2472 2486 2491 2496 3136 4312 4336 4812 
m76 26 46 1326 1346 2326 2346 3826 
m1749 22 36 41 49 1122 1136 1141 1149 1822 1841 1849 2072 2086 2091 2099 2472 2486 2491 4336 
m220 46 
m1245 23 36 40 46 48 1190 1823 1836 1840 1846 1848 2023 2036 2040 2046 2048 2336 2340 2346 2423 2436 2446 3686 3696 4323 4346 4823 4836 
m117 22 44 46 1144 1146 2344 2346 4846 
m1612 12 36 38 41 46 641 1841 1912 1936 1938 1941 1946 2062 2086 2091 2096 2312 2336 2341 4312 
m2776 37 46 1887 1896 2337 2346 
m2108 5 22 46 1146 2305 
m2820 32 46 1632 1646 2332 
m1732 22 23 36 40 41 1122 1123 1136 1140 1141 1186 1190 1836 1840 2036 2040 2072 2073 2086 2090 3686 
m2749 32 46 2332 2346 
m1745 37 39 46 1987 4396 4496 
m2238 22 37 41 46 1122 1137 1141 1146 1891 2341 4837 
m2777 36 45 2286 
m108 14 714 
m1896 14 714 
m350 17 22 46 1117 1122 1146 2346 4817 
m2780 41 45 2291 
m1870 23 32 42 1182 1192 1642 
m62 22 30 45 1122 1130 1145 1522 2272 2280 
m2877 22 23 38 46 49 1122 1123 1138 1146 1199 1923 1938 1946 1949 2323 2346 2349 
m1013 37 46 2346 4396 4837 
m1485 5 14 38 45 46 705 745 1905 1914 1945 1946 2255 2305 2345 4814 
m1837 13 33 45 695 1695 4163 
m1340 22 23 30 1122 1123 1130 1172 1173 1180 1522 1523 1530 3673 
m2270 13 22 33 36 40 672 1113 1122 1133 1136 1140 1672 1813 1822 1833 1840 2013 2022 2033 4163 
m1028 37 45 1895 
m2319 22 45 1145 
m1719 13 25 38 46 1263 1296 1913 1925 1946 2313 
m1784 5 13 33 45 263 283 2255 2263 2283 3183 
m2104 30 36 40 46 48 1830 1848 2036 2046 2330 2336 2346 2348 2430 
m829 22 36 41 49 1141 1849 2086 2091 2099 4336 
m1657 32 36 38 41 46 1641 1646 1936 1941 1946 2332 2336 2341 2346 4136 4586 
m2608 22 24 1124 
m286 22 44 46 1146 2322 2344 2346 4846 
m874 5 14 30 46 264 296 1505 1514 1546 2305 2314 2330 2346 4814 
m1105 45 
m2412 22 36 41 49 1136 1149 1841 1849 2072 2086 2091 2099 2486 4336 
m1710 45 46 2296 2346 
m1012 22 23 36 40 1122 1123 1136 1140 1173 1822 1823 1840 2022 2023 3673 
m1269 36 40 41 46 49 1836 1841 1846 1849 2036 2040 2041 2046 2086 2096 2099 2336 2346 2349 4346 4586 4836 
m2404 23 45 46 1195 2296 2345 2346 3696 4823 
m1496 32 49 1649 
m1432 46 2346 
m726 6 14 32 36 49 706 714 732 736 749 1606 1636 1806 2456 2482 2486 
m2805 22 36 40 41 46 48 1136 1140 1141 1148 1836 1848 2036 2086 2090 2098 2322 2336 2340 2341 2348 4336 
m240 22 32 46 1122 1132 1146 2332 2346 4846 
m1811 22 44 46 1144 1146 2246 2344 2346 4846 
m1943 5 23 36 45 286 295 1155 1186 1195 1845 4336 
m2109 13 22 33 36 40 46 672 686 690 1113 1122 1133 1136 1140 1672 1686 1690 1822 2022 2036 2313 2322 2333 2336 2340 3183 
m2062 11 13 33 563 583 661 1661 4163 
m2318 
m2658 27 45 46 2277 2296 2327 2346 
m1468 30 36 46 1536 1546 2330 2336 2346 4836 
m1925 36 40 48 49 1836 1840 2036 2436 2440 2449 2486 2490 4336 
m237 22 44 46 1146 2246 2344 2346 4846 
m1499 22 23 36 49 1123 1136 1149 1173 1186 2473 2486 3673 4323 
m1936 45 2295 
m1276 45 46 2296 
m868 32 37 46 1632 1637 1646 2332 2337 2346 4837 
m2455 5 45 46 2255 2296 2305 2345 4846 
m1637 22 38 46 1146 1922 1946 
m434 5 45 46 2255 2305 2345 
m1699 14 40 46 2014 2040 2046 2314 2346 3214 4814 
m1322 23 30 46 1173 1180 1196 1523 1530 1546 2323 2330 2346 3696 4823 4846 
m43 22 37 40 46 1122 1137 1146 2022 2037 2040 2046 2322 2337 2346 4837 
m2666 14 22 32 46 1114 1132 1146 1614 2314 2332 
m2660 26 45 46 1326 1345 1346 2276 2296 2326 
m1170 22 41 1122 1141 2072 
m493 45 
m273 37 38 1888 1937 1938 
m2191 14 714 
m667 11 13 22 38 563 572 688 1113 1138 
m751 46 
m34 23 30 36 40 1173 1180 1190 1523 1530 1536 1540 1823 1830 1836 1840 2023 2030 2036 2040 3686 4323 4336 
m2183 22 23 30 32 36 40 46 1122 1123 1130 1132 1136 1140 1146 1172 1173 1522 1523 1530 1532 1540 1546 1623 1630 1646 1822 1823 1830 1832 1840 1846 2022 2023 2030 2032 2036 2040 2046 2322 2323 2330 2332 2340 2346 3696 4823 
m1421 30 39 1980 
m1030 27 32 38 46 1382 1396 1927 1932 1946 2332 
m891 39 
m1961 5 36 41 46 1805 2055 2096 2305 2336 4586 
m2321 22 37 40 46 1872 2037 2040 2046 2322 2337 2346 4837 
m2797 9 13 33 38 463 483 488 688 1688 4163 
m575 30 38 45 46 1945 1946 2280 2296 2330 2338 2345 2346 4846 
m2627 45 2295 
m2786 5 13 33 46 655 1655 2305 2313 2333 4163 
m753 14 22 23 46 1114 1123 1146 1196 2314 3664 
m1855 40 45 46 2040 2045 2046 2345 
m1679 26 
m2759 45 46 2295 2296 2345 4846 
m2871 14 22 38 46 49 722 749 1914 1938 1946 1949 2314 2322 2338 2346 2349 2472 4814 
m426 23 45 46 1195 1196 2296 3673 
m1 45 46 2296 2345 2346 
m1569 13 33 4163 
m697 5 37 46 1855 2305 4837 
m1003 20 22 23 46 1023 1120 1123 1146 1173 2320 2323 3673 4823 
m1208 14 36 1814 4314 4336 
m1988 22 45 46 2272 2296 2322 2346 
m432 5 13 33 36 46 263 283 1805 1813 1833 2305 2313 2333 4163 4836 
m1476 32 36 38 41 46 49 1641 1646 1938 1941 1946 1949 2332 2336 2341 2346 2482 2486 2491 2496 4136 4586 
m2114 22 23 36 40 41 1122 1123 1136 1140 1141 1172 1173 1186 1190 1191 1822 1823 1836 1840 1841 2023 2036 2041 2072 2073 2086 2090 2091 3673 3686 4323 4586 
m79 29 
m1152 13 22 38 672 1113 1138 1913 1922 
m1613 26 40 46 1326 1340 1346 2026 2046 2326 3826 
m1334 36 1836 
m16 12 14 27 46 712 746 1362 1364 1396 2312 2346 3246 4812 
m1723 21 
m1844 22 40 46 1140 1146 2046 
m2088 36 40 46 2036 2046 2340 2346 4836 4846 
m2288 22 32 36 1622 1822 4136 
m1962 22 44 46 1146 2344 2346 4846 
m479 22 36 40 46 49 1122 1136 1140 1146 1822 1840 1846 1849 2022 2036 2046 2322 2336 2340 2346 2349 2486 2490 2496 4336 4346 4836 
m2872 30 40 45 46 2045 2046 2280 2296 2330 2345 4846 
m1674 45 46 2345 
m157 12 45 46 645 2312 2345 
m1606 13 14 32 46 664 696 1613 1614 1646 4814 
m653 22 37 40 46 1137 1140 1146 1890 2022 2037 2046 2322 2337 2340 2346 4396 
m1683 12 45 46 645 2345 4812 
m494 37 1887 
m617 27 49 1399 
m905 22 36 40 41 49 1136 1141 1822 1836 1840 1841 1849 2036 2072 2086 2090 2091 2472 2486 2491 4336 
m75 22 36 41 1122 1136 1141 1822 2072 4586 
m1725 5 36 38 41 46 286 291 296 1905 1936 1938 1941 1946 2341 4341 4836 
m542 13 22 33 36 40 48 672 686 690 1113 1122 1133 1136 1140 1672 1686 1690 1822 2022 2036 2413 2422 2433 2436 2440 3183 
m2885 46 
m644 
m1057 18 45 945 
m103 45 46 2295 2345 2346 
m2710 12 36 46 49 649 1812 1849 2336 2349 4812 
m2817 13 22 32 36 40 672 686 1113 1122 1136 1140 1613 1622 1636 1822 1836 1840 2022 2036 2040 
m694 27 36 37 46 49 1387 1827 1837 2327 2477 2486 2487 2496 4336 4346 4837 
m252 22 
m1522 22 38 44 46 1146 1946 2344 2346 4846 
m911 30 45 46 2280 2296 2330 2346 
m1546 23 46 2346 3696 4823 
m213 37 40 46 1890 2037 2040 2046 2337 2340 2346 4396 
m1561 11 
m2610 14 45 46 745 746 2345 
m449 33 36 45 46 1686 1695 1845 2333 2345 4836 
m2767 36 40 41 1840 1841 2036 2040 2041 4336 
m793 11 13 33 45 563 583 595 2263 2283 3183 
m997 5 32 36 45 1605 1805 2255 2282 2286 4332 
m1915 20 1020 
m296 38 45 2288 
m2484 13 22 46 1113 1122 2322 4813 
m1092 32 46 2332 
m207 22 37 40 46 1137 1140 1146 1890 2022 2037 2040 2046 2337 2340 2346 4837 
m2919 22 45 46 1145 1146 2345 4846 
m1456 14 37 714 737 1887 3237 
m723 
m1756 14 33 40 46 733 740 746 1690 2340 4196 
m283 5 13 33 36 49 263 283 1805 1813 1833 1849 2455 2463 2483 4163 
m2478 14 49 2464 
m922 41 45 46 2095 2096 2345 
m670 23 36 40 41 1173 1186 1190 1191 1823 1840 2023 2036 2073 2086 2090 3673 4323 4336 4586 
m2504 23 30 38 41 46 49 1173 1523 1930 1938 1941 1946 1949 2073 2080 2323 2330 2341 2473 2480 2491 2496 3673 
m1981 45 2295 
m399 12 30 45 630 2262 2280 
m1987 22 37 46 1872 2322 4837 
m1874 22 37 45 49 1122 1137 1145 1899 2287 2299 
m2506 14 22 36 40 41 46 714 722 736 741 1822 1836 1841 2014 2036 2041 2046 2072 2314 2322 2336 2341 3236 4314 4586 4814 
m630 26 37 38 46 1876 1926 1937 1946 2326 4396 
m1992 14 32 46 714 732 2314 2332 2346 4814 
m692 22 23 30 36 40 46 1122 1123 1130 1136 1140 1146 1172 1186 1190 1522 1523 1536 1540 1546 1822 2022 2036 2322 2336 2340 2346 4823 
m1763 41 46 2341 
m67 23 30 36 40 46 1173 1190 1196 1523 1536 1540 1546 1823 1840 2023 2046 2340 3696 4323 4346 
m113 30 36 39 40 46 1536 1540 1546 1830 1836 1840 1846 1980 1986 1990 1996 2030 2036 2040 2046 2330 2336 2340 2346 4346 4496 4836 
m24 13 22 32 33 36 40 46 690 696 1113 1122 1132 1133 1136 1140 1146 1613 1633 1636 1640 1646 1690 1813 1833 1840 1846 2013 2033 2046 2333 2340 3183 
m2615 13 22 36 49 699 1113 1122 1136 1149 1813 1849 
m1527 27 28 36 46 1378 1386 1396 1828 2327 2328 2336 2346 4836 
m1566 5 36 44 46 49 286 296 1849 2205 2236 2246 2249 2346 2349 2455 2486 2494 2496 4836 
m1905 37 40 46 2037 2046 4837 
m269 13 22 36 40 672 686 690 1113 1122 1136 1140 1822 2022 2036 
m2346 32 45 46 2282 2296 2332 
m1814 46 2346 4846 
m1528 32 1632 
m2731 22 32 36 40 46 49 1622 1646 1822 1832 1836 1840 1846 1849 2032 2036 2046 2322 2482 2486 2490 2496 4332 
m2190 14 38 40 738 1914 1938 1940 2014 2038 2040 
m529 23 36 45 1186 2273 2286 2295 3673 3686 
m1429 26 33 46 49 1333 1346 1349 2349 2483 4833 
m1941 22 23 36 40 46 49 1123 1136 1140 1146 1149 1190 1822 1840 2023 2036 2040 2046 2049 2322 2336 2340 2346 2472 2473 2486 2496 3696 4323 4346 4823 
m1160 22 23 36 46 49 1123 1136 1146 1149 1836 1846 1849 2323 2336 2473 2486 2496 3686 4323 4336 4836 
m1658 13 23 30 46 696 1163 1173 1180 1196 1513 1523 1530 1546 2313 2323 2330 2346 3196 3663 3696 4823 
m1370 22 44 46 1146 2322 2344 2346 4846 
m1272 22 44 46 1144 1146 2246 2322 2344 2346 4846 
m1132 22 30 36 40 46 1130 1136 1140 1146 1536 1540 1546 1840 2030 2036 2040 2046 2330 2336 2340 2346 4346 
m1651 22 44 46 1146 2344 2346 4846 
m1594 23 30 36 40 41 1523 1536 1540 1830 1836 1840 2023 2036 2073 2080 2086 2090 3686 4323 4586 
m2354 13 38 46 663 696 1913 1946 
m989 22 37 40 46 1137 1146 2022 2037 2040 2046 2322 2337 2346 4837 
m226 13 46 2313 
m2745 9 36 46 49 459 486 496 499 1809 1846 1849 2309 2336 2346 2349 2459 2486 2496 2499 4336 
m2342 13 33 3183 
m815 14 32 48 732 2414 2432 
m1557 22 23 1123 1173 3673 
m313 22 36 41 1122 1136 1141 1822 2072 4586 
m1377 11 13 33 563 583 4163 
m596 36 46 1846 2336 2346 4836 
m1318 23 30 38 45 46 1180 1923 1930 1946 2273 2280 2288 2296 2323 2330 2338 2346 4823 
m1124 5 14 46 705 2305 2314 
m810 22 33 38 46 1122 1133 1146 1672 1922 1933 1946 2322 4833 
m845 13 37 46 1896 2313 4363 
m2605 6 36 42 45 306 345 1845 2106 2145 2836 4306 4606 4636 
m519 40 45 46 49 2045 2046 2299 2345 2349 
m1877 22 23 30 1123 1173 1522 1523 3673 
m25 18 46 2318 2346 
m664 12 22 23 36 41 46 49 622 623 636 641 649 1123 1136 1141 1191 1822 1823 1841 2322 2323 2336 2341 2349 2472 2473 2486 2491 3136 4323 4336 4812 
m2330 22 44 46 1146 2344 2346 4846 
m293 22 44 46 1146 2344 2346 4846 
m1743 30 45 46 2280 2296 2330 2346 
m1045 14 22 41 714 741 1114 1141 2064 2072 2091 
m855 22 23 36 40 41 1122 1123 1136 1140 1141 1172 1822 1823 1836 1840 1841 2022 2023 2036 2040 2041 2072 2073 2086 3686 
m2763 14 36 49 1814 2464 2486 4314 4336 
m414 45 
m950 22 44 45 46 1144 1145 1146 2294 2296 2344 2346 
m959 5 36 41 45 46 286 291 1836 1841 2286 2291 2296 2305 2336 2341 4836 
m1051 14 30 37 714 730 737 1880 3237 
m602 32 36 41 46 1641 1646 2332 2336 2341 2346 4136 4586 
m1436 22 30 36 40 41 46 1122 1130 1136 1140 1141 1146 1536 1540 1546 1846 2022 2030 2036 2040 2046 2072 2090 2340 4346 4846 
m2124 14 36 49 1814 1849 2464 
m2106 22 38 44 46 1146 1922 1946 2344 2346 4846 
m49 13 22 32 38 46 682 1113 1132 1146 1913 1922 1932 1946 2313 2332 
m292 22 23 30 1122 1123 1130 1172 1173 1180 1522 1523 1530 3673 
m2037 13 46 696 
m2263 10 36 40 49 536 1810 1836 1849 2010 2036 2049 2460 2486 
m443 32 36 37 1632 1637 1882 1886 1887 4136 4332 
m1008 14 36 49 749 1814 1849 
m2734 30 36 46 1830 2330 2336 2346 4336 
m513 13 22 36 38 40 672 686 690 1113 1122 1136 1140 1822 1913 1922 1936 1940 2022 2036 
m2949 5 13 22 38 46 655 696 1113 1146 1913 1922 1946 2305 
m2281 13 33 3183 
m1821 45 2295 
m2272 23 45 46 1195 2295 2345 2346 4823 
m1559 22 38 45 46 1122 1146 1922 1938 1945 1946 2272 2288 2295 2296 2346 
m1667 30 37 40 46 1880 1890 2030 2046 2330 4396 
m481 
m1716 5 22 37 45 1105 1122 1137 1145 1855 1895 2255 
m927 46 
m2159 5 22 30 37 46 272 280 287 296 1522 1537 1855 1872 1880 1887 1896 2305 2322 2330 2337 2346 4387 4837 
m995 36 40 46 49 1849 2036 2040 2046 2049 2336 2346 2349 4336 4836 
m521 45 46 2296 2345 4846 
m1558 22 46 48 1146 2348 
m543 46 2346 4846 
m2407 27 36 48 49 1386 1399 1827 1848 1849 2486 2498 2499 4336 
m556 13 16 36 40 49 1813 1816 1836 1849 2013 2016 2036 2049 2463 2466 3166 
m663 22 30 36 40 46 1122 1130 1136 1140 1146 1536 1540 1546 1836 1840 1846 2022 2030 2036 2040 2046 2322 2330 2336 2340 2346 4346 
m2245 22 37 40 46 1137 1146 2022 2037 2040 2046 2322 2337 2346 4837 
m892 26 32 36 41 46 1332 1336 1341 1346 1641 1646 2332 2336 2341 2346 4136 4586 
m705 22 38 45 46 1145 1945 1946 2322 2345 
m1203 45 46 2295 2345 2346 
m1354 26 32 33 46 1332 1333 1346 1682 2332 4833 
m77 8 36 46 2308 4308 4836 
m332 5 32 45 1605 1645 2255 
m783 22 23 30 1123 1130 1180 1530 
m700 33 45 1695 
m2862 22 26 36 45 46 1126 1136 1146 1336 1345 1346 1845 2336 2345 2346 4836 
m1921 36 
m2882 22 45 46 1145 2322 2345 
m1303 14 21 46 721 746 1096 
m499 22 1122 
m2005 5 13 22 33 46 655 1113 1133 1146 1655 1696 2305 2313 4163 
m1973 37 46 4837 
m2644 12 22 37 46 1112 1137 1146 2337 4362 4812 
m2064 22 44 46 1146 2322 2344 2346 4846 
m2680 22 23 36 49 1123 1136 1173 1186 1199 1823 1849 2473 2486 3673 4323 4336 
m2505 23 45 46 1195 2323 2345 3673 
m1621 14 46 746 
m1194 22 23 30 1122 1123 1130 1172 1173 1180 1523 3673 
m1481 40 45 2045 
m2893 17 22 1117 
m1106 14 22 36 46 722 736 1822 2314 2322 4836 
m2256 18 918 
m2486 13 22 33 36 49 1113 1133 1136 1149 1813 1833 1849 2463 2483 2486 2499 4163 
m2685 22 45 46 1145 1146 2296 
m1229 32 37 45 46 1637 1645 1895 2332 2337 2345 
m2219 45 46 2296 
m1457 32 45 1645 
m1345 18 46 2318 
m527 26 
m990 33 37 38 1933 1937 4383 
m1159 22 23 36 40 46 49 1172 1822 1836 1849 2022 2023 2036 2046 2049 2322 2323 2336 2349 2472 2473 2486 4323 4336 4836 
m611 32 1632 
m2597 13 33 36 40 48 698 1698 1813 1833 1848 2013 2033 2036 2048 4163 
m1508 22 45 46 1145 1146 2345 4846 
m1609 13 16 38 688 838 3313 
m1954 13 33 46 2313 2333 2346 4163 4813 4833 
m1228 45 49 2295 2299 
m873 17 40 46 890 2340 2346 3396 4817 
m2258 23 30 37 46 1180 1880 2323 2330 2337 2346 4373 4823 4837 
m254 5 13 14 33 263 283 705 713 733 4163 
m1099 14 32 46 1614 2314 2332 
m2567 26 32 36 38 46 1332 1336 1346 1832 1926 1932 1936 1938 1946 2332 2336 2346 4836 
m2460 14 36 40 45 736 740 745 1840 2036 2286 2290 4336 
m788 5 45 295 
m816 22 23 36 41 1123 1136 1141 1191 3686 4341 
m1794 36 40 46 1836 2036 2046 2336 
m1336 22 40 46 2046 2322 2346 
m2276 5 15 38 40 46 755 1905 1915 1938 1940 1946 2005 2015 2038 2040 2046 2305 2315 2346 4815 
m83 45 46 2296 
m813 33 46 2333 2346 4833 
m728 36 49 1849 2486 2499 
m2129 23 45 1195 2273 2295 
m1809 6 23 1156 1173 
m57 22 30 40 46 1130 2022 2030 2040 2046 2322 2330 2346 
m2065 23 30 45 46 1173 1180 1196 2273 2296 2330 2346 4823 
m2902 22 36 40 46 1122 1136 1140 1146 1822 1836 1840 1846 2022 2036 2046 2322 2336 2340 2346 4346 4836 
m708 
m358 22 36 40 41 45 1122 1136 1140 1836 1840 2036 2040 2072 2086 2272 2286 2291 
m1271 22 26 44 46 1146 1346 2344 2346 4846 
m835 26 33 47 1333 1347 1697 
m2086 23 36 40 46 49 1836 1840 1846 1849 2023 2036 2040 2046 2049 2323 2336 2473 2486 2490 2496 3686 4323 4336 4836 
m1103 14 45 745 2264 2295 
m740 22 40 46 1140 1146 2046 
m1291 8 
m2690 22 23 36 49 1123 1136 1172 1173 1186 1199 1822 1823 1849 2472 2473 2486 3673 4323 4336 
m2463 8 
m1872 5 13 14 33 655 705 713 1655 1664 4163 
m2438 12 45 46 645 2345 4812 
m478 13 22 33 36 40 1113 1122 1133 1136 1140 1813 1833 1840 2013 2033 4163 
m2282 14 23 30 46 1196 1514 1523 1546 2314 2323 2330 2346 3664 4814 4823 
m2001 3 30 45 46 180 195 2280 2296 2330 2345 2346 2696 4803 
m1010 30 36 40 45 46 1830 1845 2030 2036 2040 2045 2046 2280 2330 2345 4346 
m820 5 13 22 26 33 46 263 283 672 1305 1313 1322 1333 1346 1672 2305 2313 2322 2333 4163 
m842 5 11 15 33 38 46 565 583 588 596 755 1655 1696 1915 1933 1946 2305 2315 4165 
m1813 22 23 30 36 41 1123 1130 1136 1523 1823 1830 2072 2073 2080 3673 4323 4586 
m2167 37 40 41 46 2037 2046 2087 2090 2096 4837 
m1058 38 41 46 1941 1946 2341 
m540 16 
m1404 22 36 46 1122 1136 1146 1822 1846 2322 
m2397 9 14 36 49 709 1809 1814 1836 1849 2459 2464 2486 2499 
m222 13 20 33 36 40 41 670 686 690 691 1033 1036 1040 1041 1686 1690 1691 1840 1841 2036 2041 3183 3536 4336 
m2913 14 46 746 2346 3246 
m992 26 38 45 46 1338 1345 1346 1938 1945 2288 2338 2345 
m495 38 46 1946 
m1715 17 22 44 46 49 899 1144 1146 2217 2246 2317 2344 2346 2349 3396 4817 4846 
m2628 13 33 46 696 2333 3183 
m122 22 26 44 46 1122 1144 1146 1322 1326 1344 1346 2344 2346 4846 
m230 22 23 36 40 41 46 49 1123 1136 1141 1191 1836 1841 2022 2023 2036 2041 2322 2323 2336 2340 2341 2349 2472 2473 2486 2490 2491 2499 4323 4336 4836 
m2197 36 39 40 1836 1839 1840 1986 1990 2036 2039 
m2601 22 37 1122 1137 1872 1887 
m886 13 33 4163 
m2387 38 40 45 46 1946 2038 2046 2288 2290 2296 
m2785 37 40 45 46 1890 2287 2290 2296 2340 4396 
m29 37 40 46 2037 2046 4837 
m1313 22 23 30 45 46 1123 1130 1145 1146 1196 1523 1545 1546 2273 2280 2295 2296 2323 2346 4823 4846 
m496 22 32 37 1622 1872 1882 
m1529 14 27 38 727 1364 1388 1914 1927 
m2441 5 36 45 46 286 295 1845 2305 2336 2345 4336 
m2508 23 45 46 1195 2323 2345 3673 
m176 22 23 30 36 46 49 1122 1123 1130 1146 1149 1172 1173 1180 1199 1522 1523 1530 1549 1822 1823 1830 1846 1849 2322 2323 2330 2349 2472 2473 2480 2496 3673 4823 
m2876 13 22 36 38 40 1113 1122 1136 1138 1140 1813 1840 1913 1936 1940 2013 
m2327 17 46 2317 2346 4817 
m2641 45 46 2345 2346 
m2362 14 46 714 746 2314 2346 4814 
m925 22 47 2372 2397 
m1927 37 45 1895 
m717 9 14 709 
m1423 22 30 36 40 46 1136 1140 1522 1536 1540 1840 2036 2040 2322 2330 2336 2340 2346 4836 
m353 30 37 46 1880 2330 4837 
m2154 12 14 45 46 645 712 745 2312 2314 2345 2346 4814 
m1539 23 32 36 40 46 48 1182 1186 1190 1196 1198 1632 1636 1646 1648 1846 1848 2032 2036 2046 2048 2446 
m1073 8 46 2308 2346 4846 
m852 8 45 46 2258 2296 2308 
m1728 22 44 46 1122 1144 1146 2344 2346 4846 
m2060 13 45 2263 
m1014 36 38 48 1838 1848 1936 1948 2436 2438 2448 
m498 14 46 714 746 2314 2346 4814 
m2433 5 45 295 
m795 13 33 45 2263 2283 3183 
m1102 32 36 41 46 1641 1646 2332 2336 2341 2346 4136 4586 
m2056 37 46 2337 2346 4837 4846 
m1537 5 22 1105 1122 
m2517 15 45 795 
m47 26 45 46 2276 2296 2326 
m2548 46 
m1622 22 23 36 40 49 1122 1123 1136 1140 1149 1173 1186 1190 1822 1823 1836 1849 2023 2036 2472 2473 2486 3673 3686 4323 4336 
m233 22 23 30 41 46 1122 1141 1146 1191 1523 1530 1541 1546 2073 2080 2091 2096 2322 2323 2330 2341 2346 
m2161 20 45 1045 
m264 13 22 33 49 699 1113 1122 1149 1672 1699 4163 
m792 5 32 36 1605 1636 1805 
m126 5 22 44 46 272 296 1144 1146 2205 2246 2305 2322 2344 2346 4846 
m26 14 36 40 45 46 736 740 745 1840 1845 1846 2036 2045 2046 2286 2296 2336 3246 4336 
m486 37 46 4837 
m958 23 36 40 45 46 49 1190 1195 1836 1840 1845 2023 2036 2040 2045 2046 2049 2323 2336 2340 2345 2473 2486 2496 3686 4323 4336 4836 
m1094 14 
m2661 36 38 49 1838 1849 1936 1938 1949 
m1071 38 
m635 22 23 31 46 49 1123 1146 1196 1572 1573 1596 2323 2346 2473 2481 2496 4846 
m2888 14 23 30 46 1514 1523 1546 2314 2323 2330 2346 3664 4814 4823 
m2471 20 23 1020 1023 1170 
m884 3 45 195 2295 
m4 22 40 45 46 1140 1146 2272 2290 2296 2340 
m1614 32 36 38 41 46 1641 1646 1932 1936 1941 1946 2332 2336 2341 2346 4136 4586 
m410 6 42 4606 
m2422 18 45 2268 
m1940 22 46 1146 
m2241 36 40 45 46 1845 2036 2040 2045 2046 2296 4346 
m2957 22 23 36 40 41 46 1123 1136 1140 1141 1146 1190 1822 1823 1836 1840 1841 2023 2036 2040 2041 2046 2072 2073 2086 2096 2322 2323 2336 2340 2341 2346 3673 3686 4323 4346 4823 
m459 13 16 49 699 849 3166 
m2532 18 23 1168 
m1366 22 23 31 36 1123 1131 1136 1172 1173 1573 1822 1823 3673 3686 4086 4323 
m2376 32 36 38 41 46 1641 1646 1932 1936 1941 1946 2332 2336 2341 2346 4136 4586 
m1911 5 13 33 263 283 3183 
m244 23 45 1195 2273 2295 
m917 22 46 2322 2346 
m2599 22 40 46 1146 2340 
m822 26 46 1346 
m141 3 22 30 38 172 180 188 1522 1922 1930 1938 
m1220 32 46 2332 2346 
m2477 41 45 2091 2095 2291 2295 
m41 5 30 45 46 280 2255 2280 2296 2305 2330 
m1589 22 23 1122 1123 1172 1173 3673 
m750 22 34 36 1136 1834 
m2150 36 40 1836 1840 2036 2040 
m196 13 22 36 38 40 672 686 690 1113 1122 1136 1140 1822 1913 1922 1936 2022 2036 
m1466 37 38 46 49 1887 1888 1899 1937 1946 2337 2338 2346 2349 4396 4837 
m2223 45 46 2296 
m1001 22 44 46 2222 2246 2322 2344 2346 4846 
m1648 22 44 46 1146 2246 2344 2346 4846 
m657 18 36 40 1818 2018 2036 
m573 46 
m2952 23 30 36 39 40 41 1173 1186 1189 1191 1523 1536 1539 1541 1823 1973 1986 1990 1991 2023 2036 2073 2086 2089 2090 2091 3686 4336 4586 
m1154 36 46 2336 
m1506 14 39 40 46 740 1990 1996 2014 2039 2040 2046 2340 4464 4814 
m511 32 49 1632 2482 
m921 46 
m811 10 46 2310 
m971 22 23 30 36 40 45 46 1122 1123 1130 1136 1140 1145 1146 1172 1173 1180 1190 1196 1522 1523 1536 1545 1546 1822 1823 1830 1840 1845 1846 2022 2023 2030 2036 2040 2045 2046 2272 2273 2280 2286 2290 2296 2322 2323 2330 2336 2340 2345 2346 4823 
m1854 45 46 2345 2346 
m2260 14 23 30 46 730 1180 2314 2323 2330 2346 3223 4814 4823 
m2473 22 36 41 1136 1141 1822 1841 2072 2086 2091 4336 4586 
m1267 22 44 46 1146 2344 2346 4846 
m1273 32 36 45 46 1832 2282 2286 2296 2332 2336 2346 4836 
m1027 36 45 46 2286 2295 2296 2336 2346 4836 
m2945 38 45 1938 1945 2288 2295 
m2141 23 36 40 46 49 1836 1840 1846 1849 2023 2036 2046 2049 2323 2336 2473 2486 2490 2496 3686 4323 4336 4836 
m2257 41 2091 
m1884 22 30 37 46 1130 1137 1146 1880 2330 4396 
m221 36 45 49 1849 2286 2299 
m1444 14 46 714 746 2346 3246 
m1593 7 45 46 2257 2295 2296 2307 2346 
m2912 13 22 36 45 46 672 1822 2263 2272 2286 2296 2313 2322 2336 4313 
m2509 32 36 46 1832 2332 2336 2346 4836 
m1894 26 36 46 1826 2326 2336 2346 4346 
m1325 22 44 46 1146 2222 2246 2322 2344 2346 4846 
m1268 10 36 46 1810 2310 2346 4836 
m1033 36 46 1836 1846 4836 
m2467 15 22 46 772 2322 4815 
m924 22 36 41 49 1136 1141 1822 1841 1849 2072 2086 2091 2099 2472 2486 2491 4336 
m1257 45 
m1587 13 22 33 36 40 1113 1133 1136 1140 1813 1833 1840 2013 2033 4163 
m1591 30 36 38 1530 1536 1538 1830 1836 1838 1930 1936 1938 4036 4330 
m711 22 41 44 46 1146 2072 2094 2096 2344 2346 4846 
m655 14 22 36 46 49 722 736 749 1814 1822 1849 2322 2336 2349 2472 4336 4814 
m1055 22 44 46 1146 2344 2346 4846 
m2810 22 36 41 46 48 1136 1141 1848 2086 2322 2336 2341 2348 4336 
m2045 14 40 46 2014 2040 2046 2314 2346 4814 4846 
m1525 22 46 1122 1146 
m2544 26 36 40 45 46 1826 1845 1846 2026 2036 2040 2045 2046 2276 2296 2326 2346 4346 4846 
m385 22 44 45 46 1146 2272 2296 2344 2346 4846 
m1779 45 46 2295 2296 2346 
m445 21 26 45 46 1321 1345 1346 2271 2321 2345 
m2806 46 4846 
m13 11 13 22 45 563 572 595 695 1113 1145 
m1789 36 45 46 1845 2336 2345 2346 4836 
m883 14 46 49 2314 2346 2464 2496 4814 
m311 13 22 36 38 40 1113 1122 1136 1138 1140 1813 1840 1913 1936 1940 2013 
m2123 22 26 44 46 1146 1322 1344 1346 2326 2344 2346 4846 
m382 22 38 44 46 1146 1922 1946 2344 2346 4846 
m204 13 46 2313 
m1398 22 30 36 40 41 46 1136 1141 1146 1541 1822 1830 1841 2022 2046 2086 2096 2336 
m1150 5 26 30 37 46 1337 1346 1505 1855 1880 2305 2330 2337 2346 4837 4846 
m1741 38 40 45 46 1938 1945 1946 2290 2340 2345 
m2904 13 22 45 695 1113 1145 
m934 42 45 2145 
m1586 23 30 45 1180 1195 1523 1530 1545 2273 2280 2295 3673 
m46 14 23 36 40 46 49 749 1814 1823 1846 1849 2014 2023 2036 2046 2314 2323 2336 2346 2349 2473 3223 4814 4823 
m1664 32 36 46 49 1632 1636 1649 1849 2332 2336 2346 2349 
m1922 14 49 2464 
m614 17 22 41 46 872 891 1141 2322 2341 4817 
m1445 38 46 1946 2338 2346 
m262 22 32 36 40 46 1122 1132 1136 1140 1622 1632 1636 1640 1840 2040 2322 2332 2336 2340 2346 
m116 26 34 38 46 1326 1334 1346 1734 1926 1938 1946 2334 2346 
m1142 22 23 36 40 46 49 1172 1822 1836 1849 2022 2023 2036 2040 2046 2049 2322 2323 2336 2349 2472 2473 2486 4323 4336 4836 
m1914 22 46 2322 
m1191 14 46 714 3246 4814 
m1582 36 46 49 1849 2336 2349 2486 2499 
m828 22 37 45 46 1122 1137 1145 1146 1887 1895 1896 2287 2296 2337 
m1317 32 36 37 46 1832 1882 1886 1896 2332 2336 2346 4836 
m2277 22 45 46 1146 2272 2296 
m976 22 30 36 40 41 46 1122 1130 1136 1140 1141 1146 1536 1540 1541 1830 1836 1840 1841 2030 2036 2040 2041 2086 2090 2322 2330 2336 2340 2341 
m3 10 30 46 530 2310 2330 
m310 22 1122 
m1534 14 40 46 2014 2046 2314 2346 4814 
m1523 5 32 1605 
m1585 22 36 40 1122 1136 1140 2036 
m1890 26 37 46 1876 2326 2337 
m2233 36 
m882 12 38 45 46 645 1912 1946 2345 4812 
m188 22 23 30 36 40 1122 1123 1136 1140 1522 1523 1536 1540 1822 1823 1840 2022 2023 2030 2036 2040 4323 4336 
m1178 22 23 36 40 46 49 1172 1822 1823 1836 1840 1849 2022 2023 2036 2040 2046 2049 2322 2323 2336 2349 2473 2486 3686 4336 4346 4836 
m2072 22 44 46 1146 2344 2346 4846 
m1374 22 44 46 1146 2322 2344 2346 4846 
m2015 22 23 30 36 40 41 46 1122 1123 1130 1136 1140 1141 1146 1191 1523 1536 1541 1546 1822 1841 1846 2023 2030 2036 2040 2041 2046 2072 2091 2341 3696 4323 4586 
m658 13 22 45 46 672 2263 2272 2295 2296 2313 2322 2346 4813 
m2181 13 22 32 46 682 1113 1122 1132 1146 2313 2322 2332 
m674 22 36 37 40 46 1122 1136 1137 1140 1146 1822 1836 1837 1840 1846 1890 2022 2036 2037 2040 2046 2322 2336 2337 2340 2346 4837 
m477 13 22 1113 1122 
m2427 28 38 1928 1938 
m2553 33 36 41 1686 2083 4586 
m1623 45 46 2345 
m2351 22 23 45 1172 1173 2272 2273 3673 
m2758 13 22 33 36 40 672 686 690 1113 1122 1133 1136 1140 1672 1686 1690 1822 2022 2036 3183 
m620 12 49 649 2462 
m696 37 38 46 1888 1938 2338 4837 
m1638 3 38 153 188 1903 
m1574 30 45 46 2280 2295 2296 2330 2346 
m2122 22 23 30 44 46 1130 1144 1146 1180 1523 1546 2223 2230 2246 2323 2330 2344 2346 4823 4846 
m1632 12 14 32 37 46 614 632 732 737 1882 2314 2332 2337 3137 4812 
m980 36 41 1841 2086 
m1793 14 40 46 714 746 2014 2040 2046 2314 2340 2346 3246 4814 
m1974 14 49 2464 
m862 37 46 2337 
m2865 22 23 36 40 41 46 49 1123 1136 1140 1173 1186 1190 1199 1840 2022 2023 2036 2040 2041 2049 2072 2073 2086 2090 2091 2099 2322 2323 2340 2341 2473 2486 3673 3686 4323 
m1488 6 14 23 32 36 706 723 732 736 1156 1182 1606 1636 1806 3686 
m105 22 36 37 46 49 1136 1137 1146 1149 1846 1849 1886 1899 2349 4396 
m123 36 48 1836 1848 2436 2448 
m1121 14 32 714 732 
m963 22 30 36 40 1136 1140 1522 1536 1540 1822 1830 1836 1840 2030 2036 2040 4336 
m338 22 46 1146 
m691 5 14 36 41 45 255 286 291 295 705 736 741 745 1845 2055 2086 2095 4336 
m2449 45 2295 
m2951 22 37 40 46 1137 1140 1146 1890 2022 2037 2040 2046 2337 2340 2346 4837 
m500 
m1239 22 44 46 1146 2246 2344 2346 4846 
m2846 33 45 48 1695 1698 2298 
m2523 14 714 
m371 22 26 44 46 1146 1322 1344 1346 2344 2346 4846 
m847 22 41 1141 
m809 36 40 41 46 1841 2036 2040 2041 2046 2086 2090 2091 2096 2336 2340 2341 2346 
m2570 13 33 36 40 46 690 1813 1833 1840 2033 2313 2333 3183 4836 
m463 14 36 40 46 1814 1846 2014 2036 2040 2046 2346 4346 4814 
m2313 22 26 44 46 1146 1322 1344 1346 2344 2346 4846 
m1242 22 44 46 1146 2222 2246 2322 2344 2346 4846 
m2765 5 45 46 2255 2296 2305 
m1247 13 22 36 40 1113 1122 1136 1140 1813 1840 2013 
m2827 22 
m1441 22 23 36 41 46 49 1136 1146 1149 1191 1836 1841 2323 2336 2341 2473 2486 2491 2496 4323 4336 4836 
m2870 22 44 45 46 1146 2272 2294 2296 2344 2346 4846 
m2464 8 36 40 46 1808 1836 1840 1846 2008 2036 2040 2046 2308 2336 4336 
m2824 22 23 30 1122 1123 1130 1172 1173 1180 1522 1523 1530 3673 
m2562 49 
m136 15 22 46 772 2315 2322 
m2789 31 45 2281 
m1015 38 46 1946 2346 
m1143 30 38 45 46 1930 1945 1946 2280 2296 2330 
m224 46 2346 
m964 45 46 2296 2346 
m1368 22 33 46 1133 1146 2333 
m2095 22 36 41 46 1822 2072 2096 2322 4586 4836 
m552 36 38 46 49 1849 1936 1946 2336 2346 2349 4836 
m1385 36 46 48 2436 2446 4836 
m1805 22 23 36 40 41 46 1122 1123 1136 1140 1141 1146 1190 1191 1822 1823 1836 1840 1841 1846 2022 2023 2036 2040 2041 2046 2323 2336 2340 2341 3673 3686 4323 4336 
m2116 5 13 33 46 263 283 2305 2313 2333 4163 
m2379 22 
m586 22 23 41 1122 1123 1141 1172 1173 1191 3673 
m742 30 46 1546 2330 4846 
m1125 27 46 49 2327 2346 2477 2496 
m212 5 37 45 46 1855 2255 2287 2296 2305 4837 
m93 13 22 45 46 696 1113 1146 2263 2272 2296 
m551 22 27 36 46 49 1127 1136 1146 1149 1386 1396 1399 1827 1849 2322 2327 2336 2346 2349 2477 2486 2496 2499 
m1901 45 46 2295 2296 2346 
m2085 26 33 46 1676 1696 2326 2333 2346 
m416 22 44 46 1146 2322 2344 2346 4846 
m1307 22 44 46 1146 2344 2346 4846 
m1831 10 46 2310 2346 
m1761 23 41 46 1173 2073 2323 2341 3673 
m37 37 46 49 2337 2346 2487 2496 4837 
m2942 22 26 44 46 1146 1322 1326 1344 1346 2344 2346 4846 
m918 13 22 1113 
m2339 36 40 41 1836 1840 2036 2086 2090 2091 4586 
m374 14 32 36 46 732 736 1832 2314 2332 4836 
m2889 17 22 1117 
m1101 
m2839 22 33 46 1133 1146 1672 1683 1696 2322 2333 2346 4833 
m1418 8 408 
m2164 3 26 46 1303 1346 2346 4803 
m2063 22 44 46 1144 1146 2222 2246 2322 2344 2346 4846 
m2938 22 37 46 1872 2322 2337 
m1265 37 46 1896 
m1192 30 45 46 2280 2295 2296 2330 2346 
m1026 36 40 41 46 1836 1840 1841 1846 2036 2040 2041 2046 2336 2340 2341 2346 4346 4586 
m228 5 36 37 38 45 46 286 295 1845 1855 1886 1895 1936 1937 1938 1946 2305 2336 2337 2345 4336 
m2160 14 22 49 749 1114 2464 2472 2499 
m1187 16 32 46 832 2332 4816 
m1972 22 23 45 1123 1145 1172 1195 3673 
m2465 14 45 745 
m2125 22 36 41 46 49 1136 1141 1849 2086 2322 2336 2341 2349 4336 
m2591 22 36 41 49 1122 1136 1141 1149 1849 2072 2086 2099 4336 
m257 22 36 49 1149 1822 1836 1849 2472 2486 2499 
m440 37 45 1887 1895 
m1393 26 32 36 38 46 1332 1336 1346 1832 1926 1932 1936 1946 2332 2336 2346 4836 
m1199 36 40 46 49 1836 1840 1846 1849 2036 2040 2046 2336 2340 2346 2349 2486 2490 2496 4336 4346 4836 
m2345 5 45 2255 2295 
m1422 36 38 41 1838 2088 4341 
m2735 44 46 2246 2344 2346 
m181 14 22 46 722 746 2322 
m2953 23 30 1523 
m2248 40 46 49 2340 2346 2490 2496 
m2808 5 13 14 38 46 655 705 746 1913 1914 1946 2305 2313 3213 
m2337 23 30 40 1173 1190 1523 1530 1540 2023 2030 2040 3673 
m2818 36 45 46 1845 2286 2295 2345 4836 
m2291 36 40 46 49 1836 1840 1846 1849 2036 2040 2046 2336 2340 2346 2349 2486 2490 2496 4336 4346 4836 
m2394 22 23 30 36 40 41 1123 1136 1140 1141 1173 1180 1823 1830 1836 1840 1841 2023 2030 2036 2040 2041 2073 2080 3673 4586 
m806 22 23 30 38 1122 1123 1130 1138 1172 1173 1188 1522 1523 1530 1538 3673 
m1390 22 26 44 46 1146 1322 1346 2326 2344 2346 4846 
m344 45 
m936 40 41 46 2046 2090 2096 2340 2341 2346 
m180 22 23 30 36 40 41 1123 1173 1180 1186 1190 1191 1830 2023 2030 2036 2040 2041 2073 2080 2086 2090 3673 4323 
m838 23 30 36 49 1180 1199 1549 1823 1830 1849 
m2111 22 40 45 46 1140 1145 1146 2045 2046 2345 
m1999 14 27 36 46 48 736 746 748 1364 1386 1396 1398 1846 1848 2446 
m2155 5 36 45 46 286 295 1845 2305 2336 2345 4336 
m2954 37 41 46 2087 2341 4837 
m130 13 22 44 46 694 1113 1122 1144 1146 2313 2344 
m161 23 30 36 40 46 49 1180 1830 1836 2023 2030 2036 2046 2049 2323 2330 2336 2473 2486 2496 4323 4836 
m736 22 30 36 39 41 1136 1139 1522 1536 1539 1541 1986 2072 2089 4586 
m732 45 46 2345 
m1425 46 2346 
m1603 36 49 1849 2486 2499 
m1070 22 39 45 46 1122 1146 1972 1995 1996 2272 2296 
m370 32 45 1645 
m17 17 46 2317 2346 4817 
m2195 22 45 1122 1145 2272 
m2521 14 39 1964 
m2221 26 36 41 46 1826 2076 2096 2326 4346 4586 
m1062 41 
m512 45 46 2296 
m2309 22 23 30 46 1122 1123 1130 1146 1180 1522 1523 1530 1546 2330 4823 
m2911 22 33 46 1122 1133 1146 1672 1683 1696 2322 2333 2346 4833 
m2803 22 36 40 41 46 49 1136 1140 1141 1836 1849 2036 2086 2090 2322 2336 2340 2341 2349 4336 
m2693 
m1417 14 32 732 1614 1632 
m908 22 36 40 41 49 1122 1136 1140 1141 1149 1841 1849 2022 2036 2041 2049 2486 2491 4336 
m1786 22 32 45 46 1145 1146 2282 2296 2332 
m2470 39 45 1995 2289 2295 
m2360 13 33 45 2263 2283 4163 
m1126 22 46 1146 2346 
m1903 36 42 46 49 2146 2336 2486 2492 2496 4636 
m2836 22 26 41 46 1141 1146 1322 1341 1346 2341 
m1280 22 44 46 1146 2322 2344 2346 4846 
m2405 36 46 2336 
m2719 5 45 295 2255 2295 
m142 46 2346 
m268 14 45 745 
m2408 13 36 40 45 686 1813 1840 1845 2013 2036 2045 2263 2286 4336 
m231 12 36 40 41 46 49 636 640 641 649 1836 1840 1841 2036 2041 2336 2340 2341 2349 2486 2490 2491 3136 4336 4812 
m791 14 45 745 2264 2295 
m1971 22 36 40 46 48 1136 1140 1146 1848 2036 2040 2046 2336 2340 2346 2348 4336 4836 
m2707 46 
m376 32 36 38 41 46 1641 1646 1932 1936 1941 1946 2332 2336 2341 2346 4136 4586 
m1000 13 36 38 46 49 699 1849 1913 1936 1946 2313 2349 3186 4836 
m2656 22 33 46 1672 1696 2322 
m604 22 44 46 1146 2344 2346 4846 
m307 37 41 46 2087 2096 4837 
m2401 6 42 2842 
m1332 22 26 33 36 49 1133 1676 1822 1826 1833 1849 2472 2476 2483 
m2829 19 46 969 996 2319 2346 
m538 36 40 45 1845 2036 2045 2286 2290 2295 
m1342 32 1632 
m1720 36 38 49 1849 1936 1949 2486 2488 2499 
m1928 5 26 33 45 1305 1333 1345 1655 1695 2255 
m450 22 38 44 45 46 1146 1922 1944 1946 2272 2288 2294 2296 2344 2346 4846 
m1645 37 39 40 46 1890 1987 1990 2340 4396 4496 
m1835 14 22 27 40 727 1114 1127 2014 2022 2027 
m1478 32 37 46 1632 1637 1882 2332 2337 
m786 12 36 45 46 636 645 1845 2312 2336 2345 2346 4812 4836 
m1380 11 13 33 39 563 583 589 689 1983 3183 
m1581 22 40 44 46 1146 2022 2044 2046 2344 2346 4846 
m2863 22 23 27 36 40 1122 1123 1127 1136 1140 1190 1372 1373 1386 1390 1823 1840 2023 2040 
m265 45 46 2345 2346 
m1327 14 23 30 46 1514 1523 1546 2314 2323 2330 2346 3664 4814 4823 
m2703 5 14 22 33 36 40 264 272 283 286 290 722 736 740 1122 1136 1140 1672 1686 1690 1822 2022 2036 3233 
m520 14 40 46 740 2014 2040 2046 2340 2346 3246 4814 
m2507 45 46 2296 
m2298 22 38 45 46 1138 1145 1146 1938 1945 1946 2345 
m768 
m565 11 45 595 
m1995 22 23 30 36 40 41 1122 1123 1130 1136 1140 1172 1180 1186 1522 1523 1536 1822 2023 2030 2036 2072 2073 2080 2086 2090 3673 4323 
m1168 14 23 30 46 1514 1523 1546 2314 2323 2330 2346 3664 4814 4823 
m2025 22 23 30 41 1123 1130 1141 1522 1523 2073 2080 3673 
m832 12 30 38 40 46 630 1912 1930 1946 2012 2030 2038 2040 2046 2312 2330 2346 4812 
m1420 22 23 30 46 1122 1123 1130 1146 1180 1523 1530 1546 2330 2346 4823 
m246 5 13 22 33 36 40 46 263 272 283 286 290 672 686 690 1113 1122 1133 1136 1140 1672 1686 1690 1822 2022 2036 2305 2313 2322 2333 2336 2340 3183 
m1994 48 2448 
m1434 5 36 45 46 49 286 296 299 1836 1846 1849 2255 2286 2296 2299 2336 2349 
m2020 22 26 46 1146 1322 1326 1346 
m1287 22 44 46 1146 2344 2346 4846 
m235 22 44 46 1146 2322 2344 2346 4846 
m1156 8 37 408 437 
m2188 36 38 41 46 1838 2096 2338 4346 4586 
m1790 37 45 46 1895 2337 2345 2346 
m870 32 36 46 49 1849 2332 2336 2346 2349 2482 4332 
m1865 23 27 32 42 1182 1192 1373 1382 1392 1642 
m2510 28 
m2382 22 36 40 46 1122 1136 1140 1146 1840 2040 2336 2340 
m1497 14 22 41 46 741 1114 1141 2314 2322 2341 2346 4814 
m2778 22 23 36 40 41 1122 1123 1136 1140 1141 1172 1173 1822 1823 1836 1840 1841 2023 2036 2040 2041 2072 2073 3673 4341 
m1717 22 46 1146 
m2243 22 37 40 46 1137 1146 2022 2037 2046 2337 2346 4837 
m1718 36 
m1118 22 36 41 49 1136 1141 1822 1849 2072 2086 2091 2099 2472 2486 4336 
m2511 14 32 40 46 732 1632 1646 2014 2032 2046 2332 3246 
m356 13 33 45 46 2263 2283 2296 2313 2333 4163 
m2334 33 37 4383 
m2399 22 36 40 46 48 1136 1140 1146 1822 1840 1846 2022 2036 2040 2046 2048 2322 2336 2340 2346 2348 2422 2436 2440 2446 4346 4836 
m2632 30 32 36 40 46 1640 1646 1830 1840 2030 2330 2332 2336 2340 2346 4136 
m2021 36 
m1815 22 38 46 1138 1146 1946 
m1067 39 40 41 46 1990 1991 1996 2040 2046 2090 2096 
m1009 23 30 40 45 46 1173 1180 1523 2023 2030 2046 2273 2280 2290 2296 2323 2330 3673 4823 
m2364 22 37 46 1122 1137 1146 2322 2337 2346 4837 
m430 22 36 45 1136 1145 1845 
m444 22 26 38 46 1122 1146 1322 1338 1346 1922 1938 1946 2322 
m1224 12 45 46 645 2345 4812 
m1769 22 36 37 40 41 46 1122 1136 1137 1140 1141 1146 1822 1837 1840 1846 2022 2036 2037 2040 2041 2046 2072 2086 2087 2090 2096 2322 2336 2340 2341 2346 4396 
m354 36 38 40 45 1845 1936 1938 1940 1945 2036 2045 2286 2295 4336 
m1278 8 22 36 46 1122 1146 2308 2336 2346 4308 4836 
m698 5 32 36 45 1605 1805 1845 2255 2282 4332 
m582 27 45 46 2277 2296 2327 4846 
m2082 13 33 663 683 1663 1683 3183 4163 
m1964 13 22 33 36 40 672 686 690 1113 1122 1133 1136 1140 1672 1686 1690 2036 3183 
m2671 9 14 36 49 709 1809 1814 1836 1849 2459 2464 2486 2499 
m2316 32 36 1832 
m2306 30 37 40 46 1537 1540 1546 1890 2340 4396 
m631 22 37 39 1137 1139 1987 
m1056 22 45 46 1145 1146 2345 
m320 33 36 46 1686 2333 2336 2346 4833 
m1945 40 44 46 2044 2046 2344 
m2771 13 33 36 40 47 686 690 697 1686 1690 1697 1840 1847 2036 2040 2047 3183 4336 
m831 22 36 45 46 1136 1146 1845 1846 2336 2345 2346 4836 4846 
m1886 13 33 1663 1683 4163 
m1618 37 46 1896 
m424 45 
m218 23 36 40 41 46 49 1191 1836 1841 2023 2036 2041 2073 2086 2090 2091 2096 2099 2323 2336 2340 2341 2349 2473 2486 2490 2491 2499 4323 4336 4836 
m2168 13 17 22 672 872 3363 
m1572 12 32 612 1612 
m701 44 46 49 2344 2349 2494 
m2458 14 36 40 45 736 740 745 1840 2036 2286 2290 4336 
m2118 45 46 2295 2345 
m1700 14 22 44 46 1114 1144 1146 2214 2246 2314 2322 2344 2346 3246 4846 
m615 22 45 46 1145 1146 2296 4846 
m1065 12 46 49 2349 2462 4812 
m1186 22 23 30 38 41 1122 1123 1130 1138 1172 1173 1188 1522 1523 1530 1538 2072 2073 2080 2088 3673 
m2898 14 23 30 46 1514 1523 1546 2314 2323 2330 2346 3664 4814 4823 
m2887 14 46 2314 2346 4814 
m2136 14 22 39 40 46 740 1114 1122 1139 1140 1146 1990 1996 2014 2040 2046 2340 3246 4464 
m280 14 22 32 36 39 40 41 49 722 1614 1622 1639 1641 1814 1822 1832 1836 1839 1841 1849 1972 2014 2022 2036 2041 2049 2064 2072 2082 2089 2091 2482 2486 2491 4464 4586 
m99 11 
m2833 14 45 745 
m2033 14 36 38 46 48 736 746 748 1848 1914 1936 1938 1946 2314 2336 2338 2346 2348 
m92 22 46 49 1146 1149 2349 2472 2496 
m115 22 44 46 1146 2344 2346 4846 
m1956 37 38 46 1896 1937 1946 
m1060 12 46 612 2312 2346 4812 
m1595 9 36 1809 1836 2959 4309 4336 
m192 23 30 40 46 1180 2023 2030 2046 2330 2346 4823 
m488 22 36 40 46 49 1146 1822 1840 1846 1849 2036 2046 2049 2322 2340 2472 2496 4846 
m1681 38 45 46 1945 2338 2345 2346 
m2176 23 32 46 1173 1182 1196 1623 1632 1646 2323 2332 2346 4823 
m2067 16 38 46 838 2338 4816 
m1029 26 46 49 1346 1349 2346 2496 2499 
m2770 45 46 2296 
m1599 14 22 23 36 723 1114 1123 1136 1186 3236 
m636 11 13 45 563 595 695 
m1298 22 37 46 1872 2322 2337 
m2027 30 44 45 1545 2230 2245 
m641 14 22 722 1114 1122 
m28 5 36 45 286 295 1845 4336 
m2377 22 30 36 40 46 1122 1136 1146 1522 1536 1822 2022 2030 2036 2322 2330 2336 2340 2346 4836 
m1562 22 23 36 41 46 49 1141 1172 1191 1822 1823 1841 1846 2322 2323 2341 2472 2473 2486 2491 2496 
m2711 13 14 22 46 672 722 1113 1114 2313 2322 3213 4814 
m1349 12 41 45 46 2062 2096 2262 2291 2296 4812 
m2647 22 23 30 1122 1123 1130 1172 1173 1522 1523 3673 
m1871 45 46 2296 2345 2346 4846 
m421 14 23 30 46 714 723 730 746 1180 2314 2323 2330 2346 3223 4814 4823 
m2026 22 23 41 1122 1123 1141 1173 2072 2073 3673 
m38 36 45 46 1845 2345 4836 
m2577 36 45 1845 2286 2295 
m1477 22 23 36 39 41 1123 1136 1972 1973 1986 1991 2072 2073 3673 4323 4586 
m249 22 36 40 41 49 1136 1140 1141 1822 1836 1840 1841 2036 2072 2086 2090 2091 2472 2486 2491 4336 
m1846 14 36 49 749 1814 1849 
m1210 40 45 2045 
m1283 37 41 46 2087 2096 4837 
m2751 22 23 36 40 41 46 49 1122 1123 1136 1140 1141 1149 1173 1186 1190 1822 1823 1836 1841 1849 2022 2023 2036 2040 2046 2072 2073 2086 2322 2323 2336 2341 2349 2472 2473 2486 2491 3673 3686 4323 4336 
m1474 36 37 40 46 1886 1896 2036 2037 2046 2336 2346 4836 4837 
m340 22 23 32 1122 1123 1132 1182 1622 1623 1632 
m1970 30 36 40 46 49 1549 1830 1836 1846 1849 2030 2036 2040 2046 2049 2330 2349 2480 2499 
m2801 22 36 40 41 1822 1836 1841 2036 2041 2072 2086 2090 2091 4586 
m2614 5 22 36 40 41 272 286 290 291 1105 1122 1136 1140 1141 1840 1841 2041 
m197 23 36 40 41 1186 1190 1191 1840 1841 2036 2040 2041 
m801 5 13 14 33 263 283 705 713 733 4163 
m1482 22 33 46 1122 1133 1146 1696 2333 2346 4196 
m578 13 22 33 36 40 45 672 686 690 695 1122 1136 1140 1672 1686 1690 1822 2022 2036 2272 2283 2286 2290 3183 
m435 22 36 40 46 49 1822 1846 1849 2022 2036 2040 2046 2049 2322 2472 2496 
m2271 13 22 46 1113 1122 1146 2322 4813 
m2389 
m2652 22 23 36 40 41 46 49 1123 1136 1140 1149 1173 1186 1190 1199 1840 2022 2023 2036 2040 2041 2049 2072 2073 2086 2090 2099 2322 2323 2340 2341 2473 2486 3673 3686 4323 
m1068 41 46 2091 2096 2341 
m2476 36 38 46 48 1836 1838 1848 1936 1938 1948 2336 2338 2348 2436 2438 2448 4336 4836 
m2947 5 13 38 46 263 288 296 696 1913 1938 1946 2305 2313 2338 2346 
m1326 22 44 46 1146 2322 2344 2346 4846 
m2462 7 45 2257 
m1773 12 45 46 645 2345 4812 
m472 21 23 45 1171 2271 2273 
m598 22 23 30 38 1123 1130 1172 1173 1188 1522 1523 1530 1538 3673 
m1399 33 45 46 1695 2345 4833 
m619 22 36 40 49 1149 1822 1849 2022 2036 2049 
m1541 5 14 30 46 705 730 1505 2305 2314 2330 2346 4814 
m1801 12 14 23 30 41 46 641 723 730 741 1191 1512 1514 1523 1530 1541 2312 2314 2330 2341 3212 3662 4823 
m2212 5 45 46 2255 2296 2305 
m1597 13 46 2313 2346 4813 
m2653 14 22 38 46 738 1114 1138 2314 2322 2338 2346 4814 
m863 36 37 38 46 1837 1838 1888 1938 2338 4346 4837 
m1511 22 23 36 41 49 1123 1136 1141 1172 1173 1186 1191 1199 1822 1823 1841 1849 2072 2073 2086 2091 2099 2472 2473 2486 2491 3673 3686 4323 4336 
m1037 32 44 46 1644 1646 2344 
m864 22 46 49 2322 2346 2496 
m288 45 46 2295 2296 2345 2346 4846 
m1486 22 45 1145 
m800 5 37 46 1855 2305 2337 2346 
m1428 46 2346 
m1219 36 40 46 49 1836 1840 1846 2036 2040 2046 2049 2336 2346 2349 2486 4346 4836 
m2079 5 45 46 2255 2305 2345 2346 
m1389 32 36 46 1632 1636 1646 1832 1836 1846 2332 2346 4332 4846 
m709 5 46 2305 2346 4846 
m656 22 23 32 46 1123 1132 1146 1182 1196 2332 
m960 26 45 46 1345 1346 2345 
m2149 45 2295 
m693 36 37 38 46 49 1837 1838 1888 1938 2338 2486 2487 2496 4346 4837 
m2884 12 22 23 36 40 45 46 49 622 623 636 640 645 649 1123 1136 1140 1145 1195 1822 1823 1840 1845 1849 2012 2023 2036 2045 2046 2049 2322 2323 2336 2340 2345 2349 2472 2473 2486 2490 2495 3136 4323 4336 4812 
m2153 5 41 2055 
m372 6 42 46 2306 2342 2842 
m857 5 36 46 49 286 296 299 1836 1849 2305 2336 2346 2349 4836 4846 
m1093 13 22 38 1113 1122 1138 1913 
m1024 37 1887 
m1175 21 1071 
m2370 14 45 46 714 745 746 2345 4814 
m1904 45 2295 
m1405 
m474 5 14 32 705 1605 1614 
m803 45 
m1104 36 48 1836 1848 2436 2448 4336 
m1900 
m729 37 45 46 1895 2345 4837 
m1575 22 38 40 45 46 1138 1146 1938 1940 1946 2272 2288 2290 2296 2340 2346 
m824 45 46 2296 
m688 13 22 36 40 672 686 690 1822 1840 2022 2036 2040 4336 
m2071 28 37 38 39 46 1878 1928 1937 1938 1939 1946 1978 1987 2328 4396 4496 
m357 3 45 153 2253 
m15 32 
m1780 45 46 2296 2346 4846 
m1005 5 45 46 2255 2296 2305 
m1996 47 
m2636 13 22 38 1113 1138 1913 
m1100 14 36 46 714 736 1836 2314 2336 2346 3236 4814 4836 
m1742 5 13 22 33 655 1113 1122 1133 1655 1672 4163 
m2053 22 45 46 1122 1146 2272 2295 2296 2322 2346 4846 
m541 37 40 41 46 1890 2037 2046 2087 2090 2096 2340 4396 
m2402 37 39 40 46 1890 1987 1990 2037 2039 2046 2340 4396 4496 
m2410 22 23 45 1122 1123 1145 1173 2272 2273 2295 3673 
m279 22 23 30 39 1123 1522 1523 1972 1973 1980 3673 
m1346 18 45 2268 
m309 36 37 40 46 1837 1846 2036 2037 2040 2046 2337 2346 4346 
m933 26 40 45 46 1340 1346 2026 2040 2045 2046 2276 2290 2296 2340 
m404 22 38 40 1140 1922 1938 1940 
m1266 14 38 40 45 46 740 745 1914 1938 1940 1945 1946 2290 2340 2345 3246 
m398 45 46 2345 
