m2638 30 38 41 46 1930 1941 1946 2080 2330 2338 2341 2346 
m2056 46 2346 
m2071 14 32 49 732 2464 
m3074 10 14 46 710 746 2310 2346 
m1248 14 45 46 2264 2296 2314 2346 4814 
m185 13 22 33 36 40 672 686 690 1113 1122 1133 1136 1140 1672 1686 1690 1822 2022 2036 3183 
m2701 14 36 40 46 1814 1846 2014 2036 2040 2046 2314 2346 4346 4814 4846 
m2921 27 46 49 2327 2346 2477 2496 
m1947 13 38 688 1913 1938 
m651 36 46 49 2486 2496 4836 4846 
m484 36 45 1845 
m2344 32 36 38 40 46 49 1632 1636 1649 1849 1932 1936 1946 1949 2032 2036 2038 2046 2332 2336 2338 2340 2346 2349 
m3407 37 38 46 1937 1946 2337 
m2386 30 36 40 46 1830 2030 2036 2330 2336 2340 2346 4836 
m3061 22 23 30 36 40 41 46 1122 1123 1130 1136 1140 1141 1146 1191 1523 1536 1541 1546 1841 1846 2023 2030 2036 2040 2041 2046 2072 2341 3696 4323 
m1278 5 13 33 46 263 283 2305 2313 2333 4163 
m1640 45 2295 
m2640 22 23 38 46 1172 1922 1923 1938 1946 2322 2323 2346 
m1648 36 37 49 1836 1837 1849 2486 2487 2499 
m2926 22 23 30 36 41 1123 1130 1141 1191 1523 1541 1822 1823 1830 1841 
m3289 36 41 46 2336 2341 2346 4586 4846 
m1740 22 32 38 46 1146 1922 1932 1938 1946 2332 2346 
m2343 26 46 1346 2346 
m2796 13 38 1913 1938 
m2260 6 43 46 2306 2343 4656 
m2485 22 23 36 40 46 1122 1123 1136 1140 1146 1172 1822 2023 2036 2046 2322 2323 2336 2340 2346 4323 4823 4836 
m42 22 23 36 37 40 1123 1136 1140 1172 1173 1186 1190 1823 1840 1872 1873 1886 1890 2023 2036 2040 3673 3686 4323 4336 
m816 13 22 32 36 38 40 672 686 690 1113 1122 1136 1140 1613 1622 1636 1640 1822 1913 1922 1932 1936 2022 2036 
m2099 37 46 4837 
m2334 22 23 36 37 40 1122 1123 1136 1137 1140 1172 1173 1822 1823 1836 1837 1840 1872 1873 1886 1890 2022 2023 2036 2037 2040 3673 
m1741 22 23 36 40 46 1123 1136 1140 1146 1186 1190 1840 2023 2036 2040 2323 2336 2340 3673 4323 4336 4836 
m1027 3 30 37 46 153 180 187 196 1503 1530 1537 1546 1853 1880 2303 2330 2337 2346 4803 
m1742 22 23 36 40 46 1123 1136 1140 1146 1172 1822 2022 2023 2036 2040 2046 2322 2323 2336 2340 2346 4323 4836 
m1232 22 36 38 40 1122 1136 1138 1140 1836 1838 1840 1936 1938 2036 2038 2040 
m1949 14 22 36 45 46 714 746 1114 1122 1136 1145 1146 1846 2264 2286 2296 3236 3246 4314 
m1320 36 46 49 1849 2346 2349 2486 2499 4836 
m2078 38 41 46 1941 1946 2091 2341 
m2195 22 23 30 36 40 46 1122 1123 1130 1136 1140 1146 1180 1522 1523 1530 1536 1540 1546 1822 1823 1830 1836 1840 1846 2022 2023 2030 2036 2040 2046 2322 2323 2330 2340 4823 4846 
m3173 14 45 46 49 2264 2296 2299 2314 2346 2464 2496 4814 
m679 46 2346 
m64 13 20 22 33 36 38 40 1013 1022 1033 1036 1038 1040 1113 1122 1133 1136 1138 1140 1813 1833 1838 1840 1913 1933 2013 2033 2038 4163 
m3479 22 40 46 1146 2022 2046 2346 4846 
m864 22 37 46 49 1122 1137 1146 1899 2346 2349 2496 4396 4837 
m3611 3 32 37 182 187 1882 
m1799 23 36 38 40 41 1173 1186 1188 1190 1923 1936 1938 1940 2023 2036 2073 2086 2088 3673 3686 4323 4336 
m2615 14 46 2346 3246 4814 
m338 22 23 30 36 40 41 1122 1123 1130 1136 1140 1173 1522 1523 1536 1822 1823 1830 1836 2022 2023 2030 2036 2072 2073 2080 2086 2090 2091 3673 4323 4586 
m2892 5 22 36 38 40 46 49 286 296 299 1136 1138 1140 1146 1149 1836 1846 1849 1905 1936 1938 1946 1949 2036 2038 2046 2049 2346 2349 2455 2486 2496 2499 4836 
m3521 5 22 23 24 40 46 273 274 290 1123 1146 1190 1222 1240 1246 2022 2023 2024 2046 2340 3696 3723 
m878 22 23 36 40 41 1123 1141 1173 1186 1190 1823 1836 2023 2036 2040 2072 2073 2086 2090 2091 3686 4323 
m853 10 36 41 46 536 541 546 1836 1841 2336 2341 4586 4836 
m1505 14 22 36 40 41 46 714 722 736 741 1822 1836 1841 2014 2036 2041 2046 2072 2314 2322 2336 2341 3236 4314 4586 4814 
m77 22 44 46 1122 1144 1146 2222 2246 2322 2344 2346 4846 
m266 8 32 37 38 46 49 408 432 438 446 449 1637 1646 1932 1946 2332 2337 2346 2482 2487 2488 2496 
m480 22 36 38 40 41 46 1136 1141 1836 1840 1841 1936 1940 1941 1946 2022 2036 2038 2040 2041 2046 2086 2090 2091 2322 2336 2341 4586 
m2656 26 32 36 46 1332 1336 1346 1832 2332 2336 2346 4836 
m1782 22 46 1122 1146 2322 2346 
m1135 14 22 36 40 722 736 740 1114 1122 1136 1140 1822 2022 2036 
m2459 6 14 36 46 49 314 706 714 736 746 749 1806 1814 1846 2306 2456 2464 2486 2496 4814 
m601 32 36 41 46 1641 1646 2332 2336 2341 2346 4136 4586 
m1653 36 40 45 46 1845 2036 2045 2046 2336 2345 4836 4846 
m2088 37 40 46 49 1899 2037 2046 2049 2337 2340 2346 2349 4396 
m1488 21 22 30 36 40 41 46 1072 1096 1121 1122 1130 1136 1140 1141 1146 1521 1522 1536 1546 1821 1822 1846 2021 2022 2030 2036 2040 2046 2072 2090 2096 2321 2322 2340 4346 4846 
m3573 22 23 36 40 41 1122 1123 1136 1140 1141 1172 1173 1822 1823 1836 1840 2022 2023 2036 2040 2041 2073 2086 2090 3673 4586 
m1773 22 38 46 49 1122 1138 1146 1149 1922 1938 1946 1949 2322 2346 2349 
m640 22 30 40 46 1122 1130 1146 2022 2030 2046 2330 
m2837 36 40 46 1846 2036 2040 2046 
m1371 2 41 141 
m2094 13 38 46 1913 1946 2313 
m43 
m207 23 26 30 46 1176 1323 1326 1330 1346 1523 1526 1546 2326 2330 2346 3696 4823 4846 
m2705 6 14 23 32 36 706 723 732 736 1156 1182 1606 1636 1806 3686 
m2529 14 26 33 726 1314 1326 1333 1664 1676 1683 3233 
m3233 36 40 45 46 1845 2036 2040 2045 2046 2296 4346 
m2197 46 2346 
m2019 14 22 32 46 49 732 749 1114 1132 1146 1649 2314 2332 2346 2349 4814 
m2863 22 23 30 46 1122 1123 1130 1146 1180 1523 1530 1546 2330 2346 4823 
m1425 22 30 46 1122 1130 1146 2322 2330 2346 
m1236 22 23 30 41 1123 1130 1141 1522 1523 2073 2080 3673 
m5 32 36 38 41 46 1638 1646 1838 1846 2082 2096 2332 2336 2338 2341 2346 4332 4586 
m345 23 30 33 46 1180 1523 1530 1533 1546 1680 2323 2330 2333 2346 4173 4823 
m1987 26 39 40 46 1339 1340 1346 1990 2339 2340 4496 4846 
m1635 26 46 49 1326 1346 1349 2349 
m652 22 44 45 46 1146 2272 2294 2296 2344 2346 4846 
m2421 22 23 36 41 1122 1123 1172 1173 1822 1823 2072 2073 3673 4586 
m1075 14 32 42 46 732 2114 2132 2314 2332 2342 
m1429 22 23 30 1122 1123 1130 1522 1523 
m1487 22 44 46 1122 1144 1146 2322 2344 2346 4846 
m184 26 38 46 1326 1346 1926 1946 2326 4846 
m1954 14 22 36 40 41 46 714 722 736 741 1822 1836 1841 2014 2036 2046 2072 2314 2322 2336 2341 3236 4314 4586 4814 
m3336 22 36 37 40 46 1136 1137 1140 1146 1840 1886 1890 1896 2036 2037 2040 2046 2336 2340 2346 4346 4837 
m175 23 30 46 1180 1523 1530 1546 2330 4823 
m3411 14 26 46 726 746 1314 1326 1346 2326 2346 4814 
m2064 22 23 36 40 41 1123 1136 1140 1141 1173 1186 1190 1823 1836 2023 2036 2040 2072 2073 2086 2090 2091 3686 4323 
m3092 22 36 46 1822 1846 2322 4846 
m2932 22 23 36 41 1122 1123 1136 1822 1823 2072 2073 3673 4323 4586 
m3391 15 27 38 41 45 46 777 1915 1938 1941 1946 2065 2077 2088 2096 2288 2291 2296 2315 2327 2346 
m1142 45 2295 
m2190 5 32 33 46 283 296 1605 1633 1646 2333 
m2688 33 46 49 1696 1699 2349 
m3231 22 36 46 49 1822 1846 1849 2322 2346 2472 2496 
m308 36 40 41 1841 2036 2041 2086 2090 2091 
m3050 5 13 33 655 1655 4163 
m553 14 22 46 722 2322 3246 
m3054 22 23 30 36 40 41 46 1122 1123 1130 1136 1140 1141 1146 1191 1523 1536 1541 1546 1841 1846 2023 2030 2036 2040 2041 2046 2072 2073 2091 2341 3696 4323 
m2052 2 40 46 140 146 2046 
m894 16 23 36 40 41 46 836 840 841 1186 1190 1191 1841 2023 2036 2041 2046 2066 2073 2086 2090 2091 2096 2316 2336 2340 2341 3666 4823 
m2601 13 38 46 688 1913 1938 1946 2313 2338 
m980 32 37 1632 1637 1882 
m456 30 46 1546 2330 4846 
m3235 22 23 36 41 1122 1123 1136 1141 1172 1173 1186 1191 1822 1823 2072 2073 3673 4586 
m656 22 36 37 40 46 1122 1136 1140 1146 1822 1836 1837 1840 1846 1872 1896 2022 2036 2037 2040 2046 2322 2337 2346 4387 4396 4837 4846 
m2337 22 36 40 46 49 1136 1140 1146 1149 1836 1840 1846 1849 2036 2040 2046 2049 2336 2340 2346 2349 2486 2490 2496 4346 
m2154 36 4336 
m3560 22 23 36 40 41 1122 1123 1136 1140 1141 1172 1173 1822 1823 1836 1840 1841 2022 2023 2036 2040 2041 2073 2086 2090 3673 4586 
m908 12 14 46 2312 2314 2346 3212 4812 4814 
m86 14 40 46 2014 2040 2046 2314 2346 4814 
m1820 14 38 40 46 49 1914 1940 1946 1949 2014 2046 2049 2346 2464 2496 4814 
m823 37 46 1896 2346 4837 
m2894 23 45 1173 2273 3673 
m3487 23 36 41 49 1186 1199 1823 1836 1849 2073 2086 2099 2473 3673 4323 4586 
m3004 13 38 41 691 1913 1938 1941 
m1422 14 38 1914 
m1440 6 306 
m3499 22 23 30 36 40 41 46 1122 1123 1130 1136 1140 1141 1146 1172 1173 1180 1186 1190 1191 1523 1536 1540 1541 1841 2023 2036 2041 2073 2080 2086 2090 2091 2322 2323 2330 2341 3673 4323 
m2168 22 37 46 1122 1137 1146 2322 2337 2346 4837 
m364 14 22 40 45 46 722 2014 2045 2046 2264 2272 2296 2314 2322 2340 2345 2346 4814 
m2111 22 45 46 1145 2322 2345 2346 
m531 36 49 1836 1849 2486 2499 
m3273 3 36 48 49 186 198 1803 1848 1849 2453 2486 2498 2499 4336 
m2214 38 46 1938 1946 
m344 22 32 36 40 1122 1132 1136 1140 1622 1636 1640 1822 1836 1840 2022 2036 4332 
m2374 5 36 46 1805 1846 2305 2336 2346 4346 4836 4846 
m3277 26 38 46 1346 1926 1946 2346 
m174 17 23 26 30 46 880 896 1180 1317 1323 1330 1346 1517 1523 1530 1546 2330 3373 4823 
m580 22 32 46 1122 1132 1146 2322 2332 2346 4846 
m1365 13 20 22 32 36 40 670 686 690 1113 1120 1136 1140 1613 1620 1622 1636 1640 1820 2020 2036 2040 3186 4336 
m1341 32 46 1632 1646 2332 2346 
m2632 22 40 46 1122 1140 1146 2022 2040 2046 2322 
m2755 3 30 38 46 180 1530 1903 1930 1938 1946 2330 4803 
m3344 6 14 32 36 314 332 732 1806 1814 1832 
m2592 27 38 46 1927 1938 1946 2327 
m2563 36 38 40 46 49 1836 1838 1840 1846 1849 1938 2036 2038 2040 2046 2049 2336 2338 2340 2346 2349 2486 2488 4336 4346 4836 
m3062 22 23 36 40 46 49 1122 1123 1136 1146 1149 1199 1849 2022 2023 2036 2046 2336 2346 2349 3686 4823 4836 
m3649 13 38 46 1913 1938 1946 2313 2346 
m3409 22 38 46 1146 1922 1938 1946 2346 
m3427 22 30 36 40 41 46 49 1122 1130 1136 1140 1141 1146 1149 1522 1536 1546 1822 1830 1836 1840 1846 1849 2022 2030 2036 2040 2046 2049 2072 2090 2322 2472 2480 2486 2490 2496 4346 4846 
m2359 5 21 22 38 46 271 272 288 296 1121 1138 1146 1921 1946 2305 2321 2322 2338 2346 
m1806 32 46 2332 
m918 22 23 30 36 40 41 1122 1123 1136 1140 1141 1172 1173 1186 1190 1191 1522 1523 1536 1541 1840 1841 2023 2036 2041 2072 2073 2086 2090 2091 3673 3686 4323 4336 4586 
m51 23 30 36 49 1180 1523 1530 1549 1823 1830 1836 1849 2473 2480 2486 2499 
m1346 13 22 30 680 1113 1122 1130 
m3452 15 22 32 46 782 1115 1122 1132 1146 1615 1622 1632 1646 2315 2322 2332 2346 4815 
m1708 6 14 32 36 314 332 732 1806 1814 1832 
m1802 23 30 46 1173 1180 1196 1523 1530 1546 2323 2330 2346 3696 4823 
m3078 5 17 41 46 255 867 891 2091 2317 2341 2346 4817 
m2861 22 23 36 40 1123 1136 1173 1186 1190 1836 1840 2036 3673 3686 
m753 23 45 1195 
m2771 46 2346 4846 
m1237 22 23 41 1122 1123 1141 1173 2072 2073 3673 
m3534 22 37 46 1122 1137 1146 4837 
m195 37 46 4396 
m556 16 23 30 38 45 46 830 1180 1516 1523 1530 1546 1916 1930 1945 1946 2266 2273 2280 2296 2316 2323 2330 2345 2346 3323 4823 
m2041 23 41 1191 2073 3673 
m867 5 36 46 286 296 2305 2336 2346 4836 
m2186 14 714 
m3199 14 46 49 2314 2346 2464 2496 4814 
m3359 3 30 38 46 180 188 196 1903 1930 1938 1946 2330 
m353 22 23 30 36 40 46 1122 1123 1130 1136 1140 1146 1172 1173 1522 1523 1530 1540 1546 1822 1823 1830 1840 1846 2022 2023 2030 2036 2040 2046 2322 2323 2330 2340 2346 3696 4823 
m899 22 23 36 39 41 1123 1136 1972 1973 1986 1991 2072 2073 3673 4323 4586 
m631 22 23 1123 1172 1173 3673 
m761 30 36 46 49 1536 1549 1849 2330 2336 2346 2349 
m1282 22 23 36 40 46 49 1172 1822 1823 1836 1849 2022 2023 2036 2040 2046 2049 2322 2323 2336 2349 2473 2486 3686 4336 4346 4836 
m648 26 32 36 40 46 49 1336 1340 1346 1349 1632 1636 1649 1849 2032 2036 2040 2046 2332 2336 2340 2346 2349 
m1461 22 23 45 1123 1173 1195 3673 
m3059 5 32 36 38 45 46 49 282 286 288 295 296 1632 1638 1645 1646 1838 1845 1846 1932 1936 1945 1946 2295 2332 2338 2345 2346 2455 2482 2486 2488 2496 4136 4332 4836 
m2366 5 13 22 26 33 36 40 263 272 283 286 290 672 686 690 1113 1122 1133 1136 1140 1305 1313 1322 1333 1336 1340 1655 1663 1672 1683 1686 1690 1822 2022 2036 3183 
m1293 40 41 46 2046 2090 2096 2340 
m3618 26 38 46 1926 1938 1946 2326 
m321 22 23 46 1122 1123 1146 1196 2323 3673 
m1378 23 30 36 40 49 1180 1199 1549 1823 1830 1836 1840 1849 2023 2030 2036 2040 2049 2473 2480 2486 2490 
m1327 14 38 46 49 746 749 1914 1938 1946 1949 2346 2349 
m2866 46 2346 
m1136 23 1173 3673 
m622 22 46 1122 1146 2322 2346 4846 
m2243 36 40 46 1836 1840 1846 2036 2040 2046 2336 2340 2346 4336 4346 
m3164 22 36 40 41 1822 1840 2022 2036 2072 2086 2090 4336 4586 
m1250 14 40 46 2014 2040 2046 2314 2346 4814 
m953 12 13 22 32 36 40 622 636 640 672 686 690 1112 1113 1122 1136 1140 1612 1613 1622 1636 1640 1822 2022 2036 3162 
m1809 23 30 46 1180 1523 1530 2330 4823 
m2923 12 14 23 30 41 46 641 723 730 741 1191 1512 1514 1523 1530 1541 2312 2314 2330 2341 3212 3662 4823 
m1208 26 32 33 37 1333 1626 1633 1637 1876 1883 
m892 36 40 41 46 1841 2036 2041 2086 2090 2091 2336 2340 2341 4336 4836 4846 
m1007 6 36 40 43 336 340 1806 1836 1840 1843 2006 2036 2043 2186 2190 2843 
m1222 22 30 36 40 1122 1136 1140 1522 1536 1540 1822 1836 1840 2022 2036 
m2384 22 26 44 46 1122 1126 1144 1146 1346 2222 2226 2246 2322 2326 2344 2346 4846 
m49 38 46 1938 1946 
m1831 36 41 1836 1841 2086 2091 4586 
m1880 22 32 36 38 45 46 49 1122 1146 1632 1636 1645 1646 1649 1845 1846 1849 1932 1936 1946 2272 2295 2296 2322 2332 2336 2345 2346 2349 2495 2496 4846 
m1409 22 37 40 46 1872 2022 2037 2040 2046 2322 2337 2340 2346 4396 
m1634 30 36 46 1536 1546 2330 2336 2346 4836 
m1973 13 22 37 672 1872 4363 
m1230 32 36 40 41 46 1640 1641 1646 1846 2032 2036 2040 2041 2046 2096 2332 2336 2340 2341 2346 4136 4586 
m2682 17 37 46 2337 3387 4817 
m1491 40 45 46 2290 2296 2340 2346 
m1948 13 38 688 1913 1938 
m803 14 23 30 46 1514 1523 1546 2314 2323 2330 2346 3664 4814 4823 
m1761 38 46 1946 
m2493 22 23 30 46 49 1122 1123 1130 1146 1180 1523 1530 1546 2330 2346 2472 2473 2480 2496 4823 
m3335 36 37 40 46 1837 1846 2036 2037 2040 2046 2337 2346 4346 4837 
m3024 22 23 30 36 40 46 1122 1123 1130 1136 1140 1146 1172 1180 1186 1190 1196 1522 1523 1530 1536 1540 1546 1830 2022 2023 2030 2036 2046 2330 4836 
m3027 23 31 46 49 1196 1573 1596 2323 2346 2473 2481 2496 
m2302 14 22 26 46 714 722 726 746 1114 1122 1126 1146 1314 1322 1346 2314 2322 2326 2346 3246 
m37 22 23 30 36 40 46 49 1122 1123 1130 1136 1140 1146 1149 1172 1173 1180 1186 1190 1199 1522 1523 1530 1536 1540 1546 1549 1823 1840 2022 2023 2030 2036 2040 2046 2322 2330 2336 2340 2346 2349 2472 2473 2480 2486 2490 2496 3696 4823 
m1042 22 36 40 46 1822 1840 1846 2022 2036 2040 2046 2322 2336 2340 2346 4336 4346 4836 
m3196 22 23 30 36 38 40 46 1123 1130 1136 1140 1172 1173 1180 1186 1188 1190 1196 1523 1538 1546 1822 1830 1922 1923 1936 1940 1946 2022 2023 2030 2036 2040 2322 2323 2330 2336 2340 3673 4323 
m3580 22 48 1122 1148 
m1012 14 26 38 726 1914 1926 1938 
m2092 14 26 32 46 1314 1346 1626 1646 2314 2346 4814 
m1476 13 38 45 46 688 2263 2295 2296 2313 2338 2346 3196 
m337 22 36 40 44 46 1136 1144 1146 1822 1836 1846 2022 2036 2044 2046 2236 2246 2322 2336 2344 2346 4346 4736 4836 4846 
m711 23 30 45 46 1195 1523 1545 1546 2323 2330 2345 2346 3696 4823 4846 
m2470 36 37 46 1837 2336 2337 4336 4337 
m3458 36 40 46 1840 1846 2036 2040 2046 2346 4346 
m1957 22 37 46 49 1137 1146 2322 2337 2346 2472 2496 4396 4837 
m2038 11 13 22 33 36 40 563 572 583 586 590 672 686 690 1113 1122 1133 1136 1140 1672 1686 1690 1822 2022 2036 3183 
m68 12 26 46 1312 1346 2346 4812 
m1822 36 40 46 49 1840 1846 1849 2036 2040 2046 2049 2336 2340 2346 2486 2496 4336 4346 4846 
m3598 22 45 46 1122 1146 2272 2296 2322 2346 4846 
m24 22 23 36 40 45 1122 1123 1136 1140 1145 1173 1822 1823 1836 1840 1845 2022 2023 2036 2040 2045 2273 3673 
m2690 23 36 42 1173 1186 1192 3686 4342 
m3240 14 22 36 41 46 714 722 736 741 1822 1836 1841 2072 2314 2322 2336 2341 3236 4314 4586 4814 
m1149 30 36 38 40 46 1830 1930 1936 1940 1946 2030 2036 2046 2330 2336 2340 2346 4836 
m3596 22 23 30 46 1122 1123 1130 1146 1523 1546 2323 3673 4823 
m3661 14 22 23 30 40 45 46 714 746 1114 1145 1146 1164 1172 1190 1195 1196 1514 1522 1523 1530 1540 1545 1546 2014 2022 2023 2030 2040 2045 2046 2264 2296 2314 3664 
m2480 36 40 46 1836 1840 2036 2040 2336 2340 2346 
m2984 38 41 46 1938 1941 1946 2341 2346 
m2868 22 23 30 46 49 1122 1123 1130 1146 1149 1172 1173 1180 1522 1523 1530 1549 2322 2323 2330 2349 2472 2473 2480 3673 4823 
m1794 46 2346 
m2704 
m1727 12 46 646 2312 2346 3146 4846 
m416 23 30 36 40 46 1186 1190 1523 1530 1536 1540 1546 1823 1830 1836 1846 2023 2030 2036 2046 2330 2336 2340 2346 3696 4823 
m1881 23 36 1186 1836 3686 
m2855 26 38 46 1926 1938 1946 2326 
m3601 22 23 36 38 41 1122 1123 1136 1141 1172 1822 1823 1922 1923 1936 1941 2072 2073 2086 2088 2091 3673 4323 4586 
m3228 14 26 38 41 741 1314 1341 1914 1926 1941 
m925 22 24 1124 
m180 15 23 30 40 46 773 1515 1523 1530 1546 2015 2023 2030 2046 2315 4823 
m3190 14 38 40 738 1914 1938 1940 2014 2038 2040 
m2753 14 22 38 44 46 744 746 1114 1138 1144 1146 1914 1938 1944 1946 2344 2346 3246 
m3340 22 36 38 40 46 1136 1138 1140 1146 1838 1946 2036 2038 2040 2046 2336 2338 2340 2346 4346 
m2519 23 26 30 46 1180 1323 1326 1330 1346 1523 1530 2330 2346 4823 
m1047 37 40 46 1890 2340 4396 
m1225 22 23 30 38 46 1123 1130 1146 1188 1523 1530 1538 1546 2338 3696 
m725 26 36 46 1336 1346 2336 2346 4836 
m2931 12 13 46 662 696 2312 2346 3196 4812 
m1559 22 23 36 41 1122 1123 1172 1173 1822 1823 1841 2072 2073 2091 3673 4586 
m424 14 36 46 49 736 746 2336 2346 2349 2464 2486 2496 4814 4836 
m1685 5 22 36 38 46 49 286 296 299 1136 1138 1146 1149 1836 1846 1849 1905 1936 1946 2346 2349 2455 2486 2488 2496 4836 
m1577 37 41 46 49 1891 2337 2341 2346 2349 2487 2491 2496 4396 
m2626 26 46 1346 
m3621 37 40 46 1890 2037 2040 2046 2337 2340 2346 4396 
m76 32 39 46 1632 1639 1646 1989 2339 2346 4496 4839 
m165 36 38 1838 1936 1938 
m169 12 26 46 1312 1326 1346 2312 2346 4812 
m378 14 22 46 722 1114 1146 2322 3246 
m3177 22 23 46 1123 1146 1196 2322 2323 4846 
m1343 13 22 38 49 699 1113 1122 1138 1149 1913 1938 1949 
m1329 36 
m2570 14 40 46 2014 2040 2046 2314 2346 4814 4846 
m1512 32 36 41 46 1641 1646 2332 2336 2341 2346 4136 4586 
m1935 14 22 23 30 40 46 722 723 730 746 1114 1122 1123 1130 1146 1172 1173 1180 1196 1514 1522 1523 1530 1546 2014 2022 2023 2030 2046 2323 2330 2346 3246 3696 4823 
m673 23 27 1173 1177 1373 1377 
m1724 14 23 30 46 1514 1523 1546 2314 2323 2330 2346 3664 4814 4823 
m446 5 23 24 40 46 273 274 290 296 1190 1240 1246 2023 2024 2040 2046 2340 3696 3723 
m734 23 30 36 41 1173 1523 1823 1830 2073 2080 3673 4323 4586 
m2224 12 15 30 46 1512 1515 1546 2312 3262 4815 
m1860 22 23 38 46 1122 1123 1138 1146 1172 1922 1923 1938 1946 2322 3696 
m3660 13 33 38 1913 1933 1938 4163 
m3355 13 20 22 32 36 40 46 672 686 690 1013 1022 1032 1036 1040 1122 1136 1140 1613 1622 1636 1640 1822 2022 2036 2313 2320 2322 2332 2336 2340 
m579 22 36 40 41 1141 1822 1836 1841 2036 2041 2072 2086 2091 4586 
m529 26 32 36 41 46 1332 1336 1341 1346 1641 1646 2332 2336 2341 2346 4136 4586 
m708 5 13 38 46 263 296 1905 1913 1938 1946 2305 2313 2346 4813 
m2800 33 34 38 40 46 1690 1696 1733 1734 1738 1746 1933 1938 1940 1946 2333 2338 2340 2346 
m3532 23 36 41 1186 2073 3673 4323 4586 
m201 23 26 46 1176 1346 3696 4846 
m1754 5 37 45 46 1855 1895 2255 2305 2337 2345 2346 4837 4846 
m151 14 32 46 714 732 746 1614 1646 4814 
m1269 14 22 23 30 40 45 46 714 746 1114 1145 1146 1164 1172 1190 1195 1196 1514 1522 1523 1530 1540 1545 1546 2014 2022 2023 2030 2040 2045 2046 2264 2296 2314 3664 
m2223 13 46 2313 
m1245 14 40 46 2014 2040 2046 2314 2346 4814 
m3106 22 46 1122 1146 2346 
m1187 22 23 30 36 40 1123 1130 1173 1186 1190 1523 1530 1536 1823 2023 2036 3673 3686 
m814 36 41 46 2096 2336 2341 2346 4586 4836 4846 
m2024 14 23 30 38 40 730 1180 1514 1523 1530 1540 1914 1923 1930 1940 2014 2023 2030 3223 
m1472 45 2295 
m941 36 40 41 1836 1840 2036 2086 2090 2091 4586 
m860 38 46 1938 1946 2346 
m3543 6 17 23 32 36 856 873 882 886 1156 1182 1606 1636 1806 3686 
m2102 33 45 1695 
m2846 5 23 30 40 46 1155 1180 1505 1523 1530 1546 2005 2023 2030 2040 2046 2305 2323 2330 2340 4846 
m3166 16 26 36 40 46 49 826 1826 2016 2036 2046 2316 2326 2346 2466 2486 2490 2496 3336 3346 4346 4836 
m1145 22 23 36 40 41 1122 1123 1136 1140 1141 1172 1173 1822 1823 1836 1840 1841 2022 2023 2036 2040 2041 2072 2073 3673 4586 
m763 23 41 46 2073 2323 2341 3673 
m2545 22 23 30 36 40 41 1122 1123 1130 1136 1140 1172 1173 1186 1190 1522 1523 1536 1822 2022 2036 2072 2073 2080 2086 2090 3673 3686 
m454 22 38 46 1138 1146 1922 1938 1946 
m3531 36 40 41 46 49 1841 1846 2036 2041 2046 2336 2340 2341 2346 2349 2486 2490 2491 2496 4346 
m1077 32 36 46 49 1832 1849 2332 2336 2346 2349 2482 4332 4336 4836 
m3321 23 24 40 46 1190 1240 1246 2023 2024 2040 2046 2323 2324 2340 3696 3723 
m1518 4 204 
m2412 22 36 40 46 1122 1136 1140 1146 1840 1846 2022 2036 2040 2046 2322 2340 2346 4836 
m1536 36 41 2086 
m2083 30 38 39 1930 1980 1988 
m2151 33 41 48 1691 2433 2441 
m2284 23 36 38 40 41 46 1823 1838 1841 1923 1941 1946 2023 2036 2038 2040 2041 2046 2073 2323 2341 4346 
m943 32 46 1632 1646 2332 2346 4846 
m1924 36 46 2336 
m396 37 40 46 1890 2037 2040 2046 2337 2340 2346 4396 
m1779 22 36 37 40 46 1122 1136 1137 1140 1146 1822 1836 1837 1840 1846 1872 1896 2022 2036 2037 2040 2046 2322 2337 2346 4387 4396 4837 4846 
m2341 5 36 46 49 286 296 299 1836 1849 2305 2336 2346 2349 2455 2486 2496 4836 4846 
m2812 23 38 1923 
m1522 5 23 24 38 40 46 273 274 290 296 1190 1240 1246 1905 1923 1924 1938 1946 2023 2024 2040 2046 2340 3696 3723 
m1849 22 26 44 46 1122 1126 1144 1146 1322 1344 1346 2222 2246 2322 2326 2344 2346 4846 
m3503 23 46 49 2346 2349 2473 4823 
m1735 23 28 36 1178 1186 1823 1828 1836 3673 
m3432 36 40 46 49 1836 1840 1846 1849 2036 2040 2046 2049 2336 2340 2346 2349 2486 2490 2496 4836 
m554 16 46 816 846 2346 3346 
m1386 37 46 49 1899 2346 2349 2496 4396 4837 
m680 46 2346 
m2981 22 30 37 46 1130 1137 1146 1880 2330 4396 
m1866 23 36 41 49 1191 1823 1836 1841 1849 2473 2486 2491 3686 4323 4336 4341 
m944 22 46 48 1146 1148 2348 
m2070 23 24 40 46 1190 1240 1246 2023 2024 2040 2046 2323 2324 2340 2346 3696 3723 
m3102 28 37 38 39 46 1878 1928 1937 1938 1939 1946 1978 1987 2328 4396 4496 
m2758 22 36 40 41 1136 1140 1141 1836 1841 2036 2041 2086 2090 2091 4586 
m2058 26 41 46 1341 1346 2096 
m807 30 45 46 2280 2296 2330 2345 2346 4846 
m320 5 36 38 46 49 255 286 288 296 299 1805 1836 1838 1846 1849 1905 1936 1946 2346 2349 2486 2499 4836 
m2166 30 36 37 40 46 1536 1537 1540 1546 1837 1840 1846 1890 2037 2046 2340 4396 
m2199 22 23 30 41 1122 1123 1130 1141 1172 1173 1180 1191 1522 1523 1530 2072 2073 2080 2091 3673 
m2786 12 14 40 46 712 2012 2014 2046 2314 2346 3146 3246 4812 
m3015 23 24 40 46 1190 1240 1246 2023 2024 2040 2046 2340 3696 3723 
m3377 22 23 30 36 40 41 1122 1123 1130 1136 1140 1173 1522 1523 1536 1822 1823 1830 1836 2022 2023 2030 2036 2072 2073 2080 2086 2090 2091 3673 4323 4586 
m1553 16 22 23 30 46 830 1116 1122 1123 1130 1146 1523 1546 2316 2330 2346 3323 3346 3696 4823 
m1499 14 32 36 46 732 736 746 1832 2332 2336 2346 3246 4836 
m2789 22 40 44 46 1146 2022 2044 2046 2344 2346 4846 
m653 14 32 36 41 46 1614 2064 2082 2086 2314 2332 2336 2341 4136 4314 
m1766 22 23 30 32 40 41 1140 1182 1523 1530 1532 2022 2023 2030 2032 2040 2072 2090 
m2084 22 23 36 41 1123 1136 1141 1173 1186 1191 3673 3686 4341 
m1854 46 2346 
m712 46 49 2346 2349 4846 
m93 30 38 46 1930 1938 1946 2330 2346 
m3144 22 23 36 40 41 1122 1123 1136 1140 1173 1822 1823 1836 2022 2023 2036 2072 2073 2086 2090 3673 4323 4586 
m1091 12 32 36 46 1612 1646 1812 2336 2346 3146 4136 4346 4812 
m3544 27 32 1382 
m3269 13 38 1913 1938 
m1604 14 23 38 46 49 1196 1914 1923 1946 1949 2464 2473 2496 3664 4814 
m687 22 23 30 36 40 41 46 1122 1123 1130 1136 1140 1141 1146 1172 1173 1180 1186 1190 1191 1523 1536 1540 1541 1841 2023 2036 2041 2072 2073 2080 2086 2090 2091 2096 2322 2323 2330 2341 3673 4323 
m2639 11 13 23 30 33 563 573 580 583 673 680 1173 1180 1513 1523 1533 1673 1680 3183 3673 
m2642 5 13 26 33 41 46 655 696 1305 1313 1326 1346 1655 1676 1696 2055 2063 2076 2083 2096 2305 4163 
m265 26 37 46 1326 1337 1346 1876 2326 4396 
m342 14 30 36 38 46 1514 1530 1536 1538 1814 1830 1836 1838 1914 1938 1946 2314 2330 2336 2346 4036 4330 
m2011 22 23 36 40 1123 1136 1140 1173 1186 1190 1823 1840 2023 2036 3673 4323 4336 
m3605 36 46 4836 
m1994 22 38 46 49 1122 1146 1149 1922 1938 1946 1949 2322 2346 2349 4846 
m2617 22 23 30 36 40 41 1122 1123 1130 1136 1140 1173 1522 1523 1536 1822 1823 1830 1836 2022 2023 2030 2036 2072 2073 2080 2086 2090 2091 3673 4323 4586 
m46 36 46 2336 2346 4836 
m453 22 46 1146 2322 2346 
m1257 22 30 36 38 40 41 45 46 1130 1136 1138 1140 1141 1145 1146 1522 1536 1540 1541 1822 1836 1840 1922 1945 1946 2022 2036 2040 2086 2090 2272 2296 2322 2330 2336 2341 
m668 
m18 14 23 30 36 40 46 730 1180 1814 1823 1830 1846 2014 2023 2030 2036 2040 2046 2314 2323 2330 2346 3223 4346 4814 4823 
m1481 22 23 30 36 40 46 1122 1123 1130 1136 1140 1146 1172 1173 1522 1523 1530 1540 1546 1822 1823 1830 1840 1846 2022 2023 2030 2036 2040 2046 2322 2323 2330 2340 2346 3696 4823 
m3412 
m1220 22 23 41 1122 1123 1141 1172 2073 
m3308 23 24 40 46 1190 1240 1246 2023 2024 2040 2046 2340 3696 3723 
m2244 36 40 46 1836 1840 1846 2036 2040 2046 2336 2340 2346 4336 4346 
m911 32 36 40 46 2032 2036 2040 2046 2332 4332 4836 
m1026 22 38 46 1138 1146 1938 1946 2338 
m897 22 23 30 36 40 46 49 1172 1173 1190 1196 1522 1523 1536 1546 1549 1822 1823 1840 2022 2023 2046 2322 2472 2473 2486 2490 2496 3696 4323 4346 
m1015 38 40 46 49 1940 1946 1949 2046 2490 2496 
m2125 22 38 45 46 1138 1145 1146 1938 1945 1946 2345 
m2258 12 38 41 46 1912 1941 1946 2062 2091 2096 2312 
m1664 5 13 33 38 46 655 1655 1696 1913 1933 1946 2305 2313 4163 
m3466 45 46 2345 
m2487 22 36 41 1122 1136 1141 1841 2091 4586 
m63 14 32 46 732 2332 4814 
m1097 23 45 1195 
m2752 37 49 1899 2487 
m3124 14 30 46 730 2314 2330 
m578 22 41 1122 1141 2072 
m3379 12 14 40 46 646 2012 2014 2046 2314 2346 3114 4812 
m3381 13 22 46 1113 1122 2322 4813 
m1550 22 23 30 36 40 41 1122 1123 1130 1136 1140 1141 1173 1522 1523 1536 1822 1823 1830 1836 2022 2023 2030 2036 2072 2073 2080 2086 2090 2091 3673 4323 4586 
m2301 22 23 30 36 40 46 1122 1123 1130 1136 1140 1146 1172 1173 1522 1523 1530 1540 1546 1822 1823 1830 1840 1846 2022 2023 2030 2036 2040 2046 2322 2323 2330 2340 2346 3696 4823 
m219 11 13 46 563 2311 2313 
m1887 30 36 40 46 1830 1836 1840 1846 2030 2036 2040 2046 2330 2336 2340 2346 4336 4346 4836 
m2249 33 38 41 46 1691 1933 1941 1946 2341 4833 
m2502 22 23 30 36 40 46 49 1122 1123 1130 1136 1140 1146 1172 1173 1180 1186 1190 1196 1523 1530 1536 1540 1546 1822 1823 1830 1840 1846 2022 2023 2030 2036 2040 2046 2330 2346 2472 2473 2486 2490 3696 4336 4346 4823 
m1347 23 30 37 39 1180 1523 1530 1537 1539 1880 1980 1987 4373 4473 
m2699 23 30 36 39 40 41 1173 1186 1190 1191 1523 1539 1541 1823 1973 1986 1991 2023 2036 2073 2086 2090 2091 3673 4323 4336 4586 
m105 26 41 46 1341 1346 2341 
m2935 22 30 32 36 40 41 46 49 1122 1130 1132 1136 1140 1141 1146 1522 1532 1536 1546 1622 1646 1822 1830 1832 1836 1840 1846 1849 2022 2030 2032 2036 2040 2046 2049 2072 2090 2096 2322 2472 2480 2482 2486 2490 2496 4346 4846 
m3542 32 36 38 46 1832 1932 1936 1938 1946 2332 2336 2346 4836 
m2171 20 40 48 1040 2040 2420 2440 
m661 22 26 38 46 1146 1322 1346 1922 1926 1946 2346 
m2630 5 13 26 33 41 46 655 696 1305 1313 1326 1333 1341 1346 1655 1676 1691 1696 2055 2063 2096 2305 4163 
m3213 23 30 36 40 41 49 1186 1190 1199 1523 1530 1536 1540 1549 1836 1840 1849 2073 2080 2086 2090 2099 2490 3686 4336 
m913 5 13 22 38 263 272 288 663 1105 1113 1122 1138 1905 1913 1922 1938 
m1171 30 45 46 49 2280 2296 2299 2330 2480 2496 
m3513 12 36 46 49 612 636 646 649 1812 1849 2312 2336 2346 2349 2462 2486 2496 2499 4812 
m3511 32 36 38 40 46 1832 1932 1936 1946 2032 2036 2038 2046 2332 2336 2346 4836 
m2865 45 2295 
m1746 22 23 1122 1123 1173 3673 
m2696 30 44 45 2230 2245 2280 
m3475 46 49 2346 2349 
m2246 22 36 40 41 45 1122 1136 1140 1141 1145 1822 1836 1840 1845 2022 2036 2040 2045 2072 
m1650 14 36 40 46 740 1814 1836 1840 1846 2014 2036 2040 2046 2314 2340 2346 3246 4314 4346 4836 
m1607 37 40 45 46 49 1895 1899 2037 2040 2045 2046 2340 2345 2346 2349 2495 4387 4396 4837 
m2406 22 38 46 1138 1146 1922 1938 1946 
m2457 22 23 30 40 46 1122 1123 1130 1140 1146 1172 1173 1180 1190 1196 1522 1523 1530 1540 1546 2023 2046 2323 3673 3696 4823 4846 
m865 38 46 1946 2338 2346 
m1173 14 23 30 730 1180 1523 1530 3223 
m127 22 30 36 40 41 49 1122 1130 1136 1140 1141 1536 1540 1822 1840 1841 2022 2036 2040 2041 2080 2086 2090 2472 2486 2490 
m2113 2 26 46 126 2302 2326 
m2115 13 22 33 36 40 46 49 672 686 690 1113 1133 1136 1140 1672 1686 1690 1822 2013 2022 2036 2046 2313 2322 2333 2336 2340 2349 2463 2472 2483 2486 2490 3183 
m1234 36 38 40 46 49 1936 1938 1940 1946 2036 2046 2049 2346 2349 2486 4836 
m3586 30 37 46 1530 1537 1546 1880 2330 2337 2346 
m2350 14 46 49 2314 2346 2464 2496 4814 
m1899 22 30 36 49 1122 1130 1136 1149 1522 1536 1549 1822 1830 1849 2472 4336 
m2599 14 46 2346 3246 4814 
m1000 36 38 46 49 1849 1936 1946 1949 2336 2338 2346 2349 2486 2496 
m2549 38 46 1938 1946 2338 2346 
m990 14 22 40 46 746 1114 1146 2014 2046 2346 
m1501 22 30 40 46 1122 1130 1140 1146 2030 2046 2322 2330 2340 2346 
m1381 23 30 46 49 1180 1199 1549 2323 2330 2346 2349 2473 2480 2496 
m2547 13 36 38 40 1813 1913 1936 1940 2013 2036 
m1772 14 32 36 44 46 736 1614 2214 2232 2236 2314 2332 2336 2344 4136 4846 
m3417 29 36 49 1829 1836 2479 2486 4336 
m3664 14 23 30 38 46 723 730 738 746 1180 1523 1530 1546 1923 1930 1946 2323 2330 2338 2346 4823 
m2553 11 46 2311 
m1340 22 23 30 38 41 1123 1172 1173 1188 1522 1523 1530 1538 2072 2073 2080 2088 3673 
m835 13 38 46 688 1913 1938 1946 2313 2338 2346 3196 
m3667 13 22 36 37 40 672 686 690 1113 1122 1136 1137 1140 1822 1872 1886 1890 2022 2036 3187 
m3091 14 23 40 46 49 1196 2014 2023 2046 2049 2464 2473 2496 3664 4814 
m3009 5 13 33 38 263 283 288 655 663 1655 1663 1905 1913 1933 1938 4163 
m1959 13 22 32 36 38 40 672 686 690 1113 1136 1140 1613 1622 1636 1640 1822 1913 1922 1932 1936 1940 2022 2036 2040 3186 4336 
m2489 29 
m639 14 36 40 46 1814 1836 1846 2014 2036 2040 2046 2336 2346 4314 4346 4814 
m3526 22 23 37 41 1122 1123 1137 1141 1172 1173 1872 1873 2072 2073 2087 3673 
m3361 14 44 46 49 744 746 2344 2464 2494 2496 
m2736 22 30 36 38 41 46 48 1122 1138 1141 1146 1830 1848 1930 1936 1941 1946 2080 2086 2088 2091 2096 2098 2330 2336 2348 2430 4336 
m1594 14 22 38 46 738 1114 1138 2314 2322 2338 2346 4814 
m3437 13 26 46 1313 1346 2313 2326 2346 
m2116 38 46 2338 2346 4846 
m833 13 36 39 40 46 49 1813 1840 1846 1849 1963 1986 1990 1996 2013 2036 2040 2046 2049 2463 2496 4813 
m244 14 22 46 714 722 746 1114 1146 2314 2346 3246 4814 
m1113 14 22 45 46 722 746 1146 2264 2296 2346 3246 
m3083 5 23 24 40 41 46 273 274 290 291 296 1190 1240 1246 2023 2024 2040 2046 2073 2074 2090 2096 2340 3696 3723 
m144 23 30 46 1180 1523 1530 1546 2330 2346 4823 
m2765 17 41 46 891 2067 2096 2341 4817 
m1372 36 41 46 2096 2336 2341 2346 4586 4836 4846 
m1009 27 36 46 49 1827 1846 1849 2327 2346 2477 2496 
m3238 22 23 36 40 41 1122 1123 1136 1140 1141 1172 1173 1822 1823 1836 1840 1841 2022 2023 2036 2040 2041 2072 2073 3673 4586 
m3572 22 23 36 37 40 1122 1123 1136 1137 1140 1172 1173 1823 1837 1840 1872 1873 2023 2036 2037 2040 3673 
m1897 22 36 40 46 49 1122 1136 1146 1149 1822 1836 1840 1846 1849 2022 2036 2040 2046 2049 2349 2472 2486 2490 2496 
m153 12 22 36 40 46 49 636 1112 1136 1146 1149 1812 1836 1846 2022 2036 2040 2046 2312 2336 2346 2349 2462 2486 2496 3136 4336 4812 4836 
m520 23 32 46 1182 2323 2332 2346 3696 4823 
m2959 23 30 38 1180 1188 1523 1538 1938 3673 
m2118 22 23 36 40 1122 1123 1136 1140 1173 1823 2023 2036 3673 
m1749 5 30 36 46 280 286 1536 1830 1836 2305 2330 2336 4836 
m1482 22 36 40 41 46 1122 1136 1140 1141 1146 1822 1836 1841 2036 2041 2046 2072 2086 2090 2091 2096 2322 2336 2340 2341 2346 4346 4586 4836 
m1568 22 24 1124 
m3309 22 37 40 46 1122 1137 1140 1146 2022 2037 2046 2322 2337 2346 4837 
m2606 23 36 40 41 1186 1190 1191 1836 1840 1841 2023 2036 2040 2041 2073 2086 2090 2091 3686 4323 4336 4586 
m2003 22 23 30 41 46 1122 1123 1130 1146 1180 1523 1530 1546 2072 2073 2080 2091 2096 2330 4823 
m1204 26 32 36 46 1332 1336 1346 1832 2332 2336 2346 4836 
m2109 14 46 714 746 2314 2346 4814 
m3504 36 41 1836 1841 2086 2091 4586 
m2971 22 23 30 46 1122 1123 1130 1146 1180 1523 1530 1546 2330 4823 
m2031 
m581 44 46 2344 2346 
m170 22 
m3582 
m1219 46 
m596 26 27 46 1327 1346 1377 2327 
m2268 23 30 40 46 49 1190 1199 1523 1530 1540 1546 1549 2330 2340 2346 2349 2490 2496 3696 4823 
m1874 22 33 41 1122 1141 1672 1683 1691 
m603 23 35 46 1773 2335 2346 4823 
m3089 22 36 46 49 1122 1146 1149 1822 1846 1849 2472 2496 
m1217 22 23 30 36 40 1122 1123 1130 1136 1140 1172 1173 1180 1186 1190 1522 1523 1536 1540 1822 2022 2023 2036 3673 3686 4323 4336 
m1244 14 40 46 2014 2040 2046 2314 2346 4814 
m2434 
m3123 22 37 49 1122 1137 1149 1872 1899 2472 2487 2499 
m1141 13 22 32 36 37 40 672 686 690 1113 1122 1136 1137 1140 1613 1622 1636 1637 1822 1872 1886 1890 2022 2036 3187 
m1956 22 23 1123 
m3538 22 38 46 1122 1138 1146 1922 1938 1946 2322 2338 2346 
m1624 14 36 40 46 740 1814 1836 1840 1846 2014 2036 2040 2046 2314 2340 2346 3246 4314 4346 4836 
m3193 12 41 46 641 2062 2091 2096 2312 2341 2346 
m238 14 22 40 46 714 722 740 746 1114 1140 1146 2014 2046 2314 2340 2346 3246 4814 
m1115 22 23 30 36 41 1122 1123 1130 1136 1141 1172 1173 1180 1523 1822 1823 2072 2073 3673 4586 
m3671 12 46 2346 4812 
m2262 23 
m1271 14 32 36 38 41 46 1614 1914 1932 1936 1938 1941 1946 2064 2082 2086 2314 2332 2336 2341 4136 4314 
m643 46 2346 
m3156 22 30 40 46 1122 1130 1140 1146 2022 2030 2040 2046 2322 2330 2340 2346 
m3253 22 23 30 41 1123 1130 1172 1173 1180 1191 1522 1523 1530 1541 2072 2073 2080 
m2191 22 40 44 46 1146 2022 2044 2046 2344 2346 4846 
m1657 22 23 30 36 39 40 41 1123 1136 1140 1172 1173 1186 1190 1191 1523 1536 1539 1541 1823 1972 1973 1986 1991 2023 2036 2072 2073 2086 2090 3673 4323 4336 4586 
m3312 3 26 36 41 186 191 1303 1336 1341 2091 4341 4586 
m1246 22 23 30 36 40 46 1122 1123 1130 1136 1140 1146 1172 1173 1522 1523 1530 1540 1546 1822 1823 1830 1840 1846 2022 2023 2030 2036 2040 2046 2322 2323 2330 2336 2340 2346 3696 4823 
m2621 22 23 30 36 40 41 1122 1123 1130 1136 1140 1173 1522 1523 1536 1822 1823 1830 1836 2022 2023 2030 2036 2072 2073 2080 2086 2090 3673 4323 4586 
m1633 14 22 36 40 46 49 722 1814 1822 1846 1849 2014 2036 2046 2322 2336 2349 2464 2472 4336 4814 
m132 23 26 30 33 40 46 49 1180 1323 1330 1333 1340 1346 1673 1680 1696 2023 2030 2033 2046 2330 2476 2480 2483 2490 2496 4823 
m3584 30 38 46 1930 1938 1946 2330 2346 
m3488 23 30 36 41 49 1173 1180 1186 1199 1523 1530 1823 1830 1849 2073 2080 2086 2099 2473 2480 3673 
m1053 5 36 46 49 286 296 299 1849 2336 2346 2349 2486 2499 4836 4846 
m3386 14 40 46 714 740 746 2014 2046 2314 2340 2346 4814 
m1877 36 41 46 49 1841 1846 2341 2346 2486 2491 2496 
m1662 23 30 36 39 40 41 1173 1180 1186 1190 1191 1523 1823 1830 1836 1973 1986 1990 1991 2023 2030 2036 2041 2073 2080 2086 2091 3673 3686 4323 4586 
m2548 36 40 46 49 1836 1840 1846 1849 2036 2040 2046 2049 2336 2340 2346 2349 2486 2490 2496 4346 
m1780 30 46 2330 
m688 36 46 48 49 1846 1848 1849 2336 2348 2486 2496 2498 2499 4336 
m701 17 38 40 46 888 1917 1946 2017 2038 2046 2338 4817 
m1800 5 22 37 46 255 1105 1137 1146 1855 1887 1896 2305 2322 2337 2346 4837 
m461 14 46 714 746 2314 2346 3246 4814 
m1917 28 36 38 1928 1936 1938 4328 
m1068 23 40 46 2023 2040 2046 2323 2346 4823 
m595 13 22 40 45 46 1122 1140 1145 1146 2013 2040 2046 2272 2290 2296 2313 2346 3196 
m1546 14 37 40 46 737 740 746 1890 2037 2046 2340 4396 
m667 14 36 46 714 736 1836 2314 2336 2346 3236 4814 4836 
m1005 12 32 36 46 1612 1812 2312 2332 2336 2346 4136 4812 4836 
m1598 22 23 36 40 41 46 1122 1123 1136 1140 1141 1146 1191 1822 1823 1836 1841 1846 2022 2023 2036 2040 2041 2046 2323 2336 2341 2346 3686 4341 4346 4823 
m2713 22 23 1122 1123 1173 3673 
m2272 5 32 1605 
m3267 13 38 1913 1938 
m239 14 22 46 714 722 746 2314 2322 2346 3246 4814 
m2217 22 36 40 41 1122 1136 1140 1141 1822 1836 1840 1841 2022 2036 2040 2041 2072 2086 2090 
m2774 36 38 1936 
m3000 13 23 36 46 49 1813 1823 1846 1849 2313 2346 2463 2473 2486 2496 2499 3663 4813 4823 
m1153 23 30 46 49 1180 1523 1530 1546 2330 2346 2480 2496 4823 
m2779 26 46 1346 
m2723 22 23 30 36 40 41 46 1122 1123 1130 1136 1140 1141 1146 1173 1186 1190 1522 1523 1536 1540 1541 1823 1836 1840 1841 2023 2036 2040 2041 2073 2086 2090 2322 2323 2330 2336 2340 2341 2346 3673 3686 4323 4336 
m1868 22 36 38 46 1822 1936 1946 2322 2336 2346 4836 
m2973 21 23 36 1071 1073 1821 4321 4323 4336 
m3260 22 23 36 41 1123 1136 1141 1191 1823 1841 2073 2091 3673 4323 4586 
m2477 40 46 48 2040 2046 2340 2346 2348 2440 2446 
m825 22 33 46 1133 1146 2333 
m1971 22 30 36 38 46 49 1522 1536 1538 1546 1549 1822 1922 1930 1936 1938 1946 1949 2322 2330 2336 2338 2346 2349 2472 2486 2496 
m3528 13 38 46 1913 1938 1946 2313 
m2757 33 36 38 46 49 1683 1686 1688 1696 1699 1833 1846 1933 1936 1946 1949 2333 2336 2338 2346 2349 2483 2486 2496 4833 
m99 14 22 36 38 40 46 714 736 1114 1136 1138 1140 1146 1836 1914 1936 1940 2014 2036 2314 2336 2338 2340 3236 4314 4814 
m2004 8 408 
m204 22 23 30 36 40 46 49 1122 1123 1130 1136 1140 1146 1149 1172 1173 1180 1186 1190 1199 1522 1523 1530 1536 1540 1546 1549 1822 1823 1830 1836 1840 1846 1849 2022 2023 2030 2036 2040 2046 2322 2330 2336 2340 2346 2349 2472 2473 2480 2486 2496 3696 4823 
m3492 22 23 36 40 46 49 1172 1822 1823 1836 1849 2022 2023 2036 2040 2046 2049 2322 2323 2336 2349 2473 2486 3686 4336 4346 4836 
m1968 22 30 40 46 1122 1130 1140 1146 1530 1546 2022 2030 2040 2046 2322 2330 2340 2346 
m629 22 23 30 36 40 41 46 49 1122 1123 1130 1136 1140 1141 1146 1149 1172 1173 1190 1191 1522 1523 1530 1536 1540 1541 1546 1822 1823 1830 1836 1840 1841 1846 1849 2022 2023 2030 2036 2040 2041 2046 2049 2322 2323 2330 2336 2340 2341 2346 2472 2473 2480 2486 2490 2496 3696 4823 
m222 
m2492 5 13 22 26 33 36 40 655 1113 1122 1126 1133 1136 1140 1305 1313 1333 1655 1663 1683 1805 1813 1826 1833 1840 2005 2013 2026 2033 4163 
m1344 29 36 41 1829 1836 2079 2086 4336 
m690 14 22 46 1114 1122 1146 2314 2346 4814 
m1449 22 23 30 36 40 46 1122 1123 1130 1136 1140 1146 1173 1180 1186 1190 1522 1523 1530 1536 1540 1822 1823 1830 1836 1840 1846 2022 2023 2030 2036 2040 2046 2322 2323 2330 2336 3673 4823 
m2709 9 36 46 459 486 496 1809 2309 2336 2346 4836 
m1465 22 23 36 40 41 1123 1136 1140 1173 1822 1823 1836 1840 2022 2023 2036 2040 2072 2073 2086 2090 3673 4323 4586 
m2902 5 36 40 46 49 286 296 299 1836 1849 2005 2036 2046 2336 2346 2349 2486 2499 4836 
m2065 14 32 36 49 714 732 736 749 1636 1649 1849 2482 2486 2499 
m1384 22 23 30 46 1122 1123 1130 1146 1180 1522 1523 1530 1546 2330 4823 
m539 23 36 40 41 1173 1823 1836 1840 2023 2036 2040 2073 2086 2090 3686 4323 
m3464 22 23 24 40 46 1122 1123 1146 1172 1222 1246 2022 2023 2024 2040 2046 2322 3696 3723 
m2169 22 32 37 38 46 49 1132 1137 1146 1637 1646 1922 1938 1946 1949 2332 2337 2346 2472 2487 2496 4837 
m3451 5 13 23 30 33 263 273 280 283 673 680 1173 1180 1513 1523 1533 1673 1680 3183 3673 
m1035 22 36 46 1136 1146 1846 2322 2336 4846 
m1176 23 32 46 1196 1623 1646 2346 
m2511 5 36 38 40 46 49 286 296 1805 1836 1838 1846 1849 1905 1936 1938 1946 1949 2036 2038 2046 2049 2346 2349 2455 2486 2496 4836 
m2426 23 30 49 1180 1199 1549 2473 2480 2499 
m555 5 46 2305 2346 
m1867 23 36 41 49 1191 1823 1836 1841 1849 2473 2486 2491 3686 4323 4336 4341 
m2920 38 46 1946 
m1421 23 46 49 2323 2346 2473 2496 4823 
m519 14 36 41 46 714 736 741 1836 1841 2091 2314 2336 2341 3236 4314 4586 4814 
m1410 3 14 703 714 
m366 12 14 46 712 2314 2346 3146 3246 4812 
m2005 5 22 38 46 1122 1146 1905 1922 1938 1946 2305 2346 
m3218 41 44 45 2241 2245 2291 
m2623 32 34 38 46 1632 1646 1732 1734 1746 1932 1934 1946 2332 
m3484 14 36 46 49 736 746 749 1849 2336 2346 2349 4814 4836 
m3632 13 22 36 38 40 1113 1122 1136 1138 1140 1813 1840 1913 1936 1940 2013 
m2781 13 22 32 36 40 672 686 690 1113 1122 1136 1140 1613 1622 1636 1640 1822 2022 2036 
m584 23 30 36 40 46 1180 1823 1830 1836 1846 2023 2030 2036 2040 2046 2323 2330 2336 2346 4323 4346 4823 4836 
m637 22 30 36 40 41 49 1122 1130 1136 1140 1141 1149 1536 1540 1822 1840 1841 2022 2036 2040 2041 2080 2086 2090 2472 2486 2490 
m654 22 23 36 40 1122 1123 1136 1140 1172 1173 1186 1190 1822 1836 1840 2022 2023 2036 2040 3673 4336 
m544 
m2060 12 45 46 645 2345 4812 
m1768 22 36 41 1136 1141 1841 2072 2086 2091 4586 
m3010 5 14 36 46 49 264 286 296 299 746 749 1849 2349 2486 2499 3236 4836 
m272 32 46 1632 1646 2332 2346 
m2718 6 14 23 32 36 706 723 732 736 1156 1182 1606 1636 1806 3686 
m3434 22 46 1122 1146 2322 2346 
m2157 23 45 46 1196 2273 2296 2323 2346 3696 4823 
m1261 14 22 36 41 46 714 722 736 741 1822 1836 1841 2072 2314 2322 2336 2341 3236 4314 4586 4814 
m952 22 38 40 45 46 1138 1146 1938 1940 1946 2272 2288 2290 2296 2340 2346 
m3082 32 36 38 46 49 1632 1636 1649 1849 1932 1936 1938 1946 1949 2332 2336 2338 2346 2349 
m2505 22 23 30 36 40 46 49 1122 1123 1130 1136 1140 1146 1180 1523 1530 1536 1540 1546 1822 1823 1830 1840 1846 2022 2023 2030 2036 2046 2322 2323 2330 2336 2340 2346 2472 2486 2490 2496 4336 4346 4823 4846 
m2276 37 40 46 1890 2037 2040 2046 2337 2340 2346 4396 
m2368 5 13 22 33 36 38 40 46 263 272 283 286 290 672 686 690 1113 1122 1133 1136 1140 1672 1686 1690 1822 1905 1913 1922 1933 1936 1940 1946 2022 2036 2305 2313 2322 2333 2336 2340 3183 
m1872 37 46 2337 2346 
m1259 22 46 49 1122 1146 1149 2346 2349 
m3225 13 17 45 46 49 2263 2267 2295 2296 2313 2317 2349 2463 2467 3363 
m2494 22 23 30 1123 1130 1522 1523 1530 
m1072 23 30 46 1180 2323 2330 2346 
m2598 23 30 38 1188 1523 1538 1923 1930 1938 
m2271 22 37 40 46 1137 1146 2022 2037 2046 2337 2346 4837 
m3244 33 37 46 49 1883 1896 2333 2346 2483 2487 2496 4833 4837 
m2455 22 23 30 46 1123 1130 1146 1180 1523 1530 1546 2322 2323 2330 2346 4823 
m3185 22 23 30 38 1122 1123 1130 1138 1173 1180 1523 1922 1923 1930 1938 3673 
m1853 12 22 36 37 40 41 46 612 622 636 637 640 641 646 1112 1136 1137 1140 1141 1146 1812 1822 1837 1840 1846 1872 1886 1890 1891 2012 2022 2036 2037 2040 2041 2046 2062 2072 2086 2087 2090 2096 2312 2322 2336 2340 2341 4837 
m3007 2 22 36 40 41 122 136 140 1136 1140 1141 1822 1836 1840 1841 2036 2041 2636 
m765 
m2707 5 37 46 287 1855 2305 2337 
m1848 32 33 36 1632 1633 1636 1683 1686 1833 1836 4136 4186 4333 4336 
m114 22 36 41 46 1136 1146 1846 2072 2096 2322 2336 2341 2346 4586 4836 
m1165 22 23 36 40 46 49 1122 1123 1136 1146 1149 1172 1822 1849 2022 2023 2036 2046 2049 2322 2323 2336 2349 2472 2473 2486 4323 4336 4836 
m1541 22 46 1146 4846 
m547 38 41 46 1938 1941 1946 2341 
m97 32 36 46 49 1632 1636 1649 1849 2332 2336 2349 
m1590 22 23 30 46 1122 1123 1130 1146 1172 1173 1180 1196 1522 1523 1530 1546 2322 2323 2330 2346 3673 4823 
m2331 23 36 41 1823 2073 3673 4323 4586 
m3211 23 24 40 46 1190 1240 1246 2023 2024 2040 2046 2340 3696 3723 
m2261 30 36 41 46 49 1536 1541 1841 2080 2086 2091 2096 2099 2330 2336 2341 2346 2349 2480 2486 2491 
m2830 46 
m510 31 36 38 46 1588 1838 2331 2338 4331 4836 
m2039 23 41 1191 2073 3673 
m2641 14 40 46 714 740 746 2014 2046 2314 2340 2346 4814 
m3274 23 36 3686 
m1163 6 36 43 336 1806 1836 1843 2186 2843 
m2465 22 23 30 36 40 1122 1123 1130 1136 1523 1830 2022 2023 2030 2036 4323 
m1478 22 23 46 49 1123 1146 1149 1173 2323 2473 2496 3673 4823 
m2463 23 31 46 48 49 1196 1573 1596 2346 2423 2431 2446 2449 2473 2481 2496 
m757 22 23 30 46 1122 1123 1130 1146 1180 1523 1530 1546 2330 2346 4823 
m3579 22 23 30 1122 1123 1130 1172 1173 1180 1522 1523 1530 
m2515 46 2346 
m731 22 36 37 46 49 1822 1837 1846 1849 1872 2322 2346 2487 2496 4396 4837 
m3239 46 2346 
m2536 23 36 37 40 41 1173 1186 1187 1190 1823 1873 1886 1890 2023 2036 2073 2086 2087 3673 4323 
m787 14 37 38 46 737 738 746 1888 1896 2338 
m349 22 23 27 41 45 1122 1123 1127 1141 1145 1195 1372 1391 2073 2095 
m1471 5 23 38 273 1905 1923 
m2797 13 46 2313 2346 4813 
m1495 22 23 30 40 46 1122 1123 1130 1140 1146 1180 1523 1530 1546 2022 2023 2030 2046 2330 2346 4823 
m392 36 46 2336 2346 4836 4846 
m1348 22 37 40 46 1137 1146 2022 2037 2040 2046 2322 2337 2346 4837 
m2286 30 46 2330 2346 
m3276 30 36 40 45 46 49 1545 1549 1830 1845 1849 2030 2036 2045 2046 2330 2336 2345 2349 2495 
m2939 13 45 46 2263 2295 2296 2313 2346 3196 
m2613 22 46 1122 1146 2322 2346 
m6 22 41 46 1141 1146 2091 2341 
m2777 22 23 36 40 41 1122 1136 1140 1141 1173 1186 1190 1823 1836 1840 1841 2022 2023 2036 2040 2041 2073 2086 2090 2091 3686 4323 
m1513 26 32 36 38 46 1332 1336 1346 1832 1926 1932 1936 1946 2332 2336 2346 4836 
m316 
m2009 14 32 36 46 732 736 1832 2314 2332 4836 
m1323 13 26 38 46 1313 1346 1913 1926 1946 2313 
m3349 6 14 23 32 36 314 332 732 1156 1164 1182 1806 1814 1832 3686 
m297 22 23 24 40 46 1123 1124 1140 1146 1190 1240 1246 2022 2023 2024 2046 2340 3696 3723 
m3602 22 23 30 36 40 46 49 1122 1123 1130 1136 1140 1146 1149 1172 1173 1180 1186 1190 1199 1522 1523 1530 1536 1540 1546 1549 1823 1840 2022 2023 2030 2036 2040 2046 2322 2330 2336 2340 2346 2349 2472 2473 2480 2486 2490 2496 3696 4823 
m987 38 46 1946 
m1337 22 23 30 46 1123 1130 1146 1172 1173 1180 1196 1523 1530 1546 2330 4823 
m2014 22 23 36 40 46 49 1123 1136 1146 1199 1822 1823 1836 1840 1846 1849 2022 2023 2036 2040 2046 2049 2323 2336 2346 2349 3686 4346 4823 4836 
m1529 22 23 1123 1173 3673 
m2525 22 23 36 41 1122 1123 1172 1173 1822 1823 2072 2073 3673 4586 
m2248 23 30 36 40 41 1173 1186 1191 1523 1530 1536 1540 1541 1836 1841 2023 2030 2036 2041 3673 3686 4323 4341 
m858 22 23 36 40 46 1122 1123 1136 1140 1146 1172 1186 1190 1196 1822 1836 2022 2036 2040 2046 2322 3686 4346 
m3113 22 23 30 1172 1522 1523 
m209 30 36 37 40 46 1536 1537 1540 1546 1837 1840 1846 1890 2037 2046 2340 4396 
m2724 6 14 32 36 49 706 714 732 736 749 1606 1636 1806 2456 2482 2486 
m3500 14 46 746 4846 
m2182 37 46 49 1899 2346 2349 4396 4837 
m2537 22 23 37 41 1123 1172 1173 1187 1191 1872 1873 2072 2073 2087 2091 3673 
m3635 21 36 40 46 1090 1096 1840 1846 2321 2336 2340 2346 4321 
m2560 26 38 46 1926 1946 2326 
m1864 23 36 40 46 49 1190 1836 1840 1846 2023 2036 2040 2046 2049 2323 2336 2340 2346 2349 2473 2486 2490 2496 3696 4323 4346 4823 4836 
m1875 13 46 2313 
m2308 6 36 42 46 49 2306 2336 2342 2456 2486 2492 2496 2836 4606 4636 
m2453 22 46 49 1146 2472 2496 
m87 
m249 5 13 33 46 263 283 2305 2313 2333 4163 
m1393 23 30 49 1180 1199 1549 2473 2480 2499 
m3057 22 23 30 46 1123 1130 1146 1180 1523 1530 1546 2330 4823 
m3343 22 32 46 48 1132 1146 2332 2422 2432 2446 4846 
m1639 22 40 41 46 1122 1140 1146 2022 2040 2046 2340 
m1693 5 45 255 295 2255 2295 
m1989 23 30 40 46 1190 1196 1523 1530 1540 1546 2040 2046 2340 
m3204 13 32 36 40 41 686 690 691 1613 1636 1641 1841 2036 2041 2063 2082 2086 2090 2091 
m475 37 46 4837 
m1542 31 36 1581 1586 1831 1836 4086 
m1876 38 49 1938 1949 2488 2499 
m3304 22 23 30 36 40 41 46 49 1122 1123 1130 1136 1140 1141 1146 1149 1172 1173 1186 1190 1191 1199 1522 1523 1530 1536 1541 1546 1549 1823 1840 2023 2036 2040 2072 2073 2086 2090 2096 2099 2322 2330 2336 2340 2341 2346 2349 2472 2473 2486 2490 2496 3696 4823 
m425 22 23 36 41 1123 1822 1823 2072 2073 3673 4323 4586 
m2251 38 46 1938 1946 2346 
m1571 12 23 30 46 1162 1196 1512 1523 1530 1546 2312 2330 2346 3696 4812 4823 
m3404 5 36 46 255 286 2305 2336 2346 
m3286 12 22 23 30 46 612 622 623 630 646 1112 1122 1123 1130 1180 1512 1522 1523 1530 2312 2322 2323 2330 2346 4812 
m664 22 23 30 36 37 40 46 49 1123 1130 1136 1137 1140 1146 1149 1180 1523 1530 1546 1822 1823 1830 1836 1837 1840 1846 1849 1872 1873 1880 1886 1890 1896 2022 2023 2030 2036 2037 2040 2046 2330 2346 2472 2473 2480 2486 2487 2490 2496 4396 4823 
m841 5 36 46 49 286 296 299 1849 2346 2349 2486 2499 4836 
m777 22 44 46 1122 1144 1146 2322 2344 2346 4846 
m3414 16 36 3336 
m1169 36 38 1836 1936 1938 
m869 14 21 40 714 721 740 2014 2021 
m2423 18 23 36 923 936 1186 1836 3686 
m2679 22 23 30 45 1123 1173 1180 1523 2272 2273 3673 
m2619 45 
m1117 23 32 36 46 49 1199 1623 1636 1649 1823 1836 1846 1849 2323 2332 2336 2346 2349 3686 4332 
m2556 26 40 46 49 2026 2046 2326 2340 2346 2476 2496 
m2385 40 46 2040 2046 2346 
m1300 23 36 41 45 1186 1191 2273 2286 2291 3673 3686 4586 
m1995 5 32 36 255 282 286 1605 1805 1832 1836 4332 
m332 22 23 1123 1173 3673 
m3171 45 46 49 2295 2299 2345 2349 
m905 29 36 38 49 1488 1499 1829 1836 1838 1849 1936 1938 1949 2479 2486 2488 2499 
m705 12 36 40 46 49 1812 2012 2036 2046 2049 2336 2346 2462 2486 2496 3146 4346 4812 
m3256 8 10 38 508 1908 1910 
m3111 23 38 46 49 1188 1199 1938 1946 2338 2346 2349 3696 4823 
m2986 32 36 46 49 1636 1649 1849 2332 2336 2346 2349 2486 2499 4136 4336 
m766 22 23 36 40 41 1123 1136 1140 1172 1822 1823 1836 2023 2036 2072 2073 2086 2090 2091 3673 4323 4586 
m1224 22 23 36 38 41 1122 1123 1136 1138 1141 1922 1923 1936 1938 1941 2073 3686 4586 
m2313 32 42 46 2132 2146 2332 
m2068 22 23 24 40 46 1123 1124 1140 1146 1190 1240 1246 2023 2024 2040 2046 2340 3696 3723 
m2824 27 36 41 46 1386 1391 1396 1841 2336 2341 2346 4836 
m1247 14 40 46 2014 2046 2314 2346 4814 
m2441 23 36 40 41 1173 1823 1836 1840 1841 2023 2036 2040 2041 2073 2086 2090 2091 3686 4323 
m3581 46 2346 
m3119 36 40 46 2036 2046 2336 2340 2346 4836 4846 
m871 22 23 30 36 40 1123 1130 1173 1186 1190 1523 1536 1540 2023 2036 3673 
m2123 32 38 46 1632 1646 1932 1938 1946 2332 2346 
m3264 34 45 2284 
m1810 13 22 33 40 690 1113 1122 1133 1140 1690 3183 
m2922 23 30 36 38 46 49 1173 1180 1186 1188 1196 1199 1523 1530 1536 1538 1546 1549 1823 1830 1838 1846 1849 1923 1930 1936 1946 1949 2323 2330 2336 2338 2346 2349 2473 2480 2486 2488 2496 4823 
m2381 6 43 4656 
m3370 22 23 30 36 41 1123 1130 1136 1141 1186 1191 1523 1536 1541 1841 2073 2080 2091 3673 4323 4586 
m1383 46 2346 
m128 22 23 30 36 40 41 46 1130 1146 1541 1546 1836 1841 2023 2036 2041 2073 2086 2323 2336 2340 2341 3686 4323 4591 
m197 22 23 30 36 1123 1130 1136 1172 1180 1522 1822 1823 1830 
m267 14 23 30 46 1514 1523 1546 2314 2323 2330 2346 3664 4814 4823 
m1698 22 33 46 1133 1146 1672 1683 1696 2322 2333 2346 4833 
m117 22 23 30 36 40 41 46 1122 1123 1130 1136 1140 1141 1146 1191 1523 1536 1541 1546 1841 1846 2023 2030 2036 2040 2041 2046 2072 2073 2091 2341 3696 4323 
m566 22 23 36 41 1123 1136 1141 1172 1173 1822 1823 2072 2073 3673 4586 
m1326 7 16 36 46 386 807 2307 2316 2336 3336 
m3053 5 13 33 46 655 1655 2305 2313 2333 4163 
m135 22 23 30 41 46 1122 1123 1130 1141 1146 1172 1173 1180 1191 1196 1522 1523 1530 1541 1546 2072 2073 2080 2322 2323 2330 2341 2346 3673 3696 4823 
m2876 12 13 22 27 36 40 622 636 640 672 686 690 1112 1113 1122 1136 1140 1362 1363 1372 1386 1390 1822 2022 2036 3162 
m2508 36 40 41 46 1840 2036 2040 2041 2046 2086 2096 2336 2340 2346 4346 4846 
m189 22 36 40 41 1136 1140 1141 1836 1840 1841 2036 2041 2091 4586 
m302 3 30 36 40 46 180 186 190 196 1830 2030 2036 2046 2330 4836 
m3626 38 45 46 1938 1945 1946 2345 
m2095 13 38 46 1913 1938 1946 2313 
m1368 40 45 46 2045 2046 2290 2295 2296 2340 2345 2346 
m3546 46 2346 
m3571 36 37 40 46 1840 1886 1890 1896 2036 2037 2040 2046 2336 2337 2340 2346 4346 4387 4396 4837 
m760 22 23 30 36 40 41 1123 1130 1136 1141 1173 1186 1191 1523 1536 1541 1836 2022 2023 2030 2036 2041 2073 2080 2086 2091 3673 3686 4323 4586 
m2093 
m764 14 26 46 714 726 746 1314 1326 1346 2314 2326 2346 4814 
m294 36 46 2336 2346 4836 
m1981 22 23 30 36 1172 1180 1522 1822 1823 1830 
m1638 10 36 46 49 546 1836 1846 1849 2310 2336 2346 2349 2486 2496 2499 
m3198 22 23 30 36 40 46 1122 1123 1130 1136 1140 1146 1172 1173 1180 1186 1190 1522 1523 1530 1536 1540 1546 1823 1840 2022 2023 2030 2036 2040 2046 2322 2323 2330 2336 2340 2346 3696 4823 
m2407 23 46 2323 2346 4823 
m3375 22 40 46 49 2040 2046 2322 2346 2490 2496 
m1925 22 23 30 36 40 41 46 1122 1123 1130 1136 1140 1141 1146 1191 1523 1536 1541 1546 1841 1846 2023 2030 2036 2040 2041 2046 2072 2341 3696 4323 
m732 37 46 49 1899 2346 2349 2487 2496 4396 4837 
m19 14 30 46 730 2314 2330 
m2662 22 23 30 36 40 41 1122 1123 1130 1136 1140 1141 1180 1186 1190 1522 1523 1536 1540 1541 1822 1830 1836 1840 1841 2022 2023 2030 2036 2041 2080 2086 
m891 22 23 36 45 1172 1822 2272 2273 2286 4323 
m1272 22 23 30 36 40 41 1123 1130 1172 1173 1180 1186 1190 1522 1523 1530 1536 1540 1822 1823 1830 1840 2022 2023 2030 2073 2080 2086 3673 
m1750 23 30 40 1180 1523 1530 2023 2030 
m537 23 24 40 46 1190 1240 1246 2023 2024 2040 2046 2340 3696 3723 
m3624 22 40 46 1122 1140 1146 2340 2346 
m2877 22 36 40 41 1136 1140 1141 1841 2036 2041 4336 4586 
m968 26 36 37 46 49 1336 1337 1346 1349 1837 1846 1849 2476 2486 2487 2496 2499 4837 
m1156 22 37 46 49 1872 2322 2346 2487 2496 4396 4837 
m2069 46 2346 
m228 
m2046 37 38 46 1888 1896 2337 2338 2346 
m2962 22 23 36 41 1123 1822 1823 2072 2073 3673 4323 4586 
m1636 36 40 41 46 49 1836 1840 1846 1849 2036 2040 2041 2046 2049 2086 2090 2096 2099 2336 2340 2346 2349 2486 2490 2496 4346 4586 4836 
m3639 22 36 40 46 49 1136 1140 1146 1822 1840 1846 2022 2036 2040 2046 2049 2322 2336 2340 2346 2349 2472 2486 2490 2496 4836 
m936 14 37 46 2314 2337 2346 4364 4814 
m1622 21 22 23 30 36 40 46 1072 1073 1080 1090 1096 1121 1122 1123 1130 1136 1140 1146 1172 1173 1522 1523 1530 1546 1821 1822 1823 1830 1840 1846 2021 2022 2023 2030 2036 2040 2046 2321 2322 2323 2330 2340 2346 3696 4823 
m627 22 23 30 36 40 41 46 49 1122 1123 1130 1136 1140 1141 1146 1172 1173 1186 1190 1191 1199 1522 1523 1530 1536 1540 1541 1546 1549 1822 1823 1830 1836 1840 1841 1846 1849 2022 2023 2030 2036 2040 2041 2046 2049 2072 2073 2086 2090 2096 2099 2330 2336 2340 2341 2349 2472 2473 2486 2490 2496 3696 4336 4823 
m2814 32 36 38 41 46 1641 1646 1932 1936 1941 1946 2332 2336 2341 2346 4136 4586 
m3371 14 46 2314 2346 4814 
m85 
m1858 22 23 26 1123 1126 1173 1176 1323 3673 
m3493 22 26 33 1122 1126 1133 1676 
m1630 22 23 36 40 1122 1123 1136 1140 1173 1186 1190 1822 1823 1836 1840 2022 2023 2036 2040 3673 4323 
m1162 13 20 22 32 36 40 672 686 690 1013 1022 1032 1036 1040 1122 1136 1140 1613 1622 1636 1640 1822 2022 2036 
m3066 22 23 41 1122 1123 1141 1172 2073 
m1151 30 36 38 40 46 1536 1540 1546 1838 1840 1846 2046 2330 2338 2340 2346 4836 
m1066 14 40 45 46 2014 2040 2046 2264 2290 2296 2314 2346 3214 4814 
m167 26 38 46 1338 1346 2338 2346 
m1462 12 14 23 30 46 630 723 730 746 1180 1512 1523 1530 1546 2312 2330 3123 3212 4823 
m1837 12 36 40 41 46 49 636 640 641 649 1836 1840 1841 2036 2041 2336 2340 2341 2349 2486 2490 2491 3136 4336 4812 
m2167 22 23 30 46 1122 1123 1130 1146 1180 1523 1530 1546 2330 4823 
m1808 14 36 49 736 749 1849 2486 2499 4336 
m1388 22 37 40 46 1137 1140 1146 1890 2022 2037 2040 2046 2322 2337 2340 2346 4396 
m1079 22 26 46 1122 1126 1146 1326 1346 2346 
m3042 22 30 36 41 45 1130 1536 1541 2272 2280 4586 
m3392 14 36 40 46 2014 2036 2040 2046 2336 4314 4814 
m134 37 40 46 1890 2037 2040 2046 2337 2340 2346 4396 
m3663 14 22 23 30 40 41 46 714 746 1114 1141 1146 1164 1172 1190 1191 1196 1514 1522 1523 1530 1540 1541 1546 2014 2022 2023 2030 2040 2041 2046 2064 2096 2314 3664 
m3058 22 23 30 36 40 41 46 1122 1123 1130 1136 1140 1141 1146 1191 1522 1523 1536 1541 1546 1841 1846 2023 2030 2036 2040 2041 2046 2072 2080 2341 3696 4323 
m3525 22 23 30 36 40 41 46 1122 1123 1130 1136 1140 1141 1146 1191 1522 1523 1530 1536 1540 1541 1546 1822 1823 1830 1836 1840 1841 1846 2022 2023 2030 2036 2040 2041 2046 2072 2080 2086 2090 2091 2341 3696 4323 
m232 34 36 1734 1736 1834 1836 4236 4334 
m1126 22 23 30 1122 1123 1130 1173 1522 1523 3673 
m3609 22 23 37 1122 1123 1172 1173 1872 1873 3673 
m1297 30 46 2330 2346 4846 
m1064 13 16 22 36 40 672 686 690 822 836 840 1113 1116 1122 1136 1140 1822 2022 2036 3166 
m3290 36 38 40 46 1840 1846 1936 1940 1946 2036 2038 2040 2046 2336 2338 2340 2346 
m2748 22 46 1122 1146 
m3175 14 46 2314 2346 4814 
m1112 23 36 40 41 1173 1186 1190 1823 1840 2023 2036 2040 2073 2086 2090 3673 
m1756 22 23 30 36 40 46 1122 1123 1130 1136 1140 1146 1172 1173 1180 1186 1190 1522 1523 1530 1536 1540 1546 1823 1840 2022 2023 2030 2036 2040 2046 2322 2330 2336 2340 2346 3696 4823 
m3617 12 22 23 36 40 41 46 49 640 641 646 1112 1123 1136 1141 1146 1149 1812 1836 1840 1841 1846 1849 2036 2041 2046 2073 2086 2090 2091 2096 2099 2322 2323 2336 2340 2341 2349 2462 2473 2486 2491 2496 4323 4336 4812 4836 
m1682 41 
m3241 22 23 36 40 41 1122 1123 1136 1140 1141 1172 1173 1822 1823 1836 1840 2022 2023 2036 2040 2072 2073 2086 2090 3673 4586 
m2132 23 30 44 46 1194 1523 1544 2330 2344 2346 4823 
m1330 30 46 2330 
m2826 22 23 30 40 41 1123 1130 1140 1180 1522 1523 1530 2022 2023 2030 2072 2090 
m55 14 46 2314 2346 4814 
m3025 36 40 46 49 1840 1846 1849 2036 2040 2046 2049 2340 2346 2486 2490 2496 4336 4346 4846 
m3207 11 13 33 661 1661 4163 
m367 14 22 30 38 46 730 1114 1130 1138 1146 1914 1930 1946 2330 3246 
m383 21 23 27 38 46 1073 1077 1096 1177 1921 1923 1946 2323 2327 
m3115 5 36 38 46 49 286 296 299 1849 1905 1936 1938 1946 2346 2349 2486 2499 4836 
m561 22 40 41 46 1122 1140 1141 1146 2041 2046 2341 2346 
m746 46 2346 4846 
m242 14 22 31 36 46 731 736 1114 1136 1146 1846 2314 2331 2346 3246 4331 4836 
m1882 23 36 1186 1836 3686 
m2086 13 22 36 38 40 672 686 690 1113 1122 1136 1140 1822 1913 1922 1936 2022 2036 
m1926 22 23 30 36 40 41 46 1122 1123 1130 1136 1140 1141 1146 1180 1522 1523 1530 1536 1540 1546 1822 1823 1830 1836 1840 1841 1846 2022 2023 2030 2036 2040 2041 2046 2072 2086 2090 2322 2323 2330 2340 4823 4846 
m2327 37 39 40 46 1890 1987 1990 2340 4396 4496 
m3163 12 14 46 712 2314 2346 3146 3246 4812 
m749 22 23 30 46 1122 1123 1130 1146 1180 1523 1530 1546 2330 2346 4823 
m1004 22 23 27 30 36 40 49 1123 1130 1136 1172 1173 1177 1180 1186 1190 1199 1372 1373 1380 1386 1522 1523 1527 1530 1536 1540 1549 1822 1823 1827 1830 1836 1849 2023 2027 2030 2036 2040 2049 2472 2473 2477 2480 2486 2499 3686 4336 
m1120 14 40 45 46 745 2014 2040 2046 2314 2345 2346 3214 4814 
m1813 26 46 1346 2346 
m3293 26 39 46 1339 1346 2326 2339 4839 4846 
m2417 23 36 40 46 1186 2023 2036 2040 2046 2323 2336 2340 2346 3696 4346 
m2532 22 30 40 46 1130 1146 2022 2030 2046 2322 2330 2346 
m3387 22 23 30 46 1123 1130 1146 1180 1523 1530 1546 2330 4823 
m3298 13 22 672 1113 1122 
m2911 30 36 38 46 1536 1546 1838 1930 1936 1946 2338 4346 
m1616 36 40 46 1840 1846 2036 2040 2046 2346 4346 
m2053 38 45 46 49 1938 1946 1949 2288 2296 2299 2349 
m1850 36 46 49 1846 1849 2346 2349 2496 4836 
m3615 21 36 38 45 1095 1845 1921 1936 1945 3586 
m234 23 30 36 40 41 49 1190 1523 1530 1540 1541 1823 1830 1836 1840 1841 1849 2073 2080 2090 2473 2480 2486 2490 2491 2499 
m2611 5 32 36 46 49 282 286 296 1632 1636 1649 1849 2305 2332 2336 2346 2349 
m57 5 32 45 46 1605 1645 1646 2255 2305 2345 
m3088 36 38 40 41 1838 1841 1941 2036 2038 2041 
m1795 41 2091 
m96 22 
m113 22 23 30 36 41 46 1122 1123 1130 1136 1141 1146 1172 1522 1523 1530 1536 1546 1822 1823 1830 2072 2073 2080 2096 2322 2330 2336 2346 3696 4346 4586 4823 
m1275 9 36 40 46 49 490 496 499 1840 1849 2049 2309 2336 2340 2346 2349 2459 2486 2490 2496 2499 2959 2986 
m208 12 32 36 38 46 1612 1646 1812 1912 1932 1936 1946 2312 2332 2336 2346 3146 4136 4346 4812 
m3436 26 40 46 2026 2040 2046 2326 
m3658 22 23 30 36 41 1123 1130 1136 1141 1186 1191 1523 1536 1841 2073 2080 2091 3673 4323 4586 
m850 22 23 30 46 1122 1123 1130 1146 1523 1530 1546 2330 2346 3696 4823 
m3477 22 32 46 1122 1132 1146 1622 1632 1646 2322 2332 2346 4846 
m3125 37 46 4837 
m3351 46 
m1869 22 23 1122 1123 1172 1173 3673 
m2321 22 23 30 40 46 1122 1123 1130 1140 1146 1180 1196 1523 1530 1546 2022 2023 2030 2046 2330 3673 4823 
m2963 22 23 36 41 1123 1136 1823 2072 2073 3673 4323 4586 
m2008 26 32 36 46 1332 1336 1346 1832 2332 2336 2346 4836 
m2720 38 46 49 1938 1946 1949 2349 
m3578 14 36 40 46 49 714 736 740 746 749 1814 1836 1840 1846 1849 2014 2036 2046 2049 2314 2336 2346 2349 2464 2486 2490 2496 3246 4814 
m818 5 30 37 38 46 280 1855 1880 1896 1905 1930 1937 1946 2305 2330 
m256 14 23 30 46 714 723 730 746 1180 2314 2323 2330 2346 3223 4814 4823 
m3426 23 1173 3673 
m1898 22 36 40 46 1122 1136 1140 1146 1836 1840 2022 2036 2040 2046 2322 2336 2340 2346 4836 
m2207 46 2346 4846 
m1263 13 22 33 36 37 40 41 683 686 690 1113 1122 1133 1136 1140 1141 1690 1813 1822 1833 1836 1840 1872 1886 1887 2013 2022 2033 2036 2040 2063 2072 2086 
m1211 26 32 36 46 1332 1336 1346 1832 2332 2336 2346 4836 
m1627 
m2683 13 20 22 36 38 40 672 686 690 1013 1020 1022 1036 1038 1040 1122 1136 1140 1822 1913 1922 1936 2022 2036 
m682 22 23 30 1122 1123 1130 1173 1523 1530 3673 
m2497 22 46 1122 1146 2346 
m3154 30 40 46 2030 2040 2046 2330 2340 2346 
m2165 22 23 30 41 46 1122 1123 1130 1141 1146 1172 1173 1191 1522 1523 1530 1541 1546 2322 2323 2330 2341 2346 3696 4823 
m2893 14 20 38 46 49 720 1914 1946 1949 2320 2464 2470 2496 4814 
m1893 22 40 45 46 49 1145 2046 2272 2295 2322 2345 2346 2490 2496 
m3595 46 
m2827 22 23 30 36 40 46 1122 1123 1130 1136 1140 1146 1172 1173 1180 1186 1190 1522 1523 1530 1536 1540 1546 1823 1840 2023 2036 2040 2322 2323 2330 2336 2340 2346 3696 4823 
m3393 15 22 27 38 46 777 1115 1127 1146 1915 1922 1938 1946 2315 2327 2346 
m3498 36 46 2336 2346 4836 4846 
m1609 22 23 36 49 1123 1136 1173 1186 1199 1823 1849 2473 2486 3673 4323 4336 
m3140 26 46 1346 2346 
m3506 
m90 11 23 30 41 1161 1173 1180 1511 1523 1530 2061 2073 2080 3673 
m226 30 38 40 45 46 1930 2030 2038 2045 2046 2280 2288 2296 2330 2338 
m1886 22 23 30 32 36 40 46 1122 1123 1130 1132 1136 1140 1146 1172 1173 1522 1523 1530 1546 1622 1623 1630 1640 1646 1822 1823 1830 1832 1840 1846 2022 2023 2030 2032 2036 2040 2046 2322 2323 2330 2332 2336 2340 2346 3696 4823 
m1339 14 23 32 36 49 723 732 736 749 1182 1199 1636 1649 1849 3686 
m2929 13 22 25 46 1113 1125 1146 1263 1296 2313 
m2912 14 26 46 49 1314 1346 1349 2346 2464 2496 4814 
m1274 27 38 46 1927 1946 2327 
m1614 22 30 36 40 41 1136 1141 1536 1540 1541 1822 1836 1840 1841 2022 2036 2040 2041 2086 4336 4586 
m2809 14 22 41 46 722 2064 2072 2096 2314 2322 2341 2346 4814 
m2149 
m1996 22 36 40 41 46 49 1136 1140 1146 1149 1822 1840 1846 1849 2022 2046 2072 2086 2090 2096 2322 2336 2340 2346 2349 2490 2496 4336 
m2629 22 23 30 38 46 1123 1130 1146 1180 1523 1530 1546 1922 1923 1930 1938 1946 2330 4823 
m1416 22 23 36 40 41 46 49 1122 1123 1136 1140 1141 1191 1822 1823 1836 1840 1841 1849 2022 2023 2036 2040 2041 2046 2072 2073 2086 2090 2091 2322 2323 2336 2340 2341 2349 2472 2473 2486 2490 2491 4323 4336 4346 4836 
m3424 
m1514 22 36 40 41 45 46 1136 1140 1141 1146 2036 2046 2090 2096 2272 2286 2291 2296 4346 4586 
m1090 5 11 32 36 37 46 286 287 296 555 586 587 596 1605 1611 1636 1637 1646 1855 1861 1886 1887 1896 2305 2311 2332 2336 2337 2346 4337 4837 
m2692 22 23 36 40 41 1123 1136 1140 1141 1173 1186 1190 1823 1836 2023 2036 2040 2072 2073 2086 2090 2091 3686 4323 
m3510 13 38 1913 1938 
m490 12 23 30 38 41 46 641 1191 1512 1523 1541 1546 1912 1923 1930 1941 1946 2341 3662 4812 4823 
m1289 5 36 38 46 49 286 296 299 1905 1936 1946 2346 2349 2486 4836 
m2573 32 46 2332 
m935 14 38 46 1914 1946 2314 2346 4814 
m1595 22 37 45 46 1122 1137 1145 1146 1872 2272 2287 2296 2322 4837 
m1777 4 26 38 226 238 1304 1326 1338 1904 1926 2704 
m1888 8 32 37 46 49 408 437 446 449 1882 1896 2332 2346 2482 2487 2496 4396 
m1350 14 30 46 730 746 2314 2330 2346 4814 4846 
m2025 14 23 30 40 730 1180 1514 1523 1530 1540 2014 2023 2030 3223 
m937 22 27 36 40 46 1122 1127 1136 1140 1146 1390 1822 1827 1836 1840 1846 2022 2027 2036 2040 2046 2327 2336 2340 
m3080 22 23 36 46 1122 1123 1136 1146 1173 1822 1823 1846 2323 3673 4823 
m83 22 23 30 46 1123 1130 1146 1180 1523 1530 1546 2330 4823 
m2521 12 14 23 34 46 712 1162 1164 1196 1712 1714 1723 1734 1746 2314 3114 3214 3664 4812 
m2966 22 23 30 36 40 41 46 1122 1123 1130 1136 1140 1141 1146 1172 1173 1180 1186 1190 1191 1523 1536 1540 1541 1841 2023 2036 2041 2072 2073 2080 2086 2090 2091 2096 2322 2323 2330 2341 2346 3673 4323 
m1763 14 33 37 46 737 746 2333 3233 4383 4837 
m2152 22 37 38 46 49 1137 1146 1149 1899 1922 1937 1938 1946 1949 2322 2337 2338 2346 2349 4396 
m1929 10 38 1910 1938 
m260 14 32 46 732 2332 4814 
m2332 12 23 36 46 49 636 649 1199 1849 2336 2349 3123 3686 4812 4823 
m410 14 38 46 49 1914 1946 2314 2464 2488 2496 
m289 22 36 37 40 46 1136 1137 1140 1146 1837 1840 1846 1890 2022 2036 2037 2040 2046 2336 2340 2346 4336 4346 4396 4837 
m2650 36 49 1836 1849 2499 
m2096 46 2346 
m3306 22 30 36 46 1136 1146 1522 1536 1546 1846 2346 
m2297 30 36 40 41 1536 1540 1541 1836 1840 1841 2036 2041 2091 4586 
m1686 21 38 46 1921 1946 2321 2346 4846 
m1615 5 12 41 45 46 296 2055 2062 2096 2255 2291 2296 2341 2345 4812 
m2745 22 36 40 41 1136 1140 1141 1836 1840 1841 2036 2040 2072 2086 2090 2091 4586 
m910 12 22 23 36 45 46 49 622 645 1122 1145 1172 1195 1812 1822 1845 1846 2272 2295 2322 2345 2462 2473 2486 2496 3662 3696 4323 4812 
m126 22 23 30 36 40 46 49 1122 1123 1130 1136 1140 1146 1149 1172 1173 1522 1523 1530 1540 1546 1822 1823 1830 1840 1846 2022 2023 2030 2036 2040 2046 2322 2323 2330 2340 2346 2472 2480 2486 2490 2496 3696 4823 
m1105 22 32 33 36 40 1122 1132 1133 1136 1140 1633 1636 1832 1833 1836 1840 2032 2033 2036 4186 4333 4336 
m742 23 24 40 46 1190 1240 1246 2023 2024 2040 2046 2340 3696 3723 
m686 22 30 36 40 46 1130 1136 1140 1146 1536 1540 1546 1840 2030 2036 2040 2046 2330 2336 2340 2346 4346 
m771 30 36 39 40 46 1530 1539 1546 1830 1839 1840 1846 1980 2030 2036 2039 2040 2046 2330 2339 2340 2346 4346 
m1413 41 46 49 2341 2491 2496 
m3646 46 2346 
m1180 22 36 37 40 46 1122 1136 1137 1140 1146 1822 1837 1840 1846 1890 2022 2036 2037 2040 2046 2337 2340 2346 4346 4837 
m1025 22 36 40 45 1122 1136 1140 1145 1836 1840 1845 2036 2040 2045 2286 2290 
m194 22 23 30 46 1122 1123 1130 1146 1196 1523 1546 2346 
m1865 22 23 30 36 40 41 1123 1136 1141 1172 1186 1190 1191 1522 1523 1536 1540 1541 2022 2023 2036 2041 2086 3673 3686 4336 4586 
m1748 22 23 36 40 46 49 1172 1822 1836 1840 1846 2022 2023 2036 2040 2046 2049 2322 2323 2336 2340 2346 2349 2473 2486 2490 2496 3696 4323 4346 4823 4836 
m794 12 22 36 40 41 45 46 49 636 640 641 645 649 1145 1822 1836 1840 1841 1845 2012 2022 2036 2040 2041 2045 2046 2049 2072 2095 2272 2295 2336 2340 2349 2486 2490 2491 2495 3136 4336 4812 
m912 23 26 34 36 46 1176 1184 1186 1196 1726 1746 1826 1846 2326 4334 
m3030 14 
m1743 22 23 36 40 41 1122 1123 1136 1140 1141 1172 1173 1822 1823 1836 1840 1841 2022 2023 2036 2040 2041 2072 2073 3673 4586 
m3467 6 14 32 36 314 332 732 1806 1814 1832 
m1771 23 30 46 1180 1523 1530 1546 2330 2346 4823 
m1152 22 30 36 40 41 46 1122 1130 1136 1140 1141 1146 1830 2022 2030 2036 2040 2046 2072 2090 2096 2330 2336 2340 4836 4846 
m177 22 32 46 1122 1132 1146 1632 2322 2332 2346 
m2695 22 37 46 1122 1137 1146 1896 2346 4837 
m1642 32 46 2332 
m946 22 23 36 40 46 49 1122 1123 1136 1172 1822 1823 1836 1849 2022 2023 2036 2040 2046 2049 2322 2323 2336 2349 2472 2473 2486 4323 4336 4346 4836 
m2743 36 40 45 46 1836 1840 2036 2040 2046 2286 2290 2296 2340 4346 
m1587 23 30 46 1523 1530 1546 2346 3696 4823 
m966 12 36 38 41 46 641 1841 1912 1936 1938 1941 1946 2062 2086 2091 2096 2312 2336 2341 4312 
m958 36 
m388 22 37 40 46 1137 1140 1146 1890 2022 2037 2040 2046 2322 2337 2340 2346 4396 
m2135 5 13 33 46 263 283 296 696 2305 2313 2333 2346 3183 
m3222 5 36 45 286 295 1845 2255 2286 2295 4336 
m1879 37 46 1896 2337 2346 4846 
m931 22 40 46 1146 2340 
m1591 22 23 40 46 1123 1140 1146 1190 2022 2023 2040 2046 2340 2346 3696 4823 
m1781 13 38 688 1913 1938 
m1376 8 46 49 408 446 449 2349 
m2105 13 16 38 46 1913 1916 1946 2313 2316 3313 
m933 14 40 46 2014 2046 2314 2346 4814 
m1226 23 30 36 41 49 1191 1523 1530 1541 1823 1830 1836 1841 1849 2073 2080 2086 2091 2099 2473 2480 2486 2491 2499 
m60 22 38 44 46 1146 1922 1938 1944 1946 2344 2346 4846 
m431 23 30 38 1180 1188 1523 1530 1538 1938 
m565 13 38 1913 1938 
m965 12 36 38 41 46 641 1841 1912 1936 1938 1941 1946 2062 2086 2091 2096 2312 2336 2341 4312 
m660 36 41 1836 1841 2086 2091 4586 
m3675 37 46 2346 4837 
m3279 12 14 22 45 46 645 712 745 1112 1114 1146 2314 2345 2346 3146 3246 4812 
m3242 5 13 22 263 272 1105 1113 1122 
m2801 38 46 1946 2346 
m2222 14 36 40 46 740 746 1840 2014 2036 2040 2046 2336 2340 2346 3236 4346 4814 
m2400 12 36 46 49 646 649 1849 2336 2346 2349 3136 4812 
m1020 22 30 36 40 41 46 1122 1140 1141 1146 1522 1536 1540 1822 1840 1841 1846 2022 2036 2040 2041 2046 2072 2096 2322 
m2289 22 23 45 1123 1145 1173 2273 3673 
m2510 22 36 40 41 1122 1136 1140 1141 1822 1836 1840 1841 2022 2036 2041 2072 2086 2090 2091 
m198 13 22 33 36 40 1113 1122 1133 1136 1140 1686 1690 1813 2013 2036 4163 
m2586 14 22 46 1114 2314 2322 2346 4814 
m125 22 23 36 46 1123 1136 1146 2323 4323 4836 
m427 22 23 30 46 1122 1123 1130 1146 1180 1523 1530 1546 2323 2330 3673 4823 
m317 46 2346 4846 
m276 22 23 30 36 40 41 1122 1123 1130 1136 1140 1141 1172 1173 1186 1190 1191 1522 1523 1536 1541 1840 1841 2023 2036 2041 2072 2073 2086 2090 2091 3673 3686 4323 4336 4586 
m1906 30 38 39 40 46 49 1930 1938 1939 1946 1980 2030 2038 2039 2046 2330 2339 2346 2488 2490 2496 4839 
m2881 32 46 1646 
m3347 22 23 36 40 41 1122 1140 1141 1173 1186 1190 1823 1836 2022 2023 2036 2040 2041 2073 2086 2090 2091 3686 4323 
m3179 5 45 295 
m2591 37 38 46 1888 2338 2346 4396 4837 
m1967 14 41 46 2064 2091 2096 2314 2346 4814 4846 
m2330 5 23 24 40 46 273 274 290 296 1190 1240 1246 2023 2024 2040 2046 2340 3696 3723 
m1606 14 36 40 46 1814 1840 1846 2014 2036 2040 2046 2314 2346 4346 4814 4846 
m2764 23 46 2346 3696 4823 
m3450 22 37 46 1122 1137 1146 1872 2322 2337 2346 4837 
m2414 14 22 32 46 722 732 746 1132 1146 2332 4846 
m2227 22 36 37 40 46 1122 1136 1137 1140 1146 1822 1837 1840 1846 2022 2037 2040 2046 2322 2337 2346 4837 
m3129 46 2346 
m3029 22 23 30 36 37 40 41 46 49 1123 1130 1136 1137 1140 1146 1149 1180 1523 1530 1546 1822 1823 1830 1836 1837 1840 1846 1849 1872 1873 1880 1886 1890 1896 2022 2023 2030 2036 2037 2040 2046 2072 2086 2090 2099 2330 2346 2472 2473 2480 2486 2487 2490 2496 4396 4823 
m1714 26 36 37 40 46 1346 1837 2036 2037 2040 2336 2337 
m3075 38 41 46 1938 1941 1946 2341 
m588 34 45 2284 
m1146 32 46 1646 2332 2346 
m1252 12 41 46 2062 2091 2096 2312 2346 4812 
m374 26 36 37 46 49 1826 1837 1846 1849 1876 1899 2326 2476 2496 4396 
m2506 22 46 1122 1146 2322 2346 
m2220 12 22 23 36 40 46 49 636 649 1186 1199 1822 1836 1840 2022 2036 2336 2349 2486 3123 3146 3686 4336 4823 
m449 6 36 42 46 49 2306 2336 2342 2456 2486 2492 2496 2836 4606 4636 
m3382 38 45 46 49 1938 1946 1949 2288 2296 2299 2349 
m2250 3 
m1796 13 25 38 46 675 1913 1925 1946 2313 2325 
m684 40 46 2040 2046 2340 
m563 22 23 38 46 49 1122 1123 1146 1149 1199 1922 1923 1938 1946 2323 2346 2349 
m2557 14 46 714 3246 
m268 22 23 30 36 40 41 46 49 1122 1123 1130 1136 1140 1141 1146 1172 1173 1180 1186 1190 1196 1523 1530 1536 1540 1546 1822 1823 1830 1836 1840 1841 1846 1849 2022 2023 2030 2036 2040 2041 2046 2049 2072 2073 2080 2086 2090 2096 2330 2346 2472 2473 2486 2490 2491 3696 4336 4346 4823 
m3389 22 46 1122 1146 2322 2346 4846 
m2352 14 46 49 2314 2346 2464 2496 4814 
m1473 32 36 4332 
m2266 14 22 23 46 1114 1123 1146 1196 2314 3664 
m2402 22 46 1122 1146 2346 
m160 22 23 36 40 41 1122 1123 1136 1822 1823 1836 1840 2022 2023 2036 2072 2073 2086 2090 3673 4323 4586 
m2372 14 34 36 40 46 1714 1734 1736 1740 1746 1814 1836 1840 1846 2014 2036 2040 2046 2314 2346 4346 4814 4846 
m3338 36 37 40 46 1840 1886 1890 1896 2036 2037 2040 2046 2336 2340 2346 4346 4837 
m2391 44 46 2246 2344 2346 4846 
m1631 16 22 23 46 822 846 1122 1146 1172 2322 3323 3696 
m3669 
m1579 12 23 30 46 1162 1196 1512 1523 1530 1546 2346 3696 4812 
m36 22 32 36 40 46 49 1136 1140 1146 1149 1640 1646 1832 1836 1840 1846 2032 2036 2040 2046 2049 2332 2336 2340 2346 2349 2486 2490 2496 4136 4346 
m527 5 36 38 46 49 286 296 299 1849 1905 1936 1946 2346 2349 4836 
m3597 22 23 36 38 40 41 1122 1123 1136 1140 1172 1822 1823 1836 1840 1922 1923 1936 1941 2023 2036 2072 2073 2086 2088 2090 2091 3673 4323 4586 
m3449 46 
m1192 5 37 46 1855 2305 2337 2346 4837 
m830 12 30 36 46 49 1512 1530 1546 1812 1830 1836 1846 1849 2346 2480 2496 2499 4812 
m748 22 23 30 36 40 41 1122 1123 1130 1136 1140 1141 1172 1173 1180 1186 1190 1523 1822 1823 1830 1836 2023 2030 2036 2072 2073 3673 4323 4586 
m3104 22 23 30 46 1123 1130 1146 1180 1523 1530 1546 2330 4823 
m3271 37 41 46 1891 2087 2091 2096 2341 4396 
m171 32 36 38 40 46 1636 1638 1640 1646 1836 1838 1840 1846 2036 2046 2332 2336 2338 2340 2346 4136 4336 4346 
m954 22 40 46 1140 1146 2022 2046 2322 2340 2346 
m2231 36 37 38 46 49 1837 1838 1888 1938 2338 2486 2487 2488 2496 4346 4837 
m3567 36 40 41 1836 1840 1841 2036 2086 2090 2091 4586 
m1342 12 26 46 612 1312 1346 2312 2346 4812 
m183 13 22 32 36 40 41 672 686 690 1122 1136 1140 1613 1622 1636 1640 1822 2022 2036 2063 2072 2082 2086 
m1254 6 42 306 342 2106 2142 2842 4606 
m1928 22 23 38 45 46 1123 1138 1145 1146 1195 1923 1938 1945 1946 2323 2345 
m758 22 30 32 36 40 41 46 49 1122 1130 1132 1136 1140 1141 1146 1522 1532 1536 1546 1622 1646 1822 1830 1832 1836 1840 1846 1849 2022 2030 2032 2036 2040 2046 2049 2072 2090 2096 2322 2472 2480 2482 2486 2490 2496 4346 4846 
m3122 14 33 46 1664 1696 2314 2346 4196 4814 
m799 22 23 30 45 46 1123 1130 1145 1146 1196 1523 1545 1546 2273 2296 2346 
m3456 22 36 40 46 1146 1822 1846 2022 2036 2040 2046 2346 4346 
m346 23 30 33 38 46 1180 1523 1530 1533 1546 1680 1923 1930 1933 1946 2323 2330 2333 2346 4173 4823 
m1913 36 49 1836 1849 2486 2499 
m2550 22 36 37 40 46 1122 1136 1137 1140 1146 1837 2036 2037 2040 2046 2322 2336 2337 2340 2346 4346 4396 
m3158 38 46 1938 1946 2346 
m1223 36 46 49 1849 2346 2349 4836 
m971 
m1032 36 38 41 46 1841 1936 1941 1946 2086 2091 2336 2341 
m1564 22 27 46 1122 1127 1146 1377 2327 2346 
m2347 36 37 40 46 1837 1846 2036 2037 2040 2046 2337 2346 4346 4837 
m3048 22 36 40 46 49 1136 1140 1146 1149 1822 1836 1840 1846 1849 2022 2036 2040 2046 2049 2322 2336 2340 2346 2349 2486 2490 2496 4346 
m1927 22 40 46 1140 1146 2040 2046 2340 2346 
m12 14 37 46 49 2314 2337 2346 2464 2487 2496 4364 
m4 22 23 30 46 1122 1123 1130 1146 1180 1523 1530 1546 2330 4823 
m2873 46 49 2346 2349 2496 
m3398 12 26 40 46 626 2012 2026 2046 2312 2326 2340 2346 4812 
m1045 22 23 30 46 1122 1123 1130 1146 1523 1530 1546 2330 2346 3696 4823 
m336 12 36 38 41 46 641 1841 1912 1936 1938 1941 1946 2062 2086 2091 2096 2312 2336 2341 4312 
m2700 36 40 46 49 1836 1840 1846 1849 2036 2040 2046 2049 2336 2340 2346 2349 4346 4836 4846 
m472 23 30 46 1180 1196 2323 2330 2346 3673 4823 
m434 22 37 46 49 1122 1137 1146 1899 2346 2349 2496 4396 4837 
m2495 13 22 36 40 1113 1122 1136 1140 1813 1840 2013 
m2989 5 14 46 264 296 2314 2346 4814 
m3402 14 36 46 49 736 746 749 1849 2336 2346 2349 4814 4836 
m2320 5 23 26 32 46 1155 1182 1305 1323 1332 1346 1605 2305 2332 2346 4823 
m3161 23 30 1173 1180 1523 1530 
m861 5 36 46 49 286 296 299 1849 2346 2349 2486 2499 4836 
m2509 14 23 30 38 730 1180 1514 1523 1530 1914 1923 1930 3223 
m611 22 36 40 41 1136 1141 1836 1840 2036 2086 2090 4586 
m2469 38 46 1938 1946 2346 
m1667 5 36 40 46 49 286 296 299 2005 2036 2046 2346 2349 2486 4836 
m1751 5 37 46 255 1855 1887 1896 2305 2337 2346 4837 
m2275 22 37 40 46 1137 1146 1890 2022 2037 2040 2046 2322 2337 2340 2346 4396 
m2079 14 36 40 46 740 1814 1840 2014 2036 2040 2046 2336 2340 2346 3246 4346 4814 
m3081 13 23 36 46 49 1813 1823 1846 1849 2313 2346 2463 2473 2496 3663 4813 4823 
m3406 26 39 46 1326 1339 1346 1976 2326 4496 
m178 10 26 46 1310 1326 1346 2310 2346 
m3160 23 36 46 49 1196 1199 1846 1849 2346 2496 3686 
m2539 22 23 36 37 40 41 1123 1137 1173 1186 1187 1190 1823 1873 1886 1890 2023 2036 2072 2073 2086 2087 3673 4323 
m281 36 38 41 46 1936 1946 2336 2341 2346 4341 4836 4846 
m3045 23 37 46 49 2323 2473 2487 2496 3687 4837 
m1824 23 32 45 46 1182 2273 2282 2296 2323 2332 2346 4823 
m1608 22 30 36 40 41 1136 1141 1522 1536 1540 1541 1822 1836 1840 1841 2022 2036 2040 2041 2086 4336 4586 
m1709 13 36 38 686 688 1838 
m3101 22 23 30 46 1122 1123 1130 1146 1172 1173 1180 1196 1522 1523 1530 1546 2323 2330 2346 3696 
m1021 37 40 46 1890 2037 2040 2046 2337 2340 2346 4396 
m223 38 41 44 46 1941 1944 1946 2094 2096 2344 
m1884 22 30 36 49 1122 1136 1522 
m2156 30 38 45 46 1945 1946 2280 2296 2330 2338 2345 2346 4846 
m3657 22 23 36 41 1123 1136 1141 1172 1173 1186 1822 1823 2072 2073 2086 2091 3673 4586 
m61 13 22 36 45 46 49 699 1113 1136 1849 2286 2295 2296 2313 2322 2336 2349 3186 
m1424 22 37 40 45 46 1146 1872 1887 1890 1895 1896 2022 2037 2046 2287 2290 2295 2296 2322 2337 2340 2346 4396 
m2427 22 23 37 46 1123 1137 1146 2323 2337 3687 4837 4846 
m597 22 23 36 40 1122 1123 1136 1140 1173 1822 1823 1840 2022 2023 3673 
m3469 6 14 32 314 332 732 
m3084 32 36 46 49 1632 1636 1649 1849 2332 2336 2346 2349 
m7 14 38 40 46 49 1914 1938 1940 1946 1949 2014 2046 2049 2346 2464 2496 4814 
m2948 23 30 36 41 1523 1823 1830 2073 2080 3673 4323 4586 
m3182 13 22 32 46 682 1113 1122 1132 1146 2313 2322 2332 
m1944 22 23 36 40 41 1122 1123 1136 1140 1141 1172 1173 1822 1823 1836 1840 1841 2022 2023 2036 2040 2041 2073 2086 2090 3673 4586 
m397 22 37 40 46 1137 1140 1146 1890 2022 2037 2046 2322 2337 2340 2346 4396 
m1355 14 23 30 46 730 1180 2314 2323 2330 2346 3223 4814 4823 
m3270 22 23 24 40 45 46 1122 1145 1172 1190 1195 1222 1240 1245 1246 2022 2023 2024 2040 2045 2046 2272 2295 2322 2340 2345 3696 3723 
m1535 14 22 38 46 1114 1146 1914 1922 1938 1946 2314 2322 2346 4814 
m3481 22 37 46 49 1137 1146 1899 2346 2349 2496 4396 4837 
m1747 22 23 30 36 40 46 1122 1123 1130 1136 1140 1146 1172 1173 1522 1523 1530 1540 1546 1822 1823 1830 1840 1846 2022 2023 2030 2036 2040 2046 2322 2323 2330 2340 2346 3696 4823 
m517 22 23 36 40 41 1122 1123 1136 1140 1173 1186 1190 1823 1836 2022 2023 2036 2040 2072 2073 2086 2090 2091 3686 4323 
m522 32 36 46 1832 2332 2336 2346 4836 
m1210 13 36 46 49 1813 2313 2336 2346 2349 2463 2486 2496 4813 
m3489 22 30 32 36 46 49 1532 1536 1546 1549 1622 1636 1649 1822 1849 2322 2330 2332 2336 2346 2349 2472 4136 4336 4836 
m1986 34 45 2284 
m246 22 46 1122 1146 2322 2346 
m2964 13 22 36 38 40 45 1113 1136 1138 1140 1145 1813 1840 1913 1936 1940 2013 2263 2286 2288 2290 
m923 22 24 1124 
m2689 27 38 46 1927 1946 2327 
m2574 14 46 714 746 2314 2346 4814 
m733 46 2346 
m3354 46 
m462 12 13 22 27 36 40 622 636 640 672 686 690 1112 1113 1122 1136 1140 1362 1363 1372 1386 1390 1822 2022 2036 3162 
m1919 30 36 38 46 1830 1930 1936 1946 2330 2336 2346 4836 
m1492 22 36 41 1122 1136 1141 1841 2072 2086 2091 4586 
m196 22 23 36 40 41 1122 1123 1136 1140 1141 1172 1173 1822 1823 1836 1840 1841 2022 2023 2036 2040 2041 2072 2073 3673 4586 
m315 13 20 22 33 36 40 672 686 690 1013 1022 1033 1036 1040 1122 1136 1140 1672 1686 1690 1822 2022 2036 3183 
m702 23 46 2346 4823 
m1592 
m2899 26 40 46 2026 2046 2326 
m2371 12 23 36 40 41 46 49 623 636 640 641 649 1191 1823 1840 1841 2012 2023 2036 2040 2041 2046 2073 2086 2090 2091 2099 2312 2323 2336 2341 2346 2349 2473 2486 2490 2491 3136 4323 4336 4812 
m827 14 23 30 36 40 46 730 1180 1814 1823 1830 1846 2014 2023 2030 2036 2040 2046 2314 2330 2346 3223 4346 4814 4823 
m1457 22 23 41 1123 1141 1173 2073 3673 
m726 22 23 36 40 41 46 1122 1136 1140 1141 1186 1190 1191 1196 1823 1836 1840 1841 1846 2023 2036 2040 2041 2046 2072 2073 2086 2090 2091 2096 2336 2340 2341 3686 
m3110 38 49 1938 1949 
m2706 36 40 46 49 1836 1846 2036 2040 2046 2049 2336 2346 2349 2486 2496 4336 4836 
m2365 32 46 1646 2332 2346 
m2999 14 46 49 2314 2346 2464 2496 4814 
m3257 14 23 30 46 1196 1514 1523 1546 2314 2323 2330 2346 3664 4814 4823 
m1975 27 32 1382 
m3013 23 40 44 46 1173 1194 1196 2023 2040 2046 2323 2344 2346 3696 4823 
m432 14 22 46 722 2314 2322 2346 4814 
m3672 33 44 49 1694 1699 2494 
m3055 22 23 30 36 40 41 46 1122 1123 1130 1136 1140 1141 1146 1191 1523 1536 1541 1546 1841 1846 2023 2030 2036 2040 2041 2046 2072 2341 3696 4323 
m3292 32 40 45 46 1646 2032 2045 2046 2282 2296 
m1969 11 13 14 37 563 564 587 737 1863 1864 3213 4363 4387 
m2782 36 40 41 1836 1840 1841 2036 2041 2086 2090 2091 4586 
m2655 32 36 38 46 1832 1932 1936 1938 1946 2332 2336 2346 4836 
m1044 5 13 22 33 36 40 263 272 283 286 290 672 686 690 1113 1122 1133 1136 1140 1672 1686 1690 1822 2022 2036 2040 3183 
m2150 5 23 32 36 46 273 282 286 1623 2305 2323 2332 2336 2346 4323 4332 4823 4836 
m3459 38 46 49 1946 1949 2346 2496 2499 
m2006 5 13 22 33 36 40 263 272 283 286 290 672 686 690 1122 1136 1140 1672 1686 1690 1822 2022 2036 3183 
m1497 26 32 36 38 46 1332 1336 1346 1832 1926 1932 1936 1938 1946 2332 2336 2346 4836 
m2000 5 38 45 46 255 1905 1938 1945 1946 2255 2305 2345 2346 
m408 10 13 46 513 546 2310 2313 2346 4813 4846 
m2173 22 23 36 40 1122 1123 1136 1140 1173 1186 1190 1822 1823 1836 1840 2022 2023 2036 2040 3673 4323 
m1817 26 36 46 1336 1346 4836 4846 
m2479 23 30 36 41 1173 1180 1186 1191 1523 1530 1536 1541 1823 1830 1836 1841 2073 2080 2091 3673 4323 4586 
m3587 22 23 30 37 40 46 1122 1123 1130 1137 1146 1172 1187 1522 1523 1530 1537 1546 1872 2022 2023 2030 2037 2040 2046 2322 2323 2330 2346 3696 4396 4837 
m2103 23 38 1173 1188 1923 
m1436 13 33 46 1696 2313 4163 
m977 14 36 714 3236 
m1366 22 38 44 46 1138 1144 1146 1944 1946 2344 2346 
m1336 36 49 1836 1849 2499 
m3423 
m822 26 37 46 1337 1346 2337 2346 4837 
m3490 46 2346 
m916 30 46 49 2330 2480 2496 
m2451 30 46 49 2330 2480 2496 
m862 22 38 45 46 49 1138 1145 1146 1922 1938 1945 1946 1949 2296 2299 2349 
m2017 22 23 45 1123 1145 1172 1173 2272 2273 3673 
m2995 11 13 22 36 38 40 563 572 586 588 590 1113 1136 1138 1140 1813 1840 1913 1936 1940 2013 
m2896 5 36 46 49 255 286 296 299 1849 2346 2349 2486 2499 4836 
m1528 40 45 46 2045 2046 2296 
m2482 22 23 30 36 40 46 1122 1123 1130 1136 1140 1146 1180 1522 1523 1530 1536 1540 1546 1822 1823 1830 1836 1840 1846 2022 2023 2030 2036 2040 2046 2322 2323 2330 2340 4823 4846 
m2127 45 46 2345 
m3073 14 36 38 46 48 736 746 748 1848 1914 1936 1938 1946 1948 2314 2336 2338 2346 2348 
m1206 14 46 4814 
m2282 22 23 36 40 49 1122 1123 1136 1140 1149 1172 1173 1186 1190 1199 1840 2022 2023 2036 2040 2049 2473 2486 2490 3673 3686 4323 
m863 23 30 36 40 41 1173 1180 1186 1190 1523 1536 1540 1823 1830 1840 2023 2036 2073 2086 3673 4336 
m2422 23 36 40 46 49 1190 1823 1840 1846 1849 2323 2340 2349 2473 
m2531 22 26 38 46 1146 1322 1346 1922 1926 1946 2346 
m3496 13 22 32 36 40 672 686 690 1113 1136 1140 1613 1622 1636 1640 1822 2022 2036 2040 3186 4336 
m783 5 7 13 22 257 263 272 363 372 1107 1113 1122 
m2456 23 30 38 46 1180 1923 1930 1946 2330 4823 
m3220 28 36 1828 1836 
m2587 5 23 30 46 273 280 296 1180 1505 1523 1530 1546 2305 2323 2330 2346 4823 
m3197 13 38 1913 1938 
m1890 38 41 1938 1941 2088 2091 
m1458 37 46 2337 
m2633 26 32 33 46 1332 1333 1346 1682 2332 4833 
m1029 14 16 23 46 716 723 746 2316 3323 4823 
m2634 14 36 40 46 740 1814 1836 1840 1846 2014 2036 2040 2046 2314 2340 2346 3246 4314 4346 4836 
m2900 5 38 46 288 296 1946 
m1463 
m404 5 14 22 23 32 36 37 41 264 282 286 722 737 741 1122 1123 1137 1141 1155 1182 1186 1614 1637 1814 1837 1872 1882 1886 1887 1891 2087 3664 4136 4332 
m3418 46 4846 
m1186 33 36 38 46 49 1833 1846 1938 1946 2333 2336 2346 2349 2483 2486 2496 4833 
m94 36 40 46 1840 2036 2040 2336 2340 
m2979 22 46 49 1146 1149 2322 2346 2349 2496 
m644 33 34 38 40 46 1690 1696 1733 1734 1738 1746 1933 1938 1940 1946 2333 2338 2340 2346 
m1229 30 32 36 46 1630 1830 1846 2330 2332 4332 
m2357 45 46 2296 2346 
m3509 30 46 49 2330 2349 2480 
m2424 5 36 38 46 49 286 296 299 1836 1846 1849 1905 1936 1938 1946 1949 2346 2349 2455 2486 2496 2499 4836 
m3064 22 26 46 1146 1322 1326 1346 
m3189 36 38 41 46 1838 2096 2338 4346 4586 
m1707 30 38 46 1930 1938 1946 2330 2338 2346 4846 
m48 36 46 2336 2346 4836 
m307 44 46 2244 2246 2344 2346 4846 
m3324 22 41 46 1122 1141 1146 2341 
m3 22 23 30 46 1122 1123 1130 1146 1180 1522 1523 1530 1546 2323 2330 
m275 22 23 45 1122 1123 1172 1173 2272 2273 3673 
m2802 36 46 2336 2346 4836 
m3652 22 44 45 46 1146 2272 2294 2296 2344 2346 4846 
m2076 46 2346 
m1732 14 23 30 46 1514 1523 1546 2314 2323 2330 2346 3664 4814 4823 
m494 22 23 36 40 41 1122 1123 1136 1140 1141 1172 1173 1822 1823 1836 1840 2022 2023 2036 2040 2072 2073 2086 2090 3673 4586 
m552 14 22 33 722 1672 4164 
m513 22 23 30 41 1123 1130 1141 1172 1173 1180 1191 1522 1523 1541 2072 2073 2080 2091 3673 
m1515 13 22 36 45 46 1113 1136 2263 2286 2295 2296 2313 2322 2336 3186 
m593 41 46 2341 
m2164 13 22 33 36 40 672 686 690 1113 1122 1133 1136 1140 1672 1686 1690 1822 2022 2036 3183 
m415 23 30 33 46 1180 1523 1530 1533 1546 1680 2330 2333 4173 4823 
m1296 36 40 41 1836 1840 1841 2036 2040 2041 
m1086 22 37 40 46 1122 1137 1140 1146 1872 2022 2037 2046 2322 2337 2340 2346 4396 
m3650 14 22 32 36 40 45 46 714 722 732 736 740 746 1114 1145 1146 1614 1622 1632 1640 1646 1814 1822 1840 2014 2022 2040 2045 2046 2264 2286 2314 2322 2332 2336 2345 2346 3246 4332 4346 
m3435 22 36 40 1122 1822 1836 1840 2022 2036 2040 
m3610 22 23 36 40 41 1172 1186 1190 1191 1822 1836 1840 1841 2022 2023 2036 2040 2041 2072 2073 2086 2090 2091 3686 4323 4336 4586 
m1767 22 41 1122 1141 
m675 22 36 38 40 1138 1822 1838 1922 1936 1938 1940 2022 2036 2038 
m3600 22 23 36 38 41 1122 1123 1136 1141 1172 1822 1823 1922 1923 1936 1941 2072 2073 2086 2088 2091 3673 4323 4586 
m3633 22 37 46 49 1137 1146 1899 2346 2349 2496 4396 4837 
m710 23 30 36 40 41 1173 1180 1186 1190 1191 1523 1823 1830 1836 1841 2023 2030 2036 2073 2080 2086 2090 2091 3673 4323 4586 
m1294 30 36 46 49 1549 1830 1846 1849 2330 2336 2346 2349 
m1428 14 36 40 46 1814 1836 1840 1846 2014 2036 2040 2046 2314 2336 2346 3236 4346 4814 4836 
m1128 22 23 30 1122 1123 1130 1173 1522 1523 3673 
m2378 22 23 30 36 40 46 1122 1123 1130 1136 1140 1146 1180 1522 1523 1530 1536 1540 1546 1822 1823 1830 1836 1840 1846 2022 2023 2030 2036 2040 2046 2322 2323 2330 2340 4823 4846 
m433 22 36 40 46 49 1136 1146 1149 1836 1840 1846 1849 2022 2036 2040 2046 2049 2336 2340 2346 2349 2472 2486 2490 2496 4346 
m210 14 40 46 2014 2040 2046 2314 2346 4814 4846 
m570 22 23 1123 1173 3673 
m2968 23 30 36 41 1180 1186 1830 2073 2080 3673 3686 4323 4586 
m3501 22 46 1146 2322 2346 
m476 22 36 37 40 41 1137 1140 1822 1836 1840 1841 2022 2036 2037 2040 2041 2072 2086 2090 2091 4586 
m2491 36 
m3620 22 30 37 40 46 1130 1137 1146 1537 1540 1546 1890 2340 4396 
m369 13 22 33 36 38 40 1113 1122 1133 1136 1138 1140 1813 1833 1838 1840 1913 1933 2013 2033 2038 4163 
m402 22 30 36 40 41 1122 1130 1136 1140 1141 1522 1541 1840 2036 2040 2086 2090 
m2832 22 23 30 36 40 46 1122 1123 1130 1136 1140 1146 1172 1173 1180 1186 1190 1522 1523 1530 1536 1540 1546 1823 1840 2023 2036 2040 2322 2323 2330 2336 2340 2346 3696 4823 
m532 13 37 4363 
m2790 23 30 36 40 41 49 1186 1190 1199 1523 1530 1536 1540 1549 1823 1836 1840 1849 2073 2080 2086 2090 2099 2490 3686 4336 
m1430 26 32 36 46 1326 1332 1336 1346 1832 2332 2336 2346 4836 
m1757 22 23 37 1122 1123 1172 1173 1872 1873 3673 
m1446 46 2346 
m1885 36 37 40 41 46 1837 1840 1846 1890 2087 2090 2096 2340 4396 4586 
m1328 14 38 46 49 746 749 1914 1938 1946 1949 2346 2349 
m2180 22 32 33 36 40 1122 1132 1133 1136 1140 1633 1672 1822 1832 1833 1836 1840 2022 2032 2033 2036 4136 4186 
m1315 37 40 46 2037 2046 4396 
m436 5 36 38 46 49 286 296 299 1849 1905 1936 1946 1949 2305 2336 2338 2346 2349 2486 2499 4836 4846 
m2730 14 22 26 37 39 722 737 1314 1322 1337 1339 1872 1964 1972 1987 
m2490 22 36 41 1122 1136 1141 1841 2091 4586 
m589 36 41 1841 
m1016 36 38 1936 1938 
m2883 22 23 1122 1123 1173 3673 
m3071 22 35 46 1135 1146 1796 
m102 14 36 38 41 46 714 1814 1836 1838 1914 1936 2064 2086 2088 2096 2314 2336 2338 3236 4314 4586 4814 
m2245 36 40 46 1836 1840 1846 2036 2040 2046 2336 2340 2346 4336 4346 
m2653 14 36 40 41 46 714 736 2014 2036 2046 2064 2086 2090 2096 3246 4314 4346 4814 
m227 22 38 1122 1922 1938 
m65 11 13 22 33 36 40 661 1111 1113 1122 1133 1136 1140 1661 1811 1813 1833 1840 2011 2013 2033 4163 
m1902 22 36 40 46 49 1136 1140 1146 1836 1846 2022 2036 2040 2046 2049 2336 2346 2349 2486 2496 4336 4836 
m2204 22 44 46 1122 1144 1146 2222 2246 2322 2344 2346 
m1 22 23 41 46 1123 1141 1146 1173 2073 2323 2341 2346 3673 4823 
m1303 14 22 46 714 746 1114 1146 2314 2346 3246 4814 
m352 12 36 40 41 46 636 640 641 1836 1840 1841 2036 2041 2336 2340 2341 3136 4336 4812 
m3142 22 37 45 46 49 1122 1137 1145 1146 1895 2322 2345 2346 2472 2487 2495 2496 4396 4837 
m1377 23 30 36 49 1180 1199 1549 1823 1830 1849 2473 2480 2486 
m3035 14 23 34 36 40 46 734 1184 1734 1814 1823 1834 1840 1846 2014 2023 2034 2036 2040 2046 2314 2323 2334 2346 3664 4346 4814 4823 
m81 13 33 40 690 1690 4163 
m3311 5 23 30 38 40 273 280 290 1190 1523 1530 1540 1905 1923 1930 1940 2023 2030 2040 
m1062 14 46 2346 4814 
m3180 14 20 40 46 720 2014 2020 2046 2320 3246 
m1530 22 23 30 46 1122 1123 1146 1180 2330 2346 4823 
m2472 23 31 46 49 1196 1573 1596 2346 2473 2481 2496 2499 
m888 22 30 38 46 1130 1146 1922 1930 1946 2322 2330 2346 
m1281 31 36 37 40 46 1587 1590 1596 1831 1837 1840 1846 1890 1896 2340 
m3550 22 23 36 40 41 1122 1123 1136 1140 1141 1172 1173 1822 1823 1836 1840 1841 2022 2023 2036 2040 2041 2072 2073 3673 4586 
m2969 12 14 46 712 746 2312 2346 3246 4812 
m2192 22 23 27 30 36 40 49 1172 1186 1199 1372 1373 1380 1386 1399 1522 1523 1527 1530 1536 1549 1822 1823 1827 1830 1836 1840 1849 2023 2027 2030 2036 2040 2049 2472 2473 2477 2480 2486 2499 3686 4336 
m1908 23 36 40 41 46 49 1191 1836 1841 2023 2036 2041 2323 2336 2340 2341 2349 2473 2486 2490 2491 2496 2499 3686 4323 4336 4836 
m3188 22 36 40 41 46 1136 1141 1146 2022 2036 2041 2046 2086 2096 2336 
m414 23 49 1173 2473 3673 
m2305 22 36 40 1122 1136 1140 1822 1836 1840 2022 2036 
m1510 14 32 40 46 732 1632 1646 2014 2032 2046 2332 3246 
m3132 22 37 40 46 1137 1146 2022 2037 2040 2046 2337 2346 4837 
m468 28 36 38 1438 1838 1928 1936 4328 
m804 14 23 30 46 730 1180 2314 2323 2330 2346 3223 4814 4823 
m2727 46 
m2085 36 40 46 49 1849 2036 2040 2046 2049 2336 2346 2349 4336 4836 
m1358 14 23 30 46 730 1180 2314 2323 2330 2346 3223 4814 4823 
m2766 22 30 36 37 41 1130 1136 1536 1537 1541 1886 2086 2087 
m837 22 27 46 1146 1372 1377 1396 
m3613 14 44 46 49 744 746 2344 2464 2494 2496 
m1958 23 26 30 46 1180 1323 1330 1346 1523 1530 2330 4823 
m69 23 26 32 46 1182 1323 1332 1346 2323 2332 
m311 22 32 36 46 49 1622 1649 1822 1832 1849 2322 2332 2336 2346 2349 2472 4136 4336 4836 
m2756 5 14 45 46 705 745 2255 2305 2314 2345 2346 4814 
m994 22 23 37 1123 1137 1172 1173 1187 1872 1873 3673 
m3678 23 30 36 39 40 41 1173 1186 1189 1190 1191 1523 1536 1539 1541 1823 1973 1986 1990 1991 2023 2036 2073 2086 2089 2090 2091 3686 4336 4586 
m1056 14 22 40 46 1114 1140 1146 2014 2040 2046 2314 2346 4814 4846 
m3441 22 36 41 49 1122 1136 1141 1149 1849 2072 2086 2099 4336 
m2172 32 1632 
m500 23 46 2323 2346 4823 
m3328 5 13 30 33 46 655 680 1505 1655 1680 2305 2313 2330 2333 4163 
m2526 44 46 2344 2346 
m2717 13 22 40 690 1113 1122 
m2555 22 23 36 40 46 1122 1123 1136 1140 1146 1172 1186 1190 1196 1822 1836 2022 2036 2040 2046 2322 3686 4346 
m2007 12 22 36 38 40 46 612 636 1112 1122 1136 1138 1140 1146 1812 1836 1840 1846 1912 1922 1936 1938 1940 1946 2012 2022 2036 2038 2046 2312 2336 2346 3146 4812 4836 
m1668 36 40 41 1836 1840 1841 2036 2041 2086 2091 4336 4586 
m2413 22 30 40 46 1130 1140 1146 2022 2030 2040 2046 2322 2330 2340 2346 
m755 22 44 46 1146 2222 2244 2246 2322 2344 2346 4846 
m3120 22 26 32 46 1126 1132 1146 1332 1346 1646 2326 2332 2346 
m842 23 30 38 40 46 1180 1923 1930 1946 2023 2038 2046 2330 4823 
m1475 22 36 40 41 46 1136 1140 1141 1146 1822 1836 1841 2022 2036 2041 2046 2072 2086 2090 2091 2096 2322 2336 2340 2341 2346 4346 4586 4836 
m3210 22 36 41 1122 1136 1141 1841 2072 2086 2091 4586 
m3281 23 30 45 46 1523 1545 1546 2273 2296 2345 2346 3696 4823 
m2124 14 38 46 738 2314 2338 2346 4814 
m2026 10 32 46 1610 1632 1646 2310 2346 
m2567 22 38 45 46 1122 1138 1145 1146 1938 1945 1946 2296 2346 
m1111 14 22 45 46 722 745 746 1146 2272 2296 2346 3246 
m3589 26 36 46 49 1336 1346 2476 2486 2496 4836 4846 
m1018 22 38 46 1138 1146 1922 1938 1946 2322 2338 
m955 22 36 40 41 46 1136 1141 1146 2022 2036 2041 2046 2086 2096 2336 
m157 22 23 36 41 1123 1136 1141 1186 1823 2072 2073 2086 2091 3673 4586 
m313 13 14 22 40 46 672 722 2013 2014 2040 2046 2313 2314 3164 
m2735 32 36 38 46 49 1632 1636 1649 1849 1932 1936 1938 1946 1949 2332 2336 2346 2349 
m1699 22 23 46 49 1122 1123 1146 1149 1196 1199 2322 2323 2346 2349 4846 
m1302 14 22 40 46 714 746 1114 1146 2014 2022 2046 2314 2346 3246 4814 
m999 5 36 46 49 286 296 299 1836 1849 2336 2346 2349 2486 2496 2499 4836 
m3038 22 23 46 1123 1146 1172 2322 3696 
m1659 22 23 36 40 41 1122 1123 1136 1140 1141 1172 1173 1822 1823 1836 1840 1841 2023 2036 2040 2041 2072 2073 3673 4341 
m927 12 45 46 645 2345 4812 
m386 10 26 37 46 1310 1337 1346 1860 1896 2310 2346 4396 
m2141 36 40 46 49 1836 1840 1846 1849 2036 2040 2046 2049 2336 2340 2346 2349 2486 2490 2496 4346 
m2906 22 30 36 40 41 49 1136 1140 1536 1541 1549 1830 1836 1840 1841 1849 2030 2036 2040 2041 2049 2072 2086 2090 2091 2099 2472 2486 
m1270 14 29 31 36 49 729 731 736 1579 1586 1814 1829 1831 1836 1849 2464 2479 2481 2486 3236 4086 4336 
m1024 14 40 46 2014 2040 2046 2314 2346 3214 4814 
m1242 32 36 37 46 1646 1882 1896 4136 4346 4386 
m3527 22 23 36 40 41 1122 1123 1136 1140 1141 1172 1173 1186 1822 1823 1836 1840 1841 2022 2023 2036 2040 2041 2072 2073 2086 2090 3673 4586 
m3576 14 44 46 49 744 746 2344 2464 2494 2496 
m2130 22 23 30 36 40 41 46 1122 1123 1130 1136 1140 1141 1146 1180 1522 1523 1530 1536 1540 1546 1822 1823 1830 1836 1840 1846 2022 2023 2030 2036 2040 2046 2072 2086 2090 2091 2322 2323 2330 2340 4823 4846 
m437 14 22 46 722 2314 2322 2346 4814 
m632 22 23 30 36 38 40 41 46 1122 1123 1130 1136 1140 1146 1172 1173 1180 1186 1190 1522 1523 1530 1536 1540 1546 1823 1840 1922 1923 1930 1938 1941 1946 2023 2030 2036 2038 2040 2041 2046 2072 2073 2080 2086 2096 2322 2330 2336 2340 2346 3696 4823 
m10 30 41 46 2080 2096 2330 2341 2346 
m2635 12 14 46 712 2314 2346 3146 3246 4812 
m2256 21 22 46 1121 1146 2321 4846 
m2137 23 30 40 1180 1190 1523 1530 1540 2023 2030 
m2030 14 46 49 2314 2346 2464 2496 4814 4846 
m3494 27 40 46 1396 2027 2040 2046 2340 2346 
m2324 22 30 36 40 46 1122 1130 1136 1146 1522 1536 1822 2022 2030 2036 2322 2330 2336 2340 2346 4836 
m1825 22 23 30 46 1122 1123 1130 1146 1523 1530 1546 2330 2346 3696 4823 
m778 22 44 46 1122 1144 1146 2322 2344 2346 4846 
m2970 22 45 1145 2272 2295 
m3130 23 32 46 1196 1623 1646 2346 
m3313 22 40 46 1122 1140 2322 2340 
m273 8 32 37 46 49 408 446 449 1608 1646 1649 1858 1882 1896 2308 2332 2346 2349 
m2691 27 38 46 1927 1946 2327 
m1114 6 23 36 46 1156 1186 2306 2323 2336 4306 
m220 28 46 1428 2328 2346 
m2625 22 23 30 36 40 41 46 1123 1130 1136 1141 1146 1180 1186 1190 1523 1530 1536 1540 1546 1830 2022 2023 2030 2036 2040 2046 2072 2073 2080 2086 2090 2091 2330 3696 4836 
m2686 12 14 22 36 45 46 49 645 712 745 1112 1114 1146 1812 1814 1822 1845 1846 1849 2314 2345 2346 2462 2464 2472 2496 3146 3246 4812 
m1666 36 38 40 46 1840 1846 1936 1940 1946 2036 2046 2340 
m2739 30 40 46 2030 2040 2046 2330 
m1262 38 41 46 49 1938 1946 1949 2088 2096 2099 2341 2346 2349 
m3442 38 46 1946 
m2732 22 32 38 46 1132 1146 1632 1646 1922 1932 1938 1946 2332 
m131 37 38 46 1888 1937 1938 1946 2338 4837 
m2488 22 23 30 36 41 1123 1130 1136 1141 1180 1523 1823 1830 2073 2080 3673 4323 4586 
m2741 37 46 2337 2346 
m1930 23 30 40 46 1180 1523 1530 1546 2023 2030 2046 2323 2330 
m3243 22 23 36 40 1122 1123 1136 1140 1173 1186 1190 1822 1823 1836 1840 2022 2023 2036 2040 3673 4323 
m22 22 23 30 46 1122 1123 1130 1146 1180 1523 1530 1546 2330 2346 4823 
m549 22 46 49 2322 2346 2349 2472 4846 
m809 22 23 36 40 41 1122 1123 1136 1140 1141 1173 1186 1190 1823 1836 1840 1841 2022 2023 2036 2040 2041 2072 2073 2086 2090 2091 3686 4323 
m2043 32 36 46 1636 2332 2336 2346 4332 4336 4836 
m1983 22 23 30 36 40 45 1123 1130 1136 1145 1523 1830 2022 2023 2030 2036 2045 2273 2280 2286 4323 
m3318 22 30 36 1522 1536 1822 
m3219 36 48 49 1848 1849 2486 2498 2499 4336 
m1191 12 13 22 32 36 40 49 632 682 699 1112 1113 1122 1132 1136 1140 1812 1813 1832 1836 1840 1849 2012 2013 2032 2036 2049 2462 2482 2486 3136 3162 3186 
m53 22 37 46 1122 1137 1146 2322 2337 2346 4837 
m2042 23 41 1191 2073 3673 
m3255 14 22 36 40 46 714 1114 1136 1140 1146 1814 2014 2036 2046 3236 3246 4346 4814 
m1790 12 14 46 712 2312 2314 2346 3146 3246 4812 
m426 22 23 30 46 1122 1123 1130 1146 1180 1523 1530 1546 2323 2330 3673 4823 
m100 22 38 44 46 1122 1144 1146 1922 1944 1946 2344 2346 4846 
m2415 29 46 2329 2346 
