m2726 13 33 36 38 40 688 1688 1813 1833 1838 2013 2033 2036 2038 4163 
m2054 22 36 45 1136 1145 1845 
m2835 22 45 46 1122 1145 1146 2345 
m2524 22 23 30 41 1122 1123 1130 1172 1173 1180 1522 1523 1541 2072 2073 2080 3673 
m3341 13 37 4363 
m2293 18 
m1807 23 30 46 1196 1523 1530 1546 2323 2330 2346 3696 4823 
m2822 28 32 36 38 40 46 1628 1632 1636 1640 1646 1828 1832 1836 1932 1936 1940 1946 2028 2032 2036 2040 2046 2328 2332 2336 4136 4332 4836 
m545 23 30 46 1173 1180 1196 1523 1530 1546 2323 2330 2346 3696 4823 
m2522 22 23 36 40 46 49 1172 1822 1823 1836 1840 1849 2022 2023 2036 2040 2046 2049 2322 2323 2336 2349 2473 2486 3686 4336 4346 4836 
m2770 16 45 46 845 2345 4816 
m3272 5 22 36 38 46 49 272 286 296 299 1149 1822 1849 1905 1936 1946 2322 2346 2349 4836 
m1938 14 45 745 
m3214 45 46 2296 
m1739 14 46 746 2346 3246 
m2768 32 46 1632 1646 2332 2346 
m3645 13 22 45 695 1113 1145 
m697 36 46 2336 
m2292 5 45 295 
m2588 22 44 46 1144 1146 2246 2322 2344 2346 4846 
m2247 36 49 1849 2486 2499 
m2997 41 
m2772 22 23 1123 1173 3673 
m389 18 37 46 1868 2318 4837 
m614 23 46 2323 2346 3696 4823 4846 
m621 36 46 1836 1846 4836 
m1502 23 30 38 41 46 49 1173 1523 1930 1938 1941 1946 1949 2073 2080 2323 2330 2341 2473 2480 2491 2496 3673 
m2852 37 46 4837 
m2729 22 23 36 49 1123 1136 1149 1173 1186 2473 2486 3673 4323 
m2420 38 46 1946 2346 
m829 13 37 38 46 1913 1937 1946 2313 2337 4363 
m2646 22 44 46 1146 2344 2346 4846 
m1985 22 23 32 1122 1123 1132 1182 1622 1623 1632 
m1364 5 15 38 40 46 755 1905 1915 1938 1940 1946 2005 2015 2038 2040 2046 2305 2315 2346 4815 
m1484 41 45 2091 2095 2291 2295 
m1574 26 46 1346 2346 
m2274 22 37 40 46 1137 1140 1146 1890 2037 2040 2046 2337 2340 2346 4396 
m3659 36 45 46 1845 2336 2345 2346 4836 
m981 11 45 595 
m3474 22 23 30 1122 1123 1130 1172 1173 1522 1523 3673 
m2146 13 22 33 36 40 690 1113 1122 1133 1136 1140 1690 1813 1833 1840 2013 2033 4163 
m2409 36 40 46 49 1849 2036 2040 2046 2049 2336 2346 2349 4336 4836 
m3126 26 46 1346 
m1353 41 2091 
m2449 11 13 33 45 563 583 595 695 1695 3183 
m1137 46 
m1715 22 23 38 46 49 1122 1123 1138 1146 1199 1923 1938 1946 1949 2323 2346 2349 
m3430 22 23 30 36 40 41 46 1122 1123 1130 1136 1140 1141 1146 1180 1522 1523 1530 1536 1540 1546 1822 1823 1830 1836 1840 1841 1846 2022 2023 2030 2036 2040 2041 2046 2072 2086 2090 2322 2323 2330 2340 4823 4846 
m2174 32 36 41 46 1641 1646 2332 2336 2341 2346 4136 4586 
m3021 13 23 36 1186 1813 3663 
m2924 27 36 46 49 1827 2327 2336 2486 2496 
m2438 38 41 46 1941 1946 2341 
m2055 5 45 46 2255 2305 2345 
m2458 8 36 46 1808 2308 2336 2346 4836 
m325 36 38 46 49 1849 1936 1946 2336 2346 2349 4836 
m671 13 22 46 1113 1122 1146 2313 2322 2346 
m3230 22 37 41 46 1122 1137 1141 1146 1891 2341 4837 
m3569 22 37 40 46 1872 2037 2046 2322 2337 2346 4837 
m492 22 45 1145 
m1554 14 30 714 730 
m3478 22 37 40 46 1137 1146 2022 2037 2046 4837 
m3536 30 36 46 1830 2330 2336 2346 4336 
m2658 22 26 44 46 1146 1322 1344 1346 2326 2344 2346 4846 
m1605 38 46 1946 
m156 22 
m1124 22 23 30 1122 1123 1130 1173 1180 1522 1523 1530 
m3137 22 30 37 46 1130 1137 1146 1880 2322 2330 2337 2346 4837 
m2050 22 36 46 49 1136 1146 1846 1849 2349 
m1078 32 46 1632 1646 2332 
m2571 45 
m3405 5 13 14 33 263 283 705 713 733 3183 
m1098 22 23 36 40 41 46 1122 1123 1136 1140 1141 1146 1190 1191 1822 1823 1836 1840 1841 1846 2022 2023 2036 2040 2041 2046 2323 2336 2340 2341 3673 3686 4323 4336 
m745 14 36 46 736 746 2336 
m901 22 23 30 41 49 1123 1130 1173 1523 2072 2073 2080 2472 2473 2480 2491 3673 
m212 36 38 1936 
m1710 22 23 27 36 40 1122 1123 1127 1136 1140 1190 1372 1373 1386 1390 1823 1840 2023 2040 
m2080 14 36 40 46 1814 1846 2014 2036 2040 2046 2346 4346 4814 
m2467 45 
m514 32 37 46 1632 1637 1646 2332 2337 2346 4837 
m2843 30 36 40 46 1536 1540 1546 2036 2340 4836 
m3666 26 46 2326 2346 
m2804 36 49 1849 2486 2499 
m419 13 22 36 40 672 686 690 1822 1840 2022 2036 2040 4336 
m2647 22 44 46 1146 2322 2344 2346 4846 
m826 22 23 30 36 40 41 1122 1123 1130 1136 1140 1141 1172 1173 1180 1186 1190 1191 1523 1530 1536 1540 1541 1823 1836 1840 1841 2022 2023 2030 2036 2041 2072 2073 2080 2086 2090 2091 3673 3686 4323 4336 4586 
m2990 45 46 2295 2296 2346 
m2416 14 36 49 749 1814 1849 
m1832 11 
m2627 18 45 2268 
m3012 20 22 23 30 38 1022 1023 1030 1038 1123 1130 1172 1173 1180 1188 1520 1523 1538 1922 1923 1930 1938 3673 
m2066 33 36 45 46 1686 1695 1845 2333 2345 4836 
m3588 5 13 14 38 46 655 705 746 1913 1914 1946 2305 2313 3213 
m2974 22 37 46 1137 1146 4837 
m1468 14 36 49 736 749 1849 
m1844 33 46 2333 2346 
m524 3 45 195 2295 
m1360 13 22 46 1113 1122 1146 2322 4813 
m3429 45 46 2295 2345 
m738 11 
m1399 22 44 46 1146 2344 2346 4846 
m3315 22 
m1517 14 714 
m401 14 46 746 2346 
m1174 22 30 41 46 1130 1146 1522 1546 2072 2080 2096 2322 
m2693 14 37 714 737 1887 3237 
m1489 13 22 33 36 49 1113 1133 1136 1149 1813 1833 1849 2463 2483 2486 2499 4163 
m253 22 44 46 1144 1146 2222 2246 2322 2344 2346 4846 
m3397 22 23 36 40 46 49 1172 1186 1190 1822 1823 1836 1840 1849 2022 2023 2036 2040 2046 2049 2322 2323 2336 2340 2349 2473 2486 2490 3686 4336 4346 4836 
m2119 30 46 2330 2346 
m1952 3 13 22 23 172 672 1163 1172 2663 3653 
m1055 22 30 38 1130 1922 1930 1938 
m363 22 23 30 38 1123 1130 1172 1173 1188 1522 1523 1530 1538 3673 
m887 26 46 1346 
m3522 22 45 1145 
m159 7 26 46 1307 1346 2307 2346 
m3625 46 
m693 30 38 45 46 1930 1945 1946 2280 2296 2330 
m1359 5 23 27 41 273 291 1355 1373 1391 2073 3673 
m41 12 23 36 41 46 636 1823 2062 2073 2096 2336 3123 4586 4812 4823 
m2994 37 40 46 2037 2046 4837 
m270 22 30 46 1130 1146 2330 
m2674 36 38 41 1838 2088 4341 
m1524 22 23 31 36 46 1172 1181 1186 1196 1596 1822 1846 2322 3686 4086 4331 4336 4346 
m3593 32 46 1632 1646 2332 
m2961 40 45 46 2040 2045 2046 2345 
m1878 22 36 40 1122 1136 2022 2036 2040 
m1051 30 45 46 2280 2296 2330 2346 
m2089 22 36 40 46 49 1122 1136 1140 1146 1822 1840 1846 1849 2022 2036 2046 2322 2336 2340 2346 2349 2486 2490 2496 4336 4346 4836 
m2108 22 32 37 1622 1872 1882 
m3428 36 45 1845 2286 2295 
m1915 22 44 46 1146 2244 2246 2344 2346 4846 
m538 23 38 45 1195 1923 1945 3673 
m2319 22 36 46 49 1822 2322 2336 2346 2349 2486 2496 
m1637 6 42 4606 
m3249 22 23 36 40 46 49 1123 1136 1146 1149 1836 1846 1849 2022 2023 2036 2046 2049 2323 2473 2486 2496 3686 4323 4336 4836 
m647 13 22 36 38 40 41 1113 1136 1138 1140 1141 1813 1840 1913 1922 1936 1938 1940 1941 2013 2063 2086 2088 2090 
m2290 23 30 45 1195 1523 1545 
m1125 36 
m962 9 36 1809 1836 2959 4309 4336 
m786 26 46 1326 1346 
m2270 22 37 46 1122 1137 1146 2322 2337 2346 4837 
m1907 13 22 33 36 40 46 1113 1122 1133 1136 1140 1146 1813 1833 1840 1846 2013 2022 2033 2036 2040 2046 2313 2333 4163 
m2210 22 32 45 46 1146 2272 2282 2295 2296 2332 2346 
m163 37 46 4396 
m3473 14 22 722 1114 1122 
m2566 14 22 46 722 746 2322 2346 
m2318 22 36 40 1122 1136 1140 1822 2022 2036 
m98 22 46 1146 2322 2346 
m1939 13 22 36 40 672 686 690 1113 1122 1136 1140 1822 2022 2036 
m1918 44 46 49 2344 2349 2494 
m1188 13 22 40 46 1113 1122 1146 2013 2022 2046 2313 
m2909 14 22 40 46 722 746 2014 2022 2046 2322 
m110 22 23 30 36 40 41 1123 1173 1180 1186 1190 1191 1830 2023 2030 2036 2040 2041 2073 2080 2086 2090 3673 4323 
m1317 36 40 41 46 49 1841 1846 1849 2036 2041 2046 2049 2336 2341 2486 2491 2496 4336 
m146 22 44 46 1146 2344 2346 4846 
m3261 22 32 36 1622 1822 4136 
m685 33 37 46 1883 1896 4833 
m3517 13 14 22 46 672 722 1113 1114 2313 2322 3213 4814 
m152 22 46 1146 
m2605 36 38 46 1936 1938 1946 2336 2346 
m1308 37 40 41 46 2037 2046 2087 2090 2096 4837 
m1834 22 36 37 46 49 1136 1137 1146 1149 1846 1849 1886 1899 2349 4396 
m3141 22 46 1146 
m716 16 32 46 832 2332 4816 
m676 22 36 41 49 1136 1141 1822 1849 2072 2086 2091 2099 2472 2486 4336 
m3408 22 23 36 40 1122 1123 1136 1140 1173 1822 1823 1840 2022 2023 2040 3673 
m1322 22 45 1122 1145 2272 
m2875 14 22 36 49 749 1114 1136 1149 1814 1849 
m1175 37 45 46 1895 2345 4837 
m1704 13 22 30 47 680 697 1113 1122 1130 1147 2380 
m1023 45 46 2295 2296 2346 
m1195 22 44 46 1146 2344 2346 4846 
m412 22 23 30 1123 1130 1172 1173 1180 1523 3673 
m1203 37 46 4837 
m1253 37 46 2337 2346 4837 4846 
m2101 14 26 32 46 726 732 746 1314 1326 1332 1346 1626 1646 2326 
m1599 36 38 49 1838 1849 1936 1938 1949 
m1660 12 40 46 2012 2046 4812 
m2196 
m2468 14 22 36 46 722 736 1822 2314 2322 4836 
m2908 14 22 1114 
m225 6 42 46 2306 2342 2842 
m1001 32 36 38 41 46 1641 1646 1936 1941 1946 2332 2336 2341 2346 4136 4586 
m372 27 49 1399 
m1408 32 45 46 2282 2296 2332 
m2791 23 30 45 1180 1195 1523 1530 1545 2273 2280 2295 3673 
m1319 
m1212 16 32 40 44 46 832 844 1644 2016 2032 2044 2046 2316 2332 2344 
m3153 23 30 36 41 1523 1823 1830 2073 2080 3673 4323 4586 
m2126 45 46 2296 2345 4846 
m2232 27 36 37 46 49 1387 1827 1837 2327 2477 2486 2487 2496 4336 4346 4837 
m1148 46 2346 
m633 46 
m1984 22 46 1146 
m3086 22 45 46 1122 1146 2272 2295 2296 2322 2346 4846 
m2879 36 
m2773 22 23 36 41 46 49 1141 1172 1191 1822 1823 1841 1846 2322 2323 2341 2472 2473 2486 2491 2496 
m612 37 1887 
m2513 30 46 2330 
m3463 30 32 36 40 46 1630 1640 1646 1830 1840 2030 2330 2332 2336 2340 2346 4136 
m3325 22 36 40 46 48 1136 1140 1146 1822 1836 1840 1846 2022 2036 2040 2046 2048 2322 2336 2340 2346 2348 2422 2436 2440 2446 4346 4836 
m1697 40 46 2340 
m2644 22 44 46 1146 2322 2344 2346 4846 
m920 22 46 1122 1146 
m2956 13 37 4363 
m1905 46 2346 
m2316 23 30 38 46 1188 1523 1530 1538 1923 1930 1946 2323 2330 2338 2346 
m2725 13 36 40 46 696 1813 2013 2036 2040 2046 4346 
m754 22 44 46 1146 2246 2344 2346 4846 
m3246 10 36 40 49 536 1810 1836 1849 2010 2036 2049 2460 2486 
m1264 13 33 663 683 1663 1683 3183 4163 
m477 14 45 745 2264 2295 
m3041 22 36 41 46 49 1141 1822 1841 1846 2322 2341 2486 2491 2496 
m439 
m2226 12 14 36 40 41 46 636 640 641 736 740 741 1841 2036 2041 2314 2336 2340 2341 3114 3236 4336 4812 
m2728 11 13 33 36 40 661 1661 1811 1813 1833 2011 2013 2033 2036 4163 
m2312 45 46 2296 
m1901 23 36 40 41 46 49 1191 1836 1841 2023 2036 2041 2073 2086 2090 2091 2096 2099 2323 2336 2340 2341 2349 2473 2486 2490 2491 2499 4323 4336 4836 
m3378 23 30 38 46 1173 1180 1188 1523 1530 1538 1923 1930 1938 2323 2330 2338 2346 3673 4823 
m1277 22 23 36 40 41 1122 1123 1136 1140 1141 1172 1173 1186 1190 1191 1822 1823 1836 1840 1841 2023 2036 2041 2072 2073 2086 2090 2091 3673 3686 4323 4586 
m970 22 23 36 40 46 1122 1123 1136 1140 1146 1172 1822 2022 2023 2036 2040 2046 2322 2323 2336 2340 2346 4323 4823 
m403 36 
m1238 13 25 38 46 675 1913 1925 1946 2313 2325 
m2216 23 36 40 41 1173 1186 1190 1191 1823 1840 2023 2036 2073 2086 2090 3673 4323 4336 4586 
m2445 41 46 2091 2096 2341 
m26 37 45 46 1895 2337 2345 2346 4396 
m2027 44 46 49 2344 2349 2494 
m3636 22 45 46 1145 2322 2345 
m1406 36 40 41 1836 1840 2036 2086 2090 2091 4586 
m1733 14 23 30 39 46 1189 1514 1523 1539 1546 1964 2314 2323 2330 2339 2346 3664 4814 4823 
m546 46 
m586 36 41 1841 2086 
m498 12 30 38 40 46 630 1912 1930 1946 2012 2030 2038 2040 2046 2312 2330 2346 4812 
m1581 45 2295 
m123 13 22 36 38 40 672 686 690 1113 1122 1136 1140 1822 1913 1922 1936 2022 2036 
m1912 22 23 30 41 46 1122 1141 1146 1191 1523 1530 1541 1546 2073 2080 2091 2096 2322 2323 2330 2341 2346 
m2905 5 13 22 33 36 40 263 272 283 286 290 672 686 690 1113 1122 1133 1136 1140 1672 1686 1690 1822 2022 2036 3183 
m950 13 33 4163 
m945 22 38 45 46 1122 1146 1922 1938 1945 1946 2272 2288 2295 2296 2346 
m387 14 22 722 1114 1122 
m969 37 46 1896 
m919 37 38 46 1888 2338 4396 
m2377 46 
m900 14 33 4164 
m2839 13 36 40 41 686 690 691 1841 2036 2041 2063 2086 2090 2091 
m422 15 38 46 1915 2315 2338 
m54 29 
m1775 22 40 45 46 1140 1146 2272 2290 2296 2340 
m33 
m1479 5 13 22 255 263 272 1105 1113 1122 
m1251 37 46 1887 1896 2337 2346 4837 
m2744 5 32 255 1605 1632 
m2535 13 22 36 40 41 1113 1136 1140 1813 1840 2013 2063 2072 2086 2090 
m3680 40 45 46 2040 2045 2046 2345 4846 
m1123 46 2346 
m1549 22 36 41 49 1122 1136 1141 1149 1822 1841 2072 2086 2091 2099 2472 2486 2491 4336 
m2363 22 36 41 49 1136 1141 1149 1841 1849 2072 2086 2091 2099 2486 2491 4336 
m1904 13 20 33 36 40 41 670 686 690 691 1033 1036 1040 1041 1686 1690 1691 1840 1841 2036 2041 3183 3536 4336 
m88 15 22 46 772 2315 2322 
m1562 22 37 1122 1137 1872 1887 
m2466 36 48 1836 1848 2436 2448 4336 
m845 26 32 36 46 1332 1336 1346 1832 2332 2336 2346 4836 
m79 13 22 44 46 694 1113 1122 1144 1146 2313 2344 
m2015 22 44 45 46 1146 2272 2294 2296 2344 2346 4846 
m1703 33 45 48 1695 1698 2298 
m3421 22 36 40 46 1122 1136 1140 1146 1840 2040 2336 2340 
m1477 14 45 745 
m1490 13 46 47 696 2363 2396 
m2945 14 22 27 40 727 1114 1127 2014 2022 2027 
m2462 23 45 46 1195 2323 2345 
m1688 36 45 46 1845 2286 2295 2345 4836 
m666 13 22 33 36 40 47 672 686 690 697 1113 1122 1133 1136 1140 1147 1672 1686 1690 1697 1847 2036 2047 3183 
m3097 23 30 45 46 1173 1180 1196 2273 2296 2330 2346 4823 
m1726 14 23 30 46 1514 1523 1546 2314 2323 2330 2346 3664 4814 4823 
m1190 37 38 46 1896 1937 1946 
m3287 8 41 46 49 408 446 449 2058 2096 2308 2341 2346 2349 2458 2496 
m375 5 22 36 46 49 272 286 296 299 1149 1822 1849 2322 2346 2349 4836 
m1658 37 46 1887 1896 2337 2346 
m2813 46 
m3438 12 36 40 46 49 636 640 649 1836 1849 2036 2049 2336 2340 2349 2499 4812 
m1309 13 17 22 672 872 3363 
m700 22 23 36 46 49 1123 1136 1146 1149 1836 1846 1849 2323 2336 2473 2486 2496 3686 4323 4336 4836 
m932 5 14 30 46 705 730 1505 2305 2314 2330 2346 4814 
m3031 41 
m1096 14 40 46 49 2014 2046 2314 2346 2464 2490 2496 4814 
m459 46 50 2546 
m2395 45 2295 
m2870 21 23 46 1171 2321 2323 
m2643 22 44 46 1146 2344 2346 4846 
m413 30 38 46 1930 1946 2330 
m768 22 44 46 1144 1146 2246 2322 2344 2346 4846 
m1816 38 46 1946 
m967 26 40 46 1326 1340 1346 2026 2046 2326 3826 
m292 26 32 46 1626 1646 2326 
m828 36 40 41 1836 1840 1841 2036 2041 2086 2091 4336 4341 4586 
m992 36 42 4636 
m1978 27 32 1382 
m1041 21 
m17 37 40 46 2037 2046 4837 
m59 37 46 1896 2337 2346 4837 
m2759 15 46 2315 
m118 22 23 30 36 40 1122 1123 1136 1140 1522 1523 1536 1540 1822 1823 1840 2022 2023 2030 2036 2040 4323 4336 
m1083 5 13 33 45 263 283 2255 2263 2283 3183 
m533 27 36 46 49 1827 2327 2336 2486 2496 
m406 14 46 2346 4814 
m534 32 36 41 46 1636 1641 1841 2332 2336 2341 4136 4336 4341 4836 4846 
m3365 21 36 46 49 1086 1099 1849 2321 2336 2346 2349 
m3367 8 36 40 46 1808 1836 1840 1846 2008 2036 2040 2046 2308 2336 4336 
m2562 23 36 40 46 48 1190 1823 1836 1840 1846 1848 2023 2036 2040 2046 2048 2336 2340 2346 2423 2436 2446 3686 3696 4323 4346 4823 4836 
m2295 5 37 46 1855 2305 2337 2346 
m784 8 
m859 22 23 36 38 40 1123 1136 1138 1140 1173 1922 1923 1936 1938 1940 2023 2036 2038 3686 
m283 22 36 40 46 49 1146 1822 1840 1846 1849 2036 2046 2049 2322 2340 2472 2496 4846 
m2442 12 46 49 2349 2462 4812 
m262 5 13 33 36 46 263 283 1805 1813 1833 2305 2313 2333 4163 4836 
m2200 
m576 22 30 36 40 1136 1140 1522 1536 1540 1822 1830 1836 1840 2022 2030 2036 2040 4336 
m1965 13 22 36 38 40 1113 1122 1136 1138 1140 1813 1840 1913 1936 1940 2013 
m638 44 46 49 2246 2494 2496 
m2750 22 38 44 46 1146 1946 2344 2346 4846 
m3516 12 36 46 49 649 1812 1849 2336 2349 4812 
m1572 13 22 36 49 699 1113 1122 1136 1149 1813 1849 
m2593 16 23 36 1186 1816 3666 
m567 22 44 45 46 1144 1145 1146 2294 2296 2344 2346 
m1721 36 39 42 1986 2139 4636 
m3037 23 38 45 1923 2273 2288 
m988 22 38 46 1146 1922 1946 
m3554 13 22 33 36 40 672 686 690 1113 1122 1133 1136 1140 1672 1686 1690 1822 2022 2036 3183 
m3433 36 46 49 1849 2336 2346 2349 4836 
m2486 27 46 49 2327 2346 2477 2496 
m2081 22 35 46 1135 1146 2322 2335 2346 
m3592 32 45 46 1632 1646 2282 2296 2332 
m1099 5 23 45 46 1155 2255 2273 2305 2345 2346 4823 
m323 22 27 36 46 49 1127 1136 1146 1149 1377 1386 1396 1399 1827 1849 2322 2327 2336 2346 2349 2477 2486 2496 2499 
m3203 5 36 38 286 1905 1936 
m312 36 40 45 1845 2036 2045 2286 2290 2295 
m1435 22 36 40 46 1122 1136 1140 1146 1840 2040 2336 2340 
m793 13 32 38 46 682 1913 1932 1946 2313 2332 
m1013 26 33 37 44 46 1333 1337 1344 1346 2233 2237 2333 2337 2344 2346 4383 
m3549 22 23 36 40 41 46 49 1122 1123 1136 1140 1141 1149 1173 1186 1190 1822 1823 1836 1841 1849 2022 2023 2036 2040 2046 2072 2073 2086 2322 2323 2336 2341 2349 2472 2473 2486 2491 3673 3686 4323 4336 
m1266 14 36 40 46 1814 1846 2014 2036 2040 2046 2346 4346 4814 
m1260 5 45 46 2255 2305 2345 2346 
m1402 33 37 4383 
m3135 13 22 33 36 40 46 672 686 690 1113 1122 1133 1136 1140 1672 1686 1690 1822 2022 2036 2313 2322 2333 2336 2340 3183 
m2028 12 30 45 630 2262 2280 
m305 23 36 45 1186 2273 2286 2295 3673 3686 
m1403 30 46 2330 
m429 10 22 44 46 546 1110 1144 1146 2210 2246 2310 2344 2346 4846 
m280 13 22 33 36 40 1113 1122 1133 1136 1140 1813 1833 1840 2013 2033 4163 
m2887 5 7 36 46 49 286 296 299 355 386 396 1836 1849 2336 2346 2349 2486 2499 4836 
m2810 13 16 38 688 838 3313 
m2323 45 
m3631 22 44 46 1146 2222 2244 2246 2344 2346 4846 
m3108 10 45 46 2295 2296 2310 2346 
m3040 36 40 46 1840 2336 2340 
m3461 22 23 30 46 1122 1123 1130 1146 1180 1523 1530 1546 2330 2346 4823 
m1818 26 46 1326 1346 2326 2346 3826 
m328 22 37 41 46 1137 1141 1146 2087 2096 4837 
m1280 45 46 2295 2345 
m779 8 22 36 46 1122 1136 1146 2308 2336 2346 4308 4836 
m2520 22 23 36 40 1122 1123 1136 1140 1173 1186 1190 1822 1823 1836 1840 2022 2023 2036 2040 3673 3686 
m2585 22 38 44 46 1146 1922 1944 1946 2344 2346 4846 
m2680 22 30 36 40 41 46 1122 1130 1136 1140 1141 1146 1536 1540 1546 1846 2022 2030 2036 2040 2046 2072 2090 2340 4346 4846 
m309 23 38 1923 1938 
m2183 32 1632 
m3637 22 46 1146 
m895 37 38 46 49 1887 1888 1899 1937 1946 2337 2338 2346 2349 4396 4837 
m2847 3 46 2303 2346 4803 4846 
m1785 17 46 2317 2346 4817 
m1870 23 30 36 40 46 49 1180 1830 1836 2023 2030 2036 2046 2049 2323 2330 2336 2473 2480 2486 2496 4323 4836 
m1144 45 46 2296 
m1891 13 14 33 38 40 46 49 664 690 696 699 749 1664 1690 1696 1913 1933 2014 2046 2049 2314 2349 2464 2496 4163 
m868 22 23 30 46 1122 1123 1130 1146 1180 1523 1530 1546 2330 2346 4823 
m2583 45 46 2296 
m813 23 38 45 1188 1195 1945 2288 2295 
m440 26 38 46 1926 1946 2326 
m3117 22 30 36 40 46 1122 1130 1136 1140 1146 1822 1830 1840 1846 2022 2030 2040 2046 2322 2330 2340 2346 
m2213 13 22 33 36 40 672 686 690 1113 1122 1133 1136 1140 1672 1686 1690 1822 2022 2036 3183 
m1423 23 33 44 49 1183 1194 1199 1694 1699 2494 
m1585 
m2527 22 23 30 38 41 1122 1123 1130 1138 1172 1173 1188 1522 1523 1530 1538 2072 2073 2080 3673 
m2309 5 13 22 26 33 46 263 283 672 1305 1313 1322 1333 1346 1672 2305 2313 2322 2333 4163 
m295 32 49 1632 2482 
m1963 36 37 40 46 1837 1846 2036 2037 2040 2046 2337 2346 4346 
m2364 22 36 40 41 49 1136 1141 1822 1836 1840 1841 1849 2036 2072 2086 2090 2091 2472 2486 2491 4336 
m2917 36 45 46 1845 2336 2345 2346 4836 
m1046 37 41 46 2087 2096 4837 
m3443 12 26 34 45 46 634 645 1312 1334 1345 1346 1734 2284 2334 2345 4812 
m1670 9 13 33 38 463 483 488 688 1688 4163 
m2229 5 14 36 41 45 255 286 291 295 705 736 741 745 1845 2055 2086 2095 4336 
m1285 38 46 1938 1946 
m1031 45 46 2296 2346 
m1485 14 49 2464 
m149 22 32 46 1122 1132 1146 2332 2346 4846 
m373 12 49 649 2462 2499 
m2375 22 36 41 49 1136 1141 1822 1841 1849 2072 2086 2091 2099 2472 2486 2491 4336 
m1545 13 33 36 40 46 690 1813 1833 1840 2033 2313 2333 3183 4836 
m2751 5 32 1605 
m1558 13 33 36 40 48 698 1698 1813 1833 1848 2013 2033 2036 2048 4163 
m1181 22 23 30 36 40 46 49 1122 1123 1130 1136 1140 1146 1172 1173 1180 1186 1190 1522 1523 1530 1536 1540 1546 1822 1823 1830 1840 1846 1849 2022 2023 2030 2036 2040 2046 2049 2322 2323 2330 2336 2340 2346 2349 2472 2473 2480 2496 3696 4823 
m1335 32 36 41 46 1641 2332 2336 2341 2346 4136 4341 
m2162 22 23 30 41 46 1122 1123 1130 1141 1146 1172 1173 1180 1191 1522 1523 2072 2073 2080 2322 2323 2330 2341 3673 
m2702 30 36 46 1536 1546 2330 2336 2346 4836 
m795 37 
m3254 22 45 46 1146 2272 2296 
m2187 22 36 40 49 1149 1822 1849 2022 2036 2049 
m2155 46 
m1792 22 46 1146 
m3087 38 45 46 1945 2288 2295 2296 2338 2345 
m1233 36 38 49 1849 1936 1938 1949 
m3323 11 38 46 588 596 1911 1938 1946 2338 
m3232 26 46 50 1326 1346 1350 2350 
m241 45 46 2345 
m3149 22 36 41 46 49 1136 1141 1849 2086 2099 2322 2336 2341 2349 4336 
m3574 37 40 45 46 1890 2287 2290 2296 2340 4396 
m1240 22 23 30 46 1122 1123 1130 1146 1196 1523 1530 1546 2322 2323 2330 2346 3696 4823 
m1133 22 23 30 1123 1173 1522 1523 3673 
m237 3 23 30 41 46 180 1180 2053 2073 2080 2096 2303 2330 2673 4823 
m215 22 36 46 49 1149 1822 1836 1846 1849 2322 2349 2472 2486 2499 4836 
m31 13 22 32 38 46 682 1113 1132 1146 1913 1922 1932 1946 2313 2332 
m1345 22 37 40 46 1137 1146 2022 2037 2046 2337 2346 4837 
m1390 32 36 1832 
m1172 37 45 1895 
m2734 13 38 688 1913 1938 
m960 45 46 2295 2296 
m481 13 33 45 2263 2283 3183 
m296 13 22 36 38 40 672 686 690 1113 1122 1136 1140 1822 1913 1922 1936 1940 2022 2036 
m2666 22 36 46 1822 2322 2336 2346 
m2697 22 23 30 1122 1123 1130 1172 1173 1180 1522 1523 1530 3673 
m1258 45 46 2296 
m3143 45 46 2295 2296 2345 
m2314 13 22 36 38 40 1113 1122 1136 1138 1140 1813 1840 1913 1936 1940 2013 
m2242 32 45 1645 
m2012 38 45 1938 1945 2288 2295 
m155 22 36 40 41 49 1136 1140 1141 1822 1836 1840 1841 2036 2072 2086 2090 2091 2472 2486 2491 4336 
m162 22 32 36 40 46 1122 1132 1136 1140 1622 1632 1636 1640 1840 2040 2322 2332 2336 2346 
m898 5 14 36 264 286 4314 
m817 12 41 45 46 2062 2096 2262 2291 2296 4812 
m2189 45 46 2296 
m109 13 33 45 1695 2263 4163 
m528 39 
m973 17 46 2317 2346 4817 
m1391 
m2016 36 40 45 46 1845 2036 2040 2045 2046 2295 2296 2345 4346 
m1354 23 30 37 46 1180 1880 2323 2330 2337 2346 4373 4823 4837 
m3457 38 46 1946 
m2618 22 44 46 1144 1146 2246 2344 2346 4846 
m269 38 45 1938 1945 
m2746 22 46 1122 1146 
m2817 13 14 22 672 722 3213 
m2206 13 22 45 46 672 2263 2295 2296 2313 2322 2346 4813 
m744 32 37 45 46 1637 1645 1895 2332 2337 2345 
m657 32 46 2332 
m2944 40 45 46 2046 2290 2296 
m1441 22 36 45 46 49 1145 1822 1845 2322 2336 2345 2472 2486 2495 2496 
m1889 23 36 40 41 1186 1190 1191 1840 1841 2036 2040 2041 
m796 18 45 945 
m2464 14 32 46 1614 2314 2332 
m1108 32 36 4332 
m1920 22 44 46 1144 1146 2222 2244 2246 2322 2344 2346 4846 
m3395 15 45 795 
m3485 26 45 46 1326 1345 1346 2276 2296 2326 
m45 9 36 45 46 486 495 496 1845 2309 2336 2345 2346 
m854 22 36 46 1122 1136 1146 1822 1846 2322 
m3227 36 
m3138 28 36 38 46 1928 1936 1946 2328 2336 2346 4328 4836 
m213 3 38 45 195 1903 1938 1945 
m3670 22 37 46 1872 2322 2337 
m1656 13 33 36 40 47 686 690 697 1686 1690 1697 1840 1847 2036 2040 2047 3183 4336 
m2838 22 36 46 1122 1136 1146 1822 1846 2322 
m840 30 36 46 49 1536 1549 1849 2330 2336 2346 2349 
m1235 14 45 714 745 2264 2295 
m2845 30 37 40 46 1880 1890 2030 2046 2330 4396 
m310 22 36 40 46 49 1149 1822 1849 2022 2036 2049 2322 2336 2340 2349 
m1361 23 45 46 1195 2295 2345 2346 4823 
m2754 14 45 745 
m866 14 32 732 1614 1632 
m2818 22 23 36 40 49 1122 1123 1136 1140 1149 1173 1186 1190 1822 1823 1836 1849 2023 2036 2472 2473 2486 3673 3686 4323 4336 
m350 13 22 33 36 40 1113 1122 1133 1136 1140 1813 1833 1840 2013 2033 4163 
m489 22 23 30 38 1122 1123 1130 1138 1172 1173 1188 1522 1523 1530 1538 3673 
m390 13 36 40 49 2013 2036 2463 2486 2490 4313 
m655 3 32 36 41 46 186 191 1603 1641 2303 2332 2336 2341 4136 4586 
m2098 14 22 46 722 746 2322 2346 
m443 36 45 46 1845 2336 2345 
m351 28 36 40 1428 1828 1836 2028 2036 3936 4328 
m2785 30 45 46 2280 2295 2296 2330 2346 
m2544 22 26 44 46 1146 1346 2344 2346 4846 
m747 
m1385 36 45 46 49 1845 2336 2345 2346 2349 2486 2495 2496 
m1992 28 36 1828 1836 
m1788 26 46 1346 
m3330 13 22 33 36 40 672 686 690 1113 1133 1136 1140 1672 1686 1690 1822 2022 2036 3183 
m509 37 46 2337 
m1972 33 36 46 1686 2333 2336 2346 4833 
m2967 16 23 40 46 840 846 1190 2016 2023 2040 2046 2340 3323 3696 
m2067 22 38 44 45 46 1146 1922 1944 1946 2272 2288 2294 2296 2344 2346 4846 
m202 14 30 46 730 2330 4814 
m1164 22 46 2322 
m1691 36 38 46 1936 1946 2336 2338 2346 4836 
m2437 18 45 945 
m2061 32 36 37 1632 1637 1882 1886 1887 4136 4332 
m1442 26 46 1326 1346 2346 
m991 22 44 46 1146 2222 2246 2344 2346 4846 
m1363 5 46 2305 
m3072 22 23 30 38 1122 1123 1130 1138 1172 1173 1188 1522 1523 1530 1538 3673 
m1374 22 38 45 46 1138 1145 1146 1938 1945 1946 2345 
m3530 36 40 45 46 1840 1845 2036 2040 2045 2340 2345 4836 
m3362 14 36 40 45 736 740 745 1840 2036 2286 2290 4336 
m499 26 33 47 1333 1347 1697 
m1951 22 44 46 1146 2322 2344 2346 4846 
m3049 14 27 36 46 48 736 746 748 1364 1386 1396 1398 1846 1848 2446 
m3358 5 45 46 2255 2296 2305 2345 4846 
m1736 36 
m2608 22 23 30 45 46 1123 1130 1145 1146 1196 1523 1545 1546 2273 2280 2295 2296 2323 2346 4823 4846 
m1014 12 45 46 645 2345 4812 
m2600 14 21 46 721 746 1096 
m3068 30 44 45 1545 2230 2245 
m478 11 13 33 45 563 583 595 2263 2283 3183 
m2219 23 30 45 46 1180 1195 1196 2280 2296 2330 2345 2346 3696 4823 
m1752 5 36 45 46 286 295 1845 2255 2286 2295 2305 2336 2345 4336 
m1304 5 22 30 37 46 272 280 287 296 1522 1537 1855 1872 1880 1887 1896 2305 2322 2330 2337 2346 4387 4837 
m3155 14 36 49 1814 1849 2464 
m2432 23 45 1195 2273 2295 
m2179 22 23 30 38 1122 1123 1130 1138 1172 1173 1188 1522 1523 1530 1538 1922 1923 3673 
m21 23 30 36 40 1173 1180 1190 1523 1530 1536 1540 1823 1830 1836 1840 2023 2030 2036 2040 3686 4323 4336 
m3334 13 33 46 2313 2333 4163 
m1857 46 2346 
m1407 5 13 14 23 33 655 705 713 1155 1163 1164 1183 1655 1664 4163 
m1480 39 45 1995 2289 2295 
m2431 14 32 41 741 1614 1641 
m3514 22 44 46 1146 2222 2244 2246 2322 2344 2346 4846 
m1718 46 48 2348 
m699 22 23 36 40 46 49 1172 1822 1836 1849 2022 2023 2036 2046 2049 2322 2323 2336 2349 2472 2473 2486 4323 4336 4836 
m851 22 38 46 1146 1922 1946 
m1325 14 22 36 1114 1136 4314 
m3570 41 45 2291 
m29 26 46 1346 
m3046 48 2448 
m3151 22 23 30 36 41 1122 1123 1130 1136 1172 1173 1522 1523 1822 1823 1830 2072 2073 2080 3673 4586 
m2849 
m2928 16 36 46 49 1816 1846 2316 2346 2486 2496 
m2044 22 44 46 1146 2322 2344 2346 4846 
m1094 45 49 2295 2299 
m2287 23 32 38 46 1182 1188 1196 1923 1932 1938 1946 2332 2338 2346 3696 4823 
m3491 9 14 36 49 709 1809 1814 1836 1849 2459 2464 2486 2499 
m1221 3 30 45 46 180 195 2280 2296 2330 2345 2346 2696 4803 
m2622 22 40 46 2046 2322 2346 
m2825 22 23 36 38 40 41 46 1136 1138 1140 1146 1923 1936 1940 1946 2022 2023 2036 2038 2046 2072 2090 2323 4323 4836 
m2952 22 40 46 1140 1146 2046 
m503 22 41 1141 
m1338 32 37 1632 1637 1882 
m2607 22 44 46 1144 1146 2344 2346 
m511 22 46 49 2322 2346 2472 2496 
m279 5 14 32 705 1605 1614 
m1669 22 36 41 1136 1141 1841 2072 2086 2091 4586 
m3520 26 38 46 1926 1946 2326 
m2059 37 45 1887 1895 
m2329 18 46 2318 
m1932 13 22 33 49 699 1113 1122 1149 1672 1699 4163 
m2649 11 13 33 563 583 4163 
m2897 22 36 37 40 46 1122 1136 1137 1140 1146 1822 1837 1840 1846 1872 2022 2037 2046 2322 2336 2340 2346 4396 4837 
m972 14 46 746 
m2823 22 23 36 40 1122 1123 1136 1140 1173 1823 1840 2023 2040 3673 
m875 46 2346 
m886 45 2295 
m3051 5 13 22 33 46 655 1113 1133 1146 1655 1696 2305 2313 4163 
m3373 22 36 41 1136 1141 1822 1841 2072 2086 2091 4336 4586 
m2788 22 40 44 46 1146 2022 2044 2046 2344 2346 4846 
m2333 22 36 46 49 1136 1146 1149 1849 2336 2346 2349 
m1213 14 32 46 714 732 2314 2332 2346 4814 
m108 22 23 30 36 46 49 1122 1123 1130 1146 1149 1172 1173 1180 1199 1522 1523 1530 1549 1822 1823 1830 1846 1849 2322 2323 2330 2349 2472 2473 2480 2496 3673 4823 
m3093 11 13 33 563 583 661 1661 4163 
m2604 22 44 46 1146 2344 2346 4846 
m1504 23 45 46 1195 2323 2345 3673 
m2982 13 33 1663 1683 4163 
m2158 23 30 38 45 46 1180 1923 1930 1946 2273 2280 2288 2296 2330 2346 4823 
m141 
m2904 14 33 40 46 733 740 746 1690 2340 4196 
m3559 14 36 49 1814 2464 2486 4314 4336 
m1453 22 36 41 49 1136 1149 1841 1849 2072 2086 2091 2099 2486 2491 4336 
m199 14 22 40 46 1114 1146 2014 2022 2040 2046 2314 2346 4814 4846 
m1819 8 36 46 2308 4308 4836 
m674 22 36 40 41 1136 1140 1822 1836 1840 1841 2036 2072 2086 2090 2091 4586 
m3619 32 1632 
m2983 23 30 36 1180 1530 1823 1830 
m1683 5 32 36 45 46 49 282 286 295 299 1636 1645 1649 1845 1849 2255 2282 2286 2295 2305 2332 2336 2345 2349 2495 4136 4336 
m3295 5 45 2255 2295 
m381 22 37 39 1137 1139 1987 
m625 22 45 46 1145 1146 2296 
m3181 32 37 1882 
m2795 23 30 36 40 41 1523 1536 1540 1830 1836 1840 2023 2036 2073 2080 2086 2090 3686 4323 4586 
m3034 14 49 2464 
m1725 17 22 1117 
m3454 5 22 36 40 41 272 286 290 291 1105 1122 1136 1140 1141 1840 1841 2041 
m3654 22 44 46 1122 1146 2344 2346 4846 
m934 17 23 46 2317 2323 2346 3667 4817 4823 4846 
m2517 22 23 30 46 1122 1123 1130 1146 1180 1523 1530 1546 2330 2346 4823 
m3291 13 33 3183 
m486 5 13 14 33 263 283 705 713 733 4163 
m3044 22 45 46 2272 2296 2322 2346 
m1526 14 36 40 49 749 1814 1849 2014 2036 
m231 22 38 44 46 1146 1922 1944 1946 2344 2346 4846 
m2082 21 23 45 1171 2271 2273 
m2783 12 32 612 1612 
m1417 36 46 49 1849 2336 2349 4336 
m3133 5 22 46 1105 1146 2305 
m2478 22 44 46 1146 2246 2344 2346 4846 
m1676 22 36 40 41 46 48 1136 1140 1141 1148 1836 1848 2036 2048 2086 2090 2098 2322 2336 2340 2341 2348 4336 
m2241 22 41 44 46 1146 2072 2094 2096 2344 2346 4846 
m1791 5 36 45 286 295 1845 4336 
m229 22 38 44 46 1146 1922 1944 1946 2344 2346 4846 
m314 37 40 41 46 1890 2037 2046 2087 2090 2096 2340 4396 
m805 36 1836 
m264 22 36 40 46 49 1822 1846 1849 2022 2036 2040 2046 2049 2322 2472 2496 
m2460 22 44 46 1144 1146 2222 2244 2246 2322 2344 2346 4846 
m506 13 36 38 46 49 663 686 688 696 699 1813 1836 1838 1846 1849 1913 1936 1946 1949 2336 2338 2346 2349 2463 2486 2496 3196 4813 
m421 33 45 1695 
m393 46 
m1102 22 44 46 1122 1144 1146 2222 2246 2322 2344 2346 4846 
m2523 12 23 30 36 41 46 49 630 1180 1812 1830 1846 2062 2073 2080 2086 2096 2323 2330 2462 2473 2480 2486 2491 2496 3123 4323 4812 
m735 14 40 740 
m3604 22 36 40 1122 1136 1140 2022 2036 2040 
m2889 22 44 46 1122 1144 1146 2344 2346 4846 
m3195 36 39 40 1836 1839 1840 1986 1990 2036 2039 2040 
m2602 32 38 45 46 49 1638 1646 1938 1946 1949 2282 2288 2296 2299 2332 2338 2346 2349 
m2062 22 26 38 46 1122 1146 1322 1338 1346 1922 1938 1946 2322 
m247 6 42 4606 
m3556 26 36 46 49 1326 1336 1346 1349 1826 1846 1849 2326 2476 2496 
m3250 5 13 22 263 272 1105 1113 1122 
m2471 29 36 48 1486 1829 1836 1848 2429 2436 2448 4336 
m1194 22 23 30 36 40 41 1122 1123 1130 1136 1140 1172 1180 1186 1522 1523 1536 1822 2023 2030 2036 2072 2073 2080 2086 2090 3673 4323 
m248 13 22 38 1113 1913 1922 
m173 5 13 33 36 49 263 283 1805 1813 1833 1849 2455 2463 2483 4163 
m1863 13 22 33 36 40 686 690 1113 1133 1136 1140 1686 1690 1840 3183 
m3033 22 23 45 1123 1145 1172 1195 3673 
m1454 22 36 40 41 49 1122 1136 1141 1149 1841 1849 2022 2036 2041 2049 2486 2491 4336 
m3265 36 40 46 49 1836 1840 1846 1849 2036 2040 2046 2336 2340 2346 2349 2486 2490 2496 4336 4346 4836 
m993 22 44 46 1146 2246 2344 2346 4846 
m2436 22 45 46 1145 1146 2345 
m2669 23 36 40 41 44 1186 1190 1191 1194 1840 1841 2041 2240 2241 4736 
m3178 23 32 46 1173 1182 1196 1623 1632 1646 2323 2332 2346 4823 
m2032 13 36 46 49 699 1849 2313 2349 4313 4836 
m1565 6 36 42 45 306 345 1845 2106 2145 2836 4306 4606 4636 
m982 13 16 3313 
m193 22 36 41 1122 1136 1141 1822 2072 4586 
m66 45 46 2295 2345 2346 
m2554 22 23 36 40 46 1122 1123 1136 1140 1146 1172 1186 1190 1196 1822 1836 2022 2036 2040 2046 2322 3686 4346 
m380 26 37 38 46 1876 1926 1937 1946 2326 4396 
m3170 3 26 46 1303 1346 2346 4803 
m2430 40 46 2046 
m1845 23 
m979 12 14 32 37 46 614 632 732 737 1882 2314 2332 2337 3137 4812 
m713 13 25 38 46 675 1913 1925 1946 2313 2325 
m504 37 38 39 46 49 1899 1937 1946 1987 1988 1996 1999 2337 2346 2349 4496 4837 
m2798 22 32 36 37 40 1622 1636 1637 1640 1822 1840 1872 1886 1890 2022 2036 2040 4336 
m2279 
m1507 23 45 46 1195 2323 2345 3673 
m1227 23 38 45 1923 2273 2288 
m95 12 45 46 645 2312 2345 
m3301 22 23 30 46 1122 1123 1130 1146 1180 1523 1530 1546 2330 2346 4823 
m143 46 
m471 22 23 30 1123 1130 1180 1530 
m724 36 40 46 49 1836 1840 1846 1849 2036 2040 2046 2336 2340 2346 2349 2486 2490 2496 4336 4346 4836 
m600 20 22 23 46 1023 1120 1123 1146 1173 2320 2323 3673 4823 
m3018 40 44 46 2044 2046 2344 
m3105 22 23 30 36 40 41 46 49 1122 1123 1130 1136 1140 1141 1146 1149 1172 1173 1190 1191 1522 1523 1530 1536 1540 1541 1546 1822 1823 1830 1836 1840 1846 1849 2022 2023 2030 2036 2040 2041 2046 2049 2322 2323 2330 2336 2340 2341 2346 2473 2480 2486 2490 2496 3696 4823 
m2925 30 36 46 49 1830 2330 2336 2480 2486 2496 
m2668 22 26 44 46 1146 1322 1344 1346 2326 2344 2346 4846 
m2533 37 40 46 49 1899 2037 2046 2049 2337 2340 2346 2349 4396 
m2950 13 37 4363 
m1395 22 45 46 49 1146 1149 2272 2296 2299 2349 2472 2495 2496 
m2742 5 36 38 46 286 296 1905 1936 1946 4836 
m1744 5 13 38 45 46 263 296 1905 1913 1946 2255 2263 2288 2296 2313 
m2387 22 28 1422 
m2985 26 37 46 1876 2326 2337 
m2672 8 408 
m288 45 
m2380 42 45 2145 
m516 32 36 46 49 1849 2332 2336 2346 2349 2482 4332 
m1629 5 45 295 2255 2295 
m2541 14 36 1814 4314 4336 
m445 
m1166 36 
m1980 5 32 45 1605 1645 2255 
m30 26 32 36 41 46 49 1332 1336 1341 1346 1349 1641 1646 2332 2336 2341 2346 2482 2486 2491 2496 4136 4586 
m2628 46 2346 
m3357 5 13 33 655 663 683 1655 1663 1683 4163 
m2382 46 4846 
m252 36 38 46 1936 1946 4836 
m2410 5 32 36 45 1605 1805 2255 2282 2286 4332 
m2074 13 17 22 45 46 672 872 2263 2267 2295 2296 2313 2317 2322 3363 
m2419 37 46 2346 4396 4837 
m3416 33 36 41 1686 2083 4586 
m1002 13 23 30 46 696 1163 1173 1180 1196 1513 1523 1530 1546 2313 2323 2330 2346 3196 3663 3696 4823 
m3394 33 37 46 1883 1896 4833 
m1946 22 23 30 39 1123 1522 1523 1972 1973 1980 3673 
m1999 36 38 40 45 1845 1936 1938 1940 1945 2036 2045 2286 2295 4336 
m2120 45 46 2296 
m2425 28 36 1828 1836 
m50 10 30 36 37 46 1510 1536 1546 1810 1860 1880 1886 1896 2310 2346 4836 
m1256 8 22 36 45 46 1108 1122 1136 1145 1146 2258 2286 2295 2296 2308 2336 2346 4308 4836 
m9 11 13 22 45 563 572 595 695 1113 1145 
m1619 13 22 38 1113 1122 1138 1913 1938 
m2833 37 39 40 46 1890 1987 1990 2340 4396 4496 
m720 30 45 46 2280 2295 2296 2330 2346 
m1521 18 23 1168 
m2710 32 36 38 41 46 49 1641 1646 1938 1941 1946 1949 2332 2336 2341 2346 2482 2486 2491 2496 4136 4586 
m3390 22 36 40 46 48 1822 2022 2036 2322 2336 2340 2436 2440 2446 
m3630 34 46 1746 
m2475 
m536 45 2295 
m2356 13 22 32 45 682 1113 1132 1145 2263 2282 
m2807 13 33 4163 
m2429 32 44 46 1644 1646 2344 
m2212 12 22 23 36 41 46 49 622 623 636 641 649 1123 1136 1141 1191 1822 1823 1841 2322 2323 2336 2341 2349 2472 2473 2486 2491 3136 4323 4336 4812 
m2128 22 23 30 36 40 46 1122 1123 1130 1136 1140 1146 1172 1173 1522 1523 1530 1540 1546 1822 1823 1830 1840 1846 2022 2023 2030 2036 2040 2046 2322 2323 2330 2340 2346 3696 4823 
m1158 22 30 46 1522 1546 2322 4846 
m3482 27 45 46 2277 2296 2327 2346 
m2354 12 38 45 46 645 1912 1946 2345 4812 
m1396 22 45 1122 1145 2272 2295 
m1903 46 
m2864 26 46 1326 1346 2346 
m400 22 23 32 46 1123 1132 1146 1182 1196 2332 
m186 14 32 46 732 2314 2332 2346 4814 
m2063 21 26 45 46 1321 1345 1346 2271 2321 2345 
m1765 5 23 37 46 49 299 1155 1173 1199 1855 1873 1899 2305 2323 2349 4837 
m986 30 37 46 1530 1537 1546 1880 2330 2337 2346 
m2013 10 32 46 1610 1632 1646 2310 2346 
m3455 36 40 1836 1840 2036 2040 4336 
m2534 45 46 2345 
m874 26 33 46 49 1333 1346 1349 2349 2483 4833 
m843 26 32 36 38 46 1332 1336 1346 1832 1926 1932 1936 1946 2332 2336 2346 4836 
m2637 14 30 46 730 746 2330 
m3545 9 36 46 49 459 486 496 499 1809 1846 1849 2309 2336 2346 2349 2459 2486 2496 2499 4336 
m3372 20 23 1020 1023 1170 
m2369 36 37 40 46 48 1848 1886 1890 1896 2036 2040 2046 2048 2336 2340 2346 2348 4396 4836 
m571 46 
m2907 14 22 1114 
m2882 23 30 38 1180 1523 1530 1538 1923 1930 1938 
m3322 23 36 41 1823 2073 3673 4323 4586 
m3638 46 
m1783 32 
m530 14 20 22 720 1114 1120 
m2977 5 13 14 33 655 705 713 1655 1664 4163 
m3553 30 45 46 2280 2296 2330 2346 4846 
m2355 14 46 49 2314 2346 2464 2496 4814 
m2589 22 44 46 1146 2344 2346 4846 
m906 32 49 1649 
m3444 5 22 36 38 46 49 286 296 299 1136 1138 1146 1149 1836 1846 1849 1905 1936 1938 1946 1949 2346 2349 2455 2486 2496 2499 4836 
m2991 36 42 46 49 2146 2336 2486 2492 2496 4636 
m3237 40 46 49 2340 2346 2490 2496 
m2401 22 30 36 40 41 46 1122 1130 1136 1140 1141 1146 1536 1540 1541 1830 1836 1840 1841 2030 2036 2040 2041 2086 2090 2322 2330 2336 2340 2341 
m136 36 45 49 1849 2286 2299 
m1589 22 37 45 46 49 1137 1146 2272 2287 2296 2299 2472 2487 2496 4837 
m1061 23 36 40 1823 1836 1840 2023 2036 2040 3686 
m2867 14 22 44 46 1114 1144 1146 2214 2246 2314 2322 2344 2346 3246 4846 
m360 21 36 41 1821 2071 4341 
m2018 45 46 48 2345 2445 2446 
m2315 22 37 45 46 1122 1137 1145 1146 1887 1895 1896 2287 2296 2337 
m709 30 44 45 1530 1544 1545 2230 2244 2245 2280 2294 2295 
m2 10 30 46 530 2310 2330 
m250 45 
m3470 14 23 36 40 46 1814 1823 1846 2014 2023 2036 2040 2046 2314 2323 2346 3664 4346 4814 4823 
m347 13 22 33 36 40 45 672 686 690 695 1122 1136 1140 1672 1686 1690 1822 2022 2036 2272 2283 2286 2290 3183 
m3453 14 46 714 746 2314 2346 4814 
m844 1 32 36 38 45 46 82 96 1901 1932 1936 1946 2251 2282 2286 2288 2296 2332 2586 4136 4836 
m606 23 30 40 45 46 1173 1180 1523 2023 2030 2046 2273 2280 2290 2296 2323 2330 3673 4823 
m2498 5 26 30 37 46 1330 1337 1346 1505 1855 1880 2305 2330 2337 2346 4837 4846 
m775 22 44 46 1144 1146 2246 2322 2344 2346 4846 
m663 22 32 36 37 40 1122 1136 1137 1140 1622 1636 1637 1640 1822 1872 1886 1890 2022 2036 
m2552 22 36 40 41 1136 1141 2036 2086 2090 
m1380 30 37 40 46 1537 1540 1546 1890 2340 4396 
m444 37 45 46 1895 2345 4837 
m92 23 38 1923 3673 
m206 22 36 46 49 1136 1146 1149 1822 1846 2322 2336 2346 2472 2486 2496 
m525 13 33 4163 
m2612 23 30 46 1173 1180 1196 1523 1530 1546 2323 2330 2346 3696 4823 4846 
m781 37 41 46 2087 2096 4837 
m203 14 32 36 46 746 1614 1632 1636 1646 1814 1832 1836 1846 2314 2332 2336 2346 4332 
m903 40 45 2045 
m3039 22 44 46 1146 2222 2244 2246 2322 2344 2346 4846 
m1776 34 46 2334 
m594 26 38 45 46 1338 1345 1346 1938 1945 2288 2338 2345 
m1019 10 13 22 660 663 672 1110 1113 1122 
m2218 22 36 37 40 46 1122 1136 1137 1140 1146 1822 1836 1837 1840 1846 1890 2022 2036 2037 2040 2046 2322 2336 2337 2340 2346 4837 
m1856 3 22 30 38 172 180 188 1522 1922 1930 1938 
m3342 28 38 1928 1938 
m1127 22 30 46 1130 1146 2322 2330 2346 
m2698 22 23 30 1122 1123 1130 1172 1173 1180 1522 1523 1530 3673 
m939 13 22 33 672 1672 3183 
m1464 5 45 295 
m706 22 41 1122 1141 2072 
m669 32 36 41 46 1641 1646 2332 2336 2341 2346 4136 4586 
m995 22 30 38 45 46 1130 1145 1146 1922 1930 1945 1946 2280 2296 2330 
m1921 23 45 1195 2273 2295 
m3396 15 45 795 
m3653 26 46 1346 2346 
m2228 12 22 23 36 41 46 49 622 623 636 641 649 1123 1136 1141 1191 1822 1823 1841 2322 2323 2336 2341 2349 2472 2473 2486 2491 3136 4323 4336 4812 
m91 43 
m2504 12 40 45 46 645 2012 2045 2046 2312 2340 2345 2346 4812 
m505 8 45 46 2258 2296 2308 
m1623 22 23 36 45 1122 1123 1136 1172 1173 1186 2272 2273 3673 
m1460 23 45 1195 2273 2295 
m683 22 36 37 40 46 1137 1146 1822 1837 1846 1872 2022 2036 2046 2322 2337 2346 4346 4837 
m2507 37 
m2844 22 23 36 40 41 1123 1136 1140 1173 1186 1190 1191 1823 1836 1840 1841 2023 2036 2040 2041 2073 2086 3673 3686 4323 4586 
m1731 23 30 36 46 1173 1180 1186 1196 1523 1530 1536 1546 1823 1830 1836 1846 2323 2330 2336 2346 3696 4823 4836 
m1966 2 36 45 46 145 1845 2252 2286 2295 2302 2345 2636 4836 
m482 37 46 2337 
m1674 22 36 40 41 1822 1836 1841 2036 2041 2072 2086 2090 2091 4586 
m2106 37 1887 
m582 12 32 46 632 2332 4812 
m2403 12 36 46 49 649 1849 2336 2349 3136 4812 
m2775 37 38 41 46 1937 1938 1941 1946 2087 2096 4837 
m3497 
m3148 14 36 49 1814 1849 2464 
m590 37 46 4396 
m791 22 44 46 1146 2246 2344 2346 4846 
m3127 32 36 44 46 1644 2236 2332 2336 2344 2346 4136 
m2620 22 26 33 36 49 1126 1133 1676 1822 1826 1833 1849 2472 2476 2483 
m1998 30 37 46 1880 2330 4837 
m1387 22 26 44 46 1146 1322 1344 1346 2344 2346 4846 
m470 13 20 22 33 36 40 670 672 686 690 1022 1033 1036 1040 1672 1686 1690 1822 1840 2022 2036 3183 3536 4336 
m1087 12 14 33 46 712 746 2333 3133 3233 4812 
m1798 36 45 46 1845 2345 4836 
m2518 21 1071 
m618 37 45 1895 
m3116 46 
m2540 5 14 26 33 45 264 276 283 726 1676 2255 2264 2276 2283 3233 
m1273 30 36 40 46 48 1830 1848 2030 2036 2046 2330 2336 2346 2348 2430 
m855 
m3541 5 26 38 46 1305 1346 1926 1946 2305 2346 
m3168 5 36 45 46 286 295 1845 2305 2336 2345 4336 
m122 22 23 30 36 40 46 49 1122 1123 1130 1136 1140 1146 1149 1172 1173 1522 1523 1530 1540 1546 1822 1823 1830 1840 1846 2022 2023 2030 2036 2040 2046 2322 2323 2330 2336 2340 2346 2349 2480 2486 2490 2496 3696 4823 
m3607 45 46 2296 2345 4846 
m562 12 17 46 612 2312 2317 2346 3117 4812 
m1003 12 36 40 45 46 640 645 1845 2036 2045 2336 2340 2345 3136 4812 
m1101 22 44 46 1144 1146 2246 2322 2344 2346 4846 
m1088 12 13 33 46 662 696 2333 3133 3183 4812 
m789 22 37 46 1872 2322 2337 
m1444 9 14 22 36 49 709 1109 1114 1136 1149 1809 1814 1836 1849 2459 2464 2486 2499 
m3623 22 26 36 45 46 1126 1136 1146 1336 1345 1346 1845 2336 2345 2346 4836 
m1556 22 23 36 40 41 46 1122 1123 1136 1140 1186 1190 1836 1840 2036 2040 2072 2073 2086 2090 2322 2323 2336 2340 2341 3686 
m617 36 45 46 2286 2295 2296 2336 2346 4836 
m959 13 22 33 36 40 1113 1133 1136 1140 1813 1833 1840 2013 2033 4163 
m3552 12 26 45 46 645 1312 1345 1346 2345 4812 
m964 22 23 30 38 41 1122 1123 1130 1172 1173 1180 1188 1523 1538 1541 1922 1923 1930 1938 2072 2073 2080 2088 3673 
m2448 38 
m329 13 16 36 40 49 1813 1816 1836 1849 2013 2016 2036 2049 2463 2466 3166 
m1784 12 14 27 46 712 746 1362 1364 1396 2312 2346 3246 4812 
m797 22 44 46 1146 2222 2244 2246 2322 2344 2346 4846 
m3247 40 45 46 2046 2290 2296 2340 2346 
m551 41 45 46 2095 2096 2345 
m2029 13 22 1113 1122 
m3302 13 33 45 2263 2283 4163 
m3508 
m1202 30 36 40 46 49 1549 1830 1836 1846 1849 2030 2036 2040 2046 2049 2330 2349 2480 2499 
m1979 22 40 1140 
m2942 10 46 2310 2346 
m1276 30 41 46 2080 2330 2341 2346 
m1955 32 37 46 1882 2332 2337 
m259 23 45 46 1195 1196 2296 3673 
m1036 5 22 37 45 1105 1122 1137 1145 1855 1895 2255 
m2799 14 22 23 36 723 1114 1123 1136 1186 3236 
m1143 22 30 36 41 1122 1130 1136 1530 1536 1541 1830 2080 4586 
m989 3 38 153 188 1903 
m2291 12 36 45 46 636 645 1845 2312 2336 2345 2346 4812 4836 
m3288 23 30 40 1173 1190 1523 1530 1540 2023 2030 2040 3673 
m2075 13 46 4813 
m3090 22 30 39 1130 1139 1980 
m772 22 44 46 1146 2344 2346 4846 
m2104 36 49 1836 1849 2499 
m3329 23 45 46 1195 2296 2345 2346 3696 4823 
m493 33 46 2333 2346 4833 
m466 13 22 33 36 40 1113 1122 1133 1136 1140 1813 1822 1833 1840 2013 2022 2033 4163 
m2048 45 
m2976 23 32 42 1182 1192 1642 
m1841 22 44 46 1146 2344 2346 4846 
m3221 22 26 33 1126 1133 1676 
m728 45 46 2295 2345 2346 
m1738 13 22 36 45 46 672 1822 2263 2272 2286 2296 2313 2322 2336 4313 
m2848 22 40 46 1140 1146 2340 
m39 22 30 45 1122 1130 1145 1522 2272 2280 
m447 14 22 46 722 746 2322 2346 
m2657 32 36 46 1632 1636 1646 1832 1836 1846 2332 2346 4332 4846 
m836 36 46 48 2436 2446 4836 
m1452 22 36 40 41 49 1122 1136 1140 1141 1149 1841 1849 2022 2036 2041 2049 2072 2086 2090 2091 2099 2486 2491 4336 
m1375 30 36 41 46 1830 1836 1841 1846 2080 2330 2336 2341 2346 4586 4836 
m870 46 2346 
m501 5 11 15 33 38 46 555 565 583 588 596 755 1655 1696 1915 1933 1946 2305 2315 4165 
m2379 26 40 45 46 1340 1346 2026 2040 2045 2046 2276 2290 2296 2340 
m1689 22 23 30 1122 1123 1130 1172 1173 1180 1522 1523 1530 3673 
m3326 17 32 882 1617 1632 
m1216 22 23 32 36 40 46 49 1122 1123 1132 1136 1146 1149 1172 1173 1182 1186 1190 1196 1199 1622 1623 1632 1636 1640 1646 1822 1823 1832 1836 1840 1846 1849 2022 2023 2032 2036 2046 2322 2323 2332 2336 2346 2349 2472 2473 2482 2486 2490 2496 3673 3686 3696 4323 4346 
m1255 13 45 2263 
m717 5 32 36 255 282 286 1805 1832 
m1451 22 36 38 41 49 1136 1138 1141 1149 1822 1838 1841 1849 1922 1936 1941 2072 2086 2088 2099 2472 2486 2488 2491 4336 
m540 46 
m172 14 22 32 36 39 40 41 49 722 1614 1622 1639 1641 1814 1822 1832 1836 1839 1841 1849 1972 2014 2036 2041 2049 2064 2072 2082 2089 2091 2482 2486 2489 2491 4464 4586 
m2097 13 38 663 1913 1938 
m330 22 37 46 1122 1137 1146 1872 2322 4837 
m1847 22 26 44 46 1122 1144 1146 1322 1326 1344 1346 2344 2346 4846 
m1306 20 45 1045 
m1839 30 36 39 40 46 1536 1540 1546 1830 1836 1840 1846 1980 1986 1990 1996 2030 2036 2040 2046 2330 2336 2340 2346 4346 4496 4836 
m1267 36 40 46 2036 2046 2340 2346 4836 4846 
m333 17 46 4817 
m2878 22 46 1146 
m750 14 40 46 740 746 2014 2040 2046 2314 2340 2346 4814 
m1201 26 44 46 1346 2226 2246 2326 2344 2346 
m3376 8 46 408 446 2308 2346 
m407 11 13 22 38 563 572 588 688 1113 1138 
m558 22 38 45 46 1145 1146 1922 1945 1946 2345 
m3674 5 13 38 46 263 288 296 696 1913 1938 1946 2305 2313 2338 2346 
m2543 22 37 46 1122 1137 1146 1872 2322 2346 4387 4396 4837 
m957 36 46 49 1849 2336 2349 2486 2499 
m774 36 40 41 46 49 1836 1841 1846 1849 2036 2040 2041 2046 2086 2096 2099 2336 2346 2349 4346 4586 4836 
m3599 19 46 969 996 2319 2346 
m1307 37 40 45 46 1890 2287 2290 2337 2340 2345 
m2972 23 27 32 42 1182 1192 1373 1382 1392 1642 
m3069 12 22 36 41 46 49 622 641 1141 1812 1822 1841 2322 2336 2341 2462 2472 2486 2491 2496 3136 4312 4336 4812 
m348 37 
m692 22 23 36 40 46 49 1172 1822 1836 1849 2022 2023 2036 2040 2046 2049 2322 2323 2336 2349 2472 2473 2486 4323 4336 4836 
m148 12 22 23 36 41 46 49 622 623 636 641 649 1123 1136 1141 1191 1822 1823 1841 2322 2323 2336 2341 2349 2472 2473 2486 2491 3136 4323 4336 4812 
m418 13 22 32 36 40 672 686 690 1613 1622 1636 1640 1822 1840 2022 2036 2040 4336 
m2110 
m2716 22 45 1145 
m3205 13 38 1913 1938 
m324 40 45 46 2046 2290 2296 2346 
m2184 22 45 46 1145 1146 2296 4846 
m821 22 23 30 45 1123 1130 1145 1173 1180 1523 1530 2273 2280 3673 
m3472 45 46 2345 2346 
m550 46 
m1265 26 33 46 1676 1696 2326 2333 2346 
m1334 36 
m3112 23 36 40 46 49 1836 1840 1846 1849 2023 2036 2040 2046 2049 2323 2336 2473 2486 2490 2496 3686 4323 4336 4836 
m2578 10 36 46 1810 2310 2346 4836 
m2670 22 23 30 45 46 1122 1123 1130 1145 1146 1195 1522 1523 1530 1545 1546 2273 2280 2295 2296 2322 2330 2345 2346 3696 4823 
m2940 40 46 2046 
m221 17 38 46 888 2317 2338 2346 3396 
m3331 27 36 48 49 1386 1398 1399 1827 1848 1849 2486 2498 2499 4336 
m2225 45 2295 
m240 22 38 46 49 1146 1149 1922 1946 1949 2349 2472 2488 2496 
m448 45 46 2345 
m116 6 36 40 42 46 49 2006 2036 2042 2046 2049 2306 2336 2342 2349 2456 2486 2492 4306 4342 4606 
m3305 22 36 37 40 46 1122 1136 1137 1140 1146 1837 1840 1890 2036 2037 2040 2322 2336 2337 2340 2346 4837 
m3162 23 36 40 46 49 1836 1840 1846 1849 2023 2036 2046 2049 2323 2336 2473 2486 2490 2496 3686 4323 4336 4836 
m649 17 33 38 45 895 1695 1917 1933 1938 1945 3383 
m921 27 28 36 46 1378 1386 1396 1828 2327 2328 2336 2346 4836 
m2918 14 40 46 714 746 2014 2040 2046 2314 2340 2346 3246 4814 
m255 22 40 44 46 1140 1144 1146 2022 2040 2044 2046 2222 2240 2246 2322 2340 2344 2346 4846 
m3643 22 36 40 46 1122 1136 1140 1146 1822 1836 1840 1846 2022 2036 2046 2322 2336 2340 2346 4346 4836 
m1705 23 32 36 40 49 1182 1632 1823 1832 1849 2023 2032 2036 2049 2473 2482 
m776 32 36 45 46 1832 2282 2286 2296 2332 2336 2346 4836 
m2394 5 36 41 45 46 286 291 1836 1841 2286 2291 2296 2305 2336 2341 4836 
m1988 14 28 36 728 736 1828 1836 
m3561 36 40 41 1840 1841 2036 2040 2041 4336 
m3147 22 26 44 46 1146 1322 1344 1346 2326 2344 2346 4846 
m290 22 1122 
m929 14 40 46 2014 2046 2314 2346 4814 
m573 26 45 46 1345 1346 2345 
m1600 
m3136 22 40 45 46 1140 1145 1146 2045 2046 2345 
m3420 13 23 49 673 1163 1173 1199 2463 2473 2499 3163 
m1941 13 22 36 40 672 686 690 1113 1122 1136 1140 1822 2022 2036 
m2396 45 46 2296 2346 
m2886 5 36 38 41 46 286 291 296 1905 1936 1938 1941 1946 2341 4341 4836 
m303 30 36 39 40 46 1830 1980 1986 1990 1996 2030 2036 2046 2330 4836 
m2978 23 30 36 41 1523 1823 1830 2073 2080 3673 4323 4586 
m2398 22 23 30 36 40 45 46 1122 1123 1130 1136 1140 1145 1146 1172 1173 1180 1190 1196 1522 1523 1536 1540 1545 1546 1822 1823 1830 1836 1840 1845 1846 2022 2023 2030 2036 2040 2045 2046 2272 2273 2280 2286 2290 2296 2322 2323 2330 2336 2340 2345 2346 4823 
m2579 22 26 44 46 1146 1322 1344 1346 2344 2346 4846 
m2895 40 46 2040 2046 2340 4846 
m2597 32 36 44 46 1832 1836 1844 2232 2236 2332 2336 2344 2346 4332 4336 4736 4836 
m1161 5 13 33 263 283 3183 
m2820 45 46 2345 
m1576 10 32 46 1610 1646 2310 
m1812 26 38 46 1338 1346 1946 2346 
m327 23 45 1173 1195 2273 2295 
m2576 37 46 1896 
m2230 22 23 30 36 40 46 1122 1123 1130 1136 1140 1146 1172 1186 1190 1522 1523 1536 1540 1546 1822 2022 2036 2322 2336 2340 2346 4823 
m598 13 36 38 46 49 699 1849 1913 1936 1946 1949 2313 2349 3186 4836 
m736 32 36 46 2332 2336 2346 4332 4836 
m496 22 36 41 49 1141 1849 2086 2091 2099 4336 
m3634 22 23 41 1141 1172 1173 1191 
m1805 22 36 40 46 1122 1136 1140 1146 1840 2036 2040 2336 2340 
m857 12 14 22 46 622 722 1112 1114 1122 1146 2314 2322 3114 4812 
m1314 36 46 2336 4836 4846 
m695 12 38 40 45 46 1912 1945 1946 2012 2038 2045 2046 2262 2296 2312 2346 4812 
m1789 12 22 36 622 1112 1122 1136 1822 4312 
m1883 13 22 44 46 694 1113 1146 2313 2344 
m1184 5 23 36 45 286 295 1155 1186 1195 1845 4336 
m3114 40 46 49 2040 2046 2340 2490 2496 
m2360 46 
m1420 22 33 44 49 1133 1144 1694 1699 2494 
m1719 44 46 2344 2346 
m3047 22 23 30 36 40 41 1122 1123 1130 1136 1140 1172 1180 1186 1522 1523 1536 1822 2023 2030 2036 2072 2073 2080 2086 2090 3673 4323 
m800 23 30 38 45 46 1180 1923 1930 1946 2273 2280 2288 2296 2323 2330 2338 2346 4823 
m642 36 49 1836 1849 
m1519 22 45 46 1145 1146 2296 
m2021 22 45 2272 
m1197 13 22 33 36 40 672 686 690 1113 1122 1133 1136 1140 1672 1686 1690 2036 3183 
m1431 32 36 38 41 46 1641 1646 1932 1936 1941 1946 2332 2336 2341 2346 4136 4586 
m1070 23 40 46 49 1196 2023 2040 2046 2473 2490 2496 
m3612 26 44 46 49 1344 1346 2246 2476 2494 2496 
m3200 22 23 1122 1123 1172 
m3096 22 44 46 1146 2322 2344 2346 4846 
m1392 22 45 1145 
m2874 3 30 153 180 1503 1530 
m2240 
m2761 37 40 46 2037 2046 2337 4837 4846 
m1400 22 44 46 1146 2344 2346 4846 
m2614 22 44 46 1146 2222 2246 2322 2344 2346 4846 
m2910 12 45 46 645 2345 4812 
m2936 27 36 46 48 1827 2327 2336 2436 2446 
m2712 32 37 46 1632 1637 1882 2332 2337 
m947 11 
m1774 45 46 2296 2345 2346 
m1811 17 46 2317 2346 4817 
m1459 8 37 46 408 437 446 1858 2308 4396 
m161 22 36 49 1149 1822 1836 1849 2472 2486 2499 
m142 5 36 37 38 45 46 286 295 1845 1855 1886 1895 1936 1937 1938 1946 2305 2336 2337 4336 
m2584 22 38 44 46 1146 1922 1944 1946 2344 2346 4846 
m2664 23 
m1717 13 22 33 1113 1672 4163 
m963 23 30 38 46 1180 1923 1930 1946 2330 2346 4823 
m1167 23 30 46 1180 1523 1530 1546 2330 2346 4823 
m460 46 2346 
m84 44 46 49 2246 2494 2496 
m2483 45 
m930 23 32 36 40 46 48 1182 1186 1190 1196 1198 1632 1636 1646 1648 1846 1848 2032 2036 2046 2048 2446 
m1168 17 45 895 2267 2295 
m3194 5 30 32 36 46 280 1605 1630 1646 1805 1830 1846 2305 2330 4332 
m729 13 22 41 691 1113 1122 1141 
m2328 13 37 46 1896 2313 4363 
m889 32 45 1645 
m831 22 32 46 1132 1146 2332 
m3184 22 23 30 32 36 40 46 1122 1123 1130 1132 1136 1140 1146 1172 1173 1522 1523 1530 1532 1540 1546 1623 1630 1646 1822 1823 1830 1832 1840 1846 2022 2023 2030 2032 2036 2040 2046 2322 2323 2330 2332 2340 2346 3696 4823 
m759 13 20 22 33 36 37 40 672 686 690 1013 1020 1022 1033 1036 1040 1120 1122 1136 1140 1672 1686 1690 1813 1820 1822 1836 1840 1870 1872 1886 1890 2013 2020 2022 2036 3183 
m1720 12 22 23 36 40 45 46 49 622 623 636 640 645 649 1123 1136 1140 1145 1195 1822 1823 1840 1845 1849 2012 2023 2036 2045 2046 2049 2322 2323 2336 2340 2345 2349 2472 2473 2486 2490 2495 3136 4323 4336 4812 
m568 22 36 40 46 1122 1136 1140 1822 2022 2036 2040 2322 2336 2340 4336 
m1466 12 45 46 645 2345 4812 
m1910 12 36 40 41 46 49 636 640 641 649 1836 1840 1841 2036 2041 2336 2340 2341 2349 2486 2490 2491 3136 4336 4812 
m2208 12 23 30 36 41 612 630 636 641 1191 1523 1541 1812 1823 1830 1836 1841 2062 2073 2086 3123 
m2542 40 45 2045 
m2793 22 23 1122 1123 1172 1173 3673 
m3003 14 49 2464 
m2998 20 1020 
m2175 32 46 48 2332 2348 2432 
m3316 45 46 2295 2296 
m1814 36 40 45 1845 2036 2045 
m2546 23 41 1191 2073 2091 
m723 8 25 46 49 408 446 449 1258 1296 2349 
m2100 22 40 46 1146 2022 2046 2346 
m2819 13 22 46 672 2322 4813 
m1950 22 44 46 1146 2322 2344 2346 4846 
m3217 45 46 2296 
m3648 22 45 1122 1145 2272 2295 
m1196 22 23 30 36 46 1172 1522 1523 1536 1822 2322 2330 2336 2346 3686 4823 4836 
m1209 22 37 46 1137 2322 4837 
m1287 14 22 39 40 46 740 1114 1122 1139 1140 1146 1990 1996 2014 2040 2046 2340 3246 4464 
m1525 23 36 40 46 49 1186 1196 1836 1846 2023 2036 2046 2323 2473 2486 2490 2496 3673 4323 4836 
m1801 5 30 45 46 280 2255 2280 2296 2305 2330 
m630 36 
m1193 5 36 41 46 1805 2055 2096 2305 2336 4586 
m607 37 38 40 46 1890 1937 1938 1946 2340 4837 
m2648 32 36 41 46 1632 1636 1641 1646 1832 1836 1841 1846 2082 2086 2091 2096 2332 2336 4586 4846 
m3350 5 36 45 46 286 295 1845 2305 2336 2345 4336 
m1426 14 45 46 714 745 746 2345 4814 
m672 23 28 38 1178 1188 1928 1938 
m20 22 41 44 46 49 1146 1149 2072 2094 2096 2099 2344 2349 2494 
m2091 14 22 46 722 746 2322 2346 
m1418 17 38 46 867 896 1917 1946 
m1663 5 13 33 46 655 1655 2305 2313 2333 4163 
m678 14 32 714 732 
m2842 32 36 46 49 1632 1636 1649 1849 2332 2336 2346 2349 
m2564 13 22 36 40 1113 1122 1136 1140 1813 1840 2013 
m3065 36 
m3023 22 36 40 46 1136 1146 1836 1840 1846 2036 2046 2336 2340 2346 4836 
m1207 45 2295 
m1573 13 17 46 2313 2317 3363 
m2201 12 23 30 36 41 612 630 636 641 1191 1523 1541 1812 1823 1830 1836 1841 2062 2073 2086 3123 
m341 22 23 30 36 41 46 1122 1123 1136 1141 1191 1522 1523 1536 1841 2322 2323 2330 2336 3686 
m2234 37 38 46 1888 1938 2338 4837 
m1182 22 46 1146 
m2023 22 37 40 46 1122 1137 1146 2022 2037 2046 2322 2337 2346 4837 
m681 22 46 1146 2346 
m2884 14 45 2264 3214 
m587 12 13 22 36 40 622 636 640 672 686 690 1112 1113 1122 1136 1140 1822 2022 2036 3162 
m3656 22 45 46 1145 1146 2345 4846 
m176 45 46 2295 2296 2345 2346 4846 
m362 36 46 1846 2336 2346 4836 
m2176 32 36 41 46 1641 1646 2332 2336 2341 2346 4136 4586 
m2473 22 45 46 1122 1145 1146 2296 2346 
m2177 36 
m1039 5 36 40 46 286 290 296 2036 2046 2305 2340 2346 4346 4836 
m703 13 22 33 1113 1133 4163 
m2211 22 30 36 40 46 1122 1130 1136 1140 1146 1536 1540 1546 1836 1840 1846 2022 2030 2036 2040 2046 2322 2330 2336 2340 2346 4346 
m1150 
m3118 22 36 41 46 1822 2072 2096 2322 4586 4836 
m463 2 27 36 40 46 1352 1386 1396 1802 2002 2027 2036 2046 2302 4836 
m2306 5 13 22 26 33 46 263 283 672 1305 1313 1333 1346 1672 2305 2313 2322 2333 4163 
m646 8 408 
m3483 14 40 46 740 746 2014 2040 2046 2314 2340 2346 3214 3246 4814 
m1109 45 2295 
m3076 14 36 48 714 736 748 1836 1848 2448 
m1569 14 45 46 745 746 2345 
m2654 32 37 38 46 1637 1646 1932 1937 1946 2332 2337 2346 4837 
m1641 22 23 30 36 40 41 46 1122 1123 1130 1136 1140 1141 1146 1191 1523 1536 1541 1546 1841 1846 2023 2030 2036 2040 2041 2046 2072 2073 2091 2341 3696 4323 
m2856 38 45 46 1945 2338 2345 2346 
m1022 45 46 2295 2296 2346 
m3252 13 22 33 36 40 672 1113 1122 1133 1136 1140 1672 1813 1822 1833 1840 2013 2022 2033 4163 
m2367 22 36 40 41 49 1122 1136 1140 1141 1149 1841 1849 2022 2036 2041 2049 2486 2491 4336 
m1551 5 31 36 255 281 286 1555 1581 1586 1805 1831 1836 
m1829 22 46 49 1146 1149 2349 2472 2496 
m904 22 33 46 1122 1133 1146 1696 2333 2346 4196 
m1139 22 30 36 46 1130 1136 1146 1536 1546 1822 1830 1836 1846 2322 2330 2336 2346 4836 
m662 14 
m3314 22 30 36 40 46 1122 1130 1136 1146 1522 1536 1822 2022 2030 2036 2322 2330 2336 2340 2346 4836 
m147 22 44 46 1146 2246 2344 2346 4846 
m1561 22 37 1122 1137 1887 
m3152 14 22 1114 1122 
m3131 22 38 44 46 1146 1922 1946 2344 2346 4846 
m258 32 46 1646 2332 2346 
m1493 22 23 30 38 41 1123 1130 1172 1173 1188 1522 1523 1530 1538 2072 2073 2080 3673 
m3518 22 23 36 41 1122 1123 1136 1141 1173 1186 1823 2073 3673 3686 4323 4586 
m975 41 46 2341 
m3440 14 21 45 46 721 745 2271 2321 2345 4814 
m628 14 22 41 714 741 1114 1141 2064 2072 2091 
m1728 17 22 1117 
m2787 14 22 45 745 1114 1145 
m620 27 32 38 46 1382 1396 1927 1932 1946 2332 
m619 26 46 49 1346 1349 2346 2496 2499 
m2435 22 44 46 1146 2344 2346 4846 
m1312 45 46 2345 
m2390 23 36 40 45 46 49 1190 1195 1836 1840 1845 2036 2045 2323 2336 2340 2345 2473 2486 2495 2496 3686 4323 4336 4836 
m810 22 23 30 1122 1123 1130 1172 1173 1180 1522 1523 1530 3673 
m3215 36 40 46 2036 2046 2336 
m2806 
m133 5 37 45 46 1855 2255 2287 2296 2305 4837 
m1923 16 22 44 49 844 849 1116 1144 2494 
m613 22 36 40 41 1136 1141 1836 1840 2036 2086 2090 4586 
m2273 38 45 46 1945 1946 2296 
m2582 22 38 44 46 1146 1922 1944 1946 2344 2346 4846 
m1649 36 45 46 49 1846 1849 2286 2296 2299 2349 
m1582 22 37 46 1137 1146 2337 2346 4837 
m880 22 46 1122 1146 
m2538 46 
m3006 5 26 33 45 1305 1333 1345 1655 1695 2255 
m2676 44 46 49 2246 2494 2496 
m224 32 45 1645 
m1713 22 23 36 40 41 46 49 1123 1136 1140 1173 1186 1190 1199 1840 2022 2023 2036 2040 2041 2049 2072 2073 2086 2090 2091 2099 2322 2323 2340 2341 2473 2486 3673 3686 4323 
m1069 41 46 2341 
m922 32 1632 
m896 45 49 2295 2299 
m609 36 38 48 1838 1848 1936 1948 2436 2438 2448 
m420 5 37 46 1855 2305 4837 
m806 34 38 46 1734 1934 2334 2338 2346 
m1010 45 
m74 32 36 46 1632 1636 1646 1832 1836 1846 2332 2336 2346 4332 
m1313 22 23 36 41 1122 1123 1136 1141 2073 3686 4586 
m1279 8 22 23 30 46 408 422 423 430 446 1122 1123 1130 1146 1180 1523 1530 1546 2330 4823 
m2528 26 37 46 49 1337 1346 1349 1899 2337 2349 2487 2499 4387 
m569 36 40 49 1836 1840 1849 2036 2040 2049 2486 2490 2499 
m2595 40 46 2046 2346 
