m777 
m639 22 36 40 46 1136 1146 1840 2336 2340 4336 4836 
m656 36 40 46 49 1836 1840 1846 1849 2036 2040 2046 2049 2336 2340 2346 2349 2486 2490 2496 4346 
m520 36 
m833 23 27 1173 1177 1373 1377 
m450 13 20 22 33 36 40 672 686 690 1013 1022 1033 1036 1040 1122 1136 1140 1672 1686 1690 1822 2022 2036 3183 
m1038 16 22 36 40 822 836 840 1116 1122 1136 1140 1822 2022 2036 
m1062 5 30 36 46 280 286 1536 1830 1836 2305 2330 2336 4836 
m438 37 39 40 46 49 1890 1899 1987 1990 1999 2340 2490 2496 4396 4496 
m661 22 36 37 40 41 1137 1140 1822 1836 1840 1841 2022 2036 2037 2040 2041 2072 2086 2090 2091 4586 
m910 22 23 30 36 40 41 46 1122 1123 1130 1136 1140 1141 1146 1191 1522 1523 1530 1536 1540 1541 1546 1822 1823 1830 1836 1840 1841 1846 2022 2023 2030 2036 2040 2041 2046 2072 2086 2090 2091 2341 3696 4323 
m812 15 22 27 38 46 777 1115 1146 1915 1922 1938 1946 2315 2327 2346 
m88 36 
m738 22 36 40 41 1141 1822 1841 2036 2041 2072 2086 2091 4586 
m1067 22 37 46 1122 1137 1146 2322 2337 2346 4837 
m641 12 13 22 27 36 40 622 636 640 672 686 690 1112 1113 1122 1136 1140 1362 1363 1372 1386 1822 2022 2036 3162 
m1069 22 23 37 1122 1123 1172 1173 1872 1873 3673 
m745 22 46 1122 1146 2322 2346 4846 
m919 26 46 49 1326 1346 1349 2349 
m732 22 23 41 46 1123 1141 1146 1173 1191 1196 2073 2323 2341 3673 4823 
m84 22 23 30 46 1122 1123 1130 1146 1523 1530 1546 2330 2346 3696 4823 
m126 23 38 1923 3673 
m631 23 30 36 49 1180 1199 1549 1823 1830 1849 2473 2480 2486 
m594 22 23 30 38 41 1123 1172 1173 1188 1523 1530 2073 2080 3673 
m469 22 23 30 36 40 41 46 49 1122 1123 1130 1136 1140 1141 1146 1149 1172 1173 1190 1191 1522 1523 1530 1536 1540 1541 1546 1822 1823 1830 1836 1840 1846 1849 2022 2023 2030 2036 2040 2046 2049 2322 2323 2330 2336 2340 2341 2346 2473 2480 2486 2490 2496 3696 4823 
m607 5 15 38 40 46 755 1915 1938 1940 1946 2015 2038 2040 2046 2305 2315 2346 4815 
m665 13 22 672 1113 1122 
m728 22 40 46 49 2040 2046 2322 2346 2490 2496 
m797 22 36 41 49 1122 1136 1141 1149 1849 2072 2086 2099 4336 
m955 13 20 22 33 36 37 40 672 686 690 1013 1020 1022 1033 1036 1040 1120 1122 1136 1140 1672 1686 1690 1813 1820 1822 1840 1870 1872 1886 1890 2013 2020 2022 2036 3183 
m960 22 23 36 40 41 1123 1136 1140 1172 1822 1823 1836 2022 2023 2036 2072 2073 2086 2090 2091 3673 4323 4586 
m1058 22 23 30 36 40 46 1122 1123 1130 1136 1140 1146 1172 1173 1522 1523 1530 1540 1546 1822 1823 1830 1840 1846 2022 2023 2030 2036 2040 2046 2322 2323 2330 2340 2346 3696 4823 
m289 23 30 36 41 1523 1823 1830 2073 2080 3673 4323 4586 
m871 23 36 41 1836 1841 2073 2086 2091 4323 4586 
m1008 32 34 38 46 1632 1646 1732 1734 1746 1932 1934 1946 2332 
m611 5 23 24 40 46 273 274 290 1190 1240 1246 2023 2024 2040 2046 2340 3696 3723 
m575 30 46 49 1530 1549 2330 2346 2349 
m541 14 46 2314 2346 4814 
m484 20 22 36 41 1022 1120 1122 1136 1141 1820 1822 2070 2072 4586 
m1076 12 14 22 36 45 46 49 645 712 745 1112 1114 1146 1814 1822 1846 1849 2314 2345 2346 2464 2472 2496 3146 3246 4812 
m428 22 23 24 40 46 1123 1124 1140 1146 1190 1240 1246 2022 2023 2024 2046 2340 3696 3723 
m911 37 40 46 49 1899 2037 2046 2049 2337 2340 2346 2349 4396 
m629 22 23 30 36 40 41 46 49 1122 1123 1130 1136 1140 1146 1172 1173 1186 1190 1191 1199 1522 1523 1530 1536 1540 1541 1546 1549 1822 1823 1830 1836 1840 1841 1846 2022 2023 2030 2036 2040 2041 2046 2049 2072 2073 2086 2096 2099 2330 2336 2340 2341 2472 2473 2486 2490 2496 3696 4823 
m146 38 49 1938 1949 2488 
m24 12 22 23 36 45 46 49 622 645 1122 1145 1172 1195 1812 1822 1845 1846 2272 2295 2322 2345 2462 2473 2486 2496 3662 3696 4323 4812 
m150 30 36 40 49 1536 1549 1830 1836 1849 2030 2036 2499 4336 
m752 28 36 46 1828 1836 2328 2336 4846 
m228 46 2346 
m839 22 36 37 40 46 1136 1137 1140 1146 1837 1840 1846 1890 2022 2036 2037 2040 2046 2336 2340 2346 4336 4346 4396 4837 
m34 30 46 49 2330 2480 2496 
m204 36 
m617 33 38 41 46 1691 1933 1946 2341 4833 
m494 37 49 1899 2487 2499 
m258 22 30 36 38 46 49 1522 1536 1538 1546 1549 1822 1922 1930 1936 1938 1946 1949 2322 2330 2336 2338 2346 2349 2486 2496 
m308 14 22 36 40 722 736 740 1114 1122 1136 1140 1822 2022 2036 
m942 22 23 36 40 41 1123 1141 1173 1186 1190 1823 1836 2023 2036 2040 2072 2073 2086 2090 2091 3686 4323 
m763 23 36 40 46 1186 2023 2036 2040 2046 2323 2336 2340 2346 3696 4346 
m892 26 31 36 37 46 1576 1587 1596 1826 1831 1837 1846 1876 1896 2326 
m531 22 36 40 41 1822 1840 2022 2036 2072 2086 2090 4336 4586 
m842 6 14 32 36 314 332 732 1806 1814 1832 
m19 12 14 46 712 2312 2314 2346 3146 3246 4812 
m496 37 46 4837 
m855 22 32 46 1122 1132 1146 1622 1646 2322 2332 2346 4846 
m666 34 1734 
m940 23 24 40 46 1190 1240 1246 2023 2024 2040 2046 2340 3696 3723 
m69 22 23 30 32 36 40 41 49 1140 1182 1199 1523 1530 1532 1536 1549 1823 1830 1832 1849 2022 2023 2030 2032 2036 2040 2072 2090 2482 
m699 36 38 40 41 1841 1941 2036 2041 2086 2090 2091 
m814 36 49 1836 1849 2499 
m202 36 49 1836 1849 2486 2499 
m1035 22 36 40 46 49 1136 1140 1146 1822 1840 1846 2022 2036 2040 2046 2049 2322 2336 2340 2346 2349 2486 2490 2496 4836 
m959 14 26 46 714 726 746 1314 1346 2314 2326 2346 4814 
m479 12 36 38 41 46 641 1841 1936 1938 1941 1946 2062 2086 2091 2096 2312 2336 2341 4312 
m1047 13 22 38 49 699 1113 1122 1138 1913 1938 1949 
m215 36 40 41 1836 1840 2036 2086 2090 2091 4586 
m509 22 23 30 46 1122 1123 1130 1146 1180 1523 1530 1546 2330 4823 
m1037 13 38 46 688 1913 1938 1946 2313 2338 2346 3196 
m358 22 40 44 46 1140 1144 1146 2022 2040 2044 2046 2222 2240 2246 2322 2340 2344 2346 4846 
m341 23 31 46 49 1196 1573 1596 2346 2473 2481 2496 2499 
m86 13 20 22 33 36 38 40 1013 1022 1033 1036 1038 1040 1113 1122 1133 1136 1138 1140 1813 1833 1838 1840 1913 1933 2013 2033 2038 4163 
m736 22 36 41 1122 1136 1141 1841 2072 2086 2091 4586 
m807 36 46 49 2486 2496 4836 4846 
m477 33 41 48 1691 2433 2441 
m599 45 
m62 38 46 1938 1946 
m56 22 27 36 40 46 1122 1127 1136 1140 1146 1390 1822 1827 1836 1840 1846 2022 2027 2036 2040 2046 2327 2336 2340 
m260 13 22 33 36 40 1113 1122 1133 1136 1140 1686 1690 1813 2013 2036 4163 
m195 22 36 40 46 1822 1840 1846 2022 2036 2040 2046 2322 2336 2340 2346 4336 4346 4836 
m893 36 40 46 1840 1846 2036 2040 2046 2346 4346 
m773 23 30 49 1180 1199 1549 2473 2480 2499 
m380 12 13 22 32 36 40 49 632 682 699 1112 1113 1122 1132 1136 1140 1812 1813 1832 1836 1840 1849 2012 2013 2032 2036 2049 2462 2482 2486 3136 3162 3186 
m922 22 40 41 46 1122 1140 1146 2022 2040 2046 2340 
m327 14 23 30 38 40 730 1180 1514 1523 1530 1540 1914 1923 1930 1940 2014 2023 2030 3223 
m975 
m638 23 30 40 46 49 1190 1199 1523 1530 1540 1546 1549 2330 2340 2346 2349 2490 2496 3696 4823 
m316 
m597 13 22 30 680 1113 1122 1130 
m1061 22 23 36 40 41 46 49 1123 1136 1141 1146 1191 1822 1823 1836 1840 1841 1849 2022 2023 2036 2040 2041 2046 2072 2073 2086 2090 2091 2322 2323 2336 2340 2341 2349 2472 2473 2486 2490 2491 4323 4336 4346 4836 
m382 23 31 46 49 1196 1573 1596 2323 2346 2473 2481 2496 
m803 36 
m794 22 40 46 1146 2022 2040 2046 2346 
m514 33 44 49 1694 1699 2494 
m1046 22 30 36 40 41 46 1136 1141 1146 1541 1822 1841 2046 2096 2336 
m454 32 36 38 46 49 1632 1636 1649 1849 1932 1936 1938 1946 2332 2336 2338 2346 2349 
m249 23 45 1195 
m1022 22 27 36 40 46 1122 1127 1136 1140 1146 1390 1822 1827 1836 1840 1846 2022 2027 2036 2040 2046 2327 2336 2340 
m529 38 46 1938 1946 2346 
m772 23 30 36 40 41 1173 1180 1186 1190 1523 1530 1536 1540 1823 1830 1836 1840 2023 2030 2036 2040 2073 2080 2086 2090 3673 4323 
m948 22 23 30 46 1122 1123 1130 1146 1180 1523 1530 1546 2330 2346 4823 
m152 23 36 1186 1836 3686 
m317 29 34 36 1484 1486 1729 1734 1736 1829 1834 1836 4236 4334 
m683 23 46 2323 2346 4823 
m858 36 
m817 13 17 22 672 872 1113 1117 1122 3363 
m50 22 23 30 36 40 46 49 1122 1123 1130 1136 1140 1146 1149 1172 1173 1180 1186 1190 1199 1522 1523 1530 1536 1540 1546 1549 1823 1840 2022 2023 2030 2036 2040 2046 2322 2330 2336 2340 2346 2472 2473 2480 2486 2490 2496 3696 4823 
m1040 22 27 46 1146 1372 1377 1396 
m869 22 26 33 1122 1126 1133 1676 
m231 23 30 46 1180 2323 2330 2346 
m1039 22 23 30 36 37 40 46 49 1123 1130 1136 1137 1140 1146 1149 1180 1523 1530 1546 1822 1823 1830 1836 1837 1840 1846 1872 1873 1880 1886 1890 1896 2022 2023 2030 2036 2037 2046 2330 2346 2472 2486 2487 2490 2496 4396 4823 
m420 22 23 30 38 46 1123 1130 1138 1146 1188 1523 1530 1538 1546 2338 3696 
m898 22 23 30 38 41 1123 1130 1172 1173 1188 1522 1523 1530 2072 2073 2080 3673 
m685 11 32 561 582 
m1014 36 46 2336 
m409 22 38 1122 1922 
m10 22 36 37 40 46 1122 1136 1140 1146 1822 1836 1837 1840 1846 1872 1896 2022 2036 2037 2040 2046 2322 2337 2346 4387 4396 4837 4846 
m106 13 33 40 690 1690 4163 
m582 23 30 33 46 1180 1523 1530 1533 1546 1680 2330 2333 4173 4823 
m663 22 36 38 40 41 46 1136 1141 1836 1840 1841 1940 1941 1946 2022 2036 2038 2041 2046 2086 2090 2091 2322 2336 2341 4586 
m411 12 15 26 40 41 626 776 2012 2015 2041 2062 2065 2076 3262 
m690 22 37 46 49 1872 2322 2346 2487 2496 4396 4837 
m17 29 36 38 49 1488 1499 1829 1836 1838 1849 1936 1938 1949 2479 2486 2488 2499 
m147 12 13 20 22 32 36 40 49 632 682 699 1012 1013 1022 1036 1040 1112 1113 1122 1132 1136 1140 1812 1813 1832 1836 1840 1849 2012 2013 2032 2036 2049 2462 2482 2486 3136 3162 3186 
m330 22 23 36 40 46 49 1122 1123 1136 1146 1149 1172 1822 1849 2022 2023 2036 2046 2049 2322 2323 2336 2349 2472 2473 2486 4323 4336 4836 
m453 
m422 23 30 36 41 49 1191 1523 1530 1541 1823 1830 1836 1841 1849 2073 2080 2086 2091 2099 2473 2480 2486 2491 2499 
m980 22 23 30 37 40 46 1123 1130 1137 1146 1172 1187 1522 1523 1530 1537 1546 1872 2022 2023 2030 2037 2040 2046 2322 2323 2330 2346 3696 4396 4837 
m349 23 41 1191 2073 3673 
m28 22 41 44 46 49 1146 1149 2072 2094 2096 2099 2344 2349 2494 
m181 23 24 40 46 1190 1240 1246 2023 2024 2040 2046 2340 3696 3723 
m521 22 23 30 38 1122 1123 1130 1138 1172 1173 1188 1523 1530 1538 1922 1923 3673 
m144 13 46 2313 
m595 13 22 38 49 699 1113 1122 1138 1149 1913 1938 1949 
m747 22 30 40 46 1122 1130 1140 1146 2030 2046 2322 2330 2340 2346 
m985 26 36 46 49 1336 1346 2476 2486 2496 4836 4846 
m45 12 45 46 645 2345 4812 
m304 23 30 36 41 1180 1186 1830 2073 2080 3673 3686 4323 4586 
m134 14 22 32 732 1114 1132 
m307 22 23 30 40 46 1123 1130 1146 1180 1523 1530 1546 2022 2023 2030 2046 2322 2323 2330 2340 2346 4823 
m1049 10 36 41 46 536 541 546 1836 1841 2336 2341 4586 4836 
m619 23 38 1923 
m198 14 20 38 46 49 720 1914 1946 1949 2320 2464 2470 2496 4814 
m1090 36 40 46 49 1836 1840 1846 1849 2036 2040 2046 2049 2336 2340 2346 2349 4346 4836 4846 
m821 22 26 38 46 1146 1322 1346 1922 1926 1946 2346 
m565 32 33 40 46 1633 2032 2033 2040 2046 2332 2333 
m993 23 36 40 41 1186 1190 1191 1836 1840 1841 2023 2036 2040 2041 2073 2086 2090 2091 3686 4323 4336 4586 
m760 5 23 24 38 40 46 273 274 290 1190 1240 1246 1905 1923 1924 1938 2023 2024 2040 2046 2340 3696 3723 
m23 14 22 26 37 39 722 737 1314 1322 1337 1339 1872 1964 1972 1987 
m385 38 44 45 46 49 1938 1946 2238 2246 2294 2296 2338 2344 2346 2349 
m751 14 22 36 40 41 46 714 722 736 741 1822 1836 1841 2014 2036 2046 2072 2314 2322 2336 2341 3236 4314 4586 4814 
m1010 22 23 30 36 40 41 46 1123 1130 1136 1141 1146 1180 1186 1190 1523 1530 1536 1540 1546 1830 2022 2023 2030 2036 2040 2046 2072 2073 2080 2086 2090 2091 2330 3696 4836 
m210 22 44 46 1144 1146 2222 2246 2322 2344 2346 4846 
m718 5 23 38 273 1905 1923 
m253 22 36 41 1122 1136 1141 1841 2091 4586 
m68 36 38 1936 
m740 14 22 36 40 722 736 740 1114 1122 1136 1140 1822 2022 2036 
m755 22 23 30 46 1122 1123 1130 1146 1172 1173 1180 1196 1522 1523 1530 1546 2322 2323 2330 2346 3696 4823 
m433 22 38 45 46 1138 1145 1146 1938 1945 1946 2345 
m989 26 37 46 1337 1346 1896 2346 
m587 23 27 30 36 40 49 1173 1177 1180 1186 1190 1199 1373 1380 1386 1523 1527 1530 1536 1540 1549 1823 1827 1830 1836 1849 2023 2027 2030 2036 2040 2049 2473 2477 2480 2486 2499 3686 4336 
m415 22 30 36 40 1122 1136 1140 1522 1536 1822 1836 1840 2022 2036 
m642 5 13 27 38 46 263 296 1355 1363 1396 1905 1913 1927 1946 2313 2346 4813 
m724 46 2346 
m32 22 36 40 41 1136 1140 1141 1836 1840 1841 2036 2040 2072 2086 2090 2091 4586 
m384 22 23 30 36 40 41 1122 1123 1130 1136 1140 1141 1172 1173 1186 1190 1191 1523 1536 1541 1840 1841 2023 2036 2041 2072 2073 2086 2090 2091 3673 3686 4323 4336 4586 
m363 38 45 46 49 1938 1946 1949 2288 2296 2299 2349 
m769 29 36 49 1829 1836 2479 2486 4336 
m135 22 23 37 1123 1137 1172 1173 1187 1873 3673 
m127 23 36 40 46 49 1190 1836 1840 1846 2023 2036 2040 2046 2049 2323 2336 2340 2346 2349 2473 2486 2490 2496 3696 4323 4346 4823 4836 
m187 22 36 40 41 1136 1140 1141 1841 2036 2041 4336 4586 
m391 30 40 46 49 1540 1546 1549 2030 2040 2046 2330 2340 2346 2349 2490 2496 
m882 46 2346 
m708 6 14 32 36 314 332 732 1806 1814 1832 
m969 14 46 714 746 2346 4814 
m353 23 32 46 1196 1623 1646 2346 
m1084 30 44 45 2230 2245 2280 
m743 12 36 46 49 646 649 1849 2336 2346 2349 3136 4812 
m766 16 36 3336 
m221 13 20 22 33 36 38 40 688 1013 1022 1033 1036 1040 1113 1133 1136 1138 1140 1688 1813 1822 1833 1838 1840 2013 2033 2036 2038 3183 3536 4336 
m1070 23 36 1186 
m143 22 23 27 30 36 40 49 1123 1130 1136 1172 1173 1177 1180 1186 1190 1199 1372 1373 1380 1386 1522 1523 1527 1530 1536 1540 1549 1822 1823 1827 1830 1836 1849 2023 2027 2030 2036 2040 2049 2472 2473 2477 2480 2486 2499 3686 4336 
m875 22 36 40 41 1122 1136 1140 1141 1822 1836 1840 1841 2022 2036 2041 2072 2086 2090 2091 
m355 45 
m184 22 30 36 37 40 1130 1136 1137 1140 1536 1537 2030 2036 2037 4337 
m302 22 23 30 36 40 41 46 1122 1123 1130 1136 1140 1141 1146 1172 1173 1180 1186 1190 1191 1523 1536 1540 1541 1841 2023 2036 2041 2072 2073 2080 2086 2090 2091 2096 2322 2323 2330 2341 2346 3673 4323 
m712 23 24 40 46 1190 1240 1246 2023 2024 2040 2046 2340 3696 3723 
m1036 14 36 40 41 46 714 736 2014 2036 2046 2064 2086 2090 2096 3246 4314 4346 4814 
m71 22 23 36 40 41 1122 1136 1140 1141 1173 1186 1190 1823 1836 1840 1841 2022 2023 2036 2040 2041 2073 2086 2090 2091 3686 4323 
m314 12 22 36 38 40 46 612 636 1112 1122 1136 1138 1140 1146 1812 1836 1840 1846 1912 1922 1936 1938 1940 1946 2012 2022 2036 2038 2046 2312 2336 2346 3146 4812 4836 
m1013 21 36 38 45 1095 1845 1921 1936 1945 3586 
m212 12 22 36 40 46 49 636 1136 1146 1812 1836 1846 2022 2036 2040 2046 2312 2336 2346 2349 2462 2486 2496 3136 4336 4812 4836 
m170 22 23 30 36 40 46 49 1122 1123 1130 1136 1140 1146 1149 1172 1173 1522 1523 1530 1540 1546 1822 1823 1830 1840 1846 2022 2023 2030 2036 2040 2046 2322 2323 2330 2340 2346 2472 2486 2490 2496 3696 4823 
m133 16 23 38 40 46 49 1940 1946 2046 2316 2323 2346 2349 2466 2473 3666 4823 
m600 5 13 22 263 272 1105 1113 1122 
m924 22 37 46 1122 1137 1146 1872 2322 2346 4387 4396 4837 
m218 22 23 36 40 41 1122 1123 1136 1822 1823 1836 1840 2022 2023 2036 2072 2073 2086 2090 3673 4323 4586 
m616 23 30 36 40 41 1173 1186 1191 1523 1530 1536 1540 1541 1836 1841 2023 2030 2036 2041 3673 3686 4323 4341 
m1034 13 36 39 40 46 49 1813 1840 1846 1849 1986 1990 1996 2013 2036 2040 2046 2049 2463 2496 4813 
m6 6 14 23 32 36 706 723 732 736 1156 1182 1606 1636 1806 3686 
m519 22 23 36 40 46 49 1172 1822 1823 1836 1849 2022 2023 2036 2040 2046 2049 2322 2323 2336 2349 2473 2486 3686 4336 4346 4836 
m182 14 16 23 46 716 723 746 2316 3323 4823 
m430 36 49 1836 1849 2499 
m742 22 36 38 48 49 1136 1148 1149 1822 1836 1838 1848 1849 1922 1936 1948 1949 2422 2436 2438 2448 2449 2486 2498 
m388 26 44 46 1346 2226 2246 2326 2344 2346 
m115 22 23 26 1123 1126 1173 1176 1323 3673 
m375 22 23 30 36 40 41 46 49 1122 1123 1130 1136 1140 1141 1146 1172 1173 1180 1186 1190 1196 1523 1530 1536 1540 1546 1822 1823 1830 1836 1840 1841 1846 1849 2022 2023 2030 2036 2040 2041 2046 2049 2072 2073 2080 2086 2090 2096 2330 2346 2472 2473 2486 2490 2491 3696 4336 4346 4823 
m542 28 36 1428 1436 1828 1836 3936 4328 
m328 14 23 30 40 730 1180 1514 1523 1530 1540 2014 2023 2030 3223 
m434 22 23 41 1122 1123 1141 1172 2072 2073 
m1032 21 36 40 46 1090 1096 1840 1846 2321 2336 2340 2346 4321 
m545 22 23 36 41 1122 1123 1136 1141 2073 3686 4586 
m729 22 23 30 36 40 41 1122 1123 1130 1136 1140 1173 1522 1523 1536 1822 1823 1830 1836 2022 2023 2030 2036 2072 2073 2080 2086 2090 2091 3673 4323 4586 
m87 11 13 22 33 36 40 661 1111 1113 1122 1133 1136 1140 1661 1811 1813 1833 1840 2011 2013 2033 4163 
m238 12 32 36 46 1612 1646 1812 2336 2346 3146 4136 4346 4812 
m921 23 36 41 1186 2073 3673 4323 4586 
m346 23 41 1191 2073 3673 
m1027 14 23 30 36 40 46 730 1180 1814 1823 1830 1846 2014 2023 2030 2036 2040 2046 2314 2330 2346 3223 4346 4814 4823 
m646 14 38 45 46 1914 1938 1945 1946 2264 2314 2338 2345 2346 4814 
m628 22 36 40 46 49 1136 1140 1146 1840 1846 2022 2036 2040 2046 2049 2336 2340 2346 2349 2486 4836 
m605 6 14 32 36 49 706 714 732 736 749 1606 1636 1806 2456 2482 2486 
m1018 12 22 23 36 40 41 46 49 640 641 646 1112 1123 1136 1141 1146 1149 1812 1836 1840 1841 1846 1849 2041 2046 2073 2086 2090 2091 2096 2099 2322 2323 2336 2341 2349 2462 2473 2486 2496 4323 4336 4812 4836 
m632 23 30 36 40 49 1180 1199 1549 1823 1830 1836 1840 1849 2023 2030 2036 2040 2049 2473 2480 2486 2490 
m822 22 32 36 37 40 1122 1136 1137 1140 1622 1636 1637 1822 1872 1886 1890 2022 2036 
m74 36 40 41 1836 1840 1841 2036 2041 2086 2090 2091 4586 
m128 12 14 46 712 2314 2346 3146 3246 4812 
m168 46 2346 
m849 22 23 30 46 1122 1123 1130 1146 1172 1173 1180 1196 1522 1523 1530 1546 2322 2323 2330 2346 3673 4823 
m500 22 44 46 1144 1146 2222 2246 2322 2344 2346 4846 
m47 21 23 36 40 46 1171 1821 1823 1846 2021 2023 2036 2040 2046 2321 2323 2346 4346 4823 
m244 13 22 33 36 40 672 686 690 1113 1122 1133 1136 1140 1672 1686 1690 1822 2022 2036 3183 
m576 23 30 36 40 41 49 1186 1190 1199 1523 1530 1536 1540 1549 1836 1840 1849 2073 2080 2086 2090 2099 2490 3686 4336 
m404 22 23 32 36 40 46 49 1122 1123 1132 1136 1146 1149 1172 1173 1182 1186 1190 1196 1199 1622 1623 1632 1636 1640 1646 1822 1823 1832 1836 1840 1846 1849 2022 2023 2032 2036 2046 2322 2323 2332 2336 2346 2349 2472 2473 2482 2486 2490 2496 3673 3686 3696 4323 4346 
m650 14 22 40 46 722 2014 2046 2314 2322 2346 4814 
m43 22 24 1124 
m835 22 23 24 40 46 1122 1123 1124 1140 1146 1190 1222 1240 1246 2022 2023 2024 2340 3696 3723 
m191 30 38 39 40 46 49 1930 1938 1939 1946 1980 2038 2039 2046 2330 2339 2346 2488 2490 2496 4839 
m1060 14 22 23 30 40 41 46 714 746 1114 1141 1146 1164 1172 1190 1191 1196 1514 1522 1523 1530 1540 1541 1546 2014 2022 2023 2030 2040 2041 2046 2064 2096 2314 3664 
m675 23 33 44 49 1183 1194 1199 1694 1699 2494 
m360 13 46 2313 
m949 14 36 40 46 740 1814 1836 1840 1846 2014 2036 2040 2046 2314 2340 2346 3246 4314 4346 4836 
m197 22 23 30 46 1122 1123 1130 1146 1523 1530 1546 2330 2346 3696 4823 
m676 22 23 30 36 40 41 46 49 1122 1123 1130 1136 1140 1141 1146 1149 1172 1173 1186 1190 1191 1199 1522 1523 1530 1536 1541 1546 1549 1823 1840 2023 2036 2040 2072 2073 2086 2096 2099 2322 2330 2336 2340 2341 2472 2473 2486 2490 2496 3696 4823 
m758 14 22 32 732 1114 1132 
m964 22 23 36 40 41 1122 1123 1136 1140 1141 1172 1173 1822 1823 1836 1840 1841 2023 2036 2040 2041 2072 2073 3673 4341 
m1009 14 22 23 30 40 46 730 746 1114 1122 1123 1130 1146 1180 1514 1523 1530 1546 2014 2022 2023 2030 2046 2330 3223 4823 
m896 22 23 30 46 1122 1123 1130 1146 1180 1523 1530 1546 2330 2346 4823 
m250 22 36 40 41 1136 1140 1141 1836 1840 1841 2036 2041 2091 4586 
m1045 22 23 30 36 40 41 1122 1123 1130 1136 1140 1141 1180 1186 1190 1522 1536 1540 1822 1830 1836 1840 1841 2022 2023 2030 2036 2041 2080 2086 
m367 12 13 22 36 40 622 636 640 672 686 690 1112 1113 1122 1136 1140 1822 2022 2036 3162 
m846 23 30 36 41 1173 1180 1186 1191 1523 1536 1541 1823 1830 1836 1841 2073 2080 2091 3673 4323 4586 
m538 22 23 30 36 40 46 1122 1123 1130 1136 1140 1146 1180 1522 1523 1530 1536 1540 1546 1822 1823 1830 1836 1840 1846 2022 2023 2030 2036 2040 2046 2322 2323 2330 2340 4823 4846 
m13 14 33 4164 
m76 22 23 30 36 40 46 1122 1123 1130 1136 1140 1146 1172 1173 1522 1523 1530 1540 1546 1822 1823 1830 1840 1846 2022 2023 2030 2036 2040 2046 2322 2323 2330 2340 2346 3696 4823 
m205 22 44 46 1146 2244 2246 2344 2346 4846 
m361 23 36 38 40 46 1923 1936 1940 1946 2023 2036 2046 2323 3686 4836 
m623 23 36 3686 
m536 23 36 41 45 1186 1191 2273 2286 2291 3673 3686 4586 
m689 22 23 36 37 40 1122 1123 1136 1137 1140 1172 1173 1822 1823 1836 1837 1840 1872 1873 1886 1890 2022 2023 2036 2037 2040 3673 
m408 22 23 30 36 40 1122 1123 1130 1136 1140 1172 1173 1180 1186 1190 1523 1536 1540 1822 2022 2023 2036 3673 3686 4323 4336 
m206 14 22 40 46 1114 1140 1146 2014 2040 2046 2314 2346 4814 4846 
m843 40 46 48 2040 2046 2340 2346 2348 2440 2446 
m851 22 23 36 40 1122 1123 1136 1140 1173 1186 1190 1823 1836 2022 2023 2036 2040 3686 4323 
m795 14 36 40 46 1814 1836 1846 2014 2036 2040 2046 2336 2346 4314 4346 4814 
m413 22 36 37 40 46 1136 1137 1140 1146 1837 1840 1846 1890 2022 2036 2037 2040 2046 2336 2340 2346 4336 4346 4396 4837 
m510 22 37 46 1122 1137 1146 2322 2337 2346 4837 
m567 11 13 33 661 1661 4163 
m647 
m82 22 40 46 1140 1146 2022 2046 2322 2340 2346 
m967 30 36 39 40 46 1530 1539 1546 1830 1840 1846 1980 2030 2036 2039 2040 2046 2330 2339 2340 2346 4346 
m583 36 49 1836 1849 2499 
m741 22 23 30 46 1123 1130 1146 1180 1523 1530 1546 2330 4823 
m1059 14 22 23 30 40 45 46 714 746 1114 1145 1146 1164 1172 1190 1195 1196 1514 1522 1523 1530 1540 1545 1546 2014 2022 2023 2030 2040 2045 2046 2264 2296 2314 3664 
m431 22 36 38 40 1122 1136 1138 1140 1836 1838 1840 1936 1938 2036 2038 2040 
m1056 22 45 46 1145 1146 2296 
m877 5 36 38 40 46 49 286 296 1805 1836 1838 1846 1849 1905 1936 1938 1946 1949 2036 2038 2046 2049 2346 2349 2455 2486 2496 4836 
m72 14 38 40 46 49 1940 1946 1949 2014 2046 2049 2346 2464 2496 4814 
m1052 14 36 40 46 1814 1840 1846 2014 2036 2040 2046 2314 2346 4346 4814 4846 
m787 36 46 49 1849 2336 2346 2349 4836 
m1066 
m343 11 13 22 33 36 40 563 572 583 586 672 686 690 1113 1122 1133 1136 1140 1672 1686 1690 1822 2022 2036 3183 
m957 28 36 38 1438 1838 1928 1936 4328 
m562 22 23 36 40 46 49 1123 1136 1146 1149 1186 1190 1196 1840 2036 2040 2046 2340 2473 2486 2490 2496 3686 4336 4346 
m366 23 24 40 46 1190 1240 1246 2023 2024 2040 2046 2340 3696 3723 
m861 13 22 36 40 1113 1122 1136 1140 1813 1840 2013 
m193 22 23 1122 1123 1173 3673 
m856 22 30 36 1522 1536 1822 
m954 14 22 23 722 1164 1172 
m753 12 13 22 36 40 622 636 640 672 686 690 1112 1113 1122 1136 1140 1822 2022 2036 3162 
m569 7 16 36 46 386 807 2307 2316 2336 3336 
m703 22 1122 
m209 13 22 41 691 1113 1122 1141 
m691 23 24 40 46 1190 1240 1246 2023 2024 2040 2046 2324 2340 3696 3723 
m677 22 30 36 46 1136 1146 1522 1536 1546 1846 2346 
m603 22 37 46 49 1122 1137 1146 1899 2346 2349 2496 4396 4837 
m563 22 27 46 1127 1146 2327 
m493 22 37 49 1122 1137 1149 1872 1899 2472 2487 2499 
m936 22 23 30 36 49 1123 1130 1136 1149 1522 1523 1530 1822 1823 1830 1836 1849 2472 2473 2480 2486 2499 
m99 23 38 1923 
m620 38 46 1938 1946 2346 
m827 38 46 1938 1946 2346 
m378 23 24 40 46 1190 1240 1246 2023 2024 2040 2046 2323 2324 2340 3696 3723 
m568 5 36 38 286 1905 1936 
m900 22 26 38 46 1146 1322 1346 1922 1926 1946 2346 
m224 13 16 22 36 40 672 686 690 822 836 840 1113 1116 1122 1136 1140 1822 2022 2036 3166 
m425 22 23 38 41 46 1123 1172 1173 1938 1941 1946 2072 2073 2096 2322 2323 3673 4823 
m679 12 26 46 626 1312 1326 1346 2326 4812 
m761 29 46 2329 2346 
m592 5 36 45 286 295 1845 2255 2286 4336 
m733 38 45 46 49 1938 1946 1949 2288 2296 2299 2349 
m402 33 45 1695 
m931 23 30 36 41 1173 1523 1823 1830 2073 2080 3673 4323 4586 
m723 14 22 33 722 1672 4164 
m800 
m451 23 30 40 1180 1190 1523 1530 1540 2023 2030 
m159 28 36 38 46 1828 1836 1928 1936 1938 1946 2328 2336 
m254 22 23 38 1123 1138 1923 
m270 14 36 38 40 738 1838 2014 2036 2038 2040 4314 
m429 22 23 36 40 46 49 1122 1123 1136 1146 1149 1199 1849 2022 2023 2036 2046 2336 2346 2349 3686 4823 4836 
m555 22 23 30 1122 1123 1130 1173 1180 1523 3673 
m652 8 36 408 2936 4308 
m436 22 40 1122 1140 
m369 22 32 36 37 40 1122 1132 1136 1137 1140 1637 1832 1837 1840 2032 2037 
m214 14 22 36 40 46 1114 1136 1140 1146 1814 1822 1836 1840 1846 2014 2022 2036 2040 2046 2346 4346 4814 
m497 22 23 30 36 40 41 1123 1130 1172 1173 1180 1186 1190 1522 1523 1530 1536 1540 1822 1823 1830 1840 2022 2023 2030 2073 3673 
m435 22 23 36 40 41 46 49 1123 1136 1141 1836 1849 2041 2046 2073 2086 2091 2099 2322 2323 2336 2341 2349 2472 2473 2486 2491 4323 4336 4836 
m1041 23 28 36 1178 1186 1823 1828 1836 3673 
m713 6 14 23 32 36 314 332 732 1156 1164 1182 1806 1814 1832 3686 
m130 46 
m64 36 40 41 1836 1840 2036 2086 2090 2091 4586 
m1017 22 23 30 38 46 1123 1130 1146 1180 1523 1530 1546 1922 1923 1930 1938 1946 2330 4823 
m848 22 23 30 36 40 46 1122 1123 1130 1136 1140 1146 1180 1522 1523 1530 1536 1540 1546 1822 1823 1830 1836 1840 1846 2022 2023 2030 2036 2040 2046 2322 2323 2330 2340 4823 4846 
m396 
m831 12 23 30 46 1162 1196 1512 1523 1530 1546 2346 3696 4812 
m610 8 10 38 508 1908 1910 
m996 22 23 30 36 40 46 49 1122 1123 1130 1136 1140 1146 1149 1172 1173 1180 1186 1190 1199 1522 1523 1530 1536 1540 1546 1549 1823 1840 2022 2023 2030 2036 2040 2046 2322 2330 2336 2340 2346 2472 2473 2480 2486 2490 2496 3696 4823 
m161 30 36 40 46 1830 1836 1840 1846 2030 2036 2040 2046 2330 2336 2340 2346 4336 4346 4836 
m909 
m903 14 36 40 46 740 1814 1836 1840 1846 2014 2036 2040 2046 2314 2340 2346 3246 4314 4346 4836 
m22 32 33 36 1632 1633 1636 1683 1686 1833 1836 4136 4186 4333 4336 
m653 28 36 38 1438 1838 1928 1936 4328 
m916 23 36 37 40 41 1173 1186 1187 1190 1823 1873 1886 1890 2023 2036 2073 2087 3673 4323 
m27 22 30 36 38 41 46 48 1122 1138 1141 1830 1848 1930 1936 1941 1946 2080 2086 2088 2091 2096 2098 2330 2336 2348 2430 4336 
m774 14 32 38 40 41 46 738 740 741 746 1614 1638 1640 1646 1941 1946 2090 2340 2341 
m118 22 23 36 38 40 41 46 1138 1140 1146 1936 1940 1946 2022 2036 2038 2046 2072 2090 2323 4323 4836 
m321 23 30 36 40 41 49 1190 1523 1530 1540 1541 1823 1830 1836 1840 1841 1849 2073 2080 2090 2473 2480 2486 2490 2491 2499 
m1005 22 23 30 36 40 41 1122 1123 1130 1136 1140 1173 1522 1523 1536 1822 1823 1830 1836 2022 2023 2030 2036 2072 2073 2080 2086 2090 2091 3673 4323 4586 
m502 23 32 46 1196 1623 1646 2346 
m306 23 40 46 1190 2023 2040 2046 2340 2346 3696 4823 
m522 22 32 33 36 40 1122 1132 1133 1136 1140 1633 1672 1822 1832 1833 1836 1840 2022 2032 2033 2036 4136 4186 
m457 22 36 40 46 49 1822 1836 1840 1846 1849 2022 2036 2040 2046 2049 2322 2336 2340 2346 2349 2472 2486 2490 2496 4346 
m757 13 22 40 45 46 1122 1140 1145 1146 2013 2040 2046 2272 2290 2313 2346 3196 
m799 22 37 39 46 1122 1137 1139 1146 2337 2339 2346 4487 4837 4839 
m526 22 23 36 40 41 1122 1123 1136 1140 1141 1173 1822 1823 1836 2022 2023 2036 2072 2073 2086 2090 2091 3673 4323 4586 
m342 23 31 46 48 49 1196 1573 1596 2346 2423 2431 2446 2473 2481 2496 2498 
m951 10 37 46 537 546 4396 
m670 23 36 38 49 1186 1923 1936 1938 1949 2473 2486 
m558 14 38 40 738 1914 1938 1940 2014 2038 2040 
m121 22 23 30 36 40 46 1122 1123 1130 1136 1140 1146 1172 1173 1180 1186 1190 1522 1523 1530 1536 1540 1546 1823 1840 2023 2036 2040 2322 2330 2336 2340 2346 3696 4823 
m100 12 36 38 41 46 641 1841 1912 1936 1938 1941 1946 2062 2086 2091 2096 2312 2336 2341 4312 
m918 22 23 36 40 41 46 1122 1136 1140 1141 1186 1190 1191 1196 1823 1836 1840 1841 1846 2023 2036 2040 2041 2046 2072 2073 2086 2090 2091 2096 2336 2340 2341 3686 
m309 8 408 
m609 
m707 22 23 45 1123 1173 1195 3673 
m103 
m557 22 30 36 1130 1822 1830 
m112 12 22 36 37 40 41 46 612 622 636 637 640 641 646 1112 1136 1137 1140 1141 1146 1812 1837 1840 1846 1872 1886 1890 1891 2012 2022 2036 2037 2040 2041 2046 2062 2072 2086 2087 2090 2096 2312 2322 2340 2341 4837 
m470 23 30 36 41 1523 1536 1823 2073 2080 3673 4323 4586 
m765 
m720 
m448 22 23 30 36 40 46 1122 1123 1130 1136 1140 1146 1172 1173 1522 1523 1530 1540 1546 1822 1823 1830 1840 1846 2022 2023 2030 2036 2040 2046 2322 2323 2330 2336 2340 2346 3696 4823 
m36 22 23 30 36 40 41 1122 1123 1136 1140 1141 1172 1173 1186 1190 1191 1522 1523 1536 1541 1840 1841 2023 2036 2041 2072 2073 2086 2090 2091 3673 3686 4323 4336 4586 
m544 44 46 2246 2344 2346 4846 
m251 22 23 30 38 40 41 1140 1523 1530 1538 1923 1930 2022 2023 2030 2090 
m917 22 23 37 41 1123 1172 1173 1187 1191 1872 1873 2072 2073 2087 2091 3673 
m75 36 40 46 49 1840 1846 1849 2036 2040 2046 2049 2336 2340 2346 2486 2496 4336 4346 4846 
m719 14 22 36 41 46 714 736 1114 1122 1136 1141 1146 1836 2064 2072 2086 2314 2322 2336 2341 3236 4314 4586 4814 
m716 13 20 22 32 36 40 46 672 686 690 1013 1022 1032 1036 1122 1136 1140 1613 1622 1636 1822 2022 2036 2313 2320 2332 2336 2340 
m621 2 41 141 
m658 32 40 45 46 1646 2032 2045 2046 2282 2296 
m824 23 31 46 48 49 1196 1573 1596 2346 2423 2431 2446 2449 2473 2481 2496 
m486 22 23 30 36 41 46 1122 1123 1136 1141 1191 1522 1523 1536 1841 2322 2323 2330 2336 3686 
m588 28 36 1828 1836 
m137 23 30 36 41 1186 1191 1523 1536 1541 3673 3686 4586 
m978 23 32 46 1196 1623 1646 2346 
m263 22 23 36 41 1122 1123 1136 1822 1823 2072 2073 3673 4323 4586 
m1078 12 14 22 45 46 49 645 712 745 1112 1114 1146 2314 2345 2346 2464 2472 2496 3146 3246 4812 
m131 22 40 41 46 1140 1141 2022 2040 2041 2046 2072 2090 2091 2096 2341 
m651 22 23 30 36 40 45 46 1123 1130 1136 1140 1146 1180 1523 1530 1536 1546 1830 2023 2030 2036 2046 2272 2273 2280 2286 2290 2296 2330 2336 4323 4823 
m928 46 2346 
m323 23 30 46 49 1180 1523 1530 1546 2330 2346 2480 2496 4823 
m973 12 14 45 46 645 712 745 2314 2345 2346 3146 3246 4812 
m119 13 22 33 36 40 686 690 1113 1133 1136 1686 1690 1840 3183 
m798 38 46 1946 
m51 13 22 33 40 690 1113 1122 1133 1140 1690 3183 
m1002 14 46 2346 3246 4814 
m352 22 40 44 46 1140 1144 1146 2040 2046 2222 2240 2246 2322 2340 2344 2346 4846 
m418 5 13 33 655 1655 4163 
m1054 22 23 36 40 46 1122 1123 1136 1140 1146 1186 1190 1196 1822 1836 2022 2036 2040 2046 2322 3686 4346 
m284 22 23 30 36 40 45 1123 1130 1136 1145 1523 1830 2022 2023 2030 2036 2045 2273 2280 2286 4323 
m319 34 36 1734 1736 1834 1836 4236 4334 
m908 22 26 38 46 1146 1322 1346 1922 1926 1946 2346 
m779 22 23 30 40 41 1123 1130 1140 1190 1523 1530 1540 2022 2023 2030 2090 
m83 22 40 46 1146 2046 2322 2340 2346 
m395 14 26 32 46 1314 1346 1626 2314 2346 4814 
m245 23 30 36 38 46 49 1173 1180 1186 1188 1196 1199 1523 1530 1536 1538 1546 1549 1823 1830 1838 1846 1849 1923 1930 1936 1946 1949 2330 2336 2338 2346 2349 2473 2480 2486 2488 2496 4823 
m939 36 37 49 1836 1837 1849 2486 2487 2499 
m39 37 45 46 1895 2337 2345 2346 4396 
m487 22 32 36 40 1122 1132 1136 1140 1622 1636 1640 1822 1836 1840 2022 2036 4332 
m925 45 2295 
m412 22 36 40 46 49 1136 1140 1146 1149 1822 1836 1840 1846 1849 2022 2036 2040 2046 2049 2322 2336 2340 2346 2349 2472 2486 2490 2496 4346 
m590 14 23 32 36 49 723 732 736 749 1182 1199 1636 1649 1849 3686 
m1011 36 41 46 2096 2336 2341 2346 4586 4836 4846 
m2 16 23 36 40 41 46 836 840 841 1186 1190 1191 1841 2023 2036 2041 2046 2066 2073 2086 2090 2091 2096 2316 2336 2340 2341 3666 4823 
m825 22 23 30 36 40 1122 1123 1130 1136 1523 1830 2022 2023 2030 2036 4323 
m233 14 26 46 49 1314 1346 1349 2346 2464 2496 4814 
m344 22 36 37 40 46 1122 1136 1137 1140 1146 1822 1837 1846 1890 1896 2022 2036 2037 2040 2046 2322 2340 2346 4396 4837 4846 
m301 22 23 30 1122 1123 1130 1173 1522 1523 3673 
m764 22 36 40 41 1136 1141 1836 1840 2036 2086 2090 4586 
m207 28 36 38 1928 1936 1938 4328 
m67 23 30 36 49 1180 1523 1530 1549 1823 1830 1836 1849 2473 2480 2486 2499 
m1016 26 46 1346 
m938 8 13 32 33 46 49 408 413 433 446 449 682 1682 2313 2332 2333 2463 2483 2496 4163 
m79 22 23 30 46 1122 1123 1130 1146 1523 1530 1546 2330 2346 3696 4823 
m379 14 32 49 732 2464 
m410 46 
m439 14 23 30 36 40 46 730 1180 1814 1823 1830 1846 2014 2023 2030 2036 2040 2046 2314 2330 2346 3223 4346 4814 4823 
m1065 5 36 37 46 49 286 296 299 1849 1855 1886 1896 1899 2305 2336 2346 2349 4836 4837 
m841 14 38 40 46 49 1938 1940 1946 2014 2046 2049 2346 2464 2496 4814 
m895 30 46 49 2330 2349 2480 
m475 14 22 36 41 46 714 722 736 741 1822 1836 1841 2072 2314 2322 2336 2341 3236 4314 4586 4814 
m516 22 23 30 38 1123 1130 1172 1173 1188 1523 1530 3673 
m459 36 40 46 49 1836 1840 1846 1849 2036 2040 2046 2049 2336 2340 2346 2349 2486 2490 2496 4346 
m322 14 714 
m608 14 22 36 40 46 714 1114 1136 1140 1814 2014 2036 2046 3236 3246 4346 4814 
m887 23 30 36 40 41 49 1186 1190 1199 1523 1530 1536 1540 1549 1836 1840 1849 2073 2080 2086 2090 2099 2486 2490 2499 3686 4336 
m768 22 23 30 46 1122 1123 1130 1146 1180 1523 1530 1546 2330 2346 4823 
m904 22 23 30 36 40 46 1122 1123 1130 1136 1140 1146 1172 1522 1523 1530 1536 1540 1822 1823 1830 1836 1840 1846 2022 2023 2030 2036 2046 2322 2323 2330 2336 2340 3673 3686 4323 4823 
m643 12 14 22 45 46 645 712 745 1112 1114 1146 2314 2345 2346 3146 3246 4812 
m700 31 36 38 46 1588 1838 2331 2338 4331 4836 
m727 23 31 45 46 49 1195 1196 1573 1596 2295 2323 2345 2346 2473 2481 2496 
m145 6 36 40 43 336 340 1806 1836 1840 1843 2006 2036 2043 2186 2190 2843 
m334 
m91 3 22 23 36 40 41 46 172 186 190 196 1122 1136 1140 1146 1191 1822 1823 1836 1840 1841 1846 2022 2023 2036 2040 2041 2046 2323 2336 2341 2346 3686 4336 4341 4346 4823 
m923 22 23 30 36 40 46 1122 1123 1130 1136 1140 1146 1180 1522 1523 1530 1536 1540 1546 1822 1823 1830 1836 1840 1846 2022 2023 2030 2036 2040 2046 2322 2323 2330 2340 4823 4846 
m1081 22 23 30 32 40 41 1140 1182 1523 1530 1532 2022 2023 2030 2040 2072 2090 
m227 14 40 45 46 2014 2040 2046 2290 2296 2314 2346 3214 4814 
m971 22 23 30 39 46 1123 1130 1139 1146 1173 1180 1189 1196 1522 1523 1539 1546 1972 1973 1980 1989 1996 2322 2323 2330 2339 2346 3689 3696 4473 4496 4823 
m734 46 
m49 32 37 1882 
m141 14 36 38 41 46 714 1814 1836 1838 1914 1936 2064 2086 2088 2096 2314 2336 2338 3236 4314 4586 4814 
m789 
m132 22 23 30 36 40 46 1122 1123 1130 1136 1140 1146 1172 1173 1180 1186 1190 1522 1523 1530 1536 1540 1546 1823 1840 2023 2036 2040 2322 2330 2336 2340 2346 3696 4823 
m627 12 14 46 712 2314 2346 3146 3246 4812 
m490 22 23 27 41 45 1122 1123 1127 1141 1145 1195 1372 1391 2073 2095 
m983 14 22 38 46 738 1114 1146 2338 3246 
m383 13 25 38 46 675 1913 1925 1946 2313 2325 
m961 45 
m717 5 13 22 26 33 36 40 263 272 283 286 672 686 690 1113 1122 1133 1136 1140 1305 1313 1322 1333 1655 1663 1672 1683 1686 1690 1822 2022 2036 3183 
m782 22 23 30 36 38 40 41 46 1122 1123 1130 1136 1140 1146 1172 1173 1180 1186 1190 1522 1523 1530 1536 1540 1546 1823 1840 1922 1923 1930 1938 1941 1946 2023 2030 2036 2038 2040 2041 2046 2072 2073 2080 2096 2322 2330 2336 2340 2346 3696 4823 
m881 22 36 40 46 1136 1140 1146 1846 2022 2036 2040 2046 4336 4346 
m157 23 30 40 41 1180 1190 1523 1530 1540 2023 2030 2040 
m81 12 14 40 46 712 2012 2014 2046 2314 2346 3146 3246 4812 
m97 32 33 36 1632 1633 1636 1683 1686 1833 1836 4136 4186 4333 4336 
m1074 22 23 30 36 40 41 46 1122 1123 1130 1136 1141 1146 1190 1522 1523 1530 1536 1540 1546 1840 2023 2036 2040 2072 2073 2080 2086 2096 2323 2330 2340 3686 4836 
m976 
m445 36 40 41 1841 2036 2041 2086 2090 2091 
m186 22 36 40 46 49 1136 1140 1146 1836 1846 2022 2036 2040 2046 2049 2336 2346 2349 2486 2496 4336 4836 
m694 14 36 38 46 49 736 738 746 749 1814 1846 1849 1914 1936 1946 1949 2336 2338 2346 2349 2464 2486 2496 4814 
m117 23 45 1173 2273 3673 
m416 22 23 36 38 41 1122 1123 1136 1138 1141 1922 1923 1936 1938 1941 2073 3686 4586 
m1091 14 36 40 46 1814 1846 2014 2036 2040 2046 2314 2346 4346 4814 4846 
m626 22 23 24 40 45 46 1122 1145 1172 1190 1195 1222 1240 1245 1246 2022 2023 2024 2040 2045 2046 2272 2295 2322 2340 2345 3696 3723 
m820 36 41 1836 1841 2086 2091 4586 
m460 22 23 46 1122 1123 1146 1196 2323 3673 
m518 31 36 37 40 46 1587 1590 1596 1831 1837 1846 1890 1896 2340 
m511 38 46 1938 1946 
m362 2 40 46 140 146 2046 
m37 37 49 1899 2487 
m169 22 36 40 45 1122 1136 1140 1145 1836 1840 1845 2036 2040 2045 2286 2290 
m262 27 32 1382 
m232 32 36 38 40 46 1636 1638 1640 1646 1836 1838 1840 1846 2036 2046 2332 2336 2338 2340 2346 4136 4336 4346 
m981 2 13 36 38 40 41 46 113 136 138 140 141 1813 1913 1936 1940 2013 2036 2063 2086 2088 2090 2302 2313 2336 2338 2340 2341 2346 
m324 5 23 24 40 46 273 274 290 1190 1240 1246 2023 2024 2040 2046 2340 3696 3723 
m667 22 23 36 40 41 46 49 1123 1136 1140 1141 1146 1191 1822 1823 1836 1840 1841 1849 2022 2023 2036 2040 2041 2046 2072 2073 2086 2090 2091 2322 2323 2336 2340 2341 2349 2472 2473 2486 2490 2491 4323 4336 4346 4836 
m29 22 23 36 37 40 41 1122 1123 1136 1137 1140 1141 1823 1836 1873 1886 1890 2023 2036 2073 2086 2087 2090 3673 4323 4373 4586 
m990 5 22 36 38 46 49 286 296 299 1136 1138 1146 1149 1836 1846 1849 1905 1936 1946 2346 2349 2455 2486 2488 2496 4836 
m423 13 22 33 36 40 46 49 672 686 690 1113 1133 1136 1672 1686 1690 1822 2013 2022 2036 2046 2313 2322 2333 2336 2340 2349 2463 2472 2483 2486 3183 
m368 46 2346 
m190 5 45 46 2255 2296 2305 2346 
m926 37 46 49 1899 2346 2349 2487 2496 4396 4837 
m482 14 36 40 46 1814 1846 2014 2036 2040 2046 2346 4346 4814 
m525 22 23 36 40 41 1122 1123 1136 1140 1173 1822 1823 1836 2022 2023 2036 2072 2073 2086 2090 3673 4323 4586 
m705 22 30 36 40 45 46 1122 1130 1136 1140 1145 1146 1536 1540 1836 1840 2036 2040 2272 2296 2322 
m1077 15 16 37 46 1865 2315 2316 2337 2346 3315 4366 
m1024 22 36 37 40 49 1136 1137 1822 1836 1837 1840 1849 1886 2022 2036 2037 2040 2472 2486 2487 2490 2499 
m285 34 45 2284 
m852 22 23 36 40 46 1122 1123 1136 1140 1146 1172 1822 2023 2036 2046 2322 2323 2336 2340 2346 4323 4823 4836 
m478 13 22 33 36 37 40 41 683 686 690 1113 1122 1133 1136 1140 1141 1690 1813 1822 1833 1836 1840 1872 1886 1887 2013 2022 2033 2036 2040 2063 2072 2086 
m455 5 23 24 40 41 46 273 274 290 291 1190 1240 1246 2023 2024 2040 2046 2073 2074 2090 2340 3696 3723 
m537 14 22 46 714 746 1114 1146 2314 2346 3246 4814 
m878 38 46 1946 
m175 13 22 44 46 694 1113 1146 2313 2344 
m952 13 33 36 38 40 41 686 690 691 1686 1690 1691 1841 1913 1933 1936 1938 1941 2036 2041 2063 2083 2086 2090 2091 3183 
m272 46 2346 4846 
m539 37 39 46 1889 4396 4839 
m458 26 36 46 1826 1846 2326 4336 4346 
m624 22 36 41 49 1122 1136 1141 1149 1841 1849 2486 2491 4336 
m1007 23 36 40 46 49 1199 1823 1836 1846 1849 2023 2036 2040 2046 2049 2336 2346 2349 3686 4346 4823 4836 
m977 22 23 30 38 41 1141 1172 1191 1522 1523 1538 1541 1922 1923 1930 1938 1941 
m456 32 36 46 49 1632 1636 1649 1849 2332 2336 2346 2349 
m552 22 30 36 40 41 1122 1130 1136 1141 1522 1541 1840 2036 2040 2086 2090 
m281 22 23 30 36 1172 1180 1522 1822 1823 1830 
m465 27 1377 
m634 23 36 3686 
m300 13 22 36 38 40 45 1113 1136 1138 1140 1145 1813 1840 1913 1936 1940 2013 2263 2286 2288 2290 
m530 12 14 46 712 2314 2346 3146 3246 4812 
m696 22 36 37 40 1122 1136 1137 1140 1822 1872 1886 1890 2022 2036 
m1000 36 46 4836 
m859 17 22 38 46 888 1117 1138 2322 2338 4817 
m645 13 22 36 38 40 1113 1122 1136 1138 1140 1813 1840 1913 1936 1940 2013 
m35 22 46 1122 1146 
m506 13 22 33 36 40 672 686 690 1113 1122 1133 1136 1140 1672 1686 1690 1822 2022 2036 3183 
m370 23 30 36 40 41 49 1186 1190 1199 1523 1530 1536 1540 1549 1823 1836 1840 1849 2073 2080 2086 2090 2099 2490 3686 4336 
m513 30 46 2330 
m44 23 36 3686 
m1019 13 36 38 40 41 686 690 691 1841 1913 1941 2036 2041 2063 2086 2088 2090 2091 
m350 32 36 46 1636 2332 2336 2346 4332 4336 4836 
m593 13 17 45 46 49 2295 2296 2313 2317 2349 2463 2467 3363 
m421 23 36 41 46 1836 1841 1846 2073 2086 2323 2341 4323 4836 
m830 23 31 46 49 1196 1573 1596 2346 2473 2481 2496 2499 
m815 22 36 37 40 46 1122 1136 1140 1146 1822 1836 1837 1840 1846 1872 1896 2022 2036 2037 2040 2046 2322 2337 2346 4387 4396 4837 4846 
m154 36 37 40 1836 1837 1840 2036 2037 2040 
m902 21 22 23 30 36 40 46 1072 1073 1080 1090 1096 1121 1122 1123 1130 1136 1140 1146 1172 1173 1522 1523 1530 1546 1821 1822 1823 1830 1840 1846 2021 2022 2023 2030 2036 2040 2046 2321 2322 2323 2330 2340 2346 3696 4823 
m220 10 38 1910 1938 
m481 22 23 30 1172 1522 1523 
m446 5 17 41 46 255 867 891 2091 2317 2341 2346 4817 
m622 36 41 46 2096 2336 2341 2346 4586 4836 4846 
m1075 33 44 49 1694 1699 2494 
m659 37 46 49 1899 2337 2346 2349 4396 4837 4846 
m746 15 27 38 41 45 46 777 1915 1938 1941 1946 2065 2088 2096 2288 2291 2296 2315 2327 2346 
m816 22 33 36 46 49 1133 1146 1683 1686 1696 1699 1849 2333 2336 2346 2349 2486 2499 4196 
m788 22 23 30 36 40 41 1122 1123 1130 1136 1140 1141 1173 1522 1523 1536 1822 1823 1830 1836 2022 2023 2030 2036 2072 2073 2080 2086 2090 2091 3673 4323 4586 
m444 44 46 2244 2246 2344 2346 4846 
m297 22 23 36 41 1123 1822 1823 2072 2073 3673 4323 4586 
m572 36 
m282 12 32 36 38 46 1612 1646 1812 1912 1932 1936 1946 2312 2332 2336 2346 3146 4136 4346 4812 
m65 11 13 22 46 563 572 596 696 1111 1113 1122 1146 
m1082 13 38 46 1913 1938 1946 2313 
m164 13 22 36 38 40 672 686 690 1113 1122 1136 1140 1822 1913 1922 1936 2022 2036 
m598 23 30 37 39 1180 1523 1530 1537 1539 1880 1980 1987 4373 4473 
m801 30 46 49 2330 2480 2496 
m735 12 14 40 46 712 2012 2014 2046 2314 2346 3146 3246 4812 
m357 33 38 46 1688 1938 1946 2338 4196 
m854 40 46 2040 2046 2340 
m870 17 38 40 46 888 1917 1946 2017 2038 2046 2338 4817 
m229 23 36 45 46 1186 1196 1836 1846 2273 2286 2296 3686 4836 
m876 13 22 32 36 40 672 686 690 1113 1136 1140 1613 1622 1636 1640 1822 2022 2036 2040 3186 4336 
m199 37 
m532 22 23 30 36 40 46 1122 1123 1130 1136 1140 1146 1180 1523 1530 1822 1823 1830 1840 1846 2022 2023 2030 2046 2330 4823 
m432 22 23 30 36 40 45 46 1122 1123 1130 1136 1145 1146 1172 1173 1180 1186 1190 1196 1522 1523 1530 1536 1540 1545 1546 1822 1823 1830 1845 2022 2023 2030 2036 2046 2272 2273 2280 2286 2290 2296 2322 2323 2330 2336 2340 2345 3696 4346 4823 
m687 5 23 24 40 46 273 274 290 1190 1240 1246 2023 2024 2040 2046 2340 3696 3723 
m1004 22 23 37 1122 1123 1172 1173 1872 1873 3673 
m937 38 46 1938 1946 2338 2346 
