m577 30 38 46 1946 2330 
m669 36 46 49 1849 2336 2349 4336 
m389 37 40 46 49 1899 2037 2046 2049 2337 2340 2346 2349 4396 
m299 36 
m326 26 46 1346 2346 
m984 
m63 26 46 1346 2346 
m1053 22 23 30 38 41 1123 1130 1172 1173 1188 1522 1523 1530 2072 2073 2080 3673 
m891 30 44 45 1530 1544 1545 2230 2244 2245 2280 2294 2295 
m466 40 45 46 2046 2290 2296 2346 
m40 14 45 745 
m561 32 36 1832 4336 
m1006 36 1836 
m1026 13 22 36 38 40 1113 1122 1136 1138 1140 1813 1840 1913 1936 1940 2013 
m811 22 44 46 1144 1146 2222 2246 2322 2344 2346 4846 
m93 
m406 22 23 32 36 40 46 49 1122 1123 1132 1136 1146 1149 1172 1173 1182 1186 1190 1196 1199 1622 1623 1632 1636 1640 1646 1822 1823 1832 1836 1840 1846 1849 2022 2023 2032 2036 2046 2322 2323 2332 2336 2346 2349 2472 2473 2482 2486 2490 2496 3673 3686 3696 4323 4346 
m387 13 22 36 38 40 672 686 690 1113 1122 1136 1140 1822 1913 1922 1936 2022 2036 
m944 26 36 46 49 1326 1336 1346 1349 1826 1846 1849 2326 2476 2496 
m255 23 38 45 1923 2273 2288 
m222 26 38 40 46 1338 1340 1346 1946 2340 
m560 
m397 36 38 41 46 1936 1946 2336 2341 2346 4341 4836 4846 
m57 26 38 46 1338 1346 1946 2346 
m580 36 40 46 2036 2046 2336 
m101 46 
m837 12 13 22 36 40 622 636 640 672 686 690 1112 1113 1122 1136 1140 1822 2022 2036 3162 
m201 23 30 46 1180 1523 1530 1546 2330 2346 4823 
m196 
m31 5 36 38 46 286 296 1905 1936 1946 4836 
m706 28 38 1928 1938 
m325 11 13 22 36 38 40 563 572 586 588 590 1113 1136 1138 1140 1813 1840 1913 1936 1940 2013 
m1087 22 23 30 1122 1123 1130 1172 1173 1180 1522 1523 1530 3673 
m271 38 45 46 1938 1945 1946 2345 
m46 23 45 46 1195 2323 2345 4823 4846 
m208 44 46 49 2344 2349 2494 
m897 22 23 30 41 1122 1123 1130 1172 1173 1180 1522 1523 1541 2072 2073 2080 3673 
m721 13 22 45 695 1113 1122 1145 
m142 12 36 40 45 46 640 645 1845 2036 2045 2336 2340 2345 3136 4812 
m805 13 22 33 36 40 672 686 690 1113 1122 1133 1136 1140 1672 1686 1690 1822 1840 2022 3183 
m505 36 
m860 14 40 46 740 746 2014 2040 2046 2314 2340 2346 3214 3246 4814 
m111 46 
m1083 40 45 46 2040 2045 2046 2345 4846 
m894 22 23 36 40 1122 1123 1136 1140 1173 1186 1190 1822 1823 1836 1840 2022 2023 2036 2040 3673 3686 
m52 22 40 46 1146 2340 
m754 16 44 49 844 849 2494 
m979 11 13 22 33 36 40 661 1111 1113 1122 1133 1136 1140 1661 1811 1813 1833 1840 2011 2013 2033 4163 
m162 22 23 30 38 1122 1123 1130 1138 1172 1173 1188 1523 1530 1538 1922 1923 3673 
m394 23 38 45 1923 2273 2288 
m139 14 22 36 38 40 46 714 736 1114 1136 1138 1140 1146 1836 1914 1936 1940 2014 2036 2314 2336 2338 2340 3236 4314 4814 
m108 13 22 46 672 2322 4813 
m540 13 36 40 49 2013 2036 2463 2486 2490 4313 
m534 8 45 46 49 408 446 449 2258 2296 2349 
m274 14 32 36 46 746 1614 1632 1636 1646 1814 1832 1836 1846 2314 2332 2336 2346 4332 
m995 36 41 46 1841 2341 4836 
m437 22 23 30 36 40 46 1122 1123 1130 1136 1140 1146 1172 1173 1522 1523 1530 1540 1546 1822 1823 1830 1840 1846 2022 2023 2030 2036 2040 2046 2322 2323 2330 2340 2346 3696 4823 
m296 40 46 2046 
m927 22 23 30 36 40 41 46 1122 1123 1130 1136 1140 1141 1146 1191 1523 1536 1541 1546 1841 1846 2023 2030 2036 2040 2041 2046 2072 2073 2091 2341 3696 4323 
m265 22 44 46 1144 1146 2246 2322 2344 2346 4846 
m398 14 22 46 722 746 2322 2346 
m60 32 46 1632 1646 2332 2346 
m492 13 22 33 36 40 1113 1122 1133 1136 1140 1813 1833 1840 2013 2033 4163 
m965 12 40 46 2012 2046 4812 
m550 22 44 46 1122 1144 1146 2222 2246 2322 2344 2346 
m125 37 
m698 32 36 38 40 46 49 1632 1636 1649 1849 1932 1936 1946 2032 2036 2038 2046 2332 2336 2338 2340 2346 2349 
m20 13 33 36 38 40 688 1688 1813 1833 1838 2013 2033 2036 2038 4163 
m907 9 17 40 46 49 859 896 2009 2017 2046 2049 2309 2346 2459 2467 2496 3396 
m1029 36 40 41 1836 1840 1841 2036 2041 2086 2091 4336 4341 4586 
m149 3 46 2303 2346 4803 4846 
m672 22 23 30 46 1122 1123 1130 1146 1180 1523 1530 1546 2330 2346 4823 
m710 6 14 32 314 332 732 
m776 22 45 46 1145 1146 2296 
m236 12 14 33 46 712 746 2333 3133 3233 4812 
m424 23 38 45 1923 2273 2288 
m633 22 40 46 1140 1146 2046 
m674 22 23 30 36 40 46 1122 1123 1130 1136 1140 1146 1172 1173 1522 1523 1530 1540 1546 1822 1823 1830 1840 1846 2022 2023 2030 2036 2040 2046 2322 2323 2330 2340 2346 3696 4823 
m293 28 36 1828 1836 
m1085 22 23 30 1122 1123 1130 1172 1173 1180 1522 1523 1530 3673 
m946 
m354 22 44 46 1144 1146 2222 2246 2322 2344 2346 4846 
m553 36 
m98 32 36 46 1632 1636 1646 1832 1836 1846 2332 2336 2346 4332 
m66 36 40 45 1845 2036 2045 
m804 8 408 
m277 22 40 1140 
m868 22 23 30 36 40 46 49 1122 1123 1130 1136 1140 1146 1172 1173 1180 1186 1190 1196 1523 1530 1536 1540 1546 1822 1823 1830 1840 1846 2022 2023 2030 2036 2040 2046 2330 2346 2472 2473 2486 2490 3696 4336 4346 4823 
m548 14 46 746 2346 
m473 22 23 1123 1173 3673 
m818 36 40 1836 1840 2036 2040 4336 
m606 
m90 23 36 40 41 45 1186 1190 1823 1836 1840 2023 2036 2040 2073 2086 2090 2291 
m276 22 23 30 36 40 46 49 1122 1123 1130 1136 1140 1146 1149 1172 1173 1180 1186 1190 1199 1522 1523 1530 1536 1540 1546 1549 1822 1823 1830 1836 1840 1846 1849 2022 2023 2030 2036 2040 2046 2322 2330 2336 2340 2346 2472 2473 2480 2486 2496 3696 4823 
m42 26 46 1346 
m179 22 46 49 1149 2322 2346 2349 
m596 26 46 50 1326 1346 1350 2350 
m793 23 30 36 49 1180 1823 1830 1836 1849 2473 2480 2486 2499 
m54 17 46 2317 2346 4817 
m303 16 23 40 46 840 846 1190 2016 2023 2040 2046 2340 3323 3696 
m1030 13 37 38 46 1913 1937 1946 2313 2337 4363 
m1051 23 
m844 30 45 1530 2280 
m359 20 22 23 30 38 1022 1023 1030 1038 1122 1123 1130 1172 1173 1180 1188 1520 1523 1922 1923 1930 3673 
m546 14 46 746 2346 
m120 23 36 41 1186 1191 1823 1836 1841 2073 2086 2091 4341 4586 
m1015 13 22 32 36 38 40 672 686 690 1113 1122 1136 1140 1613 1622 1636 1822 1913 1922 1932 1936 2022 2036 
m4 22 23 36 40 41 46 1122 1136 1140 1146 1191 1822 1823 1836 1840 1841 1846 2022 2023 2036 2040 2041 2046 2323 2336 2341 2346 3686 4336 4341 4346 4823 
m376 38 45 1938 1945 
m419 26 32 46 1626 1646 2326 
m767 22 30 36 1136 1536 
m1031 46 48 2348 
m337 22 23 30 46 1122 1123 1130 1146 1180 1523 1530 1546 2330 2346 4823 
m9 22 23 36 40 41 1122 1123 1136 1140 1141 1172 1173 1186 1190 1191 1823 1836 1840 1841 2023 2036 2041 2072 2073 2086 2090 2091 3673 3686 4323 4336 4586 
m94 13 33 4163 
m155 22 23 30 36 40 41 46 1122 1123 1130 1136 1140 1141 1146 1191 1523 1536 1541 1546 1841 1846 2023 2030 2036 2040 2041 2046 2072 2073 2091 2341 3696 4323 
m784 22 23 30 36 40 41 46 1122 1123 1130 1136 1140 1141 1146 1180 1522 1523 1530 1536 1540 1546 1822 1823 1830 1836 1840 1841 1846 2022 2023 2030 2036 2040 2041 2046 2072 2086 2090 2322 2323 2330 2340 4823 4846 
m113 28 32 36 38 40 46 1628 1632 1636 1640 1646 1828 1832 1836 1932 1936 1940 1946 2028 2032 2036 2040 2046 2328 2332 2336 4136 4332 4836 
m637 26 40 46 1346 2026 2046 2346 
m806 13 22 36 38 40 41 1113 1136 1138 1140 1141 1813 1840 1913 1922 1936 1938 1940 1941 2013 2063 2086 2088 2090 
m863 23 36 41 49 1186 1199 1823 1836 1849 2073 2086 2099 2473 3673 4323 4586 
m498 26 46 1346 
m33 22 46 1122 1146 
m203 22 23 30 1122 1123 1130 1172 1173 1180 1522 1523 1530 3673 
m287 36 38 1936 
m472 10 45 46 2295 2296 2310 2346 
m1079 26 46 1346 
m1088 36 40 1836 1840 2036 2040 
m1020 14 22 38 738 1114 1138 1914 1922 1938 
m770 14 37 40 46 737 740 746 2037 2046 4837 
m401 14 26 32 726 1614 1626 
m336 17 45 895 2267 2295 
m225 5 13 22 33 36 40 263 272 283 286 672 686 690 1113 1122 1133 1136 1140 1672 1686 1690 1822 2022 2036 3183 
m872 13 37 4363 
m351 23 32 39 49 1173 1639 1973 2482 2489 3673 
m240 13 22 32 36 40 41 672 686 690 1122 1136 1140 1613 1622 1636 1822 2022 2036 2063 2072 2082 2086 
m95 13 38 46 688 1913 1946 2338 4813 
m880 23 36 1173 1186 1823 1836 3673 3686 4323 
m12 5 14 36 264 286 4314 
m684 22 23 30 1122 1123 1130 1172 1173 1180 1522 1523 1530 3673 
m737 22 23 30 38 41 1123 1130 1172 1173 1188 1523 1530 2072 2073 2080 3673 
m114 23 36 40 41 1191 1823 1841 2023 2036 2041 3686 4323 4336 4586 
m246 14 32 46 732 2314 2332 2346 4814 
m264 22 23 30 41 1122 1123 1130 1172 1173 1180 1191 1522 1523 1541 2072 2073 2080 3673 
m905 26 38 46 1926 1946 2326 
m8 34 46 2334 
m813 14 46 714 746 2314 2346 4814 
m335 13 36 46 49 699 1849 2313 2349 4313 4836 
m963 5 32 46 255 282 2305 2332 
m1042 32 36 46 1632 1636 1646 1832 1836 1846 2332 2346 4332 4846 
m879 30 46 2330 
m664 36 45 1845 
m744 12 33 37 46 1862 2333 2337 4162 4383 4812 
m217 23 36 40 1823 1836 1840 2023 2036 2040 3686 
m739 22 26 46 1146 1322 1346 
m992 36 38 46 1936 1938 1946 2336 2346 
m14 22 33 46 1122 1133 1146 1696 2333 2346 4196 
m392 14 22 46 722 746 2322 2346 
m991 36 37 39 40 41 46 49 1837 1839 1840 1841 1846 1849 1889 2037 2039 2046 2087 2089 2090 2096 2487 2490 2491 4396 4839 
m447 23 38 1923 1938 
m183 3 30 153 180 1503 1530 
m693 36 
m364 37 46 4837 
m994 
m838 22 23 30 36 40 41 1122 1123 1130 1136 1140 1141 1173 1180 1190 1522 1523 1530 1536 1540 1822 1823 1830 1840 2022 2023 2030 2036 2072 2073 2080 2086 2090 3673 
m390 41 
m280 40 46 2046 
m725 12 17 46 612 2312 2317 2346 3117 4812 
m655 30 46 2330 
m802 7 22 46 1107 1122 1146 2307 2346 
m105 22 23 30 38 1122 1123 1130 1172 1173 1188 1522 1523 1530 3673 
m163 22 23 30 36 40 46 49 1122 1123 1130 1136 1140 1146 1149 1172 1173 1522 1523 1530 1540 1546 1822 1823 1830 1840 1846 2022 2023 2030 2036 2040 2046 2322 2323 2330 2336 2340 2346 2349 2480 2486 2490 2496 3696 4823 
m174 13 46 2313 
m785 26 46 1346 2346 
m440 22 23 30 38 1122 1123 1130 1172 1173 1188 1522 1523 1530 3673 
m913 38 1938 
m551 32 37 1882 
m1043 22 45 46 1146 2272 2296 
m166 26 46 1326 1346 2346 
m602 13 22 36 40 672 686 690 1113 1122 1136 1140 1822 2022 2036 
m507 28 36 38 46 1928 1936 1946 2328 2336 2346 4328 4836 
m573 36 49 1849 
m1055 22 23 36 38 40 1123 1136 1138 1140 1173 1922 1923 1936 1938 1940 2023 2036 2038 3686 
m612 14 22 46 722 746 2322 2346 
m503 22 46 1122 1146 
m943 22 23 36 40 46 1122 1123 1136 1140 1146 1186 1190 1196 1822 1836 2022 2036 2040 2046 2322 3686 4346 
m136 22 45 46 1122 1145 1146 2345 
m177 21 23 46 1171 2321 2323 
m508 30 41 46 2080 2330 2341 2346 
m365 22 23 30 36 40 46 49 1122 1123 1130 1136 1140 1146 1172 1173 1180 1186 1190 1522 1523 1530 1536 1540 1546 1822 1823 1830 1840 1846 1849 2022 2023 2030 2036 2040 2046 2049 2322 2330 2336 2340 2346 2349 2472 2473 2480 2496 3696 4823 
m138 13 36 40 41 686 690 691 1841 2036 2041 2063 2086 2090 2091 
m556 23 36 40 1190 1840 3686 4336 
