m2192 12 45 645 2295 
m507 45 2295 
m2485 9 14 22 44 46 709 744 746 1109 1114 1122 1144 1146 2209 2246 2309 2322 2344 2346 4814 
m2876 48 2448 
m2398 46 
m528 22 40 41 46 1122 1140 1141 1146 2041 2046 2341 2346 
m1231 5 41 2055 
m3352 36 45 2286 
m804 12 14 22 46 622 722 1112 1114 1122 1146 2314 2322 3114 4812 
m2898 22 35 46 1135 1146 1796 
m1616 14 22 38 738 1114 1138 1914 1922 1938 
m397 13 22 32 36 40 672 686 690 1613 1622 1636 1640 1822 1840 2022 2036 2040 4336 
m2998 13 22 32 46 682 1113 1122 1132 1146 2313 2322 2332 
m3029 36 40 46 2036 2046 2336 
m989 30 45 46 2280 2296 2330 2346 
m2586 5 36 38 46 286 296 1905 1936 1946 4836 
m274 14 26 32 726 1614 1626 
m1333 32 45 46 2282 2296 2332 
m1059 36 
m1954 21 26 45 46 1321 1345 1346 2271 2321 2345 
m2699 
m1154 47 
m2163 23 32 38 46 1182 1188 1196 1923 1932 1938 1946 2332 2338 2346 3696 4823 
m3354 41 45 2291 
m2721 36 38 49 1849 1936 1949 2486 2488 2499 
m2997 32 37 1882 
m1832 45 46 2345 2346 
m2153 13 22 36 38 40 1113 1122 1136 1138 1140 1813 1840 1913 1936 1940 2013 
m2552 30 36 46 1536 1546 2330 2336 2346 4836 
m2572 13 33 36 38 40 688 1688 1813 1833 1838 2013 2033 2036 2038 4163 
m3412 34 46 1746 
m422 37 45 46 1895 2345 4837 
m175 14 32 46 732 2314 2332 2346 4814 
m1892 18 45 945 2295 
m2785 22 40 46 1140 1146 2046 
m984 37 41 46 2087 2096 4837 
m1430 45 46 2296 
m2916 22 30 39 1130 1139 1980 
m615 3 32 36 41 46 186 191 1603 1641 2303 2332 2336 2341 4136 4586 
m2588 5 32 255 1605 1632 
m1365 26 46 1326 1346 2346 
m1188 37 46 2337 2346 4837 4846 
m3124 
m733 32 36 45 46 1832 2282 2286 2296 2332 2336 2346 4836 
m933 22 44 46 1146 2222 2246 2344 2346 4846 
m1625 13 22 33 1113 1672 4163 
m651 30 38 45 46 1930 1945 1946 2280 2296 2330 
m1863 2 36 45 46 145 1845 2252 2286 2295 2302 2345 2636 4836 
m2093 12 22 23 36 41 46 49 622 623 636 641 649 1123 1136 1141 1191 1822 1823 1841 2322 2323 2336 2341 2349 2472 2473 2486 2491 3136 4323 4336 4812 
m1621 22 23 36 40 41 46 49 1123 1136 1140 1173 1186 1190 1199 1840 2022 2023 2036 2040 2041 2049 2072 2073 2086 2090 2091 2099 2322 2323 2340 2341 2473 2486 3673 3686 4323 
m1137 30 36 40 46 49 1549 1830 1836 1846 1849 2030 2036 2040 2046 2049 2330 2349 2480 2499 
m398 13 22 36 40 672 686 690 1822 1840 2022 2036 2040 4336 
m127 22 37 40 46 1137 1140 1146 1890 2022 2037 2040 2046 2337 2340 2346 4837 
m1240 37 40 41 46 2037 2046 2087 2090 2096 4837 
m2101 36 49 1849 
m3359 14 36 46 49 714 736 746 749 1814 1836 1846 1849 2314 2336 2346 2349 2464 2486 2496 3246 4814 
m1472 22 23 1122 1123 1172 
m2832 5 38 46 1905 1938 1946 2305 2338 2346 
m3108 13 33 45 2263 2283 4163 
m2556 9 36 46 459 486 496 1809 2309 2336 2346 4836 
m2884 22 23 30 36 40 41 46 1122 1123 1130 1136 1140 1141 1146 1191 1523 1536 1541 1546 1841 1846 2023 2030 2036 2040 2041 2046 2072 2073 2091 2341 3696 4323 
m2739 22 36 41 49 1122 1136 1141 1149 1822 1841 1849 2072 2086 2091 2099 2472 2486 2491 4336 
m3457 23 30 36 39 40 41 1173 1186 1189 1190 1191 1523 1536 1539 1541 1823 1973 1986 1990 1991 2023 2036 2073 2086 2089 2090 2091 3686 4336 4586 
m3166 15 22 46 772 2322 4815 
m1061 22 30 46 1130 1146 2322 2330 2346 
m1968 13 16 49 699 849 3166 
m2664 28 32 36 38 40 46 1628 1632 1636 1640 1646 1828 1832 1836 1932 1936 1940 1946 2028 2032 2036 2040 2046 2328 2332 2336 4136 4332 4836 
m781 36 40 41 1836 1840 1841 2036 2041 2086 2091 4336 4341 4586 
m2402 22 37 46 1122 1137 1146 1872 2322 2346 4387 4396 4837 
m832 45 2295 
m1669 38 45 1938 1945 2288 2295 
m2220 46 2346 
m3104 3 23 30 36 49 180 186 199 1153 1180 1199 1549 1830 1849 3686 
m1559 32 46 2332 2346 
m1034 22 44 46 1144 1146 2246 2344 2346 4846 
m948 12 13 20 22 32 36 40 49 632 682 699 1012 1013 1022 1032 1036 1040 1112 1113 1122 1132 1136 1140 1812 1813 1832 1836 1840 1849 2012 2013 2032 2036 2049 2462 2482 2486 3136 3162 3186 
m2866 23 38 45 1923 2273 2288 
m2685 32 36 46 49 1632 1636 1649 1849 2332 2336 2346 2349 
m2661 13 22 46 672 2322 4813 
m1386 5 36 46 49 255 286 1805 1836 1846 1849 2305 2336 2455 2486 2496 
m477 5 11 15 33 38 46 555 565 583 588 596 755 1655 1696 1915 1933 1946 2305 2315 4165 
m748 22 44 46 1146 2246 2344 2346 4846 
m2501 32 36 41 46 1632 1636 1641 1646 1832 1836 1841 1846 2082 2086 2091 2096 2332 2336 4586 4846 
m2783 13 37 4363 
m2727 5 7 36 46 49 286 296 299 355 386 396 1836 1849 2336 2346 2349 2486 2499 4836 
m3146 6 14 32 314 332 732 
m1840 13 22 36 40 672 686 690 1113 1122 1136 1140 1822 2022 2036 
m148 22 
m237 13 22 38 1113 1913 1922 
m1328 33 37 4383 
m3460 37 41 46 2087 2341 4837 
m1952 32 36 37 1632 1637 1882 1886 1887 4136 4332 
m10 14 37 46 49 2314 2337 2346 2496 4364 
m1042 22 23 30 36 40 41 1122 1123 1130 1136 1140 1141 1172 1173 1186 1190 1191 1522 1523 1536 1541 1840 1841 2023 2036 2041 2072 2073 2086 2090 2091 3673 3686 4323 4336 4586 
m72 13 22 44 46 694 1113 1122 1144 1146 2313 2344 
m280 22 1122 
m1210 30 41 46 2080 2330 2341 2346 
m3164 8 36 40 46 1808 1836 1840 1846 2008 2036 2040 2046 2308 2336 4336 
m535 22 36 40 46 1122 1136 1140 1822 2022 2036 2040 2322 2336 2340 4336 
m881 13 22 33 672 1672 3183 
m2601 26 32 36 38 46 1332 1336 1346 1832 1926 1932 1936 1946 2332 2336 2346 4836 
m2412 22 23 36 40 46 1122 1123 1136 1140 1146 1172 1186 1190 1196 1822 1836 2022 2036 2040 2046 2322 3686 4346 
m1082 46 2346 
m1106 36 40 48 49 1836 1840 2036 2436 2440 2449 2486 2490 4336 
m283 14 34 46 734 746 2334 
m1021 12 14 33 46 712 746 2333 3133 3233 4812 
m3257 45 46 2345 
m1720 38 46 1946 
m295 23 36 45 1186 2273 2286 2295 3673 3686 
m2124 22 36 40 41 45 1122 1136 1140 1141 1145 1822 1836 1840 1845 2022 2036 2040 2045 2072 
m3413 22 44 46 1146 2222 2244 2246 2344 2346 4846 
m924 11 45 595 
m2476 22 40 46 2046 2322 2346 
m673 23 30 46 1196 1523 1530 1546 2323 2330 2346 3696 4823 
m479 37 38 39 46 49 1899 1937 1946 1987 1988 1996 1999 2337 2346 2349 4496 4837 
m850 22 33 46 1122 1133 1146 1696 2333 2346 4196 
m631 23 28 38 1178 1188 1928 1938 
m3100 26 39 46 1339 1346 2326 2339 4839 4846 
m680 22 32 40 46 1146 2022 2032 2040 2046 2332 2346 4846 
m1032 22 23 36 40 41 46 1122 1123 1136 1140 1141 1146 1190 1191 1822 1823 1836 1840 1841 1846 2022 2023 2036 2040 2041 2046 2323 2336 2340 2341 3673 3686 4323 4336 
m1149 14 32 46 714 732 2314 2332 2346 4814 
m2559 32 37 46 1632 1637 1882 2332 2337 
m2963 45 46 2295 2296 2345 
m1268 32 36 41 46 1641 2332 2336 2341 2346 4136 4341 
m730 22 44 46 1146 2344 2346 4846 
m3419 22 46 1146 
m2755 36 45 46 1845 2336 2345 2346 4836 
m1450 14 36 40 49 749 1814 1849 2014 2036 
m66 22 23 30 1122 1123 1130 1173 1180 1522 1523 1530 
m43 9 36 45 46 486 495 496 1845 2309 2336 2345 2346 
m1645 14 46 746 2346 3246 
m138 22 44 46 1146 2246 2344 2346 4846 
m2497 22 44 46 1146 2322 2344 2346 4846 
m2938 22 23 30 1172 1522 1523 
m380 14 46 746 2346 
m1199 14 36 40 46 1814 1846 2014 2036 2040 2046 2346 4346 4814 
m1806 13 22 33 36 40 46 1113 1122 1133 1136 1140 1146 1813 1833 1840 1846 2013 2022 2033 2036 2040 2046 2313 2333 4163 
m2974 14 36 49 1814 1849 2464 
m954 12 45 46 645 2345 4812 
m2281 36 37 40 46 49 1837 1849 1899 2036 2037 2046 2049 2336 2349 4837 
m2623 5 36 44 46 49 286 296 299 1849 2205 2236 2246 2249 2346 2349 2455 2486 2494 2496 4836 
m2861 41 
m713 22 44 46 1146 2222 2244 2246 2322 2344 2346 4846 
m1177 32 36 37 46 1646 1882 1896 4136 4346 4386 
m903 9 36 1809 1836 2959 4309 4336 
m1332 5 13 14 23 33 655 705 713 1155 1163 1164 1183 1655 1664 4163 
m3130 17 32 882 1617 1632 
m2369 13 37 4363 
m2937 23 36 40 46 49 1836 1840 1846 1849 2023 2036 2040 2046 2049 2323 2336 2473 2486 2490 2496 3686 4323 4336 4836 
m3086 26 40 46 1346 2026 2046 2346 
m3109 14 46 714 746 2314 2346 4814 
m3420 46 
m2753 14 27 38 727 1914 1927 
m3401 32 1632 
m456 11 13 33 45 563 583 595 2263 2283 3183 
m1739 38 46 1946 
m1603 14 45 745 
m2416 22 44 46 1146 2344 2346 4846 
m1614 23 32 36 40 49 1182 1632 1823 1832 1849 2023 2032 2036 2049 2473 2482 
m342 26 27 46 1327 1346 2327 2346 
m2316 11 13 33 45 563 583 595 695 1695 3183 
m2824 45 2295 
m887 11 
m1600 22 23 30 1122 1123 1130 1172 1173 1180 1522 1523 1530 3673 
m2702 22 23 36 40 1123 1136 1173 1186 1190 1836 1840 2036 3673 3686 
m2191 23 30 38 46 1188 1523 1530 1538 1923 1930 1946 2323 2330 2338 2346 
m2289 38 46 1946 2346 
m566 22 44 46 1146 2222 2244 2246 2344 2346 4846 
m672 22 41 1122 1141 
m3456 22 36 45 1136 1145 1845 
m2583 30 40 46 2030 2040 2046 2330 
m646 36 46 48 49 1846 1848 1849 2336 2348 2486 2496 2498 2499 4336 
m2618 22 23 36 41 46 49 1141 1172 1191 1822 1823 1841 1846 2322 2323 2341 2472 2473 2486 2491 2496 
m2900 10 14 46 710 746 2310 2346 
m2235 22 30 45 1122 1130 1145 1545 
m796 22 30 36 40 41 46 1136 1141 1146 1541 1822 1830 1841 2022 2046 2086 2096 2336 
m1267 36 
m3443 13 33 49 2463 2483 4163 
m2262 44 46 2246 2344 2346 4846 
m1232 12 14 45 46 645 712 745 2312 2314 2345 2346 4814 
m681 22 23 30 1122 1123 1130 1172 1173 1180 1522 1523 3673 
m1867 13 22 46 1113 2313 2322 
m147 22 36 40 41 49 1136 1140 1141 1822 1836 1840 1841 2036 2072 2086 2090 2091 2472 2486 2491 4336 
m483 37 46 2337 
m2659 13 14 22 672 722 3213 
m236 6 42 4606 
m1748 23 
m2370 37 
m1096 6 36 43 336 1806 1836 1843 2186 2843 
m1978 13 22 1113 1122 
m369 14 22 722 1114 1122 
m1160 36 46 49 1849 2346 2349 4836 
m2294 28 36 1828 1836 
m8 11 13 22 45 563 572 595 695 1113 1145 
m495 46 2346 4846 
m2236 22 36 41 49 1136 1141 1149 1841 1849 2072 2086 2091 2099 2486 2491 4336 
m1743 23 36 40 41 45 1186 1190 1823 1836 1840 2023 2036 2040 2073 2086 2090 2291 
m1044 45 2295 
m1897 8 33 46 433 446 4833 
m2516 22 23 30 38 41 1123 1130 1138 1172 1173 1188 1522 1523 1530 1538 2072 2073 2080 3673 
m349 36 46 1846 2336 2346 4836 
m3181 14 22 36 40 722 736 740 1114 1122 1136 1140 1822 2022 2036 
m758 14 23 30 46 1514 1523 1546 2314 2323 2330 2346 3664 4814 4823 
m1004 23 41 46 1173 2073 2323 2341 3673 
m2249 46 
m3308 26 38 46 1926 1946 2326 
m2441 22 44 46 1146 2344 2346 4846 
m617 32 46 2332 
m2138 30 36 41 46 49 1536 1541 1841 2080 2086 2091 2096 2099 2330 2336 2341 2346 2349 2480 2486 2491 
m2034 13 22 33 36 40 690 1113 1122 1133 1136 1140 1690 1813 1833 1840 2013 2033 4163 
m1246 37 40 46 2037 2046 4396 
m750 13 32 38 46 682 1913 1932 1946 2313 2332 
m423 
m1213 8 22 23 30 46 408 422 423 430 446 1122 1123 1130 1146 1180 1523 1530 1546 2330 4823 
m570 36 38 48 1838 1848 1936 1948 2436 2438 2448 
m2562 5 14 38 45 46 705 745 1905 1914 1945 1946 2255 2305 2345 4814 
m340 22 23 41 1122 1123 1141 1172 1173 1191 3673 
m3228 22 46 1122 1146 2322 2346 
m549 36 41 1841 2086 
m2299 40 46 2046 
m2468 22 44 46 1146 2222 2246 2322 2344 2346 4846 
m3035 22 26 33 1126 1133 1676 
m2222 5 14 30 46 264 296 1505 1514 1546 2305 2314 2330 2346 4814 
m3375 32 45 46 1632 1646 2282 2296 2332 
m2305 22 45 46 1145 1146 2345 
m1553 22 40 41 46 1122 1140 1146 2022 2040 2046 2340 
m1506 12 22 37 46 1112 1137 1146 2337 4362 4812 
m1128 5 36 41 46 1805 2055 2096 2305 2336 4586 
m1876 22 40 1140 
m2118 22 41 44 46 1146 2072 2094 2096 2344 2346 4846 
m2458 36 38 46 1936 1938 1946 2336 2346 
m2219 36 37 38 46 1837 1838 1888 1938 2338 4346 4837 
m2683 13 36 40 41 686 690 691 1841 2036 2041 2063 2086 2090 2091 
m2251 26 40 45 46 1340 1346 2026 2040 2045 2046 2276 2290 2296 2340 
m182 22 36 41 1122 1136 1141 1822 2072 4586 
m449 22 23 30 1123 1130 1180 1530 
m2784 
m543 36 41 45 1845 2095 2295 4586 
m1860 36 37 40 46 1837 1846 2036 2037 2040 2046 2337 2346 4346 
m788 36 46 48 2436 2446 4836 
m2676 37 39 40 46 1890 1987 1990 2340 4396 4496 
m388 11 13 22 38 563 572 588 688 1113 1138 
m898 22 36 40 1122 1136 1140 2036 
m2246 11 13 33 563 583 3183 
m725 22 44 46 1144 1146 2246 2322 2344 2346 4846 
m3373 22 26 33 40 1126 1133 1676 2022 2026 2033 
m1566 36 40 45 46 1845 2036 2045 2046 2336 2345 4836 4846 
m82 43 
m2747 14 22 40 46 722 746 2014 2022 2046 2322 
m1712 23 30 46 1196 1523 1530 1546 2323 2330 2346 3696 4823 
m2652 13 16 38 688 838 3313 
m2538 33 46 49 1696 1699 2349 
m1683 22 23 36 40 41 1122 1123 1136 1140 1141 1172 1173 1186 1190 1191 1822 1823 1836 1840 1841 2023 2036 2041 2072 2073 2086 2090 2091 3673 3686 4323 4336 4586 
m3069 14 23 30 46 1196 1514 1523 1546 2314 2323 2330 2346 3664 4814 4823 
m2364 22 23 30 36 40 46 49 1122 1123 1130 1136 1140 1146 1172 1173 1180 1186 1190 1196 1523 1530 1536 1540 1546 1822 1823 1830 1840 1846 2022 2023 2030 2036 2040 2046 2330 2346 2472 2473 2486 2490 3696 4336 4346 4823 
m3280 9 14 36 49 709 1809 1814 1836 1849 2459 2464 2486 2499 
m2822 45 46 2295 2296 2346 
m575 22 36 40 41 1136 1141 1836 1840 2036 2086 2090 4586 
m2842 20 22 23 30 38 1023 1030 1038 1123 1130 1172 1173 1180 1188 1520 1523 1538 1922 1923 1930 1938 3673 
m1965 13 17 22 45 46 672 872 2263 2267 2295 2296 2313 2317 2322 3363 
m1873 23 45 1195 2295 
m953 26 33 37 44 46 1337 1344 1346 2233 2237 2333 2337 2344 2346 4383 
m2790 40 46 2046 
m400 33 45 1695 
m113 32 38 46 1632 1646 1932 1938 1946 2332 
m1880 22 46 1146 
m1996 37 1887 
m770 13 22 32 36 38 40 672 686 690 1113 1122 1136 1140 1613 1622 1636 1640 1822 1913 1922 1932 1936 2022 2036 
m732 22 44 46 1144 1146 2246 2322 2344 2346 4846 
m2668 22 23 30 40 41 1123 1130 1140 1180 1522 1523 1530 2022 2023 2030 2072 2090 
m2709 26 33 1676 
m2841 20 22 23 30 38 1022 1023 1030 1038 1122 1123 1130 1172 1173 1180 1188 1520 1523 1538 1922 1923 1930 3673 
m1783 13 22 44 46 694 1113 1146 2313 2344 
m1319 
m367 11 13 45 563 595 695 
m3284 22 23 30 40 46 1122 1123 1130 1140 1146 1180 1523 1530 1546 2022 2023 2030 2046 2330 2346 4823 
m3223 45 46 2295 2345 
m3219 22 30 36 40 41 46 49 1122 1130 1136 1140 1141 1146 1149 1522 1536 1546 1822 1846 2022 2030 2036 2040 2046 2049 2072 2090 2322 2472 2480 2486 2496 4346 4846 
m1325 22 44 46 1146 2344 2346 4846 
m937 22 30 38 45 46 1130 1145 1146 1922 1930 1945 1946 2280 2296 2330 
m1310 30 37 40 46 1537 1540 1546 1890 2340 4396 
m3161 7 45 2257 
m458 13 33 45 2263 2283 3183 
m904 22 23 36 1123 1136 3686 
m195 22 36 46 49 1136 1146 1149 1822 1846 2322 2336 2346 2472 2486 2496 
m3190 15 45 795 
m3270 22 33 46 1672 1696 2322 
m784 22 32 46 1132 1146 2332 
m1658 5 36 45 46 286 295 1845 2255 2286 2295 2305 2336 2345 4336 
m2233 46 
m992 37 39 46 1987 4396 4496 
m1852 32 37 46 1882 2332 2337 
m1344 22 33 44 49 1133 1144 1694 1699 2494 
m390 5 45 46 2255 2296 2305 
m3011 36 39 40 1836 1839 1840 1986 1990 2036 2039 2040 
m2958 28 36 38 46 1928 1936 1946 2328 2336 2346 4328 4836 
m378 22 37 40 46 1137 1140 1146 1890 2022 2037 2046 2322 2337 2340 2346 4396 
m806 22 23 36 38 40 1123 1136 1138 1140 1173 1922 1923 1936 1938 1940 2023 2036 2038 3686 
m2071 22 36 40 49 1149 1822 1849 2022 2036 2049 
m841 37 38 46 49 1887 1888 1899 1937 1946 2337 2338 2346 2349 4396 4837 
m1329 30 46 2330 
m1527 22 23 36 49 1123 1136 1172 1173 1186 1199 1822 1823 1849 2472 2473 2486 3673 4323 4336 
m3247 5 22 36 40 41 272 286 290 291 1105 1122 1136 1140 1141 1840 1841 2041 
m1972 22 35 46 1135 1146 2322 2335 2346 
m379 14 46 746 2346 
m3396 23 36 40 46 49 1836 1840 1846 1849 2023 2036 2040 2046 2049 2323 2336 2473 2486 2490 2496 3686 4323 4336 4836 
m2300 14 32 41 741 1614 1641 
m1760 46 2346 
m2736 5 13 22 33 655 1113 1122 1133 1655 1672 4163 
m1129 22 23 30 36 40 41 1122 1123 1130 1136 1140 1172 1180 1186 1522 1523 1536 1822 2023 2030 2036 2072 2073 2080 2086 2090 3673 4323 
m184 37 46 4396 
m1861 22 1122 
m3361 31 45 2281 
m2167 12 36 45 46 636 645 1845 2312 2336 2345 2346 4812 4836 
m957 23 30 40 41 1180 1190 1523 1530 1540 2023 2030 2040 
m1809 33 45 1695 
m3005 36 38 41 46 1838 2096 2338 4346 4586 
m2021 12 23 30 36 41 46 49 630 1180 1812 1830 1846 2062 2073 2080 2086 2096 2323 2330 2462 2473 2480 2486 2491 2496 3123 4323 4812 
m947 6 36 40 43 336 340 1806 1836 1840 1843 2006 2036 2043 2186 2190 2843 
m455 14 45 745 2264 2295 
m2313 41 46 2091 2096 2341 
m2879 14 27 36 46 48 736 746 748 1364 1386 1396 1398 1846 1848 2446 
m764 22 23 30 1122 1123 1130 1172 1173 1180 1522 1523 1530 3673 
m1322 22 45 1122 1145 2272 2295 
m2960 26 46 1346 2346 
m1323 37 46 49 1887 1899 2337 2346 2349 2487 2496 4396 4837 
m3378 46 
m2524 30 39 1980 
m538 46 
m509 23 38 45 1195 1923 1945 3673 
m2258 22 28 1422 
m1570 8 408 
m3320 22 32 36 40 46 49 1622 1646 1822 1832 1836 1840 1846 1849 2032 2036 2046 2322 2482 2486 2490 2496 4332 
m657 22 23 36 40 46 49 1172 1822 1836 1849 2022 2023 2036 2046 2049 2322 2323 2336 2349 2472 2473 2486 4323 4336 4836 
m133 46 
m1690 17 46 2317 2346 4817 
m1482 7 22 46 1107 1122 1146 2307 2346 
m1601 22 
m1097 22 46 2322 
m1245 36 46 2336 4836 4846 
m3159 14 36 40 45 736 740 745 1840 2036 2286 2290 4336 
m3120 45 46 2295 2296 
m2509 32 36 46 1632 1636 1646 1832 1836 1846 2332 2346 4332 4846 
m1484 22 40 46 1146 2340 
m2210 36 
m1582 9 13 33 38 463 483 488 688 1688 4163 
m2506 32 37 38 46 1637 1646 1932 1937 1946 2332 2337 2346 4837 
m2814 22 30 37 46 1130 1137 1146 1880 2330 4396 
m2481 18 45 2268 
m2535 14 46 714 746 2346 3246 
m532 13 38 1913 1938 
m3342 26 36 46 49 1326 1336 1346 1349 1826 1846 1849 2326 2476 2496 
m2064 22 44 46 1146 2344 2346 4846 
m50 22 36 41 1122 1136 1141 1822 2072 4586 
m3369 46 4846 
m1838 13 22 36 40 672 686 690 1113 1122 1136 1140 1822 2022 2036 
m3126 23 36 41 1823 2073 3673 4323 4586 
m1198 26 33 46 1676 1696 2326 2333 2346 
m2756 14 40 46 714 746 2014 2040 2046 2314 2340 2346 3246 4814 
m1431 23 45 46 1195 2323 2345 3673 
m20 22 23 30 46 1122 1123 1130 1146 1180 1523 1530 1546 2330 2346 4823 
m1058 22 23 30 1122 1123 1130 1173 1180 1522 1523 1530 
m2863 22 23 45 1123 1145 1172 1195 3673 
m1138 37 46 4837 
m434 30 46 1546 2330 4846 
m1290 13 22 46 1113 1122 1146 2322 4813 
m2304 22 44 46 1146 2344 2346 4846 
m1893 30 37 46 1880 2330 4837 
m1382 8 37 46 408 437 446 1858 2308 4396 
m513 17 36 46 49 1817 1846 1849 2349 2467 4817 
m3196 22 23 36 41 45 1122 1123 1136 1141 1145 1173 1186 1195 1845 2073 2095 3673 3686 4323 4586 
m1289 5 23 27 41 273 291 1355 1373 1391 2073 3673 
m1475 22 36 41 49 1122 1136 1141 1149 1822 1841 2072 2086 2091 2099 2472 2486 2491 4336 
m1148 16 32 40 44 46 832 844 1644 2016 2032 2044 2046 2316 2332 2344 
m3138 13 33 46 2313 2333 4163 
m1696 5 36 45 286 295 1845 4336 
m2991 
m323 11 45 595 
m2393 37 40 46 49 1899 2037 2046 2049 2337 2340 2346 2349 4396 
m1247 13 33 4163 
m618 13 22 38 1113 1122 1138 1913 
m2543 14 37 714 737 1887 3237 
m1492 13 22 36 49 699 1113 1122 1136 1149 1813 1849 
m3066 22 45 46 1146 2272 2296 
m156 36 38 1838 1936 1938 
m1100 36 
m1991 14 26 32 46 726 732 746 1314 1326 1332 1346 1626 1646 2326 
m2410 12 45 46 645 2345 4812 
m1607 40 46 2340 
m2527 13 33 36 49 663 683 686 699 1663 1683 1686 1699 1833 1849 2463 2483 2486 3183 
m1718 36 40 45 1845 2036 2045 
m1006 41 46 2341 
m2682 22 40 46 1122 1140 1146 2340 
m1077 22 30 36 41 1122 1130 1136 1530 1536 1541 1830 2080 4586 
m249 23 45 46 1195 1196 2296 3673 
m3261 14 23 36 40 46 1814 1823 1846 2014 2023 2036 2040 2046 2314 2323 2346 3664 4346 4814 4823 
m882 22 46 1146 
m1926 13 36 46 49 699 1849 2313 2349 4313 4836 
m1036 22 44 46 1122 1144 1146 2222 2246 2322 2344 2346 4846 
m831 38 46 1946 2338 2346 
m2036 22 23 30 36 40 41 1123 1130 1136 1140 1172 1173 1180 1186 1190 1523 1822 1823 1830 1836 1840 1841 2022 2023 2030 2036 2041 2072 2073 2086 2090 3673 4323 4336 4586 
m2342 22 44 46 1146 2246 2344 2346 4846 
m2970 22 23 30 36 41 1122 1123 1130 1136 1172 1173 1522 1523 1822 1823 1830 2072 2073 2080 3673 4586 
m3132 5 13 30 33 46 655 680 1505 1655 1680 2305 2313 2330 2333 4163 
m327 5 13 26 33 263 283 1305 1313 1333 1655 1663 1683 3183 
m2757 36 40 46 1836 2036 2046 2336 
m3031 45 46 2296 
m3083 5 22 36 38 46 49 272 286 296 299 1149 1822 1849 1905 1936 1946 2322 2346 2349 4836 
m2047 27 45 46 2277 2296 2327 4846 
m2400 5 14 26 33 45 264 276 283 726 1676 2255 2264 2276 2283 3233 
m2741 23 
m171 38 45 2288 
m872 23 32 36 40 46 48 1182 1186 1190 1196 1198 1632 1636 1646 1648 1846 1848 2032 2036 2046 2048 2446 
m2967 14 36 49 1814 1849 2464 
m1241 13 17 22 672 872 3363 
m911 37 46 1896 
m519 41 45 46 2095 2096 2345 
m416 11 45 595 
m2113 37 38 46 1888 1938 2338 4837 
m2061 32 46 48 2332 2348 2432 
m586 22 36 40 41 1136 1141 1836 1840 2036 2086 2090 4586 
m2694 37 46 4837 
m38 12 23 36 41 46 636 1823 2062 2073 2096 2336 3123 4586 4812 4823 
m754 22 44 46 1146 2222 2244 2246 2344 2346 4846 
m1390 12 45 46 645 2345 4812 
m959 10 13 22 660 663 672 1110 1113 1122 
m1007 23 40 46 49 1196 2023 2040 2046 2473 2490 2496 
m3127 11 38 46 588 596 1911 1938 1946 2338 
m3437 22 45 46 1145 1146 2345 4846 
m1293 5 46 2305 
m1413 13 22 33 36 49 1113 1133 1136 1149 1813 1833 1849 2463 2483 2486 2499 4163 
m1988 14 22 46 722 746 2322 2346 
m1477 23 30 36 49 1180 1823 1830 1836 1849 2473 2480 2486 2499 
m2889 22 23 30 36 40 41 46 1122 1123 1130 1136 1140 1141 1146 1191 1523 1536 1541 1546 1841 1846 2023 2030 2036 2040 2041 2046 2072 2341 3696 4323 
m2809 23 32 42 1182 1192 1642 
m2134 38 45 46 49 1946 2299 2345 2346 2349 
m1633 14 23 30 46 1514 1523 1546 2314 2323 2330 2346 3664 4814 4823 
m1817 44 46 49 2344 2349 2494 
m1987 13 38 663 1913 1938 
m1207 30 36 40 46 48 1830 1848 2030 2036 2046 2330 2336 2346 2348 2430 
m2202 13 37 46 1896 2313 4363 
m873 22 40 46 1146 2340 
m363 14 22 46 722 1114 1146 2322 3246 
m675 16 32 46 832 2332 4816 
m1110 37 45 46 1895 2345 4837 
m2164 29 
m1142 22 41 46 1141 1146 2341 
m769 18 46 2318 
m1056 22 37 46 1137 1146 4837 
m1124 13 22 40 46 1113 1122 1146 2013 2022 2046 2313 
m702 45 49 2295 2299 
m943 13 23 30 46 696 1163 1173 1180 1196 1513 1523 1530 1546 2313 2323 2330 2346 3196 3663 3696 4823 
m682 8 25 46 49 408 446 449 1258 1296 2349 
m3306 22 23 36 41 1122 1123 1136 1141 1173 1186 1823 2073 3673 3686 4323 4586 
m2710 21 23 46 1171 2321 2323 
m189 38 45 46 1938 1945 1946 2345 
m286 13 22 36 38 40 672 686 690 1113 1122 1136 1140 1822 1913 1922 1936 1940 2022 2036 
m289 40 45 46 49 2045 2046 2299 2345 2349 
m2943 40 46 2040 2046 
m3233 14 21 45 46 721 745 2271 2321 2345 4814 
m1168 36 38 45 48 1838 1845 1848 1936 1938 1945 1948 2295 2436 2438 2445 2448 4336 
m1109 22 30 41 46 1130 1146 1522 1546 2072 2080 2096 2322 
m407 5 46 2305 2346 4846 
m2060 32 36 41 46 1641 1646 2332 2336 2341 2346 4136 4586 
m2714 46 49 2346 2349 2496 
m1875 27 32 1382 
m1291 23 45 46 1195 2295 2345 2346 4823 
m3007 32 36 1832 4336 
m31 
m2746 14 22 1114 
m1284 23 30 37 46 1180 1880 2323 2330 2337 2346 4373 4823 4837 
m669 22 23 30 46 1122 1123 1130 1146 1180 1523 1530 1546 2330 2346 4823 
m2330 37 
m2288 37 46 2346 4396 4837 
m2091 22 32 45 46 1146 2272 2282 2295 2296 2332 2346 
m1117 22 46 1146 
m3447 26 46 2326 2346 
m2935 14 22 23 30 36 40 41 741 1123 1130 1136 1140 1141 1191 1523 1536 1540 1541 1823 1841 2023 2036 2041 2072 2073 2080 2086 2090 2091 3673 4323 
m2378 22 23 30 1123 1172 1173 1180 1522 1523 1530 3673 
m2212 22 23 36 40 41 1122 1123 1136 1140 1141 1172 1822 1823 1836 1840 1841 2022 2023 2036 2040 2041 2072 2073 2086 3686 
m955 38 40 46 49 1940 1946 1949 2046 2490 2496 
m1587 22 36 40 41 46 49 1136 1140 1141 1836 1849 2036 2049 2086 2090 2099 2322 2336 2340 2341 2349 4336 
m742 38 46 1938 1946 
m2454 14 21 46 721 746 1096 
m2062 32 36 41 46 1641 1646 2332 2336 2341 2346 4136 4586 
m650 22 23 36 40 46 49 1172 1822 1836 1849 2022 2023 2036 2040 2046 2049 2322 2323 2336 2349 2472 2473 2486 4323 4336 4836 
m1125 37 38 46 1896 1937 1946 
m999 23 36 40 1823 1836 1840 2023 2036 2040 3686 
m2002 
m1808 12 36 40 41 46 49 636 640 641 649 1836 1840 1841 2036 2041 2336 2340 2341 2349 2486 2490 2491 3136 4336 4812 
m2690 22 40 46 1140 1146 2340 
m3143 28 38 1928 1938 
m3407 46 
m980 21 
m1675 22 23 36 40 41 46 1123 1136 1140 1146 1190 1822 1823 1836 1840 1841 2023 2036 2040 2041 2046 2072 2073 2086 2096 2322 2323 2336 2340 2341 2346 3673 3686 4323 4346 4823 
m2306 18 45 945 
m687 45 46 2295 2345 2346 
m3246 14 46 714 746 2314 2346 4814 
m2207 22 36 46 49 1136 1146 1149 1849 2336 2346 2349 
m972 45 46 2296 2346 
m2877 22 23 30 36 40 41 1122 1123 1130 1136 1140 1172 1180 1186 1522 1523 1536 1822 2023 2030 2036 2072 2073 2080 2086 2090 3673 4323 
m931 3 38 153 188 1903 
m3043 22 37 41 46 1122 1137 1141 1146 1891 2341 4837 
m2789 13 37 4363 
m794 1 32 36 38 45 46 82 96 1901 1932 1936 1946 2251 2282 2286 2288 2296 2332 2586 4136 4836 
m1519 38 40 41 46 49 1941 1946 2090 2340 2341 2488 2491 2496 
m2145 36 46 49 1836 2336 2346 2349 2486 2499 4336 
m2929 22 44 46 1146 2344 2346 4846 
m1563 36 45 46 49 1846 1849 2286 2296 2299 2349 
m1035 22 44 46 1144 1146 2246 2322 2344 2346 4846 
m1465 49 
m2759 27 46 49 2327 2346 2477 2496 
m2672 22 23 30 40 41 1140 1180 1523 1530 2022 2023 2030 2072 2090 
m475 26 33 47 1333 1347 1697 
m3008 14 714 
m1565 5 45 46 2255 2296 2305 
m2643 22 32 36 37 40 1622 1636 1637 1640 1822 1840 1872 1886 1890 2022 2036 2040 4336 
m524 16 23 30 38 45 46 830 1180 1516 1523 1530 1546 1930 1945 1946 2266 2273 2280 2296 2316 2323 2330 2345 2346 3323 4823 
m2425 14 22 46 722 746 2322 2346 
m2344 5 14 46 705 2305 2314 
m2864 14 49 2464 
m1433 28 
m2743 5 13 22 33 36 40 263 272 283 286 290 672 686 690 1113 1122 1133 1136 1140 1672 1686 1690 1822 2022 2036 3183 
m193 22 23 30 36 40 46 49 1122 1123 1130 1136 1140 1146 1149 1172 1173 1180 1186 1190 1199 1522 1523 1530 1536 1540 1546 1549 1822 1823 1830 1836 1840 1846 1849 2022 2023 2030 2036 2040 2046 2322 2330 2336 2340 2346 2472 2473 2480 2486 2496 3696 4823 
m2731 22 23 36 40 41 1122 1123 1136 1140 1141 1186 1190 1836 1840 2036 2040 2072 2073 2086 2090 3686 
m1941 45 
m1702 36 45 46 1845 2345 4836 
m559 13 36 38 46 49 699 1849 1913 1936 1946 1949 2313 2349 3186 4836 
m2851 13 23 36 1186 1813 3663 
m2638 30 36 38 1530 1536 1538 1830 1836 1838 1930 1936 1938 4036 4330 
m755 36 41 46 1841 2341 4836 
m2794 40 45 46 2040 2045 2046 2345 
m207 11 13 46 563 2311 2313 
m382 14 46 746 2346 
m18 22 41 44 46 49 1146 1149 2072 2094 2096 2099 2344 2349 2494 
m260 22 30 46 1130 1146 2330 
m1229 36 40 41 1836 1840 1841 2036 2040 2041 
m2279 36 40 46 49 1849 2036 2040 2046 2049 2336 2346 2349 4336 4836 
m361 5 45 295 
m2317 8 46 2308 2346 4846 
m1493 26 46 1346 2346 
m2707 14 22 44 46 1114 1144 1146 2214 2246 2314 2322 2344 2346 3246 4846 
m304 37 40 41 46 1890 2037 2046 2087 2090 2096 2340 4396 
m1408 41 45 2091 2095 2291 2295 
m1041 22 38 46 1138 1146 1946 
m597 14 30 37 714 730 737 1880 3237 
m1262 30 46 2330 
m2500 22 44 46 1146 2322 2344 2346 4846 
m987 38 40 45 46 1938 1945 1946 2290 2340 2345 
m529 12 17 46 612 2312 2317 2346 3117 4812 
m2515 23 
m3165 32 36 1832 
m2102 14 36 40 46 740 746 1840 2014 2036 2040 2046 2336 2340 2346 3236 4346 4814 
m2773 13 45 46 2263 2295 2296 2313 2346 3196 
m2961 22 46 1146 
m2891 22 26 46 1146 1322 1326 1346 
m703 32 37 45 46 1637 1645 1895 2332 2337 2345 
m1409 14 49 2464 
m2800 16 23 40 46 840 846 1190 2016 2023 2040 2046 2340 3323 3696 
m272 9 22 46 1109 1146 2309 2346 4846 
m2850 16 23 36 46 1186 1816 2316 2323 2336 3666 
m2265 45 2295 
m655 36 46 2336 
m1219 38 46 1938 1946 
m934 36 42 4636 
m26 26 45 46 2276 2296 2326 
m1884 23 30 40 46 1190 1196 1523 1530 1540 1546 2040 2046 2340 
m1693 26 46 1346 
m3266 46 49 2346 2349 
m275 29 34 36 1484 1734 1829 1834 1836 
m2090 23 36 40 1190 1840 3686 4336 
m3200 5 13 14 33 263 283 705 713 733 3183 
m553 5 14 26 45 705 745 1305 1314 1345 2255 
m2604 5 22 1105 1122 
m1043 32 36 4332 
m2848 40 44 46 2044 2046 2344 
m2546 30 44 45 2230 2245 2280 
m2650 13 33 4163 
m2237 22 36 40 41 49 1136 1141 1822 1836 1840 1841 1849 2036 2072 2086 2090 2091 2472 2486 2491 4336 
m791 30 36 46 49 1536 1549 1849 2330 2336 2346 2349 
m939 22 44 46 1146 2344 2346 4846 
m1270 32 37 1632 1637 1882 
m2264 23 36 40 45 46 49 1190 1195 1836 1840 1845 2023 2036 2040 2045 2046 2049 2323 2336 2340 2345 2473 2486 2495 2496 3686 4323 4336 4836 
m2010 30 46 2330 2346 
m2349 27 46 49 2327 2346 2477 2496 
m2298 32 44 46 1644 1646 2344 
m1051 23 32 36 46 49 1199 1623 1636 1649 1823 1836 1846 1849 2323 2332 2336 2346 2349 3686 4332 
m3113 22 37 46 1122 1137 1146 2322 2337 2346 4837 
m1486 6 36 42 45 306 345 1845 2106 2145 2836 4306 4606 4636 
m2520 23 36 40 41 44 1186 1190 1191 1194 1840 1841 2041 2240 2241 4736 
m101 14 22 46 722 746 2322 
m842 45 49 2295 2299 
m112 13 22 36 38 40 672 686 690 1113 1122 1136 1140 1822 1913 1922 1936 2022 2036 
m3049 40 46 49 2340 2346 2490 2496 
m600 22 30 36 40 41 49 1122 1136 1140 1141 1149 1536 1540 1822 1840 1841 2022 2036 2040 2041 2080 2086 2090 2472 2486 2490 
m697 11 
m1346 23 33 44 49 1183 1194 1199 1694 1699 2494 
m3147 33 45 46 2283 2296 2333 2346 4833 4846 
m1339 13 38 46 663 696 1913 1946 
m3409 45 49 2295 2299 
m2082 
m897 36 46 49 1849 2336 2349 2486 2499 
m2571 13 36 40 46 696 1813 2013 2036 2040 2046 4346 
m2941 22 36 41 46 1822 2072 2096 2322 4586 4836 
m282 26 32 46 1626 1646 2326 
m414 9 14 709 
m3152 38 46 1946 
m3234 22 36 41 49 1122 1136 1141 1149 1849 2072 2086 2099 4336 
m2097 23 36 40 41 1173 1186 1190 1191 1823 1840 2023 2036 2073 2086 2090 3673 4323 4336 4586 
m41 
m1103 22 23 30 46 1122 1123 1130 1146 1180 1523 1530 1546 2330 2346 4823 
m3318 36 40 45 46 1840 1845 2036 2040 2045 2340 2345 4836 
m3341 45 46 2295 2296 2345 4846 
m601 44 46 49 2246 2494 2496 
m929 38 46 1946 
m122 5 37 45 46 1855 2255 2287 2296 2305 4837 
m371 18 37 46 1868 2318 4837 
m129 13 46 2313 
m2923 23 30 45 46 1173 1180 1196 2273 2296 2330 2346 4823 
m2996 5 45 295 
m478 22 37 46 1872 2322 4837 
m2275 16 44 49 844 849 2494 
m3427 13 22 45 695 1113 1145 
m2895 30 44 45 1545 2230 2245 
m1342 17 38 46 867 896 1917 1946 
m1441 14 714 
m1038 14 36 38 40 738 1838 2014 2036 2038 2040 4314 
m3076 36 40 46 49 1836 1840 1846 1849 2036 2040 2046 2336 2340 2346 2349 2486 2490 2496 4336 4346 4836 
m1922 44 46 49 2344 2349 2494 
m1549 26 46 49 1326 1346 1349 2349 
m938 22 44 46 1146 2222 2244 2246 2344 2346 4846 
m3317 14 22 46 714 722 746 2322 3246 
m1877 5 32 45 1605 1645 2255 
m421 36 45 46 1845 2336 2345 
m24 37 45 46 1895 2337 2345 2346 4396 
m2844 22 27 36 40 1122 1127 1136 1140 1390 1827 1836 1840 2027 2036 2040 
m853 12 14 46 2312 2314 2346 3212 4812 4814 
m281 14 34 46 734 746 2334 
m3044 26 46 50 1326 1346 1350 2350 
m1422 12 33 37 46 1862 2333 2337 4162 4383 4812 
m1136 26 44 46 1346 2226 2246 2326 2344 2346 
m603 41 
m3016 22 23 1122 1123 1172 
m736 8 22 36 46 1122 1146 2308 2336 2346 4308 4836 
m2698 38 45 46 1945 2338 2345 2346 
m2635 23 30 45 1180 1195 1523 1530 1545 2273 2280 2295 3673 
m126 36 40 46 49 1846 1849 2036 2046 2349 
m1697 22 46 1146 
m876 17 23 46 2317 2323 2346 3667 4817 4823 4846 
m2966 22 23 30 44 46 1130 1144 1146 1180 1523 1530 1546 2223 2230 2246 2323 2330 2344 2346 4823 4846 
m988 13 20 22 33 36 40 45 672 686 690 1013 1022 1036 1040 1045 1113 1122 1133 1136 1140 1145 1672 1686 1690 1813 1822 1833 1836 1840 2013 2022 2033 2036 2040 2263 2272 2286 2290 2295 3183 
m1943 22 36 46 49 1136 1146 1846 1849 2349 
m2321 40 45 46 2046 2290 2296 4846 
m1150 14 22 36 40 722 736 740 1114 1122 1136 1140 1822 2022 2036 
m3405 22 26 36 45 46 1126 1136 1146 1336 1345 1346 1845 2336 2345 2346 4836 
m433 22 40 46 1140 1146 2046 
m2514 13 37 4363 
m2827 11 13 22 36 38 40 563 572 586 588 590 1113 1136 1138 1140 1813 1840 1913 1936 1940 2013 
m2358 14 38 46 49 746 1914 1946 1949 2464 2496 
m430 26 45 46 1345 1346 2295 2345 
m546 12 32 46 632 2332 4812 
m2024 26 37 41 46 1337 1341 1346 1891 2341 4837 
m234 22 38 40 1140 1922 1938 1940 
m201 36 38 1936 
m2361 22 36 40 1136 1140 1840 2036 2040 
m3382 19 46 969 996 2319 2346 
m151 7 26 46 1307 1346 2307 2346 
m2346 45 
m2774 40 46 2046 
m270 13 22 33 36 40 1113 1122 1133 1136 1140 1813 1833 1840 2013 2033 4163 
m1084 
m641 22 36 37 40 46 1137 1146 1822 1837 1846 1872 2022 2036 2046 2322 2337 2346 4346 4837 
m355 22 36 40 41 1822 1836 1840 1841 2022 2036 2040 2072 2086 2090 2091 4336 4586 
m3154 13 20 22 32 36 40 46 672 686 690 1013 1022 1032 1036 1040 1122 1136 1140 1613 1622 1636 1640 1822 2022 2036 2313 2320 2322 2332 2336 2340 
m822 46 2346 
m516 23 30 46 1173 1180 1196 1523 1530 1546 2323 2330 2346 3696 4823 
m2905 14 40 46 2014 2040 2046 2314 2346 4814 4846 
m964 45 46 2295 2296 2346 
m52 29 
m1376 22 36 40 41 49 1122 1136 1140 1141 1149 1841 1849 2022 2036 2041 2049 2072 2086 2090 2091 2099 2486 2491 4336 
m2466 23 30 46 1173 1180 1196 1523 1530 1546 2323 2330 2346 3696 4823 4846 
m2826 37 40 46 2037 2046 4837 
m826 22 46 1122 1146 
m2511 22 45 46 1146 2272 2296 
m63 45 46 2295 2345 2346 
m737 22 44 46 1146 2322 2344 2346 4846 
m1885 45 
m1754 37 46 2337 2346 4837 
m1426 23 30 38 41 46 49 1173 1523 1930 1938 1946 1949 2073 2080 2323 2330 2341 2480 2491 2496 3673 
m1495 10 32 46 1610 1646 2310 
m1888 22 36 41 46 1122 1136 1141 1146 1822 1836 2072 2086 2091 2322 2336 2341 4586 
m1722 26 46 1326 1346 2326 2346 3826 
m68 36 48 1836 1848 2436 2448 
m1173 22 23 41 1122 1123 1141 1173 2072 2073 3673 
m2820 5 13 14 33 655 705 713 1655 1664 4163 
m2365 22 44 46 1146 2322 2344 2346 4846 
m1030 14 40 46 49 2014 2046 2314 2346 2464 2490 2496 4814 
m3170 22 36 41 1136 1141 1822 1841 2072 2086 2091 4336 4586 
m57 37 46 1896 2337 2346 4837 
m1850 22 23 30 1122 1123 1130 1172 1173 1180 1522 1523 1530 3673 
m1091 22 30 46 1522 1546 2322 4846 
m1347 22 37 40 45 46 1146 1872 1887 1890 1895 1896 2022 2037 2046 2287 2290 2295 2296 2322 2337 2340 2346 4396 
m3327 5 26 38 46 1305 1346 1926 1946 2305 2346 
m555 26 38 45 46 1338 1345 1346 1938 1945 2288 2338 2345 
m1894 36 38 40 45 1845 1936 1938 1940 1945 2036 2045 2286 2295 4336 
m1537 22 23 36 45 1122 1123 1136 1172 1173 1186 2272 2273 3673 
m167 45 46 2295 2296 2345 2346 4846 
m1924 13 22 1113 1122 
m338 12 36 40 41 46 636 640 641 1836 1840 1841 2036 2041 2336 2340 2341 3136 4336 4812 
m1629 36 39 42 1986 2139 4636 
m2362 13 22 38 672 1113 1138 1913 1922 
m1375 22 36 38 41 49 1136 1138 1141 1149 1822 1838 1841 1849 1922 1936 1941 2072 2086 2088 2099 2472 2486 2488 2491 4336 
m2862 22 36 40 46 48 1136 1140 1146 1848 2036 2040 2046 2336 2340 2346 2348 4336 4836 
m1396 45 2295 
m1938 22 44 46 1146 2322 2344 2346 4846 
m2939 40 46 49 2040 2046 2340 2490 2496 
m2922 22 44 46 1146 2322 2344 2346 4846 
m3254 30 32 36 40 46 1630 1640 1646 1830 1840 2030 2330 2332 2336 2340 2346 4136 
m2521 22 23 30 45 46 1122 1123 1130 1145 1146 1195 1522 1523 1530 1545 1546 2273 2280 2295 2296 2322 2330 2345 2346 3696 4823 
m459 37 46 2337 
m3060 10 21 36 46 521 536 546 1821 2321 2346 4836 
m1238 14 22 49 749 1114 1149 2464 2472 2499 
m560 22 44 46 2222 2246 2322 2344 2346 4846 
m2823 36 42 46 49 2146 2336 2486 2492 2496 4636 
m48 10 30 36 37 46 1510 1536 1546 1810 1860 1880 1886 1896 2310 2346 4836 
m2633 22 40 44 46 1146 2022 2044 2046 2344 2346 4846 
m814 5 36 46 286 296 2305 2336 2346 4836 
m995 22 36 40 41 1136 1140 1141 1836 1840 1841 2036 2040 2086 2090 2091 4586 
m2186 26 46 1346 
m803 
m1242 22 23 30 36 40 1122 1123 1130 1136 1172 1173 1180 1186 1190 1522 1523 1530 1536 1540 1822 1823 1830 1840 2022 2023 2030 3673 
m2049 36 
m3295 14 38 738 
m1632 14 23 30 46 1514 1523 1546 2314 2323 2330 2346 3664 4814 4823 
m2959 22 37 1872 
m108 23 30 40 46 1180 2023 2030 2046 2330 2346 4823 
m3286 
m2563 22 45 1145 
m1448 22 23 31 36 46 1172 1181 1186 1196 1596 1822 1846 2322 3686 4086 4331 4336 4346 
m3102 5 45 2255 2295 
m2590 22 46 1122 1146 
m1733 13 22 45 46 696 1113 1146 2263 2272 2296 
m358 27 49 1399 
m2025 5 13 33 46 263 283 296 696 2305 2313 2333 2346 3183 
m2948 32 36 44 46 1644 2236 2332 2336 2344 2346 4136 
m1172 22 23 30 41 1123 1130 1141 1522 1523 2073 2080 3673 
m2547 22 23 30 1122 1123 1130 1172 1173 1180 1522 1523 1530 3673 
m2168 5 45 295 
m230 45 46 2345 
m3064 13 22 33 36 40 672 1113 1122 1133 1136 1140 1672 1813 1822 1833 1840 2013 2022 2033 4163 
m139 12 22 23 36 41 46 49 622 623 636 641 649 1123 1136 1141 1191 1822 1823 1841 2322 2323 2336 2341 2349 2472 2473 2486 2491 3136 4323 4336 4812 
m1598 23 
m1151 22 23 32 36 40 46 49 1122 1123 1132 1136 1146 1149 1172 1173 1182 1186 1190 1196 1199 1622 1623 1632 1636 1640 1646 1822 1823 1832 1836 1840 1846 1849 2022 2023 2032 2036 2046 2049 2322 2323 2332 2336 2346 2349 2472 2473 2482 2486 2490 2496 3673 3686 3696 4323 4346 
m229 22 38 46 49 1146 1149 1922 1946 1949 2349 2472 2488 2496 
m1206 36 41 46 2341 4341 4836 
m356 13 22 33 36 38 40 1113 1122 1133 1136 1138 1140 1813 1833 1838 1840 1913 1933 2013 2033 2038 4163 
m676 5 32 36 255 282 286 1805 1832 
m2042 46 
m2252 42 45 2145 
m3462 13 22 23 32 36 40 41 672 673 686 690 691 1122 1123 1136 1140 1141 1186 1190 1191 1613 1622 1623 1636 1823 1840 1841 2023 2041 3673 
m3198 8 36 46 49 1808 1846 2308 2336 2458 2486 2496 4336 
m851 29 36 38 49 1488 1499 1829 1836 1838 1849 1936 1938 1949 2479 2486 2488 2499 
m2094 13 22 33 36 40 672 686 690 1113 1122 1133 1136 1140 1672 1686 1690 1822 2022 2036 3183 
m1214 45 46 2295 2345 
m2240 22 36 40 41 49 1122 1136 1140 1141 1149 1841 1849 2022 2036 2041 2049 2486 2491 4336 
m580 36 40 41 46 1836 1840 1841 1846 2036 2040 2041 2046 2336 2340 2341 2346 4346 4586 
m2069 22 45 46 1145 1146 2296 4846 
m2607 22 44 46 1146 2344 2346 4846 
m1680 22 40 45 46 1140 1146 2272 2290 2296 2340 
m2576 5 14 40 45 46 705 745 2005 2014 2045 2046 2255 2305 2345 4814 
m2143 46 2346 4846 
m2048 22 46 1122 1146 
m2296 22 23 37 46 1123 1137 1146 2323 2337 3687 4837 4846 
m3430 22 45 1122 1145 2272 2295 
m3155 5 13 33 655 663 683 1655 1663 1683 4163 
m28 26 32 36 41 46 49 1332 1336 1341 1346 1349 1641 1646 2332 2336 2341 2346 2482 2486 2491 2496 4136 4586 
m1251 22 27 46 1127 1146 2327 
m2720 36 
m1858 37 41 46 2087 2096 4837 
m3135 27 36 48 49 1386 1398 1399 1827 1848 1849 2486 2498 2499 4336 
m319 22 37 46 1122 1137 1146 1872 2322 4837 
m1074 22 44 46 1146 2246 2344 2346 4846 
m3179 14 714 
m2919 11 13 33 563 583 661 1661 4163 
m2995 23 32 46 1173 1182 1196 1623 1632 1646 2323 2332 2346 4823 
m866 14 27 38 727 1364 1377 1388 1914 1927 
m626 
m757 5 38 46 1905 1946 2305 
m2180 22 23 36 41 1123 1136 1141 1191 3686 4341 
m2761 12 14 23 30 41 46 641 723 730 741 1191 1512 1514 1523 1530 1541 2312 2314 2330 2341 3212 3662 4823 
m2302 26 46 1346 2346 
m1368 9 14 36 49 709 1809 1814 1836 1849 2459 2464 2486 2499 
m1185 14 40 46 2014 2040 2046 2314 2346 4814 
m2518 22 45 46 1145 1146 2296 
m1321 22 45 46 49 1146 1149 2272 2296 2299 2349 2472 2495 2496 
m2448 11 13 22 33 36 40 661 1111 1113 1122 1133 1136 1140 1661 1811 1813 1833 1840 2011 2013 2033 4163 
m2711 22 46 49 1149 2322 2346 2349 
m634 30 45 1530 2280 
m2899 22 23 30 38 1122 1123 1130 1138 1172 1173 1188 1522 1523 1530 1538 3673 
m11 18 46 918 946 2318 2346 
m2440 22 44 46 1144 1146 2246 2322 2344 2346 4846 
m944 12 36 40 45 46 640 645 1845 2036 2045 2336 2340 2345 3136 4812 
m3459 40 45 46 2040 2045 2046 2345 4846 
m2769 22 23 30 36 41 1123 1130 1136 1523 1823 1830 2072 2073 2080 3673 4323 4586 
m3142 13 37 4363 
m1414 13 46 47 696 2363 2396 
m3059 10 36 40 49 536 1810 1836 1849 2010 2036 2049 2460 2486 
m749 22 40 44 46 1146 2044 2046 2246 2344 2346 4846 
m1811 22 23 30 41 46 1122 1141 1146 1191 1523 1530 1541 1546 2073 2080 2091 2096 2322 2323 2330 2341 2346 
m1018 5 13 33 45 263 283 2255 2263 2283 3183 
m2309 12 46 612 2312 2346 4812 
m3123 38 40 45 46 1946 2038 2046 2288 2290 2296 
m1688 32 
m2311 12 46 49 2349 2462 4812 
m2375 30 46 2330 
m1872 27 32 1382 
m2954 36 
m1334 22 37 40 46 1872 2022 2037 2040 2046 2322 2337 2340 2346 4396 
m90 22 38 44 46 1122 1144 1146 1922 1944 1946 2344 2346 4846 
m3107 33 1683 
m637 14 32 714 732 
m2956 22 40 45 46 1140 1145 1146 2045 2046 2345 
m1820 23 45 1195 2273 2295 
m3136 13 36 40 45 686 1813 1840 1845 2013 2036 2045 2263 2286 4336 
m2474 22 26 33 36 49 1126 1133 1676 1822 1826 1833 1849 2472 2476 2483 
m1471 13 33 36 40 46 690 1813 1833 1840 2033 2313 2333 3183 4836 
m1569 13 33 36 40 47 686 690 697 1686 1690 1697 1840 1847 2036 2040 2047 3183 4336 
m302 36 40 45 1845 2036 2045 2286 2290 2295 
m1133 30 38 40 45 46 1930 1938 1945 1946 2030 2038 2045 2046 2280 2288 2296 2330 2338 
m2487 26 32 33 46 1332 1333 1346 1682 2332 4833 
m15 37 40 46 2037 2046 4837 
m1869 33 36 46 1686 2333 2336 2346 4833 
m2738 5 38 46 288 296 1946 
m2528 5 36 45 46 49 286 296 299 1836 1846 1849 2255 2286 2296 2299 2336 2349 
m815 22 23 30 46 1122 1123 1130 1146 1180 1523 1530 1546 2330 2346 4823 
m2836 5 26 33 45 1305 1333 1345 1655 1695 2255 
m1191 8 22 36 45 46 1108 1122 1136 1145 1146 2258 2286 2295 2296 2308 2336 2346 4308 4836 
m666 30 44 45 1530 1544 1545 2230 2244 2245 2280 2294 2295 
m2892 36 
m1912 22 44 45 46 1146 2272 2294 2296 2344 2346 4846 
m2869 22 44 46 1146 2222 2244 2246 2322 2344 2346 4846 
m136 22 44 46 1146 2322 2344 2346 4846 
m1383 23 45 1195 2273 2295 
m3092 22 23 49 1122 1123 1173 1199 2473 3673 
m3312 37 1887 
m2225 5 46 2305 
m2273 12 36 46 49 649 1849 2336 2349 3136 4812 
m511 46 
m1337 22 23 45 1172 1173 2272 2273 3673 
m1355 32 36 38 41 46 1641 1646 1932 1936 1941 1946 2332 2336 2341 2346 4136 4586 
m2686 30 36 40 46 1536 1540 1546 2036 2340 4836 
m1677 14 32 36 44 46 736 1614 2214 2232 2236 2314 2332 2336 2344 4136 4846 
m418 26 38 46 1926 1946 2326 
m2920 22 44 46 1144 1146 2222 2246 2322 2344 2346 4846 
m3264 14 22 722 1114 1122 
m503 14 20 22 720 1114 1120 
m2752 26 37 46 1337 1346 2337 2346 4837 
m3185 22 36 40 46 48 1822 2022 2036 2322 2336 2340 2436 2440 2446 
m1898 22 23 30 41 46 1122 1123 1130 1146 1180 1523 1530 1546 2072 2073 2080 2091 2096 2330 4823 
m1979 37 40 46 49 1899 2037 2046 2049 2337 2340 2346 2349 4396 
m172 13 22 45 695 1113 1145 2263 2272 2295 
m1761 14 23 30 38 730 1180 1514 1523 1530 1538 1914 1923 1930 1938 3223 
m2334 14 22 36 46 722 736 1822 2314 2322 4836 
m13 18 46 2318 2346 
m3303 46 
m345 30 46 2330 
m2478 32 1632 
m45 23 30 36 40 46 1173 1190 1196 1523 1536 1540 1546 1823 1840 2023 2046 2340 3696 4323 4346 
m1254 22 45 1122 1145 2272 
m1463 14 30 46 730 746 1530 2330 
m1989 37 46 4837 
m800 22 38 46 1146 1922 1946 
m46 36 46 2336 2346 4836 
m3336 37 
m3024 5 45 46 2255 2296 2305 
m774 5 13 22 33 36 40 655 1105 1113 1122 1133 1136 1140 1655 1805 1813 1833 1840 2013 2033 3183 
m247 32 46 1646 2332 2346 
m103 22 23 30 36 41 46 1122 1123 1130 1136 1141 1146 1172 1522 1523 1530 1536 1546 1822 1823 1830 2072 2073 2080 2096 2322 2330 2336 2346 3696 4346 4586 4823 
m871 14 40 46 2014 2046 2314 2346 4814 
m2401 40 45 2045 
m2867 23 38 45 1923 2273 2288 
m2793 45 46 2345 2346 
m1637 23 30 36 46 1173 1180 1186 1196 1523 1530 1536 1546 1823 1830 1836 1846 2323 2330 2336 2346 3696 4823 4836 
m2599 23 45 46 1195 2323 2345 4823 4846 
m317 22 37 41 46 1137 1141 1146 2087 2096 4837 
m1164 23 38 45 1923 2273 2288 
m2267 22 23 30 36 40 45 46 1122 1123 1130 1136 1140 1145 1146 1172 1173 1180 1190 1196 1522 1523 1536 1540 1545 1546 1822 1823 1830 1836 1840 1845 1846 2022 2023 2030 2036 2040 2045 2046 2272 2273 2280 2286 2290 2296 2322 2323 2330 2336 2340 2345 2346 4823 
m3348 45 46 2296 
m2807 22 37 46 1137 1146 4837 
m2068 32 1632 
m3160 14 36 40 45 736 740 745 1840 2036 2286 2290 4336 
m2360 5 26 30 37 46 1330 1337 1346 1505 1855 1880 2305 2330 2337 2346 4837 4846 
m2704 26 46 1326 1346 2346 
m2490 23 38 45 46 1195 1923 1945 1946 2323 2345 
m140 22 32 46 1122 1132 1146 2332 2346 4846 
m2648 36 49 1849 2486 2499 
m1318 32 36 1832 
m3156 5 45 46 2255 2296 2305 2345 4846 
m3171 36 38 46 48 1836 1838 1848 1936 1938 1948 2336 2338 2348 2436 2438 2448 4336 4836 
m827 22 23 36 41 46 49 1136 1146 1149 1191 1836 1841 2323 2336 2341 2473 2486 2491 2496 4323 4336 4836 
m2325 22 44 46 1144 1146 2222 2244 2246 2322 2344 2346 4846 
m688 13 22 41 691 1113 1122 1141 
m1256 32 33 40 46 1633 2032 2033 2040 2046 2332 2333 
m313 22 27 36 46 49 1127 1136 1146 1377 1386 1396 1399 1827 1849 2322 2327 2336 2346 2349 2477 2486 2496 2499 
m2043 30 38 45 46 1945 1946 2280 2296 2330 2338 2345 2346 4846 
m1703 17 38 46 896 1917 1938 1946 2317 2338 2346 3396 4817 4846 
m469 33 46 2333 2346 4833 
m2972 23 30 36 41 1523 1823 1830 2073 2080 3673 4323 4586 
m2241 36 37 40 46 48 1848 1886 1890 1896 2036 2040 2046 2048 2336 2340 2346 2348 4396 4836 
m2968 22 36 41 46 49 1136 1141 1849 2086 2099 2322 2336 2341 2349 4336 
m1423 14 32 36 46 732 736 746 1832 2332 2336 2346 3246 4836 
m833 26 46 1346 
m2482 46 2346 
m3073 22 32 36 1622 1822 4136 
m731 36 40 41 46 49 1836 1841 1846 1849 2036 2040 2041 2046 2086 2096 2099 2336 2346 2349 4346 4586 4836 
m534 22 44 45 46 1144 1145 1146 2294 2296 2344 2346 
m906 22 23 30 38 41 1122 1123 1130 1172 1173 1180 1188 1523 1538 1541 1922 1923 1930 1938 2072 2073 2080 2088 3673 
m2766 6 23 1156 1173 
m729 22 44 46 1146 2344 2346 4846 
m2651 14 22 41 46 722 2064 2072 2096 2314 2322 2341 2346 4814 
m1716 17 46 2317 2346 4817 
m1913 36 40 45 46 1845 2036 2040 2045 2046 2295 2296 2345 4346 
m753 18 45 945 
m2926 22 44 46 1146 2344 2346 4846 
m2548 22 23 30 1122 1123 1130 1172 1173 1180 1522 1523 1530 3673 
m3174 23 30 38 46 1173 1180 1188 1523 1530 1538 1923 1930 1938 2323 2330 2338 2346 3673 4823 
m1107 37 45 1895 
m864 27 28 36 46 1378 1386 1396 1828 2327 2328 2336 2346 4836 
m1581 22 36 41 1136 1141 1841 2072 2086 2091 4586 
m2386 44 46 2344 2346 
m2433 37 46 1896 
m2525 22 30 36 40 46 1136 1140 1522 1536 1540 1840 2036 2040 2322 2330 2336 2340 2346 4836 
m2579 13 38 688 1913 1938 
m2198 45 
m1221 14 22 39 40 46 740 1114 1122 1139 1140 1146 1990 1996 2014 2040 2046 2340 3246 4464 
m724 5 32 36 46 49 282 286 296 299 1649 1832 1849 2332 2336 2349 2486 4136 4336 
m3191 15 45 795 
m1591 22 36 41 46 48 1136 1141 1848 2086 2098 2322 2336 2341 2348 4336 
m3240 14 45 2264 
m1904 36 41 44 1841 2086 2091 2094 2236 2241 2244 
m2573 46 
m3051 46 2346 
m593 36 
m37 22 30 45 1122 1130 1145 1522 2272 2280 
m438 14 46 714 746 2314 2346 3246 4814 
m1381 37 46 2337 
m1184 30 40 45 46 2030 2040 2045 2046 2280 2290 2296 2330 2340 2346 
m191 14 30 46 730 2330 4814 
m2498 22 44 46 1146 2322 2344 2346 4846 
m2319 13 22 33 36 40 672 686 690 1113 1122 1133 1136 1140 1672 1686 1690 1822 1840 2022 3183 
m2447 40 46 2046 2346 
m2671 22 23 36 41 46 49 1141 1172 1191 1822 1823 1841 1846 2322 2323 2341 2472 2473 2486 2491 2496 
m2332 36 48 1836 1848 2436 2448 4336 
m2693 45 46 2345 
m472 22 36 41 49 1141 1849 2086 2091 2099 4336 
m1713 14 36 49 736 749 1849 2486 2499 4336 
m674 22 44 45 46 1146 2272 2294 2296 2344 2346 4846 
m2764 16 36 46 49 1816 1846 2316 2346 2486 2496 
m1257 14 22 36 1114 1136 4314 
m372 13 36 40 49 2013 2036 2463 2486 2490 4313 
m3272 27 45 46 2277 2296 2327 2346 
m2598 14 45 745 
m2655 46 
m3208 46 
m1225 22 23 30 39 41 1123 1130 1139 1141 1523 1973 1980 1991 2073 2080 3673 4473 
m2934 10 45 46 2295 2296 2310 2346 
m2512 22 45 46 1145 1146 2296 
m1212 5 13 33 46 263 283 2305 2313 2333 4163 
m1403 5 13 22 255 263 272 1105 1113 1122 
m1286 4 42 45 2254 2292 2742 
m3322 30 36 46 1830 2330 2336 2346 4336 
m1315 22 26 44 46 1146 1322 1344 1346 2344 2346 4846 
m99 13 33 45 1695 2263 4163 
m88 22 46 1146 2322 2346 
m3429 37 45 1895 
m1158 3 30 45 46 180 195 2280 2296 2330 2345 2346 2696 4803 
m190 23 26 46 1176 1346 3696 4846 
m609 13 22 36 38 40 41 1113 1136 1138 1140 1141 1813 1840 1913 1922 1936 1938 1940 1941 2013 2063 2086 2088 2090 
m2127 33 38 41 46 1691 1933 1941 1946 2341 4833 
m2080 46 2346 
m463 5 13 14 33 263 283 705 713 733 4163 
m3129 22 36 40 46 48 1136 1140 1146 1822 1836 1840 1846 2022 2036 2040 2046 2048 2322 2336 2340 2346 2348 2422 2436 2440 2446 4346 4836 
m1048 6 23 36 46 1156 1186 2306 2323 2336 4306 
m862 37 38 46 1888 2338 4396 
m2828 33 45 1695 2283 2295 
m1028 45 49 2295 2299 
m3451 23 46 1173 1196 3696 
m901 45 46 2295 2296 
m3358 37 40 45 46 1890 2287 2290 2296 2340 4396 
m782 13 37 38 46 1913 1937 1946 2313 2337 4363 
m2193 22 36 40 1122 1136 1140 1822 2022 2036 
m1367 9 14 22 36 49 709 1109 1114 1136 1149 1809 1814 1836 1849 2459 2464 2486 2499 
m1613 13 22 30 47 680 697 1113 1122 1130 1147 2380 
m3310 22 45 1145 
m1866 11 13 14 37 563 564 587 737 1863 1864 3213 4363 4387 
m2566 22 36 40 41 1122 1136 1140 1141 1836 1840 1841 2036 2040 2086 2090 2091 4586 
m3305 13 14 22 46 672 722 1113 1114 2313 2322 3213 4814 
m902 7 45 46 2257 2295 2296 2307 2346 
m1081 14 714 
m3215 22 36 40 46 1122 1136 1140 1146 1840 2040 2336 2340 
m1119 5 23 36 45 286 295 1155 1186 1195 1845 4336 
m2206 12 23 36 46 49 636 649 1199 1849 2336 2349 3123 3686 4812 4823 
m525 22 38 45 46 1145 1146 1922 1945 1946 2345 
m399 5 37 46 1855 2305 4837 
m2142 14 22 23 46 1114 1123 1146 1196 2314 3664 
m506 32 36 41 46 1636 1641 1841 2332 2336 2341 4136 4336 4341 4836 4846 
m2384 22 23 30 41 1122 1123 1130 1172 1173 1180 1522 1523 1541 2072 2073 2080 3673 
m1626 46 48 2348 
m2085 22 44 46 1144 1146 2246 2344 2346 4846 
m163 14 22 32 36 39 40 41 49 722 1614 1622 1639 1641 1814 1822 1832 1836 1839 1841 1849 1972 2014 2036 2041 2049 2064 2072 2082 2089 2091 2482 2486 2491 4464 4586 
m761 34 38 46 1734 1934 2334 2338 2346 
m2122 36 40 46 1836 1840 1846 2036 2040 2046 2336 2340 2346 4336 4346 
m436 13 33 40 46 2013 2033 2046 2313 2333 4163 
m2530 22 30 36 40 41 46 1122 1130 1136 1140 1141 1146 1536 1540 1546 1846 2022 2030 2036 2040 2046 2072 2090 2340 4346 4846 
m1303 6 43 4656 
m635 22 36 41 49 1136 1141 1822 1849 2072 2086 2091 2099 2472 2486 4336 
m1735 11 
m1670 5 23 37 46 49 299 1155 1173 1199 1855 1873 1899 2305 2323 2349 4837 
m1067 22 23 30 1123 1173 1522 1523 3673 
m2560 22 23 1122 1123 1173 3673 
m1741 6 42 46 346 2146 2842 
m1400 8 
m2373 22 36 40 41 1122 1136 1140 1141 1822 1836 1840 1841 2022 2036 2041 2072 2086 2090 2091 
m1802 46 
m153 22 36 49 1149 1822 1836 1849 2472 2486 2499 
m608 8 408 
m1822 16 22 44 49 844 849 1116 1144 2494 
m844 5 14 36 264 286 4314 
m518 46 
m563 5 45 46 2255 2296 2305 
m900 13 22 33 36 40 1113 1133 1136 1140 1813 1833 1840 2013 2033 4163 
m3056 23 30 46 1180 2330 2346 4823 
m1237 5 22 30 37 46 272 280 287 296 1522 1537 1855 1872 1880 1887 1896 2305 2322 2330 2337 2346 4387 4837 
m2613 32 46 1632 1646 2332 2346 
m540 26 45 46 1345 1346 2345 
m1744 22 44 46 1146 2344 2346 4846 
m1795 13 22 26 33 36 40 672 686 690 1113 1122 1133 1136 1140 1313 1322 1333 1336 1340 1663 1672 1683 1686 1690 1822 2022 2036 3183 
m490 32 36 46 49 1849 2332 2336 2346 2349 2482 4332 
m1907 32 36 38 41 46 1641 1646 1932 1936 1941 1946 2332 2336 2341 2346 4136 4586 
m232 5 14 32 705 1605 1614 
m668 23 30 45 46 1195 1523 1545 1546 2323 2330 2345 2346 3696 4823 4846 
m1353 22 37 40 46 1140 1146 1872 1890 2340 4396 
m3121 36 38 40 45 1838 1936 1938 1940 2036 2038 2288 
m135 23 30 46 1180 1523 1530 1546 2330 2346 4823 
m629 13 22 46 1113 1122 1146 2313 2322 2346 
m2084 14 22 36 46 49 722 736 749 1814 1822 1849 2322 2336 2349 2472 4336 4814 
m928 30 37 46 1530 1537 1546 1880 2330 2337 2346 
m1277 22 37 40 46 1137 1146 2022 2037 2046 2337 2346 4837 
m1065 22 37 45 49 1122 1137 1145 1149 1899 2287 2299 
m2491 14 30 46 730 746 2330 
m2292 18 23 36 923 936 1186 1836 3686 
m65 26 34 38 46 1326 1334 1346 1734 1926 1938 1946 2334 2346 
m3323 44 46 2246 2344 2346 
m2818 26 37 46 1876 2326 2337 
m2662 45 46 2345 
m1710 22 36 40 46 1122 1136 1140 1146 1840 2036 2040 2336 2340 
m915 17 46 2317 2346 4817 
m1956 14 32 36 49 714 732 736 749 1636 1649 1849 2482 2486 2499 
m2379 21 1071 
m1665 22 26 44 46 1146 1322 1326 1344 1346 2344 2346 4846 
m3353 22 37 40 46 1872 2037 2046 2322 2337 2346 4837 
m577 23 46 2323 2346 3696 4823 4846 
m930 22 38 46 1146 1922 1946 
m830 15 16 37 46 1865 2315 2316 2337 2346 3315 4366 
m1023 37 45 46 1895 2337 2345 2346 
m1848 22 44 46 1146 2322 2344 2346 4846 
m679 30 45 46 2280 2295 2296 2330 2346 
m694 14 40 740 
m1737 22 36 37 46 49 1136 1137 1146 1149 1846 1849 1886 1899 2349 4396 
m2213 14 22 36 40 46 722 740 746 1140 1146 1822 1840 2014 2036 2040 2046 2322 2336 2340 2346 3236 4346 4814 
m2171 5 37 46 1855 2305 2337 2346 
m712 22 44 46 1146 2246 2344 2346 4846 
m1102 17 45 895 2267 2295 
m2150 22 37 40 46 1137 1140 1146 1890 2037 2040 2046 2337 2340 2346 4396 
m2615 16 45 46 845 2345 4816 
m1294 5 15 38 40 46 755 1905 1915 1938 1940 1946 2005 2015 2038 2040 2046 2305 2315 2346 4815 
m717 13 20 22 33 36 37 40 672 686 690 1013 1020 1022 1033 1036 1040 1120 1122 1136 1140 1672 1686 1690 1813 1820 1822 1836 1840 1870 1872 1886 1890 2013 2020 2022 2036 3183 
m2644 14 22 23 36 723 1114 1123 1136 1186 3236 
m3259 13 22 38 1113 1138 1913 
m391 22 23 30 1123 1130 1172 1173 1180 1523 3673 
m3058 26 33 45 1333 1345 1695 
m1193 45 46 2296 
m2247 22 36 41 49 1136 1141 1822 1841 1849 2072 2086 2091 2099 2472 2486 2491 4336 
m2261 23 36 40 45 46 49 1190 1195 1836 1840 1845 2036 2045 2323 2336 2340 2345 2473 2486 2495 2496 3686 4323 4336 4836 
m1033 5 23 45 46 1155 2255 2273 2305 2345 2346 4823 
m1481 22 23 36 40 41 46 1122 1123 1136 1140 1186 1190 1836 1840 2036 2040 2072 2073 2086 2090 2322 2323 2336 2340 2341 3686 
m3331 9 36 46 49 459 486 496 499 1809 1846 1849 2309 2336 2346 2349 2459 2486 2496 2499 4336 
m213 32 45 1645 
m3277 23 36 41 49 1186 1199 1823 1836 1849 2073 2086 2099 2473 3673 4323 4586 
m2582 14 39 40 46 740 1990 1996 2014 2039 2040 2046 2340 4464 4814 
m2819 26 36 46 1826 2326 2336 2346 4346 
m1841 23 30 45 46 1195 1523 1545 1546 2295 2345 4823 
m447 2 45 46 2252 2296 2302 
m132 5 36 37 38 45 46 286 295 1845 1855 1886 1895 1936 1937 1938 1946 2305 2336 2337 4336 
m1588 22 36 40 41 46 48 1136 1140 1141 1148 1836 1848 2036 2048 2086 2090 2098 2322 2336 2340 2341 2348 4336 
m2798 22 37 46 1872 2322 4396 
m2816 23 30 36 1180 1530 1823 1830 
m2244 13 22 1113 
m2286 14 36 49 749 1814 1849 
m1101 23 30 46 1180 1523 1530 1546 2330 2346 4823 
m2388 26 37 46 49 1337 1346 1349 1899 2337 2349 2487 2499 4387 
m2616 46 2346 4846 
m963 14 22 36 40 46 722 1814 1822 1836 1840 1846 2014 2022 2036 2040 2046 2314 2322 2340 2346 3246 4314 4346 4836 
m2502 11 13 33 563 583 4163 
m498 3 45 195 2295 
m1561 13 38 46 1913 1946 4813 
m409 36 42 4636 
m1644 13 22 36 45 46 672 1822 2263 2272 2286 2296 2313 2322 2336 4313 
m2669 23 36 41 1186 1191 1823 1836 1841 2073 2086 2091 4341 4586 
m2086 22 44 46 1122 1144 1146 2222 2246 2322 2344 2346 
m2779 13 33 45 695 1695 4163 
m567 23 30 40 45 46 1173 1180 1523 2023 2030 2046 2273 2280 2290 2296 2323 2330 3673 4823 
m1126 46 4846 
m1558 22 23 30 1122 1123 1130 1172 1173 1180 1522 1523 1530 3673 
m1957 33 36 45 46 1686 1695 1845 2333 2345 4836 
m111 22 23 30 36 40 46 49 1122 1123 1130 1136 1140 1146 1149 1172 1173 1522 1523 1530 1540 1546 1822 1823 1830 1840 1846 2022 2023 2030 2036 2040 2046 2322 2323 2330 2336 2340 2346 2349 2480 2486 2490 2496 3696 4823 
m1116 22 23 30 36 40 46 49 1122 1123 1130 1136 1140 1146 1172 1173 1180 1186 1190 1522 1523 1530 1536 1540 1546 1822 1823 1830 1840 1846 1849 2022 2023 2030 2036 2040 2046 2049 2322 2323 2330 2336 2340 2346 2349 2472 2473 2480 2496 3696 4823 
m2333 45 
m1428 23 45 46 1195 2323 2345 3673 
m1948 22 36 45 1136 1145 1845 
m1789 23 36 40 41 1186 1190 1191 1840 1841 2036 2040 2041 
m3319 23 36 41 1186 2073 3673 4323 4586 
m2074 5 32 33 46 283 296 1605 1633 1646 2333 
m3418 22 45 46 1145 2322 2345 
m1144 26 32 33 37 1333 1626 1633 1637 1876 1883 
m888 27 32 38 46 1382 1388 1396 1638 1646 1946 
m1753 5 22 44 46 272 294 296 1144 1146 2246 2305 2322 2344 2346 4846 
m2307 38 41 46 1941 1946 2341 
m2045 23 30 38 45 46 1180 1923 1930 1946 2273 2280 2288 2296 2330 2346 4823 
m2170 5 32 36 1605 1636 1805 
m2918 22 36 46 1822 1846 2322 4846 
m1388 5 45 295 
m39 12 23 36 41 46 636 1823 2062 2073 2096 2336 3123 4586 4812 4823 
m299 23 38 1923 1938 
m1949 5 45 46 2255 2305 2345 
m239 45 
m27 26 46 1346 
m3169 20 23 1020 1023 1170 
m846 14 33 4164 
m2203 18 46 2318 
m2322 23 30 38 46 1180 1923 1930 1946 2330 4823 
m2382 22 23 36 40 46 49 1172 1822 1823 1836 1840 1849 2022 2023 2036 2040 2046 2049 2322 2323 2336 2349 2473 2486 3686 4336 4346 4836 
m1283 41 2091 
m202 3 38 45 195 1903 1938 1945 
m1627 44 46 2344 2346 
m110 22 37 40 46 1137 1140 1146 1890 2022 2037 2040 2046 2337 2340 2346 4837 
